-39652.18578
-39596.03472
-39586.71148
-39566.11772
-39525.46991
-39514.60487
-39471.52401
-39443.77448
-39417.26641
-39405.62835
-39239.35782
-39235.00306
-39202.36924
-39195.94957
-39184.43239
-39176.73913
-39175.88078
-39170.54483
-39155.14922
-39114.03003
-39052.17194
-39042.06671
-39038.28655
-38952.27901
-38942.92635
-38806.6462
-38801.15142
-38778.01173
-38776.49156
-38770.24429
-38750.37273
-38732.25491
-38722.89988
-38698.45349
-38690.06334
-38682.97043
-38676.49495
-38676.14451
-38638.54439
-38580.92485
-38576.42932
-38521.79612
-38513.16056
-38500.06833
-38439.53182
-38428.31294
-38427.61125
-38420.87178
-38397.67465
-38394.68772
-38376.74279
-38368.40721
-38355.48708
-38279.57742
-38240.46709
-38209.89091
-37988.90461
-37980.45509
-37944.37857
-37917.57758
-37892.62167
-37859.51535
-37801.6001
-37794.06441
-37786.34121
-37752.09938
-37725.55691
-37713.42135
-37685.53346
-37658.00309
-37639.72854
-37627.27059
-37621.17842
-37619.06896
-37615.06183
-37602.41196
-37585.41713
-37529.75301
-37511.63294
-37484.60462
-37452.7686
-37402.50177
-37387.93914
-37372.55874
-37368.64424
-37340.91911
-37337.63176
-37332.77017
-37320.78953
-37304.16619
-37282.66839
-37240.84916
-37173.35375
-37170.80945
-37154.17288
-37111.80023
-37067.61477
-37023.66096
-37008.607
-36988.31041
-36968.99029
-36958.44966
-36953.6587
-36910.43102
-36910.24394
-36850.28011
-36783.88389
-36682.48712
-36681.41982
-36669.6732
-36620.52685
-36589.01102
-36581.0609
-36554.5478
-36550.55213
-36520.9093
-36508.16984
-36469.33449
-36442.83612
-36414.47528
-36379.63715
-36267.14962
-36232.89462
-36232.11517
-36190.83698
-36088.75523
-36086.47339
-36027.04085
-35921.13769
-35913.96672
-35882.7081
-35874.71665
-35863.16334
-35850.76438
-35811.19272
-35757.58835
-35702.7902
-35674.82492
-35629.51178
-35583.77487
-35543.57228
-35519.54913
-35511.84628
-35490.80451
-35482.30814
-35482.30469
-35420.98412
-35392.42473
-35324.44615
-35245.26695
-35221.43186
-35215.80577
-35191.69072
-35178.57346
-34996.0418
-34968.82813
-34912.44861
-34909.27322
-34898.89463
-34898.29811
-34864.35659
-34843.55476
-34804.2604
-34775.61025
-34766.30238
-34765.98476
-34692.81448
-34690.30698
-34689.79731
-34656.03928
-34635.74037
-34553.98746
-34494.62551
-34339.16845
-34295.56551
-34277.52864
-34274.34058
-34261.5812
-34213.83746
-34211.28367
-34199.09106
-34196.82694
-34184.16795
-34180.78646
-34111.166
-34107.8966
-34076.79224
-34055.29991
-33964.50853
-33915.99565
-33900.20355
-33897.91052
-33879.83119
-33833.42075
-33830.87523
-33818.11172
-33794.35632
-33767.21004
-33737.25457
-33735.33718
-33698.09685
-33645.65129
-33604.378
-33581.17745
-33545.15144
-33464.81785
-33451.25897
-33450.94665
-33445.94159
-33441.19672
-33369.96133
-33320.13321
-33319.25833
-33260.61566
-33226.42026
-33218.99521
-33166.36641
-33147.91747
-33141.4538
-33140.58192
-33087.9399
-33070.59554
-33063.16742
-33022.86442
-33005.10528
-32984.53018
-32982.51612
-32974.977
-32885.88267
-32868.46972
-32850.07051
-32821.64869
-32702.26738
-32685.00656
-32613.81455
-32569.30108
-32565.531
-32541.99169
-32504.94848
-32499.87467
-32494.57306
-32488.51096
-32483.83369
-32471.73632
-32459.34629
-32419.96944
-32393.11568
-32387.25602
-32264.22583
-32248.10978
-32177.52619
-32090.61988
-32087.1144
-32065.37804
-32043.504
-31971.55936
-31918.7411
-31866.00128
-31831.11575
-31768.99861
-31706.23568
-31680.67949
-31670.839
-31578.67105
-31545.44766
-31488.13825
-31477.96282
-31436.40676
-31423.05118
-31396.52943
-31364.52348
-31336.07667
-31296.14243
-31295.81924
-31281.36422
-31217.44182
-31173.27394
-31157.87857
-31150.76576
-31109.11151
-31092.077
-31015.28559
-30905.2699
-30901.44688
-30896.45344
-30881.28206
-30872.23008
-30803.56865
-30788.98478
-30772.97011
-30771.37446
-30740.19956
-30722.78686
-30702.32781
-30690.73575
-30623.71471
-30567.23473
-30519.98971
-30320.00194
-30297.81582
-30175.50421
-30078.05859
-30035.01488
-30033.13974
-29989.4948
-29972.51605
-29804.89082
-29764.08304
-29763.45381
-29698.59655
-29631.65211
-29573.38707
-29481.35427
-29410.03092
-29374.03612
-29244.77254
-29202.18798
-29104.40908
-29088.96812
-29084.09274
-29031.68874
-28908.79311
-28906.86287
-28796.35685
-28627.5945
-28618.47987
-28601.11804
-28584.06934
-28540.86288
-28520.39933
-28452.77076
-28438.86333
-28403.85428
-28167.08953
-28160.15559
-28093.9187
-28049.24503
-28012.92896
-27980.8763
-27955.55931
-27951.90521
-27914.69224
-27875.71513
-27867.03416
-27857.81768
-27848.74896
-27834.9139
-27780.59361
-27766.16182
-27762.44415
-27744.06237
-27641.70528
-27437.15351
-27379.69395
-27306.68703
-27298.26508
-27271.72633
-27220.03274
-27162.51878
-27057.76365
-27042.84701
-27036.35354
-26971.07234
-26954.52421
-26905.78983
-26896.74601
-26814.10158
-26793.2683
-26687.35641
-26474.46975
-26441.80943
-26434.17231
-26419.47775
-26316.74181
-26281.01948
-26113.05126
-25977.09904
-25910.2512
-25893.00163
-25850.88404
-25759.80197
-25627.37457
-25626.93804
-25480.89362
-25379.03767
-25249.11796
-24944.19735
-24924.40022
-24698.98413
-24564.21954
-24544.20295
-24395.18138
-24252.67073
-24237.96877
-24199.89407
-24138.8063
-24065.09712
-24064.14106
-24020.5009
-23999.17694
-23914.61178
-23898.35062
-23837.4812
-23826.64913
-23706.99272
-23692.48072
-23671.63417
-23589.53498
-23588.9882
-23574.70094
-23530.58723
-23286.58584
-23185.43595
-23011.22841
-22914.9652
-22883.90913
-22729.9415
-22729.67224
-22728.40297
-22495.14683
-22455.33471
-22209.10363
-22090.50996
-22074.25494
-21811.84219
-21670.59161
-21593.57548
-21469.33674
-21451.92656
-21449.58128
-21378.84955
-21184.53209
-21166.7244
-21057.22177
-20868.91898
-20762.7916
-20550.08158
-20399.97736
-19791.51736
-19532.99187
-19491.02438
-19464.05045
-19208.38301
-19114.31181
-19042.0863
-19026.36288
-18975.41404
-18699.31409
-18352.03462
-18022.99382
-17901.54521
-17813.04752
-17397.55959
-17262.3467
-17139.32878
-17096.6639
-17090.89461
-16591.23447
-16513.26181
-16500.38978
-16489.21306
-16456.50022
-16043.93476
-15914.47674
-15758.66907
-15636.07993
-15485.48148
-15240.36283
-15236.72823
-14976.31042
-14718.30662
-14668.19641
-14595.4642
-14587.24552
-13461.37961
-13316.28597
-13269.51512
-12970.88176
-12432.78688
-11964.29027
-11798.90974
-11398.20852
-11243.40662
-11232.29915
-11127.35395
-10748.29423
-10068.3125
-9080.58697
-8877.394882
-8652.618734
-7598.000353
-6768.617887
-6660.498873
-5684.769647
-5008.303246
-4686.073933
-4003.583469
-1167.130754
-972.3105403
-588.8897416
