-14955.63888
-14880.32659
-14824.68316
-14824.11107
-14803.12393
-14801.50606
-14736.30004
-14735.6757
-14734.59023
-14719.07285
-14718.30662
-14680.67878
-14668.19641
-14660.3456
-14642.73744
-14642.26719
-14621.90146
-14613.21454
-14601.04295
-14595.4642
-14587.24552
-14566.6009
-14554.49884
-14551.42507
-14544.80629
-14528.27714
-14520.17516
-14516.12338
-14499.52926
-14487.89208
-14484.79748
-14480.37608
-14479.12184
-14468.25915
-14461.78932
-14456.25222
-14454.28173
-14440.56988
-14432.37427
-14430.48317
-14406.42656
-14406.01082
-14390.16887
-14383.65535
-14381.61876
-14377.58019
-14375.45861
-14372.29624
-14324.54713
-14311.17823
-14295.62964
-14284.26103
-14276.33202
-14271.53464
-14264.57831
-14260.8593
-14243.98541
-14214.49321
-14202.26595
-14191.91338
-14191.2686
-14190.48812
-14184.31868
-14171.69763
-14160.97185
-14157.39257
-14149.85447
-14142.53171
-14129.18046
-14106.49981
-14053.96302
-14048.99828
-14046.6589
-14029.80843
-14001.22023
-13984.10392
-13962.70767
-13953.31799
-13922.22958
-13867.8754
-13860.43634
-13851.20545
-13843.21439
-13810.91942
-13798.92613
-13788.30492
-13788.2543
-13768.42819
-13731.28351
-13728.57344
-13713.28256
-13700.95638
-13700.54872
-13689.15791
-13687.73502
-13678.88624
-13588.2037
-13587.13797
-13582.28311
-13535.13166
-13534.89853
-13471.03912
-13470.34216
-13461.37961
-13452.14591
-13438.32931
-13428.08629
-13374.291
-13366.01945
-13337.0232
-13320.55924
-13316.28597
-13302.33207
-13269.51512
-13252.79399
-13246.93117
-13241.62254
-13235.55893
-13224.57422
-13214.09232
-13208.80484
-13190.88363
-13148.87035
-13138.39547
-13135.76561
-13102.52151
-13073.27426
-13039.4658
-13020.5041
-13016.72487
-13008.20965
-12977.95137
-12970.88176
-12960.71228
-12939.48355
-12934.51105
-12891.57257
-12836.63236
-12829.11524
-12825.93151
-12817.41429
-12808.07647
-12797.90282
-12790.99198
-12780.31529
-12774.76634
-12718.1771
-12676.69155
-12647.35587
-12610.78004
-12547.4568
-12483.1951
-12482.515
-12481.39378
-12471.55724
-12470.8671
-12451.81263
-12432.78688
-12422.53029
-12414.90016
-12406.89728
-12385.45559
-12384.93271
-12379.89013
-12362.05385
-12353.80228
-12343.97507
-12341.01726
-12328.98937
-12323.88788
-12303.01778
-12277.15795
-12243.5637
-12232.90248
-12211.40966
-12209.2998
-12205.98728
-12201.95306
-12171.34296
-12154.44495
-12152.5318
-12152.21191
-12140.79389
-12128.57883
-12111.17522
-12084.50777
-12073.2808
-12051.17248
-11964.29027
-11961.94952
-11953.71924
-11926.98683
-11921.2933
-11900.71719
-11899.30678
-11896.24537
-11869.12021
-11844.27593
-11811.96785
-11806.68284
-11798.90974
-11785.54534
-11784.08004
-11767.5052
-11757.33125
-11757.12254
-11756.82879
-11708.21259
-11701.57711
-11700.65358
-11673.15881
-11629.25697
-11602.19755
-11587.54816
-11560.11506
-11530.67975
-11528.16533
-11521.34296
-11516.50774
-11502.40676
-11498.53655
-11494.60607
-11422.37444
-11409.70413
-11398.20852
-11335.02332
-11328.12402
-11327.30203
-11320.23148
-11320.10122
-11317.61926
-11266.00457
-11258.51903
-11245.29126
-11243.40662
-11239.08048
-11232.29915
-11186.68145
-11185.57875
-11177.36085
-11139.03876
-11127.35395
-11110.17563
-11104.25312
-11060.96186
-11059.53338
-11059.18768
-11036.2774
-11026.65555
-11018.52992
-11004.85748
-10986.44132
-10977.26726
-10952.39853
-10943.97248
-10895.02298
-10890.79232
-10888.34861
-10817.53855
-10805.94818
-10748.29423
-10712.89476
-10698.55281
-10687.09226
-10683.1637
-10599.93591
-10564.70896
-10559.71837
-10439.94911
-10419.83792
-10408.76672
-10397.7731
-10390.86538
-10388.38331
-10377.71203
-10350.36723
-10337.3832
-10335.10052
-10313.50236
-10312.43517
-10304.03555
-10292.41025
-10274.7755
-10253.1003
-10226.31086
-10201.3825
-10148.16736
-10141.21013
-10082.47431
-10072.62875
-10068.3125
-9989.107247
-9986.475414
-9976.389438
-9967.448109
-9951.154111
-9877.917382
-9863.557012
-9862.774298
-9804.11088
-9787.947258
-9782.378267
-9755.286807
-9731.35882
-9725.558784
-9645.291207
-9624.837235
-9594.056717
-9576.897548
-9420.3654
-9404.514437
-9341.110272
-9309.837515
-9290.92688
-9265.118948
-9173.249761
-9080.58697
-9053.480211
-8956.165586
-8917.162318
-8905.085414
-8882.268574
-8877.394882
-8876.146568
-8874.101888
-8865.350039
-8830.616293
-8709.054471
-8691.189497
-8652.618734
-8624.677364
-8613.584922
-8605.324591
-8557.468688
-8551.818338
-8542.334634
-8539.623038
-8538.321794
-8532.339585
-8487.676321
-8447.932056
-8313.247791
-8310.596326
-8308.429144
-8265.861857
-8261.227424
-8189.7078
-8157.100123
-8140.598861
-8121.433287
-8081.652453
-7927.805288
-7916.254841
-7774.169525
-7744.260069
-7729.923385
-7690.153152
-7598.000353
-7559.669258
-7553.823871
-7496.85505
-7481.397181
-7481.008347
-7466.602049
-7372.308692
-7346.306854
-7291.524525
-7290.617629
-7267.169597
-7245.065139
-7219.292815
-7194.389093
-7178.990488
-7159.924132
-7158.30301
-7111.641434
-7107.501562
-7102.478866
-7078.249992
-6984.412327
-6970.469531
-6970.338603
-6951.07799
-6868.268443
-6867.557724
-6861.35689
-6768.617887
-6703.708332
-6684.219835
-6660.498873
-6568.100091
-6501.607919
-6355.238991
-6342.43504
-6241.412816
-6158.793066
-6145.8939
-6127.992565
-6044.104929
-6014.308573
-6007.228809
-5946.874707
-5739.044958
-5728.532913
-5684.769647
-5666.687485
-5625.169232
-5563.555826
-5429.813265
-5385.153488
-5271.872938
-5177.991581
-5165.777853
-5093.019596
-5050.9187
-5008.303246
-4986.65429
-4947.265111
-4810.237372
-4686.073933
-4636.065771
-4595.989073
-4556.691559
-4547.200109
-4527.728953
-4520.989357
-4464.987417
-4461.032058
-4409.525237
-4370.065904
-4340.59644
-4333.071161
-4322.278603
-4194.002267
-4108.724327
-4064.747543
-4023.618253
-4003.583469
-3921.413247
-3904.787608
-3881.087917
-3702.555735
-3669.399083
-3642.565857
-3490.666432
-3456.295659
-3408.412049
-3118.491367
-3109.177958
-3089.646756
-3061.535032
-2954.187731
-2866.423815
-2784.885741
-2777.94344
-2776.189796
-2740.506068
-2692.272472
-2543.415412
-2491.898578
-2478.642908
-2344.555114
-2306.514574
-2290.724215
-2240.86757
-2204.794209
-1966.893559
-1858.214226
-1580.614884
-1502.935732
-1498.790607
-1492.531568
-1406.967833
-1394.570491
-1384.052662
-1232.018087
-1204.120756
-1200.307472
-1190.950358
-1167.130754
-1126.403377
-1126.231582
-1073.9228
-972.3105403
-963.8954884
-940.4921013
-893.0454621
-879.7628898
-868.2157548
-865.2368888
-804.698262
-804.4485221
-759.3661941
-588.8897416
-580.0979905
-504.2829061
-461.5916249
-264.3020457
-202.0528082
-197.5407247
