-169.0883593
-169.0842474
-169.0835173
-169.0822141
-169.0817202
-169.0816357
-169.0787455
-169.0768743
-169.0749181
-169.0742708
-169.0732458
-169.0532847
-169.0524852
-169.0508185
-169.0497746
-169.0472989
-169.0441134
-169.0435004
-169.0416596
-169.0403311
-169.0402349
-169.037972
-169.0343668
-169.0325992
-169.0324516
-169.0320515
-169.0312224
-169.0297068
-169.0287554
-169.0284162
-169.0278257
-169.0196468
-169.0172165
-169.0103019
-169.0092586
-169.0077912
-169.0030548
-169.0028455
-168.9966992
-168.9956111
-168.9900608
-168.9868733
-168.9844046
-168.9711673
-168.9638154
-168.962331
-168.9610861
-168.9580301
-168.9503434
-168.9489407
-168.9488515
-168.9415896
-168.9407177
-168.9395426
-168.9380726
-168.9349557
-168.9344566
-168.934285
-168.9339867
-168.933601
-168.9316745
-168.927366
-168.9247396
-168.919524
-168.9168327
-168.9153336
-168.9146521
-168.9072881
-168.9028942
-168.9004488
-168.8966527
-168.8949721
-168.8920125
-168.8912156
-168.8908403
-168.8798251
-168.8797301
-168.8792367
-168.8779572
-168.8702706
-168.8652184
-168.859733
-168.8597299
-168.8579947
-168.8549656
-168.8531164
-168.8529928
-168.8444046
-168.8390002
-168.8367647
-168.8356509
-168.8330908
-168.8327736
-168.8265094
-168.8207183
-168.8154015
-168.8108999
-168.8100634
-168.8051869
-168.8038246
-168.8022429
-168.8013222
-168.8011801
-168.8008235
-168.7906911
-168.7854708
-168.7831962
-168.7768157
-168.7738414
-168.7718014
-168.769896
-168.7697618
-168.7676866
-168.7662701
-168.748687
-168.7479121
-168.7467482
-168.7451268
-168.7400369
-168.7385319
-168.733033
-168.7312598
-168.7289414
-168.7288427
-168.727229
-168.7252201
-168.724944
-168.7187096
-168.7186587
-168.7153039
-168.7151247
-168.7144952
-168.7129228
-168.7111435
-168.7010601
-168.6986737
-168.6981667
-168.6926098
-168.6904848
-168.6889688
-168.6839376
-168.6808591
-168.6759245
-168.6654481
-168.6584886
-168.6460344
-168.6415585
-168.6397795
-168.634316
-168.632671
-168.6320664
-168.625325
-168.6219415
-168.6185603
-168.6042378
-168.6040329
-168.599704
-168.5945878
-168.5921684
-168.5890791
-168.5885433
-168.583446
-168.5786905
-168.5782941
-168.5655834
-168.5639268
-168.5589893
-168.5527112
-168.551162
-168.5510085
-168.5508292
-168.5475274
-168.5424964
-168.5292465
-168.5088164
-168.5078953
-168.5067381
-168.5020509
-168.4965743
-168.4941663
-168.4888675
-168.4877839
-168.4866227
-168.4791659
-168.4678047
-168.4578814
-168.4565807
-168.4492244
-168.4467218
-168.4455301
-168.4413335
-168.4360877
-168.4333718
-168.4199889
-168.4198857
-168.4138131
-168.4011645
-168.4001441
-168.381997
-168.3782945
-168.3749822
-168.3740826
-168.3731311
-168.3726969
-168.3714183
-168.3654676
-168.3634133
-168.3619271
-168.3606805
-168.3585109
-168.3562908
-168.3515359
-168.3413904
-168.3323852
-168.3320959
-168.3294833
-168.3281959
-168.3257925
-168.3247786
-168.3229137
-168.3089967
-168.3076217
-168.2982032
-168.2970108
-168.2966445
-168.2913585
-168.2862863
-168.2702667
-168.2658687
-168.2500747
-168.2497994
-168.2413909
-168.2410663
-168.2376427
-168.2376323
-168.2368801
-168.2324469
-168.2323368
-168.2226623
-168.2200549
-168.2197034
-168.2155232
-168.2139498
-168.2082749
-168.2010772
-168.1981884
-168.1775827
-168.1614551
-168.1606083
-168.1531952
-168.1528422
-168.1515907
-168.1502619
-168.1486789
-168.143112
-168.1429045
-168.142054
-168.1396584
-168.1335283
-168.1281888
-168.1255003
-168.1120009
-168.1076175
-168.1055154
-168.0990182
-168.0974347
-168.0855406
-168.0849602
-168.0590758
-168.0569318
-168.0526267
-168.0471881
-168.032697
-168.0233926
-168.0187211
-168.0143966
-168.0137364
-167.9977476
-167.99547
-167.9925188
-167.9902393
-167.9708426
-167.9591668
-167.9494315
-167.9434339
-167.9415208
-167.9396343
-167.9258002
-167.9235975
-167.9225229
-167.9217449
-167.9216357
-167.9200424
-167.9061984
-167.9053066
-167.8933598
-167.8925411
-167.8865316
-167.8786502
-167.8737344
-167.8576816
-167.8533466
-167.8462417
-167.8208288
-167.8036151
-167.7761692
-167.7759335
-167.7748478
-167.7697712
-167.7619516
-167.7455607
-167.7436966
-167.7397522
-167.7353397
-167.7232596
-167.7135041
-167.7055797
-167.7050731
-167.7009529
-167.692817
-167.66246
-167.6597544
-167.6417219
-167.6406021
-167.6391523
-167.6343295
-167.6304491
-167.6230474
-167.6148036
-167.6111545
-167.6068744
-167.6053682
-167.6047068
-167.597445
-167.5953661
-167.5911479
-167.5872946
-167.5670992
-167.5612446
-167.5610772
-167.5581823
-167.5560457
-167.5475848
-167.5439487
-167.5390387
-167.5373732
-167.5340593
-167.532574
-167.5258144
-167.5019549
-167.5001804
-167.4925532
-167.4905643
-167.4788051
-167.4748825
-167.4712879
-167.4633585
-167.4570753
-167.4540732
-167.4099081
-167.400084
-167.3733116
-167.3666898
-167.3369303
-167.3332144
-167.323367
-167.3119415
-167.3053083
-167.3021725
-167.2881358
-167.2772397
-167.2754044
-167.2645329
-167.2568727
-167.228382
-167.2116037
-167.2078998
-167.2041447
-167.1915041
-167.1246382
-167.1227168
-167.1130409
-167.099723
-167.0993941
-167.093883
-167.0790373
-167.0721775
-167.0711341
-167.0672048
-167.0667621
-167.0660163
-167.0536192
-167.0386239
-167.0229525
-166.9958061
-166.9937298
-166.9655749
-166.9600281
-166.9576878
-166.9538306
-166.9490439
-166.9393293
-166.9104439
-166.8948354
-166.8720189
-166.8716499
-166.8545789
-166.8527564
-166.8491286
-166.8387819
-166.8313654
-166.8305998
-166.8286265
-166.8262386
-166.8239571
-166.8216752
-166.8145014
-166.8060985
-166.7963619
-166.7831382
-166.7604122
-166.7541061
-166.7515847
-166.7465893
-166.7423054
-166.7291707
-166.7271708
-166.7232802
-166.7028202
-166.6971025
-166.668409
-166.6679883
-166.6495239
-166.6338844
-166.6240228
-166.6160326
-166.6088414
-166.6031889
-166.5706188
-166.5200965
-166.5136826
-166.5013719
-166.4943788
-166.4697924
-166.4687701
-166.4591683
-166.4498621
-166.4338362
-166.4335488
-166.4165213
-166.3999421
-166.3968278
-166.394133
-166.3850157
-166.3559524
-166.3373831
-166.3359005
-166.3022811
-166.2930174
-166.2911238
-166.2761942
-166.2575627
-166.2439791
-166.2134714
-166.1943041
-166.1764066
-166.1631235
-166.0955797
-166.046727
-166.037115
-166.0370391
-166.0300106
-166.0164505
-165.9654052
-165.9339822
-165.9265439
-165.9124233
-165.8989961
-165.8796945
-165.871583
-165.8688203
-165.7922084
-165.7685471
-165.7385089
-165.6881557
-165.6540864
-165.6007327
-165.5860236
-165.5049302
-165.4541208
-165.4252454
-165.3133585
-165.2675264
-165.2120174
-165.0192268
-164.8700411
-164.6547261
-164.6087935
-163.9212478
-163.5035904
