0.000377807 0.787152 9.41134 0.00288328 0.598819 90.6474 2.41746e-05 3.7989e-05 1.92102e-05 221.571 2.44825e-05 0.0277345 0.0299865 0.000213846 0.142724 10.707 0.000115742 1.56448 
0.00476143 0.145992 0.00356889 0.658401 0.843415 0.0580416 0.00793311 0.00789044 0.00260382 3.36445 0.00645937 1.16704 0.198273 0.0098723 0.000132761 1.14953 0.00559471 3.15677 
4.73767e-05 0.0509837 0.0087855 8.37462e-05 1.23841e-05 105.117 0.000365955 0.0738273 0.000375331 0.159217 0.295734 1.48046 0.201373 0.0481555 8.64495e-05 5.72858 0.225701 0.186064 
1.74988e-05 3.07731 0.00385856 0.000286468 2.16697 11.4699 0.0601182 0.581027 0.0354599 0.266898 3.60728e-05 0.264777 1.4597 0.0202202 1.67694e-05 11.5636 0.188446 0.198653 
0.0180918 2.92918e-05 0.000414052 0.261553 0.00265071 47.5516 3.84146e-05 0.0108831 0.162018 2.54395 0.00964639 0.419176 0.320523 0.218446 0.0220986 0.17178 0.129733 4.18243 
0.000169933 0.0153934 0.0072113 0.00199159 0.0146245 0.0153121 0.073634 0.0014762 0.000956559 251.201 0.0218716 0.0311939 0.379024 0.00175439 0.000264987 17.5672 1.24722e-05 1.98355 
2.68101 0.000103749 7.65616 0.907731 0.143316 2790.59 0.497358 0.000147745 0.00931727 184.668 0.0060567 0.207262 5.962 0.299664 0.0807356 0.427947 1.61005e-05 3.39876 
0.000529568 0.011947 0.011175 1.58257e-05 0.000204494 394.051 0.000804614 0.00125639 1.94547e-05 3.71595 3.03215e-05 266.089 7.02584 0.00595041 0.0163972 1.88198 1.32106e-05 1.2195 
2.26781e-05 0.00036467 0.0543343 0.00466511 0.00650285 3.53629 1.78202 0.0242956 0.000278634 0.161526 0.170328 0.176959 5.64338 1.33377e-05 0.161929 0.170442 1.30492e-05 9.55768 
0.000118269 0.314933 0.00156373 5.18006e-05 0.0162111 2565.94 3.10663e-05 0.00012214 0.0116922 1.40475 0.375082 0.0912089 0.0339563 0.737596 1.92268 0.222093 0.00405057 2.22099 
2.32905e-05 0.307546 0.526079 1.52193e-05 0.05378 10.1134 7.23577 0.00486737 0.000248454 0.0132863 0.000237914 0.0292268 6.38857e-05 0.00286772 0.000694727 35.1625 0.00348733 0.199678 
1.99808 1.76847 0.62056 0.0155266 0.0600801 3.49515 0.125766 0.000183957 0.0279458 0.0411219 0.597718 0.465963 0.00112285 0.00218535 0.925885 6.4141 0.0124915 1.0378 
0.148095 0.00436965 0.0513053 0.00240937 0.136678 290.039 0.533313 0.29968 0.00172057 12.2894 3.71917e-05 0.0385507 0.0744304 0.415056 1.90612 2.2571 4.07758e-05 1.79165 
0.00626722 4.79309 7.74187 0.0632064 0.0335494 1.02316 0.0967529 2.02367 0.000150594 0.247782 1.53563e-05 0.0827818 0.000600204 0.00339352 1.33434 10.7232 1.59188e-05 0.314734 
2.51294e-05 0.884485 0.0255494 5.20983e-05 0.000103832 455.948 0.000397794 0.0932177 0.00151773 22.8434 1.20875e-05 0.292771 0.431708 0.0255486 8.42582e-05 3.23862 0.0145348 1.90849 
6.41034e-05 0.000808994 0.0232532 0.800378 1.00339e-05 0.235634 0.509901 5.9377e-05 0.0088866 20.0395 2.6645e-05 10.9515 5.29477e-05 0.207022 3.72891 39.7617 0.000184992 0.0491685 
0.374825 0.000214562 2.22073e-05 0.024664 2.92907e-05 0.207701 4.0133 2.48116e-05 0.00102546 15.7442 0.322859 0.0997476 1.41319 0.0303706 0.907136 8.61713 0.00117743 0.144657 
0.00586909 0.00110126 3.97724 0.000108815 0.058608 1.47786 3.49906 3.46886 0.027395 240.854 0.00126018 0.0139109 0.181696 0.227468 0.0440165 0.537903 0.00188539 1.2906 
0.0142948 0.834643 4.86755e-05 1.41097e-05 3.80694 108.813 2.51959 1.48688e-05 0.000128049 123.318 0.410075 0.127414 1.92566e-05 0.000314559 1.54629e-05 8.22132 0.00272057 0.726837 
1.19597e-05 0.0412902 0.00011302 0.0254166 0.000269262 78.8382 0.000275322 0.000251761 0.0166167 0.493086 0.223041 2.47711 3.84034e-05 0.0556763 0.0374354 0.540175 0.0040787 2.77996 
0.000512834 0.0371578 5.70367e-05 0.00761077 0.00330107 0.134304 0.574696 0.0313733 0.0406356 4.95391 0.0767431 0.599722 5.771 1.58209e-05 1.1387 6.64365 0.00438687 2.3146 
0.0156104 0.0337404 1.62945e-05 0.927612 0.000267931 56.9906 0.224837 1.2813 4.18573e-05 218.659 5.59934e-05 0.510226 5.30361e-05 0.0326766 0.000103917 47.9574 5.9368 0.851787 
3.64784 0.000518686 2.08598 3.09717 0.0208007 0.0511849 0.593661 0.00909285 5.80181e-05 0.0182483 0.000355426 106.09 0.00474346 0.000305553 0.0034314 18.827 0.00857726 3.71637 
0.000108022 0.0179826 6.97781e-05 2.93746 0.4594 0.0251564 0.103307 0.998277 0.402271 0.150872 0.000143449 9.45596 0.0160127 2.79122e-05 2.60224 10.2644 0.000733897 1.85736 
9.21011e-05 0.000395098 0.00480033 0.112093 6.76104 0.628814 6.39618 0.542316 0.63146 0.0783702 0.00640387 5.66537 0.0232295 0.934784 3.5599 1.42642 0.0016559 0.279516 
0.0170665 0.135316 0.00406552 0.000122396 0.0010614 649.388 0.000276331 0.00975673 0.135363 270.559 0.000108273 219.891 0.0102302 0.00778413 0.108291 1.95565 0.018322 2.64375 
0.00922711 0.0248505 0.00251919 0.115654 0.0146194 12.5309 0.000457664 0.00368653 0.0150639 22.8832 0.000183624 416.757 0.736222 0.0678358 0.0587078 0.814698 0.0136309 2.06161 
0.000130092 7.25503 0.000134971 0.00239544 0.0100636 129.269 0.000562778 6.81601 0.471248 3.46157 0.0647939 2.46935 0.000188143 0.00014801 0.000217822 8.79691 0.000877725 1.17471 
0.0512352 0.989232 0.544372 0.0109253 1.31943e-05 245.295 0.000532214 5.34561e-05 0.00216118 5.63764 0.000191436 0.0154682 3.85047 0.0265348 0.358609 1.40727 0.0136424 2.04816 
0.0249014 9.1427e-05 0.0290323 0.579304 1.40453e-05 0.0945708 9.88517 6.34001e-05 3.69828e-05 0.137449 1.34014e-05 9.30682 0.000659481 0.269174 2.00084 26.5966 0.0163671 0.0389147 
3.96544 0.0789257 0.0686005 2.13989 4.33078e-05 2.22456 0.00107849 9.23304e-05 0.0500039 0.0824947 2.56452e-05 0.120901 0.03519 0.00737093 0.0498495 3.94941 0.000406472 0.878755 
0.0286928 0.000110228 4.39945 0.000491136 0.000182186 4.00277 0.021188 6.84336 0.00118679 0.353147 1.2655 0.0117323 0.000277279 0.0317639 0.304254 5.59969 0.0176211 0.587123 
0.000901487 0.186579 1.07027e-05 0.00112216 0.0128064 0.582314 0.0262915 1.55745e-05 0.194787 124.026 0.0289357 41.3914 7.40321 0.000671527 0.00704436 10.8819 0.0131622 0.412599 
0.0198363 0.00061129 0.00060106 4.57389e-05 0.000215247 0.0100042 1.19046 0.00354149 0.0215451 11.7214 0.000272987 0.176546 0.0683082 0.501439 0.0039934 0.135095 0.00615288 6.66058 
0.96412 0.0906133 0.00187548 6.44594e-05 1.08864 0.884862 0.000182477 6.75264e-05 0.831624 0.419639 4.41628e-05 0.0369355 0.00107253 0.190245 0.000200306 3.74568 0.53261 0.805403 
0.19656 0.486928 1.19116e-05 0.054414 0.196369 82.1274 0.000450306 0.122236 0.465979 2.55477 0.15468 3.82272 0.000558173 0.763243 0.0378294 0.611275 0.710348 0.262989 
7.52649e-05 0.172506 1.88746 2.80355 1.56192e-05 15.4751 7.09913e-05 5.35331 0.00567176 0.877938 0.00128438 0.0103398 0.00189941 0.0231126 0.202328 6.53367 0.050604 0.282924 
0.014633 7.48636 0.125817 0.0226111 3.63355e-05 2.55518 0.00101001 0.00178198 0.833287 0.693968 0.024383 1.56992 0.000212674 0.230841 0.312528 0.319567 0.000300146 2.83986 
0.0010908 0.00188989 0.357579 0.0548095 2.18682 1.13083 6.27026 0.00709747 0.278077 406.252 0.000958559 0.498657 0.000450832 0.000429585 1.46044e-05 18.9218 0.00155254 3.14005 
1.06279 0.000464187 1.51109e-05 0.193721 0.133741 0.0353741 2.15931e-05 1.92943e-05 0.111338 169.761 0.000132629 4.45143 0.000225738 0.000143291 7.36539e-05 6.17461 0.0160056 2.42161 
0.00047502 0.0181709 4.33275 0.00254217 0.106426 613.804 7.38918 0.226326 0.0294536 33.8625 0.01011 10.0318 0.000125515 0.000152747 0.0494667 29.4631 0.000211591 0.299968 
0.0496566 0.435976 2.68613 0.000350169 0.000387757 1332.3 0.0818536 0.250488 0.476223 0.0397842 0.0538031 0.0605625 2.71465e-05 0.0011287 2.58933e-05 7.078 0.000340358 1.68996 
0.887562 0.906219 1.87336e-05 0.0216032 0.000127257 1145.27 0.00110882 0.0500482 0.00235363 247.299 0.0292856 472.082 6.30768e-05 0.0125003 0.0615362 20.45 0.666743 0.207586 
0.709125 0.00022695 7.68955e-05 0.704785 0.000388206 922.319 0.931959 0.033462 2.54467e-05 0.0248012 0.0271309 68.0823 0.669715 0.00791725 0.177279 7.618 0.6447 6.71921 
0.000175651 6.14683 3.84546e-05 0.00471031 0.11084 23.5379 8.19721e-05 0.00386663 0.0015073 17.3707 0.608719 15.3966 0.0303744 1.99983e-05 0.201963 38.5672 0.0258501 0.295247 
7.35076e-05 2.87892 4.71706 2.8816e-05 0.0310074 185.985 0.184657 1.13842e-05 0.377395 0.0256967 0.299411 0.084902 0.00285921 0.00415041 0.0194329 1.7199 0.0201512 4.72616 
0.00148269 1.01833e-05 0.375225 0.00188222 1.43963e-05 61.6811 0.0567234 4.65418 1.3454e-05 11.7795 4.50446 0.600297 0.463877 6.5514e-05 0.000215829 2.17158 5.21522e-05 4.16867 
0.00471445 0.000908445 0.000306109 4.20013e-05 0.0181743 45.1091 0.0490655 0.592463 0.0333108 0.551141 0.0689111 319.423 0.0907429 0.00329576 0.000610324 0.163412 0.604742 1.85488 
7.09976 0.156434 0.000206548 1.78899 0.000163476 4.89017 0.000336048 0.00207099 0.185524 0.0226239 0.00289542 1.24421 0.693369 3.84585e-05 3.15867e-05 3.88152 0.00276202 3.90216 
2.80332e-05 0.408496 6.43311 0.050449 0.000192173 18.4491 1.55342 0.430165 0.13833 46.3391 7.63621 0.104587 1.17772 0.0506515 0.0019122 9.18076 0.322557 0.116538 
1.12503e-05 3.15447e-05 1.81914e-05 0.421644 0.049108 0.0512899 9.65979 0.00125948 0.001901 3.13573 0.659976 449.623 0.000104927 2.04358e-05 0.000302226 0.0347346 0.736813 1.32668 
0.157821 2.54396e-05 0.0200243 0.00213771 0.000307294 0.0126886 0.000504354 6.05015 0.000485228 0.881403 1.78572 0.0534171 0.00640051 3.13789e-05 0.000748905 5.04117 4.37222e-05 0.781454 
8.23192 0.0737831 0.0014191 0.00415711 0.00612159 171.676 0.233632 7.80709e-05 0.00100055 0.016718 0.00374085 207.369 0.49727 0.000201515 5.06869e-05 13.1203 0.619453 0.183309 
0.104674 0.0685508 0.0365733 0.359054 9.99133e-05 2156.55 2.40792 0.000256508 0.24478 46.9048 0.00577219 93.7025 0.118358 0.00181899 0.000246236 16.893 1.05795 0.00569673 
2.05662 0.112383 0.851308 2.52858 0.00216846 0.0594938 8.13637e-05 0.00722186 0.000220944 15.8692 0.00132846 2.79124 0.00219624 0.00430755 0.00139661 10.6553 0.00982975 0.160689 
1.28748e-05 0.000171747 6.76341e-05 0.0902597 0.915416 11.7118 9.63581e-05 0.00773526 0.00445132 41.0713 1.00107 0.552734 0.00689424 0.750779 0.0114243 0.0946291 0.00142945 5.28894 
2.28332e-05 1.20268 0.000478802 0.00444003 0.00614611 6.57993 7.77142e-05 0.00695789 0.00278213 141.947 0.0827111 0.449417 0.000249807 5.66683e-05 1.37801e-05 6.18741 3.99239e-05 4.81807 
0.000366354 0.000246817 8.38569 1.60308 2.09299 1100.69 0.0101616 0.0192633 0.000130709 122.461 0.257165 24.1271 0.53337 0.000100731 0.754629 24.619 0.00025958 0.285715 
1.52626e-05 2.35303e-05 1.4167e-05 0.0177875 0.821621 3.18128 2.24162 0.0243683 0.000116495 0.0554263 0.00433835 255.491 1.03549 0.00153254 2.29235 15.1009 0.00143025 0.349975 
3.93356e-05 1.59438 0.0208609 4.14807 6.73505 0.0216197 0.0011927 0.000965711 1.32987e-05 0.0126336 0.000439231 8.79771 0.947936 0.910467 0.138772 0.101261 1.38029e-05 2.5085 
0.0140817 0.0978647 5.53901 1.81162e-05 0.123005 48.5276 0.246136 0.004916 0.129665 5.40563 0.0501916 26.3122 0.00123737 0.000381975 2.86482e-05 2.92308 0.622062 0.180199 
0.0891798 1.68447 0.0366572 3.67625 0.0112562 14.7505 3.00966 0.00376902 0.0171338 5.48942 9.77704e-05 319.133 5.78078 0.00447659 2.43428 11.341 4.48585e-05 0.279129 
2.84631e-05 0.000706334 7.3804 0.00985268 0.813314 269.52 9.98296e-05 7.91912 0.0174725 0.462301 1.81547 0.68525 0.531098 0.000116626 0.0333188 0.293627 0.250099 4.19912 
6.73508e-05 0.321531 0.00229831 3.83057 0.000234487 644.582 0.0337061 4.20715 0.343696 6.63569 9.83236 65.1037 3.76905 4.28967e-05 1.38926 1.98083 2.75705e-05 0.0741852 
6.38593 0.0595379 0.00131274 0.000277766 0.00124634 119.119 0.000377276 0.100116 3.59551e-05 14.3695 0.28346 14.3022 0.000148814 0.000775236 0.00335885 36.4377 0.000159882 9.27421 
1.73328e-05 0.00398716 0.00269751 3.019 4.03907e-05 115.753 7.17923e-05 0.00529692 0.000140874 19.9873 3.02099 39.0477 0.000116929 0.00430707 0.000104514 11.3395 0.00196725 0.391455 
0.521223 0.0483448 2.8438e-05 0.000864306 5.7999 18.2766 1.02357e-05 0.787102 1.94203e-05 1.10248 9.32083e-05 0.130483 0.00011809 0.000510039 0.557963 5.26254 0.000115761 5.53065 
8.77046 0.716897 0.00081975 0.0873727 0.00265603 1496.71 0.108315 2.57546e-05 0.00521098 0.0393991 2.66469e-05 8.34066 0.203669 0.000265402 0.000678467 21.6177 0.00780302 0.253528 
0.0842643 0.0175192 0.841906 7.8043e-05 7.40257 0.500334 0.0213184 0.000528117 1.42309e-05 0.955891 0.000253127 3.7269 0.00176901 0.000117854 0.00212821 29.7254 0.00151604 7.38885 
0.0887398 0.00729497 5.3246e-05 0.00569017 1.98457e-05 9.67517 0.000891949 0.00572296 0.000589193 8.63419 1.38877 0.229098 1.0981e-05 0.000857206 2.86376e-05 3.23269 1.44985e-05 1.84844 
2.16211 0.826577 0.0900523 0.0175897 0.00178553 0.319956 0.000517289 3.16903 0.000158743 1.99684 0.00294864 0.466328 1.31911e-05 0.0467308 0.00768295 9.49624 3.23074 1.55781 
0.000394821 0.531275 8.22444e-05 0.451002 0.00538284 347.789 1.90382e-05 0.667097 0.00401224 76.1592 1.19994e-05 11.1935 0.000163738 0.000210103 0.0500733 30.1505 0.0149595 0.40254 
3.21389 0.000474611 0.0914558 0.00236882 0.0770992 2782.1 2.08447 8.50544 0.00363682 0.0378445 0.859439 9.63921 0.00111616 0.00833527 0.0022404 5.02625 0.0105914 0.558495 
1.36216e-05 3.47746e-05 0.912098 0.0559237 6.0621e-05 24.5549 0.000116342 0.01039 0.00415016 0.749822 1.33768 0.0107566 0.0413859 0.00130148 0.0679705 4.21588 6.61462e-05 0.446168 
2.0968e-05 1.28841 5.81597 1.25213 0.637289 93.2621 0.138771 3.86037 0.00248908 437.365 5.91597e-05 344.578 0.0004131 0.00152229 8.11271e-05 18.0134 0.000184271 0.198313 
0.0569462 0.400172 0.000275963 1.83573 0.0054209 17.1421 0.0451403 1.614 0.0963117 31.7804 6.74519 0.0106223 1.04487e-05 0.175233 0.0246976 3.20243 0.951153 0.218156 
0.00669119 0.0036024 5.60042 0.00195968 0.000202453 1.79216 0.0929631 0.0177029 1.51835e-05 0.177237 0.00709533 0.0148073 0.000388507 0.319615 0.729911 0.605391 0.000279254 1.0358 
0.000180316 0.0598626 0.00177948 0.296324 3.13804 9.58513 0.323264 0.366995 9.10186e-05 1.85824 0.00794441 0.0155721 0.846717 1.40079e-05 0.00186333 1.21634 3.42776e-05 1.82344 
0.00553245 0.00183304 0.0038506 0.000968131 0.00205712 0.0173401 0.00609374 0.126758 0.00171209 347.223 0.000104831 1.59419 0.00233134 0.0131875 0.000754363 1.84123 3.69594e-05 0.781946 
5.45196 0.0419493 4.14016e-05 0.0784047 5.94663 2827.08 1.78458 0.0108894 0.0484591 3.41097 0.0259266 0.0347295 6.7194 0.000182534 0.00281901 0.47656 0.00098132 2.99968 
0.000105175 0.00153836 7.99825 0.0124702 4.23156 114.385 4.41539 0.00962392 0.00447389 398.485 0.838217 5.19162 0.39033 0.0582558 2.63873e-05 0.475882 0.0902489 6.63595 
3.95828 0.245551 7.03449e-05 0.757254 5.92961 0.397717 3.21373 0.000601312 2.23822e-05 0.102825 0.0034146 3.60256 3.15455 0.0130304 0.218381 12.2921 0.562095 0.696212 
0.0266276 0.178706 1.87098e-05 0.0624898 1.02931 0.162378 0.577947 0.0109824 0.195523 0.17676 0.000664132 0.673821 0.00600579 0.0115324 0.0149528 5.03543 6.1027e-05 0.926056 
1.06997 2.65251 0.206888 0.000176984 0.100962 0.229433 1.16051 0.201042 0.0180206 2.83285 0.0002845 0.0823568 1.43669e-05 0.000178447 0.000989734 8.1036 7.75847e-05 3.48915 
0.00181935 2.32583 1.01142 0.034859 0.0118696 2299.16 3.78159e-05 0.218536 0.343934 0.105653 0.0107797 0.0424 0.000739518 0.644733 8.58883 0.966308 0.0677071 3.8595 
1.74316 0.0437553 0.00619081 0.00870204 0.0984118 49.6835 1.69548 0.037534 0.0203287 0.0691223 0.0226673 8.30197 5.89131e-05 0.039004 0.000114909 1.07079 0.00041842 2.81216 
0.00159886 0.145032 0.0445775 0.00169891 0.00106153 22.7134 0.163765 0.13146 0.00190554 1.43845 0.208938 25.996 0.000155127 0.0237582 0.00522142 0.62734 0.00179319 8.91684 
1.58356 0.000994669 0.0123057 5.12904e-05 3.60778 0.0509193 0.0811229 0.0291572 6.99361e-05 0.369721 0.000423236 4.81316 0.00846926 0.000161743 0.000193568 25.6898 0.0177954 0.233388 
2.09951e-05 8.03612e-05 0.000550895 0.272358 0.252873 0.413038 0.0417678 0.0374082 0.00219574 32.1111 0.0193342 297.431 0.0561216 0.0537335 0.000275734 0.783463 0.000380612 2.22372 
0.0186992 0.00340422 3.02706 0.000116985 0.0324919 7.84289 0.0141074 0.0357181 0.361613 31.0397 0.000136575 0.163169 0.135649 0.389654 0.00891695 2.3621 0.239107 0.076936 
0.0219104 0.0140161 0.0119971 3.43055e-05 0.163098 15.23 0.000240869 0.000163713 0.000129861 0.0155722 0.000270928 0.0653636 1.41639e-05 0.383112 0.000325635 0.183054 0.00358675 8.41882 
0.00385078 0.00118015 0.140392 0.00238098 0.000994176 10.2628 2.75836 1.63207 0.0502198 0.0551129 3.24537 0.309019 4.63086e-05 0.0008614 0.00260418 10.6935 0.00375951 0.424235 
1.0504e-05 4.27627e-05 0.00860061 0.0942917 0.00356634 1.12275 0.00591452 0.0617424 0.151254 26.2089 0.423818 5.63831 0.00089734 0.171839 0.122632 0.267268 0.000134192 9.29955 
0.596526 0.000189819 0.000181155 0.000165491 0.00888971 2842.45 1.46259 1.48256 0.00892003 26.6947 2.68183 36.9168 0.64288 0.02988 0.000800315 0.687161 2.10857e-05 3.38136 
0.0184998 4.32487e-05 0.302136 0.82074 1.81643 380.005 2.95469 5.56596 0.00219359 0.0883072 0.213745 3.18404 0.103076 0.0184871 0.309762 3.77433 0.000109364 0.652325 
0.29892 0.893168 2.03229 0.146947 4.99265 485.653 0.0121107 0.00265108 0.00997921 162.062 0.390106 0.0244896 9.85712 0.000856478 0.00471793 1.27125 9.18711e-05 3.47968 
0.000941685 0.651042 4.2393e-05 1.18662e-05 0.0155448 0.466035 0.000184467 3.3231 0.006814 297.977 0.0707035 0.0425142 1.33119e-05 0.0010982 1.15483 21.6785 0.00958812 1.01052 
0.00564947 0.115053 0.000238937 0.0010023 0.170124 486.996 3.04952e-05 0.0633911 0.00122163 0.131016 7.45537e-05 1.26874 8.68294 0.506012 0.253076 0.112811 0.0865414 7.98825 
0.000975267 6.43848e-05 0.00814286 0.000124137 5.05477e-05 1.25025 0.151584 0.00278251 0.00331043 0.821668 0.703649 1.74463 0.00250689 0.229575 3.87719 21.6544 0.0016527 0.0552523 
1.54293 1.52706 0.540774 0.000675946 0.269019 0.142291 3.09085 9.40239e-05 0.00338727 0.884004 0.000677499 0.35864 0.00103103 0.000138282 0.0976177 9.41208 0.162579 1.19956 
0.0144734 0.00033077 0.000770914 1.65227e-05 0.0118745 2595.03 0.000220959 0.00100051 0.0023135 5.28272 2.09267e-05 184.982 3.49211e-05 0.0614455 7.4839 4.94447 0.00375717 1.73072 
0.000852676 0.332184 1.91902e-05 0.0334429 0.0136859 0.0342646 0.0437423 0.0772003 0.000123704 57.9236 5.72859e-05 3.32656 0.000858694 0.000448455 0.0279826 45.2594 0.00129064 0.489738 
0.269724 0.987243 0.0774079 0.0004367 2.30565e-05 0.0161609 0.475541 0.00334369 1.55546e-05 0.0407638 0.000275308 13.8299 1.67116 0.000286423 0.30019 4.30781 0.000360074 3.82884 
4.09127 0.196146 0.257062 0.000459543 0.190141 0.0200475 0.0283408 0.0109052 0.0564761 0.0786875 0.0145254 2.01157 0.644303 0.310118 3.46442 13.8272 0.000173696 0.0611457 
0.0113741 3.67891e-05 0.387403 0.071542 0.786297 6.24704 3.12236e-05 0.146897 0.00127264 47.1119 1.00175e-05 28.0436 0.326448 0.000113337 0.0132225 23.4508 0.00118955 0.26432 
0.000750803 0.310604 0.00308839 0.0408781 5.34497 1321.81 0.00122391 0.000101978 0.0011255 0.0145542 0.0191399 0.0179831 0.0257449 0.0499588 0.711868 1.1729 0.00059797 6.2723 
6.02304 0.000672249 0.292185 0.000213804 5.6619e-05 0.051989 1.65225 0.000498753 0.000297115 490.186 0.0017167 24.2415 0.138258 0.0177589 6.96839e-05 3.65265 0.000149319 4.13128 
0.0796165 0.0132483 0.000132848 9.67623 4.20992 2.02295 0.010476 0.426034 6.73476e-05 0.392755 6.25045e-05 20.3347 0.00863519 0.00444123 3.23518 29.014 0.636326 1.5672 
0.134167 0.00251381 0.00244789 0.00147002 0.11812 64.9724 1.94731e-05 1.20283 0.00187289 1.13567 0.00484434 11.8635 0.000448689 0.000129454 0.00026375 14.4805 0.00136403 7.39034 
0.7329 0.000348239 0.613863 0.028745 8.22014e-05 1.34308 0.00488754 0.032812 0.00110109 0.0475495 8.12301e-05 77.8833 1.49128 0.00987246 0.0972049 2.53296 0.000157713 2.84202 
0.390829 0.000116909 0.166098 0.392719 0.412643 0.633284 0.0883042 2.73741e-05 0.258812 0.0442531 0.0932319 0.014466 2.98072 0.00306081 7.23957e-05 10.0736 2.93429 0.169471 
1.08083 0.253335 0.00537275 0.000116439 0.0617588 742.734 0.011779 1.59375e-05 3.37766e-05 8.36872 0.122943 0.365115 0.00561134 0.000319299 7.1244 44.332 2.32867e-05 0.720518 
8.66528 2.27477e-05 2.39343e-05 7.93212e-05 0.456412 9.41237 0.227098 3.41892 0.000485844 86.3572 6.34649e-05 1.66553 0.043337 0.0381606 0.00420209 40.3967 1.5614 3.14742 
0.00521786 1.67897e-05 1.1077 0.00950601 9.472e-05 84.8592 2.43485e-05 9.21498 0.0403775 1.24239 0.0801552 0.122927 0.000325887 0.351148 1.17067 26.8219 0.132803 0.0450289 
0.0004626 5.60648 3.82149 1.41231e-05 0.00451168 51.21 0.000915327 1.03027e-05 0.791082 289.587 2.13468e-05 0.2014 2.21572 0.00318509 0.012939 3.77441 0.0320399 5.19004 
0.000961249 0.514675 2.34007e-05 0.000115492 0.0119481 2.30881 0.000404694 0.000747015 0.0063565 0.140999 2.9165e-05 37.8556 0.357991 0.00081137 9.79665e-05 44.874 6.78963e-05 0.217921 
0.00685354 1.03557e-05 0.218241 4.89706e-05 0.00533563 0.0554608 4.10469e-05 0.000261161 1.76878e-05 2.1025 0.000100041 1.45005 1.02965 0.000258552 6.52344e-05 34.2589 0.0236386 0.502812 
0.00619297 2.86979 0.00260598 0.00487071 0.000597568 1.24081 4.08376 0.00289971 0.00234293 25.1261 0.00684729 31.4156 0.000814877 0.000497174 0.0644274 4.56508 0.00317962 8.75802 
0.000172706 8.06553e-05 0.0711644 8.16442e-05 0.290662 362.884 0.0159888 1.09596e-05 0.0214767 0.829191 2.79281e-05 0.0353428 0.0103794 0.118955 0.0389122 38.838 0.340669 0.0205062 
0.0766994 2.89313 2.17619e-05 0.0339351 0.000104482 0.0183378 2.78087 0.0449333 0.000325265 0.0141606 0.23803 0.112107 0.00306454 0.0445647 0.0795215 0.691074 0.0128022 4.16159 
0.0871735 0.0702533 0.0143242 6.28115e-05 0.585658 0.0722202 6.18812 0.00391998 2.08943e-05 0.261793 0.00208085 0.0184203 0.267413 0.265678 0.145112 0.219645 1.24944e-05 7.79304 
0.00657797 2.38514 0.000720004 0.327279 0.0334727 0.370694 0.0785912 5.07267 0.000758168 0.236723 0.445061 50.2964 1.00418 2.08731e-05 0.917193 0.522037 0.00134387 3.38845 
1.73974e-05 0.170947 0.860436 0.036224 0.189717 0.0816861 9.86249 0.0256 0.00367629 109.474 0.0537426 0.197606 1.36557 0.181338 0.000115306 0.298667 0.0229865 8.83517 
0.000129772 0.238145 5.2665e-05 0.000921646 0.000277882 341.781 2.04112 0.00922875 0.00731665 0.0340407 3.43763e-05 0.232099 0.057844 0.937382 0.759171 0.0855759 0.0205865 7.90667 
0.00410155 0.00883257 0.0170162 1.05397e-05 0.00187371 0.0215628 1.57147e-05 1.29677 0.236432 0.566795 0.00332254 0.145185 0.00108848 0.00305548 2.20074e-05 10.9583 0.0624572 2.2027 
4.89845 8.09545 2.34742e-05 0.00829184 0.739869 0.734926 2.1196e-05 0.0212114 0.0454829 0.137756 0.0694643 0.055135 0.139272 7.08314e-05 0.677284 34.0419 0.175396 0.127509 
0.137583 0.177166 0.545891 0.918449 8.60868e-05 0.0157683 0.0172999 0.00177782 0.019187 0.0694215 0.000878112 0.0330351 1.30235e-05 0.000101116 1.26994 49.222 0.785126 1.43657 
0.0281666 0.254594 0.000188696 0.0421436 0.00342999 917.428 7.08132e-05 0.0571285 0.00220384 9.42968 0.000236025 434.354 0.18694 0.00185599 1.2273 9.12844 0.000295057 3.45406 
1.68876e-05 0.00667984 0.00595901 0.557169 9.36282 3.04173 0.000111554 1.11979 0.874471 0.0476396 0.00120862 0.312926 0.0168081 0.167275 0.10016 3.37452 0.60793 9.81125 
1.68857 0.000852723 0.000884288 1.50693e-05 0.140911 67.5456 3.80137e-05 0.00100803 0.0156998 0.425071 0.0529926 0.0502372 0.000268154 0.0288936 0.0486372 28.15 0.185676 0.088794 
0.18834 0.00129904 0.000123293 7.10357 0.000208134 0.321624 2.04827e-05 1.90923 1.74573e-05 226.049 0.236459 0.132422 1.65418 0.0643043 0.168958 2.88876 6.81618e-05 4.08518 
3.66152 0.29534 1.11154e-05 0.943917 0.223558 0.230503 2.50912 0.00046291 0.00287855 0.589253 2.02482e-05 3.60367 0.0795943 0.011531 0.000500078 1.78472 0.0566895 3.69076 
4.8616e-05 0.0153205 2.31626 0.430362 6.25697e-05 3.16092 0.157422 0.0130816 0.00134948 46.344 0.00333535 2.86165 1.76736 0.0285251 0.00579417 2.0471 0.0174304 8.66843 
0.0154633 0.697995 2.38101e-05 0.00274156 0.00181153 0.258052 0.00754809 0.0243663 1.62149e-05 24.3868 0.000193503 349.287 0.119029 0.000925225 0.00305265 40.9603 0.120616 0.572425 
3.13508 4.04238e-05 3.43959 1.29366 0.00118245 0.260706 0.0548019 1.08638e-05 0.268019 4.32386 0.437683 0.0503144 0.000453601 0.0962561 0.000169123 0.516842 0.081897 8.68803 
0.00108519 4.18655 0.145922 3.46065 0.826761 357.178 0.94887 0.000246367 0.00284826 143.857 0.00249241 0.625154 0.057316 0.0282709 0.00130481 1.45691 9.58326e-05 2.82843 
0.614136 0.000203977 5.5521 1.78125e-05 3.33641 60.8236 2.7588 6.79299 0.00071742 0.0339308 0.074498 0.101092 2.6846e-05 0.000480769 0.000126885 32.4185 1.35252e-05 0.571014 
0.00640844 7.54869e-05 0.330931 2.67255e-05 4.15473 1616.16 0.00659219 0.00110779 0.00340396 0.248533 0.00129842 4.92954 0.00360989 0.0368841 0.00515802 18.3302 1.10076 4.8782 
4.20547e-05 0.242456 0.00264753 0.000149278 2.4804e-05 83.9367 0.00016717 0.551284 0.000243328 1.97602 0.0087019 1.4234 0.00929184 0.0487718 0.000280503 1.40882 0.000274099 3.24474 
0.0251301 0.0174357 0.848781 1.62668 1.76641e-05 1.0078 0.00213461 0.00163802 2.32145e-05 0.0263542 1.73028e-05 0.816835 8.59396e-05 0.000107005 0.000566756 48.299 0.00100716 0.224979 
2.34439 0.000563691 2.81277e-05 0.000225304 0.180919 12.9596 0.00390544 0.079038 1.22957e-05 0.55266 0.0161905 0.0200146 5.25117 0.0114911 3.87468 5.63009 0.00202788 0.197675 
0.649475 0.425767 4.88887e-05 5.17383 0.0379996 34.3577 0.0312737 0.428808 0.0166713 4.37462 5.82022e-05 282.741 0.0135929 0.00693631 0.13152 33.6353 2.63384e-05 0.121559 
0.142399 0.09254 6.14552 0.00805322 0.000271089 0.279142 0.67087 0.0320152 1.42014e-05 426.236 0.000321812 56.4423 0.000154428 0.00528037 0.00585825 6.62674 6.52132e-05 2.60462 
0.000311997 0.000233218 1.13424e-05 4.65416e-05 6.67591e-05 464.08 5.33079 2.87749e-05 0.120861 7.20732 0.000591666 254.204 4.43837 0.000106404 0.000129564 4.53835 0.000249343 1.33323 
0.0156143 3.33621e-05 0.15825 0.000258744 0.0461008 14.0213 5.72405e-05 0.000788814 0.00898298 0.0197373 0.0337705 0.418094 4.02844e-05 0.57584 2.06988 6.08003 0.0499551 0.082258 
0.124213 0.000377 0.0996744 0.00026459 0.323029 1132.57 0.000159525 5.37832e-05 0.0538876 0.0832193 0.00026041 2.03517 0.204478 0.00235796 2.69752e-05 22.9123 0.0214337 0.217207 
0.000582275 0.00254411 0.037265 0.0258024 0.00264315 2982.88 7.35457 0.137575 0.0168722 8.75853 4.88864e-05 34.9032 0.00175616 9.31902e-05 0.000198902 41.8345 6.67909e-05 3.6479 
0.000144235 0.0025128 2.38847 0.0287783 0.0690526 1.98524 9.65067 0.00758626 0.385858 0.015731 0.000509085 3.66325 2.91625 1.35784e-05 0.19565 0.804397 0.428948 8.21899 
0.000723194 0.115191 1.59372e-05 3.03947 3.69165 1748.11 1.29702 0.228101 0.133065 203.036 0.160645 0.620787 0.000440438 0.0334411 7.62151 7.49708 0.0155599 2.88996 
0.0057215 0.000369922 0.00047412 0.303459 4.71196 9.96039 0.0876921 5.918e-05 0.0140036 0.155441 2.18818e-05 132.879 7.72919 0.000724142 0.000134562 6.18871 3.17678e-05 0.675043 
0.000355519 0.0251244 1.73827e-05 0.000112453 0.00393092 2.03514 0.896332 0.0230367 0.0573217 0.179879 2.53493 0.97808 0.747742 0.000104546 2.47058 0.500344 0.00079396 3.27068 
0.00129112 0.00308283 0.0221498 0.000563962 0.11649 29.2882 1.80218e-05 0.147337 0.984381 1.15362 0.000131551 21.6477 0.000167253 0.0375715 1.03974e-05 2.05322 2.20355e-05 2.34586 
0.00627243 0.000238666 6.78497 0.324556 0.763486 0.0323169 0.717496 0.00363882 0.252489 0.8689 0.000156009 3.1517 3.63357e-05 0.669813 0.0138699 0.325912 0.135013 6.7254 
0.0109776 1.08005e-05 6.82415 0.111479 2.45222e-05 0.214872 1.78085 0.595249 0.00264368 0.123097 0.0227683 1.4464 0.000469111 0.243697 8.5371 3.58426 0.183242 3.88701 
0.128098 2.79024e-05 0.000102617 5.9653 0.167646 86.2953 0.0491544 2.47597 0.0261433 2.90893 0.0206919 95.1205 5.778 0.0400464 0.936427 7.96483 4.86679e-05 0.151258 
5.61786e-05 8.3058 0.149586 0.00386786 0.000193805 104.671 0.772379 1.22121 0.376092 94.3061 0.000102008 295.956 0.0288344 0.00839319 7.66932e-05 0.986768 0.0004493 8.49671 
1.45454 0.366751 0.000155963 0.000459716 0.011268 30.0851 0.925667 0.000973923 1.28414e-05 0.13743 0.000626977 2.73526 0.00168342 0.05076 0.0579524 5.8272 0.283215 6.00103 
8.0259e-05 0.000314385 5.10939e-05 0.00130026 0.000176067 147.028 0.0094811 1.26036 0.00836467 0.0145021 0.172172 0.96087 0.00120142 0.0346168 0.000278871 1.51423 1.6036e-05 1.82556 
0.000845213 0.0468181 0.00156773 1.60555 0.00241724 342.456 0.0104007 0.183047 0.0146476 139.056 1.6024e-05 0.0297122 2.95157e-05 0.00324228 0.624023 2.52614 2.75738e-05 3.64733 
0.729475 0.000236075 4.99701 0.000231681 1.71693e-05 76.2621 2.14213 4.01935 0.612354 110.776 0.0348369 0.0234939 4.9114e-05 0.000263815 0.0454893 28.26 0.000232037 3.23838 
0.000246246 5.08188 0.13269 0.35364 5.79852e-05 12.4502 1.44475 0.0342463 0.638377 0.0139201 0.0174327 0.0947332 0.483796 0.139425 2.5571 31.5744 9.37411e-05 0.034033 
0.00722917 0.00503728 5.6535 4.42993 0.47 0.0362663 0.000524747 7.37718 0.000510126 73.3124 0.000645393 6.87152 1.70593e-05 0.00171311 0.421584 4.10192 0.00461063 9.38602 
0.000179443 0.00231548 0.000115874 0.00510529 0.57482 250.146 0.000297646 5.99448 0.00624716 13.0358 0.0013443 0.0116746 0.00372837 0.7328 1.58819 1.29162 0.000386506 7.64611 
2.3373 0.74705 0.0394598 0.00237544 0.243313 0.562641 3.84163e-05 0.00474071 1.30847e-05 71.1724 0.000269014 0.122456 5.27518e-05 0.00026627 0.0285919 9.49227 1.5135e-05 1.2716 
1.08582e-05 0.0485837 0.125136 5.34297e-05 0.632915 26.0175 0.00255074 0.0906053 0.0117281 344.978 2.6316 2.47623 1.30104 0.000649881 0.000387077 2.12757 0.00136373 2.4702 
0.0046544 3.13392 0.0229465 0.00104901 0.343392 588.406 0.127973 0.438898 0.0158642 119.104 0.0217899 0.0476155 5.84231e-05 0.000111926 0.000149142 5.84384 0.00319569 8.56261 
0.00191468 0.000255729 0.00017982 0.00424418 4.58775e-05 0.0760857 0.00116481 1.01575e-05 0.00628641 0.0168602 0.00050497 0.392292 1.55369e-05 0.0019455 0.00173122 13.2831 0.00947948 0.890653 
0.848621 0.000216642 0.397104 5.53949e-05 0.117145 1992.62 4.25237 0.0217095 0.0233386 0.101433 0.00216954 2.75112 0.00782155 0.0507908 0.00738256 0.387714 3.80983e-05 9.02628 
0.294363 0.0313364 1.82251 0.000708839 1.37775 508.059 1.95742 0.0152798 0.0108543 7.69146 7.97274e-05 1.17288 0.0124376 0.0210366 4.45654e-05 2.12509 0.000129106 2.9605 
0.208866 1.06116 0.0038618 0.0175409 0.00480568 78.5428 4.7771e-05 0.00019869 1.07043e-05 1.25498 0.118593 0.180311 0.0135846 0.00359254 0.770164 6.963 1.93798e-05 1.25134 
1.81154e-05 1.30701e-05 0.000628904 4.15964e-05 0.00562613 56.7961 0.348174 3.84143e-05 9.93114e-05 9.54494 0.0307622 194.759 0.0189766 0.175095 0.00309907 0.62791 0.151948 2.51928 
2.64598 0.0045644 1.25502e-05 6.76903 0.0520009 0.0331995 0.000101978 0.0208452 0.0307185 18.4292 0.278127 0.116715 0.00461592 0.00967558 2.44615e-05 5.67918 1.1376 4.25241 
9.25288e-05 0.000280275 0.00661495 2.44516e-05 0.0931181 2790.52 3.31459 0.0972063 0.113018 0.0127519 6.36618e-05 0.0214089 0.0949937 0.00630241 0.00627736 6.89586 0.000188248 3.70854 
1.62866 0.000167677 0.000136979 1.75333 0.279634 3.84159 0.0176165 0.203728 0.021443 1.34913 9.13146e-05 0.0324483 0.0346744 0.000460025 1.28813 15.8441 0.00284755 0.463888 
0.256082 0.409657 0.000390725 1.76172 0.0109443 15.3076 0.000533469 0.000421964 0.00050438 1.58094 0.000198184 5.20331 0.00527426 0.000646517 0.000136596 32.4258 0.0004216 0.630126 
1.79966 0.000319026 1.05363e-05 9.40593 1.1387e-05 0.0128213 2.10283 4.8545 0.00359679 5.91353 1.35883e-05 86.7331 0.206014 0.000455064 3.67443 23.9413 0.142882 2.97568 
0.00121399 0.305443 0.0142198 1.53044e-05 1.64437e-05 1.68739 0.00392091 0.192657 0.119609 241.513 2.47296e-05 0.0300372 0.000855878 0.00145509 7.39174e-05 17.6953 0.000341127 0.618808 
0.548874 0.0361517 9.33851e-05 3.29422 0.00376719 756.319 0.00441196 0.000128363 0.0194893 42.3328 7.45466e-05 165.332 2.50872 0.971272 1.66972 1.9535 0.121019 0.369331 
1.84882e-05 0.210644 0.000807279 1.89581e-05 2.26082e-05 0.119739 1.93279 4.50524e-05 0.244984 27.0474 0.0800289 1.23367 1.01994e-05 0.00642429 0.196925 2.95105 4.89496e-05 7.67258 
0.0607044 0.00121888 0.214121 0.89193 0.208189 124.521 1.24644 0.463666 0.00389114 39.2922 1.51107e-05 443.748 7.95837 0.000946789 5.9588e-05 39.8571 7.88068e-05 0.226843 
9.83402e-05 0.000139165 8.06525 2.58436 0.0015453 0.0880848 0.00484788 2.34695e-05 0.0254025 392.222 0.0423054 0.594966 0.665549 6.458e-05 0.00144944 16.0656 0.000103562 4.07132 
2.06983 0.0202164 3.10841e-05 0.00024873 0.0575623 15.2601 0.017811 9.82275e-05 0.00090493 348.352 0.00025929 52.227 0.0281857 0.00309994 3.86328 12.8624 0.00121806 1.22308 
0.00107631 0.000166752 0.0181595 3.20747e-05 0.000330817 11.0356 0.00917223 2.98983 0.0113568 0.0295923 0.00010619 0.567403 2.03992e-05 0.00266682 0.000443222 3.02414 0.0394443 2.93701 
0.0010241 0.000375797 0.0161703 0.0864002 0.0486039 32.7506 0.000277456 1.92704e-05 0.0324523 0.198413 1.63563 0.171456 0.00270448 0.000167251 0.0572901 7.43704 0.00420028 1.09168 
0.00232495 6.32 6.33315 0.00901824 0.0542945 11.4435 0.353677 0.00132102 5.78267e-05 0.0709618 0.000130576 0.246645 0.0138342 0.00157951 0.367363 24.4648 0.00200788 0.160823 
0.00022785 0.0124228 0.000364272 6.10583e-05 0.00092765 2.0377 1.68984 3.10176e-05 0.0167354 452.055 5.29139 0.235936 0.0461646 0.035715 1.75486e-05 2.40829 0.0785142 3.42916 
0.00020755 0.00854923 0.00200912 0.00514934 6.90892e-05 12.1311 1.56081 1.34094 0.0124152 449.778 0.000109002 69.636 0.000349403 0.0278751 0.901044 3.87449 2.42087e-05 0.878801 
0.000488416 0.000830002 0.262955 0.0168871 0.531365 6.80653 0.00858005 0.514416 0.00565931 38.8475 0.540097 0.108839 0.00444704 0.000272059 9.15734e-05 8.72663 0.00455587 1.45836 
4.15581e-05 1.51277 3.12685e-05 2.20641 0.212108 570.811 2.39804 0.000272298 0.00127353 21.5716 7.03709e-05 0.197938 6.2834e-05 0.767206 0.225771 0.752049 0.252884 0.833714 
0.470641 3.07688e-05 0.027932 0.111914 0.0666421 1.22438 0.000345376 1.31759 0.0721047 101.565 0.208342 0.246798 3.34274 0.000166658 0.0412606 2.60292 0.091053 0.869353 
0.321656 0.000641785 0.00176782 0.892171 0.00277419 4.71654 0.0015204 0.0884563 3.21509e-05 0.0331212 0.224052 0.867625 0.641753 3.29347e-05 0.00931835 4.74026 2.1212 0.604564 
0.00141686 0.460414 0.000333714 0.0452571 0.00641493 0.630729 0.0302642 0.0171845 0.284526 0.88965 0.0283773 0.0281833 4.20404e-05 0.000813121 0.434346 34.2613 0.00294979 1.14238 
1.53756e-05 1.63245e-05 0.000595 8.53185 0.60631 293.957 3.13741e-05 0.224245 0.000288531 23.3865 0.0509589 2.69907 0.0875775 0.00385135 0.000436281 16.0789 0.107492 0.526986 
0.0162749 0.000697503 2.27954e-05 0.00156398 6.26795 2370.9 0.00083518 0.00369385 0.00166619 135.91 0.190423 0.0179015 0.000142137 0.0410547 6.6092e-05 2.83101 1.82509 8.32047 
0.0244852 0.0139613 0.00667584 0.00295895 0.0146197 0.0265682 0.0189673 0.000383741 0.000748764 134.188 3.1208e-05 0.142408 3.1363 0.00173255 0.144095 9.91411 0.000325115 2.27735 
0.00732873 0.409381 0.00139038 2.35644 9.7458e-05 1860.55 0.00387551 0.00366896 0.00475044 0.0513626 0.226498 31.1658 0.139359 0.417368 4.42323 3.62663 0.0302532 5.51092 
0.173033 0.252663 0.000473875 0.000645559 0.00128486 10.918 0.0220599 0.00118283 6.5421e-05 52.5472 2.09909 0.680473 0.00010392 0.00229878 0.000333861 31.9626 4.53213e-05 0.812119 
0.0109441 0.00739455 6.52088e-05 0.381625 0.291836 482.063 9.64519 0.575242 0.249055 0.041579 6.09388 1.09753 1.195e-05 0.000267734 5.17418 34.148 0.00174819 0.133491 
2.80515 1.1161e-05 0.00015799 0.079377 0.171667 0.0117201 0.00187212 0.0303558 0.00147939 1.2831 2.22205e-05 62.0845 0.000194686 0.0339419 0.000104637 10.6484 0.629907 0.171335 
1.43195e-05 0.00661121 0.336214 0.617541 0.00995779 0.0168555 0.0290806 0.299343 0.000264868 6.90184 0.0213857 0.0944958 0.0250705 0.0104056 1.26309e-05 2.14638 0.207416 4.34405 
0.216259 0.0254991 2.45514 6.50134e-05 9.69117e-05 90.477 0.0984827 1.22164 0.0879865 20.4192 0.0980534 0.0643831 0.0682039 0.0136478 0.24017 26.7002 0.000344472 4.32669 
4.78509e-05 0.602547 0.00477546 0.123146 0.057479 1.53828 2.9689 4.08795 0.00460012 0.0241394 4.29328e-05 0.548032 0.000121618 0.000845391 6.7057e-05 31.4605 2.09191e-05 1.41906 
2.06011 5.22587e-05 1.76217 0.221707 0.00120352 22.5731 1.33724 2.42394e-05 0.0692301 0.0363974 0.00130323 0.0907998 0.000144572 6.01797e-05 0.000328564 24.3792 0.00325481 4.08838 
5.33273e-05 3.92693e-05 2.45964 0.670851 0.318929 1.0839 0.000369633 0.822624 4.01426e-05 7.43197 4.54998e-05 0.782774 0.709888 0.0159726 0.0206232 48.4261 0.00110776 7.19111 
2.54356e-05 2.18756e-05 3.47514e-05 1.24985e-05 0.000651645 0.836397 0.148405 0.00376454 1.57283e-05 14.3111 5.16031e-05 460.763 0.00784009 0.00514283 0.173273 10.1585 0.00280055 1.03025 
0.0441414 0.974247 0.0108264 0.0208759 7.75984e-05 0.0130314 0.171148 0.127511 3.5166e-05 0.436711 0.00701631 40.1617 0.000152465 0.00437079 0.0111754 15.1739 0.00406137 3.09337 
0.0389083 5.85413e-05 0.0127338 0.0145599 0.000208163 21.268 0.00132622 0.0106176 4.62236e-05 162.66 0.296804 15.5089 1.41461 0.879927 0.655019 0.214626 0.000606012 1.15783 
5.25831e-05 0.00139652 1.59643 0.0498336 0.00548 0.0400729 1.98896e-05 2.76941 0.00082204 1.07294 6.51467 87.8166 1.4095e-05 0.0878838 6.11812 6.3633 0.0137037 0.636 
0.349012 4.89556 0.0452643 0.00883049 8.89915 251.319 1.86969 0.150742 0.000749791 67.1834 0.212609 5.89395 0.00396254 0.429378 3.66952 15.1002 0.0899576 0.141391 
0.000273683 0.0555344 0.047438 0.0318119 0.522189 74.7568 2.62511e-05 8.6724e-05 0.00124376 0.0226134 0.0024881 2.28211 0.0545595 0.000243087 0.00013024 35.7168 0.0135245 0.888864 
0.000218501 1.62946e-05 0.00850596 0.00144975 0.365646 2.62563 0.0924692 1.32528e-05 0.00434413 7.28777 0.0494822 1.51296 0.000789169 0.0142881 0.654497 7.19487 0.201176 0.896811 
0.000155318 0.0444048 3.13323 0.00136997 0.000200856 0.0300396 0.0004933 0.0204234 2.2871e-05 0.689688 0.000814756 16.6182 0.00368773 0.000112492 0.000124645 23.8653 4.47829e-05 4.60381 
7.91322e-05 0.0354238 0.000988243 5.98421e-05 0.00327408 366.449 1.23376 7.38765 1.33619e-05 0.112361 0.00362598 354.911 1.75992e-05 0.105958 0.000299381 1.09931 0.489184 1.81707 
1.05188 6.07743e-05 1.81093e-05 0.634333 0.552567 532.004 0.000850982 0.0042215 2.48045e-05 355.297 9.23571e-05 0.826503 0.000184125 0.0454349 0.0252965 35.8299 5.33965 1.08051 
1.9564e-05 0.264021 0.0188245 5.92081 1.39982e-05 1.19614 2.07683 8.03984 0.0215751 0.133935 2.01472 1.83414 9.93199e-05 0.00620595 0.0195544 2.72092 0.00891494 4.39262 
0.00199258 0.732772 4.49353e-05 7.2549 0.0279615 0.0161738 0.408057 1.84136e-05 2.776e-05 0.0435466 0.0134298 1.71549 0.00287082 0.0337245 0.00358797 11.8102 3.67713 4.27239 
0.000117477 0.0522911 0.00731153 0.000255136 0.000654396 23.6291 0.001797 2.16939e-05 0.0363231 2.69485 0.0815649 0.0537822 9.93181e-05 8.31475e-05 2.55103e-05 22.8397 0.0013155 1.27612 
0.000178991 0.00124907 8.93058 0.00463848 0.00754116 1385.28 3.0287 0.829928 1.20511e-05 35.479 1.55908e-05 0.263913 1.43617 0.00559822 0.00389926 48.3058 0.680673 3.68123 
4.41763e-05 0.000387297 0.152452 0.00538297 6.64379e-05 0.0442281 0.0962598 0.000140272 2.66178e-05 0.0145074 3.0843 1.74909 0.000281189 0.178407 2.12698 2.18156 0.134198 5.43031 
0.00117419 5.77977e-05 0.25109 0.210402 0.00180123 54.4165 0.00221763 0.0454435 0.01261 400.248 4.67987 0.0161045 8.45118e-05 0.00141116 0.00227221 3.5341 1.06916e-05 3.5503 
0.0176126 0.000449578 0.000354242 6.611 7.22886e-05 164.88 0.000146474 0.0284465 9.68244e-05 78.5494 0.00407243 0.0219051 0.000623598 0.000392501 0.0333862 29.8174 0.0031466 0.247923 
0.000128331 4.51911 6.45597e-05 0.444857 1.12367 0.277408 8.36765 0.00456758 0.000558147 0.0427648 0.0235406 79.6804 1.89737 0.0176186 5.49628e-05 0.704062 0.246214 4.96738 
4.25166e-05 0.0175256 0.000671568 0.602241 0.000217926 1.35425 0.000945286 0.0010408 5.83666e-05 1.71828 0.000230207 8.77765 5.77628 1.39793e-05 0.0105486 0.632801 0.000112232 4.03548 
0.933608 3.29801 5.47593 0.000270917 0.0187916 3.83541 2.00408e-05 8.17852e-05 0.00503745 1.83592 2.64432 0.599604 0.00585064 0.000437738 0.167156 13.8222 0.00150258 3.54149 
0.573672 6.66032e-05 9.26419 0.448371 0.00057386 0.295429 2.87916e-05 1.72358e-05 0.439567 253.886 0.674297 0.0683047 1.16351 0.192037 9.63162 33.2436 0.000446393 0.114548 
5.57329e-05 0.0499946 0.218719 0.0217149 3.21273e-05 160.434 0.0027343 0.0599325 4.41534e-05 37.8094 1.83161 0.514206 0.00333206 0.00309717 0.0051136 5.28218 0.000374378 1.59983 
0.000781693 2.28117e-05 2.61475 0.0354428 0.0235214 2.14288 0.00442098 0.000145763 9.7079e-05 0.288591 0.00231864 0.506237 5.61464 0.541299 6.57935e-05 2.16305 3.32447 1.07075 
0.00104953 0.0195262 0.00495683 0.00157581 0.000991462 0.49444 0.00196492 0.00143471 0.000123461 3.31816 4.64434 0.0183121 0.00352619 0.000136816 0.0047019 33.8359 0.10543 0.507367 
0.0177754 2.85522e-05 0.00135538 0.0200116 0.000117965 198.006 0.00136481 5.43687e-05 0.000275135 6.43788 0.0897766 0.526513 2.40241 0.0153648 0.00669586 5.90282 0.233064 8.10656 
0.000253486 2.24434e-05 1.21539e-05 0.0499401 0.166267 0.0318991 2.3824 0.463633 0.0635424 77.781 0.0384781 2.56849 0.826825 0.00950831 0.000363757 2.74529 0.00988417 7.1649 
1.98086e-05 0.000272259 2.61788e-05 1.16667 0.0832013 57.6201 0.000105733 0.000877818 1.34225e-05 0.0142487 4.19262e-05 0.0499407 0.000999266 0.00518287 1.84319e-05 5.83328 0.000658461 2.03961 
2.11992e-05 8.53652e-05 0.000165473 0.00101188 2.75765e-05 0.0205335 0.181456 3.9732 0.00014465 0.0476791 0.0124902 0.283626 0.00159768 0.0168476 0.652403 12.3972 1.41832e-05 0.45672 
6.64379 0.176428 0.000163937 0.0119241 0.000193569 20.8348 0.1948 5.60762e-05 0.00229032 11.4967 0.0463325 12.1824 0.0011475 0.0484403 1.52823 4.26823 0.0982144 1.14339 
0.00043496 0.000245765 3.58971 0.000665912 0.264879 12.2879 0.185979 0.000434584 0.0177155 0.416882 0.0124672 3.40914 0.0390801 0.169536 0.677233 1.57027 0.0176215 0.787658 
6.13127 0.0013057 0.0328348 8.95707e-05 0.0010833 786.737 0.997941 2.01627 4.9117e-05 0.0377242 0.00195995 23.8895 0.666359 3.26574e-05 2.05925e-05 2.72062 0.0867228 4.81673 
7.27306 0.000314408 0.00244819 0.0745522 0.801651 54.2768 4.50988 4.29215 0.00164998 13.9498 0.108394 0.163123 0.000117294 0.707828 0.00357135 0.761845 0.407267 0.320623 
0.178273 0.00457649 0.0224358 0.0131585 0.0010203 137.254 5.09519 0.000126165 0.229136 5.46867 0.00062893 23.4764 0.0567026 0.000113121 1.68248e-05 28.6396 9.3717e-05 3.8339 
5.72656e-05 0.000643469 0.000389713 0.000128236 0.000157654 0.0810434 0.00161333 0.234156 4.92497e-05 7.61103 0.0256644 144.355 0.342268 0.348483 0.000550885 0.376935 1.00423 7.26288 
2.28347 0.308414 0.0705894 0.000802982 0.000799402 0.0387871 0.00171727 0.0354407 0.00483091 212.022 0.176018 3.8548 0.0432012 0.000555659 2.8687 36.1125 7.13603e-05 1.00518 
0.548102 0.0966297 4.69987 0.0599713 0.0111781 692.613 2.64097e-05 0.019493 0.00703036 0.0481025 1.36085e-05 33.6542 4.84896e-05 0.0595942 1.19406 12.5653 0.000487571 0.498873 
0.0270579 0.0158193 5.15274 0.00328629 4.68708e-05 0.185716 0.0269239 2.10167 0.000585998 17.5274 1.66728e-05 0.0184889 0.000261933 0.000961602 0.393317 20.0461 0.000195847 1.92061 
0.220492 0.014103 0.000204866 2.50065e-05 0.000400341 22.8028 0.00523705 3.4704 0.0190488 491.191 0.00465126 231.918 3.1129e-05 0.00049159 0.0498157 37.2348 0.000514284 3.69844 
0.00029034 0.00348997 0.00421531 8.49995 5.53591 37.5565 0.512585 0.222057 0.00459912 269.615 0.0051754 68.942 0.852272 0.000404748 2.30903e-05 22.7523 0.000314891 0.333742 
0.00048471 0.104543 0.684005 0.000401006 0.00141331 274.665 0.654859 0.900909 0.000378031 0.377774 0.649044 4.19248 0.000731489 0.000998486 0.0037959 11.3993 1.83068e-05 2.71862 
1.53842 1.29284 0.000698988 2.75188e-05 0.00160714 0.605504 0.0169123 1.51632 0.0542654 13.5251 5.94715 4.91694 0.00648173 0.00513872 0.00013649 4.5256 0.0390194 0.939471 
4.65675 0.444073 2.05446 0.189985 1.6773 0.276269 0.752397 2.075 0.000784735 0.204536 0.473566 0.128145 0.0047651 0.000158231 0.220852 8.8229 0.00245212 2.40917 
0.00184827 7.94507 5.78998e-05 0.000305021 0.0392674 0.172866 0.00787698 0.155783 0.00819955 0.0405154 1.43032e-05 0.264591 0.000122778 0.018506 0.000389156 2.06844 0.126899 6.09835 
0.0431898 0.0636696 1.00834 0.000205231 0.000343601 0.127492 0.000380091 6.02759 7.57792e-05 0.752258 0.802635 158.669 2.56467e-05 0.0601007 7.91057 6.19697 0.00259632 2.22981 
0.00159466 0.00119837 0.27462 6.78671 1.36223 1.09909 9.29661 0.0188086 0.000177319 0.78324 5.16878e-05 3.83627 0.000791769 0.00146274 0.087868 46.8221 0.00133442 4.27997 
4.62566e-05 0.00761378 0.233417 0.00367038 0.0448819 1.41607 2.43483e-05 7.4756e-05 0.59047 90.2524 0.00193988 0.482818 9.19692 0.00202713 0.10653 48.9904 0.00813578 0.289451 
2.60969 0.554921 6.09576e-05 2.36045e-05 0.0758623 0.0420768 0.0066491 6.25157 0.00358807 0.0417533 0.00159061 0.205358 0.00100823 0.00339923 0.587724 4.12281 0.00890163 5.19382 
3.73171e-05 0.00870848 0.00187218 2.5763 0.000252251 0.416613 0.730683 0.000393845 0.00113117 0.0710861 0.00120727 262.355 0.000261473 4.85957e-05 0.00158288 18.8156 0.000119218 6.09586 
0.0099057 2.40296e-05 0.000133011 0.797999 0.839548 85.5621 3.89469e-05 0.511251 2.26472e-05 0.0152055 3.43816e-05 0.535292 0.0667867 0.00314881 0.00057126 9.5183 0.00226642 2.81829 
7.32479 0.00168466 0.00117251 0.000786596 0.000638452 3.04002 0.00043651 0.000345897 0.0138668 84.0665 0.00207904 2.73984 4.41799 0.000103276 0.0230687 49.2761 0.0994101 0.168028 
0.000353185 3.5413e-05 0.000644019 0.0337422 0.00353253 89.3981 0.004058 0.000154795 0.312231 0.0204966 0.000525635 3.27026 0.0194514 0.158533 4.55314 4.21682 0.00534763 0.830194 
0.000161769 0.02567 0.420568 0.00981531 4.22494 2.52757 0.0223593 0.000150388 0.0231282 241.071 0.94967 0.154576 0.0060994 0.0398502 0.00497025 8.1349 0.933577 0.334492 
0.0114384 0.00075849 1.82373e-05 0.00010133 0.0699879 0.0163813 0.00208348 1.07838e-05 0.380869 11.895 0.356655 0.0271905 0.748563 0.771949 1.43897 0.393386 3.66788e-05 0.920451 
2.248e-05 0.00385366 0.000170907 0.000186984 1.43199e-05 0.0293731 0.0857151 0.0244571 5.16646e-05 0.170407 0.700422 63.0393 0.000295542 0.000135626 0.00381691 9.25746 6.25753e-05 4.84627 
7.80139 6.90187 0.00381307 6.80415e-05 0.581733 0.249526 3.78564 0.000271128 0.00629843 0.0712365 0.000229462 0.813699 0.00505878 0.0886529 0.827788 4.80785 0.00604194 8.7997 
0.027472 0.00334619 0.000270888 0.000368693 0.000162818 0.0300323 1.31334 0.000628661 5.28846e-05 5.129 2.76644 0.0166574 0.000223032 0.00438074 2.39301 33.3381 0.000533275 0.275572 
0.00300846 4.66627e-05 0.000296898 0.00190718 9.6269 1182.41 0.00744256 0.000137712 6.35268e-05 0.0478998 0.210635 2.59928 0.529918 0.505879 0.265874 0.21002 0.00206882 7.80518 
0.213523 2.1736e-05 0.0465726 0.000553448 0.00746226 6.75176 0.0596272 0.00331771 0.00118066 0.0161162 4.50799e-05 0.508491 0.00282753 0.901174 6.41553 4.42395 0.0219922 9.0305 
0.0954859 0.253474 6.28564 3.85048 0.000689348 1.35674 0.000432095 2.50594e-05 1.14137e-05 0.0327994 0.00226081 0.0436529 0.0304389 0.0116719 1.47914 10.9322 0.00101212 1.7363 
0.262094 1.12992e-05 0.000325829 3.38636 0.000163995 164.803 3.37632 9.32179 1.54852e-05 135.356 0.0107671 3.79394 0.000178169 0.000598647 0.00094839 11.0898 4.15484e-05 0.851406 
0.0952736 2.12695e-05 0.00386753 0.128254 0.0709575 3.5223 0.0458922 0.00791751 0.409426 0.946613 0.0186824 57.3945 0.0785854 0.0906832 9.69136 20.2296 0.0169511 3.70547 
0.330802 1.31061e-05 4.4533 0.000104311 3.96565e-05 0.0178556 5.25841e-05 9.67397e-05 0.00044048 0.303256 0.133899 0.546925 0.109616 0.00453335 0.126356 6.63599 0.0119904 3.76943 
3.01321 0.933212 1.54556 0.000170664 0.000402332 1247.83 0.0266185 0.000108448 3.54695e-05 13.9108 3.96741e-05 0.934877 0.186299 0.0351591 0.480685 16.4702 0.000693826 0.191876 
3.74172e-05 0.716749 0.010507 0.000711211 0.00550408 529.248 1.67696 0.105441 0.000992055 0.166215 0.0857688 0.010522 7.37974 0.000197807 2.44197 0.392125 0.0198857 2.59799 
0.0219293 0.0859834 0.0543754 0.0676533 3.20478 6.32704 0.100724 0.0179164 1.09165e-05 432.96 7.23437 17.8471 3.52709 0.00488174 0.00187837 0.688052 0.197516 9.47381 
0.000159179 8.99669e-05 0.000107318 0.000189107 0.00493427 0.0677626 0.0159084 2.55928e-05 0.0156257 0.226774 3.35645 0.122577 0.000451402 0.00168193 0.0167506 4.80895 0.00263857 6.89062 
1.90944 6.60213e-05 7.39661 0.667821 8.96977e-05 703.162 0.0274943 1.95775 0.000420533 0.0687347 0.00194436 0.262532 0.00038637 0.9603 0.749908 19.2585 0.77833 0.139412 
1.17375e-05 0.000972811 0.131416 4.74053 3.30228e-05 1.1085 0.0893466 0.0275147 0.00372065 0.188492 2.07155e-05 1.47601 0.000314481 0.0927935 1.40731 5.29316 0.000242756 2.52048 
0.0241514 3.47932 2.26418e-05 0.651909 0.0809879 466.441 2.21079 0.00656978 0.000268618 2.80988 0.0147921 7.74432 0.00423668 0.00387123 0.442557 6.80174 1.78646e-05 2.93143 
2.64036e-05 0.0001713 0.0588225 0.0956717 0.205719 212.347 0.0800384 4.41842 0.800494 0.0116747 0.00403292 9.70382 0.0932382 0.0889662 0.0457107 42.6271 1.2869 0.0436639 
0.116478 0.342848 0.00295049 0.081468 0.0232748 2.10091 0.0926489 0.00285022 0.00071467 0.0831596 0.0088469 1.72461 2.16836 0.561527 1.30233 8.24397 0.571288 7.94643 
0.000107469 5.17349 5.086 1.6052 0.00240732 550.937 0.000799287 1.4492 0.0685649 5.41447 0.000470023 335.099 0.0402984 7.13185e-05 1.17927 18.724 0.000447869 3.2271 
6.10393 0.0550933 0.225715 3.68982 0.000530745 231.574 1.59911e-05 5.56046e-05 0.000341405 0.277726 0.0240068 22.3691 0.000305251 0.167052 9.40502 11.4376 1.24582e-05 0.361797 
2.49447e-05 0.000141581 4.86008e-05 1.37751e-05 0.185093 65.1235 0.00145067 4.64334e-05 0.114091 4.91067 0.00101291 92.7266 5.19416 0.00291056 0.284651 5.80873 2.29812e-05 1.06301 
3.73995e-05 1.70644e-05 0.178077 1.88208e-05 0.135236 0.0213508 2.26332 0.131422 0.00253969 1.00029 0.0101456 22.3529 0.00173661 0.0155167 0.418925 45.5965 1.64471e-05 7.04771 
0.730598 0.00470111 0.00738804 0.297708 0.921616 0.138046 2.91989 7.37627 0.00011184 1.14548 0.80744 0.508025 1.00127 0.00194564 0.598399 3.25194 8.02171e-05 8.1087 
1.22877e-05 0.18475 1.27193 0.00013217 2.49021 0.292622 0.00132576 4.92615 2.5758e-05 0.0261388 0.000103928 0.64014 0.0106182 0.0810616 0.437545 4.18685 0.0527885 0.632244 
0.176288 0.01846 4.6897 0.0135566 0.21324 90.1151 0.000348414 0.00026476 0.0143416 10.5856 0.00137197 0.0117687 0.0012882 1.91991e-05 0.0173424 30.9383 0.00153866 5.33729 
0.021016 0.404922 9.25287 0.00114315 0.753207 0.36461 4.28869e-05 0.573195 7.42887e-05 1.87195 0.412008 17.9692 0.00489684 5.25902e-05 1.01685e-05 6.66774 0.0497455 4.00123 
0.000227524 0.0324966 0.000260006 0.00151356 1.32307 164.202 2.49202e-05 0.0120822 0.0489255 1.17457 3.33745e-05 0.287358 0.00029645 0.0245173 5.25096 48.3269 7.52477e-05 0.145709 
7.22533 0.235076 1.44133 1.55589e-05 0.00040931 516.994 1.0743 0.00289223 0.00968411 355.849 0.0480789 9.34091 0.00711897 0.0052188 0.086493 5.18839 0.000339662 5.77531 
4.78822e-05 0.538253 0.0158643 4.32374 6.38796e-05 0.790976 0.00122 7.5091 0.00302307 0.132754 0.000379022 0.0118808 4.33135 0.0351919 2.33302 3.82402 3.32691e-05 2.95471 
7.40028e-05 0.149492 2.97002e-05 1.00396 0.255119 14.781 5.03746e-05 0.000449055 0.0509261 4.3933 1.75944e-05 0.0101876 0.000537977 0.010509 0.0681996 4.63389 0.144551 2.61376 
1.18571e-05 0.0813661 0.190827 0.0117765 0.00870518 2.01617 0.00288414 0.00587034 0.000101282 0.925526 1.25871e-05 0.021151 0.325268 0.0137096 0.00257642 7.11764 0.205538 1.4118 
0.355372 0.00207416 0.29543 1.58733 9.5553 1.65055 1.05337 0.0082984 5.46231e-05 5.04852 0.00192796 115.147 0.019824 0.00184583 0.0057665 24.6428 2.81244e-05 0.517627 
0.0131699 0.0422988 0.000954863 2.9906 2.19241e-05 9.8677 1.66494e-05 0.000691105 0.594214 18.851 0.0194652 4.20486 0.0156826 2.92909e-05 0.00187935 5.79835 0.714561 0.504902 
0.00171614 0.000109172 0.244748 0.000140658 0.00874192 2.52125 0.000125626 0.0131922 0.00012297 0.820095 6.2435 2.31615 3.08874 1.66958e-05 2.90121 0.552178 0.0233221 0.413247 
0.0445071 6.35735 0.00369801 0.0157419 1.1762e-05 4.92794 0.000188798 0.0703359 0.00295415 408.259 0.0010397 0.804214 6.55633 1.53618e-05 0.000129621 20.0439 0.000188214 7.28357 
0.946677 0.000209986 0.0232162 3.80127 1.71489e-05 14.6691 1.17652e-05 1.12177e-05 0.000546922 42.803 0.321377 11.2956 4.71329 0.120383 0.927976 2.98253 0.00130894 4.67112 
0.619065 1.54152 0.0291595 2.1508 3.95698 0.321878 0.00132364 0.000194338 0.00947192 1.80812 0.0147155 1.30543 0.85416 0.00207965 1.57983 39.6555 0.00146687 0.195177 
0.100983 9.76556 0.00685292 0.048783 0.000200227 53.5634 0.0207787 0.00257618 9.50881e-05 3.96732 0.0422919 0.831152 0.951259 0.00140688 1.44981 32.9808 0.000180347 3.34633 
0.513732 2.97429e-05 8.22281 0.635982 0.40432 246.655 0.0548969 4.01214e-05 7.5837e-05 9.14565 0.158832 128.821 0.0221226 0.214207 3.53704 1.97765 1.0538e-05 1.40537 
0.0854252 0.298405 0.17089 0.000616563 0.835997 9.56067 0.000929214 3.38323 0.319276 51.0538 1.03973 2.13077 0.187807 1.17483e-05 0.000902417 3.11921 4.14422e-05 5.71474 
0.000315146 5.16464 0.00140455 0.0230389 0.0064152 0.0323624 9.2921e-05 0.00709264 3.72671e-05 0.302218 7.68672e-05 25.753 0.000118972 0.00027147 0.00202737 4.91999 0.000108829 4.11852 
0.15265 0.00136426 0.000166872 0.155216 0.0845137 132.643 0.00473284 1.28827 2.51076e-05 184.192 3.51174 3.27142 1.91433e-05 0.000553281 0.018455 16.9862 0.000112219 2.63553 
0.815705 0.000662712 2.59708 0.263895 0.0616845 112.991 0.00197008 3.05347 1.04024e-05 294.022 0.0044934 0.164517 0.00187276 0.000388124 0.000910292 6.31662 0.00195207 3.26597 
0.86093 0.00018346 1.82366 0.0937902 0.000498421 453.892 5.57503 0.162007 0.373442 0.0853 2.82632e-05 0.160045 0.37771 0.0428316 0.000712404 22.1169 0.839075 0.112345 
0.0300824 0.00239976 0.00327638 0.000795025 0.825261 2.62713 0.0270203 0.000669482 4.26097e-05 32.5718 0.00715312 0.569781 0.060061 0.000279176 1.23782e-05 17.6287 0.000137192 1.3509 
0.00296561 0.000715406 5.73473e-05 0.00560273 0.388067 0.02559 0.0367748 4.80413e-05 0.000103855 0.705463 1.10319 24.3962 0.00143609 0.0449142 2.98486 37.0572 0.00162832 9.159 
0.655464 0.00551563 0.145553 9.32521 0.0108497 0.0763267 0.417956 1.35406e-05 0.00506376 0.0539773 0.00848198 125.542 1.53499 0.335652 2.33067 1.75999 0.000488479 0.97809 
0.0179231 2.99022e-05 0.0269123 0.000273495 0.0012109 1.07284 0.525773 0.0331837 3.22639e-05 74.007 0.000139224 15.6946 1.07283e-05 0.00243643 0.943463 17.3708 0.000149323 0.691771 
0.0050769 2.97689e-05 0.00676802 3.9863e-05 0.00177801 0.120836 0.00660162 0.656172 0.00242465 4.20479 2.79997e-05 0.651587 0.0190174 0.000253757 0.000252882 11.6639 0.000137293 3.19541 
0.0140597 0.369168 0.0012603 0.00152923 3.29965e-05 20.504 5.37221e-05 2.04161 0.544646 0.0173062 1.11118e-05 3.62476 2.62388e-05 0.0149985 1.71075 21.0199 0.00047238 1.83359 
1.47225e-05 0.000230774 0.000198265 0.000373328 0.00335396 15.9394 0.1936 0.00144738 9.38674e-05 101.364 0.00514277 0.0822832 1.99849e-05 0.0204669 7.39333 29.3015 0.000919451 0.485329 
0.00201134 0.464238 0.000374545 0.151794 0.081094 0.210216 2.3769e-05 1.65373e-05 0.000132232 106.855 1.40242 0.0191039 0.107481 6.46772e-05 0.243312 48.4563 0.000134153 4.90539 
0.00910569 0.000133641 9.29493e-05 4.02904 0.000728078 191.426 0.00921984 0.00773398 5.56314e-05 24.5837 0.000144741 0.062937 2.78544 0.421657 1.9598 3.16119 1.8033e-05 9.57014 
0.000673947 0.0555952 1.02857 1.97249 0.0162413 1.83878 1.4644 0.0473297 0.161244 0.560661 1.41619e-05 5.03657 0.0810072 0.00656394 0.805075 19.7314 1.34671e-05 3.24822 
0.992311 4.14094 0.0011666 2.11488 0.206264 0.577977 3.97419e-05 0.355241 0.000460143 179.063 0.0454698 1.11622 2.0556 0.237483 0.0267863 19.3391 3.44809 0.269569 
5.85039e-05 9.1792e-05 5.69114 8.80541e-05 0.0603817 0.0169 0.000759088 0.130015 0.000652829 0.405552 5.0067e-05 1.33047 0.344778 0.00169073 5.76341 31.0217 0.000820725 0.592261 
0.000323479 0.429193 0.0983234 0.246917 6.69621e-05 454.458 4.15857e-05 0.000194507 0.000822976 0.0169816 2.69362 0.42913 0.037198 0.0143566 0.000504425 2.67147 0.216464 7.1937 
0.0489985 0.265143 0.0137307 1.58853 1.95169 640.577 0.00341652 3.69178 0.165444 336.886 9.43545e-05 3.2885 0.00944611 0.282196 2.79659 4.09453 0.0092847 5.62795 
0.874031 0.0315798 0.00017655 0.000584314 0.000183509 0.0169046 0.016344 0.00288989 1.95692e-05 16.1603 0.0572886 205.304 0.0732348 0.00797553 1.22693e-05 31.2449 0.57334 0.175349 
0.370825 0.00021554 0.00645509 0.326207 0.285356 0.0221599 0.00139333 0.0131358 0.0386715 1.48271 4.61152e-05 5.14919 0.000266781 0.0396175 1.94354 7.08552 0.00665083 0.735647 
0.00528593 0.352318 0.0314497 0.000526365 0.0674259 0.144952 0.00312583 0.00646595 0.0364778 16.607 1.68114e-05 0.420189 0.317808 0.0476977 2.13965 13.1861 0.000767448 5.51305 
3.0479e-05 0.0594611 1.33168 4.01921e-05 7.77187e-05 4.05155 0.00699066 2.11228e-05 9.54032e-05 0.0909466 0.0223278 1.43488 0.0828349 0.0648442 0.000515141 8.74564 0.852509 0.151194 
0.00737664 0.0438927 7.62655 2.07741e-05 4.33689 61.9222 1.94626 0.253221 0.00134737 2.44037 1.68933 0.230563 0.00384938 0.231495 0.000493068 16.7891 5.69976 0.830893 
0.120878 2.44713e-05 0.0108576 0.849661 9.42351e-05 5.97419 0.00904026 0.00181239 0.100055 0.204609 9.04121e-05 48.3223 1.43859 0.000124322 1.38889 29.2992 0.0188302 0.159257 
2.80467 0.0863116 2.34908 0.0190561 0.000119277 0.0610323 7.16888e-05 0.000655625 0.00411743 0.74747 0.00261896 0.565217 2.67376e-05 0.00944542 5.13694e-05 9.33973 0.235807 1.04365 
0.011374 0.000414111 0.39108 2.557 2.01988e-05 6.43987 0.34099 8.29572 0.434592 0.213437 0.000159953 0.02686 0.112144 8.83013e-05 0.00587838 47.4716 0.69554 0.58461 
4.69908e-05 0.0045379 3.06379e-05 1.24568e-05 5.22823e-05 2047.16 4.91835e-05 0.0377151 3.14196e-05 0.221257 0.0261369 0.0886602 0.421528 0.000206229 2.01178 5.63127 0.00162128 3.06185 
2.21875e-05 0.00154238 0.138239 2.39824 1.87419 51.4474 6.75987 0.0201112 0.00469606 358.985 0.00136504 0.0488533 0.0369375 0.000214231 0.0594779 6.35382 0.0271395 3.61151 
0.168721 0.00309006 0.0010808 5.3008 0.00130421 4.30339 0.482149 1.42176 0.000286393 1.91526 0.0997351 0.0283128 0.000300437 0.00928548 0.255484 4.99404 0.194771 1.86413 
1.29493 1.43471 0.000269076 0.00404722 0.381933 289.285 0.123767 0.000198264 0.0308618 23.194 7.05671e-05 311.805 5.63574e-05 0.135515 0.00504418 0.575464 0.505197 5.20132 
6.44416e-05 8.23038 0.0015028 9.19775 0.000639904 187.619 3.63589e-05 0.000316274 0.000217685 0.0464743 0.0012339 0.443906 0.063928 0.00123253 0.0329367 20.4957 0.0306382 9.90234 
0.0154212 1.21133 6.53844e-05 0.0339614 4.10638 2800.59 0.00629347 0.97822 0.00269706 0.0952286 0.00808941 0.075334 0.038123 0.00215345 0.434498 47.4655 0.00112181 5.68039 
0.00297779 4.06634e-05 2.36151 4.23128 0.00144739 18.9612 1.55603e-05 0.041659 0.0767709 229.246 0.00262986 16.9461 0.411136 0.000109949 1.3056e-05 34.0568 0.0481776 0.695963 
1.55874e-05 0.000411278 0.00198936 4.38122 1.91056e-05 373.841 3.90767 0.000975965 0.294667 1.72658 0.12698 0.209285 0.000916883 0.000290665 1.60958 32.9488 0.000643933 1.31733 
8.59152e-05 1.39555 0.0137099 0.238556 0.0427482 3.30949 0.00165703 0.378844 0.00609208 317.234 0.0705723 345.762 0.000223128 0.00239109 0.0015544 3.95224 0.0760734 5.75653 
0.000128869 0.020477 0.44378 0.00122202 0.0121244 0.012195 0.250696 2.99017e-05 0.000871881 366.196 3.30664 264.2 0.00744219 0.0162189 0.073446 8.26984 0.000343217 4.93965 
0.0849743 8.44626e-05 0.00864432 0.000410263 4.49371e-05 5.8795 0.000293206 3.08178e-05 7.24253e-05 430.381 0.0105029 216.758 0.0368831 2.62367e-05 0.00323406 22.6841 0.000580272 0.373886 
9.39697e-05 0.973588 0.0166429 1.12691e-05 0.000549183 67.5651 0.000357734 6.49639 0.0138875 5.94871 0.0077141 1.45428 0.277254 0.00634685 0.000228598 3.31477 2.37697e-05 6.12316 
0.00275029 1.24682e-05 0.00304432 0.100022 0.258395 2091.51 3.05331 0.00830948 0.0465242 31.6908 0.000128126 0.0280355 0.00040661 0.0222811 0.268777 3.15892 0.00550871 6.91163 
0.263749 0.0123432 1.60652 7.95989e-05 0.00885269 1.8885 0.862683 0.000249919 0.19853 40.8407 0.0132689 27.2375 0.494376 0.143314 0.189138 4.50189 0.366788 1.6941 
5.91075e-05 0.00155847 6.92599e-05 0.000337262 1.82244 0.0103875 2.3135 0.0508457 0.000150104 9.85485 0.583753 0.0175485 1.68062e-05 0.178059 0.204614 48.6678 0.683605 0.0202051 
0.000127363 0.000346193 0.00126009 0.00903917 0.00199526 23.8967 0.0734903 2.11571e-05 3.15814e-05 432.88 0.0557658 0.023678 0.000433677 0.0617471 1.9269e-05 8.66917 0.566588 0.828031 
5.88984e-05 4.43048e-05 0.000113239 0.116965 0.00024064 26.1911 0.11796 0.190599 0.246978 0.0938715 5.32826 0.132399 0.000457522 0.515979 2.01733 1.55378 0.000159523 1.38102 
4.12523 0.00125015 0.0538212 3.842e-05 9.48418e-05 699.646 4.00293 5.56762e-05 0.00100142 81.7322 0.00075587 28.0335 0.0559537 0.000698794 0.000979293 6.2533 0.0379475 9.76825 
0.0170859 0.00121899 0.00109122 0.023108 0.761042 2.03443 4.58256 4.51964e-05 0.000155436 28.0041 1.47724 0.055043 9.0507e-05 0.00731925 0.0055214 13.4499 2.0044 3.34395 
0.00918414 1.01871 0.00421196 0.000635701 0.0725178 2383.72 9.21434 0.00400052 0.0203806 2.72956 0.114017 41.524 4.41564e-05 0.116243 2.16633 5.32329 0.329574 1.09829 
0.103175 8.51841 0.491089 0.171407 1.61821 19.6608 0.00527135 0.228852 0.0386999 196.758 0.000113474 0.545093 0.38831 9.37127e-05 2.27918e-05 7.55344 0.00063457 2.23315 
0.016798 0.0123545 1.47714e-05 0.00371686 0.00366491 273.263 0.00465709 3.16614e-05 1.07076e-05 75.3616 0.000108035 35.072 0.301086 0.00160439 4.63395 29.2324 0.051776 3.64099 
0.114968 6.64845e-05 2.09474e-05 0.368336 0.00218945 44.9634 2.12799 0.0031927 0.000667724 1.14627 0.0170467 24.3484 0.01154 3.4691e-05 0.0793917 31.5895 0.000258689 0.778879 
0.00051283 3.98792e-05 0.712966 0.0413735 0.000186235 0.0589664 0.0201076 0.000127546 0.0252261 0.173834 0.0251862 0.0447096 1.13932 1.20484e-05 3.20264 40.2761 0.000334947 4.77044 
0.0177474 2.41302e-05 4.60994e-05 0.179689 0.000930508 59.4538 0.0256581 0.000976219 0.483585 0.0699248 0.472222 0.155914 1.72543 2.22813e-05 1.30659e-05 0.94404 1.73261 1.44977 
1.92952e-05 0.0012142 0.000124231 0.042138 9.03855e-05 774.696 0.000480714 0.0242049 0.0429423 0.800739 0.418105 0.211435 0.229025 6.17813e-05 1.16199 17.443 0.0180594 4.83448 
6.66324e-05 0.000327358 0.233877 8.04886e-05 6.69408 763.944 0.256127 0.200429 1.32349e-05 0.199712 1.994e-05 0.299064 0.501354 0.000394616 0.000117717 9.48017 0.0774593 3.65606 
1.35788e-05 1.72672e-05 0.00381985 8.74602e-05 5.06863e-05 42.2391 0.000467869 0.0362108 0.184715 87.2044 7.41308e-05 6.56356 0.000807775 0.000166694 0.198539 28.9327 0.0273004 1.92109 
6.6923e-05 1.11011e-05 2.34988 5.06794e-05 0.00103082 0.0269106 0.668595 1.10317 0.00020142 0.145504 0.000120547 0.294008 0.000196412 0.00099779 0.0168782 5.43895 0.00186447 4.07418 
0.0305878 0.000221569 0.000581937 0.970845 7.98517e-05 56.1632 2.87977 0.00295416 4.27383e-05 1.76615 0.0138831 115.616 0.182505 0.000226126 0.462496 38.1945 0.0357209 0.26862 
0.00115996 0.00380898 0.220551 2.17243e-05 0.0326307 634.251 1.12018 0.0868195 0.0340556 377.452 9.75695 8.50663 1.76367 0.260549 1.45729 1.62397 0.00230395 5.8588 
0.0201488 3.87152e-05 0.545956 1.85433 0.742509 3.53633 5.81994 0.97009 0.000115964 3.55469 0.00274524 0.536964 0.264866 0.418778 7.65279 1.32716 0.00216746 8.65542 
0.471015 0.00137417 0.00101013 0.000109099 0.001282 141.654 2.24986e-05 0.0185675 0.194867 2.38166 4.85952e-05 1.3304 0.000233714 0.121697 9.82704 21.2596 4.47247e-05 0.253844 
0.000551344 0.000169414 0.659392 0.000449686 0.0062024 25.9 0.0394386 0.00206945 0.000849878 2.81612 0.000203241 1.97526 0.0706658 0.00336637 2.94555 21.5718 0.50199 9.59689 
0.00238351 1.69625e-05 0.0192133 0.0182079 1.70871 0.264865 4.78692e-05 0.0561042 7.55739e-05 271.264 0.000112698 0.149441 5.7299e-05 0.000739088 0.145224 8.04785 0.000632352 7.67199 
6.29925 1.96543e-05 9.27886 0.04349 0.000511004 0.130218 0.925534 0.0320902 0.000216698 0.413946 4.25147e-05 310.408 0.000103156 0.00246074 0.692971 29.5725 0.003897 4.68773 
8.38236e-05 0.000139777 5.2105 0.165376 0.0125819 1.54201 0.00437126 2.90359e-05 3.52816e-05 2.79307 2.82681 0.0158487 0.0173699 0.0442629 7.3978 33.2982 0.00395343 1.69747 
0.000145148 0.228711 1.55033e-05 0.0694233 0.796683 1136.16 0.562311 5.14127e-05 0.00276924 16.7773 2.49854 0.15192 0.00470951 0.0187899 2.40851 30.3776 0.00218658 2.08818 
8.67633e-05 0.000223749 0.000265856 0.142693 0.00623754 4.72661 0.000533383 0.00197044 0.000165957 55.7364 0.0215845 0.684247 6.73192 0.317015 2.387 1.00053 0.100252 6.27501 
9.62464 1.28169e-05 5.67264e-05 0.0169017 0.00592529 410.838 0.00029727 5.54519 0.00205477 0.260553 0.000180356 0.353977 1.15173e-05 0.0036399 4.30755e-05 24.1572 0.214987 1.07919 
0.228539 2.76907 0.0221364 0.00017507 1.61596 716.057 1.09089 9.83983e-05 0.257759 94.1171 1.00426 0.0871509 0.00668127 0.125184 2.69938 8.40764 2.00241e-05 0.974669 
2.33147 0.00583183 0.0441444 3.67427 0.000123013 1.78927 0.000722887 0.00525551 0.00589066 8.71976 0.000542263 0.18492 0.000892486 0.000422597 3.89139e-05 17.3579 0.00784322 6.03592 
0.210408 0.261327 5.75836e-05 3.57027 0.423815 0.025173 4.39484 1.68444e-05 0.733549 1.1466 0.80892 0.0111394 1.99082 0.000348319 7.90077 9.40478 3.21265e-05 1.47891 
4.84961 0.0185359 0.0110859 0.00588003 3.12331 2.27043 9.94178 0.00543986 0.00420797 0.706343 0.149745 3.49825 0.00012084 0.00316867 3.44356e-05 45.2377 0.360953 0.197754 
0.000797011 0.000653616 0.00170612 2.0815 1.94453e-05 154.799 1.55052e-05 1.31358e-05 0.000252005 0.85353 0.0606202 43.405 0.0628279 5.41736e-05 0.752252 17.6872 0.000187697 9.01612 
0.000318648 0.112984 0.000251231 1.31106 0.00454045 0.19176 3.91273e-05 0.0104502 0.412815 0.282019 0.000106714 5.87895 0.0592359 0.525669 1.34179e-05 2.933 0.903867 0.364246 
0.0691427 5.03986e-05 0.0956447 0.586027 7.26658e-05 553.469 0.0253322 2.03545 0.0117043 0.0643954 8.99688 97.6537 0.0139277 1.88495e-05 0.44721 0.418713 0.0553863 0.802805 
0.000759466 0.000504262 2.61835 1.44998e-05 6.00348e-05 3.47356 0.00270338 0.109467 0.0121733 2.1954 0.0574225 20.7038 0.330342 0.00754253 2.72116 7.81586 0.171825 0.208415 
0.0215959 6.42385 0.000451905 4.68584 0.0328613 1539.15 2.09176 1.57025e-05 0.668184 3.82542 5.90569e-05 0.0590668 0.0282857 3.97987e-05 0.00213693 28.2689 0.0328813 3.4691 
0.0953831 5.18206 6.84414 0.000657674 0.188802 11.6405 1.38935 4.39579 0.147813 4.70644 1.59095e-05 0.0861693 0.790514 0.143159 2.81341 4.13197 8.77325e-05 1.04757 
0.369281 0.0103575 0.0137536 5.81467 0.00471371 272.401 0.00559652 0.130314 4.39153e-05 0.222698 0.0653385 20.7833 0.0209735 6.88352e-05 3.7991e-05 8.048 0.00570895 5.62587 
0.000189158 5.10338 0.00231254 5.74206e-05 0.00552178 800.188 0.26322 0.000131116 0.0646371 0.305559 0.000349572 14.6517 0.190787 0.0105202 7.57213 34.3798 0.000281632 1.23445 
0.39182 0.0481011 2.25761 0.044314 0.0347368 0.0550996 0.00367751 0.000635876 0.000192212 0.738715 7.32731e-05 0.0685913 0.0277481 0.00379744 0.385329 20.3125 5.11307e-05 0.685454 
0.000159722 0.000262157 0.000339911 0.0115968 0.0358388 0.0578212 0.00010273 7.11811e-05 7.01812e-05 19.9731 0.22931 256.145 0.000701525 0.0079368 2.32077 30.6227 1.28327e-05 2.40573 
0.0108752 0.00124883 0.0789989 1.54992e-05 0.523603 0.845373 1.4315e-05 1.08328e-05 4.0825e-05 150.936 2.78503e-05 0.0119801 1.18186 0.000118202 1.40654 18.8265 0.00150065 9.28338 
0.000137019 0.000212318 0.269676 0.378705 0.00282999 1.68505 2.16287e-05 0.00349181 0.000710384 29.3907 0.00402503 1.0848 0.217076 0.00427394 0.0660462 6.05727 0.19716 9.52089 
0.00417798 8.31202e-05 1.3313 0.000266834 0.000139126 0.859247 5.6244 0.0729219 2.65156e-05 0.58991 0.00308021 399.399 8.63359 0.00167813 0.000609998 0.878429 0.338683 2.91532 
0.23512 0.00074771 0.017731 0.114122 0.709451 2865 4.64061e-05 9.58787 2.53516e-05 0.100571 3.80053e-05 10.3592 0.00242241 0.00088979 0.133679 11.3576 0.00232433 3.20844 
0.0787677 0.000449072 7.21513 0.000146112 0.136856 182.532 1.55946 2.4983e-05 0.00757037 8.95187 0.0125749 1.03214 0.0233181 0.186267 0.0310157 1.20838 1.15848 1.74741 
0.00185392 3.88165 0.00126182 0.0475983 0.00492861 1.6378 0.000752931 0.000351962 0.0216434 7.50613 0.00591079 16.6995 0.0389622 0.0427004 0.613215 10.0185 0.000110002 0.510499 
0.00809096 0.204936 0.0911396 0.000622861 0.00634015 2390.27 0.0015605 0.556987 0.000554648 0.25367 9.70595e-05 2.09558 0.0125011 0.567938 5.12244 1.88111 0.0017501 1.36112 
0.000268147 3.46846 0.0218244 6.15718 3.64131 71.1671 1.8243 0.00138365 0.0129087 3.8725 0.00783646 0.0135967 0.00192282 0.0013856 2.15727e-05 9.19884 0.000150861 9.05258 
0.31705 0.000563048 0.00940821 5.63436e-05 0.000238859 57.9594 0.00169793 5.02901e-05 1.04056e-05 0.0237021 0.0156798 0.078366 0.00360862 0.407927 4.68473 1.59491 1.71641e-05 4.69905 
0.036201 0.000205213 1.57942e-05 0.0184127 0.0234946 0.0670484 0.000121161 0.136664 0.0240086 40.7407 0.0641914 4.42444 0.0714898 1.2379e-05 0.00763455 24.3104 1.23685e-05 2.83885 
0.140955 0.0126685 0.00385475 0.0314428 0.000427349 132.299 0.000973732 0.000185773 5.33109e-05 111.585 2.03241e-05 0.435693 0.062409 0.000862589 0.115682 24.8905 0.639639 3.90684 
0.246178 0.000115214 0.000434805 0.868238 0.00347091 217.498 0.00228807 4.72656 0.0473156 0.140783 0.00045789 106.022 0.000110177 0.000154279 0.00161889 43.393 0.658973 1.61897 
0.00174654 9.25888e-05 0.000600999 1.04127 0.00228315 14.3564 1.99625 9.09357e-05 0.0270692 0.0221637 0.0015668 25.9687 2.31035e-05 0.0069866 0.127522 4.642 0.0514739 6.23254 
0.00223843 0.000311258 0.001128 0.13368 0.00898533 0.758785 0.00680661 0.0501602 3.82785e-05 0.32906 5.69549e-05 0.0382842 0.727978 0.000596775 1.16639 16.2701 0.000305662 2.53797 
0.108447 1.78909 0.0218856 5.03387 0.000262617 25.3588 0.120967 0.0102161 0.00136499 4.6856 0.0103456 0.0694331 0.0163334 0.367795 3.49828 5.45479 0.0770589 0.396751 
0.00204457 2.46191e-05 0.0301949 3.66514e-05 0.000468661 0.0103841 0.00118531 0.0837964 0.0114392 288.494 4.97523e-05 2.80746 0.000684568 0.0164439 1.15917 8.69064 2.28802e-05 3.70697 
0.000466492 0.481641 5.67189 1.32702 1.11463 16.4892 0.00204832 0.000151379 0.0279701 0.0130971 4.07498e-05 7.0469 0.0450925 0.00336661 0.11531 8.13444 0.0336453 7.22469 
0.0318747 8.88835 2.57697 9.04173 2.47785e-05 23.7329 8.95465 0.00954326 1.94993e-05 129.002 0.440618 0.241741 0.000393903 0.00172526 4.0128 13.5208 0.00607097 6.16697 
0.00889376 0.301812 1.59325e-05 0.00851166 0.245661 0.173237 0.310552 0.794039 1.17054e-05 32.7437 1.91964 0.0143909 0.00246195 0.0164664 0.000564757 4.63755 0.142529 3.11247 
0.000654218 7.14698 5.48234e-05 0.000103019 0.000197668 0.0109516 0.0457072 0.000629871 0.0604534 0.345905 0.488115 0.179918 0.00249939 0.430321 3.67673e-05 3.03395 1.63378 1.97252 
0.0517586 3.82815 4.44545e-05 0.472223 1.04264 15.1399 2.09358 0.000297672 0.0211364 0.667794 0.00294597 23.7667 0.000132317 0.00561115 0.000205478 7.1912 0.872449 3.41999 
2.54209e-05 0.00458103 0.000122873 4.30435 0.0218608 519.318 0.000667639 0.0522064 0.544267 13.8627 0.00283631 195.552 0.00526753 0.0585096 2.31224 0.202488 0.00236142 3.53423 
0.00358886 0.0001042 0.0177874 0.0100967 0.000140966 0.0110665 1.19655 4.96393 0.0323039 7.49758 0.0179087 277.896 0.00105432 0.00514989 1.57325 5.61784 0.000210061 0.111735 
0.323277 0.162971 3.44426 0.00540873 0.0141233 3.09002 0.000265443 0.253189 9.62759e-05 3.65678 5.96833 18.4432 0.000990365 0.00013634 0.768005 20.0325 0.00114928 0.964586 
4.2785 0.000100728 0.00345063 0.0111689 0.190998 83.463 4.62351e-05 4.15295 0.0441352 0.282428 7.01673e-05 77.359 1.19121e-05 0.0403253 0.0121689 4.07971 2.00859 6.53531 
0.0311868 3.3348 1.77222 0.00626048 0.211924 0.0308766 6.33256e-05 0.626258 0.000108075 1.11958 0.000818484 0.418455 0.00878081 0.152205 5.3766 3.20176 1.0298e-05 1.8809 
2.11189 0.00114063 9.49755e-05 9.56788 0.0458109 9.81303 0.122588 7.58067e-05 0.00270694 0.0217513 1.46113e-05 0.108099 3.71407e-05 0.0984866 0.0233758 14.5401 1.82663 3.73415 
9.59319e-05 0.000564284 7.85464e-05 0.000278889 1.09283e-05 4.1766 9.68177 0.000424085 0.000378302 1.30163 0.00327481 0.0149152 6.13087 1.23268e-05 2.15865 27.7442 0.00102197 8.3504 
0.000254099 8.8998 0.000223206 1.91752 0.152297 7.13099 0.972233 3.33436e-05 0.0756141 1.01872 1.30336e-05 93.8342 6.49818e-05 0.0038309 0.000630783 11.1705 0.497712 2.0886 
0.000875396 0.0031661 1.46156 0.0219294 6.1356e-05 82.429 4.80623e-05 1.38766e-05 1.11269e-05 7.8095 1.94164 1.13175 6.43148e-05 0.030209 4.77014 45.7506 0.043809 0.406452 
0.0360061 3.56476e-05 0.615008 0.000224345 3.76831 0.700265 0.0021463 1.2849e-05 0.0617393 0.0688339 0.00109113 15.1679 0.00314299 0.000158962 1.45518 45.5347 0.00039836 4.76652 
0.000151176 0.000291848 1.59048 0.0132764 3.51679 1.0963 0.133322 1.7865 0.000447327 0.649397 0.0192059 242.769 5.03121 0.00019519 5.39632e-05 1.27934 0.534686 1.47385 
0.052771 0.000136929 0.379666 0.478976 2.55996 235.147 0.376758 0.000755609 1.99377e-05 1.79854 4.06336e-05 341.239 1.67511 0.00735849 0.086254 11.6106 0.18133 1.4767 
0.173101 2.16283 0.0230348 4.30503e-05 0.0711963 0.0919769 0.00482248 4.77558e-05 0.511157 100.471 0.8146 0.287851 6.39656 0.00210587 0.385473 2.9982 0.210529 0.95696 
0.00480104 1.14504e-05 8.66144e-05 0.0533232 0.00130001 0.0103485 1.11523 0.0199362 0.000148281 0.0109187 0.27165 0.151445 0.00967311 0.127559 4.22678 13.6644 0.035231 0.279213 
0.00942681 0.00327273 0.0246528 0.000222758 0.00604606 7.49864 0.0864278 0.0307901 0.000112509 286.817 1.83984 0.425317 2.71451 0.967034 7.44559e-05 0.279706 0.83887 1.61038 
1.73652 3.77127 0.00643686 8.64837e-05 0.00028336 0.0356229 0.0403547 0.0218467 4.53535e-05 1.79732 2.81526e-05 0.031226 0.00111332 0.000822867 0.68422 35.4645 0.000814335 1.0517 
0.000232755 0.109454 0.00107148 7.32066e-05 7.56564 15.5332 3.19513e-05 4.18561 0.000311774 0.0564602 6.73652 0.12609 0.00364172 0.0468448 0.313512 3.49235 0.000119254 9.89436 
0.108636 0.555161 5.2244 1.96743e-05 0.354498 1725.32 0.000129279 8.77443 0.000175346 0.180523 0.000175341 1.48853 0.000256659 0.000139269 0.000193768 25.0362 0.775277 6.09664 
0.114594 1.14814 2.36369e-05 0.0741522 0.000187372 0.370171 0.56928 0.0207091 2.37443e-05 4.55657 0.0125799 0.636795 0.0338138 0.00161752 9.83875e-05 13.2699 0.218587 0.798941 
0.00626597 0.841261 0.0114888 0.146128 1.68814e-05 0.0328268 0.00692743 0.0153408 0.0737604 250.383 1.84092 0.123511 0.00537581 0.0129859 0.199012 8.67944 0.355701 5.79861 
4.0275e-05 5.53485 0.000919459 2.6262 0.0154407 5.58976 5.97536e-05 0.444346 0.6669 67.2036 0.0129677 0.014111 0.240321 0.00090627 0.502503 17.6642 0.0359019 1.85293 
0.177194 0.514022 0.00304379 9.50608e-05 0.423865 2966.47 0.000228686 0.00120997 0.000266316 12.284 2.98356 0.0102053 4.29945e-05 0.000111153 0.773663 27.8491 0.00101041 1.38526 
0.880267 0.00252109 1.82691 0.502819 0.00899491 0.410576 9.43508e-05 0.000455807 0.000197511 34.7061 5.31004e-05 174.331 0.0129053 0.202079 1.77954e-05 2.41586 0.940068 6.31401 
0.0214648 0.0944749 0.00348862 1.5681e-05 0.718049 40.9909 0.000119644 1.90184 0.00480418 0.227833 0.00145242 2.79755 2.51517 0.00208549 2.61266 15.7028 0.0368619 3.15325 
1.2202e-05 0.00222775 2.13279e-05 4.59933 8.90085 13.772 0.350413 0.00022674 1.80534e-05 5.9769 2.93099e-05 480.833 2.78994e-05 7.07684e-05 0.0252512 44.5659 0.00570425 6.9271 
0.000171301 1.46373 1.08039 0.000196513 1.78729e-05 1227.61 0.00131924 0.00914052 0.000172994 2.24361 0.000420423 0.13233 0.00293227 0.000496054 0.0115747 13.0271 0.000210299 6.21514 
1.29834 0.0115375 0.0636771 0.00287736 1.24461 1.91564 0.787513 0.0115584 0.00334381 344.952 0.186552 15.4506 0.000152954 0.0183642 8.81357 42.6706 8.43012e-05 0.992346 
0.00164429 0.0727508 0.00212868 0.112289 1.17842e-05 67.4534 0.930296 1.09168 0.70592 141.007 9.62314e-05 42.8116 0.000219202 0.804979 1.9168 0.928731 0.0609203 2.14696 
0.673256 0.0262107 0.000489153 0.0040794 0.022321 1121.12 0.00555093 0.00195655 7.2759e-05 317.561 0.630109 45.0575 0.00330843 0.166131 7.76923 5.38521 1.24275e-05 8.23639 
3.81393 0.000211752 0.0011078 4.96921e-05 0.172867 50.0242 0.00105379 0.105955 1.74197e-05 0.0107136 7.51025 0.421349 0.000337747 0.209363 3.08809 6.07323 4.00367e-05 5.33196 
9.97068 0.0124909 6.30673e-05 1.24575e-05 2.44206 0.0736473 0.244524 0.0483949 0.327452 0.0535111 4.77731e-05 2.82113 0.506337 0.0782747 0.00812478 38.3567 4.88974 8.3449 
2.16447e-05 0.000687031 0.621467 0.00151871 4.09733e-05 0.0612856 0.964008 0.000116703 0.0929415 0.156522 2.397 0.09236 1.21887 0.000160222 9.51278 2.24267 0.000754171 3.13439 
0.00962702 6.97088 0.000121203 5.81649 8.84027e-05 0.0486998 9.23023e-05 8.83597 1.25216e-05 0.0174344 0.130594 64.1167 0.00694399 0.000830301 0.790934 31.2264 6.79493e-05 1.12097 
0.00719376 0.00162204 0.000812214 0.0531889 0.000109545 783.71 0.00834223 1.61129 6.36023e-05 2.67332 4.4686e-05 5.61152 0.0173783 0.298595 0.0582961 20.6779 4.39765 2.79837 
0.000680635 0.00706715 0.35284 5.46287e-05 0.00890076 27.5953 0.072766 4.42138 6.4358e-05 5.30527 0.00075143 18.2558 0.0286136 0.00375228 3.03106 12.4475 0.059693 9.10451 
3.15177e-05 0.00101793 0.140481 0.000263642 0.00145042 0.174773 4.04201e-05 0.0193073 0.00410109 0.0776311 0.00501554 0.106587 0.0403477 0.000647551 1.24826 30.6634 7.35925e-05 4.17684 
0.000119597 0.000154451 4.47508e-05 0.0886137 1.23434e-05 8.96724 0.000256438 0.0903205 0.00443429 0.0145283 0.277238 0.176513 0.0187503 0.0289078 1.772e-05 4.59158 0.705346 1.40633 
8.96163 0.420081 0.00046625 7.39542 0.127494 2.07932 0.778395 5.50679 0.0662716 0.0172447 0.0664471 0.148089 0.00622498 0.0110986 2.79679 9.42991 0.035072 7.07633 
0.000119007 0.129491 0.237292 1.13335e-05 0.000559043 0.011068 1.44282e-05 0.00124228 4.67928e-05 3.55784 0.246051 0.018776 4.25146e-05 0.00343075 2.52643 30.175 0.00197452 6.011 
2.0201e-05 0.00086513 0.000658575 0.613216 3.77861e-05 13.2735 4.4057 0.509628 0.0368695 363.042 0.018036 0.0192977 8.51136 0.0590342 0.00146203 8.76554 0.885732 6.54385 
4.37284e-05 5.54244 0.0301796 1.32548e-05 0.326206 0.438551 8.58498 0.000161411 1.37346e-05 11.5841 0.434628 0.394357 0.0475828 0.00231534 0.10394 43.5588 0.213475 0.228015 
8.1557 0.0023054 0.583812 0.000261666 8.9068 19.2701 0.000116587 0.00010339 0.000202633 3.14122 6.55922e-05 0.551957 0.0101629 0.0176848 1.43803 7.57891 0.01293 5.04249 
0.00252263 8.16414 0.0378876 2.03321 0.387785 0.152629 0.0137902 0.000746598 0.00760696 0.175069 0.000796461 14.2507 0.0016729 0.34746 2.91505e-05 4.25978 2.32629 0.538331 
0.00137384 0.000389413 0.00272852 0.00776711 0.0139818 5.50555 0.00119433 0.483483 0.00254226 6.42005 0.000706511 0.916983 1.39235 0.0081083 4.70471 40.8983 0.000733126 0.330183 
0.00126043 0.166582 0.111119 0.00214718 3.7471e-05 1.3576 5.87148e-05 1.13874 6.53355e-05 1.24298 6.70266 0.0187935 0.000979789 0.000214149 0.762777 37.3674 0.00204673 2.31991 
4.59178 1.3783e-05 1.47132e-05 0.00239025 0.398438 236.38 0.0021617 0.000839953 0.00188242 0.272081 0.788745 4.63162 2.25365 0.0962716 0.0081976 5.59602 2.53244 0.92097 
0.497993 6.31252e-05 0.00147813 8.27036 1.38522 1.31356 0.00260397 0.734675 0.000957553 0.0641215 0.0014163 0.344165 0.0072364 0.0048345 1.21148e-05 35.4891 0.801129 3.23822 
0.0902833 1.05655e-05 0.107687 0.000483053 0.0513824 0.0131751 0.00792527 0.000192447 0.0132644 159.955 4.0058e-05 54.7604 0.0158188 0.000640418 0.198631 10.792 0.143134 3.78502 
3.96348e-05 0.000573892 2.47936 0.000136775 1.44646 1.59219 3.08733e-05 1.23245 0.0020957 2.83583 4.01445 13.7179 3.76318e-05 0.00617513 0.189754 8.45279 0.0876894 2.54394 
2.72677e-05 0.0274416 4.51438 0.0170214 0.000483696 200.4 0.00170703 0.000166508 0.000233875 89.0539 0.0158229 19.0627 0.00339942 0.000852974 0.147782 19.0683 0.4926 1.39183 
0.00137868 0.0002199 1.51416e-05 8.68833 3.16902e-05 0.179119 0.000751748 0.00160445 7.87235e-05 5.10361 0.107741 117.539 2.82156 0.000546442 0.191028 20.9935 0.296712 5.3015 
4.47848e-05 0.00553574 0.367483 4.27938 0.00996558 0.275381 0.000144144 0.459826 0.17912 2.87427 1.66088e-05 82.5662 2.33564 0.357224 0.504966 31.0319 1.8752 1.27904 
0.140561 0.000109335 0.000114874 4.32474 0.0692437 0.033378 0.00427326 0.0871852 0.0126535 0.0180021 0.0264993 1.51633 0.00330656 0.0205629 0.0751283 23.996 0.355175 6.91968 
9.82108e-05 1.08399e-05 0.00089768 5.2227 0.00381732 0.0268742 0.0562995 0.0175557 0.00042281 0.114191 2.14987e-05 24.8404 0.000158324 0.001407 5.65511e-05 18.8115 0.866623 3.16251 
0.0158426 5.45426e-05 0.0250281 0.000729973 4.16699 0.294288 6.0322e-05 0.056913 5.9793e-05 1.19118 1.04689 1.08869 0.0127323 0.00398202 1.69502 29.9192 0.0580765 2.72175 
0.00312679 2.4135 4.61515e-05 1.79332e-05 4.97936e-05 0.0239814 1.02106 9.78447 0.55636 3.22003 0.00305839 0.216318 2.41965 0.135621 0.476058 8.95803 1.83838 1.07503 
0.000390319 0.932793 0.352541 6.81331 1.7922e-05 1871.51 2.13333 0.0614166 0.00480374 140.398 4.53175e-05 211.281 0.00552656 0.140216 1.08429e-05 5.68454 1.43706 2.31529 
0.0377352 3.67918e-05 0.0200832 0.00116831 4.32544e-05 4.87184 0.000289754 5.73907 0.00174388 115.147 0.415888 448.093 0.115751 0.000154589 0.20704 20.6542 0.0677224 1.15709 
0.0232132 1.60618 0.0014378 0.00075251 0.600645 1.24366 0.00590396 0.385953 0.000139465 0.33582 5.30569e-05 0.2073 0.00170843 0.072727 6.32288 39.4795 1.66063 3.29996 
0.422942 0.00024076 0.000521393 0.520463 3.0445 922.017 0.000625044 0.0313985 4.64575e-05 1.16923 0.0508477 0.151882 0.00509905 0.0324125 1.88391 8.74885 0.000522993 8.10158 
0.000125966 0.00453164 3.65832 0.0888548 1.00613 0.0554109 3.91299 0.0182266 0.000102617 332.384 0.712058 4.87903 0.205324 0.00202781 1.38717e-05 10.4822 0.430372 3.31058 
0.00135663 0.031739 2.03117e-05 8.7358e-05 0.000330751 0.261496 0.0170079 0.0132416 0.000994359 0.209456 0.393898 0.416288 0.683469 0.00867122 0.00925605 5.78204 3.76157 4.17027 
0.04915 0.00642962 6.3841 0.000204894 0.000722381 137.57 8.13042 0.0013762 0.721203 28.2599 0.000295066 0.610989 0.010299 0.999796 1.62859 3.08468 0.49175 1.21996 
0.0135853 0.000128164 0.00387093 0.305963 0.000351065 0.993778 1.48923e-05 2.48919e-05 2.09478e-05 20.5517 0.0365386 61.3591 2.50433 0.187876 8.08228e-05 2.51793 1.20226 1.53925 
6.83918 4.54091 0.000198929 3.15636e-05 0.0976032 3.48631 1.15633e-05 0.00237409 0.00131626 0.26999 1.46298 0.035488 1.85465 0.239272 4.61659 2.42059 0.0877102 3.63753 
1.5615 0.0321033 0.000240302 1.48683e-05 0.310736 2817.56 0.000114948 0.465079 0.0122025 100.692 1.01627 14.6151 4.99853e-05 0.0751559 0.029579 2.48045 1.16977 6.68149 
0.0402211 0.0153491 0.000762729 1.21024e-05 0.00150996 6.14354 0.21614 0.000153489 0.000482077 1.14792 0.000363374 0.0983993 9.75358 0.0481458 9.90198 22.4818 0.0304347 6.6414 
0.0172515 0.062834 1.98602 0.000145737 0.00987111 0.328865 1.11214e-05 2.52215e-05 0.000217573 1.41373 2.05267e-05 0.569986 0.00694778 5.90449e-05 0.0298238 37.1447 0.0277762 5.67515 
2.43896e-05 0.218174 0.573243 0.0970395 0.000107994 334.887 0.0993452 4.98856e-05 0.0664088 41.2748 0.469938 0.534411 0.000280048 0.293596 1.22152 7.49204 0.424649 0.855816 
0.000371861 0.00115599 9.40119e-05 0.000110722 0.0424394 0.0931602 0.00152528 6.09785e-05 0.000533453 5.36997 5.71413 0.674973 0.459477 0.105325 0.00857985 16.9285 1.80222 0.462551 
0.605581 0.0160047 0.0003054 1.48576e-05 0.464486 140.305 0.501752 5.27189 0.000174559 1.19835 0.15631 1.99827 7.65046e-05 0.162891 0.0781453 21.5258 1.62511 0.312176 
4.73329 0.171153 9.14743 0.0216187 1.94294 0.017717 0.11046 0.0152762 0.000139707 52.0409 0.00360122 53.3896 0.00035691 0.00797844 0.0819375 20.3959 0.588665 0.665238 
0.389919 0.309376 2.49096 0.00700436 0.0609193 5.36179 0.00106016 2.69012 7.16754e-05 274.052 5.00951 113.243 0.000478981 0.220811 1.57071 1.62023 0.218103 5.82435 
0.00178427 0.203897 0.000609657 0.000540904 0.000271084 14.7088 0.0632444 0.0124273 0.160231 1.25338 0.0118885 0.018916 1.34595 0.0222381 7.69723e-05 16.4465 6.32448 6.19721 
4.95558 2.08918 7.824 0.00159167 0.0396712 354.877 0.0770774 0.000377526 0.0221746 12.3951 0.000902965 0.558077 4.52492 0.0520863 7.26651 17.078 0.0169302 8.06724 
0.00313379 0.000156374 0.0162045 0.025392 5.86159e-05 11.2613 1.40131e-05 0.0214277 4.62847e-05 0.0351832 0.0104414 8.34524 0.134815 9.10025e-05 0.255505 19.7408 0.307381 1.61344 
0.000435018 0.0948363 2.11369 0.0140039 2.195e-05 138.1 1.13531 3.99576 0.560927 206.431 7.29628 0.015194 0.00198842 0.00634838 0.451487 21.5203 0.0361819 8.98191 
0.145769 0.281277 0.0370342 0.255639 0.0859347 0.119162 0.000557661 0.012021 0.00058949 11.5484 2.90947 0.104829 0.00118128 0.000156635 0.000791182 12.3078 0.165191 9.61595 
0.00844969 0.0099597 0.0808658 4.14711e-05 1.08634e-05 213.01 0.000363779 0.290329 0.00072727 51.0904 3.90226e-05 0.0604986 0.238395 0.0130026 0.114237 13.9755 1.14883 4.30503 
0.00837357 8.83865 1.08073 0.000604247 0.00306638 55.2147 0.0208601 5.50895 0.0113749 188.74 8.17018 0.0109645 2.56895e-05 0.00170957 0.00846338 8.29829 0.268605 5.79681 
0.0376818 0.000494043 0.0197697 3.64437e-05 0.000110251 1912.09 0.00548306 0.000424171 0.00884676 95.3414 0.0299 106.815 0.000469202 0.00418519 1.30525e-05 49.5474 0.593376 0.93314 
0.001319 0.502103 0.462033 1.82047e-05 0.0350441 0.900156 0.000254088 0.00202023 0.27894 0.0497691 0.0695219 0.0275244 0.0111954 0.0798504 0.873442 17.1819 0.657838 0.344918 
0.000125219 0.000768224 7.00769e-05 0.0174992 0.0101241 77.3466 0.00114068 1.46459e-05 0.00154802 0.256179 0.00789202 73.7214 0.000854363 0.900796 0.0484022 2.57331 3.79701 1.42535 
0.000503251 0.157603 1.4511e-05 0.00100119 2.36024e-05 0.015364 0.00537656 2.06212 0.00356689 221.254 0.0011365 0.190199 9.31746e-05 0.0059554 0.00337798 11.0285 0.303088 4.40776 
0.00308562 0.00235997 4.19095 0.398371 0.168722 26.801 0.10198 1.52505 4.17617e-05 0.115946 0.565253 1.76243 0.00203248 0.0590406 2.76264e-05 4.81882 0.979995 4.31408 
5.78222e-05 0.140306 0.00534283 9.11178 0.00395843 10.8194 0.000240278 5.61999 0.0123651 0.482906 3.91877 0.2603 0.0132876 0.0135078 7.50871e-05 21.8992 1.00593 7.48501 
1.24433 0.975438 0.419582 1.83563e-05 2.4931 0.109515 0.00246897 1.20457 0.000666037 0.0233206 1.06637 0.0821218 0.0676756 0.000801394 5.6827 42.2311 0.1073 4.15827 
0.00811703 1.11716e-05 9.58758 6.59989e-05 2.03209 0.0107815 0.0560754 0.000158043 0.000356821 9.03318 0.191497 13.4851 0.00310075 0.042161 5.52724e-05 9.20467 1.01112 1.4333 
5.91284e-05 8.26495e-05 0.00856078 0.00784925 2.45184 0.697045 0.0572633 7.33137 1.87724e-05 51.4105 1.78159e-05 0.506869 0.000371742 0.319889 0.160153 9.31141 4.9154 9.45683 
0.377205 0.0738076 0.00292477 0.00531822 0.000852852 138.758 0.00397295 5.74259e-05 0.00181625 3.26049 0.26565 3.98263 3.76927 0.000749274 0.251355 2.93326 1.26164 1.97489 
0.415838 0.0121432 0.053914 0.0207597 0.0821531 0.794658 7.98857 0.000307171 0.00413586 2.63657 0.00154551 21.0562 3.408e-05 0.000222213 0.416662 29.7657 0.0976027 7.76947 
0.00142697 0.198929 2.67534e-05 0.000105612 0.00010419 2.06712 0.00528382 0.630328 1.07426e-05 0.010806 0.0358185 152.774 0.0166665 0.0526638 0.436152 26.8153 1.77177 1.24742 
5.23949e-05 0.00030027 0.00471314 0.262703 0.00562485 0.0432024 0.619964 0.0203075 0.000256038 0.130852 3.73431 0.171524 0.000161917 0.287881 8.47891 14.579 0.265928 1.59176 
0.000238994 0.00694083 0.110996 1.98949e-05 0.145549 1341.03 7.25025 1.2476e-05 1.32764e-05 2.62716 0.0021862 89.5171 1.03036 0.182673 0.44434 3.6361 0.697718 1.22103 
0.00581911 1.07289 0.202635 7.14233e-05 0.0660631 455.074 0.0464302 0.501418 0.67445 0.0412143 0.00077295 0.202952 0.000743669 0.00483955 0.0021413 19.7562 1.60796 4.91496 
0.00476142 0.7717 2.29017 0.296412 0.107065 8.91387 0.00527129 0.0143707 0.923985 0.943682 5.49566e-05 0.252504 3.74891e-05 0.0956713 0.00637553 12.4444 2.57158 3.30156 
0.0161876 0.00821436 2.97232e-05 7.55504e-05 3.31377 870.655 6.77062e-05 0.246229 0.000968081 0.0940155 0.100942 68.2053 0.0660518 0.00429485 0.0204465 27.5301 2.64696 3.16292 
2.54286e-05 1.93235 2.85715e-05 1.51049 0.0297648 53.7554 2.29224e-05 0.000116188 0.000288616 0.600198 0.00104888 2.17876 0.00571544 0.00274813 0.0138913 38.0093 0.780115 3.59695 
0.0474442 0.0536978 6.62098 0.00178785 0.361711 0.467179 0.000291561 0.0276456 0.000359382 0.873472 0.000117186 0.288752 1.21673e-05 0.000110836 0.00235571 39.3245 0.349042 3.58784 
4.30282e-05 5.85694e-05 1.39414e-05 0.251216 0.446674 19.0617 0.00244622 0.0010634 0.0209836 1.23898 0.00050013 25.445 0.0145388 0.00221931 2.29842e-05 48.2427 1.44835 2.21123 
0.229192 1.42326e-05 0.0101234 0.000474362 2.35768 42.8868 0.00229416 0.186877 0.160841 0.726089 0.0781599 0.0745018 0.00813975 0.0148436 0.00841435 47.4321 2.39746 1.57105 
1.12152e-05 0.367278 0.00135094 0.000310561 8.28328e-05 0.0135606 0.0400477 0.000117444 0.189829 19.8793 5.60102e-05 84.8504 0.00906345 0.411264 0.346893 39.7305 4.33269 0.7158 
