-74145.0472
-74133.33721
-73976.60192
-73858.29402
-73817.49954
-73798.75064
-73711.77318
-73685.66974
-73487.38145
-73442.96789
-73365.73226
-73364.47212
-73355.13694
-73216.37058
-73137.55943
-73136.33104
-72873.0482
-72644.44903
-72633.53988
-72455.20523
-72454.71571
-72450.26903
-72299.17903
-72239.01008
-72228.00397
-72126.50609
-72083.48959
-71981.23373
-71748.99052
-71567.17007
-71414.31843
-71339.11972
-70752.87068
-70727.85575
-70660.78043
-70619.6064
-70427.17494
-70369.05879
-70367.22926
-70229.3249
-70082.40689
-69947.91425
-69817.15053
-69749.06112
-69639.23255
-69638.63953
-69552.4393
-69534.35226
-69483.25693
-69413.29999
-69237.93827
-69149.97401
-69133.82096
-69031.37712
-69024.41428
-68851.55391
-68835.73943
-68753.01113
-68230.72474
-68228.90972
-68155.62156
-68024.32982
-68000.1382
-67912.59606
-67852.7153
-67805.91477
-67750.77665
-67716.97759
-67644.62539
-67496.65381
-67479.39382
-67439.74612
-67409.95379
-67332.3711
-67289.02377
-67224.32548
-67194.93911
-67161.73067
-67140.26584
-67087.77025
-67075.57143
-67061.30667
-66939.85186
-66896.78599
-66870.48995
-66835.74207
-66777.43333
-66742.28877
-66629.20043
-66593.188
-66534.89194
-66403.71141
-66388.38847
-66378.98602
-66350.00116
-66286.93533
-66278.21091
-66233.78049
-66133.25907
-66049.96724
-66041.09428
-65877.37639
-65580.37077
-65578.18429
-65532.54818
-65527.17339
-65298.27079
-65286.61266
-65269.24484
-65248.55194
-65117.31043
-65064.34612
-65042.06145
-64861.17507
-64775.84146
-64744.86357
-64662.3054
-64613.48399
-64452.68511
-64426.1034
-64380.02037
-64343.91807
-64256.09601
-64133.97883
-64084.51456
-64057.99338
-63910.53651
-63854.42219
-63737.33928
-63546.99799
-63500.28738
-63384.85836
-63372.5877
-63316.31892
-63292.29207
-63102.61826
-63099.89346
-63085.16564
-63039.00447
-62875.4166
-62840.44629
-62796.13358
-62773.03972
-62722.5951
-62649.28717
-62626.58341
-62455.32042
-62236.91945
-62229.00127
-62127.81041
-62126.71606
-61864.08663
-61812.42197
-61705.20533
-61684.97036
-61645.13878
-61621.12822
-61613.56762
-61428.14334
-61327.39174
-61285.0846
-61217.35378
-60834.84417
-60832.5817
-60824.48287
-60744.35345
-60683.75546
-60645.49999
-60455.01996
-60296.40347
-60192.26882
-60115.32224
-60042.78374
-60013.77651
-59999.88955
-59772.30696
-59668.42161
-59617.52006
-59555.13523
-59544.41824
-59345.24134
-59269.39127
-59123.21753
-58970.86441
-58922.73688
-58900.77793
-58863.37266
-58841.30939
-58626.1855
-58498.80452
-58476.05499
-58466.20758
-58321.26057
-58258.32602
-58229.5665
-58182.82882
-58180.74984
-58103.35134
-58085.26984
-57935.71191
-57879.72925
-57817.61894
-57668.08187
-57484.145
-57307.5278
-57287.54533
-57179.51312
-57076.02244
-57065.24749
-57009.32248
-56842.6179
-56787.54414
-56785.41016
-56660.04652
-56609.3563
-56591.36953
-56576.43769
-56416.14268
-56173.40371
-56095.13628
-56071.27222
-56037.07586
-56035.51877
-56015.21084
-55974.6139
-55856.84158
-55825.99685
-55809.12013
-55790.89917
-55790.13554
-55786.25809
-55737.8127
-55728.29997
-55723.79101
-55695.98969
-55650.21135
-55643.67942
-55556.88449
-55470.00916
-55413.57921
-55406.55233
-55364.93987
-55362.46405
-55340.0578
-55252.7444
-55179.07477
-55035.40936
-55025.55316
-54992.88605
-54984.39054
-54947.94441
-54899.59184
-54893.08162
-54808.21063
-54604.5794
-54549.9282
-54343.53239
-54141.15327
-54086.19708
-53938.58054
-53839.10159
-53823.84536
-53654.37413
-53627.61736
-53622.37364
-53554.30849
-53528.67884
-53510.57115
-53335.54206
-53105.24784
-52846.06975
-52791.39265
-52783.71934
-52767.44458
-52703.98506
-52632.09839
-52618.49684
-52544.00662
-52514.37437
-52438.86616
-52334.3776
-52303.33502
-52298.43936
-52224.89113
-52097.94565
-52008.26617
-51902.13784
-51824.67952
-51820.54172
-51426.78534
-51141.03523
-50802.06479
-50765.27798
-50626.76454
-50505.20179
-50335.11499
-50246.95857
-50170.91872
-50144.17136
-50068.73859
-50065.18178
-50038.89637
-49904.21276
-49891.21304
-49841.5281
-49536.31446
-49312.3276
-49232.25126
-49151.55865
-48954.45904
-48903.71282
-48893.51125
-48841.61496
-48795.77341
-48342.31814
-48304.33155
-48250.0428
-48095.18781
-47941.03309
-47820.61193
-47591.09377
-47548.17989
-47450.04633
-47389.4916
-47263.9169
-47219.92297
-47089.80812
-47078.17651
-47025.76874
-46734.12004
-46483.45479
-46462.70913
-46344.85504
-46340.89634
-46151.91792
-45817.13915
-45642.00667
-45612.8381
-45563.41483
-45556.65504
-45499.27079
-45444.6723
-45366.63262
-45300.67508
-44982.85101
-44759.45194
-44724.95983
-44701.24274
-44697.76963
-44615.57388
-44613.8351
-44608.76092
-44596.43077
-44562.2044
-44472.06858
-44443.60219
-44425.78215
-44345.88225
-44304.83295
-44169.53199
-44091.30377
-43954.15404
-43920.513
-43917.48345
-43880.79744
-43611.93135
-43600.29483
-43360.06637
-43330.48386
-43272.15602
-43209.10351
-42996.85689
-42977.72502
-42940.13529
-42869.56485
-42579.90915
-42356.69515
-42250.35076
-42216.00292
-42114.0709
-42050.72736
-41951.34908
-41917.46977
-41760.8504
-41704.05986
-41632.05708
-41569.69315
-41387.60043
-41112.39441
-41051.15324
-41020.74093
-40916.31524
-40751.56418
-40736.73577
-40556.78002
-40384.20602
-40117.50225
-40053.92155
-40017.59859
-39789.64846
-39745.71532
-39737.59285
-39695.26794
-39586.71148
-39405.62835
-39038.28655
-38952.27901
-38776.49156
-38732.25491
-38676.14451
-38638.54439
-38428.31294
-38355.48708
-38240.46709
-38209.89091
-37980.45509
-37892.62167
-37713.42135
-37658.00309
-37619.06896
-37615.06183
-37340.91911
-37304.16619
-37240.84916
-37173.35375
-37170.80945
-37067.61477
-36958.44966
-36550.55213
-36379.63715
-36027.04085
-35882.7081
-35490.80451
-35245.26695
-35215.80577
-35191.69072
-35178.57346
-34968.82813
-34864.35659
-34692.81448
-34690.30698
-34656.03928
-34213.83746
-34199.09106
-34196.82694
-34111.166
-33833.42075
-33604.378
-33226.42026
-33166.36641
-32974.977
-32885.88267
-32821.64869
-32569.30108
-32419.96944
-32264.22583
-32177.52619
-32087.1144
-31971.55936
-31866.00128
-31831.11575
-31706.23568
-31488.13825
-31423.05118
-31150.76576
-30519.98971
-30320.00194
-30175.50421
-29244.77254
-28908.79311
-28584.06934
-28452.77076
-27955.55931
-26971.07234
-26434.17231
-25977.09904
-25910.2512
-25480.89362
-24544.20295
-24395.18138
-24252.67073
-24237.96877
-24138.8063
-23898.35062
-23706.99272
-21670.59161
-21451.92656
-20868.91898
-19464.05045
-19208.38301
-17901.54521
-17813.04752
-17139.32878
-17096.6639
-16513.26181
-15240.36283
-14976.31042
-14587.24552
-13269.51512
-9080.58697
