-222.5875756
-222.5660996
-222.5564933
-222.5179038
-222.2974424
-222.2819733
-221.9295533
-221.5748803
-221.4276447
-220.8280089
-220.7786519
-220.6865366
-220.6261426
-220.379831
-219.8550569
-219.7951788
-219.7231654
-219.7214401
-219.6388903
-219.5575345
-219.2971734
-218.8478338
-218.7043003
-218.547357
-218.4947775
-218.0301114
-217.9223025
-217.3929548
-217.0680129
-217.0258644
-216.8033088
-216.581305
-216.3502961
-216.3131256
-216.2177581
-216.1277579
-216.1230442
-215.8159699
-215.7427472
-215.6097991
-215.4675415
-215.4004
-214.9664857
-214.8745033
-214.8563513
-214.6876561
-214.4868299
-214.1761809
-214.1401137
-214.0800076
-214.0539094
-213.1237933
-213.0489007
-212.8363536
-212.6153468
-212.3516585
-212.2341575
-212.1884261
-212.1309751
-212.0486976
-211.9536889
-211.216412
-211.193296
-211.0523255
-210.8195033
-210.7531197
-210.5142541
-210.4692208
-209.6914213
-209.5317616
-209.4327856
-209.2287874
-209.1280168
-208.8922153
-208.3795625
-208.2806788
-208.1877487
-208.1300887
-207.8643459
-207.7923915
-207.6871263
-207.6560918
-207.6494354
-207.5427241
-207.2100969
-207.1850344
-207.1369065
-206.9235543
-206.5059991
-206.4886451
-206.2554525
-206.2266022
-206.163296
-206.1421028
-206.0688216
-206.0476026
-205.9776616
-205.893825
-205.6463351
-205.3511953
-205.3209708
-205.2778225
-205.1053131
-205.0318356
-204.9248064
-204.849266
-204.4137641
-204.1663418
-203.8772851
-203.8314144
-203.6293429
-203.5442283
-203.3623769
-202.9438236
-202.9423144
-202.8550948
-202.4764452
-202.381374
-202.2483321
-202.2476935
-202.0528082
-201.9656258
-201.9343857
-201.9338681
-201.8407704
-201.6902773
-201.5985024
-201.5960182
-201.4430176
-201.3989764
-201.2173302
-201.1650585
-200.9045931
-200.7365065
-200.7243423
-200.6724772
-200.6035938
-200.5578396
-200.4877639
-200.3409875
-200.2099644
-200.1720917
-200.1015413
-199.9891456
-199.7676777
-199.7134005
-199.6541316
-199.605693
-199.5301479
-199.5220188
-199.5173459
-199.0271461
-199.011106
-199.0056148
-198.7835041
-198.7391254
-198.729481
-198.6629902
-198.4194777
-198.4170119
-198.3956723
-198.1628609
-198.1264294
-198.0857903
-198.0731663
-197.9006669
-197.8086717
-197.6881646
-197.5407247
-197.5396132
-197.4880315
-197.3587704
-197.3366222
-197.3002454
-197.0654446
-197.0451264
-197.002739
-196.9241502
-196.8492987
-196.7991303
-196.7909689
-196.7674267
-196.7332942
-196.4579935
-196.3354928
-196.1449464
-196.0675001
-196.0543942
-195.8468673
-195.7673143
-195.7332093
-195.7179011
-195.6908755
-195.5989595
-195.5722861
-195.494907
-195.3689808
-195.3168808
-195.2271105
-195.1949659
-195.1775667
-195.0417268
-194.9352984
-194.9304965
-194.9224251
-194.8699685
-194.8526238
-194.7886409
-194.606646
-194.2706609
-194.2681353
-194.1102322
-194.0310172
-194.0270513
-193.9353189
-193.9247774
-193.8521993
-193.8062628
-193.6657026
-193.6579083
-193.4092818
-193.4073299
-193.4029276
-193.3917869
-193.3656101
-192.9391039
-192.8548792
-192.7866084
-192.7123564
-192.5854304
-192.2805508
-192.2766006
-191.9310026
-191.906503
-191.7569115
-191.7096643
-191.5431078
-191.170585
-191.132422
-190.9853544
-190.7567637
-190.7502161
-190.4493757
-190.441382
-190.3041885
-190.2782918
-190.2487058
-190.1008376
-190.0389973
-189.9762271
-189.9211142
-189.8882816
-189.8711665
-189.6285956
-189.5099328
-189.4837512
-189.444443
-189.431711
-189.4232654
-189.3411706
-189.2754916
-189.1215968
-189.1163578
-189.0562684
-188.9618176
-188.9353123
-188.9126576
-188.8617266
-188.8430123
-188.7133177
-188.7032214
-188.6265743
-188.4857872
-188.3504596
-188.3045727
-188.3004421
-188.1170351
-188.1161681
-188.0231991
-187.7754541
-187.7073022
-187.6872082
-187.6658549
-187.5560686
-187.4150747
-187.3391678
-187.1648733
-187.068492
-186.871128
-186.7510126
-186.7295224
-186.6246846
-186.6131949
-186.5627401
-186.3879818
-186.2945506
-186.1712218
-186.1441648
-186.1123963
-186.1067629
-186.0402152
-185.9571624
-185.9158582
-185.8272115
-185.8209792
-185.7986529
-185.7161136
-185.7083231
-185.6952516
-185.6410398
-185.6363307
-185.5006884
-185.4532295
-185.4435893
-185.374163
-185.3097884
-185.2842649
-185.2266793
-185.1388962
-184.9960191
-184.9855078
-184.9044333
-184.7634794
-184.5314873
-184.5209829
-184.4944371
-184.4235928
-184.2505455
-184.2296129
-184.1646751
-184.1361526
-184.0558102
-184.0263495
-183.9414785
-183.8808189
-183.8601778
-183.7323433
-183.6663354
-183.6137779
-183.4472076
-183.3144584
-183.2378253
-183.1991373
-183.0761873
-182.9428357
-182.8615907
-182.8537713
-182.619727
-182.6100399
-182.5702048
-182.5421419
-182.5119239
-182.5060996
-182.5057528
-182.4232653
-182.4104731
-182.3352485
-182.2882388
-182.2519786
-182.2162248
-182.0132109
-182.0120938
-181.9753507
-181.9450896
-181.9101828
-181.8090984
-181.7857805
-181.7775329
-181.6745904
-181.6326256
-181.5483103
-181.5261196
-181.524449
-181.4595062
-181.4577441
-181.4227046
-181.3887039
-181.3787841
-181.372584
-181.3202137
-181.2734629
-181.2680406
-181.2553721
-180.8974797
-180.883585
-180.8767164
-180.5806812
-180.4243161
-180.418962
-180.4146323
-180.4071222
-180.3594429
-180.3398603
-180.2778772
-180.2729571
-180.2226293
-180.2185758
-180.1992551
-180.1422602
-180.068041
-179.9957731
-179.9954631
-179.9843755
-179.9351389
-179.9033664
-179.5285178
-179.5194503
-179.4243165
-179.4152889
-179.3950749
-179.374667
-179.2674943
-179.2604885
-179.2246951
-179.1760196
-179.0779127
-179.061889
-178.968349
-178.9285205
-178.8083912
-178.7280952
-178.7165662
-178.7030621
-178.6288961
-178.5952735
-178.5710908
-178.4966963
-178.3477764
-178.2066761
-178.1122662
-178.0926739
-178.0682556
-178.0608499
-177.8430497
-177.7827593
-177.5211913
-177.4122692
-177.3436477
-177.2113143
-177.2074975
-177.1131677
-177.0504661
-176.9339954
-176.8287416
-176.7372388
-176.7274777
-176.649065
-176.6095812
-176.5775658
-176.52774
-176.4994412
-176.3199951
-176.2619758
-176.2508887
-176.1633566
-176.0724532
-176.0413392
-175.9449271
-175.8586685
-175.8051042
-175.7669439
-175.6448771
-175.5312879
-175.4267275
-175.3900557
-175.309558
-175.3019061
-175.2407058
-175.1708982
-175.1216155
-175.1065187
-175.0314641
-174.8923433
-174.6467228
-174.5583838
-174.4919412
-174.4000069
-174.3421198
-174.3109116
-174.2320455
-173.6799938
-173.6761701
-173.6134949
-173.4875615
-173.4095836
-173.3032153
-173.1206338
-172.9725737
-172.6540803
-172.2345024
-172.2264106
-172.1586228
-171.7405464
-171.3663028
-171.2716934
-171.1428981
-169.8498532
-168.3619271
-167.597445
-167.323367
