0.000171848 9.87115e-05 0.509242 8.58964e-05 2.30311e-05 0.124796 7.51716 0.00345141 0.000147757 0.0131394 0.0017252 0.0284355 6.60927 0.121131 7.58105 33.6563 0.469247 8.46865 
0.0813589 0.00101291 0.00246878 1.3174 0.802711 47.9727 0.0405083 0.0686948 0.00511569 279.279 0.000903048 0.561375 0.00413499 0.325521 3.32455 47.9147 1.16881 0.60449 
0.787774 0.230082 0.150732 0.0965844 0.0428675 28.5094 0.000210568 6.82288e-05 0.040636 30.291 8.81071e-05 0.471826 0.103849 0.402318 6.93441 49.6503 2.27685 2.00412 
0.00023423 1.2914e-05 2.28018 0.0176244 0.0404985 160.769 5.19006e-05 4.13396 0.0060155 0.0223013 0.0148631 127.081 0.265633 0.0019068 0.861688 17.7186 0.509502 9.91096 
5.85347 0.000108641 3.35949e-05 0.0001864 0.00945102 765.399 0.000157873 5.49884 0.434996 68.3828 0.000120301 0.976045 0.105547 0.0248672 0.106667 42.4454 3.07189 8.1018 
7.19673e-05 0.250115 0.00136169 0.000101124 0.237218 125.192 0.106178 7.88672 0.00295922 4.39464 0.000521199 5.04514 0.00612612 0.300613 2.24936 9.91379 1.26308 8.19654 
0.000334242 0.000762332 0.0001963 0.0717673 0.00012074 358.8 3.27447e-05 2.12738e-05 0.014077 6.79797 0.0557009 0.0377847 0.1224 0.0446269 4.20278 46.4253 0.668491 4.786 
0.241697 1.86991 0.00430067 3.14691e-05 8.0872e-05 360.327 2.40019e-05 0.000922088 0.0295682 346.796 0.0581509 0.505325 0.000109658 0.512287 4.98129 32.6309 1.11816 2.60591 
0.174591 0.022355 0.07739 0.0864198 0.000606249 299.094 0.0187182 0.837547 0.00652984 0.0386879 8.45442 7.45505 0.000749609 0.911134 1.46473 21.2415 0.983041 0.728727 
0.15052 0.780463 0.00102075 0.0765907 2.52298 0.030354 2.21042 0.0258343 0.286432 0.0802585 0.00257533 0.165388 1.16685e-05 0.0126606 0.0396493 40.6575 2.44973 8.83335 
0.000186138 0.0025928 0.00178948 0.000800717 0.00185382 21.326 0.000657183 0.5424 0.207094 2.3926 0.000148209 223.204 0.00574989 0.502937 2.10458 5.9635 1.57049 5.81806 
6.00717 0.00407394 0.315723 5.39634 0.126733 151.561 2.67252 0.000151205 8.96187e-05 252.618 0.706901 0.219303 0.0907095 0.631638 5.22787 21.1308 0.831251 5.70464 
0.0189914 3.90517 5.09906e-05 0.0266502 4.76554 379.897 1.43086 0.00596494 0.000646343 1.39343 8.78329 0.520776 0.172613 0.0141967 1.95578 34.345 2.78603 9.85702 
0.00069617 0.000103169 0.00185665 1.30043e-05 0.27718 297.497 0.0352329 0.0684224 0.160288 1.86447 1.17339e-05 0.245165 0.0243598 0.078507 4.14482 24.161 0.441095 7.70292 
0.000481973 0.000126474 0.00442508 9.29301 0.167528 0.011537 0.000145522 0.00726584 0.504483 472.96 1.33041 2.18596 0.871662 0.0476075 4.92849 24.2695 0.442612 3.57508 
2.58645e-05 0.00663728 0.190146 1.10081 0.00987432 124.798 0.00194682 0.161895 0.309757 7.12113 0.00340303 1.06842 8.01343 0.100866 0.374933 16.3522 1.33434 3.51082 
0.191767 0.0251455 2.4725e-05 1.81183e-05 2.6711e-05 1335.99 0.0880079 0.0225089 0.00127666 0.0391082 0.785261 193.203 3.50474e-05 0.0132812 1.19412 6.68128 1.85303 8.51306 
6.97431e-05 0.0121745 0.0700791 3.7239e-05 0.125189 2379.25 3.07025 0.00347714 0.00104239 0.894309 0.559675 1.79261 0.326321 0.00659177 6.70842 37.0076 0.449164 3.90183 
1.52826 1.45806 0.0174158 0.000150426 0.0176722 2880.83 0.000550547 0.000361872 0.000518666 0.23041 0.580711 44.6451 0.13403 0.0061814 0.597523 46.0321 4.17097 4.89382 
0.0957033 0.70427 1.75716e-05 0.00740084 4.55686e-05 0.0267843 0.000472642 0.0498494 0.00789997 0.334612 0.0124822 0.111338 2.36347 0.00137136 1.21024 34.848 1.35087 3.43861 
6.95439 5.24757e-05 0.162968 0.519902 0.0674685 0.262956 0.214226 0.139287 0.00125494 0.586093 0.355904 0.0840555 0.000699076 0.498011 1.29218 3.01868 0.937044 6.98322 
0.0117205 6.60819e-05 3.91575 0.277707 0.0588367 0.0449638 1.77883e-05 0.0524117 0.27543 135.013 7.36174e-05 488.229 0.000742421 0.747922 7.62261 20.5968 0.884506 3.52491 
0.00014477 0.453375 6.37006 0.0425465 0.321591 21.497 3.42379 9.16686e-05 0.00215662 0.264473 0.000855674 73.286 0.000149718 0.0204242 0.662238 25.4723 0.630658 5.47195 
5.93878e-05 0.166586 0.0191349 0.00306493 0.0627001 2.66277 2.8157 0.0186676 0.547387 0.0135406 1.29251e-05 0.0401512 2.07582 0.0478181 1.97529 29.1511 0.734751 3.56201 
0.0148729 0.00148063 0.107453 2.38301e-05 7.60202 27.7011 2.83762e-05 0.0201035 0.0156865 1.95056 0.00120563 0.146865 0.194634 0.0328909 0.177663 36.6363 0.37529 8.67706 
0.0495386 0.00581736 4.37365e-05 1.47975e-05 1.69086e-05 0.305338 0.000186083 0.000959381 0.00983563 481.519 0.16313 1.22656 0.668898 0.0690418 0.783411 24.1082 2.25044 6.11491 
5.46472e-05 0.00833605 0.0579874 2.01023e-05 0.000109757 0.631219 0.00105101 0.424357 0.0545486 183.155 0.025649 0.360036 0.149549 0.0378416 0.447431 44.7547 0.779689 2.0066 
7.95463e-05 9.69362 0.15544 0.00755379 0.0401763 235.418 0.00341849 0.0183221 0.00177732 244.727 6.32921 292.079 0.000374842 0.00480401 0.60143 23.5033 7.89716 9.32341 
0.00454903 0.000262517 6.45543e-05 0.000214869 1.9178 38.153 0.000471702 0.114439 0.00347471 47.7922 0.802526 4.12636 0.000173476 0.307806 1.01788 23.1041 3.60454 3.71762 
0.188453 0.409073 0.0102569 0.00703141 0.600766 0.0733891 1.61793 0.000765287 0.0570471 487.04 0.00140037 423.296 0.00157715 0.00853365 1.98753 33.9128 0.360533 5.52454 
1.53776 2.39939e-05 8.28606e-05 0.000106258 6.85076e-05 1692.29 0.119692 0.000547775 8.09724e-05 84.1538 0.0386566 0.285459 0.0261764 0.900413 6.35246 14.3559 1.76947 5.58506 
0.000583147 0.0269786 2.6236 1.95094e-05 0.292666 14.1009 2.47647 0.892072 0.000762458 6.02957 9.13744e-05 18.9611 0.000385637 0.0266091 0.982614 27.7214 1.21118 9.1454 
0.000138807 0.00183173 0.0181984 0.0370705 4.69829e-05 0.32191 0.0891322 1.29148e-05 0.00112582 0.0408862 0.350129 0.0204311 0.103556 2.51856e-05 3.19808 29.9706 0.520952 7.33718 
0.000343767 0.00946877 0.12126 6.21822 0.263402 0.145655 0.00628476 0.0175735 0.00561263 0.044147 0.00898271 6.12048 0.0172118 0.405169 2.76054 17.062 1.19947 2.88855 
0.687609 8.38767e-05 7.42124 7.02008 0.000992895 5.81216 0.183513 1.93279 0.00425719 18.4059 0.0271621 3.07672 2.99622e-05 0.0413928 0.418542 28.2651 1.9694 4.33365 
3.22617 5.21236 0.019354 3.06335e-05 0.442524 520.024 0.00734113 2.47831 0.00627296 0.528251 0.0023824 0.508651 0.000699745 0.0201482 2.99216 43.9108 1.36591 9.11353 
1.67065e-05 0.935078 0.0444633 0.00014858 5.53478 322.38 7.12968 0.0004836 0.000155687 2.55557 0.0136595 0.614615 0.4124 0.259315 0.91039 22.9754 1.63625 0.942291 
0.166373 0.0502299 0.000773879 0.00530636 0.000134713 59.3838 0.00801564 2.31625e-05 0.000108283 0.0206697 0.0075128 2.83977 2.43357 0.204686 5.25815 32.5253 0.578625 3.96896 
6.55475 0.00153575 2.36158 0.0543488 0.0556002 0.0669536 0.00516722 1.7387 1.60445e-05 0.0180111 0.0117362 0.65272 1.88186e-05 0.0102611 0.73712 29.2811 0.69666 9.75454 
1.11895e-05 0.0302234 0.653021 1.52393 0.00972367 0.0557408 8.89583 4.69852 4.35041e-05 0.0107704 0.0470692 0.24683 0.0294709 0.288276 2.59847 8.18154 0.738485 5.58628 
0.00618027 2.18862 0.000161056 0.000577321 0.117201 5.11392 0.0503169 0.000354214 0.150981 0.351802 0.000337788 7.32083 2.597 0.00574085 0.118322 35.2629 1.26186 7.06049 
0.0504302 3.68767e-05 1.89424 0.127737 3.70342e-05 0.890632 0.416266 0.745367 2.84975e-05 400.455 6.10125e-05 15.5061 0.789605 0.0360311 1.93047 23.5608 0.566742 6.86479 
0.520561 1.01215 0.000263513 5.13989 0.000164807 35.6213 0.459176 0.0962267 0.000137516 29.4942 3.64982 0.4923 0.392741 0.677391 0.771298 17.2612 2.88214 0.970683 
6.43944 4.37362e-05 0.000220269 0.00243239 0.0128934 736.272 0.000143029 2.58537 0.000479457 85.1405 0.0137174 17.9694 7.96735e-05 0.0771517 4.40576 45.6123 0.281561 5.79392 
0.00112643 0.0001751 0.000328646 0.0242799 3.21658e-05 0.0237822 0.00205242 2.97427 0.00755218 3.38564 2.42398 64.0556 0.000145021 0.230796 5.78531 47.8519 0.597583 2.4411 
0.0808027 0.00208346 8.0148e-05 2.51319e-05 0.000146731 0.0343663 1.93252e-05 0.00415968 0.0345517 0.0401848 0.0532788 51.8645 0.327675 0.00215754 8.37076 36.1177 5.51037 4.77591 
2.82727e-05 1.15859 6.28032 0.00129635 0.216786 70.6751 0.296909 5.41801e-05 2.95289e-05 45.1967 0.31392 0.0636962 0.00360939 0.00400092 0.159651 46.5338 0.53847 7.30952 
0.000272042 0.0162479 0.0124751 0.676696 6.14832 0.128192 0.000668347 0.0148999 0.144326 20.4413 4.20879 15.5124 0.000428423 0.018701 5.7091 14.2411 0.842131 8.70236 
0.247488 0.000824631 0.0022506 1.78926e-05 0.613154 0.0184903 0.30485 1.55139 0.492452 4.841 1.39473e-05 0.844518 0.000105455 0.174851 1.02695 39.4721 4.38916 3.67769 
4.41076e-05 0.000215627 1.73435 0.106794 0.00661521 4.72785 2.06535 0.00189014 2.13296e-05 0.648674 0.19919 0.522336 0.0059884 0.3937 0.717666 35.5734 5.39434 5.41243 
0.648098 0.000107199 2.84145e-05 0.0700972 0.000122222 721.508 8.79765e-05 0.00302588 0.00186375 108.505 0.0300661 373.281 0.0902976 0.0043432 0.169992 49.43 0.570401 6.42908 
0.000361132 4.43478 0.00195265 0.000115571 1.05472e-05 0.0113375 0.333757 6.49953e-05 0.00169233 0.789263 0.000361635 6.30597 0.00794823 0.15539 1.53237 9.63317 0.459661 7.49101 
0.000167462 0.000359218 9.24843e-05 0.0635337 0.000465337 801.788 0.131471 0.00013393 0.000110421 0.0476174 0.880215 0.172342 0.689901 0.00805496 2.71151 20.8954 1.12367 1.42129 
0.0105491 1.32641e-05 0.0211224 0.0608302 0.19187 33.7271 0.00250748 0.000124008 0.0334467 1.06236 0.000101147 0.187526 6.7448 0.0973853 2.17203 34.1484 0.364926 3.54018 
0.149652 0.000628003 0.0845783 0.76214 0.230554 16.4929 6.78278 0.000481201 0.0158704 0.0975386 2.95278 3.85541 0.179388 0.110616 5.03879 43.2068 0.980255 6.59388 
0.0308651 5.60404 1.39989e-05 0.00778053 0.417725 638.444 8.28226 0.358981 0.021018 7.40925 2.08235e-05 253.407 2.35602e-05 0.49676 7.71116 25.0726 1.24838 2.7094 
4.25139e-05 1.83324 0.00180915 0.0360496 3.32422e-05 21.1902 0.0189631 0.112195 0.100688 2.31099 0.0852213 0.134649 0.00122879 0.108498 5.53064 22.1803 0.628295 6.31147 
0.0201094 0.065278 0.485483 1.92345e-05 3.2389e-05 0.0465725 1.02845e-05 7.73034 0.000186931 4.82865 0.0621536 10.9435 6.07923 0.176891 6.00533 20.8699 0.442676 8.10383 
0.165294 0.458778 0.00038629 0.000268768 0.00290066 4.71155 0.00152729 0.00288991 0.00545428 308.985 0.386697 0.0165517 0.780874 0.587142 1.34048 16 2.04872 9.08719 
0.00199139 1.42658e-05 2.75269 0.00304262 0.000240974 3.97905 0.0332027 0.016091 0.000133567 0.81198 5.89668 0.0102941 0.346297 0.0572945 0.429139 31.7772 5.04424 7.66514 
0.00358437 0.00536646 0.00206064 1.0854e-05 8.6301 912.591 0.0188063 1.72765e-05 0.00427512 0.198392 0.0319531 19.0984 9.9685 0.00019264 3.21478 39.0086 0.340275 3.88067 
0.159783 0.00152056 0.291661 0.103895 0.000343292 0.095541 0.000145018 3.36568 0.0744372 4.10831 2.05468 45.5707 3.23577e-05 0.281641 1.27396 13.5316 1.88946 1.41344 
4.21268e-05 0.00190884 0.0881674 0.0100399 7.06131e-05 93.3946 0.000611716 0.109613 0.000100076 486.346 0.0217154 47.8356 0.000151146 0.198519 4.33118 46.1347 0.79456 0.881044 
0.0615435 0.000256121 0.000946273 0.0465943 1.13275e-05 128.272 0.000373432 0.0078853 0.316202 255.583 0.762669 74.3399 0.000862933 0.000741613 7.87303 10.2065 0.719178 6.57787 
2.12781e-05 0.417809 0.0705752 6.15081 0.00164877 0.0948492 6.47392 0.0202606 0.0540679 2.76889 2.38466 0.0187693 0.00135996 0.0834685 1.00446 12.0189 0.447835 9.85235 
0.00188983 8.41481e-05 0.0010852 0.0694539 1.4725 0.515694 0.000294644 0.279212 0.177705 353.32 0.018175 2.43134 0.0412858 0.394757 2.42203 20.0849 0.977112 0.514054 
0.00908856 1.28865e-05 8.36063 0.0006693 2.89452e-05 0.0758976 0.00023042 0.00249585 0.000218687 0.166101 0.156158 0.103455 0.136677 0.000995529 0.707206 38.362 3.00964 9.20868 
0.00164906 0.0466104 0.0198441 4.14872e-05 0.00257341 0.134891 0.000148688 1.09287e-05 0.00039765 1.87528 0.00108868 3.00129 0.250976 0.934796 3.11946 28.3094 1.45414 0.441134 
1.12502e-05 0.0147448 0.00371501 1.03288e-05 0.000328766 0.046047 0.0118775 0.0878999 6.75596e-05 0.0153876 0.150963 11.5829 0.0365502 0.2115 1.04526 15.5437 2.23147 4.7076 
0.752119 0.00572702 0.000162626 0.000263108 0.580937 569.087 3.02154e-05 4.85863 0.175737 0.359509 0.352999 0.705851 9.93502 0.000143074 2.42677 3.43195 1.80134 4.00803 
0.000142816 0.00104519 0.00764217 1.82221 0.745987 0.326811 1.18812 0.3088 0.0107408 12.2082 1.4277e-05 338.505 0.000142907 0.906571 2.15729 14.4962 4.35248 7.02925 
0.399938 0.577583 0.00025607 0.000149391 1.74068 0.111667 0.656624 0.00370877 0.000231104 0.021707 0.0436972 20.7377 0.00691021 0.00686554 0.513033 33.114 0.492935 9.5046 
0.0705418 0.0975739 0.00497382 0.608707 0.0611698 88.0022 0.0173714 2.66286 0.00614567 12.6124 0.941958 0.0253648 3.53787 0.260859 0.82921 10.8085 2.8285 6.09045 
0.621235 2.30751 0.000733604 0.381549 0.0377673 2.81775 1.09689e-05 0.0199419 0.449886 16.1501 0.00115611 8.26268 0.0106815 0.0636699 0.34038 47.1535 0.546309 6.14035 
0.000128679 0.000258082 2.2714e-05 0.000172307 2.72898e-05 9.3742 1.39921e-05 0.795062 0.20629 0.414539 1.58227e-05 171.02 2.23171e-05 0.0105657 0.293678 36.8046 1.45173 3.90855 
0.00605317 5.45821e-05 3.40077 1.71282e-05 2.95077e-05 1.11398 0.0221232 0.000848143 5.96637e-05 0.0336607 0.000335616 30.6043 9.34323e-05 0.475191 0.820654 38.7322 2.86571 0.618602 
6.14268e-05 0.000759568 0.0144995 0.00882948 0.00561026 0.149056 0.00414457 0.774598 0.809562 167.097 1.08893 108.615 0.0372509 0.235738 2.40958 11.0967 0.516642 4.55354 
8.24383e-05 0.895404 0.177616 2.10965e-05 0.00327846 7.37239 0.0308179 0.00851438 0.00216854 16.3845 0.573535 241.16 0.000107063 0.437596 1.14087 14.2586 1.93418 3.74655 
0.0773424 0.00393357 7.14891e-05 0.00270984 0.0482225 1.70895 1.55969e-05 0.00237806 1.09559e-05 0.0244613 0.024266 323.479 0.343369 0.0396736 1.3297 23.8259 0.733288 2.79022 
0.00254012 0.0291466 0.000137913 2.51009 1.92029e-05 223.575 3.82714 5.03303e-05 0.00486062 0.0321568 1.36669 0.0807974 0.00314989 0.00900821 1.31698 40.291 0.491106 6.51671 
5.89842 0.00406538 3.18811 5.50226e-05 0.0128289 0.729639 0.00358346 0.176291 0.132267 5.40636 0.0093259 2.27985 0.000296685 0.45464 0.987822 23.4742 3.66274 3.89313 
0.149721 0.000969535 0.0929659 3.39853e-05 0.0833701 4.10503 2.53925e-05 2.63923 0.34298 0.0249682 0.170017 57.3526 0.486893 3.1575e-05 2.37136 7.92843 0.803597 3.20293 
2.48753 0.363621 0.000112866 0.000124487 4.72988 0.119682 0.00136102 3.32427 0.652333 7.78424 1.22505 172.834 0.864278 0.000128829 0.339019 12.0088 5.93915 9.84034 
0.000105697 0.000526269 1.65866e-05 0.00079117 0.00213804 1.61673 0.00302554 7.16177e-05 0.515014 1.74687 0.0587723 4.82928 0.131932 0.792319 5.16545 15.3881 1.6507 1.57433 
0.912943 0.188148 0.000615042 0.000293759 4.24956e-05 8.88901 0.327241 0.262813 0.954933 174.826 2.20599 0.0112525 1.2851 0.0381962 0.805365 24.8513 1.3568 4.48124 
0.215021 0.157995 0.000123225 0.000956207 1.50651e-05 110.869 0.180093 0.000102717 0.000102315 14.3314 0.46699 9.63192 2.29817e-05 0.456274 6.62543 19.233 1.27502 3.56157 
0.000118147 8.6286e-05 6.3942 6.84149e-05 0.000295148 101.834 0.18799 0.00139779 0.0259425 0.0556525 0.027191 27.7157 3.40978 0.217769 4.08408 11.8131 1.34373 7.77556 
0.00129875 3.95149e-05 0.871215 0.116817 0.0390998 0.0841431 5.07906e-05 0.989078 0.0558992 0.180086 0.559035 0.622004 0.837604 7.50603e-05 2.7907 17.9997 0.508257 8.36237 
4.67828e-05 0.0861337 0.00206542 0.00130876 0.770531 56.8176 0.0203877 0.558978 0.449223 150.877 2.36605 62.0029 6.38799 0.000707899 0.309734 6.95027 4.20185 6.00882 
0.00237129 2.6701 0.0327391 2.04144 2.35707 0.72329 0.0843288 0.0178261 0.000574986 0.575563 0.296817 0.313144 0.231722 0.00197608 2.57949 31.6394 0.423851 5.96727 
0.156178 0.000977698 0.571639 1.42843e-05 4.69192e-05 1341.01 0.00357662 1.57489e-05 0.00132207 0.498111 2.51148 30.013 0.000477155 0.732527 9.47954 22.612 1.4765 9.08861 
0.00217969 4.62845e-05 0.00119744 0.000552249 6.75301e-05 183.297 0.000745737 0.462493 0.000538306 0.0100341 0.00325642 0.0344438 0.00151632 0.254809 2.30065 10.2735 0.61448 7.92458 
0.00608967 3.72686 0.0371675 8.99943e-05 0.0046412 617.684 0.319261 0.845666 0.0023435 3.71688 0.00142394 4.71909 0.000999909 0.116486 0.544257 18.1732 1.14651 5.07179 
0.00530958 0.000155988 0.00750836 0.000189334 4.5063e-05 0.929836 3.4053e-05 1.25171 0.125286 10.7971 1.39798 391.579 6.99238e-05 0.00042583 9.47815 4.68978 0.215377 5.87009 
0.00948725 0.000585568 0.0573913 0.0220219 0.0199357 0.252728 3.82469 6.52576 0.0352557 18.5668 2.33217 0.909574 0.180923 0.47646 0.978598 5.78124 1.96247 6.96118 
0.529254 0.0314403 0.202504 0.0165485 0.609238 253.51 0.000322371 2.57563e-05 0.0655218 0.402969 0.00177068 19.0358 2.58853e-05 0.0145799 1.07936 34.4183 0.498703 7.21808 
0.802062 8.68846 0.104605 0.0140375 0.459454 1008.77 0.597589 1.12564 0.000424307 0.586029 0.053628 32.6714 1.38661 4.15058e-05 1.49132 17.1702 0.977201 3.91532 
0.00289169 7.79402e-05 1.95881e-05 5.11042e-05 0.0127673 0.0807412 1.27418e-05 2.10817 0.000495912 12.6277 0.00847715 17.2871 0.000253588 0.161856 0.309467 31.172 1.84439 9.16564 
0.0496417 2.39888e-05 3.78581 0.000400491 0.00748781 1796.95 0.00124649 0.122643 1.81284e-05 0.342252 0.000109729 0.0385069 1.19696 0.582997 5.58765 34.5901 1.93298 1.21666 
1.29831e-05 2.56483 0.380535 0.766495 0.00909246 740.348 0.139863 0.248672 0.000100431 5.40051 9.2578 0.0425138 3.19822 0.000997032 2.46334 9.46545 1.20732 1.47335 
0.0370956 1.9828e-05 0.00479638 0.000970425 5.30629 0.0748745 0.000930099 0.00867733 0.217087 0.510431 0.000502325 2.21735 0.288424 0.965205 2.52169 47.5887 5.71355 8.41246 
3.31627 0.122305 9.15886e-05 0.0254259 0.000296023 0.164988 0.0183789 0.587909 0.0574589 0.0305529 1.32455 0.132655 5.61235 0.00106704 4.77527 2.28314 1.23228 3.96457 
0.00285241 0.228859 8.44901e-05 0.000141056 8.50495 939.86 0.41016 0.0294183 2.55429e-05 1.94881 0.00826169 1.02321 0.0270475 0.0724049 0.719682 11.0492 0.76065 8.39466 
0.000680039 0.000888321 1.65339 0.0348551 7.97265e-05 0.0180711 0.000204096 0.00300841 1.41525e-05 15.3957 3.58936e-05 3.91475 2.31585 0.00381875 0.837429 49.8085 0.316766 9.44175 
2.74731 0.000151765 0.000590904 5.46529 1.7269e-05 2265.33 7.65266e-05 0.0416876 0.000510777 1.59926 1.04209e-05 17.1527 0.000107951 0.112035 2.20743 24.7632 0.758702 2.72298 
0.00228829 0.539921 0.00394241 0.0481385 0.00278103 0.78014 2.65113 0.0675095 0.000833405 0.080605 0.171588 0.0436037 0.0237954 0.928091 3.39717 28.7398 2.01491 4.74917 
1.20688e-05 3.27098e-05 5.42364e-05 1.79977e-05 0.217029 88.9074 0.00159682 2.28233 0.0113999 10.2293 0.0429318 0.0189187 0.008379 0.138492 0.62107 8.94241 1.23615 9.20503 
0.000230379 0.000197958 6.30709 0.0254851 0.00223307 33.4964 0.000102332 0.896592 0.000232369 0.0248961 2.36826 97.9525 0.155417 0.000148757 3.061 12.0692 0.393398 6.46684 
0.0688495 0.0231658 2.8966e-05 0.000406316 1.20455 39.104 0.202097 2.27673e-05 0.0589969 231.365 0.165278 12.5331 0.00409885 0.116207 2.15103 48.2612 0.319232 7.36842 
0.0378598 0.000432993 0.000149504 1.83644e-05 0.00529248 2.06055 0.631918 0.000532553 0.0022598 103.274 7.20309e-05 0.418021 0.000216315 0.121077 0.229801 42.8548 3.77628 7.10022 
0.00541029 0.000851336 2.78473 0.00568155 0.484633 0.231083 0.615319 6.76208e-05 0.0078129 52.6417 0.0217657 142.212 0.000661742 0.323456 0.670115 14.4065 3.39412 5.21532 
0.697831 1.21153e-05 0.000381278 0.000703394 0.104801 1098.9 0.763907 1.59233e-05 0.000231084 199.496 1.92886 242.61 5.84993 0.0903639 0.881591 20.8789 2.40134 3.89376 
0.253188 0.000167199 2.22337e-05 0.00123876 0.135675 1920.34 1.06628e-05 0.56402 0.169437 0.0836269 0.00335281 0.940955 8.97864 0.0735226 8.52964 12.9808 0.772101 6.55582 
0.0389544 0.0443201 0.00099444 3.92377 0.863313 0.776083 1.53426 6.17495e-05 0.00107642 140.129 4.20675 0.774963 4.64537e-05 0.139059 3.15022 27.6101 0.498857 1.94399 
3.83401e-05 0.147232 0.539923 0.0110468 0.0672346 799.892 0.00440062 1.81276 0.0230542 0.340902 0.253719 116.875 0.00761581 0.000119075 0.363724 25.1411 0.484992 9.85011 
0.0255984 0.0141895 0.0312603 1.551e-05 4.95411e-05 2084.99 1.25633 0.000203126 7.1869e-05 0.330693 0.0125986 3.82614 8.22184 0.000887444 0.621747 33.9704 3.77155 1.8079 
4.5375e-05 0.033364 0.0444255 6.89461 0.0499994 0.160581 0.00205868 0.0224544 0.369399 0.0552293 0.019524 0.0886901 3.37561 0.332523 0.934248 6.51812 2.32718 9.82144 
0.00123858 2.09515 1.72129 4.25474e-05 0.000142242 0.030865 0.967041 4.01577e-05 3.56106e-05 0.512925 0.0578254 0.309749 1.49044 0.0641091 0.815106 11.595 0.705533 8.90123 
1.19557e-05 9.9241 0.000174876 0.000223209 6.1964 0.0318575 0.108861 0.0266349 0.0446933 3.33804 5.79225 0.557671 0.0177414 0.237039 3.49962 10.7105 0.740198 7.13905 
0.160685 1.66253e-05 0.0356114 0.0254519 0.49675 304.73 0.00060842 0.000268418 3.75724e-05 5.41722 1.19584 0.154445 0.000457585 0.341137 2.94972 44.3999 1.09469 1.50583 
3.20961e-05 0.0375898 3.03476 0.14768 3.84985e-05 0.242073 0.157789 0.548859 9.92287e-05 2.61133 8.41721 1.11706 0.00419018 0.151724 0.789461 49.139 3.24493 1.7778 
0.001115 1.43566 2.69039 1.1841e-05 8.95398e-05 0.0369702 0.000130364 0.000492494 0.114082 2.07082 0.00613784 0.121189 0.00480872 0.0354329 1.17206 49.38 0.286567 6.58709 
7.89066 0.000399678 1.7014e-05 0.00166128 0.588856 0.0252566 0.0489863 0.621458 0.00048026 58.9802 7.80121 2.65862 0.00124607 0.104396 0.432365 39.3905 0.845638 3.73611 
1.16922e-05 2.25885e-05 0.00196147 0.158528 1.79307 0.827056 3.06463 0.000278074 0.000374477 0.0240837 2.78689 21.6731 0.901787 0.0330092 3.41564 4.59919 1.37092 6.56741 
2.6807e-05 7.73181e-05 0.166888 0.067733 0.115904 18.5156 0.0871599 4.36945e-05 0.514513 447.359 0.000771706 260.722 0.198015 0.721349 1.69847 4.65936 1.42716 5.47716 
0.00986343 0.00365987 0.701814 0.0148283 1.3269e-05 59.4132 0.000503462 0.384132 0.000450838 0.0471643 0.0364248 11.0998 0.00199865 0.506819 1.8028 4.98003 1.05353 4.43496 
0.0175838 2.33815 0.845406 4.43399e-05 2.21398e-05 235.357 0.00151577 0.0039442 0.000542203 332.382 0.0109294 0.635754 9.29115 0.944168 4.62303 24.9616 2.17712 0.991846 
0.00915455 1.60654 6.61672 0.160695 2.44334e-05 0.0477062 2.60544e-05 0.0099411 0.00166013 29.1833 0.000440251 0.0528213 9.51112e-05 0.119007 1.76282 38.2899 0.435504 3.49523 
0.0101573 0.00160086 1.8257 2.43851 1.7577e-05 7.17172 0.000590445 4.76561 0.027403 86.8776 0.00445891 0.115993 1.35048e-05 0.0180079 0.339066 38.2332 0.340023 7.04563 
0.000328136 0.000156606 1.32794 1.84429e-05 0.0136822 9.20149 1.99004 0.00788224 0.000466118 1.34739 6.66828 2.44054 4.32674e-05 0.796011 1.26711 11.2512 2.51796 2.46948 
0.0628003 9.37407e-05 1.47607e-05 0.129745 0.34898 103.288 2.12338e-05 0.194344 0.00045239 201.572 0.0137399 244.694 0.173118 0.0158821 0.550748 43.0399 2.0767 6.53964 
0.0387276 0.000721481 0.0132982 0.000741503 3.7852 0.595421 8.20743e-05 0.709615 0.289508 48.2439 0.0114037 65.5446 1.18674e-05 0.425764 1.10745 5.27295 1.07198 6.15888 
0.000152972 0.0350772 9.09635e-05 0.00133043 0.344185 6.32138 0.000129225 4.79169 0.0306298 88.5511 0.00905213 41.963 0.00700613 0.0186569 1.47274 27.0974 0.304952 5.59081 
5.88387 0.00623224 0.0147491 1.87993e-05 1.57277e-05 88.834 0.000259192 0.403215 2.86284e-05 10.6241 0.0194966 136.261 1.93591e-05 0.397108 9.1357 44.4823 0.761429 2.2611 
8.96281e-05 2.35883e-05 0.0400996 0.000135483 1.59442e-05 1.2786 0.00763092 0.0184075 0.23246 297.031 0.533948 148.192 0.0179359 0.00455975 0.568177 17.7731 4.39688 9.38946 
0.000409495 6.13903 0.0280028 4.40957e-05 0.00152219 0.0323426 0.000375895 1.23681e-05 0.000334807 7.14141 0.278386 1.5659 2.07408e-05 0.0237424 1.35781 43.6967 0.390934 7.72803 
0.00658001 0.183661 0.0023242 8.97678e-05 0.00280942 0.0386392 0.00148739 0.0925447 0.488935 6.27476 8.38045 44.3326 1.21806e-05 1.32516e-05 2.13892 14.9998 7.12476 9.96939 
0.0810245 0.00851839 0.000215082 1.15116e-05 0.00102843 0.154295 1.7849e-05 7.31498 0.0147035 0.440545 0.000428648 1.62679 0.0328076 0.25006 1.01314 44.7769 1.64771 3.82351 
0.0013106 0.405311 0.0187847 0.000349288 5.69061e-05 2314.99 0.273904 0.242617 0.173032 0.0685029 0.00290434 66.3412 3.28269e-05 0.794144 1.63412 13.8661 2.84743 4.06333 
3.29487e-05 5.63497e-05 9.31272 0.00296993 0.000105631 4.01765 0.000284654 0.307104 0.000959582 1.3021 0.000328934 39.1675 1.00342e-05 0.325901 6.69705 16.3025 0.689781 3.90306 
0.00445966 0.0752576 1.48724 0.00369652 1.93939e-05 0.0156041 0.0865479 0.121012 0.0755715 0.0102003 9.42476 0.0494247 1.45551 0.00943259 5.48795 5.86694 1.46038 3.99192 
1.6183e-05 0.000186593 0.0276234 0.000385017 0.0210025 12.5025 0.00870962 0.457389 0.0198619 17.3181 0.000572192 0.173507 0.000101278 0.759929 6.30033 32.4553 1.54947 4.02149 
0.0573706 0.877023 7.02028e-05 3.87847 0.000184498 0.148967 0.00683246 0.000108594 0.00458061 0.0137074 0.00420367 0.530404 0.404115 0.0594517 2.13757 23.1221 1.24734 6.82993 
0.000918778 2.05364 0.266703 2.14899 2.10569 7.08052 4.84309 0.00112717 0.00470912 0.0180663 9.22428e-05 2.239 8.43274 0.358429 8.36487 22.8051 0.582055 2.41812 
0.00202257 0.158146 1.21368 0.00143187 0.746709 217.701 0.0386874 0.000268622 0.585805 38.8298 0.606978 0.0964944 7.80358e-05 0.162368 3.61451 27.9242 0.984539 2.3155 
0.000143113 0.773325 0.0427882 0.00985467 0.00148725 0.035022 1.01371 1.06228 0.00690351 2.08503 0.0252146 0.0132064 8.40157e-05 0.41386 9.32697 21.3461 0.590391 7.80994 
0.411286 0.000622359 0.000748462 0.00114466 0.140032 0.0375052 1.19094 0.420674 0.00324063 28.817 0.0138365 0.0238665 0.300705 0.0474016 0.650536 39.0643 0.411397 5.17273 
0.00030135 0.000948037 0.0179879 0.139115 0.0886253 86.7839 0.147488 0.0014813 3.56713e-05 3.47236 0.747165 0.0276754 3.67113 0.00505058 0.626058 36.3705 3.87311 1.65957 
0.713954 3.82543e-05 0.000153803 2.34319 0.026119 13.922 0.0570007 0.000157042 1.63725e-05 2.14572 0.0476038 0.226132 0.00581744 0.196465 2.56052 30.6415 3.21876 8.78263 
0.245874 7.10339 1.70766 7.6072 0.0384968 2380.53 0.00590076 5.91513 0.810296 0.644838 1.83973 49.1647 1.16523 0.0221064 0.95406 11.9512 4.44337 1.77583 
0.000127566 0.00921157 0.000203044 0.0303535 0.00544064 492.3 0.207752 3.71722 0.0129923 242.368 9.3266 17.4289 3.35034e-05 0.00035591 0.168541 26.9122 1.42742 4.11931 
9.48837e-05 0.564631 0.00395147 0.145458 1.62442e-05 1.67241 0.000561751 0.0412912 0.0022848 0.107328 0.000797445 4.06485 7.27099e-05 0.0542674 0.692159 42.968 3.04174 5.31558 
0.00020286 9.64876e-05 8.59095 0.18472 6.66829e-05 0.0303956 0.000454074 0.140138 0.183648 65.3551 1.0478 149.499 5.42188e-05 0.326981 2.29503 10.2071 1.99161 3.22358 
1.88534e-05 5.81602e-05 2.57585 4.11248e-05 0.000315433 0.99258 0.00164894 0.705568 0.300823 0.0272446 0.342385 40.879 1.86124e-05 0.000612762 5.01327 17.0564 3.27938 5.54093 
0.0245085 4.75772e-05 0.0695094 1.3296e-05 0.0205236 0.179848 0.00929737 0.000336968 3.19002e-05 0.0221274 1.60463 0.299449 3.72789 0.005428 7.03698 4.13991 1.62179 7.09876 
1.90293e-05 0.0336479 0.00141079 0.000138163 0.00401793 235.81 0.000264841 5.3289e-05 0.0234547 348.546 0.000247228 226.573 0.00519885 0.530178 4.45445 11.3959 0.687943 6.48441 
0.0130031 2.61039e-05 0.000829704 0.0412689 0.000299041 0.0127372 3.8374e-05 4.91994e-05 0.000895509 0.0236977 0.00453876 0.25668 0.236882 0.197099 5.95945 35.2618 0.883231 3.12534 
0.00132957 0.0439718 0.183036 0.041583 0.0208527 7.56058 0.00267053 1.77337 0.0620604 0.0238997 0.00308776 158.614 6.23687 0.00267601 1.0477 2.2615 0.935119 5.63475 
5.79889e-05 0.11743 0.000271008 3.80228e-05 0.00592726 257.118 0.246218 0.174919 0.0600816 1.77058 0.106894 346.58 0.181168 0.0518573 1.9631 8.55746 0.835066 5.80086 
0.000421846 0.224424 0.256249 3.81172e-05 0.000369578 0.0232843 0.405209 0.00030025 4.70537e-05 0.363035 0.0404461 256.012 0.143537 0.410652 4.14323 34.8295 0.984373 0.830578 
1.28103 7.98617e-05 0.00667168 3.42976 6.45869e-05 1.51174 3.41267e-05 0.000154395 0.00176022 9.80974 2.71756 6.34434 6.44699 0.0249709 6.05208 17.1814 0.846552 3.34486 
4.15605 0.000107165 0.519868 0.00456153 0.0890759 0.142473 8.57912 2.97509e-05 1.03752e-05 1.64022 0.21305 1.99514 0.00257475 0.0400761 0.426339 22.1593 1.55844 8.16253 
1.5289 0.38005 0.932144 0.00806096 1.09743 37.4111 0.0696499 0.967755 0.000274492 0.125632 0.00133705 238.905 5.1805e-05 0.043908 1.62181 33.0287 0.719023 5.07985 
0.00506712 0.00808836 3.54605 9.02557e-05 0.032937 13.1723 0.0179038 3.21353 0.403718 267.304 0.23578 17.7109 7.85926e-05 0.848891 1.32848 28.3161 2.6108 0.68861 
0.00189319 0.000361745 0.00964713 0.000357507 0.364682 10.1029 0.152245 0.063937 0.0305341 28.1033 1.51109 0.267447 0.870992 0.000169467 0.877842 33.9548 1.63558 5.13243 
0.00017477 0.362179 0.901792 0.000437999 0.00325087 0.0224524 0.00048064 0.126058 0.0140099 0.395111 1.00436 125.215 7.66789 0.0154673 1.71216 9.47293 4.57929 5.16417 
3.68327 0.000310689 8.80025 0.00100545 0.000257708 1922.51 0.0027148 0.00869158 0.129416 3.29985 4.91387 24.9287 1.6748 0.128076 3.20892 11.2237 3.75322 9.08626 
0.0120603 4.2342e-05 2.27333 1.19536e-05 2.52845e-05 474.239 0.788095 0.0219948 0.00011593 13.9117 0.000398179 33.9256 2.97083 0.761953 1.46477 8.0055 1.98698 3.8033 
0.0467943 5.80838e-05 0.000273247 3.25702e-05 0.221853 4.74483 0.0188448 3.62032 0.000155414 195.926 0.280281 0.101483 0.000647177 0.482574 5.01017 41.0823 2.66405 2.03945 
0.0140933 1.59574 1.98689e-05 0.0317379 0.00758232 89.0583 6.17555e-05 0.0156549 0.00288434 0.0511994 0.295882 0.439853 0.0340008 0.628875 3.20048 19.7518 1.06381 4.60592 
0.000248386 1.21461 1.07121 0.000794667 0.00154476 0.0561803 4.2909e-05 0.00259408 0.00193231 0.0290883 6.07635 3.48332 0.580319 7.84791e-05 3.72323 33.6946 2.64333 4.90871 
3.24082e-05 0.191733 0.00219967 3.12613e-05 2.23651 0.263783 0.0446059 0.280459 0.256833 0.282767 0.473387 7.92531 8.01229e-05 0.0646317 1.72101 14.0982 1.76187 1.88521 
0.0582391 0.0377623 0.00017154 0.0336427 0.100932 0.0226744 0.107501 0.000274534 1.16504e-05 90.1067 0.00191318 7.56818 2.10373 0.598401 2.9606 5.65821 0.770505 9.56101 
1.96601e-05 0.00161441 3.3922 0.00115286 1.23168e-05 968.717 0.0810391 0.0295166 0.966265 0.144035 0.83326 0.0243548 1.60298 0.000146832 1.10652 8.72075 2.55984 7.12694 
0.172468 0.156656 0.00328774 0.0775133 0.0015532 430.579 0.00581866 0.0105434 0.000303425 11.6424 0.00250026 113.126 3.05119 0.677965 4.94294 21.3091 1.49604 1.51656 
0.00872556 0.00091229 1.04066e-05 0.0112032 0.185703 1.10172 0.0107838 5.75728e-05 0.0125953 0.142793 0.0608432 2.97771 4.06785 8.07929e-05 1.21095 37.4063 2.55234 1.02808 
2.80776 0.0171895 0.00118002 1.21348e-05 0.000266531 14.3952 0.000528894 4.16783 0.0132434 3.90781 0.0978705 343.667 0.00778977 0.00139086 3.45812 39.2461 6.19617 4.34315 
1.05323 0.164261 3.46305 0.00463418 0.000481264 26.7321 0.00221772 0.981655 0.00711586 69.683 0.0022564 0.0367852 1.94642e-05 0.323672 4.60368 24.7498 0.866249 2.5296 
3.48047 0.00142298 0.000286829 1.08947 0.0010102 0.0316063 0.00891025 0.000594215 0.000491805 0.0683937 0.00805787 4.33028 0.0254107 0.0865864 3.41343 41.9288 0.958512 4.0089 
0.00108896 0.00432239 7.23949 0.00261171 0.000220852 1.75919 0.00018925 3.28699e-05 4.42921e-05 111.292 0.235681 51.1533 0.00318693 0.0360583 0.183789 35.8884 2.8979 9.85549 
0.000863203 0.000108827 0.000312333 0.00399581 8.71917 0.0122461 0.00177088 0.000127444 0.0427806 256.831 0.435531 0.487788 0.000979712 0.295766 1.80735 21.5214 2.04831 2.19215 
0.289777 0.111862 6.41607 0.000219332 0.000571222 23.1727 0.000244494 6.85798 0.0767664 0.681927 0.337573 0.0628826 0.853673 0.000385752 0.371982 35.8714 1.67599 6.3221 
2.12297 0.056675 0.0170189 0.00416701 0.000505075 1.09057 0.0086711 5.61792e-05 0.168968 98.743 0.023968 17.7056 0.000377187 0.00282798 4.06665 13.7558 0.708411 6.26854 
0.00126715 0.00246435 5.79365 0.000374465 1.94855e-05 34.0556 0.0122501 8.31723e-05 0.000158623 0.29129 0.00207579 0.0636992 0.243355 0.785057 4.08272 9.64187 1.01706 3.05946 
8.57665e-05 2.12437 0.000476169 0.00249244 0.000104377 100.467 0.15126 0.0237165 0.00125384 0.0938901 0.00541245 0.499932 2.81638 0.0274116 1.65779 42.8846 4.14257 7.91586 
0.0690481 0.143045 0.000119151 0.64719 1.86107e-05 30.6163 2.74672e-05 0.000451682 2.48288e-05 0.599482 0.334948 112.941 0.50191 9.52063e-05 1.57808 20.8572 1.16756 7.23388 
2.18025e-05 2.84892 0.000111946 0.000309235 0.589689 1281.65 0.103918 0.00897736 0.000993191 0.0175851 0.00232811 0.0368404 1.55897e-05 0.0412625 0.507694 42.9492 2.48267 4.66762 
7.23081 0.00398723 0.0352937 0.000883014 7.43691 63.9315 0.432804 1.65442e-05 0.00363017 23.887 0.514815 62.6906 8.01724 0.000826457 3.15989 19.7155 0.815488 3.79475 
0.00377378 4.33666 0.000158018 0.00878493 0.0402258 786.367 0.000695827 0.295916 0.00031374 6.8629 0.639016 0.0925116 3.5444e-05 0.406243 3.81986 23.6293 2.65742 7.99042 
1.93574e-05 1.73667e-05 0.00024279 0.00185712 1.78974 5.4293 0.00645303 2.09962e-05 0.0281067 0.139361 0.00134719 0.489837 1.11014 0.350272 0.85021 41.8273 7.68402 5.96412 
2.93569e-05 4.26674e-05 0.00650743 6.78352e-05 0.000454346 651.677 0.00126864 0.000697124 0.718939 1.24841 0.00108381 0.0231832 0.00305644 0.038754 5.69315 37.6477 0.464756 7.23698 
0.110344 0.0199538 0.805615 0.746093 0.00377146 109.107 4.24393 0.666239 2.78466e-05 8.43669 0.0246606 0.0212097 6.78415 0.00583181 0.731283 25.652 0.756857 1.96081 
0.904576 5.36714 0.000258017 0.00308454 3.97388e-05 1.43914 0.200518 0.00274719 0.469323 0.0268081 0.606334 0.0670083 0.019545 1.17012e-05 2.08625 36.8096 0.866732 3.7651 
0.0291979 0.228633 0.000666594 0.122978 5.68248 6.38355 0.028422 0.000462396 2.56988e-05 0.12986 1.82233 3.91154 0.000490676 0.988998 4.59552 8.40148 0.812894 7.90885 
1.11795 4.37531 0.0276415 0.0210834 3.39023 2.01791 0.444951 0.000116491 0.00117612 5.05391 2.13066 13.0651 0.0929184 5.59186e-05 8.4617 41.4806 1.30094 3.02807 
0.0892039 0.0875073 0.000284264 0.00085313 6.89048 200.966 1.8773 0.111368 0.364483 105.065 0.13823 20.3504 7.62361e-05 0.720509 6.14186 19.7338 1.07901 5.47044 
0.967408 4.30255e-05 0.000339119 0.0203081 0.106441 0.135511 0.00121458 6.30876e-05 0.0470474 1.35912 0.0231195 18.3353 8.74536 3.33087e-05 1.3862 15.9298 0.31673 9.46379 
0.921708 0.864674 2.39557 8.15803e-05 0.00354193 1.70112 0.154647 3.89185 0.00103209 0.0194327 1.28504e-05 0.477616 7.33493e-05 0.218573 1.28435 44.3092 1.36241 2.10244 
1.34498 4.08189e-05 3.09267e-05 0.170646 0.210382 35.5626 2.97923 0.000262418 0.0762909 0.24403 0.00125573 420.101 5.61821 0.000405221 1.19877 42.8814 0.375606 5.11036 
6.19459 3.42257e-05 0.00682315 0.120862 3.00885e-05 2153.81 0.00816885 0.420056 0.0364817 42.1479 0.0124732 0.161687 0.00570613 0.0749397 4.22745 26.7377 0.867434 9.32268 
0.994242 9.09525 0.000368577 0.108097 1.26094e-05 32.4961 0.210137 0.516309 0.000438933 309.17 0.14603 13.2968 2.18759e-05 0.270861 0.904837 18.9111 2.37921 5.42349 
3.66204e-05 1.25477e-05 0.00189606 0.00322899 0.0178246 81.6417 0.491228 7.1054 0.0125935 19.8597 0.409737 9.51966 3.2069 0.000679545 2.78155 44.6698 0.326599 6.92607 
0.095279 0.0378458 1.46501e-05 5.57227 1.54143 469.193 0.824041 4.3703 0.0251076 0.0348061 4.33404e-05 0.0378159 0.0871845 0.339062 1.07255 23.1106 2.42841 8.08911 
0.0147241 0.0111509 0.000240322 0.000177401 0.000302104 0.0467901 0.00346165 0.000392867 3.60886e-05 238.329 0.0059027 0.0112816 0.019736 0.294059 1.95097 21.2178 2.07588 3.72756 
0.673923 0.550675 0.108552 1.04499 0.00600389 0.250258 4.40934 0.0120653 0.000927876 0.122778 2.32634e-05 0.0960217 0.00394553 0.0298722 3.43732 39.8209 0.660234 9.30367 
0.0489287 1.00134e-05 0.00257717 0.00421188 5.37446e-05 61.6781 9.85331e-05 3.2908 0.000693918 132.574 1.60641 294.266 0.0841369 0.933762 6.58466 32.7394 1.55371 1.83062 
0.00105468 0.47631 0.220229 0.00065847 0.00267525 4.93754 0.00275426 0.0223478 0.00761553 499.925 0.000299525 8.48506 9.9476 0.435498 1.85853 42.8399 2.2316 1.43407 
0.00164604 0.0845163 0.000400397 0.0441387 9.20916e-05 0.01015 3.55216e-05 2.60465 0.00355516 0.287401 6.14677e-05 0.0523775 0.620008 0.600727 1.28467 43.7813 5.70476 6.71199 
2.48504e-05 0.0714492 0.0200091 2.7207e-05 0.0277851 0.835926 0.0155637 0.000958579 0.00272419 16.1953 0.00583385 46.5066 3.63589 0.000130786 1.06833 40.205 0.978405 6.267 
0.00151658 0.0063489 0.0308091 0.0845371 0.00614869 0.111446 0.0732043 0.00387435 1.72454e-05 1.01836 0.00173319 6.33981 4.07719 0.929209 1.89338 26.1019 6.44835 6.18625 
8.69154e-05 0.000533172 2.90866 1.66123e-05 0.000449825 716.962 2.10428 0.0129132 0.0616388 0.441205 0.000516151 115.716 0.0183282 0.782774 6.36739 17.0095 1.33544 2.58111 
0.333788 0.0414181 0.0172395 8.62729e-05 2.06966e-05 0.648706 4.95218 0.000390258 0.245011 0.949022 0.00501757 2.26955 0.473451 0.247441 7.1749 48.188 0.604906 5.07595 
1.55918 1.57086 0.00353985 1.39734 8.90429 167.481 0.00484444 5.32203e-05 0.167036 0.0365652 0.495667 0.426936 3.33779 0.00183006 5.98427 13.8534 2.10929 4.36942 
1.96699e-05 0.000495448 0.70719 0.362051 1.38159 43.5603 0.00205881 0.838685 0.324146 0.0670754 0.181532 229.989 1.68996e-05 0.000428724 1.85376 2.68599 0.514815 5.53614 
0.0163852 0.0159341 0.0160781 8.33357e-05 1.39262e-05 0.145285 0.00119608 0.299206 0.135013 0.0246165 0.0273408 19.633 0.00683267 0.00283304 5.88073 10.1438 0.70637 9.68119 
0.0019564 0.0067756 0.102146 1.66062 0.267374 0.0810142 0.0380249 4.92816e-05 0.000102009 0.0284763 0.000435955 208.278 0.000158666 0.417739 1.92084 39.5061 2.35869 1.06121 
0.865072 0.345317 0.84876 0.128739 0.00102523 0.12481 1.23733 0.00558738 0.0986665 3.51633 0.0289537 137.842 1.03048e-05 0.19484 5.6161 8.80688 1.3728 4.28263 
8.09784e-05 1.44324 0.000337388 5.35556 2.15118 309.336 0.60202 2.58779 0.000157369 0.272936 1.35554 0.506277 0.000657096 0.116103 0.428333 39.7852 3.26466 6.946 
0.281231 0.02101 0.00174123 0.0397017 0.0083577 1515.72 9.25844 0.0296842 0.00598832 0.0448787 3.23845e-05 40.2938 0.0345915 0.451853 1.94691 15.5314 1.99817 2.07593 
0.181954 8.49431 0.00116885 0.000164192 0.000376068 1099.89 0.000326423 6.61594 0.00334479 0.233765 1.13831 144.435 0.0121675 0.000464544 4.31016 42.5696 0.266472 8.12566 
0.432106 0.394081 0.398397 0.00143091 0.0884284 2.19846 1.67745 0.570986 3.48822e-05 0.0120814 0.00507562 6.64927 0.00523278 0.168664 0.527507 25.0877 2.19513 2.39686 
0.00548725 0.0203667 5.16803e-05 4.52525e-05 1.456 420.445 0.00273158 4.38117 0.654805 2.71054 0.435698 6.85727 0.00187417 1.08301e-05 1.53992 20.7498 1.39355 9.92803 
0.000424933 4.99241 0.0133928 0.0264448 0.00056705 42.8829 0.241888 0.0219339 0.000970485 0.202794 4.14583 318.491 0.000583859 2.16986e-05 3.3941 4.54687 0.475142 2.30878 
1.79389 1.73525e-05 5.4255 8.07096e-05 0.00103301 0.0132876 0.000445318 0.000796354 0.000650928 0.500705 0.380061 4.42962 0.0191599 0.000435782 2.01096 49.6306 0.673442 5.24163 
8.60506 3.20414e-05 0.209284 0.082456 1.02639 1.73423 0.00955681 2.98437e-05 0.00189837 49.8345 1.33982e-05 61.2098 0.102264 0.430209 3.37128 26.487 1.50782 1.47227 
0.000202957 1.75614 0.00147228 0.000123423 1.20876e-05 1.46536 0.00393295 9.46349e-05 0.528811 0.185204 0.000303341 0.0633888 0.000586169 0.129686 0.974229 26.1418 0.88407 6.28037 
0.0019885 0.000201915 1.14418 0.00381838 9.40725 960.009 0.00925412 7.62529e-05 0.0899803 45.2229 0.000334507 42.3627 0.0251804 0.223959 4.0634 28.0804 1.16749 1.91175 
4.38242e-05 0.402582 0.0561248 8.90182e-05 6.19525e-05 1.0472 3.65294 0.0964993 3.74136e-05 0.0415334 0.0129647 0.359175 4.22305 0.00160783 7.92933 49.0679 1.25368 2.92804 
0.000133737 3.53489 0.0347037 0.0864908 0.000940419 3.76058 0.0843461 0.000191893 0.00632903 13.2602 4.0617e-05 25.8282 0.00869981 0.0215798 0.523472 44.4646 0.59437 4.00537 
9.27126e-05 3.89046 0.153219 0.000366753 0.000573344 0.0214768 1.16438e-05 0.000244656 0.0047287 11.4787 0.0361172 10.3167 1.66478e-05 0.000159446 2.67616 24.5795 0.610613 3.22512 
0.0585869 0.00630728 4.69969 1.50038e-05 1.01518 0.0229454 3.34635e-05 0.00152503 0.0872614 1.15396 3.05667 0.137176 3.73218 0.00114163 4.15562 20.7768 3.17547 3.91926 
1.34964 1.53599 0.277591 0.598761 0.244584 4.08498 8.71539 0.157976 0.304239 0.605103 0.0622838 205.044 8.68379e-05 2.62577e-05 2.47703 21.2638 3.46211 6.78728 
0.000870541 4.18507e-05 0.0079698 0.0130577 0.00107971 1197.54 0.674322 0.89292 0.199716 8.29751 1.19902e-05 0.081046 0.00463419 0.075056 0.45745 46.1633 2.18223 1.54848 
0.00146204 0.0398931 0.00010466 0.000973656 3.31872 0.014617 5.30499e-05 1.45445 0.552563 129.154 0.129281 186.202 6.28373e-05 1.68215e-05 1.46418 48.9381 0.314475 3.12959 
0.00941561 0.00138222 2.24812 0.00452902 0.674586 96.351 0.492429 1.10607 0.171668 113.042 0.00271345 6.10421 1.35 0.0100314 0.350422 49.2111 1.06304 2.79864 
0.00348493 0.000598323 0.000566742 0.000125431 0.000198833 57.1413 0.022348 3.1859 0.122566 0.0301563 1.06295 6.91962 0.0101943 1.35883e-05 2.57159 15.2784 0.594768 6.38111 
0.342421 9.81193 0.0718553 0.853172 0.0742975 1.1351 1.1573 0.0836827 0.00538654 0.0129821 0.0985153 0.0315982 0.00283315 0.0851407 3.86731 33.9381 0.851551 6.86712 
0.00115714 3.91434 2.65322 2.13847 0.000718405 1.66433 0.00014376 0.317931 0.0347626 3.32176 0.730315 1.18134 0.00553496 0.983072 2.79893 33.6584 4.52895 7.30456 
0.000274852 0.000130118 1.12188e-05 0.000183696 6.0476e-05 4.43686 2.44956e-05 0.00237766 2.0532e-05 1.66872 0.468066 47.2305 0.000113402 0.0190621 0.734934 37.0864 0.707406 5.18768 
5.84744e-05 2.82499 0.00527509 0.0104251 0.0475139 0.584905 0.0574044 0.00747153 0.000994704 2.12785 0.00115527 3.10236 0.0342513 0.0939123 0.75495 20.9913 1.86711 9.12323 
0.0555221 0.0137632 0.00489275 0.21103 0.0183737 0.0583917 0.0152987 0.00499467 2.11562e-05 1.09425 0.0225959 292.92 1.45162 0.00697723 1.17439 44.172 0.680387 2.56928 
0.0220168 0.123476 0.622168 2.77372e-05 0.000187792 1.47161 1.35172e-05 2.12983 0.00680566 0.882268 7.64475 8.76879 0.0800292 0.00289147 0.61147 46.2362 0.31715 7.49903 
9.94362e-05 0.0194588 0.000177065 1.76541 0.00128332 0.12261 7.98427e-05 0.122336 0.000533782 2.43131 0.369693 0.60571 0.000568281 0.00694913 0.149664 47.6995 0.96638 4.72728 
0.000679848 0.000364834 0.00609694 0.421803 0.000166143 9.93654 9.10041 1.46931 0.0142921 1.21272 0.032213 4.04364 5.55823 0.0284115 1.52208 20.8918 0.522554 2.88887 
4.79938 1.5425e-05 2.42951 0.00770024 0.000281197 0.903366 0.00431417 0.0721715 0.000263782 33.8584 0.530223 0.168866 0.00994289 0.128875 8.23926 39.9342 0.432391 9.06473 
0.000357633 0.201506 9.34226 0.000162903 0.665148 30.5354 0.188018 0.000128549 1.25568e-05 0.310122 0.0158906 242.407 6.77451 1.86246e-05 6.01979 17.8716 1.61063 9.20538 
0.00806479 0.55779 0.000181525 0.283905 0.000641093 20.5149 0.00533786 3.634e-05 3.36489e-05 0.393739 0.000197124 0.134682 0.0102066 0.121711 5.53876 48.5492 0.75942 2.14303 
0.000106514 0.0111896 0.000317738 0.0232808 0.662146 269.91 2.65127 3.33023 0.043903 0.617908 0.410609 21.7481 0.00785301 7.75371e-05 1.15565 17.372 0.466445 9.35508 
2.59161e-05 0.17691 3.24645e-05 0.00033625 0.00985463 18.836 0.0212119 0.0358917 0.000522194 439.41 0.140832 30.9532 0.2927 0.947079 2.91754 19.3013 2.21294 4.58732 
0.000101958 0.000114605 0.0100929 0.00815934 1.28388 5.86037 1.39334 0.00236925 0.190199 0.115063 0.374645 0.0217614 0.0988073 0.0965191 2.61927 45.2285 1.22319 2.71525 
9.25689 0.00335382 0.984269 0.000596325 5.16182 0.0123543 9.34598 0.000101948 0.000124342 135.899 0.000436825 1.15595 3.77305e-05 0.0329343 0.3359 23.6313 0.823811 9.17156 
0.286678 0.474547 4.83022e-05 6.4612e-05 0.00383898 566.118 0.0314442 1.22862e-05 9.82808e-05 30.9601 0.00058449 0.146358 0.00148891 0.19701 7.38751 36.1594 0.498058 8.41201 
0.0117891 0.0416931 2.18745e-05 0.000123374 0.00212091 0.0110584 0.00237443 2.3022 0.101866 21.0343 0.000205022 55.7844 0.0154154 0.436814 8.48693 27.5639 0.820327 2.69634 
0.000102199 0.0310867 0.00513009 0.0120322 0.0110586 7.17409 0.000165517 0.0105597 0.00985374 141.006 2.95226e-05 236.077 0.0168522 0.108282 1.85656 16.4808 0.75033 7.35477 
0.000536596 0.223703 0.0171671 0.000593872 8.02466 0.0226738 0.00411805 0.0015842 0.0390643 57.8272 0.482271 0.126433 0.00264625 0.583893 1.41416 22.3699 3.4305 7.01369 
0.0192388 0.000330719 0.00242005 0.392243 7.15889e-05 12.5271 0.0734169 2.82303e-05 7.53871e-05 0.0113836 0.0581169 0.0678705 2.53178 0.0792725 2.61996 44.5498 4.9058 7.75543 
0.0213413 0.0216546 0.000817266 0.00188019 0.020554 1.58213 1.60207 0.152354 0.0598811 0.279711 0.120794 1.22232 7.13354 0.000587068 2.70628 31.0105 4.16909 2.43383 
0.00321079 0.0302532 0.0326894 0.159656 0.356956 596.53 0.000341295 0.355941 0.0575636 7.75085 0.00219692 15.264 5.24541 0.00537784 1.15684 30.923 0.482553 3.86262 
3.1427 0.0296489 0.266982 0.000987038 1.88039 4.59633 0.0384124 0.000668583 8.52509e-05 9.90702 0.000234761 0.14086 9.49317e-05 0.766405 1.86753 20.5111 3.37217 7.84811 
0.0408503 8.8914 6.70883 0.00413191 0.000757477 239.559 0.313977 0.00392707 0.0212781 4.29007 0.000327739 0.087202 0.00458415 0.133125 1.90735 40.6524 2.57407 4.61327 
0.409319 0.00414188 5.05841 1.91321 1.16608e-05 28.5182 2.94031e-05 0.485856 0.15192 0.135157 0.862087 0.199385 0.0977828 0.00159399 0.396186 29.5541 1.02091 3.94624 
0.0106193 3.59822 6.76365e-05 7.73965 0.237206 0.26538 0.0029578 0.0180327 0.920261 7.22276 2.04468 0.239278 0.0167904 0.775444 7.60487 29.5814 2.30024 5.10418 
0.000565489 0.00735094 0.843732 0.0175875 0.0456581 0.093395 3.71435e-05 7.50379 0.958547 0.822721 0.000323509 50.0425 0.0281714 9.00854e-05 0.658381 19.7435 2.13482 2.32028 
1.07623 0.260984 0.160691 1.92625 0.000413221 0.0991263 0.000703408 0.000141093 3.00447e-05 8.22889 0.127756 0.101098 0.00041946 0.192572 2.17681 25.5981 0.70088 9.87052 
2.32691e-05 3.37339 0.00423183 1.74387 1.94579 0.743501 0.00589416 0.0545322 0.0323966 0.259529 1.34893e-05 7.46493 0.00046916 0.868854 3.81594 33.9893 2.43671 1.06205 
0.0407905 0.401397 0.0012492 0.00116798 3.33326e-05 533.067 0.00251852 0.00241072 0.0013729 0.0156944 0.0701627 0.0304354 0.751089 0.000115091 7.03628 33.0208 0.669163 7.28451 
5.41432e-05 0.217224 8.26932e-05 0.00196446 0.0930402 0.409166 0.175837 0.92577 5.70807e-05 0.444294 0.000171361 249.282 1.16509 0.0993507 0.521549 18.1227 1.07671 8.9219 
4.16008 0.00380695 0.00014136 0.00780548 2.03539 183.078 0.417662 8.03251 0.00195143 0.127303 0.148243 316.737 0.0875995 0.000701037 2.83274 22.879 0.44718 5.60731 
0.993986 0.000403788 0.00205064 0.000428154 1.18132 0.115476 6.43418e-05 0.00918322 0.00904632 8.61758 2.92718 0.0992898 0.0532179 0.269735 8.23627 43.9054 0.736552 1.47239 
0.00722581 4.98633 0.00133552 0.000579841 0.0668977 36.1961 2.29837 0.000667879 0.144723 61.8048 3.98159e-05 0.184632 0.378408 0.154523 0.998172 38.9206 2.14843 4.86011 
0.00199968 0.934197 0.0441471 6.52084e-05 5.30082e-05 1798.18 2.08013 0.124964 0.00343423 0.512195 0.0191808 0.629577 6.26621 3.88796e-05 2.66785 48.9883 1.36941 1.35406 
0.00181319 0.00379128 0.0208109 0.000808338 0.00012709 0.609946 0.127731 0.0011511 7.87127e-05 157.669 5.98435e-05 0.461487 0.00172151 0.0591311 0.33823 37.307 2.94078 5.6254 
5.78315 0.0185389 4.13454e-05 0.0229962 0.851756 137.018 0.000549671 0.0935128 0.104073 48.7803 0.000492759 0.527663 2.74674 0.422731 9.1821 19.2563 0.696387 8.6134 
0.238123 0.0479732 0.233678 6.4152 0.250243 2567.68 0.0285109 0.601621 3.17713e-05 0.0272189 6.04103 0.235092 0.195556 0.400387 5.00596 22.5133 0.865259 4.1214 
0.0475926 0.000110828 1.00797 0.00169146 5.52847e-05 978.067 0.000125558 1.04095e-05 2.65579e-05 0.1248 0.00024425 0.144412 0.0106486 0.0152191 0.826177 45.1231 0.455314 6.86632 
0.0420322 0.000520336 1.77664 9.39737 2.49077e-05 55.3565 3.44416 0.0150967 1.17224e-05 2.97768 0.721989 0.231842 0.000716017 0.115366 3.13776 36.2726 0.905429 2.42052 
0.00302886 0.00224604 0.00410809 6.47634 2.67207 471.154 0.105776 7.2115e-05 0.00159968 0.668205 0.000193135 171.265 0.0152046 0.0254959 1.16134 48.597 0.758059 3.72468 
0.00125705 0.000925724 9.50885e-05 0.00106334 2.13353e-05 1.8826 0.000537229 0.0388553 0.176798 8.01524 9.35605 0.0259635 0.275978 0.243225 1.86142 8.60624 0.92763 7.97556 
0.00107056 2.15381 0.0374553 0.168005 0.00309993 14.3676 0.000164086 0.00049052 0.0618297 5.70734 0.000697596 25.3591 0.00199491 0.000161386 5.01119 34.8876 1.14099 5.00098 
0.000105681 0.212021 0.10449 0.000778517 0.00103086 0.0796398 0.10596 0.723042 1.2191e-05 49.2387 0.00663767 203.812 1.76558e-05 0.352731 1.40153 37.3158 5.01818 5.28008 
1.62468e-05 9.11723e-05 8.37757e-05 0.215104 3.93284e-05 0.552104 0.000856446 0.000382085 0.128594 2.6786 0.00130681 14.0271 0.579074 0.315747 1.11301 18.4381 3.33972 7.98821 
0.769434 0.737445 0.237901 0.129927 0.048446 0.954429 0.0133835 3.8367 0.000942645 0.0874097 0.777634 201.492 3.25622e-05 1.27739e-05 1.89556 21.4213 0.357687 2.79834 
0.00108302 1.88232e-05 0.0272909 0.00935879 1.43326e-05 1926.47 0.291482 4.35943 0.00870355 0.063841 0.000157977 0.118534 0.105441 0.126193 3.09516 36.4018 2.54241 6.8934 
1.72087e-05 0.135567 0.0137849 0.000512385 0.568134 0.767783 0.034423 2.83575e-05 0.000597178 10.5481 0.000242543 5.18357 0.00782393 0.588822 3.3719 30.6903 1.61761 1.26828 
0.0983218 0.970743 0.686511 0.00171991 0.115882 2369.91 0.436497 3.54092e-05 0.0662978 15.5043 0.343923 0.209098 0.260434 0.00584124 0.791654 45.7613 0.802211 7.54121 
0.0340388 0.194581 0.00705872 0.0236897 0.393583 319.097 4.26013 9.20023 4.88301e-05 0.0127238 0.000616541 0.805778 0.250609 0.0360766 0.382994 23.0516 1.80652 8.62768 
0.000637864 0.00290362 1.71324 0.0423805 1.4696e-05 0.025657 6.11152e-05 0.547989 0.948424 153.967 3.50754 369.386 1.38316e-05 0.00018398 9.67273 17.8911 1.16915 2.66799 
0.000647667 0.000232709 0.0251743 0.936177 0.00458525 83.9062 5.18491e-05 1.82865 0.0366228 0.0318983 9.06871e-05 3.84537 0.000420273 0.0636726 0.77422 28.0052 1.11673 2.48735 
1.92431 3.87883 7.86329 0.0484904 0.000178273 10.7586 0.00545701 1.17998e-05 0.0325175 0.587948 5.10573e-05 0.0201571 4.99845e-05 0.0259198 3.08975 47.3383 0.974018 6.14297 
3.46773e-05 8.99792e-05 0.0078084 0.552633 1.08493 122.903 0.000141924 0.0665113 0.0356556 0.0149465 0.000563173 192.165 2.35656 6.36561e-05 9.87215 13.4927 0.338191 7.25942 
0.000443914 0.0111292 0.0017225 0.147605 0.00430339 116.192 7.52935e-05 0.348111 3.81435e-05 159.228 0.312459 0.0159797 0.0010815 0.361102 3.13577 13.2293 1.62141 9.71955 
0.0073005 0.00152348 0.0136851 0.212725 8.00975 112.904 0.000284938 0.00108572 0.000153984 0.0107066 8.17596e-05 0.220522 0.00173609 0.0416326 1.13091 43.137 0.406339 7.49125 
0.00697457 2.76223 1.27196e-05 0.00337268 0.00200682 0.092818 0.44095 2.17661 0.00261112 0.0872432 1.07884 143.102 0.00165726 5.3329e-05 0.703782 28.3002 4.70448 1.19469 
3.15825 0.0103233 0.0001096 0.389239 0.00168649 1.23938 6.42652e-05 3.92527e-05 0.000361139 0.0168663 0.000441935 171.089 9.46388 0.384665 2.09528 28.1281 3.06471 2.25659 
4.83262 0.0133468 0.0818972 0.00110777 0.000610233 0.0186971 0.00616982 0.0566394 0.00166271 3.21734 0.842144 0.228474 0.00041982 0.449543 3.31199 34.4312 2.99915 4.70985 
0.32278 0.00196037 0.0666725 3.47469 0.311597 0.673392 2.91265 0.00236778 0.00262093 5.74077 8.7053 3.52899 0.173466 0.00232264 3.9255 41.8553 0.394013 8.83749 
6.91187e-05 3.08994 7.00101e-05 6.07389 0.000461521 0.487586 1.63691e-05 3.4176 0.0490952 1.23272 0.00572042 304.466 0.0294627 0.000403227 0.357383 19.0543 2.09747 8.23494 
1.90057 0.0405264 2.15829 1.20609 0.186675 26.89 7.66601 3.51924 0.00330374 136.67 1.29795 135.42 3.65684 0.00226372 1.69439 49.9568 0.839048 1.43192 
8.59583e-05 2.83155e-05 0.192775 2.61713e-05 2.31825e-05 0.0252019 4.23995 9.86608 0.00187662 0.504217 0.00102158 1.50891 0.00134725 0.0256326 0.197205 40.3515 1.8571 8.45198 
0.004204 0.000855929 0.0634935 0.231522 0.0459133 1459.05 0.121852 5.91913 3.14378e-05 0.191124 3.74923 0.0668755 1.7643 0.000170762 5.36793 20.6422 2.62517 8.389 
0.000697519 5.24735 0.0106907 0.002161 3.51925e-05 2.92651 0.00124866 0.000109283 0.00241099 0.9295 7.96787 0.0701105 2.0677e-05 0.0175985 0.924845 45.1306 0.41034 8.09188 
0.0521228 0.000971685 0.0016467 0.365665 0.0202218 12.3038 1.75648e-05 0.149809 0.0125908 6.9606 0.0535638 177.002 1.33214e-05 0.0036654 2.09804 47.8184 4.88951 2.99202 
0.218778 0.00826771 0.000960928 4.32069e-05 0.00372364 421.162 0.0152461 0.000497903 0.262101 0.0271816 9.85967e-05 0.146859 0.0010814 0.508882 2.06497 46.0895 2.49316 0.862103 
5.00949e-05 0.0234872 0.398607 0.199784 4.10532e-05 25.9737 0.000164407 2.27457e-05 0.00307769 17.3654 0.0623692 2.54803 0.15268 0.178254 1.04435 13.8736 1.95294 7.55023 
1.84126 5.33116e-05 0.00120754 0.000345495 3.95434e-05 1950.42 0.00605157 0.165211 0.00325405 0.0702322 0.0145484 12.9542 4.06996 0.00242409 0.738462 44.5896 3.43292 6.28903 
1.70937e-05 0.556199 9.95244 1.02544e-05 0.000369029 0.052248 0.00216587 4.9924e-05 0.000205676 1.07161 9.54984e-05 0.0190331 0.0204097 0.453882 2.5591 11.1867 1.4029 9.75257 
0.0104283 0.34382 6.27982 0.00138476 0.0666725 1668.02 1.90254 0.00170396 0.0280957 0.0233081 4.80359e-05 81.3922 9.12965 0.0366062 0.524774 28.3591 1.02613 5.73059 
0.000276276 4.00972e-05 0.117697 0.0504052 0.0054055 460.566 0.0256725 4.05105e-05 0.000245235 6.8214 0.00239285 150.883 0.245012 0.117427 2.99111 25.7726 0.953529 6.22888 
0.0788187 2.39391 0.542467 0.00140199 1.98207 1.48608 0.00209449 5.57129 0.0815477 2.5304 0.160264 499.735 0.00543109 2.3654e-05 4.49219 6.74928 0.313786 5.38148 
2.94152e-05 0.156755 0.00954619 0.00210675 0.016761 11.4825 1.13146e-05 0.000396668 0.00112543 3.98171 0.0460072 0.0194215 7.45446 0.0169513 0.721371 37.1155 5.82223 6.52673 
0.00356049 0.000236478 0.341845 0.00405285 0.145865 0.550657 0.050581 0.117199 0.0215801 0.463556 1.72344 439.503 0.00932055 8.99069e-05 0.338682 18.4675 6.41902 3.56156 
1.96225 0.000468892 5.75458e-05 5.15174 0.0630658 2.28425 0.0872854 1.70979 0.503682 0.163037 8.39115 115.115 0.123043 0.000154707 6.33743 3.18421 1.74088 8.25097 
0.189278 0.000101326 0.109598 0.343578 2.4041e-05 0.0437725 0.343524 0.0768489 0.590272 315.309 0.00200523 0.0939071 0.00124579 0.207311 2.54483 18.5675 0.679009 8.55212 
0.00058557 1.83646 0.000153464 7.6871 0.470767 7.63071 0.000132663 0.0283624 0.0229868 54.2861 0.0331566 0.201104 0.0497096 0.314605 1.33896 10.2345 1.43494 7.72052 
0.000113147 3.63543e-05 0.118497 7.66369e-05 0.00594282 104.85 1.65376 2.86242e-05 1.31522e-05 37.7124 0.00674773 0.0217362 0.000240371 0.428926 1.97886 19.1272 3.09012 9.11645 
0.040283 0.940793 0.291829 0.912158 0.266617 0.0406129 0.00139166 0.0615042 0.0420162 3.60871 2.46193 36.6425 6.00757 0.0013993 3.27852 21.9835 2.9174 3.22215 
0.000277375 0.221406 0.101063 2.77028e-05 0.000379772 0.103222 3.53126e-05 0.0630903 1.38744e-05 494.584 0.145088 0.0143012 0.0195368 0.128186 1.89677 39.9906 0.550957 9.63718 
0.115187 0.000166434 0.000139186 0.0021374 1.78371 93.0665 0.000852357 0.00302229 0.00199152 0.3255 0.127606 0.576055 0.395775 0.453896 2.66026 39.7736 3.48151 2.60885 
0.000385809 1.76221 7.56837 0.193632 0.105315 14.6617 0.559836 4.06695e-05 0.000281862 0.0112793 6.34303e-05 0.116963 0.000602411 0.226304 3.81869 39.1266 0.702707 7.38783 
2.10977 0.0101334 0.001735 2.27115 1.82694 1463.59 0.000128141 0.277523 0.0183463 0.389739 0.000955124 318.274 0.272319 0.942827 1.49105 6.60052 2.79688 7.72355 
1.01201 0.000732042 0.000146198 3.11621e-05 0.0323616 4.55328 0.00424188 5.22019 0.0284388 0.538049 0.208869 4.44397 0.00106975 0.040752 0.359214 28.8385 1.71251 8.13767 
0.000317079 0.00035903 4.14845e-05 0.0374883 0.00140247 24.7688 0.000166185 3.62151e-05 0.509795 190.811 0.0059842 1.17412 6.0813e-05 0.000188039 1.98316 43.1304 0.475311 7.65306 
8.81611 0.000169611 1.03401e-05 4.09784e-05 9.30226e-05 902.492 1.13801 7.65223 0.512126 10.6229 0.134412 325.786 0.319129 0.000359938 0.497532 49.6237 1.91185 0.722449 
0.000154577 1.63009 0.0740215 3.68828e-05 0.00195298 249.243 0.00147671 0.0179439 0.137861 0.252979 4.56065 0.0962446 0.00058552 0.0535394 1.88685 39.2211 0.636386 3.053 
3.02369 0.00682218 0.051227 0.00160262 0.353737 1.06366 1.25692e-05 0.0358319 0.234896 48.6655 0.0185773 464.068 0.000119341 0.00746799 0.409343 13.3102 4.41537 1.89994 
7.92767 0.0849967 1.6044e-05 0.0287479 5.45795e-05 22.9473 6.89201e-05 0.00593546 0.0105555 0.704327 1.25943e-05 0.212433 0.000106381 0.0693787 0.22158 39.0284 3.09861 5.15799 
0.000616365 0.164827 1.8273e-05 0.210029 0.000284433 0.0774474 0.00324134 5.07565e-05 0.00316008 98.6153 1.24869 10.2542 0.000285166 0.405397 3.63314 11.7595 0.921538 9.99177 
0.000120012 0.0200813 0.00695015 0.00205255 0.523096 303.888 0.00184464 0.0329566 1.90781e-05 3.11564 1.60558 3.30545 3.38067 0.000378964 6.85729 22.2574 0.893257 6.10462 
0.0870358 0.590207 0.00438825 0.000184783 0.106465 10.2573 0.00195017 0.558148 0.195547 0.0195498 0.0617112 7.37949 1.23004 4.19947e-05 2.29052 28.7535 1.61043 2.5108 
4.02225 1.56788 0.000312502 2.97747 1.14528 2305.32 0.490998 0.28393 0.248146 32.5448 0.0147395 338.377 1.32236e-05 0.0551649 9.59871 28.6799 1.57411 1.70647 
0.000105777 9.2804 0.703265 0.00496573 0.166316 18.2414 5.1678 2.78258 0.00280472 0.1275 0.272336 7.07754 0.0387231 0.200673 1.78616 41.775 0.900438 5.55597 
0.0481697 3.25447e-05 0.220823 1.92694 3.16475e-05 132.781 0.000121634 1.16823 0.0972796 139.931 0.045401 0.0638433 0.000217238 0.111612 0.337632 27.657 3.35166 5.81278 
0.049081 0.034377 0.000823299 4.58276 6.59831 281.435 0.171549 0.000145731 8.08113e-05 0.132775 0.187771 0.0121051 0.00539524 0.0143323 1.25585 49.2824 1.46033 9.24355 
4.3534e-05 0.03888 0.000220546 0.104015 0.00430916 85.4017 0.00747598 3.6907 0.00022516 0.0663606 0.00624817 40.7397 1.69485e-05 0.0265406 0.898833 48.4387 1.38001 5.70195 
0.953066 0.243423 0.000973872 0.000773655 3.91041e-05 1.55163 0.122217 0.000123958 2.73324e-05 0.0233656 7.54026e-05 1.22783 4.74789 0.0908193 0.901902 26.3915 1.01865 4.04141 
0.0312233 0.0542156 3.44072 0.0747747 0.00647851 0.0863964 0.0822272 2.33604e-05 0.0209121 4.85994 0.000296598 96.5438 0.327524 0.0229961 1.29314 46.6339 0.93177 8.04822 
0.000431337 0.000229669 0.167016 0.000842571 0.797688 0.0296762 0.000544746 1.77531 0.000170895 0.425483 0.0147991 108.036 0.000532416 0.0661947 0.420505 43.2887 3.23201 6.52311 
0.000796884 0.219756 0.648363 3.01687e-05 3.45051 1790.53 0.000905448 0.906504 7.19296e-05 0.268681 0.0223315 349.313 0.000383131 0.0128129 0.361357 36.8598 1.31906 7.3353 
0.000273452 0.30733 0.000137378 0.000345485 0.000103559 0.0388625 0.00104164 0.000332363 0.136854 0.980885 0.000489467 0.456619 0.000306187 0.0488575 3.25666 44.1361 1.04827 5.40629 
0.000493678 4.95422 6.22376e-05 0.251705 0.181841 1579.38 0.0422021 0.236433 0.0259154 0.0866996 1.71944e-05 6.59125 6.14847 0.896789 2.2038 35.1286 7.21873 6.77008 
0.000156634 4.03178 0.00568782 0.000172196 1.21774e-05 1150.49 0.00186732 0.446032 0.00171203 162.917 0.00294813 1.52381 0.000142409 0.0977974 1.88823 25.1491 0.664328 8.21416 
0.0267599 0.00126563 0.0235328 0.000728106 7.50907 262.712 6.00385e-05 9.21487e-05 0.0284596 2.75458 0.00590904 0.214474 1.85606 0.381434 2.98372 34.1808 1.29711 1.9242 
1.1631 0.608195 0.000144798 5.24823e-05 0.000159229 0.192525 0.244023 0.122114 0.00307112 0.338631 0.00119576 0.072865 0.222725 0.0682122 1.96198 28.8708 0.901224 4.74039 
0.024235 1.39405e-05 0.00559894 0.569432 9.40558 0.11071 0.000667271 0.0444246 0.227726 0.0354922 3.6476e-05 0.822239 0.00437419 0.765952 2.65468 18.1989 3.99109 8.73309 
0.000408333 7.078 1.11235 0.014789 2.53313e-05 0.0989415 0.805931 0.0284225 0.0048638 16.2229 0.134737 437.152 0.59343 0.00223151 5.38934 9.83016 1.35404 1.4252 
0.00418957 0.0118838 3.17965 0.334163 0.000107865 0.0228575 0.132123 5.65893 0.091654 6.99678 0.114046 17.6413 0.348541 0.263535 1.63553 34.4375 3.55196 4.18881 
6.64378 0.0233014 9.96833e-05 0.337367 0.0148154 1803.29 0.108 5.98782e-05 2.25627e-05 465.593 0.413045 0.614426 0.00104168 0.02821 0.781173 38.6887 0.847631 7.9901 
1.53284 0.497236 0.648988 0.000494963 0.000202628 188.892 0.244725 6.49622 0.483486 0.166224 1.06048e-05 21.8867 0.00411199 0.0404842 4.73301 44.9107 0.596807 7.87385 
0.0190598 2.71053 0.0131952 0.000118217 6.91248e-05 2510.48 4.91688e-05 0.000113728 0.00108604 10.5924 0.00106085 1.23214 1.11017 0.0381724 1.98592 49.4826 1.04755 4.24339 
1.51044e-05 0.0661326 0.213447 0.044939 0.000734763 1.2384 1.40228e-05 0.862232 0.025811 3.97496 0.120136 191.558 0.000713891 0.00558906 4.70572 13.3978 2.09618 4.11248 
4.93413e-05 8.18301 1.80448e-05 0.000257466 0.834136 0.0763784 0.000238776 0.480695 0.00267165 0.0790369 4.31421 0.0194059 0.266372 0.0272688 5.26309 32.904 0.677398 8.59832 
9.09708e-05 0.231729 0.000701243 8.73411e-05 0.000935527 113.098 0.000109388 0.00139252 4.36339e-05 389.202 0.0196927 0.0771219 0.0150903 0.172552 3.24279 13.3742 0.667947 9.4931 
0.000211729 0.602941 0.0848188 0.000236843 0.977175 288.793 0.00822374 0.00818864 0.0939692 0.844245 0.00213451 0.0455262 1.12401 0.327721 2.28445 45.7847 2.93572 3.27097 
0.00238875 0.00187357 0.000197128 1.97309e-05 0.00715437 101.323 1.77514 0.273719 0.00163887 25.3674 3.54029 234.48 1.37513 0.00139087 0.269315 44.6807 3.06313 4.78987 
0.000198877 0.0929063 2.19562 0.461738 1.71939 84.4053 0.0287315 0.00501956 0.00716245 62.6983 0.0148117 0.607456 0.23741 0.713126 2.46532 20.4149 2.38449 3.02586 
4.31991e-05 0.487859 0.537654 7.67553e-05 0.0395894 0.645648 0.277341 0.033739 0.0680351 0.0652844 0.0702801 0.123617 2.42264e-05 0.0974058 0.431982 47.4843 4.3606 6.67344 
0.0711428 0.0365829 0.000199263 0.349425 0.162728 305.285 1.74671 0.00707133 0.197446 191.143 0.0906072 92.6028 0.238416 0.0768791 2.81517 34.3127 5.40617 5.66713 
0.00013202 0.00306371 1.37254e-05 0.000215998 0.0475057 0.0755857 0.00375442 0.117067 0.0807832 480.228 1.0952e-05 109.633 0.362121 0.28986 7.01356 48.4501 1.32825 2.43291 
3.16106e-05 0.000931447 0.000178949 0.0058031 0.148283 0.467492 2.14473 0.00054712 3.07311e-05 0.0759887 0.0321383 0.554245 0.846423 0.254826 0.897281 26.3557 4.23804 7.44519 
0.274768 3.90275 0.0222851 8.71101 0.00725825 1006.5 0.000131611 1.05868e-05 5.77776e-05 9.68523 0.438798 0.1108 5.78368 0.00131656 2.78428 38.2386 0.826694 8.53902 
0.0188021 0.012332 0.344863 0.000469424 0.0142203 2283.05 0.000980868 0.0298379 0.0123646 0.0329673 0.129419 50.3139 0.619616 0.000317016 3.63983 11.4261 0.514488 8.5048 
4.31146 4.04784 0.00210983 0.0796296 0.231847 41.6201 1.44902e-05 0.703087 4.10621e-05 7.36931 1.28924 0.264758 1.20794e-05 0.154925 2.72102 25.0763 1.76074 7.30862 
9.79509 4.0314e-05 8.0605 0.00153934 0.00351715 63.8371 0.000141204 4.1669e-05 0.059307 31.4016 2.16193 0.0313616 0.00280329 0.0259782 0.291074 48.4168 2.80903 8.66992 
2.67129 0.000200155 4.29271e-05 3.88141e-05 7.8251e-05 3.103 0.000230857 0.596339 0.575652 1.95172 0.115372 221.286 0.00486792 0.0710149 1.23812 1.73564 0.97027 2.56492 
0.00933632 0.027595 0.000732793 3.55138e-05 1.62921e-05 23.3138 8.08814 1.01513e-05 0.0111221 19.4253 0.0287784 0.135664 8.92687 0.00100431 1.11523 27.2361 0.703253 5.62004 
0.000154034 3.8456e-05 3.77e-05 0.031655 0.488318 0.073057 0.000783777 1.0576e-05 0.00175997 0.273839 1.40143 2.32352 0.000192706 0.0296427 0.659445 48.7809 1.54062 3.93605 
2.80867 5.10658 0.0164072 8.85418e-05 0.00110569 0.0222509 0.000495778 0.00566584 0.000381888 0.0166439 0.00104933 0.0163086 2.62474e-05 0.0193358 2.243 48.8535 0.695463 7.44952 
0.335675 2.46187 0.977198 2.62235e-05 0.000216185 1147.55 0.000400974 0.109669 0.00569853 237.117 0.307624 10.1804 2.80788 0.23762 0.854865 13.3953 2.58636 9.7292 
0.611138 6.27469e-05 0.000559557 0.000234003 0.567367 0.0656922 0.196888 1.78845 0.000783432 2.26387 0.00331484 0.171892 0.000217302 0.152378 4.06103 29.1745 1.16952 9.97652 
5.56419e-05 4.26841e-05 0.00429949 0.0483549 6.37222e-05 98.7064 5.56734e-05 0.000227753 0.57503 5.31928 0.00702608 0.052862 0.0019997 0.141106 0.600816 42.1966 2.44122 7.08117 
1.86831e-05 0.000238412 0.0859213 0.000384566 0.0100486 286.5 2.07422 0.00441502 3.05653e-05 10.7098 0.00949374 0.485203 1.89244 0.172074 3.9977 22.3494 0.945443 7.86155 
1.08854 0.00515522 0.209404 8.03256e-05 0.670604 26.9249 0.00477229 0.126007 0.780101 94.7102 0.156187 205.575 0.0624311 2.79281e-05 6.45866 34.4094 3.31162 5.1816 
0.00305798 0.0243913 2.13537e-05 0.00594192 0.000529114 1305.91 0.0677553 0.00275757 0.0388283 75.0421 0.000465688 362.859 2.72585e-05 0.507317 3.94705 39.3767 1.87604 2.33272 
4.11408 0.000106593 0.427472 0.000409524 2.24566 67.2412 0.060394 3.13879 3.70142e-05 0.3497 0.674741 0.607504 0.00096681 0.13005 1.76242 48.0712 1.73893 2.65693 
1.6904 0.00333743 1.51945 5.73627 1.17165e-05 0.665266 0.00151149 0.406037 0.000337091 0.0775099 0.715579 465.974 0.148708 0.00011557 5.96056 4.97113 0.714947 8.93839 
8.59982e-05 0.349334 1.08679 0.00299908 0.240173 0.802404 0.000273894 0.0887868 0.157708 0.102626 0.0618425 0.0211677 0.66618 0.00121076 2.3716 30.0337 1.61764 7.71909 
0.000429866 1.52246e-05 0.00357763 0.00122302 0.000333873 38.3679 0.099698 8.57924 0.00500827 0.417193 0.0145765 3.07395 0.000307163 0.259526 1.87856 46.7665 2.05285 1.16473 
0.0191851 0.1692 0.0254154 0.000299142 0.0156478 0.145347 0.109869 0.390955 0.0239893 0.0347121 0.148062 265.91 8.65696e-05 0.453759 0.660345 3.69076 3.10994 5.188 
8.67618 1.24346 0.294694 0.316803 0.0213192 0.0411373 0.211214 8.3995 0.000264459 0.266848 2.52262 296.713 9.75125e-05 0.0960501 1.31522 46.0766 0.927795 2.22035 
2.38321e-05 3.12314 3.45085e-05 0.000304446 0.0285263 460.352 0.0043516 0.0165927 0.00428309 38.2296 0.465673 463.132 8.50195e-05 0.111406 5.75469 49.972 0.614812 7.44788 
3.1237e-05 2.68364 1.52131 1.5634 0.00157035 0.241019 0.15959 0.0753479 0.0570333 60.6912 5.11654e-05 1.6029 1.49409 0.0299397 0.624657 47.8697 1.6129 6.58319 
0.000488826 0.285733 0.102325 0.000476618 4.04449 0.0194996 0.012323 0.707583 0.330387 4.02609 0.734764 228.999 0.000493303 4.45337e-05 2.56246 12.0457 2.70415 5.71834 
6.66663 0.30361 1.42912e-05 2.87712 0.0330924 27.7212 0.00228648 0.880549 5.93882e-05 0.52159 1.28314 0.062927 0.85541 0.000190862 1.83929 33.7839 1.07064 4.80849 
0.0238891 0.0228425 0.0203158 0.000268355 0.000110162 13.9011 0.0476467 0.150796 0.000560506 0.229092 0.000140825 45.4903 4.57662e-05 0.210226 3.56211 44.1394 2.39672 4.69347 
0.00264926 0.6695 0.000229733 0.241264 0.675325 0.539736 3.3678 0.00229484 1.22206e-05 242.36 0.00341716 0.552971 1.27597 0.0514529 0.246631 44.7502 2.55331 8.42226 
0.00146054 0.202814 0.0299345 3.02983e-05 0.0116458 0.742336 0.00989146 5.06877 0.000507558 1.28752 0.0442091 4.41916 0.161558 0.336642 3.4032 28.7942 1.50797 2.24718 
4.62033e-05 0.0784313 8.64496 0.000128951 0.000202147 0.749503 0.000633246 0.000729413 0.000326468 0.0930061 0.0115806 0.0287124 8.85932 0.00189921 5.13995 13.1205 0.605147 7.05231 
0.000588329 1.61449 0.996792 0.27054 5.2323e-05 9.47346 0.335521 3.03949e-05 0.00196875 193.623 0.00390199 1.2259 0.0342906 0.23999 1.84939 16.5695 1.1356 8.60238 
0.00205422 0.000161075 0.0291589 0.124044 0.00226859 0.0554002 0.0381309 0.000622657 0.361035 8.06677 0.00814237 0.20524 0.000186093 0.115609 6.26683 43.8466 0.676486 4.36193 
0.270799 1.754 0.000578677 0.00126569 1.44581e-05 117.95 0.474637 0.00210271 0.000418816 141.609 1.46074 0.121479 4.90361 0.000244993 1.32687 37.7136 2.18421 5.86832 
3.9132 0.0191867 0.00373801 0.155344 0.000631921 0.119124 6.52414 0.00315955 7.90217e-05 19.8708 7.64301e-05 0.0560479 0.521501 0.0630642 0.750731 36.0483 1.73329 3.8219 
0.00171331 0.655468 0.0247915 1.2147e-05 1.27446e-05 0.329821 7.92303e-05 1.26532 0.0160703 83.553 4.94592 0.256453 5.36642 0.0121008 2.15002 18.2401 1.50931 6.72293 
0.427561 2.14732e-05 0.000400891 0.175304 0.00294647 15.5146 0.00489062 0.0424593 0.148586 320.215 8.87289 0.0602536 0.0672486 0.130826 0.693045 44.8477 2.0281 7.66763 
0.000482018 0.320501 3.87662 0.0140267 0.341613 0.0120397 0.771345 0.000167537 0.13965 7.4149 0.471618 0.197266 0.112509 0.149133 0.764714 43.9116 2.37448 7.04217 
0.000105957 0.00114365 6.14993e-05 0.00115924 9.95834e-05 0.197401 0.000134624 0.00423232 9.90921e-05 23.3709 0.0148663 0.254132 5.10538 0.0473746 0.804967 41.0472 1.49438 8.39061 
0.0711599 1.13987e-05 0.027893 4.02774e-05 0.426545 5.11322 1.51599 0.000303321 0.00190314 0.420927 0.0464628 0.162171 7.56974e-05 0.0384407 0.997185 49.1901 0.954661 6.1641 
2.094 0.267248 0.000522991 0.000117104 0.0138375 68.3115 0.00655426 0.146395 2.21987e-05 5.66053 4.52254e-05 23.7336 0.162516 0.19157 0.922195 23.5841 1.46491 6.97888 
7.35962 0.00109472 0.0283522 0.166698 0.000165647 0.0666238 0.0013761 0.0495101 0.00702966 55.6032 1.86703 0.0237528 7.72403 0.00220956 6.30946 35.3043 1.82052 9.19979 
1.2285e-05 0.960955 3.32296e-05 0.000468292 0.000156155 0.503837 0.000233216 0.689743 0.0611845 21.0265 0.0501741 111.082 0.00096698 0.0167333 3.51653 46.541 3.4871 5.94137 
0.00475992 0.966701 6.36735 0.000944991 0.122141 0.0634069 2.37915e-05 0.257574 0.479385 0.311845 0.000809136 0.0202074 0.798481 0.00110001 1.11951 47.0305 0.815048 6.3537 
0.0155396 0.126303 0.033015 0.000423391 0.119789 72.3647 0.0423095 6.85341e-05 0.000637881 0.572776 0.226053 0.0196824 0.243133 0.0975136 4.14703 34.7375 0.867173 6.73517 
0.000209079 0.00138371 0.0367816 2.88555e-05 0.69387 2804.82 0.000727089 0.00188743 0.117667 6.27242 0.0637033 0.0513028 0.924753 0.206612 0.997 16.0466 1.43757 8.59207 
0.619485 0.000336373 0.00545827 2.46122e-05 0.0083241 265.746 3.28517e-05 0.117513 0.111123 0.0321296 0.301981 136.825 1.07603 0.00744323 3.78762 22.3575 4.66444 3.22159 
0.0577062 0.00690556 2.19348 0.0153013 0.00860013 776.478 0.00106312 0.2012 0.139239 0.0706733 0.0366986 0.522167 1.84785 0.000148772 5.19799 46.9744 0.833514 2.52689 
0.00594203 0.0136594 0.133533 8.73643e-05 0.0905707 5.11485 0.0697349 0.0226411 1.55096e-05 41.9097 0.000109653 75.5123 0.00348282 0.0532095 1.72272 48.8851 0.678885 4.67385 
2.01098 0.121237 0.000108475 1.84632e-05 3.32386e-05 0.572573 0.000332655 0.112739 0.00861237 0.0118446 0.23054 214.318 0.000205291 0.00349123 1.2609 40.3503 3.78047 2.32064 
7.42431e-05 0.00164511 0.686746 0.000151915 0.536615 18.5784 0.000321641 0.193865 0.559919 241.236 0.846687 326.171 0.000607572 0.347349 8.46799 21.1185 1.73287 3.67501 
0.0861196 0.000863415 4.82007 0.0081571 0.0683369 1.22425 0.0627986 0.0576846 0.209034 0.648354 4.87539e-05 3.93073 0.0017386 0.558653 5.14848 40.5426 2.47945 8.47086 
0.0215239 1.11335 5.10509 0.0023493 0.00297905 57.7136 0.0361572 2.70061e-05 0.000138645 9.33576 0.0180696 0.163894 4.23728 0.000256588 2.03524 33.982 0.696783 9.39314 
0.0012165 5.60601e-05 1.4513 0.0136345 0.000623926 402.109 1.41516 0.0195015 0.673515 111.033 0.200169 13.1642 1.3569e-05 0.299964 2.71096 27.3161 1.2874 4.65035 
1.60181 0.0182769 6.55253e-05 0.0500261 0.000519141 11.7725 0.00133944 0.611278 0.0047434 0.66099 0.0209658 0.0214143 4.88907 0.00255847 0.56846 34.8129 4.64939 5.70558 
0.00563839 0.00240797 0.000120915 1.181e-05 0.13955 0.355236 0.0205466 0.000131509 6.37189e-05 2.82373 0.332786 0.625757 2.28832 0.767726 4.241 27.8223 3.18502 8.46015 
0.00049969 0.924087 0.118706 0.00665138 0.266396 0.445684 9.15578 0.0600444 0.00257971 0.13423 0.0451225 60.4553 6.01537 1.40677e-05 3.49642 45.9193 2.69379 1.2079 
2.20003e-05 0.00839062 1.24565 0.841403 0.341323 2002.46 0.00591143 0.0012886 4.76257e-05 2.85253 0.000215065 117.891 0.0623125 0.495166 2.99439 26.5825 2.68406 5.79155 
2.24123 2.68132 0.189201 0.000687736 0.795848 24.742 0.407461 1.20835e-05 0.0011925 0.0584215 2.2214e-05 11.3435 0.349123 0.18698 1.55883 48.2324 2.83666 3.29248 
4.05167e-05 9.27033e-05 0.000531264 0.000412785 0.249018 0.342285 0.0059881 6.98505 0.0669073 429.27 6.72307 396.506 1.63167 0.00144517 0.292232 45.46 2.38759 1.84447 
0.000521865 0.00112128 3.34218 0.126795 0.118337 0.171413 5.29958e-05 0.000510682 7.06681e-05 0.524704 1.05584e-05 39.7084 5.23122e-05 0.0516736 0.700893 30.9264 0.811748 8.80051 
0.0473601 0.0579922 0.0124339 0.00399752 0.0172121 0.226814 0.00410495 8.68962 0.00625335 1.34924 0.0310575 0.235154 1.32419 0.0966482 1.52056 25.783 1.03401 4.60838 
0.000150549 0.00101736 0.0505426 2.48948e-05 2.22753 1.31937 0.0806882 0.0305022 0.0169474 0.0628726 0.000387233 108.308 0.0105013 0.044997 0.31945 40.9038 1.29268 6.56406 
0.0119515 0.00249148 0.0169888 0.00318952 0.00645806 0.458944 2.7904 1.19793e-05 0.00890229 2.40278 0.00036516 0.160558 1.67336e-05 0.0849561 0.962899 24.3107 0.969286 6.02403 
0.000328406 0.000846369 0.000175875 0.137905 0.000128257 0.0167339 0.00121466 0.85459 0.000853194 39.6028 0.000497008 148.716 0.0454123 0.193041 4.22473 47.5515 1.61316 3.41192 
1.37665e-05 0.000276487 0.00432645 2.86366 4.69804e-05 371.29 0.11939 9.45875 0.0103203 8.72528 0.360603 144.913 0.000769315 0.573014 1.64607 14.1427 4.04241 9.37709 
0.0637785 1.07476e-05 7.42424 3.96146 0.0154281 15.7324 0.00741376 0.288684 0.000169418 0.138596 0.00135264 23.4782 0.0227774 0.0101657 0.197799 46.7829 0.846522 8.0441 
0.00422059 0.000678691 0.977067 0.00260807 0.00033097 44.9759 0.112888 0.00515508 9.13426e-05 0.253676 0.0242132 0.507291 1.88262 0.0234931 1.19532 24.3878 2.18213 5.84956 
0.0517106 0.830527 0.0151981 2.16269 0.0687914 0.33548 0.188105 8.01923e-05 0.012017 158.585 1.94395 8.49599 2.32663e-05 0.423962 1.75166 18.2209 2.50177 4.21857 
0.000158456 0.00362601 0.000118977 0.00523579 1.43111e-05 36.8988 2.05253 0.492034 0.0832306 0.0370503 0.000257007 6.75685 0.00102693 0.123609 1.47676 33.6864 0.816075 8.49978 
0.000169115 6.33974 0.00395183 4.5658 6.63885 896.927 0.0247312 0.000243926 0.00196804 0.029224 0.417009 0.716989 0.11577 0.52243 7.99907 34.9891 1.5894 6.79801 
0.00456418 1.42245e-05 4.0799e-05 0.00080427 0.00669087 669.302 1.08866e-05 2.14049 0.291928 0.996759 0.00706979 33.8407 0.078719 0.000125558 0.609502 42.2648 3.30233 4.82997 
0.0726532 0.000207161 6.30098e-05 0.00011917 0.00607561 0.548973 2.1686e-05 1.18884 0.427209 0.0288091 0.0176478 0.23066 0.310519 0.213857 2.36294 22.6444 1.62145 6.81077 
0.000579667 1.47876e-05 0.00410176 3.84289e-05 8.25836e-05 0.228967 0.0321953 0.00170241 0.327909 10.8761 0.581012 0.0151643 0.000136635 0.075444 3.81527 48.0599 0.585458 8.55956 
0.00140898 0.16242 4.91479 0.67298 0.940108 12.9511 0.00375737 0.0405105 0.00240807 0.012932 0.241812 47.8612 0.455692 1.13093e-05 1.36085 33.8755 2.97468 4.26985 
0.0109348 0.875168 0.0651768 6.31395e-05 4.1763 0.0447768 0.168758 0.00196675 0.0189572 331.781 1.98204e-05 81.9694 0.00332528 0.301665 3.51431 27.9464 2.36816 8.31598 
0.796073 9.84174 0.0275208 0.000154826 0.00103916 1.9206 2.86316 0.000171682 0.0042994 0.0516897 0.0541988 0.0212513 9.09718 0.000503395 6.55721 30.1645 3.04209 3.31276 
0.000110465 0.36632 0.616232 0.0791086 0.0817545 9.79198 2.70562 0.153333 0.000300266 89.0534 1.46695 368.715 5.58225 0.000164614 3.49373 40.1091 1.74649 6.89598 
3.13371e-05 3.38664e-05 0.269814 2.53103 0.0214343 0.850361 0.000743057 1.64319 0.0356078 0.421703 0.769186 0.0181252 0.000451371 0.374989 2.09613 35.3601 3.01013 7.10577 
6.26151e-05 0.000919517 1.71794e-05 3.02356 0.962036 18.0587 0.00249257 0.0610155 0.00290577 330.884 5.65646e-05 470.762 2.91932e-05 0.134766 1.58753 26.0464 1.04194 8.56931 
0.302395 0.00351194 6.41347e-05 0.437202 0.00560039 1311.81 0.709652 2.64969e-05 3.83438e-05 76.3152 0.0194603 184.25 1.45657e-05 0.266037 1.21679 24.5001 1.95821 3.70741 
0.0140457 4.02015 2.2606e-05 5.12998 6.5066e-05 0.0805225 0.00769687 0.147959 0.000364135 0.10661 0.0677723 4.3291 9.83224 0.0473051 3.01063 34.6582 4.93506 4.92897 
0.154907 0.484833 0.0111872 2.05185 0.00317831 19.6877 0.00175415 0.00125415 0.354221 43.5454 3.26754e-05 2.23896 0.343625 0.176382 0.813034 48.1039 2.0484 9.85035 
0.102709 0.00125984 2.46464 6.83897e-05 1.8418 6.87138 0.00159709 0.0031819 6.99835e-05 0.820956 0.00969587 7.36662 0.000186054 0.134032 2.49025 28.5401 0.916577 4.46746 
0.135344 4.63985 0.0982568 5.20466 1.32973e-05 0.0733001 5.64671e-05 0.0367332 0.00116936 0.100403 1.08998 172.56 1.41987e-05 0.00309926 7.59064 12.9121 0.991443 6.79652 
4.09551 0.129915 4.18312e-05 2.69329 2.60469 9.97994 0.000519081 0.0167817 0.00122684 467.267 9.41572e-05 6.03872 0.000739685 0.0278851 0.149322 48.1474 1.60654 9.58285 
0.900886 0.372469 0.719506 0.0711186 0.0566118 0.388234 0.011452 0.197942 0.366582 0.546623 0.137763 2.59637 0.207944 0.00020998 1.23069 41.3733 2.48645 6.10472 
0.00454419 0.0759011 4.10774 2.87579 6.73965e-05 142.028 0.0570415 0.000107523 0.158414 0.0259339 0.000207445 1.44368 0.00228496 0.272732 2.95449 36.4402 1.54381 4.09331 
0.002158 1.38662 3.27323e-05 0.00177703 0.195021 122.131 1.94166e-05 1.40423 0.000160374 54.5026 2.83692 6.73743 0.105222 0.0812233 0.448677 47.0163 3.77525 8.24345 
6.3678 1.88961 4.79058e-05 0.01133 0.00159766 247.303 0.00179333 1.03279e-05 0.186285 1.13475 0.00147914 16.8723 5.7889 0.229022 0.996208 31.0021 2.78341 5.72316 
0.0221636 0.00137682 1.31759 0.000191929 0.142317 618.548 0.00429828 0.039592 0.848385 74.1977 4.07868 73.2145 6.98711e-05 0.000209473 1.75085 31.3866 3.21037 3.02092 
2.79425e-05 0.33602 0.371893 0.0216302 3.96428 4.20486 6.71628e-05 3.00428 0.0135199 221.373 0.041458 213.833 2.54797 0.224878 1.53201 35.7484 1.85231 3.41822 
0.0114386 0.000291149 0.00510093 0.729456 0.000129096 1211.8 0.0507598 0.725985 0.0352412 0.588352 0.00828215 51.4697 0.0792884 0.0550057 2.29283 37.483 1.05598 9.52946 
0.00108738 0.00456307 0.849411 0.0653658 1.41532 210.895 0.000219471 0.120883 0.00164791 0.0323013 1.48295 260.312 0.000233684 0.000368176 3.13813 10.997 2.20126 3.57602 
3.99111 1.74515e-05 8.82063e-05 4.80229e-05 2.322e-05 21.2749 0.000555688 0.00578863 0.0258856 0.455821 1.36002 0.81332 0.4523 0.000743178 2.39239 43.586 2.0105 4.07278 
3.71868e-05 0.0636121 0.161207 0.0073723 0.00309112 1.71753 3.04813e-05 6.73279e-05 0.000185207 0.330461 0.682154 9.30528 0.00075668 0.000118141 2.19137 31.0929 1.73885 6.35031 
0.00163907 0.0539278 0.0334355 0.00567089 0.157733 1918.99 0.0035274 0.00887652 0.459745 0.475524 0.0155952 245.59 0.00218123 7.34575e-05 1.23058 8.61436 3.59854 2.20477 
5.60789 0.294035 1.90313 0.00290012 0.687049 29.9935 3.57523e-05 0.0116889 0.000173557 1.38645 7.07769 315.872 0.0280232 0.109674 0.680975 32.8495 2.11925 8.04835 
0.00346037 0.00327553 3.97204e-05 0.00181771 0.0020997 1.96381 5.93344e-05 0.0404831 0.135488 14.0413 1.23296 22.9167 0.00282543 0.0975778 1.7529 23.3716 3.8334 7.70445 
0.00368491 2.37536e-05 0.00327807 1.91948 8.44883 837.72 5.3644 0.259543 0.18098 0.0966452 0.126617 169.283 0.0108477 0.000922458 5.3032 42.2286 0.910485 3.8893 
0.812442 0.243881 0.0354718 4.00182e-05 3.45951 74.521 0.222161 0.964367 0.0445239 72.9076 2.57557 320.922 0.0372441 0.000199957 9.21881 46.169 1.64856 2.00112 
1.18188 0.000316728 0.0231256 0.000134383 0.0153706 0.517808 0.00025315 0.00041067 6.05145e-05 1.00134 1.71212e-05 0.388028 0.000121101 0.0337391 0.531405 48.0681 1.28435 9.673 
0.00903414 0.789376 4.72177e-05 8.6108 0.00127061 4.21369 3.38832e-05 0.0546008 0.0546602 1.10737 0.096369 43.6526 0.0125596 0.151173 1.03272 16.9159 2.72466 7.85865 
1.33377e-05 0.135715 3.86794e-05 0.852052 0.000495417 3.06872 0.00211578 0.0196496 0.000330858 28.7441 1.16499 219.861 3.8195 0.00015225 2.52364 34.4305 0.745818 8.15561 
0.00691477 0.00427399 2.80202 0.000605887 0.0218844 0.0112124 2.43669e-05 0.0518731 0.0538316 24.158 0.561128 108.667 0.00133242 5.30344e-05 1.58803 10.6864 0.893703 5.93487 
1.39707 0.000299745 2.81555e-05 0.000140702 0.175641 0.0335701 3.23388e-05 0.08906 3.54323e-05 0.361878 0.0208783 0.0638398 0.557736 0.245833 2.64612 30.1246 1.20388 4.95788 
0.0523329 2.46441 0.815399 0.026446 1.54236 337.331 5.85951e-05 0.0259477 0.0924425 4.82029 6.33138 7.05622 0.000741699 0.000671149 2.41449 32.151 2.54666 8.01345 
0.0479331 0.22086 0.00332651 0.736399 7.12326 35.1849 0.896809 0.437474 1.50284e-05 0.444116 2.71588 10.0422 0.346177 0.00164379 1.45414 45.5003 1.79664 5.34348 
0.068695 0.000203445 2.15989e-05 0.000713531 0.0112348 21.2783 1.45972e-05 3.07875 0.00438273 0.0220144 0.202719 382.407 0.000528443 0.0721265 9.22345 21.0424 0.723899 2.25211 
0.000157168 1.89569 2.40192 0.00206845 1.93191 1.03087 4.12169 1.15392 1.01188e-05 0.072294 0.00105975 205.169 1.06706e-05 0.365418 4.6856 23.3543 1.59935 8.52593 
0.381766 0.00692996 0.00109365 6.12558 0.0017229 8.88987 0.0103863 0.00197967 0.000333332 0.159698 0.00023715 0.436018 0.281487 0.424506 4.37078 41.57 2.58035 8.39842 
0.289279 1.54533 0.0191366 5.24406e-05 2.27935 7.30973 0.000743507 1.89593 0.000117252 0.0329374 0.0156793 0.325166 2.08167 1.48441e-05 1.84807 45.3173 1.19694 8.51668 
0.00957547 0.000239816 1.06781e-05 0.012426 0.00886626 407.957 0.0109713 0.850082 0.220729 4.84454 0.166099 291.778 0.0243731 0.00379147 2.29979 3.65409 2.55365 7.33903 
0.249029 9.59773e-05 0.00818246 1.71429e-05 0.00322219 1.50387 0.000182377 0.0178207 0.0274401 0.253695 0.0357567 29.4128 0.00033407 0.00208334 0.866897 31.5411 2.60959 5.18278 
0.00725505 9.77879 0.0274718 0.000531902 0.00118487 904.351 0.0133975 2.05209 0.00451583 58.3232 0.237682 0.0112941 7.58376 0.00012461 2.43032 36.3012 0.872164 9.28539 
0.000551227 0.000449146 1.03228e-05 0.0161548 1.24002 256.944 1.32412 0.837378 0.049289 0.45959 1.45237 116.977 0.0081084 0.000308954 1.69874 5.34835 0.88978 8.33772 
3.17641e-05 2.36775e-05 0.708768 0.000382651 0.00120677 759.247 0.000706666 4.55334e-05 0.0826024 0.0571622 0.0541602 3.00276 1.7964 0.00024616 5.09252 47.2088 0.776192 9.57168 
0.00293473 2.78242 0.00643387 0.0904952 2.54571e-05 357.934 0.978835 0.348317 0.00403967 37.8813 0.000224165 14.0081 0.740186 0.185203 2.51485 41.1144 2.17094 8.53546 
0.0150289 7.41847e-05 0.0261245 0.000719892 4.90406e-05 2128.83 0.0570684 0.442124 0.0301141 0.509353 0.0125807 351.914 0.0243392 0.00457962 0.652401 36.7424 3.52572 2.71012 
1.26106 1.18821 0.258591 0.0771282 0.145025 0.484931 7.20962e-05 0.114405 0.339826 0.0860726 2.33764 0.0307485 0.00489891 0.405414 2.27386 30.4067 1.58538 7.35061 
0.000318836 0.0721823 2.02731e-05 5.75422 0.000445428 658.979 1.33256 4.35753 0.0256434 34.9053 3.25715 225.733 0.000338531 0.00183668 1.06942 37.546 2.54006 2.12419 
0.00238665 4.58714 0.235495 0.021522 0.000287499 0.023285 0.274017 0.000729223 0.0014978 0.0493168 0.0112827 12.2198 2.41682 4.70876e-05 0.885124 49.9951 0.714276 8.57726 
0.00590648 2.46689 0.118388 0.057567 0.00186133 12.8806 1.36718 0.438104 0.153454 4.82471 6.09478 100.426 0.0348952 0.00372121 3.21594 14.6756 4.04511 3.43901 
0.0258823 2.33057e-05 0.00015526 0.000146037 0.000346089 6.38918 0.594018 0.070347 0.18152 0.0459817 0.00639262 29.0416 0.00886563 0.00016458 4.83823 41.4672 5.3474 8.57812 
0.541939 0.00943158 0.00109761 0.000112946 0.000726254 0.0883341 0.00495818 0.503137 0.0410935 0.670459 0.2587 337.858 0.00280964 2.67796e-05 1.60227 5.33505 3.72005 2.86649 
0.0512239 0.000310026 2.08895 0.00157952 0.00278381 5.66232 7.28228 0.00165497 0.000629521 2.22121 0.0016641 0.0164887 0.00144852 0.320749 3.14799 44.2956 2.28136 8.96122 
4.53194 0.0272638 1.21594e-05 2.01276e-05 0.00260839 0.618007 0.178876 3.31585 0.0916663 0.481475 0.000132141 0.0192469 0.0327328 0.13681 1.29154 37.7811 1.14779 7.56734 
0.00542714 0.00274594 0.00185193 0.000267947 0.000244786 1.38162 0.739037 0.000269799 0.0855256 15.8301 0.000525447 0.0626041 0.00340023 0.102319 1.46477 41.3459 2.38084 9.27344 
0.00141249 0.0043952 0.236888 0.000683629 2.56777e-05 0.0592443 0.000422617 0.00411181 0.000693444 0.541393 3.99423 253.999 2.53859e-05 1.22519e-05 0.92567 12.4359 3.80901 1.77147 
1.02977e-05 0.000979918 1.72792 0.0173994 3.6742 14.0328 2.14212e-05 0.0237486 0.301045 0.48471 0.0589953 0.0132058 0.0563863 0.137006 0.72625 44.9007 3.0203 9.93901 
0.256308 0.327907 0.0341724 0.0377157 7.40746 7.86615 0.00198313 0.664534 0.0132348 2.68134 8.394 408.163 0.0216768 0.067147 8.45818 27.7989 1.60437 1.28457 
1.6171 2.09153 0.0621486 0.651066 0.000117 0.534486 0.0122977 0.00280684 0.000179136 8.70583 2.36989e-05 8.90769 1.07816 0.131356 1.19782 33.9999 1.28158 7.64975 
0.695492 3.04565 0.000338187 1.92962e-05 0.0291792 103.342 0.000299453 2.11598 0.73152 11.0887 0.455564 321.448 1.90843e-05 0.0425576 0.437322 28.3705 1.86936 4.03896 
0.000249484 0.0559992 0.0021878 0.103055 0.00139717 0.0537588 1.71241e-05 0.0967118 0.249232 53.526 1.44613 141.62 0.97681 0.0486794 5.56691 13.1296 0.711948 9.89703 
0.00088491 0.000103278 1.68276 0.0120434 0.68755 0.0128818 0.002434 2.8073 0.0370996 0.724185 9.6814 60.6802 0.000653837 0.00202581 1.76401 20.8654 1.67494 1.90313 
0.00033489 0.000374225 0.0126372 0.0661892 0.434875 585.558 0.00029644 0.418946 0.174523 0.383953 0.449762 16.7382 0.00550452 0.133546 2.97113 25.0329 1.50225 4.34759 
0.00142911 1.325e-05 8.12925 0.345847 0.000197071 1026.13 0.000601053 2.45429 0.192859 0.0222556 0.0708593 172.298 0.000486356 1.49546e-05 0.826657 29.5145 2.61606 2.52294 
1.24483e-05 1.81004 0.000855821 0.661629 0.00199173 153.535 2.46933 0.890968 0.0182556 0.0113992 3.90964 58.5852 0.00048469 0.00157129 7.05674 49.593 3.49772 5.50328 
0.00227179 2.43948 0.00320788 1.36995 4.71865e-05 1.04402 0.011463 0.890671 0.573927 5.94739 0.0988966 148.821 2.39991 3.90757e-05 2.13972 24.4308 1.89043 4.89307 
0.000104313 0.00340907 0.109447 0.317863 0.0275316 688.358 0.00020926 0.340083 0.347938 10.0438 0.956857 79.8748 0.00126092 0.000760955 6.64097 33.3058 2.08496 6.62371 
1.47132e-05 0.0749515 1.32213e-05 1.6807e-05 0.322438 260.415 0.00375242 0.00251007 0.00274619 0.463239 0.00228359 290.233 5.21435 0.0612562 3.04929 45.7424 1.23558 3.28468 
0.000307213 0.753504 0.000980346 3.45948 0.379736 6.41327 4.07917e-05 0.593083 0.238104 0.0234808 0.00164031 107.136 4.78576 0.000128816 2.28104 39.8492 6.64125 4.61223 
0.0352662 0.000178408 0.542686 3.04156 0.00276027 202.223 0.00342578 0.221353 0.00504276 0.193039 8.48999 126.624 0.00139173 0.000181923 3.65041 10.5948 0.743345 9.65436 
0.0440518 1.55473 0.415202 1.06943 0.00100216 13.5388 0.000684413 0.345895 0.0682256 60.8826 3.85958 116.545 1.70941 0.00635319 2.04778 7.76142 1.48036 7.16862 
