0.000832113 0.00522573 5.60531 9.45721e-05 0.00805579 319.277 0.126992 0.794074 0.0352097 0.818861 0.0921201 485.06 0.0246674 0.000611036 1.92662 5.07764 1.19358 6.10311 
2.50048 0.865962 0.288609 5.03746e-05 1.15761 0.156228 0.0328071 3.08288 0.0862855 0.203593 0.37426 333.366 0.000246397 1.61159e-05 1.40229 13.0477 2.16964 0.787459 
2.54209 4.49418 8.62271 0.00349503 1.27838 53.0995 0.369258 0.15264 0.174268 3.85263 0.80208 311.65 0.262368 0.000833728 6.18252 6.38447 0.934274 3.07477 
0.143809 3.0084e-05 1.1467 0.0167759 1.21766 2382.74 5.85597 0.0352571 0.0427019 0.0171563 0.0108906 418.468 4.5631 0.00759344 2.19684 3.81854 2.45699 2.63396 
0.00152382 1.24854e-05 0.0741873 0.000974337 0.449123 1617.82 7.59759 1.55805 0.0148696 1.22275 4.41267 218.676 0.893158 0.00182215 8.93899 10.6968 1.27427 3.13193 
2.36307e-05 7.27239 4.7712 2.68843 0.0763211 2324.05 6.37739e-05 1.30821 0.0424382 0.240128 1.9701 193.043 0.00966803 0.00559749 1.21957 9.20588 1.46219 2.09786 
0.00277889 2.96692 3.2257 0.000897927 0.159179 627.174 0.0059791 2.48003 0.767054 35.9005 0.998737 302.61 0.00269688 0.00140646 1.37038 5.88157 1.45996 2.00285 
0.000276874 0.000410232 1.74234 0.346746 0.00870526 0.152656 0.0233201 5.27387 0.0185504 0.0431383 0.231875 174.412 0.000141911 2.38723e-05 1.06331 29.3788 1.14237 3.22184 
0.135882 1.39381 8.55973 0.00369933 0.0103642 72.138 1.72422 0.316115 0.0277669 0.26685 1.31432 111.454 0.042698 3.19885e-05 1.59614 22.5773 1.46686 5.84639 
0.287298 0.00028623 1.07484 0.00852205 0.48387 1.11777 0.000196578 2.25469 0.0287128 0.0983799 0.781313 230.986 0.10223 0.0207644 4.13031 6.88225 1.1052 4.58576 
0.00723522 0.00735184 2.11078e-05 1.64757 0.394635 175.87 0.00584263 3.99092 0.198037 3.27788 0.447543 130.489 0.000515725 0.0093271 0.794448 17.8896 2.47559 7.62543 
0.00679362 2.2881 0.000106095 0.00901339 0.137358 0.131355 0.00032492 2.5291 0.0154371 0.0292222 0.275894 243.731 1.3213e-05 0.0226059 0.828467 15.0323 1.49557 4.03373 
0.00787284 1.25018 0.00138324 0.112109 0.00421569 2530.23 1.54499e-05 0.422876 0.015928 0.0107883 0.261985 435.315 0.000504533 0.00145391 4.18438 41.6924 2.27598 0.215546 
0.0118563 0.0243624 0.493902 0.000235741 0.000792554 0.751408 0.00155861 0.737218 0.0745785 0.793522 1.54155 327.049 0.00186125 0.000515283 2.94501 8.29136 1.40628 1.75578 
1.67212 0.000706258 0.0143722 0.0446291 2.48587 604.952 0.00335373 0.477325 0.123246 0.340325 0.061759 15.1966 0.00688225 0.00159588 1.00821 28.8091 1.35363 5.60901 
0.000106152 0.0914679 0.102108 0.000420733 1.83066e-05 0.119496 0.00107727 0.943624 0.139574 1.19857 0.0783584 429.997 6.58281e-05 0.00107203 4.55567 3.06358 0.861308 3.98389 
0.57641 0.000212865 0.00944906 0.0313739 0.00190627 88.8457 0.00192368 0.211202 0.0665486 0.542434 0.279073 41.9302 0.000426159 9.51291e-05 2.7515 21.8566 1.44493 4.65624 
2.31046e-05 0.0853508 0.00322668 0.063248 0.000130218 750.063 0.000169075 1.04804 0.0849392 0.21539 0.114452 260.512 0.0657694 0.00610792 1.13218 31.3796 2.37164 0.96361 
0.217113 0.0363784 0.015112 0.0312299 0.00571668 0.488552 4.9528e-05 1.15867 0.422156 0.311541 0.0274655 392.765 0.0095758 0.0135088 5.02546 20.5876 1.58961 0.418364 
0.0123394 0.0185552 0.0227827 5.10053 0.0016967 0.0234818 0.127521 9.42602 0.234018 0.783119 0.00747007 347.426 0.00067574 5.26323e-05 1.39294 5.83853 1.09177 8.6591 
0.00326383 0.000539563 0.000366406 0.0840518 1.71694e-05 47.1604 0.16804 0.887599 0.889197 2.42263 0.0876875 253.349 0.0689515 9.31387e-05 1.93767 13.4521 1.92844 1.11139 
2.02996 1.16449 5.30785e-05 0.292768 1.07349e-05 3.55007 0.000435611 0.792531 0.017877 1.09973 3.30744 120.459 0.00376048 0.000242433 1.03396 42.9204 1.81156 2.3562 
1.92871 0.000340884 0.00368521 0.0617742 1.55502e-05 1.19422 1.09354 1.02578 0.253833 109.721 8.08901 95.6584 0.233702 0.0238764 4.85542 49.6685 1.0755 1.18508 
2.86992 4.33398 1.12925e-05 0.00427661 0.000254966 0.0108525 0.0236611 2.11195 0.024524 0.213008 0.287857 77.9069 0.00558116 0.0019323 3.29781 17.7953 1.08952 2.42933 
3.44473e-05 0.0340069 1.03259e-05 0.000197994 0.00758672 0.0369395 1.92094e-05 0.926574 0.182693 0.876187 0.00913138 76.0499 0.000694944 0.00735492 1.17462 8.28588 1.59838 5.80973 
7.40871e-05 8.71484 0.0061117 0.12859 0.0154388 1200.61 3.57443 0.778305 0.107267 8.42912 2.7137 29.0047 2.5018e-05 0.000648809 2.64405 39.0796 1.71167 2.92822 
0.771188 2.64936 0.727855 0.0024474 5.74276e-05 794.536 0.000417143 0.0387683 0.0236961 3.56336 1.91139 131.22 0.000188223 0.141159 3.61069 7.02538 1.48229 9.09453 
0.00295543 0.00466151 0.447294 0.240448 0.0868058 0.050738 3.42384e-05 1.44048 0.220658 0.866872 0.0419486 169.991 0.213009 0.0324017 2.51678 32.7733 1.42055 0.960926 
0.000297015 5.65004e-05 0.00296306 5.40492 3.41478 32.7338 0.00111273 1.54351 0.0338719 0.129776 1.29694 498.39 0.00264986 3.92141e-05 1.16604 12.1212 1.78771 0.90159 
0.0379975 0.0281879 0.185354 0.287661 0.00832688 0.0203105 0.0182965 2.67415 0.0677821 0.124354 0.339492 22.8566 1.0844e-05 0.0107194 1.11099 24.2498 2.11313 8.92647 
0.022565 0.000252142 0.000103551 0.00140355 2.28114e-05 66.8865 7.91532e-05 4.08935 0.544978 404.634 2.31793 268.184 0.68675 1.58922e-05 1.68925 37.3212 0.95039 1.46042 
0.0463166 0.106793 2.13828 0.00502329 0.000312575 27.767 1.76317 0.730319 0.00195823 0.0287825 6.75816 18.2502 0.000252658 0.0394368 1.31315 33.2539 1.38011 7.06963 
0.000320177 0.0348672 0.00014418 0.0292051 1.35855e-05 1260.12 1.97078e-05 0.846562 0.150466 19.6369 4.36167 72.4398 2.05216e-05 0.000619545 8.11735 21.0477 1.00792 9.00051 
0.000877669 3.27104 8.79236 0.00154754 4.34912e-05 91.0706 1.37211 0.184457 0.0734606 0.0858546 0.00570523 211.143 0.0118223 0.00193511 0.954985 8.26432 1.61066 2.48882 
0.00276267 0.00153524 1.77754 0.0314463 0.00194521 0.673891 5.59016 0.506909 0.0434539 2.6107 8.06775 326.977 0.025319 0.000101436 1.70215 16.2768 2.33002 0.82779 
3.44313e-05 0.000194374 0.000291723 0.0220921 0.302858 0.944233 0.00187459 6.48897 0.00789306 0.0165219 5.69286 131.234 8.63292e-05 0.0164838 2.74126 36.833 1.56582 2.4352 
0.728163 0.00109645 0.370108 0.493255 0.0299916 2155.7 4.86963 2.82872 0.317178 196.957 2.15317 171.091 1.15303 0.00198547 1.2611 36.3814 1.93744 3.41732 
0.112662 0.000128378 0.0155285 0.0774459 0.000472513 0.0172652 0.000920539 0.360435 0.0146059 0.0513834 3.06031 109.277 0.000130708 0.000109118 1.21636 19.3133 1.94773 1.05426 
0.0447338 0.000652219 0.00017193 0.813266 6.3975 17.7169 3.95967e-05 8.63581 0.144321 1.66046 2.13922 468.873 0.278946 3.91612e-05 1.59083 8.47424 1.80384 1.82653 
0.00199778 0.000114433 2.82917 0.00585036 2.77348e-05 66.5714 0.985897 0.177815 0.00256591 0.0132637 1.21471 46.2341 2.3955e-05 0.000740277 1.14361 28.8585 3.03071 7.84217 
0.000708918 2.65705 0.000125637 2.15274 1.00925e-05 0.292332 4.89522e-05 0.4467 0.0132437 0.253866 7.72743 68.926 0.0176566 2.05414e-05 8.41057 41.0627 1.28746 1.50337 
0.00592039 0.109575 0.0105722 4.77483 0.000190604 13.208 0.0222523 1.5414 0.0150955 0.04769 6.53484 45.8326 0.00142659 0.00379804 1.33735 33.0357 1.62004 2.776 
1.1025 0.00553734 0.0166774 0.00237126 1.768 743.281 3.46944 0.164321 0.00490434 0.0642514 6.62175 35.6755 0.0064653 0.000165958 3.13487 30.496 1.14368 4.93149 
0.000813375 5.73178 3.15218 1.86715 0.00599045 117.866 0.00168538 3.60101 0.015847 0.0393321 4.31984 198.586 0.000928282 0.000189042 5.84369 35.7873 1.01904 0.832454 
3.13744e-05 2.28783e-05 1.98714 2.93036 0.000612134 1331.12 6.67598e-05 0.216831 0.0305558 1.42406 0.394351 52.0635 0.0080447 0.00155141 1.09844 28.374 1.19853 6.88153 
0.00452562 3.39984e-05 9.08871e-05 7.35433e-05 0.226585 68.5892 0.000210888 0.982423 0.0328066 1.33276 1.19981 333.195 0.000221883 4.81482e-05 1.19984 5.35823 2.09771 6.97181 
0.000659019 0.0745362 0.00125479 2.37288 0.00851073 0.0556766 0.000117052 3.02151 0.0402679 0.0599198 0.197159 32.1882 0.000128686 1.61002e-05 1.56516 33.2492 1.05081 2.42455 
5.08059 0.0141646 0.00163835 7.43617 0.0731579 0.182511 0.0804422 5.57924 0.0358915 0.0529881 1.11517 336.677 1.08931e-05 0.0394096 6.65057 33.8945 1.18627 1.03793 
3.58162e-05 0.00513085 0.00206642 0.000219383 0.000509056 1868.05 0.0183446 3.34825 0.0345578 1.20645 0.196824 146.291 0.670373 0.000856603 1.79289 9.93995 1.73345 9.98787 
1.26255 0.0114617 4.30159e-05 0.0296651 0.00101223 137.629 0.0457969 0.508013 0.0915381 19.1512 2.94102 25.7624 5.65413e-05 0.00216156 1.58731 29.3741 0.997093 6.70894 
4.88371e-05 6.62051e-05 0.0327004 0.000644845 0.0178303 571.288 0.426293 2.871 0.0791993 2.58344 6.95932 465.138 4.96422e-05 0.0144918 1.86499 7.70007 1.58251 2.85681 
0.00494427 5.68046 0.104917 0.00852179 3.83953 6.12025 1.40979e-05 2.37321 0.21282 0.405299 0.0275596 251.684 1.12644e-05 1.54615e-05 5.90372 41.7167 1.58468 0.308614 
1.16579 0.00504734 1.21023e-05 0.00078351 0.469126 0.350063 0.00492551 1.12432 0.0141732 0.0622239 0.429481 367.174 0.000801992 0.0233055 1.35857 7.99202 1.27635 1.34555 
7.06236e-05 0.15051 0.00963807 2.20757e-05 0.000693027 747.892 0.0401065 1.45914 0.519604 303.377 8.43892 485.064 0.0268692 0.00172033 2.34898 8.60775 1.18849 2.26234 
0.000643214 0.000212297 1.90612 0.00358611 0.015839 25.9387 0.000174793 4.15477 0.0526872 1.07451 0.0825424 123.685 0.102021 0.0175741 2.00115 27.8192 1.26687 3.1284 
3.31308e-05 2.62483 0.00173304 6.05146e-05 0.000304174 1030.58 0.00113425 0.217083 0.00929554 1.37596 9.38698 429.546 3.33631e-05 0.000407636 1.13492 21.0344 5.14256 0.716613 
0.000128821 2.80367e-05 0.013407 0.0223145 0.215739 2.32104 0.0469243 2.00873 0.0108134 0.0368699 0.404406 31.4467 0.00181373 7.67816e-05 1.25189 37.3819 0.947289 4.15935 
0.000478821 8.62576e-05 0.000821322 2.14451 1.08144 3.24015 5.03583e-05 0.245488 0.00884018 0.259269 1.54347 29.0288 0.156741 6.35901e-05 1.42357 18.6856 1.50587 4.52871 
0.000627734 4.95978e-05 0.000604335 0.0195261 0.00584275 2.11928 0.18774 0.250026 0.012601 0.0113414 7.68616 421.314 1.83563e-05 0.000970048 1.17578 2.86758 1.98141 2.14734 
0.0394241 1.68741e-05 0.000225959 0.00227039 0.000767565 1.77928 0.0444087 0.355926 0.214989 0.879442 0.055944 481.358 0.0690222 0.00416146 1.17294 3.90942 3.4239 1.92249 
0.0336683 0.000473406 0.10797 0.00126095 0.0362789 0.0876249 0.00503139 0.937873 0.163139 0.298014 0.0765638 326.197 0.208652 0.000287417 1.20817 10.1108 2.36247 3.19939 
0.226761 0.000804609 0.0114338 1.06463 0.0454182 73.2538 5.03124 2.34055 0.166598 76.5347 1.96633 287.81 0.598795 2.12524e-05 3.02856 3.09658 1.14121 6.70725 
0.00184592 0.00194917 2.78888 0.14689 1.0442 431.305 8.37802e-05 0.5757 0.0514065 5.52906 8.48701 292.4 2.98264e-05 0.0280418 8.95794 19.0068 0.900844 1.92734 
0.00151639 8.09945e-05 0.0381905 1.25138e-05 1.50894e-05 0.105974 0.0680484 0.548029 0.810891 2.85366 0.0198557 70.0715 0.0156771 2.67209e-05 1.96876 11.7838 1.59368 6.62407 
0.000501596 0.00116808 0.20791 6.98536e-05 0.000339612 2987.47 9.42404e-05 0.847373 0.101048 0.935052 0.833436 50.2364 0.00483971 4.47566e-05 6.22483 36.1272 1.1344 2.64056 
0.0552241 0.00152165 0.00177603 0.000227024 0.0280842 86.6435 0.943311 0.39483 0.0144884 0.0116284 0.349098 243.798 2.52456e-05 0.130182 5.60144 8.00836 1.13439 3.35178 
2.6908 0.480506 0.156402 2.75063 0.137573 33.4676 0.0562391 0.794378 0.783962 34.1602 0.305516 257.128 0.000520044 0.0209873 4.07911 13.5083 0.893101 5.51455 
0.000202296 3.55902 1.27097e-05 0.142278 8.53618 14.1198 0.13822 8.14313 0.0376188 1.84865 4.43313 319.572 0.0858397 2.03406e-05 2.50693 9.4577 1.09349 1.71096 
2.67046 0.000744579 1.43982 2.28806 0.0674457 0.177885 0.00264911 0.417485 0.00709952 4.68527 6.59603 182.821 8.72557e-05 4.74819e-05 2.38112 19.0577 1.0964 1.19486 
1.05816 0.0103815 0.000810938 0.0340228 0.120304 0.0212175 6.30926e-05 0.775478 0.248238 3.82659 0.0457339 68.9283 0.636979 0.000211267 2.26944 38.1264 1.84545 1.5839 
0.0462583 3.28185 0.0216045 0.347733 0.0187876 28.0298 1.32597e-05 0.992427 0.031951 0.912784 1.56038 379.068 0.222113 0.048453 5.66558 25.705 1.33313 0.808063 
0.00435917 0.000110713 1.61753e-05 7.97973 0.0042069 105.415 0.00375235 0.50029 0.0897419 0.0425583 0.0127477 140.04 0.000163942 0.00843062 1.74153 23.7646 1.2532 0.72816 
0.00594069 0.000174641 5.62522e-05 0.0066525 0.0092079 48.8084 1.39148e-05 0.220104 0.0365774 4.55438 5.11871 65.441 0.000247131 4.92291e-05 3.66455 12.7321 1.09815 4.31552 
5.58824 0.427605 0.000463467 0.00122099 0.000159296 25.0771 0.000170903 0.411382 0.0055399 0.0139878 8.69698 415.463 1.94523e-05 0.463268 1.8207 22.4466 1.94488 0.290131 
0.000243 3.64176e-05 1.16056e-05 0.000100967 0.679523 0.0385284 0.229105 1.76428 0.0143494 0.0131707 8.74164 107.837 0.000343991 0.0835718 2.86815 35.7496 1.67481 0.875916 
0.0148582 0.0203398 0.000253698 0.00862378 1.6341 22.4643 0.0989536 0.246867 0.115098 0.566441 0.177375 97.0905 0.0821131 0.0446922 8.00518 19.3479 1.15237 6.52549 
0.00609251 0.00133708 0.000787643 0.108519 0.0509157 29.5982 0.0164931 0.107225 0.00933804 0.481431 5.23379 241.877 5.40539e-05 0.000432891 1.87876 13.8744 0.970839 1.34632 
0.00740477 0.00400765 0.00642336 0.524441 7.21772 0.125633 0.257912 2.38276 0.396884 1.81874 0.0339614 40.6527 3.34133e-05 0.018505 1.42843 23.207 2.93623 7.68553 
1.65352e-05 1.63822 0.000181854 0.00021102 2.12497 0.114053 0.0659143 1.72944 0.344732 0.0784893 0.00138718 45.7592 0.000160518 4.34521e-05 1.73016 48.04 1.22636 1.39728 
0.173451 0.00100147 1.05196e-05 0.00335472 1.10512e-05 0.70831 1.97956e-05 0.343662 0.227552 0.240203 0.0168271 55.9254 0.000475388 0.00370147 1.05674 34.3142 2.04479 4.45774 
0.0511243 3.27648e-05 1.0532e-05 0.000690297 0.96095 0.469406 0.00867748 5.62503 0.853112 1.09326 0.0230136 145.529 0.0115967 0.0190014 2.10488 20.5547 1.61714 3.81047 
0.216018 0.226428 0.00753498 1.45438e-05 0.000963102 16.2067 0.218215 1.28826 0.00772571 0.0134833 9.67501 466.287 0.0647131 0.0388153 5.35594 4.63688 1.24546 3.07216 
0.314234 0.00238458 0.629966 0.000787777 5.02703e-05 0.0744632 0.262917 0.0860498 0.189447 3.12255 0.31942 100.799 0.0996679 1.64111e-05 0.997005 12.1124 2.00553 3.65576 
0.23166 0.000213851 0.0169039 2.33419e-05 1.34813e-05 400.166 1.82703e-05 1.12252 0.147862 21.8421 3.0732 205.138 0.129366 0.0454865 2.04148 12.7928 1.17057 3.72391 
0.000689922 8.4133 8.34146 0.0161745 9.93075e-05 743.335 0.0209085 2.99041 0.16279 0.563603 0.223345 382.058 0.183137 0.00131015 0.974778 36.2585 2.4912 0.680679 
0.0047774 0.0804352 0.000324503 0.00446211 0.0154614 0.0532201 2.77343 7.20716 0.270615 0.77658 0.00354973 337.49 7.23223 2.48262e-05 1.27294 30.5936 2.09216 2.88172 
7.45311e-05 1.0618 0.215384 1.22494e-05 0.000411445 8.6897 1.49739 2.13804 0.0219758 0.287054 0.488118 418.586 0.00362598 1.98496e-05 7.21777 29.6515 0.894382 1.41704 
0.00710991 0.580005 0.297081 3.92211e-05 0.00431295 6.26334 0.00219004 0.677892 0.193112 68.4111 0.735398 70.9921 0.000132813 0.00105285 5.65899 14.8864 1.44393 3.46873 
0.112772 0.00311744 1.05407e-05 0.00994046 0.0427168 1.01018 3.64991 2.65702 0.0147948 0.1114 0.655149 277.905 0.0329709 2.64229e-05 3.34964 24.6308 1.28381 0.975312 
0.0480444 0.00288588 0.0012677 0.00838584 7.06651e-05 1316.51 0.0614263 0.390767 0.144578 81.7937 3.56966 71.9742 0.0458382 0.00134768 7.44076 41.1929 1.21589 1.90744 
0.00178897 0.851617 2.8931 0.000588862 0.000653094 0.0702682 0.000864619 0.192431 0.330204 3.15601 0.059335 428.082 0.607722 0.127112 4.85082 17.1576 1.91197 0.393195 
0.388164 0.000155659 1.82131 6.7803e-05 0.000123655 35.4986 1.31492 4.37296 0.200257 9.73516 0.374024 375.501 6.49352e-05 3.16146e-05 2.02644 21.5935 1.2911 3.2755 
0.00829894 0.00127189 0.000648055 3.15155 1.44954 0.0986793 0.00395598 2.72737 0.530007 105.152 2.09641 447.306 0.100288 0.0703838 1.55351 29.9582 1.99896 0.411254 
5.62298 4.34029 2.95786e-05 0.0289988 0.000168864 2.04333 0.0220251 2.53849 0.407628 21.7186 1.77824 294.851 0.00261176 0.0130714 1.4534 11.7617 1.45818 3.95274 
0.000105147 0.0276219 3.29954e-05 4.06269 0.0215525 2.52954 7.28914e-05 0.549033 0.049934 0.313804 1.80794 339.451 6.65708e-05 0.00091277 2.55156 1.82215 1.3257 9.06389 
0.000112454 0.002359 0.0483444 7.21533e-05 1.15488 236.403 7.28526e-05 1.13374 0.0087432 0.100172 1.75178 42.4544 0.00834215 0.000224092 3.19388 28.1496 1.02469 3.14406 
0.000113268 0.233947 2.97011 7.26453 0.000754789 33.0276 0.00056939 1.66792 0.127382 22.9804 3.84437 74.7308 0.106804 0.0269436 1.39002 29.6508 2.21493 2.48783 
1.72884 0.0411711 0.00152509 7.2613 0.0031655 1.28446 0.000113764 1.01709 0.446729 20.9701 0.999896 59.686 0.386938 0.000183613 1.47777 8.59193 1.28101 5.84825 
0.0147447 9.15995e-05 0.075938 0.0196094 0.00381836 0.024686 0.00789735 0.445018 0.00696956 0.352398 9.77286 153.076 0.000899009 1.15839e-05 0.799596 9.63322 3.51184 3.46639 
0.000474386 0.0242449 4.68269e-05 6.73679 0.000250218 450.751 0.0192595 0.150949 0.00649857 0.167771 8.4494 322.057 0.118313 2.35855e-05 1.11884 3.37984 1.99996 2.0259 
1.13144 0.00142576 2.19252e-05 2.5744e-05 1.1195e-05 532.345 3.42344e-05 1.64296 0.0527311 1.51472 0.175455 271.727 5.46169e-05 0.00215046 0.697305 19.3774 2.45883 2.4391 
0.435433 2.01134e-05 0.000298973 0.000399785 0.00171905 0.196384 5.87017e-05 0.266488 0.531386 59.9439 0.623834 115.355 0.00397409 0.000134077 9.8337 19.128 0.887033 7.56866 
0.000577536 2.71963 0.233685 9.88383 0.0169049 3.30392 0.000300173 1.61652 0.125024 41.4683 1.46713 24.9394 1.79251e-05 0.000116737 0.622823 38.2844 1.49525 3.03323 
6.04532e-05 2.19138e-05 0.000108901 0.000168974 0.00397423 0.388239 0.086662 1.36168 0.161943 0.423327 0.184958 42.5325 0.000345526 0.0174008 2.05218 42.3555 1.63014 4.39862 
0.185408 0.0842312 0.228044 0.623973 0.522078 138.338 2.49253 0.216048 0.20955 3.08441 0.0100441 299.79 0.000155707 0.000414997 1.39138 23.7501 2.54041 0.555147 
1.49134 0.000112012 1.87108e-05 0.265669 0.010596 340.938 0.519275 1.241 0.00588758 0.244747 2.76008 428.333 0.0098802 0.000933165 1.40971 18.0246 1.1162 3.2279 
2.34031 2.18353 2.17545e-05 2.72888e-05 0.0267552 0.525516 0.000605597 1.08541 0.127567 7.83539 1.39275 451.915 0.0193416 0.00407376 5.76706 10.5041 0.916789 3.3583 
8.17139e-05 0.00346977 3.15471e-05 0.0120736 0.0625214 2.71007 0.000653739 2.54834 0.0595558 0.0160016 0.00554443 260.932 3.65414e-05 1.31044e-05 2.65608 29.2663 1.34017 3.01887 
1.93423e-05 0.0275686 0.00087005 0.00154173 0.0791509 327.653 0.0198563 0.817505 0.0151004 0.125292 6.10083 305.108 0.00451596 0.0082398 1.45481 11.4368 2.12438 2.17531 
0.748781 7.64904e-05 0.0316109 4.92541e-05 0.0582354 227.291 1.11387e-05 0.843802 0.00678598 0.0118467 4.50408 182.224 0.0183769 0.000568464 3.49114 47.1187 1.50903 0.632315 
0.543845 0.00158266 0.565751 0.0191145 3.30416e-05 0.142768 2.31357e-05 2.21525 0.0182282 0.172117 5.41649 410.953 2.15793e-05 0.0010413 1.0531 9.51505 1.74157 3.68564 
9.94707e-05 0.0505783 0.577119 0.00248618 0.000203846 1350.53 0.00288325 0.715888 0.0163954 0.61899 1.1224 385.332 0.0056764 0.000777193 3.37936 16.1418 1.24878 0.759191 
0.000220891 0.394866 0.65576 2.24519 0.274458 0.509919 0.000245932 0.858745 0.0400294 0.909232 1.53241 187.79 0.00457992 0.00998372 4.87679 5.74902 0.850368 7.6194 
0.00230102 0.000322516 0.0824969 0.000287735 1.90574 1085.09 3.76589 3.29361 0.559453 0.300933 0.00496667 472.881 0.354734 0.000503626 1.43405 13.2307 2.41949 0.401217 
2.65808 0.221897 5.07158e-05 0.000262258 0.000548124 484.479 0.021563 0.617426 0.198517 67.8802 9.92052 118.528 0.205996 0.00299249 3.04031 11.2709 1.10017 3.61713 
1.20412e-05 4.79878e-05 0.427795 0.0172063 0.000880641 4.10945 9.32248 2.30074 0.0937709 8.99439 4.52368 300.854 0.000657716 0.0225139 2.37646 13.1506 1.08434 3.02003 
0.439382 9.9763 0.0857735 1.83594 0.0472406 779.744 1.31507e-05 1.11798 0.0173688 0.176056 2.24975 298.572 0.000209391 0.0307423 2.0396 2.85357 1.32297 5.937 
0.0917862 0.262952 0.000341174 1.46328e-05 6.85373 11.3683 0.00737532 2.43201 0.0298107 0.055628 0.914615 330.269 0.00176484 0.00338275 1.97194 43.9674 1.72184 0.298909 
1.37354e-05 0.0329239 0.0153217 0.000155899 0.000178871 0.529303 0.201661 0.988099 0.206598 16.6216 0.487497 381.189 0.0196823 0.000501175 1.1896 11.6723 3.84103 1.27334 
7.65357 0.000168923 0.000580805 0.000655699 0.563762 0.277852 3.37389e-05 0.812722 0.0219148 0.518837 1.48102 385.452 0.0607023 1.34449e-05 1.13564 3.72582 1.41138 2.47999 
0.0117592 0.0227414 0.0238745 0.000599791 0.000571611 2.30171 0.182487 0.970841 0.0129268 1.0324 1.42637 32.1411 0.01453 2.43489e-05 2.71732 31.1946 1.59849 7.30484 
2.20726e-05 0.371139 2.56875 0.0248336 2.75323e-05 878.271 0.00695106 0.131584 0.117514 5.48258 1.26152 71.627 0.00198443 0.000101216 2.02021 16.5717 1.06478 4.37911 
6.68387e-05 1.39728 4.36843 8.01886e-05 0.00100908 1.01175 1.72128 5.40384 0.0889157 0.623128 0.0803555 73.7616 3.24469e-05 1.17686e-05 1.5341 33.601 1.6644 1.13674 
0.0378329 4.34959 0.00116889 0.000215804 1.27254e-05 0.0558226 1.95023 2.75315 0.0273995 3.20766 3.33356 135.632 0.000333517 2.08996e-05 1.37546 5.50466 1.33407 3.02713 
0.000271977 0.338433 0.192849 0.000170718 0.0470596 0.136868 0.000594118 0.978999 0.00772478 0.0174245 3.47421 120.799 0.000173861 7.8628e-05 1.30383 10.4325 1.55204 3.9096 
0.616071 4.83806 0.00111807 3.59492 0.046653 41.7306 0.0218719 0.792731 0.169377 3.33288 0.0944098 404.019 0.00549325 0.0790218 2.35792 19.488 1.71504 1.59891 
0.0989477 0.451652 0.000560323 0.0266208 6.90141e-05 392.45 1.94851e-05 1.20238 0.150789 1.38568 0.396546 212.107 0.592921 7.00465e-05 1.18528 8.03268 2.34129 7.53154 
0.00351933 0.37769 0.0160158 5.17365e-05 0.00379807 7.00824 0.000916482 0.259762 0.18839 14.8214 1.70214 436.849 0.00256585 0.000110854 1.44258 2.70348 2.37849 2.35909 
0.00113507 4.08478 2.48839 0.00154901 0.000303295 0.462677 1.24811e-05 5.02944 0.077531 0.191418 0.683182 419.771 0.0240633 0.000635652 2.07795 19.0073 1.37714 1.68016 
0.000325206 0.000245518 0.180026 2.79928 0.000282308 0.038626 0.000228547 0.732896 0.398762 28.4853 0.73975 316.998 2.12997e-05 0.011463 2.06584 3.24944 1.03601 7.58106 
0.0682728 0.0200351 4.00552e-05 0.0559888 0.000100609 13.957 6.20401e-05 0.325849 0.038893 0.0479287 0.0555954 98.0076 0.000296338 0.00061913 1.87864 21.6706 1.3197 1.18809 
0.000398788 0.0810508 0.000249191 1.3276e-05 0.0279268 0.0285577 0.0183638 3.42729 0.0198055 0.68658 2.82422 27.0344 4.39852e-05 0.000994026 1.29599 46.387 0.996992 2.04958 
1.23794e-05 0.000898225 0.000140043 0.030424 1.64914e-05 0.673668 8.97823 4.70584 0.951659 82.7606 1.16479 97.3759 0.000783074 0.0301184 4.06619 11.1108 1.28781 6.3143 
0.651962 4.69071e-05 0.0280107 0.0247969 1.19087e-05 520.08 9.22022e-05 0.480534 0.0226773 0.575451 1.31159 33.9449 0.00684763 0.000171662 1.18593 31.1935 2.97358 7.30974 
2.47342 0.0328564 1.37044e-05 0.0125304 3.60014e-05 83.1784 0.000423178 2.66411 0.0905718 0.475064 0.17044 353.638 0.0522208 0.00199767 9.70691 5.44184 0.999418 5.41889 
0.069452 0.000619889 0.000129809 1.48392 0.0440531 10.3134 0.000491058 6.92336 0.449507 16.8045 0.555495 362.662 0.000303968 0.002347 3.12655 11.9437 0.964025 3.11187 
0.00952058 0.431718 0.0238888 0.00123841 0.103461 92.0692 0.916525 2.44963 0.0383763 1.84975 2.33483 34.1933 0.00339532 0.00314867 1.67643 31.0118 1.72317 9.08876 
2.81429e-05 0.0039345 4.75501 0.235216 0.00898866 0.888569 1.41642 1.75197 0.068932 21.7412 6.69399 145.648 0.00156844 8.36378e-05 1.25601 36.3908 0.920408 3.46443 
1.13495e-05 3.30044 0.00440179 3.60957 0.00131579 0.0108315 5.49724e-05 0.683623 0.147563 6.61744 1.01651 266.679 1.1884e-05 0.00053638 1.36686 3.97471 2.1625 2.24813 
0.00209701 0.000193041 0.0768332 0.010916 0.0040984 650.716 0.0110907 4.63263 0.101079 2.9158 1.3038 270.125 0.00832206 0.000206681 1.13796 38.0448 1.66497 2.26062 
0.568789 5.62507 0.117785 0.00557699 0.105607 0.0369317 0.229667 1.07376 0.322064 102.692 0.836177 411.109 1.13663 0.0347276 1.33788 30.8903 1.85793 0.385263 
0.216745 6.02548 0.148891 3.21628e-05 1.80279 0.0185245 0.000622132 3.14192 0.0129744 0.369691 0.716743 346.071 0.000125633 0.00158545 1.30796 7.15678 1.17187 2.95743 
1.74654 0.000110229 0.0199317 0.829789 2.31489e-05 1941.17 0.00157496 0.614005 0.511779 2.03215 0.00864264 200.621 0.000686322 0.000222975 0.962479 6.57269 2.06895 9.1165 
9.5399e-05 0.0497141 0.77174 0.0101301 7.069 115.229 2.82167e-05 1.20598 0.0375525 0.629866 0.518802 164.52 2.69592e-05 0.00989206 4.62734 48.8308 1.16519 0.805401 
0.00378065 3.22669e-05 2.42969e-05 1.64314e-05 0.0551622 0.225316 0.385099 1.51737 0.0817048 0.342927 0.182425 74.2706 0.374208 0.000460653 2.27382 35.8549 1.91686 2.31682 
4.18772 0.000119417 9.45159e-05 1.28706e-05 2.13633e-05 1.6712 0.168361 0.710655 0.0026067 0.0142655 5.37962 493.114 0.10665 0.00110097 2.28812 12.0985 1.70138 0.565358 
0.0370006 0.351684 3.46149 5.08637e-05 4.94376 0.922394 0.134268 1.44318 0.250622 0.846974 0.0950219 43.9463 0.0127758 0.000303387 2.88924 39.0314 1.54694 2.55357 
0.000581788 0.000557277 2.20955e-05 0.0073283 0.000394295 0.0354966 0.000148989 6.51034 0.757989 5.45273 0.0381186 122.879 0.0386564 0.00225747 1.41558 8.44784 1.12077 6.07474 
2.09938 1.42026 0.00645345 3.35364e-05 0.00246502 0.319192 0.00826925 2.02847 0.00655135 0.0573377 4.91886 261.885 0.00195327 0.0244161 0.872698 46.5411 1.83456 2.47285 
0.0310011 0.000194662 0.261233 0.733242 0.000145501 534.504 4.61665e-05 9.70403 0.0353196 0.0445622 0.10303 332.177 0.00173676 0.000212836 1.47963 28.6681 1.61044 0.513428 
0.216065 6.26209 0.000347578 5.06984e-05 3.17529e-05 0.0101322 0.000132398 2.56541 0.136708 21.4617 1.65893 122.058 0.00429588 0.000505471 9.05416 24.4217 1.05738 3.85983 
0.00171771 0.00174377 0.000205863 0.0071337 0.000362559 0.0763598 0.0703702 1.76018 0.22894 289.683 5.05815 211.701 1.13996 0.00471354 3.4645 26.9148 1.22735 0.844972 
9.54882 0.000770271 0.0446878 0.0145172 1.65042e-05 0.176156 0.000471416 1.12456 0.188884 352.819 7.50011 51.8449 1.44915e-05 0.00421394 1.42865 36.4847 1.05739 3.24085 
1.04488 5.1264e-05 0.370071 0.00787578 2.30534 2.03946 1.1361 1.08415 0.124293 1.49794 0.208487 70.9764 0.000764357 0.000265301 1.7814 19.7981 1.32246 4.22988 
0.00032454 3.08012 0.0320186 0.000322812 6.06723 43.7841 1.22177e-05 4.22759 0.0734074 0.256836 0.169974 83.4125 1.62884e-05 5.61352e-05 1.64716 8.98094 1.68589 5.66603 
0.000108581 0.0599077 0.0131077 0.187057 0.0417553 0.0107065 0.0124124 1.88209 0.678424 1.95463 0.0141534 56.8554 2.88748 2.52813e-05 0.994157 21.1699 2.13124 5.25688 
0.00328671 0.00844929 0.0407224 0.0332381 3.97218 0.15989 3.15735e-05 3.25897 0.0764749 1.92182 0.663219 231.676 0.0581882 0.000139418 2.74722 6.75697 1.00282 6.48844 
1.99349 0.000219624 0.123251 0.00566859 7.36335e-05 0.0690157 0.0230441 4.67837 0.0514051 0.218326 0.600056 422.836 0.000188304 4.16581e-05 1.49424 28.3014 1.18377 1.28426 
7.15993 2.78509e-05 1.60564e-05 0.113155 0.000763029 2030.02 1.38776 5.9671 0.252441 0.843201 0.0539662 273.039 2.80357e-05 0.000163948 0.980051 33.933 1.77536 1.36037 
7.09267 0.000333818 0.518446 0.000565326 0.0358729 3.94959 0.745589 0.141518 0.132119 5.97023 0.694924 71.869 0.186251 0.000932771 1.03125 29.4101 4.3812 3.55293 
0.00707234 7.17069 8.59341 0.0118811 0.10125 0.0106004 0.00164015 0.413655 0.128442 69.7683 1.36687 435.644 0.0225795 0.00577828 2.39616 4.89633 1.05583 1.1453 
2.83631 1.16298e-05 0.0141136 1.36108 9.85377e-05 7.99359 2.00173 2.45315 0.0115711 0.0771628 1.14236 342.531 4.36412e-05 0.00655397 8.39174 36.545 1.18441 0.832589 
3.82644 9.61632e-05 0.00154164 0.128174 7.97755e-05 19.6791 7.06737 0.400332 0.51876 367.101 2.03255 33.7966 0.00164017 0.000501666 0.882773 28.4701 1.51299 6.13169 
0.000147422 0.335007 6.79162e-05 0.00770931 1.5081e-05 20.9386 0.546281 0.443149 0.121366 3.95373 0.0715491 41.5518 0.11956 0.00178583 0.726727 26.6787 1.665 6.58554 
0.000648792 0.000927661 0.000313957 0.328917 4.44436e-05 14.1292 0.000368708 3.60391 0.0255902 0.284572 1.21094 269.856 0.0229855 0.0112751 1.46852 4.22006 2.02283 9.29513 
2.12787e-05 0.724064 0.0197801 0.0236205 0.065956 244.399 0.142847 2.70954 0.464918 87.4268 0.417824 181.593 0.002136 0.00291082 1.16788 15.531 3.42468 1.77919 
0.11122 0.000358369 1.95125 2.39375e-05 0.00320506 1.5994 0.0244153 0.449947 0.68662 36.6935 0.885248 485.626 0.000192434 0.000785381 2.78609 27.5733 1.36601 0.268137 
0.000314117 0.000416194 1.4867e-05 0.00726168 0.0275142 1958.56 2.57496e-05 0.259828 0.0927382 2.27154 2.02894 88.2174 0.000137411 0.00173225 2.00167 26.918 1.61049 1.76117 
0.0712453 0.0356336 0.000104738 0.000129824 0.627131 0.290484 1.68681 1.11902 0.17717 3.65302 0.120179 440.163 0.0292841 0.00353431 3.18045 29.697 1.44098 0.300946 
3.28695 0.00339814 1.05456e-05 1.85347 0.000366593 18.2475 0.000101405 2.05803 0.312895 0.697429 0.0313631 390.935 0.000132018 0.000312762 5.33274 32.3484 0.994565 1.10497 
0.00170944 0.0140196 0.2195 0.00250866 0.0569891 199.365 0.000179884 0.346616 0.768812 2.4561 0.0578219 89.3536 0.00621119 0.00384978 3.10508 9.77982 1.06987 5.72427 
0.000247654 3.50017e-05 7.51246e-05 0.000362751 0.0137142 12.9172 2.14831 0.572132 0.279369 0.10054 0.00146292 62.7827 0.000117981 0.000184445 1.07547 16.6011 1.51697 6.75879 
0.0303175 0.0405716 0.00683805 0.000145785 0.00418054 0.187854 0.0986813 0.0664227 0.0258607 0.0354613 0.189334 249.052 0.0698132 0.000353085 5.29634 9.36586 1.04499 1.6739 
0.0125637 3.23274e-05 2.147 0.0525073 7.72839e-05 21.2169 0.0182558 2.17413 0.12596 0.166007 0.164435 55.4067 0.000115748 0.006583 3.59162 25.0065 1.69781 3.87082 
0.00844992 4.98545e-05 0.0191383 3.11531 0.125094 0.019396 1.21884e-05 5.04346 0.430014 290.31 7.46315 322.263 0.802499 2.64193e-05 1.47344 32.7176 1.89756 0.298973 
2.17906e-05 6.59756 0.000644464 0.00136531 7.41065e-05 0.0722265 1.62616e-05 6.48626 0.0904285 1.56628 4.81176 178.435 0.00217942 0.00030349 3.2399 30.2353 1.28471 1.19433 
0.000619733 0.0252501 0.000270133 0.00379479 0.00631995 10.5602 0.381149 3.704 0.445849 5.63972 0.2626 471.159 0.000752636 0.000336688 3.89464 37.4068 1.70436 0.296848 
6.84702e-05 0.00850144 7.81041e-05 0.375821 6.44568 32.8368 0.000701956 1.8006 0.255659 0.625399 0.00690132 38.0756 9.7081e-05 0.00111251 2.64656 26.6991 1.421 4.35932 
0.104107 0.258924 8.48245e-05 3.43225e-05 0.000956198 0.313439 7.24734e-05 2.8125 0.00391827 0.0450879 2.40012 273.884 3.27214e-05 3.89159e-05 0.627235 43.7152 1.53508 1.96635 
0.0396058 0.0490434 0.00106828 0.755561 6.06114 82.7488 0.00848719 1.09265 0.0903934 1.528 2.32473 162.41 0.0044898 0.000877964 6.15542 10.7969 0.878929 2.64926 
0.00402699 1.2995e-05 9.73454 0.0909975 0.00225554 75.7254 0.0218508 0.00332485 0.0124389 35.0135 8.17381 140.628 0.00018431 0.000413859 3.41862 24.9404 1.41681 0.923762 
0.0977483 0.00143224 0.274847 2.68535 0.112498 0.231626 0.147338 2.63442 0.0125827 0.193127 7.97337 162.433 0.000461112 8.10338e-05 4.35642 10.2211 1.02083 4.48249 
1.24645 0.00116048 1.92561 0.0379638 0.312373 322.267 5.28088e-05 0.213215 0.0219726 0.246312 2.17175 323.28 0.0297491 0.00294188 2.27418 9.83915 1.45211 1.15215 
0.058852 0.000576661 0.00573662 0.0174409 0.000174976 0.0136742 1.05611 7.49087 0.240577 433.247 5.598 241.68 0.058089 1.31635e-05 2.86898 33.0942 1.12579 0.563278 
0.0018008 4.46559 1.4213e-05 0.00456451 0.0294049 77.4669 0.34628 0.0931538 0.0904945 0.12552 0.0338616 94.7558 0.00293921 0.000162391 1.24741 6.35431 1.88445 9.64668 
1.48856 0.000608076 0.0396102 3.8369e-05 0.000250368 26.071 3.64938e-05 1.17864 0.0484578 0.274173 0.223758 237.625 0.147713 0.000605019 1.44352 21.8086 1.93689 2.45787 
0.441127 0.00732242 0.000384514 0.000381759 0.469028 1918.01 0.000861278 2.62499 0.0243292 0.0317524 0.951454 246.492 1.00498e-05 1.01539e-05 3.50872 22.3261 1.2014 1.55116 
1.06537 0.0229803 0.00639688 4.03378e-05 0.00625818 0.0144425 0.000239815 0.327033 0.234709 16.6634 0.162042 135.879 0.0818096 0.000299662 4.85836 15.954 0.881861 2.49254 
0.00181524 0.0761133 0.000259993 0.0004604 0.022352 12.6999 8.51825 1.28911 0.0798475 252.734 1.7503 446.605 0.0306675 0.000419558 1.03017 18.8127 2.01754 0.266728 
0.205071 2.17642 2.86407 0.204837 5.24048e-05 598.699 0.000259705 0.767283 0.355733 6.66224 0.0382584 108.668 0.000143945 0.00158032 0.695158 41.7982 1.2834 3.11678 
0.000174568 0.0124674 2.10816e-05 0.696374 0.27697 571.421 0.0240464 1.56721 0.422458 49.7762 2.19505 397.279 0.00424919 7.03451e-05 6.48842 7.92143 1.01771 2.22153 
0.000189648 2.52704e-05 0.782708 0.00911604 0.0743344 1014.44 0.00187745 0.0518722 0.0437465 1.04182 0.152843 44.6735 0.0698145 0.00122777 2.26561 44.8873 1.84718 1.46885 
0.000478956 0.00159433 0.123307 5.29206e-05 0.034442 0.11755 0.00111666 3.0876 0.701367 19.6334 0.396877 157.166 0.00621558 8.70901e-05 4.90315 11.0397 1.10169 3.44397 
9.16371e-05 3.08482e-05 0.000856132 5.14129e-05 0.00945306 0.0158488 0.00943755 3.1535 0.193634 0.229519 0.0259091 441.708 0.00334202 0.000273744 1.99347 1.45953 1.06324 7.99476 
9.416 8.69906 1.1975e-05 0.000532747 2.72689 66.3607 3.71203e-05 0.594835 0.786719 24.799 0.179289 147.495 1.25147e-05 0.0134269 1.17325 38.5317 1.65028 2.08974 
0.0178135 0.00239091 0.000713877 0.0233492 0.00319194 3.13959 0.0408141 0.91199 0.101045 0.710221 0.9089 466.916 0.308695 0.0115699 4.05691 13.747 1.29396 0.49605 
2.77729e-05 3.75202 0.163061 1.04997 0.00975305 12.1854 0.00100576 2.94669 0.109737 0.129889 0.16416 22.9372 2.86034e-05 0.000395628 1.07926 46.699 1.52513 6.81013 
0.0015633 0.00476234 8.33335e-05 0.00501334 0.00358435 152.019 0.000889003 0.883419 0.12078 0.08307 0.0849467 320.199 1.04531e-05 4.56441e-05 5.07853 23.2485 1.29443 0.718628 
0.0172162 0.0242859 0.000145261 3.78753 0.000135823 566.82 1.26422 0.834441 0.0512918 3.55868 0.374589 22.143 0.000570528 2.89278e-05 1.00249 30.8567 1.15512 8.43882 
3.36898 5.94789 3.62683e-05 2.78445e-05 2.94315 1116.79 0.0270796 2.35781 0.0367672 0.0179014 0.495267 452.655 5.08939e-05 0.223825 2.05796 10.1338 2.33694 1.1747 
2.98772 0.00250587 2.7898e-05 4.50277e-05 0.00630277 605.402 0.0476724 0.23517 0.0156457 0.413455 4.72723 172.484 0.0343061 0.000737918 9.47591 20.4611 1.29877 2.09848 
0.00256558 0.00242254 0.631706 0.0283038 2.49875 214.812 0.00323288 0.332912 0.27535 1.44796 0.0330585 124.391 3.15757 4.57486e-05 3.01965 18.9453 1.30512 3.86814 
0.000807942 0.000159746 0.000174883 0.001414 0.0709417 0.0311134 0.145436 9.95519 0.0924117 3.24781 9.90358 413.862 0.00140441 0.000263541 1.32061 6.04367 1.61536 3.85597 
1.80762e-05 0.00169291 0.000149194 9.52308 0.0638995 2.86841 0.00146048 0.413116 0.034022 0.0867354 0.785287 84.3289 0.0303777 1.79966e-05 2.11443 14.1717 1.56194 3.93315 
0.000188601 0.16658 2.30452 0.0298585 1.12195e-05 0.032794 1.61045e-05 0.485882 0.00602978 0.0105458 0.248238 162.12 0.000257099 0.000173102 0.986017 31.5842 2.1885 0.601987 
0.24714 3.53126e-05 1.31546e-05 0.0010902 0.0221321 0.20239 2.80137e-05 2.0083 0.00877593 0.403479 0.578476 186.476 0.009925 7.2108e-05 1.10997 9.78907 1.19678 2.16578 
7.2574 0.0179578 0.00119419 0.297839 0.000364881 0.0642354 0.297568 5.98667 0.00834669 0.0243401 9.27662 117.465 0.00165293 0.00296679 2.01904 17.5588 1.69684 2.89352 
1.57339e-05 0.000190617 0.000723386 0.34491 0.12839 1952.7 0.000239875 4.38903 0.0434386 16.4267 3.46745 355.192 0.502973 0.000358799 1.30976 15.1327 2.5473 2.82157 
0.0102782 0.767992 0.00116864 0.0426641 0.000249057 10.2947 0.000114807 0.463452 0.087976 0.655152 0.0363959 66.4009 0.0193472 0.00357977 3.64542 30.9268 1.4039 1.57759 
0.00354636 7.90893 0.0694574 0.000561283 0.00846976 9.32165 0.00317982 5.33504 0.165587 1.52548 0.131212 258.142 0.40561 0.00305567 2.08578 12.4883 1.06119 3.69547 
0.0227157 0.259505 1.30358e-05 1.68353e-05 0.826238 909.553 0.00070795 0.448702 0.151267 27.5268 3.51155 76.9279 0.0102371 3.84006e-05 1.55379 38.1194 1.86693 1.41826 
0.18398 0.000939007 0.00107156 0.000417705 0.000551884 71.1653 5.86837e-05 3.85276 0.00851275 0.0512336 4.65075 378.717 0.033406 0.0570042 4.45294 46.0505 1.63336 0.92345 
2.07297e-05 0.00111114 2.96181 0.000278608 0.00840109 0.0386297 0.0034098 0.318382 0.925131 30.8235 0.0766054 103.076 0.0352489 0.002891 1.24022 8.65699 2.04896 2.04441 
0.000245249 0.0165706 4.49416e-05 0.00532068 5.59702 125.408 0.0282953 1.24447 0.024863 0.437255 1.35394 191.421 0.000191159 1.76489e-05 1.55141 5.80452 1.50767 6.88246 
0.157605 0.0611001 1.39199e-05 0.00139778 0.0609718 0.06252 2.21067e-05 1.25678 0.422464 6.42154 0.259272 475.658 3.31985e-05 2.08893e-05 1.34457 2.25862 2.45866 3.17026 
0.191975 0.0561268 0.00032097 0.000963925 0.000295081 0.737534 0.00312673 1.14823 0.0933017 3.90898 0.471032 26.6561 0.020314 1.65586e-05 0.821955 27.0943 2.48462 6.82942 
0.0333521 4.77508 0.0138983 0.00150986 0.0104953 0.049867 0.0509623 4.25742 0.0318595 0.0396802 0.105884 131.614 0.00028049 0.000264492 1.62233 38.2089 1.77188 0.762812 
0.0029133 0.00373901 0.786302 0.0353898 0.524226 33.3752 0.000894035 2.64871 0.156844 0.916946 0.299096 255.781 0.416184 0.000295589 2.06927 44.9358 1.80582 0.488314 
0.00702316 0.00207068 3.4023 0.000275211 0.00647451 0.181298 0.0184665 0.0919405 0.0180343 2.23092 4.93539 41.7819 0.012684 0.0268558 1.04036 16.6796 1.66439 5.03303 
0.0384871 2.57801e-05 0.115431 0.0674717 0.032338 0.242062 0.000365176 0.708286 0.0252935 0.0336618 0.20725 254.542 0.000199009 0.00254721 0.928162 5.68541 2.87468 2.37929 
0.0261101 7.80173e-05 1.73138 1.38602e-05 1.36087 3.23216 8.85253e-05 0.533569 0.803189 374.14 3.29946 69.2092 0.194926 0.000588937 0.905426 21.2125 2.66883 3.50016 
0.467954 0.000572599 0.000398291 1.10758e-05 0.450131 0.0262701 0.0489199 4.22255 0.60982 3.38803 0.0237731 198.451 2.34881 0.00286517 1.74952 48.4131 1.88037 0.429075 
0.000431182 3.8992e-05 0.00630737 0.000233906 2.04323 0.0187604 0.0107282 3.62647 0.0299391 0.0268036 0.04226 174.471 0.000874751 0.00223194 1.2493 28.1132 1.49811 9.91271 
0.0321424 0.000195178 0.0758246 5.89634 0.764877 319.769 6.78387 0.714366 0.0860803 3.52058 0.373689 284.68 9.51302e-05 0.00770146 2.05341 35.7505 1.68793 0.329217 
3.06802 0.494662 6.61019e-05 0.0328154 2.69999 4.13128 0.788666 7.34645 0.00290225 0.0238762 2.28041 220.642 0.00131303 0.00409977 1.35645 15.9663 1.96807 4.37343 
3.146e-05 0.0228956 0.0274082 0.0933824 0.00251489 27.8355 4.39969 1.29816 0.118431 0.260245 0.0690967 392.831 1.17761e-05 0.000600563 1.40543 22.5405 2.20513 0.43453 
0.179233 5.95778 0.207527 2.97236 0.0758089 1557.91 0.0223465 0.745663 0.799849 231.555 1.10504 252.052 0.135874 0.00554965 3.9821 6.04622 0.982485 2.77637 
1.02295 3.96935e-05 0.000181661 0.002355 0.519255 524.984 0.0733872 1.55531 0.0683558 3.84268 1.00629 478.072 0.000411721 0.00019643 1.89932 9.50363 1.24949 7.58783 
0.375282 0.000178878 1.95203e-05 0.0659339 0.335159 2.99707 0.000926984 1.83549 0.501576 0.913441 0.0573204 389.8 0.00545735 0.000466429 3.80304 28.7146 1.75302 0.347089 
2.49211 0.395421 0.192875 0.00677644 3.17644 2150.98 0.000529925 0.352837 0.0321367 1.87763 2.23916 267.182 0.00277941 0.000373946 1.43287 3.59581 2.95045 7.9059 
0.0195194 0.000185161 0.00652421 0.000282081 0.764076 0.0935878 0.0017015 1.36435 0.0488669 1.52871 0.118545 107.263 0.00852161 0.000161708 2.48637 14.7914 1.8033 2.55009 
3.35883 0.00433107 0.911276 6.32206 0.0239577 2.48344 0.0615327 2.43181 0.0233167 0.0153284 6.46755 84.5108 2.40312e-05 0.00508451 1.04456 18.1913 1.67692 2.0987 
0.280756 0.0932551 1.92196 0.0929884 0.000118531 45.141 2.08548 0.190294 0.16367 38.22 2.59952 240.315 0.493939 0.0106846 1.91397 39.8204 1.5918 0.271069 
5.83446e-05 1.0668 0.00432202 0.0180847 0.0325718 24.8453 7.08703 8.85401 0.560153 9.73039 0.480925 385.21 0.00786742 0.00907006 2.93551 43.2738 1.56545 0.522002 
0.00767535 0.0186436 0.00334926 0.0917619 0.07723 0.157427 0.0244513 0.767717 0.00883636 0.0611186 3.96728 71.4946 9.09706e-05 0.000833525 0.884218 22.6408 1.61679 2.84817 
4.16733e-05 0.000506342 0.0127329 0.00209188 1.23963 0.101095 2.43821e-05 3.25068 0.164017 5.648 0.0600092 53.1314 0.000437885 0.00220117 2.73166 45.5847 1.30586 1.17093 
0.000632943 1.48363e-05 0.000261372 0.00807771 0.199018 0.0266789 0.000448843 3.73341 0.0391627 0.512484 5.01909 149.619 0.00629198 0.090105 2.80145 37.1052 1.72955 0.858373 
0.000105435 0.00200938 0.0105165 6.06995 0.01375 3.05973 0.112655 0.515583 0.143913 1.36167 0.00274759 77.3334 6.58342e-05 2.24704e-05 0.906841 33.0273 2.23719 1.91342 
1.0301 0.0026491 1.48575e-05 9.64519e-05 1.02904e-05 0.0465313 1.79848e-05 0.508939 0.75912 178.74 0.677749 11.88 1.28063 0.000119309 0.93516 44.1578 2.17449 3.77107 
0.0237299 1.6734e-05 2.99685 1.25817e-05 4.88139 0.23107 0.00254876 1.93491 0.793431 70.452 0.572603 68.9919 0.365118 0.000533533 3.3916 13.6963 1.35807 5.64512 
0.000338971 0.000632011 0.0149393 0.000271398 0.000610135 0.0945077 0.000214152 1.33938 0.0161018 0.0558592 3.67083 148.464 2.31654e-05 0.00165097 1.03917 4.93463 2.63784 6.74632 
0.00858835 0.00202622 0.0994392 1.47075 0.056035 2.1556 3.94553e-05 0.584415 0.0231686 0.227256 1.35575 58.0565 6.1336e-05 0.000243567 0.880104 18.9543 1.98122 3.2395 
0.000113975 0.522871 1.91093e-05 2.3821e-05 0.000223677 626.783 0.713558 0.201676 0.0220551 0.607121 5.82322 107.067 2.08646e-05 5.14711e-05 2.86221 8.79288 0.977933 8.94572 
1.42798 0.00250374 0.00611448 3.72396 0.0155853 0.0916789 3.23756e-05 1.29084 0.0254993 6.48309 1.13515 64.8464 0.000118287 1.16199e-05 7.45719 27.7174 1.03615 9.36787 
0.192493 1.27391 0.0146328 0.131937 0.0202819 4.6604 7.88012e-05 0.262094 0.00133409 0.0156957 0.845676 63.8007 0.000869644 0.0944945 3.47886 19.9529 1.09113 7.84441 
0.782137 0.00496353 0.000117603 1.60334 0.000114418 1.32402 0.0737895 3.55191 0.173162 10.1974 0.863961 27.5112 2.5592e-05 0.0035398 1.16787 48.8959 1.78436 3.03054 
0.271569 0.374871 0.832837 0.000295847 0.000158114 29.9489 0.00592164 0.925524 0.336395 4.10236 0.164216 423.937 0.932756 1.33656e-05 3.54544 38.9539 1.31664 1.05812 
6.5717 7.78419e-05 0.00188659 1.14652 0.00487651 1166.28 0.0967096 3.6884 0.195499 206.485 4.51687 344.735 0.322156 1.63702e-05 0.94451 20.1526 1.25673 5.99012 
0.0510605 1.339 0.00425221 3.93635 3.3937 0.018099 0.000133193 1.10165 0.303098 70.5835 2.45988 110.497 0.0392283 0.00703788 0.985147 36.8606 3.31037 0.907486 
0.00182634 0.00363383 0.0558134 0.0266842 1.27621 0.0466354 0.000220933 3.08017 0.828067 85.0571 0.084472 428.197 0.526893 0.131476 2.22233 10.4523 1.97024 1.15623 
0.331975 0.322401 0.283511 0.144081 0.000162852 654.833 0.000155154 5.18337 0.0354912 136.738 4.00783 172.542 2.46489e-05 0.0146161 0.773558 27.0603 1.32259 6.21677 
0.00978381 0.00016421 0.96798 8.52505 0.0798629 0.0408527 0.00268578 5.45126 0.0326621 0.144084 1.11509 217.298 0.00128771 0.0200105 3.85009 29.1872 1.24864 2.23638 
0.745544 4.14906e-05 0.391137 4.77088e-05 0.232088 677.764 0.000497113 0.21229 0.119029 1.01914 0.391199 85.0482 0.000401394 0.0363557 3.35399 45.5206 1.64758 0.285568 
0.00280088 1.05286 0.0412397 0.212896 1.73603e-05 53.2547 0.000309958 0.687808 0.897801 331.812 2.63762 25.0191 0.00107375 0.00143737 2.53522 40.7826 1.28886 2.73576 
0.00783077 5.68959 1.12587e-05 0.0147484 0.000660516 32.0711 4.07255 0.437386 0.00414634 0.141379 4.54006 283.993 0.0220709 0.000266013 0.922208 27.487 2.68484 0.410099 
0.0233919 3.65868 1.89929 0.0129441 0.0145124 1969.96 3.79763e-05 4.86258 0.0530945 1.68925 1.97151 89.9266 0.00271306 5.00045e-05 0.810123 24.8106 1.79326 6.80214 
0.0033044 0.340886 0.0308791 0.000801604 0.000779958 37.883 6.64348 0.318992 0.0105062 0.426396 5.82075 479.065 0.000114166 2.20452e-05 6.74694 40.2553 1.21395 0.31387 
1.78375e-05 9.84607e-05 1.07726 0.174463 0.00133879 0.0725648 0.0162674 0.455272 0.089965 12.1518 1.37392 29.5053 1.82774e-05 0.00259858 1.13911 40.3708 3.51988 6.61614 
0.000130816 0.0316714 1.24584e-05 5.44653 3.37899e-05 0.109434 0.00316263 8.72577 0.712422 4.36142 0.0237306 329.92 2.26366 0.00183917 1.15405 16.9889 1.60149 4.80932 
0.589359 0.000735175 0.00296529 0.0435736 0.00408731 208.856 2.50512e-05 0.839129 0.0305758 0.144104 0.0560007 290.256 0.00621946 0.0173934 2.57806 7.4363 0.9236 4.94797 
0.00103975 3.19059e-05 0.0347846 0.019752 0.541814 0.662255 0.0814525 3.00113 0.165085 49.1403 2.19579 35.3527 0.000236212 0.00139412 2.71211 23.2796 1.01968 7.09058 
1.5964e-05 0.00682655 0.000579918 4.36904 0.279849 137.327 1.2609 1.90894 0.0502388 2.96022 2.69627 65.8931 0.00799959 0.00168863 0.98382 25.1079 3.71843 6.95544 
9.90682e-05 0.000646177 0.01372 0.0640087 0.00487397 1.95748 0.128109 1.46384 0.00830911 0.25545 2.50298 42.782 2.15692e-05 0.00655738 6.4303 45.414 0.861032 3.53006 
0.000742762 0.000218759 1.12158 0.328155 0.114426 508.1 0.000245804 4.64225 0.186227 2.76252 0.512365 61.179 1.90734e-05 0.00136981 3.14136 44.0682 1.2286 2.39531 
0.0850902 0.0224854 0.0526289 3.01106 4.85771e-05 355.776 0.151823 0.107018 0.00669558 0.374115 5.28459 19.5308 0.0192674 0.00590457 2.17849 47.9967 1.36268 6.42239 
6.87277 0.661312 1.84239e-05 0.0714638 4.64368e-05 21.4148 1.22087 0.266668 0.00416452 0.152584 1.37442 158.613 0.000206004 0.000645573 1.17188 11.8141 2.76275 3.0551 
0.0302312 0.000667846 4.50988e-05 2.838 0.0234346 0.0252703 0.0830691 7.65048 0.00779569 0.11409 0.413272 264.501 0.00209199 0.023678 0.987196 34.4024 3.16391 0.991937 
0.161159 0.203136 0.000983824 1.44661 0.00152362 251.587 4.29533 2.38582 0.0566259 2.63551 7.85103 377.928 0.145605 0.00019962 2.91503 19.9301 1.82063 0.701575 
0.0147524 8.95838e-05 0.0860468 0.0130464 0.00236009 7.01726 0.0340206 1.27431 0.817036 0.530646 0.00868116 47.8068 0.000454524 0.000582026 1.62638 19.9047 1.54792 3.2588 
0.0422579 0.0225822 1.33387e-05 0.00164112 0.118695 1631.94 0.000125778 7.62856 0.966566 5.21694 0.0263306 437.334 5.98962 0.0038093 1.24647 14.195 1.49306 2.47858 
1.87596e-05 0.000496456 0.00120079 1.53297e-05 0.060447 0.254578 0.370095 0.351568 0.00173142 0.0295165 3.01732 117.898 0.00383935 1.29225e-05 0.822302 12.1162 1.85069 2.44471 
2.72317e-05 4.97117 4.952 5.03725e-05 0.000732068 0.97355 0.00428755 2.51546 0.0564758 0.270684 0.138099 204.503 0.726039 0.000703051 1.07212 15.1029 2.5991 1.0772 
0.0123836 0.000144834 0.253451 0.00486611 5.26602e-05 15.0692 0.0399599 0.366913 0.38598 1.84148 0.0884528 68.4329 8.45973e-05 0.000880332 6.69965 39.4703 1.07019 2.99704 
0.000556213 0.0044884 0.0589817 0.00152852 0.0727254 3.0565 7.78858e-05 1.18156 0.524569 1.77864 0.0333397 197.358 0.46354 0.0154131 2.05868 28.2586 2.69447 0.381634 
9.62013e-05 0.00167402 1.33413 1.45508e-05 4.59705 0.0198733 0.00129503 1.77056 0.083594 38.4153 5.36164 93.6574 0.00360474 0.0140541 1.81827 27.4113 1.41638 1.70141 
0.000305099 1.03324e-05 0.476772 4.64762e-05 0.000741999 0.609669 0.0424662 0.469327 0.0135782 0.115461 0.318986 92.1528 0.000141284 0.000224592 0.938193 13.8051 1.24775 4.23991 
0.0816531 0.000714131 1.1147e-05 0.0142812 0.0243734 0.276326 0.0511166 0.856224 0.00936509 0.132267 2.88965 53.1071 0.000942958 0.00024766 0.966863 21.6865 2.02074 7.94153 
2.91299 0.0035937 0.000635909 0.204488 0.339717 0.383583 0.000850246 2.43392 0.0842008 3.7264 0.695263 27.9837 0.00686407 0.00154317 2.22077 34.4283 1.4258 5.53847 
1.67926 0.0476978 0.0400215 2.93489e-05 8.07343e-05 10.0108 4.07007e-05 0.438132 0.00388944 0.0189933 2.60406 85.5285 0.000107573 6.94347e-05 1.22873 17.3467 1.25427 8.24649 
0.00089879 0.00280267 0.569171 0.000577064 0.543128 568.661 0.455828 0.663538 0.0889958 0.619586 0.484385 207.898 0.000190888 1.81069e-05 2.88676 14.3537 1.02208 1.87127 
0.000646276 0.114904 0.878076 3.82938 0.0843633 0.870596 0.00334696 5.52643 0.0336072 0.03698 0.471533 372.461 4.26443e-05 0.00198702 4.31896 12.2217 1.26049 1.9676 
1.01258 5.51188e-05 1.12475 0.00152171 0.0129416 3.11712 0.269188 0.0520297 0.179548 2.70082 0.0722917 477.386 7.09306e-05 0.000100968 3.36585 2.15175 1.15449 4.20322 
5.65132e-05 4.54777 0.0098309 0.0119926 0.00164932 3.11059 0.815672 1.303 0.166697 101.707 8.61337 210.906 0.0932555 0.0173077 2.06316 13.1927 1.5507 1.41822 
9.89685 3.24163 0.000180174 0.000296247 2.32528 0.476797 9.88883e-05 0.710575 0.0169126 0.491128 1.22836 31.3683 0.138927 0.00299144 2.19404 21.9902 2.13448 7.94123 
5.48411e-05 0.839972 0.00145233 0.018076 0.00234241 0.335184 4.08344 3.20161 0.0138762 0.018701 4.8107 239.036 0.000994231 0.00145769 1.35064 21.8159 2.70963 0.733713 
0.000801346 1.55556e-05 0.996439 2.45069e-05 0.0121851 3.3056 0.0190194 1.12342 0.211322 92.0929 0.896916 186.042 0.000618097 2.47428e-05 2.08864 13.91 1.54084 1.78594 
0.00502818 9.41687 0.053669 1.17431 0.000471623 1.65263 0.292538 0.23703 0.00110656 0.0130951 3.83911 250.46 0.0150708 0.0343052 1.47894 25.353 1.6178 0.63873 
0.517047 0.00221746 0.0280553 1.02111 8.81383e-05 10.2175 0.00183114 1.04776 0.469992 164.543 1.62653 86.0895 1.11933e-05 0.00479834 2.08091 16.6991 1.18158 6.14743 
9.08501e-05 1.81874e-05 3.78756e-05 1.90136 1.06737e-05 847.785 0.449781 1.33987 0.785596 45.2749 0.517185 47.1057 0.000807497 0.00786873 2.24308 26.6628 1.18916 3.79712 
0.426192 0.241458 0.0658998 0.00209076 5.14854 251.934 0.00613129 0.231273 0.244735 0.954656 0.0393867 364.032 0.00436912 0.00140242 1.73234 42.4983 2.04555 0.181315 
0.0630464 6.33799 0.00237767 0.0022321 9.41851e-05 2.44906 0.00512924 0.33542 0.0148584 0.0302438 0.289635 284.348 6.3043e-05 3.64982e-05 6.71826 10.014 1.08641 2.51915 
0.112798 0.00060634 2.06309e-05 1.91721 1.41224 27.098 0.02491 5.41363 0.155706 32.1356 2.54869 344.049 5.72855e-05 0.00222198 0.969777 18.9157 1.34877 2.68567 
3.25983e-05 6.49648 0.0442518 8.58762 0.00274775 0.152067 0.00402266 0.287543 0.469863 21.9902 0.116472 81.7248 3.02374e-05 1.09566e-05 2.23524 46.132 0.985566 1.40301 
0.0171682 0.000253276 0.00672824 1.53533 0.0158735 410.705 0.00557062 1.09776 0.0747459 0.274441 0.257064 271.513 1.48508e-05 0.000100364 1.29958 4.23975 2.6132 9.96268 
0.000137729 0.000102179 0.000212061 1.88911e-05 0.000592495 0.0489437 0.039805 3.24854 0.0270257 0.252739 1.80517 355.835 0.00100067 3.20026e-05 1.65253 12.3538 1.23267 5.30656 
0.0639254 0.00880059 0.00616708 0.228 0.00420308 0.317097 1.14736e-05 0.0497287 0.00444866 0.289364 0.203245 24.9534 0.0176418 0.000254172 1.8064 31.5578 1.3836 3.49618 
1.08946 0.0110505 0.00204701 0.000703595 0.0845147 62.6453 0.000107328 0.456237 0.108454 0.0762869 0.0156394 35.2346 3.97033e-05 0.000102262 1.83245 20.127 1.70752 6.15641 
0.000114398 0.00172854 0.000212857 0.00235268 0.000338874 226.918 0.695833 2.6578 0.904833 0.137732 0.00607653 440.373 0.00458601 0.00382946 4.83975 21.4469 1.38214 0.56275 
0.154463 4.70698 0.144496 9.55406 0.00521713 14.5856 5.09473e-05 1.94706 0.244047 117.44 6.11677 334.506 3.88118e-05 0.00574939 1.21749 4.01189 1.68073 8.53362 
0.131383 2.20634 0.000310973 0.0474393 0.000508786 319.806 0.0639804 2.86218 0.65936 56.8607 1.07893 128.68 0.000127191 2.09043e-05 1.04535 32.2068 1.76948 1.09812 
2.34681e-05 0.786598 0.00748287 0.00620072 0.000579839 573.449 2.66991e-05 3.4573 0.244802 20.1589 1.49803 390.018 3.73988e-05 0.000219924 7.3321 35.5316 1.40386 0.484697 
0.227413 9.62353 0.00186985 0.68664 1.27269e-05 1772.66 2.21213 0.333497 0.902694 1.0884 0.0182916 65.2832 0.00821579 0.00358364 2.50763 11.7096 1.06463 3.79209 
9.99574 6.7576e-05 2.31012 0.000403346 1.77093 0.012368 0.0529277 1.71123 0.0191759 0.496067 0.112008 187.42 0.000205108 2.45046e-05 1.76829 10.9572 1.08821 2.35436 
4.68236 0.289106 0.000102881 4.50513 0.000637637 1.33162 0.000760489 4.26549 0.18435 0.0897028 0.019151 93.9111 0.19307 0.000232462 2.13626 21.3427 1.09171 6.10611 
2.61791 0.00102721 0.018084 0.00439668 0.0769226 141.311 1.40402e-05 0.138862 0.0849288 1.53415 0.0305362 41.3585 0.109871 0.000340095 0.922287 24.9025 2.48008 7.73575 
0.558391 0.00393834 0.057774 4.93269 0.116053 11.78 1.62658e-05 2.22483 0.0326754 0.130084 8.02394 65.4367 1.40768e-05 0.00307945 4.30528 13.725 1.48152 3.84709 
9.64404e-05 0.238349 2.84047e-05 0.00343246 0.00481853 68.9731 0.457078 1.64294 0.614149 26.5434 0.0164065 69.9347 0.500795 0.0135224 1.87707 31.8167 1.15524 2.412 
0.00374308 0.012178 0.0428006 3.39212e-05 0.00358916 1033.69 0.000152708 0.95655 0.303673 7.75821 0.429258 37.7695 0.115056 0.000492567 1.47906 48.9259 1.45717 6.04792 
0.0207573 0.0216209 0.0132166 0.319335 0.724377 225.252 0.0629991 2.49178 0.155442 48.7094 2.48513 404.454 0.000237269 6.18113e-05 1.29305 6.13582 1.26384 4.01927 
0.529643 2.56105e-05 0.0216586 0.00128095 0.000928537 23.2203 1.49424 0.0329616 0.272503 42.7558 0.322795 332.273 0.209542 0.000671402 4.78186 5.26325 1.21463 2.17137 
0.000945787 0.000811138 0.0127575 0.00138873 0.0147638 16.5019 4.69556 1.20962 0.0332381 15.1901 1.54205 384.627 0.00175405 0.0565053 1.21922 4.73054 3.07062 2.35512 
2.8799e-05 0.116455 0.115166 1.69581e-05 1.82889e-05 0.0189289 0.000270062 6.66085 0.0548134 1.35494 2.23996 97.0056 0.000219402 1.37724e-05 1.13882 40.6056 1.75295 1.11999 
0.0119503 0.0168459 2.05147e-05 1.56127 0.235894 0.0617959 6.98922e-05 2.0867 0.00615599 0.0343705 7.00545 200.21 0.000274422 3.06442e-05 0.972701 10.0867 3.1483 3.3986 
0.0372514 0.00502451 8.28219e-05 3.69616e-05 1.0715e-05 1681.74 0.00242705 0.729498 0.0337599 0.627339 1.37498 169.346 4.7085e-05 0.000224795 0.994907 7.74305 2.08824 1.90037 
0.0253797 0.0185745 0.00245088 1.02191e-05 0.184875 269.674 3.93527 1.08144 0.301131 56.1997 1.09951 165.028 0.0387398 0.000866052 8.14051 43.2825 0.956077 2.40973 
0.450029 0.473029 1.7532e-05 2.21025 0.00357183 217.912 0.0948875 6.90313 0.0110243 0.0237588 1.11155 126.721 7.91876e-05 0.000205257 2.0038 11.623 1.07516 2.53644 
0.000140808 3.25997e-05 3.35099e-05 0.000472164 0.00712757 2.08539 0.00928047 0.493277 0.92508 4.32438 0.00178399 23.0631 9.99031e-05 1.31783e-05 1.30364 38.446 1.59003 6.18168 
0.00127802 0.0077374 0.0991955 0.000251288 2.23506 0.040951 0.00481379 4.70664 0.306605 1.36308 0.11098 422.795 4.40206e-05 0.00268622 1.74049 13.9017 1.33627 1.58673 
0.102722 0.00195198 0.000398849 0.00293691 1.61821e-05 7.02553 3.96009e-05 3.25962 0.437249 15.3593 1.31109 345.675 0.000386851 1.89574e-05 2.63137 6.62352 1.13295 2.97155 
2.15322e-05 0.000239392 0.0255527 0.000301582 1.3723e-05 42.6377 4.17584e-05 0.901057 0.0103731 0.0220928 9.48991 208.348 0.000387024 0.0247429 1.04618 15.044 2.21784 1.69672 
0.0839023 0.0101602 0.000113197 0.00342549 0.0053038 518.544 0.0566381 1.41282 0.159556 0.180562 0.0151407 72.5856 0.00307002 0.000264327 1.08775 31.1732 1.87598 2.37319 
0.0824312 0.579926 0.0555502 0.000394944 7.33644e-05 66.7817 0.000124297 0.364976 0.019338 0.0551716 0.0772838 120.167 0.0230797 0.00369212 1.05336 37.4662 2.18078 0.578439 
0.605173 8.25994 0.000131364 1.77229e-05 1.05607e-05 34.2193 3.07268e-05 0.969258 0.0621695 0.291101 1.2471 138.986 0.0149422 0.000951339 1.83512 5.47124 2.06899 9.0824 
0.00250553 0.00346201 9.00782e-05 0.000225276 8.10533e-05 704.431 7.96277 0.0373784 0.0531624 2.37008 0.0450597 278.032 0.258477 0.00837279 0.999323 17.7585 3.06215 0.663729 
0.0214075 4.87202e-05 0.00135884 1.74389e-05 0.00395879 0.689047 0.000373125 0.769029 0.217456 0.731335 0.198199 210.286 0.18167 0.00023842 1.81613 45.3553 2.08312 0.380745 
0.793034 7.60437e-05 0.0311343 0.170423 3.78973e-05 1443.43 1.63197 0.60546 0.0106036 4.92011 3.06253 236.022 2.23985e-05 1.87217e-05 2.75274 31.9954 0.927961 0.882506 
1.32934e-05 0.20707 0.0592243 8.24058 0.00414252 14.3178 0.0015539 4.73852 0.140916 4.28808 2.25914 216.006 0.00139349 3.71138e-05 3.87107 20.0003 1.42166 1.10705 
0.012095 9.05691 0.00360041 0.0730606 0.0182964 186.995 0.000160441 1.18408 0.591318 0.423587 0.022232 110.172 0.00315627 0.00189121 1.11021 12.9522 1.84728 2.06879 
0.00042934 0.00236646 0.0202097 3.15415 0.19245 1734.32 0.00072113 0.0591958 0.0428364 36.2178 2.45233 402.618 0.000471158 0.00206111 1.77126 1.71515 1.08826 7.12913 
0.0829648 4.15707 1.22745 0.000520345 8.08406 1867.1 0.000230651 6.13013 0.354406 10.7061 0.0233602 315.057 0.0086855 0.00311146 1.15978 16.3584 1.62012 7.36736 
0.0932238 0.000822972 4.20206 0.157087 0.000151085 0.598649 0.154586 0.499559 0.0797058 0.425626 0.0971864 187.028 0.0889643 0.00589529 2.18632 38.2467 1.33456 1.14517 
2.98054 8.14817e-05 0.0493774 1.51779e-05 0.000154835 464.22 1.1662 4.39399 0.0940568 53.5448 5.96632 211.509 0.000322397 0.000122577 1.07031 35.8262 1.73161 6.27675 
0.0812587 0.240779 0.0085598 4.28324e-05 0.00377163 0.02517 0.0564262 3.69163 0.97593 309.504 0.663893 405.094 0.000232588 1.48985e-05 2.63371 37.5028 1.08353 1.05994 
0.00567994 0.0140158 4.25125 0.000114082 5.31116e-05 6.34276 0.0068582 0.25868 0.0485387 1.41782 0.820671 54.9293 0.191937 0.00109421 1.61911 15.9511 2.23191 6.01126 
0.0133868 1.73175 0.000184952 0.000205301 9.37183e-05 27.6865 0.000579822 8.84501 0.21243 45.1923 4.72553 322.981 0.000500393 0.0690375 1.95846 13.0605 1.59082 2.89607 
0.000150294 0.000501366 0.00428297 0.00809673 0.138845 6.77493 0.0292842 5.05441 0.0333573 0.435428 0.554079 109.497 0.00124821 0.000295406 1.73082 30.4844 1.2371 1.89622 
0.00987678 0.250447 0.0513483 0.0340969 3.29812 0.0222069 0.01972 1.1113 0.0361363 0.149172 0.127962 488.585 0.486628 0.000131621 3.27167 1.9659 1.00958 4.32269 
0.000207767 1.856 3.83852 9.02945 8.97272e-05 193.67 0.469605 1.65097 0.127015 139.014 9.57549 368.272 0.00198768 0.0134098 1.01815 18.7959 1.582 3.51206 
0.0478112 0.351122 0.0888364 4.18464e-05 0.598069 70.2387 0.00165267 0.488323 0.166171 4.87582 0.175646 353.548 0.00242206 2.25576e-05 1.38799 12.5152 1.68415 1.14764 
0.0991469 0.0625565 0.000379835 0.0023135 0.000148164 47.9404 0.0187947 0.138694 0.103088 3.03639 0.244084 34.3056 0.0913803 1.75481e-05 2.7003 28.5402 1.66188 6.33974 
2.96298 1.22592e-05 0.00050952 0.00034664 4.15247 3.28776 0.00930208 1.36117 0.0678672 4.39221 1.89386 252.645 0.00565952 9.05131e-05 4.55119 6.71702 1.06574 3.94678 
0.000775003 0.00805555 4.93359 0.000639316 0.00480969 94.3265 4.52333 0.227014 0.068677 0.2154 0.00129857 18.0706 0.018944 0.00143747 1.38927 39.4292 1.43268 4.33393 
0.000231976 0.0069423 0.644512 0.523389 0.000843479 25.5041 0.0590239 0.932316 0.878737 6.86921 0.0678047 213.17 3.42881e-05 0.0168913 2.34715 8.2026 1.35493 5.26269 
0.0338928 0.00442343 0.296924 0.159629 4.74299e-05 0.686176 2.04175 1.03145 0.182447 0.0861821 0.0154098 312.851 0.251774 1.05146e-05 4.25453 9.65422 1.17587 0.997724 
1.26101e-05 0.0137374 9.48354e-05 0.0019958 1.8917e-05 153.419 0.00327696 0.429214 0.0349165 0.422806 0.979353 50.0637 0.00542719 8.49312e-05 2.15149 23.3546 1.72683 3.12761 
1.1121e-05 0.000136466 0.404137 0.0024443 0.0376736 74.42 0.00132461 0.487729 0.628273 16.4586 0.226023 209.615 0.00306032 0.000884099 7.86875 5.35988 1.09969 8.58794 
0.344687 0.00137759 0.00165405 7.84005e-05 0.0725221 0.0166874 0.00587451 1.29697 0.0336308 0.1209 0.13775 377.902 0.00402815 0.00775171 1.13355 33.2016 2.27975 0.33331 
0.000622411 0.2188 0.000369736 0.0567504 0.000507442 0.0345561 0.0996999 0.734951 0.263931 0.0474311 0.00767785 495.92 0.00389311 0.00011563 1.27341 3.50509 1.63135 3.33496 
0.734214 0.249774 0.000158263 0.000904871 0.00023902 9.15796 0.39711 5.63272 0.767689 42.1468 0.0904777 300.418 0.0635185 7.7562e-05 0.84125 22.4554 1.65349 1.07572 
0.00687562 0.0176108 8.72819e-05 0.000181019 0.253065 13.2429 0.42933 1.06981 0.0153857 11.4652 9.38685 152.696 0.0186299 0.00390412 1.03016 7.19582 2.64641 7.82042 
0.0957174 0.0843919 3.07721e-05 3.03708e-05 0.00612745 14.3892 6.6165 1.7578 0.43518 62.094 1.84813 39.2586 0.000545996 2.00579e-05 4.51766 44.3377 0.982017 2.0865 
4.77929e-05 0.0700818 1.21397 0.00399106 0.0433466 0.151184 0.000191628 0.527416 0.0306956 1.08219 0.435554 46.6978 6.96812e-05 5.12729e-05 1.19445 25.0493 1.49778 2.22953 
0.00113684 0.0482048 0.0586935 0.000549247 2.485 0.0388792 2.43444e-05 3.68899 0.0164198 0.114969 0.343207 282.754 5.97741e-05 1.21134e-05 2.46934 11.0883 1.25948 1.27796 
1.12794e-05 0.00026453 0.375581 0.000260956 0.000291978 0.288419 0.0647291 0.149569 0.00783054 0.0221296 0.633873 205.507 0.0171191 0.00226231 1.0979 13.9046 3.35356 1.60653 
1.59723 0.000766692 0.544651 0.00013476 5.83063e-05 39.5756 0.000175923 0.752008 0.168924 0.770388 0.00632369 172.123 0.118061 0.00740882 0.97627 19.3049 2.40581 2.66193 
0.342096 0.799352 0.436098 0.000411593 0.292642 9.96695 3.36648e-05 1.10857 0.0376964 4.53995 2.96368 207.636 0.000295572 3.49336e-05 0.871915 15.427 1.99437 2.29107 
0.0596348 0.00433262 9.46321e-05 1.20056 6.69927 0.0213237 9.92914e-05 6.40877 0.0408098 0.0806824 0.762826 86.7376 0.0292689 1.45851e-05 1.99568 44.203 1.55 0.825366 
0.402919 0.000321342 6.00371e-05 0.00148334 2.25895 0.625773 0.00159661 1.97836 0.243127 6.48882 0.0750643 182.915 0.000489948 0.000807904 1.25948 18.0812 1.12537 2.10187 
1.02496 7.26112 3.56885e-05 0.322745 0.0199678 1.67368 0.789677 0.841045 0.0911833 0.450987 0.387366 216.322 0.0139561 2.68581e-05 4.69326 5.85671 0.950954 2.87956 
0.00400936 0.381934 0.450695 0.000204111 5.60637e-05 0.0171881 0.642776 0.212046 0.0362378 0.356726 0.31429 251.458 0.254133 0.000289481 5.29846 16.289 1.36588 0.855777 
0.025437 5.77126e-05 3.52492e-05 0.944422 0.0036958 659.904 1.88029e-05 0.0484944 0.0227086 2.09313 3.47403 151.299 0.000471675 0.0631696 1.57134 13.9563 3.04558 1.79235 
2.71239 0.000110651 0.0527985 0.000329128 0.0237218 96.5884 0.0178876 1.58497 0.0453285 0.261487 0.231714 457.856 0.00444004 0.000713043 1.95949 45.4225 1.27941 0.615506 
0.00101741 0.285122 0.000315697 1.50474 1.24397 531.945 0.0132583 0.0996766 0.11598 0.445128 0.0393722 31.8018 4.8025e-05 0.0119998 2.55092 24.2514 1.09034 5.24625 
0.254583 6.12612e-05 0.081436 0.0103219 1.0325 364.292 1.56443e-05 3.21779 0.109986 4.78474 5.00223 310.392 0.000205369 0.0213109 1.49637 6.23998 1.47785 5.88199 
0.000696856 0.013249 0.0607911 3.10481e-05 0.000468749 40.5653 0.036646 4.26275 0.00964884 0.11551 1.08089 391.902 0.0123129 0.000335495 2.30118 43.3866 1.02686 3.1039 
3.3978 0.812446 3.87175e-05 0.057909 8.60943 0.0891753 0.00164593 1.38909 0.0213213 0.0299272 0.0988962 350.426 6.96414e-05 0.00201892 2.33959 12.8079 1.4077 0.547394 
1.83611e-05 2.38901e-05 0.000883076 0.000855301 0.279708 73.6465 0.381513 0.230736 0.487156 3.95606 0.0387566 466.525 0.00012682 0.00607728 1.85366 15.9368 1.28966 0.508415 
0.862946 1.62534 0.00138191 4.9896 0.410666 190.572 1.70899e-05 0.46945 0.256423 0.600287 0.0628052 96.5807 8.62034e-05 0.00225134 2.87629 26.0449 1.69587 1.12742 
0.000176346 0.0105992 0.00214223 7.73994 0.0960261 11.6455 0.00233535 2.48148 0.167681 0.808581 0.0458948 383.393 0.00241811 0.00248811 1.39778 9.75043 1.22811 3.07202 
0.00217243 0.0530054 0.00293502 0.00047547 3.64867 0.410154 0.00924486 8.79361 0.127352 24.1145 0.72865 334.845 0.00028789 0.0679732 1.63271 15.4377 1.83431 1.19046 
0.000649258 0.000167273 0.000217847 0.00706348 0.000136634 3.92524 0.0839731 1.19858 0.00510173 0.0821351 1.60753 434.393 0.614186 0.000225648 2.92208 37.4689 2.25684 0.160142 
3.73072e-05 2.79689 4.59059e-05 0.0942482 1.64248e-05 11.7274 0.000811693 0.392146 0.436575 3.20967 0.0399706 326.985 0.0140446 0.000224421 1.98713 11.4492 1.4334 1.13638 
2.21926e-05 0.122617 2.85488e-05 4.06243e-05 0.442986 375.087 0.00928501 6.15968 0.812929 1.42388 0.0487919 89.517 0.000157067 0.000303546 1.47027 19.9675 1.36215 1.69432 
1.02284e-05 5.35063 0.413747 0.151461 1.35295 0.0355797 0.0235503 6.1931 0.124488 53.7731 4.24154 97.2361 0.00116359 0.00230292 2.10051 9.85944 1.14969 4.84759 
0.138914 3.27694 0.648209 0.0676027 1.70802 1.29156 0.385451 1.39624 0.012069 0.19959 1.38468 19.2998 0.00399722 0.000121084 0.96308 48.8095 1.71153 3.5621 
4.70132 0.00377418 0.186597 0.00115968 0.000995426 66.5469 0.000258325 0.116686 0.0280269 0.287251 0.579041 276.163 0.0234547 7.59692e-05 4.38031 8.23681 1.08568 1.01965 
0.0146645 7.52309e-05 2.00816 0.000353477 0.0237524 237.989 0.0468655 0.101406 0.0190708 0.0311314 0.466947 181.051 5.93391e-05 0.00023633 1.11043 35.5679 3.43291 0.670071 
5.64706e-05 1.19467 2.73732 0.023938 0.00619483 15.4346 0.00165762 0.480595 0.174455 6.03978 0.90216 131.566 0.00716421 0.0130123 1.74624 13.235 2.32226 1.34758 
0.000628792 0.0020423 1.0554 0.184786 1.71841e-05 4.60092 0.000815866 0.133629 0.202021 47.9028 4.1762 21.4237 0.000505689 8.01348e-05 1.03358 27.9364 2.15398 3.90798 
0.000121265 0.00156246 0.295744 0.191453 1.09142e-05 301.436 6.20476 2.74726 0.17783 1.40778 0.304745 375.049 2.75385e-05 0.000348855 1.69837 9.94613 2.19695 0.653732 
0.643418 0.165928 4.23431e-05 0.205429 0.0158828 27.9503 0.0002394 1.40939 0.482637 5.22737 0.335686 219.441 0.00486545 0.0103499 2.73265 6.29987 1.22807 4.55856 
0.404181 0.000110194 0.000850285 0.00792192 0.00142046 297.013 3.07727e-05 1.47531 0.331124 0.375496 0.0229165 486.573 0.0202138 0.00261138 1.98268 1.86239 1.24288 4.4023 
0.0513724 3.28458e-05 0.00418848 0.000106998 0.00886428 1958.33 1.9267e-05 3.91416 0.467424 17.4206 0.794997 335.489 0.00428514 1.26162e-05 1.93083 15.1194 1.8627 1.32154 
1.64537e-05 0.062652 8.06633e-05 0.00413591 0.0807657 44.9283 5.03092 0.100466 0.0331797 0.274266 0.269244 280.05 0.0281643 0.000193626 1.30327 18.7294 1.70942 0.739327 
4.91068 1.8154e-05 0.0567806 0.000148409 1.45522 68.8964 0.000967093 9.25441 0.0489705 0.773407 0.431728 91.103 0.000106687 0.00173987 0.929222 31.0063 1.87335 3.28132 
7.62161e-05 1.47859 0.000417349 0.180534 0.31487 1468.82 0.0159699 0.844631 0.26455 144.713 0.352868 379.331 0.624969 0.00315864 1.55856 8.51668 1.31209 1.61004 
2.77558e-05 6.91268e-05 0.00959363 6.94103e-05 4.67352e-05 0.384249 0.0263308 0.333099 0.0462592 3.94369 0.123326 30.4974 0.00700133 0.000116508 3.47736 22.3826 0.79513 7.37807 
4.81974e-05 2.02355 4.15606 0.000150037 0.00194194 1226.21 1.23005e-05 0.593013 0.70648 3.24039 0.0301442 165.416 0.0480475 0.00210194 3.18334 4.10723 1.04843 5.01468 
1.16917 5.13677 1.54513e-05 6.94623e-05 1.72579 115.938 0.610921 0.581866 0.0520161 0.535604 0.229256 45.2204 1.34557e-05 0.000197956 1.48478 22.8646 1.71106 2.58626 
0.0189439 0.849916 0.00109531 8.75895 7.88372e-05 1861.22 0.0656892 4.62383 0.0356561 0.442011 2.14349 424.034 0.0109668 0.00635881 2.62667 7.33526 1.2199 3.0526 
0.00285306 3.11778e-05 0.184669 0.0756669 4.48271e-05 0.561204 2.01155e-05 9.46028 0.0368567 5.19849 3.5772 404.696 3.35732e-05 0.000156757 1.11321 47.2995 1.24537 0.685067 
0.00483399 0.000292672 1.03358e-05 0.000261792 0.0576636 96.8613 0.0613955 0.756537 0.819371 3.03386 0.019535 241.15 0.00559046 0.00117574 1.20165 18.0214 2.21332 0.791375 
1.56314e-05 0.000682816 0.106488 0.000111448 0.000434544 44.5145 1.06264 0.0327987 0.239583 2.24618 0.0549767 73.1865 1.05089 0.00452508 3.1497 14.5329 1.10334 5.68792 
0.886805 4.87175 0.0020719 5.74977e-05 0.0784899 564.363 0.0123396 3.3126 0.338692 4.07549 0.038003 437.233 1.60766e-05 0.00146141 1.43385 15.0386 1.42462 5.06978 
0.278884 2.9557e-05 0.00162805 0.00264056 1.03141e-05 779.969 0.00414715 1.24015 0.0051309 0.0542287 1.5863 175.414 0.00347668 4.20375e-05 2.18526 42.7408 1.55203 0.991988 
0.26815 0.00534178 0.000232464 3.3385 0.000108346 0.0472559 0.131921 0.481829 0.0847909 3.89471 0.0771392 170.052 2.95534 0.0812581 2.14259 5.031 1.75026 9.22629 
7.93587 0.0146586 8.31984e-05 2.69988e-05 4.11385e-05 10.8942 0.0215022 0.364777 0.0195471 0.154402 2.63027 240.347 8.54888e-05 6.67744e-05 1.23093 4.60845 1.35679 4.85378 
0.00798323 0.989042 0.00346458 5.7797e-05 0.0315756 14.6142 1.83374 0.140077 0.00387082 0.0409758 5.67576 40.59 0.000144941 0.00469184 4.5373 44.3606 1.18028 2.28832 
0.322845 0.237946 2.50133 0.00101944 0.723449 0.38111 0.079921 4.2786 0.140308 5.31591 0.710325 20.5895 0.000555821 0.00224789 1.28223 42.9626 1.14854 5.25159 
0.00019736 0.0345759 0.00368872 0.000221642 0.00182165 1.72037 0.000440982 0.984366 0.099458 4.96197 0.849851 369.842 1.13496 0.00994597 1.22798 22.6054 3.81019 0.596106 
0.000787184 8.07117e-05 0.00326263 2.66446 0.0460836 577.782 0.000179418 0.365917 0.0961915 17.3117 0.188274 145.185 0.00124016 0.000190228 1.71275 10.0302 1.06353 2.68151 
0.000160302 0.629469 0.015104 0.00159021 1.1774 53.9516 0.000553489 1.6835 0.195097 183.573 3.94545 116.634 0.136241 0.0453861 1.02549 35.578 2.54563 0.640592 
0.0193909 0.0166327 0.0176721 0.50163 0.285432 15.4505 0.000118068 1.8192 0.594017 118.278 1.0353 281.58 0.018761 0.00023693 1.43521 14.7675 1.62967 1.06671 
0.000731816 0.000667529 0.332309 0.00431171 0.000168889 0.368065 0.126346 0.475332 0.816218 1.44141 0.00116451 148.984 0.393576 0.00626912 2.49603 9.70944 1.26151 2.18557 
0.84401 0.0506225 1.58348e-05 2.06835 7.86429 3.91973 0.192835 0.686776 0.0326836 0.105484 0.291355 416.9 0.0954854 0.0365327 1.39669 2.41367 1.69356 3.39002 
0.000298137 9.6602e-05 0.000119741 0.0186794 0.033171 0.0398719 1.32289e-05 0.704667 0.00493468 0.0126321 0.987918 493.781 0.0309723 0.000351831 8.817 7.59316 0.983926 1.81629 
0.234024 3.88132 0.245256 0.00506113 0.00757017 0.357563 0.0204095 1.29094 0.264943 0.770835 0.186145 227.151 0.507004 0.00244952 1.10099 6.75959 2.37657 6.49266 
0.00168619 0.256757 6.10576e-05 0.107703 0.000221737 1400.08 0.0937689 0.259252 0.00413468 0.0984627 1.05132 417.998 0.00331283 0.00533179 1.00876 33.5826 2.42608 0.2374 
5.06344e-05 0.0060164 0.000413968 0.652923 0.0125976 94.0543 0.00124083 0.194821 0.0407544 2.36513 1.2118 438.515 0.0106001 0.00019457 2.09561 2.51086 1.06294 3.77211 
0.00910914 0.588665 5.08242e-05 0.000726977 0.000209809 145.701 0.0404288 5.32447 0.137649 1.87262 0.753391 277.895 0.000114527 2.49088e-05 1.41633 10.104 1.75889 1.16281 
0.0267858 3.5664 0.00332902 4.26022 0.0628546 1235.88 0.00234111 2.30404 0.0105544 0.0144235 0.217683 393.27 0.0272815 0.010304 1.35264 3.26668 1.92494 5.68924 
0.000628487 0.0108982 0.000149353 0.199595 0.000342538 59.3343 0.000883524 0.408781 0.00656723 0.0113137 1.18066 24.1996 0.00204957 0.000373875 1.41362 30.0188 1.68965 6.79847 
0.108847 0.000845996 0.0133056 0.381741 0.012626 2217.38 4.15224e-05 1.38441 0.774365 20.1897 0.114089 183.065 1.17453e-05 0.00450134 1.45334 19.5145 1.57663 1.38763 
0.00106282 0.0269908 0.0462196 1.14371e-05 0.0154613 8.81265 0.0870899 2.11996 0.874994 1.5571 0.0143153 104.668 0.00561303 0.00591015 3.76137 44.9978 1.04824 1.66155 
2.53679e-05 1.09877 0.0203402 0.00195665 0.0136693 0.0116262 0.000182183 1.13329 0.0257284 0.290979 0.62454 163.506 0.000128478 0.0184746 1.01357 15.4918 2.41186 1.95445 
5.83081e-05 0.000331368 7.21826 0.0152178 2.09867 39.9096 0.00486368 3.4114 0.63675 7.12162 0.315862 233.125 0.00777138 0.0674063 1.40157 7.19969 1.92761 1.81719 
0.00329229 6.54112 0.885036 5.4724 0.00118461 327.181 3.71299e-05 0.658134 0.135126 1.52102 0.636653 89.3925 0.000189922 0.00395027 4.26013 45.5084 1.0991 1.00878 
0.0457558 0.00152449 0.000126823 0.00529194 0.159698 553.442 0.357683 0.140101 0.0272476 2.45596 5.36411 263.44 0.00457251 8.18939e-05 1.95776 4.14285 1.78076 3.0922 
0.023369 0.000310554 4.38708e-05 1.61707 0.000229615 0.0527635 1.73897e-05 4.59831 0.0262604 0.420917 0.762039 205.871 0.172803 2.44733e-05 1.40157 15.71 1.50815 2.44129 
0.321726 1.12893e-05 2.58755e-05 3.60648e-05 8.16866 365.629 6.13933e-05 2.43451 0.521814 3.8955 0.0101911 249.66 0.000110288 0.000822941 0.958188 12.1133 1.968 1.97699 
6.27525e-05 1.13911e-05 0.000514853 0.0798665 3.89654 2626.16 1.13863e-05 0.394323 0.843487 8.45105 0.0678502 146.718 2.24543 1.01207e-05 2.63583 31.4601 1.42735 1.80585 
0.0906118 0.000801572 5.11273 2.69788 0.0104924 39.4948 5.6786e-05 0.350684 0.718961 342.246 1.1362 35.6994 0.000177757 0.000147199 1.01967 46.9319 1.29846 2.25272 
0.00014953 0.596632 0.000839041 0.724619 0.0024467 30.5306 0.393591 0.189133 0.016612 1.90824 4.82362 89.8956 0.0260356 0.00273437 1.91927 9.49756 1.80917 7.20706 
0.00320251 0.295239 0.0013856 1.44804 2.38421 0.627647 0.50706 2.04644 0.0216645 0.755239 1.59429 14.6289 5.00941e-05 1.40757e-05 1.57429 43.8984 0.943567 9.08246 
0.086824 0.000744134 0.0826139 0.0204293 4.36264e-05 253.371 0.000451453 0.414804 0.253315 4.27222 0.0393939 327.085 0.015432 6.59247e-05 2.68334 17.5188 1.15537 0.707785 
0.00539391 2.09393 0.000177814 8.27467 0.000664286 30.6393 0.0589566 5.5243 0.132397 2.41926 0.142381 183.078 2.64755e-05 0.000135025 3.64026 29.8029 0.908167 2.50573 
2.31255 0.0478546 0.000968896 0.221054 0.193166 0.638303 2.05615e-05 3.84094 0.368978 100.938 2.32641 190.711 2.85096e-05 0.000435289 1.16825 31.9671 1.89622 1.19788 
0.313048 0.0389604 0.0907276 0.487586 0.483193 2.09656 0.000150541 0.789056 0.0309715 0.322007 0.0156234 65.2694 0.000275188 0.000188941 1.37563 24.3931 1.56951 2.433 
2.77333e-05 0.0329015 0.000249105 1.42981 0.0174414 159.95 1.95246 2.52328 0.142764 3.3203 0.539127 276.675 0.171634 0.00199375 2.47314 7.03064 1.28557 8.68624 
0.252673 5.37674e-05 0.000163436 0.00324712 0.00623567 0.207433 0.12159 1.16936 0.216454 12.4951 0.226502 71.2473 0.000274402 2.4496e-05 1.10471 39.5349 1.41153 0.879676 
1.19563 1.82238 0.00115573 4.73287e-05 1.14385e-05 0.152469 0.0184125 0.287244 0.00348804 0.012139 1.47292 49.1482 0.00954321 0.0252502 4.10665 16.3376 0.98523 7.26162 
2.6454e-05 0.000432072 0.120114 0.000213873 0.00190671 0.370926 0.0139893 1.34412 0.124865 3.57969 0.685486 300.908 5.79399e-05 0.000373924 4.01458 24.0794 1.71831 0.559479 
3.00193e-05 0.0395234 0.0224939 0.0238216 0.0588174 102.17 0.940063 0.286718 0.00385396 0.0547909 1.75563 122.349 0.000207296 0.0779915 1.79572 48.7051 2.7496 0.458386 
0.301072 5.0893e-05 1.12973 0.0157874 1.58618 305.194 0.00392553 0.13791 0.117581 0.597578 0.0310011 286.096 0.000295066 0.00026446 4.13099 3.1772 0.961086 7.53804 
0.069139 0.00399574 0.000258329 0.000102324 0.0666508 0.0195676 0.00643526 1.20119 0.0280343 0.121905 0.0529558 50.1591 1.51912e-05 0.00738701 0.967285 14.8634 1.26861 4.6814 
1.40781e-05 0.31371 0.0200041 0.114833 0.0901731 1155.48 0.346283 0.106197 0.0179218 2.98293 4.61567 162.311 0.00102234 0.00424113 2.63434 3.86261 1.145 7.2971 
1.31698e-05 0.00316915 0.848945 0.000320597 0.000347907 8.16562 0.000346945 0.220645 0.00698879 2.32441 0.370497 112.344 0.000685194 0.000102494 1.37393 8.8372 1.24793 6.27893 
0.894202 0.740133 0.000516091 0.0283987 1.39346e-05 1059.54 2.13338e-05 0.65346 0.276457 370.39 2.32586 12.6464 0.0212561 0.000235721 1.35941 38.1971 0.97242 4.48805 
0.00243298 1.0296e-05 7.51189 3.63399 6.19908e-05 0.0118084 0.022264 0.44398 0.0366632 13.0428 2.14853 268.533 0.00199865 0.00295383 5.92913 43.7906 1.16266 0.46343 
0.00741409 0.0151433 0.318794 0.0459612 0.00136198 189.652 0.0151137 2.39476 0.00946851 0.108785 3.02653 82.8275 0.00455867 0.0270621 1.41165 28.6211 1.1921 3.36306 
1.62759 4.24279e-05 0.0292104 0.00872496 3.87607e-05 3.92061 2.01319e-05 1.23723 0.0215903 1.29136 3.94793 51.033 0.052658 7.63046e-05 1.18023 20.6119 1.40599 3.64298 
0.21248 2.15733e-05 1.71253e-05 0.0187909 0.000210674 0.318864 5.08472e-05 8.72651 0.0885387 1.2634 0.2543 313.228 0.000831576 0.00571962 2.76206 43.4557 1.18647 0.810232 
1.01082 1.47511 0.00180286 0.000165695 0.488505 0.03615 0.00441296 3.64012 0.00993712 0.0126352 0.117875 256.313 0.0038065 0.00302962 1.51679 11.6779 1.43313 4.72693 
1.81919 2.85716e-05 0.0106496 0.233141 5.68207e-05 305.887 8.78421 3.67172 0.142068 0.371445 0.00392587 307.476 0.0564486 0.0148977 4.95799 32.112 1.07713 3.28443 
0.00154567 0.00626003 0.813964 0.0382937 7.43137e-05 10.8152 0.00149095 0.285212 0.00242248 0.0128756 9.31442 290.568 0.0173733 0.00042501 6.85792 8.97466 0.997265 2.27944 
0.0374423 0.177576 1.1231e-05 5.55825 1.72225 2977.64 0.0095865 1.24029 0.0392674 6.34197 0.733206 43.0655 0.000517213 1.09692e-05 1.85298 27.88 1.14563 3.24362 
6.29057e-05 7.74462e-05 0.819551 0.314623 0.984945 0.118471 0.00108661 1.73284 0.00484149 0.281015 5.11185 41.3249 8.93927e-05 0.000149323 2.1436 49.3956 0.947803 1.70949 
0.000775233 0.00410168 0.0802923 0.000133822 0.768549 9.69102 0.000563748 0.527464 0.248696 108.607 1.26648 403.301 0.0149414 0.00251693 5.61299 3.64677 1.01065 3.85005 
0.940762 0.000621478 0.000836526 1.24761e-05 3.19753e-05 1.52346 0.0167593 3.36202 0.120392 3.81495 0.0603955 31.5223 0.21896 0.00132131 1.27897 33.6464 1.4389 2.66654 
0.320032 0.0108028 0.00540674 8.02053 8.86086e-05 104.935 0.00125325 0.706246 0.169692 12.2788 4.92714 73.3596 1.89338e-05 0.00267987 1.21555 14.4256 1.89044 1.6797 
7.54787 0.000193441 0.0135181 0.0273336 1.23019e-05 3.02752 0.00193771 0.603507 0.0822946 3.05494 2.29935 382.466 0.000157621 0.0231833 1.03259 2.22227 2.41221 9.24379 
3.84019e-05 0.000453225 0.197577 0.0313716 0.000101581 2.67139 0.000987132 0.240679 0.0504968 17.4157 8.30547 95.1444 0.000748612 0.000141232 4.16163 29.9563 1.28809 1.32525 
0.0567742 1.21933 3.99536e-05 8.92207 4.85433 0.0760777 0.000162797 3.07862 0.00400923 0.312547 1.70413 359.313 8.44288e-05 5.4047e-05 1.24743 19.3286 1.48802 0.415185 
0.0184999 0.00984664 2.0177e-05 7.78553 0.000405105 12.048 0.0094208 0.325758 0.0522592 7.0841 0.519447 277.316 1.61194e-05 0.00429403 1.05846 29.7807 1.43708 1.87526 
0.000361565 0.171064 3.53481e-05 8.53815 0.00151305 1.07203 1.90492e-05 0.625489 0.0532403 0.754064 0.713177 61.3735 0.00965544 0.00109496 1.27528 21.045 2.04845 4.11826 
1.53024 0.000236848 0.000131158 0.00401006 1.95835e-05 181.529 0.417025 1.24767 0.159248 1.14603 0.0710207 119.444 0.834575 0.0196657 6.56177 26.8071 1.18959 1.36261 
0.00119267 0.192648 1.94362e-05 0.000140261 1.30241 180.956 0.0403257 0.132458 0.00692772 0.0211889 0.459213 140.594 0.00550199 0.0147683 2.16642 10.8772 1.15524 6.52144 
3.75622e-05 0.0858851 0.131578 1.58461e-05 0.000306401 0.485057 1.02175 0.842884 0.188648 6.43972 0.140682 313.608 0.00131092 0.040238 1.70437 25.336 1.7916 0.2845 
0.000531688 0.00441711 1.59072 9.2136e-05 0.24974 100.845 5.72178e-05 0.16176 0.13497 0.460869 0.050546 490.308 1.69464e-05 0.00088792 7.9502 41.0736 1.38134 0.249258 
4.99903 0.000119971 0.027912 0.000141792 0.218045 1.58622 0.0023292 0.861501 0.744568 11.1271 0.0391281 28.0084 0.00481039 0.000707545 0.673217 31.062 1.54147 8.44826 
0.000135757 0.00054699 0.00110242 0.000228775 1.58005e-05 40.9397 5.81433 0.962439 0.0979888 12.9613 0.0654113 66.6619 0.0906723 0.000234491 1.30506 48.5742 1.5007 1.29619 
1.5463e-05 0.285357 0.19522 2.20236 1.08018e-05 13.8237 1.54532 0.682376 0.17477 2.60607 0.1008 272.98 0.000687595 0.000171193 1.27376 3.04019 1.58499 3.94532 
0.00677405 0.0549873 5.43033e-05 0.499732 0.000110562 1.58804 0.000678706 0.284578 0.00558139 1.82822 1.54417 329.626 3.01364e-05 0.0022458 1.79985 2.77125 1.19358 5.28856 
0.312316 2.72807e-05 0.0872926 0.000122475 0.286313 1252.61 0.004999 0.0523806 0.0343891 0.72094 0.155647 337.39 2.30644e-05 0.0154245 9.14369 9.14911 0.962599 2.54714 
0.000506597 0.00704197 4.55459e-05 1.40041e-05 7.07631 268.894 0.000345399 0.232893 0.00220241 0.285164 2.83194 66.3515 0.0250002 0.000421649 1.15046 7.73474 1.89573 8.74515 
9.72764e-05 1.1725 0.00324659 3.10186e-05 0.344029 1.51871 0.00128358 2.74104 0.074923 48.1086 2.10724 349.221 0.00296326 0.0148057 1.08285 9.49009 2.09607 1.04065 
0.0942351 1.50518 7.65019 0.0881865 0.000299762 3.59262 0.00790907 3.55393 0.220564 181.183 1.59635 335.4 0.000726846 0.0003969 1.70602 28.544 1.33984 0.698512 
0.0891231 0.000450066 0.179324 1.82874e-05 5.29773 72.3003 0.143914 2.35533 0.489863 151.406 1.10928 411.813 0.0792827 0.0502973 9.76493 35.0012 1.2968 0.548791 
1.03648 0.0739615 0.174543 1.69148e-05 0.0378196 0.2102 1.87562e-05 1.25658 0.769691 1.09085 0.00574232 186.752 0.000464326 0.00180402 1.84925 21.5001 1.22519 1.95355 
0.00279174 8.06987e-05 0.161315 0.0188434 0.302107 0.163065 0.000493656 0.676987 0.0871263 0.174982 0.0156933 158.279 0.00289244 2.39362e-05 2.0653 34.6076 1.24905 0.644698 
0.0324769 0.00695967 7.57882e-05 0.0632224 4.69329e-05 110.419 0.00246795 0.383135 0.065457 1.14567 0.646062 205.873 1.64325e-05 0.0054414 1.78945 4.14661 1.2552 8.86286 
1.84365e-05 0.95176 0.213096 0.125083 2.7024 21.5064 3.75482e-05 3.07291 0.0942858 24.131 1.69749 33.7335 0.000483839 2.12845e-05 1.50047 23.3713 1.36162 6.93401 
0.000178344 0.0583006 6.88682e-05 0.0640682 0.00524781 4.2142 0.000309764 0.39044 0.0496367 0.32278 0.0113731 342.595 0.140527 0.0599568 2.49461 8.02464 1.64052 0.749848 
0.00228726 0.0290214 0.0178571 0.000121157 0.000838231 7.23861 0.00221429 0.17433 0.198962 18.2251 0.0711545 20.5729 0.0749554 0.0017352 1.85729 34.5398 1.56763 5.25123 
0.0289457 1.16904e-05 0.000705491 0.00297033 0.0003884 1545.96 6.25539 0.766573 0.342895 16.0627 0.164074 412.813 5.52199e-05 5.10979e-05 1.70061 40.513 1.39198 0.63548 
0.0174281 0.0389254 0.000292844 0.0144442 0.00100262 1103.4 0.0136135 1.83945 0.134699 2.13672 0.962723 101.855 0.017534 0.000228505 1.82262 11.0498 1.33317 3.18727 
0.00165141 4.82813e-05 0.000115211 3.63266 0.229243 271.944 3.89618 0.929818 0.00817372 0.0926205 0.723077 378.005 0.000494127 0.0636908 3.29165 11.4157 1.22951 1.03828 
0.000182259 1.93205 6.21665e-05 0.000390052 0.0259829 2559.27 0.750446 0.200089 0.0031474 0.024433 9.34403 60.9484 0.000697528 5.4003e-05 1.26115 12.3804 1.65062 8.27536 
3.88811e-05 0.000316722 0.00140941 5.46609e-05 7.90338 184.579 0.251494 1.4994 0.0878845 1.60067 0.480693 252.039 0.000351427 0.0538624 1.79097 2.60183 1.24309 5.12977 
7.42924e-05 1.18766 2.7337 0.000395678 0.000165431 519.171 0.00396518 0.600464 0.0160302 0.0158621 0.16251 73.0283 0.000402431 0.000899616 2.06088 25.4363 1.57771 1.06989 
2.44646 0.063037 0.00027658 0.000139906 7.38569e-05 0.105981 0.649958 1.26977 0.107124 14.1177 1.50908 104.252 4.23834e-05 0.000926924 3.22799 19.2483 1.01845 1.44976 
1.23155 0.792196 0.00040871 0.0240909 0.00367667 22.1431 0.0663358 0.356327 0.0175013 1.24702 4.41381 58.785 0.0379825 2.86894e-05 1.24847 11.9918 1.62652 8.7273 
2.96666 0.00284823 0.000161022 2.66283e-05 0.000534231 198.817 0.00252369 0.341234 0.175549 137.106 5.02175 405.878 0.000218137 0.000247549 1.25833 28.533 2.11363 0.246776 
0.61861 2.87198e-05 3.92673e-05 1.38811e-05 0.419022 0.560947 1.10764e-05 3.3232 0.0789791 9.14145 2.60823 81.4344 0.0443058 0.00390482 2.63312 43.6969 1.19276 2.01982 
0.0555535 0.0174799 0.0318745 0.000850948 0.000484028 0.273832 4.25524 2.12502 0.415532 16.3183 0.408364 486.288 0.0203461 1.87548e-05 1.65981 7.0749 2.01391 0.730462 
0.00105686 1.5245e-05 5.19149 0.0237957 0.0478346 0.447183 0.306201 0.146664 0.0229366 0.60038 4.05267 62.1166 0.0167989 0.00909729 1.42965 32.1291 1.71566 1.72679 
9.77958 0.000205771 0.0194823 3.67251e-05 0.000972419 98.5342 0.672617 0.0913997 0.0667923 9.07541 0.748002 91.7062 0.000800355 0.0504651 3.19054 9.74018 1.32197 7.20885 
0.0549726 2.29421e-05 0.000287169 0.144619 0.00608116 0.304067 1.22329 0.525309 0.124016 47.9054 3.65077 336.306 0.722123 0.00347748 2.06031 5.42592 1.46608 1.45681 
0.0288468 0.000409881 1.1217e-05 0.00632039 3.8869e-05 0.0500737 0.734878 6.6081 0.00956267 0.0106155 0.163465 292.377 0.000275967 0.000395924 1.38829 11.6829 1.27682 1.34658 
0.0021432 0.0139578 0.562145 0.0221358 0.000371508 0.103718 4.95232e-05 0.280856 0.296984 183.643 0.907527 198.355 0.0886952 0.00128876 3.51462 7.83313 1.0911 2.11504 
0.000567783 6.48957e-05 4.69791e-05 7.26387e-05 0.76177 1.208 1.49568e-05 0.39435 0.201646 19.755 0.23606 399.209 4.16519e-05 2.12359e-05 2.7931 41.2965 1.30123 0.321029 
3.00738e-05 0.000141666 1.45268 0.000277408 0.00283153 361.886 4.12754 0.300026 0.00976509 0.176539 6.60873 243.171 0.00806923 0.000281507 1.12616 3.6763 1.61437 2.71282 
3.57919 9.44715e-05 0.00122635 2.86272 0.331189 76.7551 0.970344 0.194107 0.0259163 9.63575 1.2083 274.337 0.00328027 0.000283759 1.31195 3.16724 2.11588 6.33929 
2.20239 0.00314105 2.21263e-05 2.19053 1.38874 23.2553 0.0332396 1.00918 0.0219952 5.67376 1.06859 426.476 0.00758743 0.0138302 1.62539 10.2597 1.38531 1.73662 
1.21322e-05 1.1348 0.0615854 4.39711e-05 0.0827667 3.40552 0.0687905 0.583994 0.0745281 18.0572 9.45286 317.3 0.406054 4.29868e-05 1.64744 8.83858 1.57263 1.0057 
0.0591616 0.00443386 0.000145746 4.76679 0.00601576 1804.04 0.00933043 0.66395 0.109689 2.07364 0.209079 271.185 5.16076e-05 0.00314115 1.72024 5.52565 1.30766 2.31808 
0.00685917 1.98668 1.25723 0.00261258 0.000837707 2624.26 0.000158725 0.201415 0.280555 245.257 7.04921 295.334 0.0821724 0.000121056 4.05631 8.03341 1.23431 1.25284 
0.000181335 0.45308 1.69069e-05 1.34629 0.000406226 0.0203543 0.0243138 2.05435 0.193016 157.553 0.59228 36.0534 0.000100781 0.00189757 0.880001 30.2784 2.18571 2.72881 
0.943981 0.0109781 0.0937984 2.2556 1.26248e-05 0.0204297 0.0109044 0.895376 0.134712 461.29 2.4572 21.2113 0.167675 0.00121421 1.18227 31.0216 1.7128 5.69109 
0.000139703 0.00233954 0.000165548 0.00210738 3.41578 202.119 0.0361188 0.562806 0.116475 1.89624 0.035569 127.262 0.00113441 4.10766e-05 2.36997 34.182 1.20767 0.722264 
