-273080.6537
-271426.4167
-271052.1803
-269907.303
-269718.243
-268425.7708
-268365.9663
-267310.0708
-267135.409
-267115.1857
-266946.4745
-266941.0499
-266656.3647
-266127.5284
-263735.8561
-263615.5827
-263521.4361
-262523.0744
-262329.576
-262156.1222
-260563.321
-260254.4698
-257054.5323
-256991.156
-256910.4836
-256289.2167
-256279.4285
-255838.7077
-254674.0917
-254376.5358
-252881.8644
-252396.0194
-252196.715
-252005.368
-251721.6024
-251137.2211
-250342.0265
-250207.0131
-249656.2048
-249563.042
-249201.1637
-248567.7769
-248059.3338
-247291.9302
-247194.9602
-247005.6534
-246965.8394
-246847.3156
-246499.4001
-245039.397
-244900.6554
-244615.4381
-243880.9168
-243831.2913
-242862.1877
-242799.1823
-242131.0185
-241976.5809
-241885.9824
-241821.3136
-241575.4457
-241405.0854
-240803.9505
-240487.0747
-239778.4154
-238959.0119
-238005.406
-237605.4815
-237010.8721
-235858.535
-235263.249
-234783.6739
-234662.6682
-234449.3326
-234177.4494
-234023.9823
-233359.5738
-232080.4801
-231092.4644
-230519.3763
-229675.0068
-229260.6031
-228839.5075
-228009.0883
-227784.8202
-227377.7398
-227329.4387
-227309.6316
-227303.091
-227047.2356
-226920.4157
-226693.8855
-226153.9265
-226111.9059
-225987.7191
-225268.9817
-224641.6697
-224576.2784
-224520.7391
-224143.1523
-223869.0434
-223826.1535
-223176.5971
-223088.2394
-221184.8709
-220944.6382
-220574.0973
-220403.7689
-220305.3894
-220294.0198
-220196.3858
-220156.0399
-219464.896
-219226.2641
-218970.4916
-217965.4318
-217256.1416
-217092.7168
-216856.7748
-216118.5998
-215910.746
-215605.0174
-215179.1757
-214721.5465
-214241.9404
-214134.7713
-214055.7166
-213767.4216
-212947.7599
-212811.3802
-212729.4708
-212344.4317
-211180.1056
-209971.1708
-209818.4653
-208021.0694
-207562.9294
-207162.0492
-205837.0126
-204079.687
-203352.7497
-203089.0072
-202654.4988
-201419.2411
-200640.377
-200326.9279
-199359.4133
-199180.5248
-198963.9327
-198151.1206
-197315.2583
-197308.8881
-197084.2244
-196624.6408
-196244.8978
-196139.1206
-195569.071
-194234.9023
-193912.297
-193911.0492
-193033.3974
-192734.3762
-192031.7837
-191759.4343
-190765.2474
-190644.6704
-189543.9613
-189069.2631
-188963.3063
-188179.7974
-187845.2085
-187152.62
-186754.2341
-186727.8254
-186473.2648
-185965.4935
-185673.8306
-184576.971
-183610.9356
-182991.048
-182950.7957
-181706.3259
-181516.3802
-181507.5198
-180517.2977
-180193.4009
-179729.8144
-179104.4981
-178993.2095
-178515.9642
-178310.8763
-177160.6282
-177157.4611
-177049.6117
-176100.3744
-175983.3075
-175922.6959
-174487.9885
-173918.2333
-173902.569
-173451.1039
-173313.0861
-172894.1921
-171977.0583
-170976.183
-170889.337
-170512.3902
-169685.6152
-168958.0458
-168944.2935
-168194.6247
-167286.6089
-167285.3517
-167244.6801
-167107.9503
-166958.639
-165199.0014
-164135.7256
-164124.6846
-163143.5103
-163043.8509
-163019.7464
-162682.138
-162670.9776
-162452.302
-162115.5609
-161581.1471
-161479.9597
-161066.5819
-160961.882
-160468.6057
-160205.9576
-159510.345
-159244.6357
-158975.8173
-158481.991
-156668.9638
-156482.925
-156289.32
-155824.8549
-155569.5314
-155517.2555
-155489.8025
-153668.069
-153157.5031
-153031.299
-152828.8927
-151490.2632
-149799.2987
-149033.9781
-148995.1195
-148505.1699
-147821.5927
-147819.9436
-146828.2703
-146494.3665
-145401.055
-143616.8991
-143438.8968
-141930.6538
-141615.984
-141355.2183
-140950.8053
-140192.1792
-139279.352
-139066.8594
-137233.9569
-137000.7498
-136028.2929
-135798.2904
-134861.8481
-134848.3671
-134641.3909
-134554.5764
-134312.9654
-133895.8375
-132609.9409
-132394.8562
-132273.3667
-130125.3602
-129936.3819
-129915.0405
-129822.1377
-129815.3927
-129527.576
-129464.9647
-129449.3564
-129366.0199
-129153.8827
-128341.0734
-128144.1436
-127824.8949
-127665.315
-127002.8465
-126459.4243
-126105.3663
-125228.0536
-124765.2081
-124467.7292
-123210.4558
-122282.8788
-121311.4052
-121265.2147
-120671.8725
-119784.447
-119305.8558
-119031.4589
-117563.3579
-117200.754
-117194.3279
-116888.7662
-116099.9417
-115964.6718
-115437.24
-114888.0438
-114736.492
-114577.6936
-114576.0322
-114519.7647
-114355.6472
-114070.0992
-112622.8795
-112543.9107
-111315.0116
-111083.3345
-110217.3469
-109886.2724
-108755.9819
-108592.9396
-108133.0437
-107964.8491
-107778.0776
-107777.0724
-107528.4229
-106664.7999
-106237.5749
-105833.559
-105501.3447
-105338.3377
-104814.3698
-104483.0931
-104089.7625
-103834.9173
-103532.2405
-103321.2762
-103219.9249
-100712.0202
-100182.389
-99977.90095
-99760.39634
-99522.07219
-99334.71557
-99081.48105
-98249.47175
-97258.73278
-97194.12976
-96965.31863
-96008.3692
-95556.46537
-94994.52007
-94675.80562
-94671.97268
-94111.07624
-94047.37028
-93815.52217
-93739.29617
-93718.02093
-93663.41379
-92179.64247
-91926.35342
-91864.03299
-91712.11983
-91116.75803
-91068.88947
-91005.40807
-89749.66231
-89466.93809
-89359.18748
-88977.09586
-88745.05986
-87660.36479
-87448.52816
-86148.47212
-85891.35176
-85225.67072
-85112.60774
-84902.88135
-84554.88529
-83975.44181
-83811.13347
-83211.31528
-83154.8974
-82983.99988
-82530.81154
-82152.36756
-81157.48867
-80798.61577
-79992.62203
-79750.84789
-79603.3081
-79213.14814
-79047.75474
-78926.94432
-78782.37425
-78699.68397
-77848.71912
-77328.518
-77298.11897
-77154.60504
-76915.67638
-76663.8333
-76257.46276
-75852.39218
-75219.52433
-74899.6233
-74889.596
-74752.12999
-74303.00567
-74145.0472
-73355.13694
-72228.00397
-71981.23373
-71567.17007
-70369.05879
-69817.15053
-69552.4393
-69534.35226
-68851.55391
-68230.72474
-68000.1382
-67496.65381
-67479.39382
-67087.77025
-66835.74207
-66388.38847
-66378.98602
-65298.27079
-64861.17507
-64662.3054
-64426.1034
-64380.02037
-64256.09601
-63384.85836
-63292.29207
-62127.81041
-61327.39174
-58970.86441
-58863.37266
-58626.1855
-58258.32602
-58085.26984
-57076.02244
-56842.6179
-56576.43769
-56037.07586
-55728.29997
-55650.21135
-55179.07477
-55025.55316
-54343.53239
-53528.67884
-52097.94565
-51820.54172
-50335.11499
-50068.73859
-49312.3276
-47263.9169
-47078.17651
-46734.12004
-46151.91792
-45563.41483
-45300.67508
-44982.85101
-44724.95983
-44472.06858
-44443.60219
-44425.78215
-44091.30377
-43330.48386
-41951.34908
-41632.05708
-41569.69315
-39737.59285
-38776.49156
-38638.54439
-38209.89091
-37713.42135
-35882.7081
-34690.30698
-34199.09106
-34111.166
-33833.42075
-33604.378
-33166.36641
-31866.00128
-31488.13825
-30175.50421
-28584.06934
-21451.92656
-20868.91898
