2.24496e-05 0.00195514 5.54448e-05 0.0153352 3.2461e-05 924.494 2.15466e-05 0.805136 0.0764691 19.5712 6.80536 218.558 0.320698 0.00241781 1.27445 6.81672 1.9392 4.40301 
8.38262e-05 1.17094e-05 0.303062 0.314939 0.00307638 176.882 2.0932e-05 0.420117 0.00452407 0.0252231 3.88846 183.94 0.0132449 0.0186679 1.34976 49.5452 3.01398 0.266372 
8.48113e-05 0.109441 0.000267853 0.00685989 4.11191 20.8732 0.000903321 2.39093 0.0648126 1.96265 1.3926 133.293 0.0942831 6.67945e-05 1.27233 7.86594 1.50195 6.97342 
0.769477 0.117879 0.000786669 1.51815 0.199403 0.168005 2.61541e-05 3.5413 0.421608 14.1203 0.53132 112.192 0.217733 0.00106376 1.7682 40.8912 1.23698 0.857279 
0.00101741 0.285122 0.000315697 1.50474 1.24397 531.945 0.0132583 0.0996766 0.11598 0.445128 0.0393722 31.8018 4.8025e-05 0.0119998 2.55092 24.2514 1.09034 5.24625 
0.00928805 0.0118331 0.723944 0.000919358 6.9949 1.23677 0.00295247 4.44022 0.482943 5.1151 0.0500021 80.5777 0.477321 0.0146412 0.92864 16.7559 1.85484 8.39369 
3.35223 3.53768 0.830364 1.8525 0.000299891 302.044 0.253004 0.0959788 0.318292 142.094 0.753386 59.8887 6.00061e-05 0.056741 1.53347 11.0337 1.42342 6.79756 
7.42983e-05 8.15221 0.00578837 0.227686 3.10784e-05 1.85904 0.000132593 3.40655 0.195236 30.1591 3.23347 289.32 3.18851e-05 0.00437556 2.07266 17.4712 1.36348 1.34664 
0.00233956 0.301206 0.000125906 0.110416 6.58791e-05 9.19153 1.22127e-05 0.503862 0.0103356 0.471265 1.11365 25.6243 0.00303942 9.73873e-05 2.44441 36.1515 1.31793 6.30789 
1.31777 0.000211542 2.08049 0.0459245 0.00759265 0.0296862 2.74017e-05 0.133369 0.00272776 0.0383364 2.35917 54.4979 1.44499e-05 0.000913008 1.10708 16.9865 2.37164 5.19025 
0.00153252 0.000211201 0.123441 3.92886 0.101047 50.1827 0.000911462 1.18058 0.165773 0.0134315 0.00970898 320.557 4.5326e-05 0.000916772 1.15527 7.49751 1.80548 2.23592 
0.254583 6.12612e-05 0.081436 0.0103219 1.0325 364.292 1.56443e-05 3.21779 0.109986 4.78474 5.00223 310.392 0.000205369 0.0213109 1.49637 6.23998 1.47785 5.88199 
0.780736 1.77801 8.38282e-05 0.0122122 3.83335e-05 5.80238 0.016683 0.995744 0.281525 17.4908 1.17053 62.9678 0.00391734 0.0019127 2.2395 10.366 0.878168 9.41148 
0.0359315 0.827863 8.59208e-05 1.63583e-05 0.306479 28.5518 6.59304e-05 0.504008 0.0530688 0.279317 0.635209 187.065 2.23971e-05 0.0191733 2.01225 4.13755 1.72491 5.93853 
1.01747e-05 0.00479443 0.108984 3.2422e-05 1.39613e-05 783.096 0.0155858 0.306493 0.0973987 3.90248 2.51162 497.341 0.116142 0.00261824 2.46134 2.06697 1.13475 5.32325 
0.0015829 0.000333354 0.78968 0.778837 0.978539 35.0609 0.0026378 5.87549 0.0451566 0.137045 1.58221 196.959 0.000168671 0.000329746 1.84299 16.1273 1.59575 5.78503 
0.00327474 0.00263634 0.00211462 2.4133 0.591077 336.501 0.360513 1.01503 0.960698 11.8642 0.029429 171.979 0.526485 0.000108582 2.32493 15.5989 1.37148 1.94747 
0.000696856 0.013249 0.0607911 3.10481e-05 0.000468749 40.5653 0.036646 4.26275 0.00964884 0.11551 1.08089 391.902 0.0123129 0.000335495 2.30118 43.3866 1.02686 3.1039 
1.29802 3.32688 0.287171 3.58704e-05 0.00168341 7.91701 2.11196e-05 0.598157 0.351734 61.2593 0.504101 94.8321 0.768982 0.000618846 1.06963 43.8076 2.55523 1.25143 
6.56955 0.00654559 0.000867611 0.0135959 0.10449 8.73235 0.613567 0.416186 0.0475987 4.92723 1.76276 261.767 0.0234266 0.00110642 1.55701 16.9245 1.13185 1.43216 
8.73058e-05 0.0644233 5.20711e-05 0.0192756 1.77434e-05 23.461 8.03658 3.34706 0.0468336 143.747 7.85614 83.0153 0.0153379 1.03123e-05 1.42065 49.1493 1.22734 0.867193 
3.3978 0.812446 3.87175e-05 0.057909 8.60943 0.0891753 0.00164593 1.38909 0.0213213 0.0299272 0.0988962 350.426 6.96414e-05 0.00201892 2.33959 12.8079 1.4077 0.547394 
0.000324224 5.78068e-05 0.000433409 1.22592 0.0239329 16.2157 0.000177772 0.135246 0.0494553 10.8126 4.17756 75.3141 0.380639 0.000133646 3.82463 14.8999 1.46228 6.67272 
0.00902396 0.00886406 0.000105113 8.62974e-05 0.0168671 5.57201 0.0178228 0.568832 0.227912 83.3098 2.12049 163.57 0.644205 0.0207825 1.21401 12.1924 2.3775 7.0637 
0.0135436 2.3008e-05 0.319081 5.09371e-05 0.368431 11.2888 6.87118e-05 0.160415 0.18692 360.88 7.84589 296.234 0.0491879 0.000768082 1.39043 11.2945 2.1121 1.03674 
0.105032 0.704293 2.49835e-05 0.000900279 0.00218774 4.29045 3.4107 0.663938 0.351266 59.498 1.62822 53.6089 1.16528e-05 7.88947e-05 2.27445 24.4121 2.16894 2.33176 
1.83611e-05 2.38901e-05 0.000883076 0.000855301 0.279708 73.6465 0.381513 0.230736 0.487156 3.95606 0.0387566 466.525 0.00012682 0.00607728 1.85366 15.9368 1.28966 0.508415 
0.00967065 0.000498854 0.000511489 0.0446635 5.96216 262.456 0.0018505 1.68904 0.0472865 12.5974 4.03947 59.0806 0.000165662 0.00958439 2.89346 21.5469 1.31434 4.58308 
1.93606 0.0327152 0.00331494 2.82301e-05 0.00024694 0.701289 0.0244201 2.82817 0.0918331 0.0933664 0.0204711 413.721 0.00282543 0.00124691 1.79102 3.56808 1.15684 3.91115 
0.00566491 0.460804 0.0797974 0.00577358 9.09798 137.199 7.38853 7.7718 0.273536 0.572888 0.0156791 55.9378 0.00675923 0.000293772 0.909702 46.9261 1.36604 2.56561 
0.0438183 5.60826 0.00547882 2.25336e-05 0.00277451 11.0433 0.000149799 5.33319 0.944956 136.832 0.862967 488.698 0.00135381 0.0053575 1.96624 40.5836 1.81286 0.274263 
0.862946 1.62534 0.00138191 4.9896 0.410666 190.572 1.70899e-05 0.46945 0.256423 0.600287 0.0628052 96.5807 8.62034e-05 0.00225134 2.87629 26.0449 1.69587 1.12742 
0.425995 5.94825 0.00396864 0.00968186 0.0144775 1211.89 2.77869e-05 0.861185 0.00457803 0.0172077 6.08973 56.2523 3.55573e-05 0.0166623 2.65257 21.7481 1.4996 5.0494 
0.0193548 3.08967 0.0102391 0.0889375 0.142759 294.003 0.0572675 3.9128 0.00646412 0.142514 2.76187 85.7103 2.52539e-05 0.00486532 0.832668 33.6413 1.92895 1.3188 
0.194383 0.0550465 9.82231 0.0147501 0.00011742 67.1956 0.000664456 0.581123 0.334255 15.9648 0.235519 415.414 0.00114673 0.0100081 1.27439 3.49755 1.76477 5.19296 
0.000176346 0.0105992 0.00214223 7.73994 0.0960261 11.6455 0.00233535 2.48148 0.167681 0.808581 0.0458948 383.393 0.00241811 0.00248811 1.39778 9.75043 1.22811 3.07202 
0.00217243 0.0530054 0.00293502 0.00047547 3.64867 0.410154 0.00924486 8.79361 0.127352 24.1145 0.72865 334.845 0.00028789 0.0679732 1.63271 15.4377 1.83431 1.19046 
1.25661e-05 0.00193624 0.0351643 3.61576 0.000469921 10.3675 0.114437 2.62751 0.012611 0.274238 0.872285 335.272 1.60236e-05 8.89446e-05 1.75904 16.9784 1.69432 1.19978 
0.000649258 0.000167273 0.000217847 0.00706348 0.000136634 3.92524 0.0839731 1.19858 0.00510173 0.0821351 1.60753 434.393 0.614186 0.000225648 2.92208 37.4689 2.25684 0.160142 
4.62202 0.00740566 0.451919 0.00168706 2.22177 62.6304 8.20379e-05 1.50977 0.0819882 0.0382746 0.0580746 198.041 1.09855e-05 1.48938e-05 2.63137 37.1378 1.45609 0.722922 
0.0305227 0.111358 0.03116 0.341555 7.96185e-05 591.942 3.77571 0.214711 0.216747 3.07383 0.0457505 33.4243 0.0187779 4.19315e-05 1.20935 37.2349 1.89852 2.84052 
7.44563e-05 0.356508 0.00202803 0.970214 0.991313 2.61169 0.00262565 0.676273 0.015156 0.292631 3.22336 168.254 0.00814863 0.0029821 3.70351 32.1644 1.67967 0.554436 
3.73072e-05 2.79689 4.59059e-05 0.0942482 1.64248e-05 11.7274 0.000811693 0.392146 0.436575 3.20967 0.0399706 326.985 0.0140446 0.000224421 1.98713 11.4492 1.4334 1.13638 
3.13225e-05 0.00181877 0.00625318 0.517639 0.000334945 13.0267 0.0202381 3.1393 0.116915 26.3234 7.39773 185.385 1.11936e-05 0.000170459 1.93715 29.8383 1.43205 0.558944 
0.422238 0.00241537 0.106056 0.053074 0.000229734 0.0269222 0.0128642 0.521979 0.00751446 0.0881203 0.123342 191.867 0.0116176 0.00406789 5.07134 8.40286 1.01159 4.66073 
0.00112668 1.55603e-05 0.0272186 1.41236 0.0115707 2.82588 0.000193167 0.0380678 0.210913 415.803 9.14022 122.125 0.000223257 0.00065386 4.8069 7.06208 0.939937 8.68132 
2.21926e-05 0.122617 2.85488e-05 4.06243e-05 0.442986 375.087 0.00928501 6.15968 0.812929 1.42388 0.0487919 89.517 0.000157067 0.000303546 1.47027 19.9675 1.36215 1.69432 
2.56426 0.00174928 0.921472 0.000286729 0.0125729 0.368991 4.72011e-05 0.332524 0.130796 11.4857 0.206228 232.686 0.000632667 0.00266981 0.898487 6.2438 1.61999 2.98211 
1.02284e-05 5.35063 0.413747 0.151461 1.35295 0.0355797 0.0235503 6.1931 0.124488 53.7731 4.24154 97.2361 0.00116359 0.00230292 2.10051 9.85944 1.14969 4.84759 
0.0924562 0.000921331 0.657448 0.000111247 0.00424504 0.0372873 0.0881238 0.451543 0.204832 2.12973 0.0102324 391.214 0.00856452 0.000249908 1.46872 1.25236 1.12204 7.96034 
0.0574997 7.26018 0.985853 2.83612 0.0102565 457.8 0.000557277 1.96564 0.136409 0.280265 0.0115314 37.9907 0.0123076 0.0247234 2.76661 29.7883 1.63771 6.95211 
0.000756308 0.0512591 1.05705e-05 0.00761334 0.00586168 236.318 0.00028983 0.435556 0.0756363 1.01335 0.265515 119.531 6.43367e-05 0.000213785 1.88136 7.82272 1.11816 9.90449 
0.138914 3.27694 0.648209 0.0676027 1.70802 1.29156 0.385451 1.39624 0.012069 0.19959 1.38468 19.2998 0.00399722 0.000121084 0.96308 48.8095 1.71153 3.5621 
7.54648 0.026745 8.3646e-05 0.00379486 2.41465e-05 432.669 0.350361 0.0726804 0.012943 0.157649 0.192479 396.131 0.249224 0.00116702 6.5464 7.04738 1.13416 1.80173 
0.00135576 1.3751 0.684295 0.145034 0.748815 60.7075 0.00180269 1.57107 0.0150276 0.0250614 9.05086 18.6015 9.24374e-05 0.00093797 1.98708 27.4767 1.29504 8.39298 
0.00339868 5.52864e-05 0.000547379 0.0267381 1.14175 0.0297267 0.0965476 2.73347 0.0381137 0.416161 3.27454 456.825 0.000149801 0.000500423 2.40635 1.32364 1.13999 8.60369 
5.14267 2.38013e-05 0.181799 0.000391059 0.000347092 0.0268316 0.00357721 1.24123 0.381766 118.835 5.21956 42.3872 0.000189006 0.000171199 1.21032 48.9021 1.68682 2.82727 
0.00492992 0.228264 0.00332583 0.0263729 0.270782 0.252953 0.968858 5.50354 0.753557 54.6962 0.0886758 73.1029 0.000188208 0.000185085 1.17209 30.9546 1.56327 1.83735 
1.4421e-05 3.07516e-05 0.000385429 0.0266334 5.41224 0.0637812 0.00390687 3.7897 0.156338 56.5835 4.44903 123.137 0.0358001 0.00270327 1.57876 34.3635 1.50765 0.909537 
0.00211791 0.00814908 0.342825 7.63413e-05 1.27782 36.0741 3.16397e-05 3.11254 0.121582 19.5094 5.15005 258.211 0.0244341 5.17938e-05 2.36001 8.43875 1.33782 2.3483 
2.76216e-05 6.0525 0.327302 0.328378 0.0371989 67.6629 1.70721 2.83643 0.00355009 0.0327649 4.42707 338.177 8.34215e-05 1.09707e-05 1.7611 28.4585 1.24095 0.922656 
0.000361783 8.87523e-05 0.00728146 0.184003 0.358552 0.0151491 0.00197209 1.65392 0.0906837 0.984438 0.0554053 486.348 0.010381 1.11391e-05 1.32462 1.75108 1.57777 4.58309 
0.375165 0.617067 0.0940178 6.09804 1.36383 0.646096 3.07567e-05 9.4434 0.33865 1.39578 0.0308786 223.216 0.000116896 0.0090321 1.29931 16.4665 1.89939 8.30094 
0.000219188 0.301156 9.18841e-05 1.326 0.0268879 2110.84 0.518202 4.19053 0.0372422 0.0766253 0.400012 76.9463 0.00021366 0.00227351 1.04667 16.5513 1.4831 5.7663 
0.108673 2.22237 0.000459789 0.0318516 0.195981 169.777 0.00156871 0.34744 0.881785 177.786 1.23808 28.1266 1.01156e-05 5.20228e-05 1.00218 29.4779 1.47823 3.64366 
2.39304 0.011321 0.207889 0.0131602 0.189014 8.56991 0.00182513 0.372565 0.00619933 0.286449 3.38819 143.476 8.61915e-05 0.00840668 4.9712 13.404 0.924464 3.28551 
4.70132 0.00377418 0.186597 0.00115968 0.000995426 66.5469 0.000258325 0.116686 0.0280269 0.287251 0.579041 276.163 0.0234547 7.59692e-05 4.38031 8.23681 1.08568 1.01965 
0.897922 0.117725 0.87257 0.939153 3.04084 0.535077 0.623101 1.07091 0.0178028 0.955409 0.420076 199.879 2.68557e-05 0.00236646 3.51808 5.87159 0.981875 8.06515 
2.70042 0.73749 0.000505765 0.145618 4.05649 73.4311 0.275045 0.820571 0.0330265 3.09827 1.61224 129.06 0.00177696 0.000784146 1.62491 7.54766 2.08297 7.16938 
0.00646453 1.10967e-05 8.4941e-05 0.00151096 0.770818 4.16655 0.0084096 8.30628 0.32066 7.4139 0.388017 460.407 0.11825 0.00141143 1.81489 29.1973 1.3974 1.18443 
0.0428752 0.000214245 5.3101 8.59285 0.00957649 0.0654237 2.30282e-05 2.63863 0.309803 1.43643 0.011282 324.724 0.000717826 0.0126142 0.931167 7.79044 2.52508 1.72404 
0.00226296 0.000641549 3.59093e-05 0.0300196 0.000167899 0.0119897 0.017431 1.67224 0.00718121 0.0830243 1.21463 375.276 0.000137406 0.00291976 6.53989 18.4938 0.973918 0.882957 
5.21995 0.000569868 0.000253171 0.000940641 3.05132 2532.38 0.0104571 0.452303 0.114403 3.5862 0.443589 252.588 0.00288303 0.0280157 9.20775 9.82024 0.990642 3.97925 
8.1345 0.358643 0.000357257 0.00103659 1.16922 1921.37 0.0388932 0.964804 0.125966 9.41526 1.05884 75.3985 3.32563e-05 0.0166246 2.41497 40.8652 1.45785 2.41881 
0.000105257 0.356877 0.00774121 0.000847706 1.22319e-05 1.9857 0.00104418 0.80425 0.0252574 0.0845047 1.13394 53.705 0.00488797 0.000273577 2.56792 14.4306 0.928328 5.7986 
0.0151357 0.21286 0.00962128 0.0153802 1.54318 2.83618 1.7274 6.09863 0.0950716 2.09931 0.0730272 123.504 0.0258245 1.40115e-05 0.887139 19.0479 1.70024 2.02779 
0.00565269 4.65186 0.366689 2.28837e-05 0.000556299 2.54926 0.00158328 1.09361 0.269968 0.578793 0.0820759 423.134 1.45267e-05 0.00740172 1.23543 5.28979 1.65126 1.84783 
0.00164871 3.02962 0.714093 0.246236 0.71163 634.228 1.65065e-05 4.85684 0.122855 2.54989 1.46885 308.816 3.48229e-05 0.00243503 1.12227 12.6529 1.37212 5.53893 
0.000445527 0.00172389 0.00584787 0.00103963 0.00581521 0.013525 0.0176226 1.95291 0.00290075 0.066589 5.08588 33.2129 0.0385001 6.01333e-05 3.17758 25.1319 1.34003 9.23267 
4.08279e-05 0.00140227 0.00806448 8.08626 0.0817372 1.30216 0.0613342 0.948356 0.421974 0.866806 0.0124019 39.3872 0.000139425 2.97329e-05 1.79761 32.3611 0.984121 3.78937 
0.000883649 0.00595076 0.00205151 0.000312352 0.0166697 10.8235 2.15831 1.91286 0.933963 2.55566 0.00711894 17.5795 0.00368422 1.60467e-05 1.8696 28.3124 1.30725 7.02078 
0.00468277 0.00447744 0.421891 0.000374703 0.0028448 2938.96 2.68918 2.5173 0.10489 2.22912 0.0325394 445.975 2.39916 0.0159665 1.2448 8.04212 2.15034 5.16359 
0.0131562 0.0367002 0.0026091 0.00463665 0.475419 132.504 0.00575141 1.29794 0.101112 8.01396 1.09974 375.235 0.000202402 5.0233e-05 1.18378 2.77697 2.09814 1.94846 
0.00603884 0.0266811 0.00301478 4.0713 0.000126608 0.116856 0.00125087 0.0317699 0.0802295 173.769 5.97338 66.7201 0.000236158 0.00885798 1.5824 19.9209 1.24245 1.3854 
0.0146645 7.52309e-05 2.00816 0.000353477 0.0237524 237.989 0.0468655 0.101406 0.0190708 0.0311314 0.466947 181.051 5.93391e-05 0.00023633 1.11043 35.5679 3.43291 0.670071 
0.000144922 0.00010821 0.000128705 4.22549e-05 0.122006 0.0118051 0.000109014 1.62425 0.00614413 0.025066 2.74789 253.713 0.00183051 0.00426513 1.66541 10.6268 1.2098 4.64795 
0.000227084 1.86345e-05 6.06398 6.91132 0.750692 0.0681078 0.0326426 3.54205 0.0300661 4.25618 7.06089 85.4501 0.000544142 8.92672e-05 1.81141 41.1669 1.19653 1.74303 
9.62954 0.943123 0.222601 0.000347111 1.55921e-05 45.901 0.0104527 0.233568 0.61519 301.332 2.06877 16.0734 0.114038 0.000969662 2.0094 37.6797 1.50782 7.88238 
0.000106566 0.0181494 0.0104889 0.0006332 6.13647e-05 201.802 9.1937 0.169769 0.0535575 0.405269 0.548324 191.84 0.214915 3.32418e-05 1.48385 4.50578 1.73923 7.16614 
0.000246631 0.015378 0.0358111 3.6591e-05 5.00387e-05 0.0474491 0.000406078 1.18872 0.675975 181.689 0.722325 380.656 0.0171977 0.00247376 1.78646 8.44112 1.7081 0.903257 
0.00261208 0.000182359 0.0046799 0.0159865 1.49797 0.101901 1.47096e-05 2.37771 0.076162 2.88651 1.95639 478.726 0.000915345 0.000274519 1.28438 16.1072 1.42582 1.10719 
0.00079598 3.28093 0.936657 4.99048e-05 1.18972e-05 0.0582136 0.0387565 0.349581 0.0918775 2.2219 0.228137 157.274 2.22705e-05 1.62031e-05 1.31608 45.0558 2.14333 0.408336 
5.64706e-05 1.19467 2.73732 0.023938 0.00619483 15.4346 0.00165762 0.480595 0.174455 6.03978 0.90216 131.566 0.00716421 0.0130123 1.74624 13.235 2.32226 1.34758 
0.000628792 0.0020423 1.0554 0.184786 1.71841e-05 4.60092 0.000815866 0.133629 0.202021 47.9028 4.1762 21.4237 0.000505689 8.01348e-05 1.03358 27.9364 2.15398 3.90798 
0.000136826 0.000197528 0.00309231 3.91158 1.09904 0.0923744 3.38161e-05 0.603177 0.0458775 0.795883 0.134445 84.1122 3.68401e-05 0.000930258 2.32536 39.8867 1.78302 0.956328 
0.000121265 0.00156246 0.295744 0.191453 1.09142e-05 301.436 6.20476 2.74726 0.17783 1.40778 0.304745 375.049 2.75385e-05 0.000348855 1.69837 9.94613 2.19695 0.653732 
4.09464 0.000669487 0.0259726 8.2058e-05 0.0149425 941.914 0.000191298 1.38048 0.152161 5.48266 1.7515 142.996 0.000331541 3.17708e-05 2.52946 20.9646 1.63342 1.04495 
0.00774184 0.362294 4.51177 1.25579 0.00835947 0.0158433 1.23306e-05 4.31631 0.287809 3.7079 0.0881765 123.143 4.87168e-05 0.000552606 1.61933 46.3665 1.77571 1.46169 
0.643418 0.165928 4.23431e-05 0.205429 0.0158828 27.9503 0.0002394 1.40939 0.482637 5.22737 0.335686 219.441 0.00486545 0.0103499 2.73265 6.29987 1.22807 4.55856 
0.000181168 1.0903e-05 0.0787893 0.0561009 0.00734187 2.1067 5.36927 4.21527 0.384303 3.99434 0.232026 97.4623 0.0250928 0.00336908 2.25553 29.8135 1.65535 1.67936 
0.000581782 0.00309452 0.354205 6.68226 0.503802 0.0127762 0.000238498 1.47693 0.153349 0.44388 0.152939 76.172 0.00213806 5.54337e-05 1.68444 9.77069 1.45897 9.19994 
0.00030359 0.000107462 1.65602e-05 0.00941934 1.71684e-05 71.3158 2.93576e-05 0.121399 0.0314259 1.13435 0.0349588 190.18 0.0318518 0.00521114 2.30974 4.69872 1.01845 7.6455 
0.00950223 1.14483e-05 0.0513015 0.00016167 7.42816e-05 0.481658 0.000289614 0.891887 0.051894 0.694356 2.08008 292.423 0.00175701 2.9268e-05 1.75114 26.7762 1.26721 0.691441 
0.404181 0.000110194 0.000850285 0.00792192 0.00142046 297.013 3.07727e-05 1.47531 0.331124 0.375496 0.0229165 486.573 0.0202138 0.00261138 1.98268 1.86239 1.24288 4.4023 
0.0230241 5.1819 0.193032 0.476153 0.38918 1.5991 4.60049e-05 0.228429 0.121559 0.718152 0.215838 61.3777 5.9737e-05 1.30729e-05 1.51547 22.5591 1.32918 2.8101 
5.14978 0.072355 0.00231268 0.000291808 0.00100245 4.26644 0.000220998 1.87088 0.0252999 1.27833 1.33332 442.814 0.00128741 0.0137547 1.31806 4.98951 1.09357 9.71735 
0.0248002 0.00272094 0.35581 3.10972 0.00564395 5.78628 0.00908112 0.180729 0.276123 21.6262 0.834599 202.407 3.60708e-05 0.00054319 1.36638 15.1541 2.21256 0.579295 
0.0779777 2.23414 0.233688 0.000975532 0.0100746 113.648 0.000133241 3.74778 0.640452 278.238 8.79315 66.9024 0.00019306 0.000244909 1.37688 49.357 1.6218 1.26727 
0.00327358 0.67359 0.0247816 0.0158965 3.08602 2727.02 0.127279 0.143475 0.183948 0.0158539 0.00134101 182.131 0.000852003 0.00030928 1.63005 31.3608 1.85508 0.476578 
0.00213864 0.275896 0.000250196 0.00417756 4.15971e-05 0.122971 0.273392 0.389629 0.00893441 0.0192166 0.367346 109.178 0.0355411 5.94471e-05 1.58997 19.3489 2.33012 1.66413 
1.22423 0.0108814 0.631202 2.57317e-05 5.21674 238.921 0.0583913 0.351956 0.0920357 88.6108 2.27408 230.887 1.42604 0.00282641 1.86866 41.599 2.008 0.386572 
0.0513724 3.28458e-05 0.00418848 0.000106998 0.00886428 1958.33 1.9267e-05 3.91416 0.467424 17.4206 0.794997 335.489 0.00428514 1.26162e-05 1.93083 15.1194 1.8627 1.32154 
0.0103257 0.785965 6.45321e-05 1.46197 0.0816499 183.246 0.000137881 0.113702 0.0440349 2.48512 1.09746 149.231 0.00124573 3.31492e-05 1.70236 4.60372 1.51489 7.83645 
0.00443146 0.698291 0.302971 1.1544 2.66431e-05 0.863643 7.76956e-05 0.524776 0.898217 2.38629 0.0477187 121.338 0.388833 0.000629571 2.4729 15.2731 1.3583 0.751658 
1.64537e-05 0.062652 8.06633e-05 0.00413591 0.0807657 44.9283 5.03092 0.100466 0.0331797 0.274266 0.269244 280.05 0.0281643 0.000193626 1.30327 18.7294 1.70942 0.739327 
1.68984 0.237142 2.31869e-05 0.230246 7.68248 0.124973 0.000148523 2.3305 0.00865674 0.127358 0.438659 376.136 0.0587226 0.0254309 2.47031 9.81312 1.02545 0.912328 
0.112372 4.49662 0.000604469 0.0251868 0.00355206 965.468 0.00476325 7.27079 0.0207247 3.5817 3.53602 301.471 0.174213 0.000950094 1.73883 6.88965 1.37413 6.16739 
4.91068 1.8154e-05 0.0567806 0.000148409 1.45522 68.8964 0.000967093 9.25441 0.0489705 0.773407 0.431728 91.103 0.000106687 0.00173987 0.929222 31.0063 1.87335 3.28132 
7.62161e-05 1.47859 0.000417349 0.180534 0.31487 1468.82 0.0159699 0.844631 0.26455 144.713 0.352868 379.331 0.624969 0.00315864 1.55856 8.51668 1.31209 1.61004 
2.77558e-05 6.91268e-05 0.00959363 6.94103e-05 4.67352e-05 0.384249 0.0263308 0.333099 0.0462592 3.94369 0.123326 30.4974 0.00700133 0.000116508 3.47736 22.3826 0.79513 7.37807 
4.81974e-05 2.02355 4.15606 0.000150037 0.00194194 1226.21 1.23005e-05 0.593013 0.70648 3.24039 0.0301442 165.416 0.0480475 0.00210194 3.18334 4.10723 1.04843 5.01468 
0.0352758 2.28221e-05 0.00383949 3.3973 0.179389 0.0184847 1.93641e-05 1.36432 0.0930482 2.08815 2.46338 217.997 0.000647378 3.77513e-05 3.92842 30.9396 1.47033 0.514035 
1.16917 5.13677 1.54513e-05 6.94623e-05 1.72579 115.938 0.610921 0.581866 0.0520161 0.535604 0.229256 45.2204 1.34557e-05 0.000197956 1.48478 22.8646 1.71106 2.58626 
5.30185e-05 0.00141148 0.243439 0.0011923 0.000457111 748.348 1.42049 1.06432 0.0917911 0.218529 0.186056 51.8557 0.00164502 0.00199386 1.87928 37.8388 1.51555 2.41614 
1.42869e-05 1.99822 9.63669e-05 0.0390258 6.40346 105.237 1.36019 2.34598 0.0125159 0.200709 1.68091 332.817 0.000822137 3.12476e-05 1.01905 29.5066 1.60113 0.586554 
0.0223068 0.0354138 0.0138317 0.00502042 3.1635 321.46 0.000141234 0.22842 0.134456 52.3467 1.63609 172.514 0.522489 0.0263179 2.28631 46.0747 1.53923 0.32814 
4.57628 0.000314703 0.000426919 0.00357235 1.8098e-05 1440.62 9.9981 1.70799 0.0489184 3.56938 0.837916 135.024 0.00296798 0.000113267 1.92156 40.757 1.0973 1.94975 
0.0961275 2.89481e-05 0.000629568 5.05053e-05 0.11948 534.919 0.0246815 4.477 0.350464 8.53288 1.18938 303.376 0.00303572 3.38723e-05 2.11399 11.8718 1.17845 3.2866 
0.0189439 0.849916 0.00109531 8.75895 7.88372e-05 1861.22 0.0656892 4.62383 0.0356561 0.442011 2.14349 424.034 0.0109668 0.00635881 2.62667 7.33526 1.2199 3.0526 
0.00285306 3.11778e-05 0.184669 0.0756669 4.48271e-05 0.561204 2.01155e-05 9.46028 0.0368567 5.19849 3.5772 404.696 3.35732e-05 0.000156757 1.11321 47.2995 1.24537 0.685067 
3.07093e-05 4.38423 0.00149833 8.53813 0.000175728 0.672529 0.00168847 1.91707 0.0238154 0.0988336 0.256766 240.566 0.000119945 0.00951804 2.34767 22.2899 1.28582 0.5215 
0.00166486 0.169153 0.204455 0.000106659 8.56558 1227.41 0.00431555 0.316853 0.0818461 1.715 0.304541 196.202 0.0866919 3.23384e-05 5.42948 39.5531 1.63915 0.482131 
0.00483399 0.000292672 1.03358e-05 0.000261792 0.0576636 96.8613 0.0613955 0.756537 0.819371 3.03386 0.019535 241.15 0.00559046 0.00117574 1.20165 18.0214 2.21332 0.791375 
1.56314e-05 0.000682816 0.106488 0.000111448 0.000434544 44.5145 1.06264 0.0327987 0.239583 2.24618 0.0549767 73.1865 1.05089 0.00452508 3.1497 14.5329 1.10334 5.68792 
0.619071 8.3317 2.33762 0.00024299 3.08152 0.0890981 0.0333003 2.76103 0.961478 6.66003 0.115668 211.91 1.73409e-05 0.000615335 1.46997 5.863 1.36386 2.3815 
0.00265398 0.00143917 0.00663389 8.93199e-05 0.00312448 3.12165 2.13522 0.476986 0.05194 3.74477 1.10118 247.758 0.000104038 0.00299888 6.50495 36.7648 1.2221 0.455427 
0.00239985 4.78052e-05 0.0529178 0.00036172 2.82435e-05 120.156 0.000276494 1.04631 0.0206525 0.0308871 0.0102679 38.7637 0.00665769 2.67852e-05 1.45485 34.9515 1.27107 4.27935 
0.0736782 0.000343243 0.025928 0.26308 0.0134588 709.623 2.31703 2.70465 0.782528 5.81571 0.168767 451.543 0.986823 0.0014018 3.90801 22.6914 1.58048 0.753184 
6.81841e-05 1.31849e-05 0.0040781 1.00183e-05 0.00105033 31.5468 0.249099 7.70218 0.86735 253.804 0.48543 210.275 0.596459 0.000143289 2.24885 28.7132 1.43624 0.468572 
0.00143093 0.0389461 1.36442 0.000425828 0.840433 0.123123 1.69586e-05 1.42798 0.0192116 0.785433 1.7575 338.109 0.40011 1.41003e-05 3.62006 5.25416 1.24504 2.50743 
0.00728735 0.999123 2.59153 0.00192619 0.0575208 135.509 0.0033707 0.677776 0.0217522 0.385398 0.79148 489.452 0.00277823 9.41276e-05 1.93267 6.24414 1.39159 2.95935 
0.754674 0.28351 0.000665509 0.0451512 0.0387417 28.9078 9.00447e-05 0.658787 0.0344052 2.28963 4.39258 398.951 0.00598739 0.00261512 2.30389 5.20715 1.62265 1.48904 
0.000238151 0.031731 0.00142674 1.31981e-05 4.98446 4.36242 0.00011282 1.54309 0.00831501 0.0391395 0.197194 56.4437 0.000264682 0.0317631 1.47384 35.6725 2.63001 1.4609 
0.804493 0.0688382 0.00754406 1.94154e-05 0.00257829 1.4935 0.174421 0.223703 0.502538 145.928 0.663981 114.379 3.874e-05 0.0216429 2.0212 16.2678 1.92546 2.05444 
0.370221 0.00310549 0.00536097 2.71811e-05 0.0165954 144.927 0.00232325 1.72152 0.0452505 0.410111 0.228088 163.253 1.88505e-05 3.3786e-05 1.6176 41.943 1.15197 0.8609 
7.90302 1.10299 0.00337899 8.00481e-05 6.89885 5.22501 0.000222787 2.75518 0.658006 0.954297 0.00492653 68.819 0.479558 0.0272635 2.76382 13.5924 1.18898 5.76867 
0.886805 4.87175 0.0020719 5.74977e-05 0.0784899 564.363 0.0123396 3.3126 0.338692 4.07549 0.038003 437.233 1.60766e-05 0.00146141 1.43385 15.0386 1.42462 5.06978 
0.561845 1.41908e-05 0.00238136 8.9977 0.00509962 1519.33 1.24873e-05 4.96886 0.13778 0.136733 0.0538596 407.983 0.00214265 1.03264e-05 2.05139 15.4143 1.26332 0.503588 
0.0462105 0.00195549 0.0102464 0.0288189 0.000112153 7.46309 0.17163 0.295485 0.200171 11.9224 0.573216 46.6454 0.0170263 1.56271e-05 3.11443 30.5509 1.026 3.25363 
0.278884 2.9557e-05 0.00162805 0.00264056 1.03141e-05 779.969 0.00414715 1.24015 0.0051309 0.0542287 1.5863 175.414 0.00347668 4.20375e-05 2.18526 42.7408 1.55203 0.991988 
1.13983 0.878952 3.59188e-05 0.0511576 0.000184026 823.289 3.1306e-05 0.417595 0.132911 2.03866 0.0668013 36.2033 0.000763264 0.00826827 3.5951 25.7404 1.12872 7.44812 
0.0697163 0.00466787 4.57087e-05 0.000414409 0.140478 37.8776 0.00075327 6.17774 0.169946 2.47277 2.78874 441.609 0.124126 0.000849532 1.87834 3.10183 1.34131 2.23776 
4.73783e-05 0.000252423 2.97309 0.000169241 3.47241 520.386 0.00274898 1.91301 0.0255101 0.402691 1.06233 494.968 6.4076e-05 0.0178163 4.25284 49.3438 1.44436 0.565805 
4.23873e-05 0.000286394 0.15021 0.000134752 0.000367433 0.946597 1.00983 0.459462 0.266904 138.471 0.338311 75.2646 4.53042e-05 0.000290881 1.163 20.8718 2.6475 2.45649 
3.79067 3.2516 0.709667 0.000951461 3.3631 13.3903 0.000538843 1.03292 0.00265292 0.262593 1.52667 27.0169 0.000799862 0.00144369 4.06021 39.7582 0.987898 6.25551 
0.26815 0.00534178 0.000232464 3.3385 0.000108346 0.0472559 0.131921 0.481829 0.0847909 3.89471 0.0771392 170.052 2.95534 0.0812581 2.14259 5.031 1.75026 9.22629 
7.93587 0.0146586 8.31984e-05 2.69988e-05 4.11385e-05 10.8942 0.0215022 0.364777 0.0195471 0.154402 2.63027 240.347 8.54888e-05 6.67744e-05 1.23093 4.60845 1.35679 4.85378 
0.00798323 0.989042 0.00346458 5.7797e-05 0.0315756 14.6142 1.83374 0.140077 0.00387082 0.0409758 5.67576 40.59 0.000144941 0.00469184 4.5373 44.3606 1.18028 2.28832 
0.322845 0.237946 2.50133 0.00101944 0.723449 0.38111 0.079921 4.2786 0.140308 5.31591 0.710325 20.5895 0.000555821 0.00224789 1.28223 42.9626 1.14854 5.25159 
0.00019736 0.0345759 0.00368872 0.000221642 0.00182165 1.72037 0.000440982 0.984366 0.099458 4.96197 0.849851 369.842 1.13496 0.00994597 1.22798 22.6054 3.81019 0.596106 
0.000511341 5.76243 0.000830749 0.00199697 0.000847886 1461.6 0.0898523 1.60312 0.0288564 3.35887 4.82631 492.415 0.162144 0.000703352 1.31621 5.4098 1.96563 3.30165 
3.19241e-05 0.00974507 5.90806 0.289282 7.99816 23.2472 0.274388 2.00582 0.40944 173.809 0.333972 74.2712 1.32231e-05 0.00236218 1.3757 44.6779 1.15803 3.09855 
0.000787184 8.07117e-05 0.00326263 2.66446 0.0460836 577.782 0.000179418 0.365917 0.0961915 17.3117 0.188274 145.185 0.00124016 0.000190228 1.71275 10.0302 1.06353 2.68151 
0.000160302 0.629469 0.015104 0.00159021 1.1774 53.9516 0.000553489 1.6835 0.195097 183.573 3.94545 116.634 0.136241 0.0453861 1.02549 35.578 2.54563 0.640592 
0.00291121 0.00271906 7.66964e-05 0.00161287 0.479059 26.9133 1.27744 1.9037 0.184849 1.29012 0.342303 188.585 0.000292847 0.000638121 1.1453 9.41198 1.78636 1.68889 
3.76309e-05 0.00214942 0.00108459 0.0138825 0.000154609 0.020451 5.27146e-05 7.58184 0.0342623 0.18426 2.12604 145.079 0.000316184 0.00141227 1.32021 22.721 1.57127 5.00499 
0.0193909 0.0166327 0.0176721 0.50163 0.285432 15.4505 0.000118068 1.8192 0.594017 118.278 1.0353 281.58 0.018761 0.00023693 1.43521 14.7675 1.62967 1.06671 
0.476566 0.000825479 5.29966e-05 0.684736 0.00150012 0.515508 0.126967 1.46297 0.234968 370.418 5.33774 405.362 2.27119 0.000103801 1.5284 5.48748 1.40117 2.31133 
0.0924855 2.7486e-05 0.00138848 9.52947 7.15803 0.0303697 0.000509724 1.81175 0.293109 3.71263 0.0786141 94.4425 0.00485579 1.67193e-05 0.930067 45.1328 3.64772 1.37453 
0.000817184 0.00370897 0.00418232 2.36194e-05 0.0183497 114.666 0.0585796 0.170925 0.0141525 1.53944 0.578173 25.6493 0.0021642 0.000511212 1.44621 24.0176 1.56476 6.71335 
0.00133843 3.64153 0.039714 3.26685e-05 0.000120906 106.676 9.35342e-05 1.717 0.00673943 0.0415425 2.0816 204.136 0.00279656 5.04599e-05 1.369 15.7809 1.82678 5.10202 
0.11997 0.505929 3.94861e-05 4.74389 0.540685 90.9369 0.00120837 7.19127 0.0957547 11.4504 1.56011 115.667 0.00139635 0.00567535 1.41733 37.7244 2.10321 1.0792 
0.395426 0.00056733 4.35215e-05 1.97291e-05 6.4711 485.069 9.82845 3.6419 0.00933665 0.294825 8.16675 207.941 0.00252344 0.0221586 1.40609 18.4758 1.83692 1.93008 
0.000731816 0.000667529 0.332309 0.00431171 0.000168889 0.368065 0.126346 0.475332 0.816218 1.44141 0.00116451 148.984 0.393576 0.00626912 2.49603 9.70944 1.26151 2.18557 
4.74531e-05 0.0133704 2.21479 2.03774e-05 0.0439963 0.168915 3.77958 0.625445 0.0228481 0.0238615 0.0691038 413.216 0.000118891 2.8728e-05 1.24125 14.4014 2.58949 0.532011 
0.038045 0.000235009 0.000237676 0.901638 0.233684 702.618 0.00023171 0.535074 0.0302781 0.293997 1.38608 164.185 0.166765 0.000110988 1.85229 14.7991 1.46055 0.839952 
0.00092321 0.00010838 6.0866 6.81498e-05 0.878727 0.386388 1.28089e-05 2.86015 0.471697 48.2249 0.612629 481.333 0.105991 2.86522e-05 2.91968 14.0901 1.2633 0.871087 
0.065876 0.054114 1.58012 0.00180639 0.0169206 522.691 0.0159013 0.19323 0.00686479 0.0331351 2.28653 94.9733 0.011153 0.0730231 1.28862 12.7139 2.01358 1.92873 
0.0167313 0.000200036 2.59196 0.0489847 0.625188 162.502 3.09861 0.129638 0.137703 1.8736 0.220184 479.207 0.000516211 0.000471748 1.03492 8.98804 3.79633 0.88778 
0.84401 0.0506225 1.58348e-05 2.06835 7.86429 3.91973 0.192835 0.686776 0.0326836 0.105484 0.291355 416.9 0.0954854 0.0365327 1.39669 2.41367 1.69356 3.39002 
0.0525634 0.954515 0.00289279 0.00293119 0.0809174 0.0551605 0.00664619 0.884105 0.0230186 0.060894 0.513375 375.219 0.0019772 0.00388577 1.42192 5.11402 1.28961 5.80769 
0.000316474 0.0128693 0.0600019 0.380255 0.00467918 938.653 0.00338901 0.102373 0.132314 3.13959 0.0487532 24.6867 0.805178 0.000797028 2.29106 39.4102 1.46659 4.19676 
0.000298137 9.6602e-05 0.000119741 0.0186794 0.033171 0.0398719 1.32289e-05 0.704667 0.00493468 0.0126321 0.987918 493.781 0.0309723 0.000351831 8.817 7.59316 0.983926 1.81629 
0.000802809 1.49735 0.0647932 0.00281278 7.05843e-05 3.85774 0.0198265 0.291478 0.0198719 1.24112 2.68211 401.686 0.00201432 7.7591e-05 4.34918 37.7491 1.25708 0.303501 
0.391017 0.025696 0.116455 0.775836 0.000330671 81.437 0.000525194 0.617232 0.173946 0.443936 0.0471538 48.2019 0.000228146 0.000891803 1.04796 19.347 1.82299 5.62352 
0.0206816 2.55587e-05 0.103209 3.36673 0.000575798 2955.3 3.45764e-05 0.285525 0.928622 74.4326 0.221776 77.9702 7.94437e-05 0.000285479 2.06497 26.9069 1.68948 1.0503 
2.99404e-05 1.79135 7.24553 0.0390311 0.0171244 1027.67 0.000295152 3.66369 0.503015 84.3191 1.58675 164.125 1.34724e-05 0.00024801 1.72455 29.5538 1.23443 2.10647 
0.282838 0.00369272 5.49339e-05 0.00886032 2.07314e-05 0.0619511 9.1553e-05 0.177642 0.0432354 12.0469 1.56646 497.147 0.000172175 0.000731091 0.989361 7.69853 2.81218 0.690587 
5.74108e-05 9.32602e-05 0.00235817 3.59521 0.020694 0.387869 1.2233e-05 3.07231 0.148015 231.567 4.59139 160.386 0.2247 0.000508263 1.19739 17.4043 2.55962 1.65187 
0.234024 3.88132 0.245256 0.00506113 0.00757017 0.357563 0.0204095 1.29094 0.264943 0.770835 0.186145 227.151 0.507004 0.00244952 1.10099 6.75959 2.37657 6.49266 
0.00168619 0.256757 6.10576e-05 0.107703 0.000221737 1400.08 0.0937689 0.259252 0.00413468 0.0984627 1.05132 417.998 0.00331283 0.00533179 1.00876 33.5826 2.42608 0.2374 
0.0740745 3.99208e-05 0.329385 0.000337134 2.08171 3.5491 0.0444398 9.61913 0.838619 147.715 1.65262 350.261 0.0159426 0.00700606 4.04271 31.9617 1.58733 0.909536 
5.06344e-05 0.0060164 0.000413968 0.652923 0.0125976 94.0543 0.00124083 0.194821 0.0407544 2.36513 1.2118 438.515 0.0106001 0.00019457 2.09561 2.51086 1.06294 3.77211 
0.000299274 0.000871726 3.45409e-05 0.558093 0.0260724 1953.78 0.968244 0.858058 0.267627 0.0289012 0.003197 48.2896 2.92128e-05 0.00102283 1.60069 26.9378 1.32993 3.98408 
0.0430289 6.00705e-05 0.000449922 0.0139076 0.00115024 0.0265233 0.000112537 2.95583 0.0349759 1.50087 4.06757 58.1346 0.00638943 0.00804634 1.5311 15.3902 1.4785 6.27567 
1.3722e-05 4.86037e-05 5.26345e-05 0.0232311 0.0782175 89.6142 5.64274 0.872274 0.0434925 6.26338 8.41346 219.538 1.26335e-05 0.00538044 2.86389 12.9241 1.09805 1.31758 
0.00910914 0.588665 5.08242e-05 0.000726977 0.000209809 145.701 0.0404288 5.32447 0.137649 1.87262 0.753391 277.895 0.000114527 2.49088e-05 1.41633 10.104 1.75889 1.16281 
1.52354 0.00881373 9.24702e-05 0.00961324 0.0450962 0.298648 0.000399407 2.22751 0.492088 6.05605 0.0447331 77.5434 6.60571e-05 5.26543e-05 1.93206 29.0372 1.60966 1.6274 
0.0267858 3.5664 0.00332902 4.26022 0.0628546 1235.88 0.00234111 2.30404 0.0105544 0.0144235 0.217683 393.27 0.0272815 0.010304 1.35264 3.26668 1.92494 5.68924 
0.000810796 0.885747 0.666931 1.6948 0.0291253 0.0417041 1.15918e-05 7.42425 0.14792 1.50847 0.055508 202.593 1.10706e-05 0.0191159 1.13909 12.2229 1.72318 4.67141 
0.000628487 0.0108982 0.000149353 0.199595 0.000342538 59.3343 0.000883524 0.408781 0.00656723 0.0113137 1.18066 24.1996 0.00204957 0.000373875 1.41362 30.0188 1.68965 6.79847 
1.40058 6.96414e-05 0.00686772 0.0370637 0.00043526 363.266 0.000233048 0.147713 0.0130361 0.143527 1.03303 276.649 0.00087481 0.000131921 8.88549 29.2177 1.14392 0.785546 
0.0099107 0.0035475 9.40328e-05 0.571896 1.45558e-05 0.0386606 0.000112732 1.3943 0.0135926 0.522615 0.390352 206.415 0.000350659 0.0135589 1.30249 36.1277 1.87401 1.60881 
3.07761e-05 0.183114 0.00149994 2.00335 5.09268e-05 0.618937 0.000195292 0.221194 0.0070967 0.0654535 5.85898 101.127 0.0961667 0.0098454 3.57483 38.4632 1.53275 0.574973 
0.000561731 0.00985313 0.000276604 1.32152 8.33386 2457.65 3.16596e-05 1.39096 0.521586 13.7322 0.0941564 43.3103 0.00312638 0.00135262 1.81372 22.5595 1.54417 4.39008 
0.108847 0.000845996 0.0133056 0.381741 0.012626 2217.38 4.15224e-05 1.38441 0.774365 20.1897 0.114089 183.065 1.17453e-05 0.00450134 1.45334 19.5145 1.57663 1.38763 
1.83448e-05 0.652864 1.7538 1.3268e-05 0.00167829 19.793 0.000167637 0.373454 0.0841146 1.52581 0.132201 283.276 0.00802568 0.0385538 2.23766 3.6372 1.63161 4.22332 
0.00333433 0.00152804 0.00802649 1.10781 0.000418298 32.8139 4.0737e-05 0.28525 0.190109 1.05008 0.0043911 398.167 0.00335371 0.000814701 1.36651 6.09824 1.40737 2.30451 
0.190525 0.0884947 2.71677e-05 0.0169577 0.000128263 309.621 0.00120414 1.10622 0.00847632 0.0225259 0.389532 40.1082 0.000544708 2.12789e-05 6.18403 43.474 1.18156 2.19884 
0.00106282 0.0269908 0.0462196 1.14371e-05 0.0154613 8.81265 0.0870899 2.11996 0.874994 1.5571 0.0143153 104.668 0.00561303 0.00591015 3.76137 44.9978 1.04824 1.66155 
0.00285584 0.00106041 0.000989331 0.00203525 4.16903 0.0140539 0.799538 0.468038 0.00332153 0.0189515 3.79743 265.087 0.0257829 0.0203981 2.01482 8.39316 1.79981 1.06309 
6.10904 2.00001 0.0028065 1.76712e-05 2.10147e-05 1380.38 0.264734 1.83647 0.158948 1.44561 0.0638979 218.834 0.00896822 0.000316021 1.08526 11.2454 1.40567 3.3191 
0.0162973 0.0229425 0.101084 0.000358399 0.0108847 13.3876 6.15889e-05 0.295289 0.0635366 0.319199 0.261455 225.641 0.000568279 0.00022079 1.3023 4.02232 1.2175 5.06797 
2.53679e-05 1.09877 0.0203402 0.00195665 0.0136693 0.0116262 0.000182183 1.13329 0.0257284 0.290979 0.62454 163.506 0.000128478 0.0184746 1.01357 15.4918 2.41186 1.95445 
5.83081e-05 0.000331368 7.21826 0.0152178 2.09867 39.9096 0.00486368 3.4114 0.63675 7.12162 0.315862 233.125 0.00777138 0.0674063 1.40157 7.19969 1.92761 1.81719 
0.00556902 0.173338 0.000101429 0.0183658 0.0437365 655.614 0.058794 1.83567 0.594199 8.60493 0.0904215 321.509 0.0320823 0.00190482 1.04038 47.131 1.45909 0.504192 
0.000901538 0.889522 0.0418811 1.67922e-05 1.1558 2249.08 0.0335194 0.211044 0.353112 327.41 2.93811 58.6228 0.00140934 0.0111542 2.46187 9.31994 0.940221 9.19444 
3.42433e-05 0.446879 0.0116424 0.0516429 0.243408 1172.08 5.16373e-05 0.655716 0.188758 64.1568 1.39604 463.749 1.3738e-05 0.0152347 1.23157 3.71613 1.42497 2.32918 
0.0297557 0.517969 1.31871e-05 1.27846 0.00190773 7.8147 0.000348557 0.705149 0.0239825 1.00735 0.260073 124.167 0.100118 0.000453648 1.6258 8.16693 1.30828 5.49478 
0.00125585 0.000120282 0.362409 5.33247e-05 0.145893 10.4233 1.78533e-05 0.335193 0.00930713 0.0144612 6.54993 128.769 0.0183783 0.000239987 7.956 30.6889 1.16305 0.807577 
0.000626775 3.68611 0.305155 8.09246 0.00055431 32.2747 0.0599702 0.541489 0.0226058 0.398032 8.92042 299.354 0.0125286 0.0111061 1.37551 3.99494 2.36261 2.69987 
0.158488 0.000354764 6.19696e-05 0.000336761 5.08068 1.86757 0.023778 0.725988 0.0501392 0.414185 0.666961 412.697 0.00959562 6.77343e-05 1.85214 1.51559 1.20448 5.40768 
0.00329229 6.54112 0.885036 5.4724 0.00118461 327.181 3.71299e-05 0.658134 0.135126 1.52102 0.636653 89.3925 0.000189922 0.00395027 4.26013 45.5084 1.0991 1.00878 
0.0457558 0.00152449 0.000126823 0.00529194 0.159698 553.442 0.357683 0.140101 0.0272476 2.45596 5.36411 263.44 0.00457251 8.18939e-05 1.95776 4.14285 1.78076 3.0922 
0.023369 0.000310554 4.38708e-05 1.61707 0.000229615 0.0527635 1.73897e-05 4.59831 0.0262604 0.420917 0.762039 205.871 0.172803 2.44733e-05 1.40157 15.71 1.50815 2.44129 
0.000163769 1.85316e-05 0.000112299 0.00147822 2.51662e-05 6.08007 0.517143 3.79866 0.210635 1.05237 0.0892889 224.298 9.25883e-05 0.00507671 1.35762 42.1296 1.48269 2.31165 
0.0274973 3.60486 1.65522e-05 0.000669848 1.6287 1911.16 0.00039832 1.52795 0.133755 192.12 3.7639 156.794 0.887911 0.0164046 1.24847 8.7783 2.76821 6.26336 
0.321726 1.12893e-05 2.58755e-05 3.60648e-05 8.16866 365.629 6.13933e-05 2.43451 0.521814 3.8955 0.0101911 249.66 0.000110288 0.000822941 0.958188 12.1133 1.968 1.97699 
0.00169029 3.20277e-05 1.98228 0.00364692 0.000797803 25.5874 1.12581e-05 0.299648 0.014913 1.00209 6.59649 127.462 0.00053779 0.018714 3.36233 14.5379 1.05318 3.06297 
5.23228e-05 0.0157693 0.0179811 0.0003732 3.29621e-05 417.407 0.0027017 0.327871 0.31486 232.928 3.08512 413.856 0.000106901 0.000515037 2.45614 19.9429 1.52742 0.352406 
0.52411 3.45146 0.408088 0.0120386 0.000465832 468.099 4.43911e-05 0.40708 0.00889099 0.0118516 0.140118 104.987 0.0256817 0.00690001 1.70579 22.9627 1.72697 1.48322 
0.566509 5.94374 0.00126267 0.0631324 1.25349e-05 220.862 0.118648 1.75932 0.836909 21.2448 0.0496231 187.011 0.00989511 0.0277321 1.98709 31.8849 1.3581 2.23711 
1.14587e-05 7.73368 0.203639 0.000196271 8.71871 107.495 0.0313049 0.201596 0.0231594 1.34913 1.11133 43.8803 0.0160497 0.000581816 1.0929 25.1848 2.17863 4.02485 
1.92227 0.041982 0.000230452 0.000739728 0.0317911 1161.95 6.09452e-05 0.504045 0.218089 35.3146 3.17265 73.8222 0.000438936 0.000395244 3.23607 10.6024 0.877952 7.8433 
0.00525332 0.00177981 0.00202233 0.0261202 8.58388e-05 1168.62 3.64982 3.30522 0.20608 50.7018 2.0591 116.667 0.314789 1.65287e-05 1.02499 15.0463 1.93917 5.63947 
4.46666 6.8661e-05 2.85241 0.00404769 0.000287218 0.149277 3.56445e-05 0.248624 0.0783859 0.836658 0.0513623 138.033 0.0112108 0.0129406 1.24071 9.63328 1.21466 9.23792 
0.0107732 0.224649 0.00231846 1.82948 0.00268019 247.005 7.50284e-05 0.0953931 0.0112922 13.8578 4.27934 182.901 0.000280651 0.00041331 2.66222 6.07578 1.19951 4.03654 
0.000738139 0.00352395 0.0237131 1.84347e-05 0.720709 1187.46 0.331849 3.07153 0.156988 0.052074 0.00754047 228.131 1.29562e-05 0.0105086 1.49966 5.55026 1.15823 2.78329 
0.192725 3.39722e-05 0.262489 0.000186866 0.0046749 267.503 0.00157141 0.566515 0.139197 32.9408 6.39858 85.0125 0.00066334 5.3886e-05 2.15797 11.9593 1.37478 7.03104 
0.35388 0.0935963 0.000366292 0.0121676 1.30988e-05 1.6673 0.0259231 0.469441 0.0159816 3.93781 4.03133 499.986 0.0130616 0.0209474 1.49729 3.46174 1.88732 1.87002 
0.0099635 0.000383521 0.000130055 0.0178745 0.0604333 0.376649 0.0337016 0.57699 0.0490731 9.64939 0.478223 240.347 0.00338446 0.000952116 1.11314 12.2421 2.19849 0.916573 
6.27525e-05 1.13911e-05 0.000514853 0.0798665 3.89654 2626.16 1.13863e-05 0.394323 0.843487 8.45105 0.0678502 146.718 2.24543 1.01207e-05 2.63583 31.4601 1.42735 1.80585 
0.0144579 0.147717 0.000158697 0.000144694 0.225272 577.151 0.613886 5.04617 0.00122299 0.0150301 9.81405 66.1197 0.0021823 0.00234265 1.73714 30.4389 1.17 2.1595 
0.0906118 0.000801572 5.11273 2.69788 0.0104924 39.4948 5.6786e-05 0.350684 0.718961 342.246 1.1362 35.6994 0.000177757 0.000147199 1.01967 46.9319 1.29846 2.25272 
0.000467126 2.37761e-05 0.0229445 7.13699 0.227318 370.86 0.558502 1.23977 0.0584071 0.0392833 0.0183536 315.385 0.15955 0.017014 4.85974 12.3497 1.06141 1.03329 
0.00014953 0.596632 0.000839041 0.724619 0.0024467 30.5306 0.393591 0.189133 0.016612 1.90824 4.82362 89.8956 0.0260356 0.00273437 1.91927 9.49756 1.80917 7.20706 
0.00320251 0.295239 0.0013856 1.44804 2.38421 0.627647 0.50706 2.04644 0.0216645 0.755239 1.59429 14.6289 5.00941e-05 1.40757e-05 1.57429 43.8984 0.943567 9.08246 
1.21902 0.000138809 6.93532e-05 0.0869944 1.66943 2558.64 1.62388e-05 0.552437 0.447091 1.30333 0.0478092 81.7832 2.71019e-05 0.00163522 1.66381 36.8847 1.52836 1.20951 
0.00763453 0.00728628 1.17418e-05 1.75357 3.68741e-05 316.907 1.11204e-05 0.143107 0.328032 2.96563 0.0290972 171.765 0.00105501 0.000704605 6.57498 31.7198 1.14041 0.836604 
0.00104806 0.0145246 3.78896e-05 0.000181571 1.90861e-05 448.113 0.00361874 0.527159 0.0166305 0.203757 6.1453 32.1842 0.00802053 1.2275e-05 2.68943 18.9102 1.43029 9.31956 
1.45122 0.0409782 0.000623738 5.57989 1.00572 10.0934 0.00101926 0.189907 0.0284995 3.03492 4.80758 67.9014 0.000158264 0.000205538 1.16501 34.8283 2.74788 1.76906 
0.086824 0.000744134 0.0826139 0.0204293 4.36264e-05 253.371 0.000451453 0.414804 0.253315 4.27222 0.0393939 327.085 0.015432 6.59247e-05 2.68334 17.5188 1.15537 0.707785 
1.78538 1.4896e-05 0.0122719 1.41223 2.33673 2.3677 0.091889 0.231812 0.0150472 0.542142 6.18781 472.075 8.66814e-05 3.26215e-05 1.00815 4.55773 3.05773 1.62336 
0.00539391 2.09393 0.000177814 8.27467 0.000664286 30.6393 0.0589566 5.5243 0.132397 2.41926 0.142381 183.078 2.64755e-05 0.000135025 3.64026 29.8029 0.908167 2.50573 
8.21676e-05 0.000336523 0.89662 0.0200513 0.304538 3.23825 9.20414e-05 0.675132 0.149817 0.988958 0.0270987 411.966 4.66299 0.0148918 2.55455 4.88071 1.11983 5.35119 
2.31255 0.0478546 0.000968896 0.221054 0.193166 0.638303 2.05615e-05 3.84094 0.368978 100.938 2.32641 190.711 2.85096e-05 0.000435289 1.16825 31.9671 1.89622 1.19788 
0.901821 0.0276632 0.0023318 5.41278e-05 0.0252578 2.23563 6.35109 1.18995 0.0821188 0.346781 0.333412 387.555 0.0750938 0.00027255 2.59899 5.11659 1.09045 1.16253 
0.000824343 3.9871e-05 1.56173 6.97694e-05 7.04553e-05 1166.07 0.0001046 0.123538 0.100958 8.6173 2.89623 215.892 0.713162 0.000216252 1.8138 4.31785 1.60387 3.62139 
0.313048 0.0389604 0.0907276 0.487586 0.483193 2.09656 0.000150541 0.789056 0.0309715 0.322007 0.0156234 65.2694 0.000275188 0.000188941 1.37563 24.3931 1.56951 2.433 
0.0245377 2.62828 0.000117305 6.81242 0.00127609 1.92958 0.00191599 0.4873 0.0241995 0.347531 3.92875 232.637 0.00102237 0.0312663 2.35739 44.3237 1.75256 0.373819 
0.000380955 0.0155092 0.308458 1.24699e-05 0.0500276 0.0792232 0.000503535 0.765924 0.00973408 0.407867 7.58633 94.9379 0.00542205 0.000221562 1.94931 8.68969 1.61722 7.64754 
0.000424426 1.97003e-05 0.000622844 0.0113188 0.000410794 11.3439 0.620141 0.192082 0.00783904 0.394342 0.646571 52.586 0.00308766 1.04656e-05 1.10311 17.3847 1.28729 8.99502 
0.0780366 3.38471 0.0358903 2.83932 0.0867555 1027.99 8.99594e-05 0.241905 0.0101271 0.0206641 0.859765 152.926 0.00110992 0.000462003 4.60271 8.60211 0.930088 4.44032 
0.000255063 0.00458417 3.59408 0.351747 9.45625e-05 1.14523 1.59551e-05 0.296487 0.102708 0.0176105 0.00240661 274.397 0.000207644 1.09849e-05 2.74202 33.3989 1.38412 0.35491 
0.000419926 0.0085779 2.05989 2.32402 0.00040094 493.52 0.000104358 0.151638 0.0166763 0.818898 1.03669 261.678 0.000288938 0.0302106 1.01652 2.81749 1.8508 4.85388 
0.134532 3.86452 0.000333595 0.00043579 7.83896e-05 0.741713 0.000134362 0.236988 0.0516893 6.24366 1.32008 311.91 1.06681e-05 0.0431927 0.975689 4.88951 3.30256 4.40853 
0.00524717 0.805519 6.1131e-05 0.0017018 2.49563 1752.51 1.37507e-05 1.21221 0.629152 337.378 3.80406 415.296 0.307728 0.00458441 1.16639 2.3548 1.81391 3.09711 
0.00162174 0.00327433 0.00207945 0.00087015 0.00036468 0.559204 0.000266662 1.36548 0.0213415 1.73015 8.90162 426.694 1.8522e-05 0.00017038 3.79677 6.68131 0.990989 2.28482 
0.000520951 6.21113 0.00157679 6.61564 0.00224329 0.074547 0.0283496 1.06374 0.0569964 0.473613 0.1246 278.109 2.54968e-05 0.000338628 1.93354 31.9251 1.83238 0.322072 
0.000151687 0.784243 0.0957365 2.65548e-05 0.000915153 15.7548 0.143182 0.654523 0.0133328 3.84487 6.89833 116.492 8.43086e-05 0.00496292 3.22727 6.2821 1.20452 8.87874 
0.00068134 2.1512e-05 0.000235662 0.0001167 0.990427 0.0952047 0.000788796 2.5275 0.303859 61.0612 1.4769 198.232 0.000671012 0.00124073 0.913375 35.1539 2.44632 0.473316 
6.34776e-05 0.0513114 0.261915 0.0363251 0.0977508 0.417761 0.0117168 1.24623 0.0223014 13.7527 0.196034 336.904 0.0283967 0.00047778 4.32659 27.74 1.06423 0.305315 
0.124947 4.54774 0.0156143 7.48727 4.30946 0.0240049 0.343065 4.03815 0.277345 15.6275 0.268421 107.605 0.000165358 0.00390387 1.22335 42.3591 1.64544 1.08432 
2.01707e-05 0.0163007 1.72028 4.60458e-05 0.00192689 0.075776 0.00205907 0.826995 0.0438571 0.109666 0.63457 289.555 1.77676e-05 0.0448572 3.4925 6.93407 1.08666 4.09277 
2.77333e-05 0.0329015 0.000249105 1.42981 0.0174414 159.95 1.95246 2.52328 0.142764 3.3203 0.539127 276.675 0.171634 0.00199375 2.47314 7.03064 1.28557 8.68624 
0.252673 5.37674e-05 0.000163436 0.00324712 0.00623567 0.207433 0.12159 1.16936 0.216454 12.4951 0.226502 71.2473 0.000274402 2.4496e-05 1.10471 39.5349 1.41153 0.879676 
0.0739533 1.99223e-05 2.89958e-05 0.00202373 7.74055e-05 3.0385 0.000235896 0.106844 0.0346342 0.0249696 0.0214173 307.717 8.16428e-05 0.000333014 1.40589 18.2752 1.86143 0.513684 
1.19563 1.82238 0.00115573 4.73287e-05 1.14385e-05 0.152469 0.0184125 0.287244 0.00348804 0.012139 1.47292 49.1482 0.00954321 0.0252502 4.10665 16.3376 0.98523 7.26162 
2.6454e-05 0.000432072 0.120114 0.000213873 0.00190671 0.370926 0.0139893 1.34412 0.124865 3.57969 0.685486 300.908 5.79399e-05 0.000373924 4.01458 24.0794 1.71831 0.559479 
3.00193e-05 0.0395234 0.0224939 0.0238216 0.0588174 102.17 0.940063 0.286718 0.00385396 0.0547909 1.75563 122.349 0.000207296 0.0779915 1.79572 48.7051 2.7496 0.458386 
0.152591 2.12288 0.000142853 1.09813e-05 0.0555549 0.0249887 0.108809 1.6819 0.0111088 0.0118223 0.040696 43.8552 0.00639803 0.00578526 0.769204 24.5141 1.98103 4.38308 
0.301072 5.0893e-05 1.12973 0.0157874 1.58618 305.194 0.00392553 0.13791 0.117581 0.597578 0.0310011 286.096 0.000295066 0.00026446 4.13099 3.1772 0.961086 7.53804 
0.0202955 1.56436 3.58769e-05 6.76164 4.24818e-05 0.921699 0.417246 0.701715 0.0215908 1.23317 0.915529 290.459 0.00326743 0.000576742 2.57742 38.6278 1.3394 0.307985 
0.0985713 0.0699097 0.222641 1.85055e-05 0.0527189 2265.65 0.686772 0.39567 0.0155942 1.65775 1.71338 318.578 0.000138643 0.00182759 1.70739 17.4687 1.69567 0.593119 
2.99532 0.186007 0.333046 6.05267e-05 0.000124506 0.607888 0.000846503 0.364858 0.315 6.56622 0.264835 120.588 0.000384568 0.000107822 1.23641 6.64152 1.93257 6.32791 
0.000109263 0.00508519 0.0247782 0.000799337 0.450541 2.30306 0.000979941 0.333904 0.298479 24.3511 0.402488 193.093 0.932646 0.035371 4.75971 18.7206 1.28743 1.10124 
1.89846e-05 0.00368115 1.33076e-05 0.25702 0.544233 0.0307765 1.58233e-05 1.21175 0.0408834 31.9261 7.60911 142.484 9.04959e-05 0.000991919 1.51471 9.94048 1.76196 5.53438 
0.000241303 0.000612172 4.6828e-05 0.00736692 6.21927 218.363 2.85717e-05 1.50931 0.0442022 0.643656 1.51753 273.611 0.000501881 3.79259e-05 0.958563 43.5517 1.70955 0.608861 
4.07812e-05 0.0241545 0.470839 0.000112717 2.54452e-05 6.16491 0.00490753 0.1961 0.0121229 0.0321534 1.42926 34.9267 2.27217e-05 0.000147577 1.83797 14.377 1.02646 5.40601 
0.069139 0.00399574 0.000258329 0.000102324 0.0666508 0.0195676 0.00643526 1.20119 0.0280343 0.121905 0.0529558 50.1591 1.51912e-05 0.00738701 0.967285 14.8634 1.26861 4.6814 
1.19033e-05 8.27501 0.00979329 0.00372942 0.000159284 2.15532 0.389872 0.472498 0.0390357 6.79486 6.12731 63.4401 0.000536952 0.0128766 1.01064 47.6651 4.46602 1.74147 
0.000967621 0.0999361 9.55221e-05 6.84212e-05 0.00274948 15.8543 0.00746142 2.2463 0.0340769 18.9228 1.68205 130.815 0.0746617 0.000405267 0.947063 9.51968 3.0603 6.74572 
3.13983 0.0886813 6.86405 0.0240345 0.00180356 131.125 0.0253581 0.0642122 0.0168018 0.344455 4.42664 190.576 4.97825e-05 0.00237209 1.68111 8.55758 1.1573 3.40861 
1.40781e-05 0.31371 0.0200041 0.114833 0.0901731 1155.48 0.346283 0.106197 0.0179218 2.98293 4.61567 162.311 0.00102234 0.00424113 2.63434 3.86261 1.145 7.2971 
0.202752 0.00107365 0.260294 3.01913 0.169463 647.337 0.00183216 5.13379 0.061415 0.682102 0.224903 277.726 5.58138e-05 1.19211e-05 1.08277 22.239 1.48333 1.42244 
1.1312 0.0023055 0.00331297 0.0012109 6.36455e-05 84.3772 0.0129333 1.31294 0.0364294 6.06724 0.53112 52.179 7.64607e-05 4.88711e-05 3.78338 37.8601 1.2953 1.54585 
0.829114 0.0254309 0.0398269 4.51073 1.22577 70.2789 0.0102856 0.707454 0.918159 3.97605 0.0143198 120.19 2.13872e-05 0.0678027 1.11838 4.92003 2.16055 8.24172 
1.31698e-05 0.00316915 0.848945 0.000320597 0.000347907 8.16562 0.000346945 0.220645 0.00698879 2.32441 0.370497 112.344 0.000685194 0.000102494 1.37393 8.8372 1.24793 6.27893 
0.274681 0.000128787 0.134511 5.75641 0.0222744 2.24496 0.0441906 0.385485 0.0468154 0.593824 0.396838 34.5255 0.00114362 0.0134063 0.934419 36.5219 2.89665 3.23721 
0.200536 4.2147e-05 7.36142 0.013044 0.230102 2951.25 0.00018306 0.071549 0.104653 0.962045 0.0124794 227.537 0.015674 0.00107612 1.14099 17.3245 1.51736 0.95956 
4.57832 0.00468856 0.478336 0.00217849 0.724817 0.641961 0.141644 1.62313 0.298639 9.77097 0.02561 49.7939 0.0138242 0.00102845 1.51705 28.7946 0.964993 2.48528 
1.04562 0.120155 0.0210267 1.00159e-05 1.36083 0.0126873 3.16087e-05 6.4603 0.718198 6.85592 0.0362895 230.655 0.00256118 0.0146198 1.34247 46.3129 1.68711 1.54789 
0.620652 0.00167347 0.00149583 0.00010142 0.695542 3.77201 0.20603 1.89853 0.385706 0.184389 0.0164209 123.182 3.691e-05 0.0126498 1.68007 4.16895 1.44389 7.74699 
0.000741084 0.35058 0.0562668 0.000308088 1.42991e-05 2140.26 0.0831594 0.246921 0.0238552 0.54989 3.12377 241.965 2.57335e-05 0.000737777 1.38674 12.6657 2.04455 0.826963 
0.894202 0.740133 0.000516091 0.0283987 1.39346e-05 1059.54 2.13338e-05 0.65346 0.276457 370.39 2.32586 12.6464 0.0212561 0.000235721 1.35941 38.1971 0.97242 4.48805 
0.00243298 1.0296e-05 7.51189 3.63399 6.19908e-05 0.0118084 0.022264 0.44398 0.0366632 13.0428 2.14853 268.533 0.00199865 0.00295383 5.92913 43.7906 1.16266 0.46343 
0.00741409 0.0151433 0.318794 0.0459612 0.00136198 189.652 0.0151137 2.39476 0.00946851 0.108785 3.02653 82.8275 0.00455867 0.0270621 1.41165 28.6211 1.1921 3.36306 
1.62759 4.24279e-05 0.0292104 0.00872496 3.87607e-05 3.92061 2.01319e-05 1.23723 0.0215903 1.29136 3.94793 51.033 0.052658 7.63046e-05 1.18023 20.6119 1.40599 3.64298 
0.21248 2.15733e-05 1.71253e-05 0.0187909 0.000210674 0.318864 5.08472e-05 8.72651 0.0885387 1.2634 0.2543 313.228 0.000831576 0.00571962 2.76206 43.4557 1.18647 0.810232 
1.01082 1.47511 0.00180286 0.000165695 0.488505 0.03615 0.00441296 3.64012 0.00993712 0.0126352 0.117875 256.313 0.0038065 0.00302962 1.51679 11.6779 1.43313 4.72693 
0.00500291 7.11194e-05 2.66743e-05 2.68242e-05 0.00240476 1.02588 5.78097 3.73853 0.101095 0.279746 0.156881 151.424 6.32556e-05 0.0153724 1.31548 15.1935 1.23623 4.33611 
1.29763e-05 6.7457e-05 0.00107062 0.0736641 0.00114959 100.713 0.337588 0.139546 0.00698546 0.916173 8.77252 217.524 0.000240046 0.00572929 1.3324 30.866 1.843 0.360722 
0.100062 0.0357975 0.000906754 0.136851 0.000176312 1.94931 1.42254e-05 9.44736 0.745599 252.857 0.584833 63.2467 0.0628767 7.26601e-05 0.83126 16.5169 1.2917 2.9482 
0.000636903 2.07264e-05 0.476903 0.000482538 6.44789 156.369 0.047828 0.196285 0.0278882 2.4689 0.101056 79.8488 0.0786933 0.000597125 0.71179 15.5854 1.78398 7.49934 
1.81919 2.85716e-05 0.0106496 0.233141 5.68207e-05 305.887 8.78421 3.67172 0.142068 0.371445 0.00392587 307.476 0.0564486 0.0148977 4.95799 32.112 1.07713 3.28443 
0.00323834 0.0353626 0.00625615 1.92078 0.00039678 450.375 0.000271686 9.62233 0.00900666 0.191444 5.9248 383.866 3.41195e-05 9.86011e-05 1.16185 39.2967 1.34621 1.08397 
4.64293e-05 0.483271 0.00140132 0.00737704 0.634234 119.084 0.0024305 0.383471 0.303501 46.5232 0.591353 57.221 0.0215787 0.00397619 0.954513 15.8909 1.97521 4.71386 
4.83885 0.036751 0.0840152 0.0252761 0.0160735 1063.51 0.0205568 0.324253 0.00179398 0.0173729 1.08985 237.162 0.00159072 0.014325 3.39675 44.2226 1.59608 0.331249 
6.07074e-05 1.5247e-05 1.49411 0.000111536 0.342716 0.0796812 1.81509e-05 0.537382 0.084169 2.22895 1.53193 77.8708 0.00684202 0.000371141 2.66416 6.88885 1.25682 7.16336 
0.00667762 0.00279711 3.48773e-05 1.61172e-05 0.0280304 649.458 1.79097e-05 1.16032 0.166382 10.2147 1.73826 242.098 0.0327537 0.000267312 1.55587 34.516 2.0776 0.394689 
0.000260161 0.00117698 1.23003e-05 3.57854 0.0145325 44.792 0.00174715 0.244945 0.736664 114.309 0.13498 176.973 0.00241718 0.0164806 1.56116 3.65048 1.33357 8.04183 
0.00894324 0.00454463 3.42076e-05 0.0412168 0.00183818 1.07494 1.37364 1.88765 0.116752 120.463 4.44461 214.026 0.000623126 0.00292996 4.59035 48.9574 1.197 0.392675 
4.23847e-05 0.000337246 0.619734 0.00120849 3.965 35.0247 0.30507 9.02933 0.618432 0.607083 0.00853337 397.81 0.00312604 2.23053e-05 2.52526 24.5388 1.49426 1.02636 
0.00154567 0.00626003 0.813964 0.0382937 7.43137e-05 10.8152 0.00149095 0.285212 0.00242248 0.0128756 9.31442 290.568 0.0173733 0.00042501 6.85792 8.97466 0.997265 2.27944 
0.0374423 0.177576 1.1231e-05 5.55825 1.72225 2977.64 0.0095865 1.24029 0.0392674 6.34197 0.733206 43.0655 0.000517213 1.09692e-05 1.85298 27.88 1.14563 3.24362 
1.20029e-05 4.18542e-05 0.0135043 1.62272e-05 3.21399e-05 44.9876 1.61551e-05 7.96767 0.310443 36.9512 1.29729 68.8943 0.000886456 0.00612789 1.26229 49.1119 1.14153 1.63436 
6.29057e-05 7.74462e-05 0.819551 0.314623 0.984945 0.118471 0.00108661 1.73284 0.00484149 0.281015 5.11185 41.3249 8.93927e-05 0.000149323 2.1436 49.3956 0.947803 1.70949 
0.000775233 0.00410168 0.0802923 0.000133822 0.768549 9.69102 0.000563748 0.527464 0.248696 108.607 1.26648 403.301 0.0149414 0.00251693 5.61299 3.64677 1.01065 3.85005 
0.00262212 0.000343447 0.100662 0.0784985 1.34085e-05 2.90697 0.00155402 2.27863 0.0510055 6.04688 1.08346 133.171 0.0317185 6.68115e-05 1.21672 39.024 1.269 1.25829 
0.940762 0.000621478 0.000836526 1.24761e-05 3.19753e-05 1.52346 0.0167593 3.36202 0.120392 3.81495 0.0603955 31.5223 0.21896 0.00132131 1.27897 33.6464 1.4389 2.66654 
8.43776 1.34884e-05 0.439902 0.350709 0.000664518 1.24901 0.000745098 0.198467 0.312172 9.68622 0.168526 134.872 0.787258 0.00278652 1.6379 34.4565 1.47216 0.66222 
1.07861e-05 1.07936e-05 0.00385675 0.00220764 0.00378424 406.856 4.37584 1.18343 0.130972 3.77226 0.375666 356.288 0.0289234 0.00271658 6.54258 42.4678 1.23069 0.385787 
8.76465e-05 2.70701 0.000514628 0.0124888 0.00285569 3.72494 0.446979 3.2998 0.00848988 0.21945 7.42413 145.144 5.13294e-05 0.00105378 1.26787 32.9938 1.78697 0.705058 
0.320032 0.0108028 0.00540674 8.02053 8.86086e-05 104.935 0.00125325 0.706246 0.169692 12.2788 4.92714 73.3596 1.89338e-05 0.00267987 1.21555 14.4256 1.89044 1.6797 
7.54787 0.000193441 0.0135181 0.0273336 1.23019e-05 3.02752 0.00193771 0.603507 0.0822946 3.05494 2.29935 382.466 0.000157621 0.0231833 1.03259 2.22227 2.41221 9.24379 
3.84019e-05 0.000453225 0.197577 0.0313716 0.000101581 2.67139 0.000987132 0.240679 0.0504968 17.4157 8.30547 95.1444 0.000748612 0.000141232 4.16163 29.9563 1.28809 1.32525 
0.000873006 0.66459 3.2387e-05 0.000166563 0.00173365 5.26438 1.45531 2.05297 0.252487 6.29178 0.135858 33.1583 0.000338033 1.26549e-05 3.8146 49.8313 0.996678 2.24875 
0.000265521 1.68016 0.0019142 1.91532 0.00121174 3.88694 0.189069 4.93203 0.0485814 2.3003 6.11536 326.815 2.31762e-05 2.79039e-05 1.71682 27.5488 1.71039 1.67947 
0.0567742 1.21933 3.99536e-05 8.92207 4.85433 0.0760777 0.000162797 3.07862 0.00400923 0.312547 1.70413 359.313 8.44288e-05 5.4047e-05 1.24743 19.3286 1.48802 0.415185 
0.0184999 0.00984664 2.0177e-05 7.78553 0.000405105 12.048 0.0094208 0.325758 0.0522592 7.0841 0.519447 277.316 1.61194e-05 0.00429403 1.05846 29.7807 1.43708 1.87526 
0.000177023 0.000130245 0.00413033 0.00011249 0.00824224 0.399714 0.0035237 0.656515 0.18378 445.786 0.526092 269.202 0.74789 0.00137688 1.39326 18.7461 1.5988 0.954498 
7.20313 1.91149e-05 0.130829 0.101548 0.000961527 1253.18 0.0031652 0.129686 0.988146 93.6395 0.250561 18.3926 0.00160236 0.00135676 1.53875 41.6795 1.55845 1.97616 
1.01213e-05 0.00028465 3.62985 1.6706e-05 0.077567 0.0289966 0.0212135 1.03605 0.018554 0.176365 0.668296 384.237 0.304612 0.00112954 5.74565 8.32924 1.3596 1.6369 
0.895765 0.0492743 0.129179 0.0161735 0.185659 0.0139589 4.62896e-05 1.89489 0.540727 1.71912 0.0635929 35.5133 0.0165478 0.00316274 2.44105 37.7695 1.71919 2.12031 
0.00697322 0.00316689 0.00290286 0.356913 0.000338329 80.8317 5.01972 2.99763 0.0120796 0.0920222 0.0427988 65.329 0.0233016 1.81096e-05 1.20494 38.8799 1.45534 1.5222 
0.000361565 0.171064 3.53481e-05 8.53815 0.00151305 1.07203 1.90492e-05 0.625489 0.0532403 0.754064 0.713177 61.3735 0.00965544 0.00109496 1.27528 21.045 2.04845 4.11826 
2.65599e-05 2.26986e-05 1.25194e-05 0.00169585 8.05548e-05 0.0293415 0.000106936 0.372744 0.184204 51.0627 1.27159 334.147 0.0332186 0.0629569 1.93161 7.12359 1.87844 1.64856 
1.44574 0.701312 0.000305897 0.269286 0.0157951 1564.74 3.78754 0.229217 0.245373 47.2949 1.10544 285.435 0.159562 0.00193232 1.17697 2.83692 2.55473 4.11125 
1.53024 0.000236848 0.000131158 0.00401006 1.95835e-05 181.529 0.417025 1.24767 0.159248 1.14603 0.0710207 119.444 0.834575 0.0196657 6.56177 26.8071 1.18959 1.36261 
0.00119267 0.192648 1.94362e-05 0.000140261 1.30241 180.956 0.0403257 0.132458 0.00692772 0.0211889 0.459213 140.594 0.00550199 0.0147683 2.16642 10.8772 1.15524 6.52144 
3.75622e-05 0.0858851 0.131578 1.58461e-05 0.000306401 0.485057 1.02175 0.842884 0.188648 6.43972 0.140682 313.608 0.00131092 0.040238 1.70437 25.336 1.7916 0.2845 
2.61787e-05 5.15909 0.00137786 0.00109034 0.00426418 1798.96 0.216721 1.66157 0.0155413 0.0898951 2.68626 258.701 0.00227451 0.0659195 1.39578 18.7502 1.96845 1.93893 
0.00478843 4.35186e-05 0.0941406 0.00015155 0.00274258 0.0182531 0.00195057 1.86788 0.136638 0.045732 0.00942973 382.915 9.4608e-05 2.68613e-05 1.07259 3.58134 2.33615 2.33013 
0.00133578 0.0767376 0.00521535 0.166346 9.69877e-05 89.1069 0.8046 0.219653 0.0458082 31.1959 5.27936 135.726 0.00098666 0.000668036 0.919635 38.3507 4.07751 0.955826 
0.232866 6.47319 1.05823e-05 0.00138039 7.68913 2.93599 0.00798501 8.08563 0.00475653 0.0581673 4.16534 201.503 0.00437669 6.99427e-05 1.19765 19.3382 1.4789 3.40611 
0.672396 0.000120078 0.000131928 0.00590708 0.367486 0.169161 3.26232e-05 3.57521 0.348069 79.9326 2.60425 216.398 5.04456e-05 0.0174237 7.80863 16.8538 0.954536 1.41601 
0.322867 1.76404e-05 0.00820194 0.00125534 8.38915 5.47475 0.00135539 1.97967 0.043489 4.34644 6.06909 29.5425 0.00107051 1.31642e-05 1.45313 31.8062 1.24481 5.95972 
6.38057e-05 0.326506 0.0120453 9.8028e-05 0.00100721 1.22826 5.11374 1.92803 0.0357775 4.66108 7.20552 176.197 0.105926 0.00143035 2.62206 5.30831 1.00067 4.11614 
0.011187 0.0246378 4.21984e-05 0.0587712 0.0010105 65.5497 7.35665 0.471149 0.0877025 23.8362 6.68481 105.077 0.000471395 0.00037956 1.38642 34.7987 2.47655 0.776578 
0.524204 0.000119198 0.000149515 0.195376 0.15501 4.1625 0.000768082 0.655859 0.986835 2.29028 0.00633917 110.099 3.93239e-05 0.000143849 6.1 40.9505 1.18867 1.21401 
0.000531688 0.00441711 1.59072 9.2136e-05 0.24974 100.845 5.72178e-05 0.16176 0.13497 0.460869 0.050546 490.308 1.69464e-05 0.00088792 7.9502 41.0736 1.38134 0.249258 
4.99903 0.000119971 0.027912 0.000141792 0.218045 1.58622 0.0023292 0.861501 0.744568 11.1271 0.0391281 28.0084 0.00481039 0.000707545 0.673217 31.062 1.54147 8.44826 
0.0136817 0.0704731 4.50923e-05 0.000204504 5.90692e-05 9.22306 0.00159949 0.250299 0.0174749 0.0672936 0.364729 35.1639 1.12836e-05 2.21246e-05 1.58655 16.8522 1.2741 8.17249 
0.000763109 0.00223733 4.90565 2.5683 6.73322e-05 0.248881 0.00181022 0.160746 0.183788 7.3928 0.102734 69.8273 0.00544576 0.000725473 6.62242 49.1866 1.19691 1.20902 
0.792215 0.0425251 0.0562551 0.410184 0.00252656 0.159043 0.394639 2.03722 0.042056 8.15192 3.55582 470.416 0.0626499 0.000306049 1.26133 5.38332 1.17107 7.67046 
1.03138 0.0665445 0.00280474 0.00521857 4.92125 283.889 2.57989e-05 2.22263 0.16387 26.4288 1.21249 37.4993 0.0419167 0.000179588 0.969406 16.0102 1.60581 7.86766 
0.000135757 0.00054699 0.00110242 0.000228775 1.58005e-05 40.9397 5.81433 0.962439 0.0979888 12.9613 0.0654113 66.6619 0.0906723 0.000234491 1.30506 48.5742 1.5007 1.29619 
1.5463e-05 0.285357 0.19522 2.20236 1.08018e-05 13.8237 1.54532 0.682376 0.17477 2.60607 0.1008 272.98 0.000687595 0.000171193 1.27376 3.04019 1.58499 3.94532 
0.00479997 0.391583 7.49993e-05 0.000111667 0.0898601 0.0261231 0.000207979 1.12244 0.144479 1.13662 0.0879906 62.1605 0.0087072 4.89545e-05 2.99183 41.0563 1.31658 1.41349 
0.00677405 0.0549873 5.43033e-05 0.499732 0.000110562 1.58804 0.000678706 0.284578 0.00558139 1.82822 1.54417 329.626 3.01364e-05 0.0022458 1.79985 2.77125 1.19358 5.28856 
7.72702e-05 2.1568e-05 0.0217297 0.000121631 7.26518e-05 451.911 0.242609 2.63544 0.231393 199.531 6.38699 61.0719 0.0345804 0.00253113 1.49415 23.3039 1.24753 4.82702 
0.312316 2.72807e-05 0.0872926 0.000122475 0.286313 1252.61 0.004999 0.0523806 0.0343891 0.72094 0.155647 337.39 2.30644e-05 0.0154245 9.14369 9.14911 0.962599 2.54714 
0.000506597 0.00704197 4.55459e-05 1.40041e-05 7.07631 268.894 0.000345399 0.232893 0.00220241 0.285164 2.83194 66.3515 0.0250002 0.000421649 1.15046 7.73474 1.89573 8.74515 
9.72764e-05 1.1725 0.00324659 3.10186e-05 0.344029 1.51871 0.00128358 2.74104 0.074923 48.1086 2.10724 349.221 0.00296326 0.0148057 1.08285 9.49009 2.09607 1.04065 
4.73373e-05 0.0520129 8.74628e-05 2.33221 0.00069247 5.72381 0.00355893 1.55194 0.0019329 0.0224053 7.32469 184.539 0.00030378 1.41917e-05 3.36394 15.1668 1.07913 1.01768 
0.0099084 0.170151 0.000607994 0.000604099 0.00118162 0.42795 2.08194e-05 2.77362 0.266894 15.0653 4.72578 486.974 0.001001 5.4749e-05 2.87116 32.0368 1.63778 0.276868 
1.15612 2.90737e-05 0.595045 0.179599 7.41441 30.6504 0.00522768 2.33424 0.404865 4.46119 0.0710605 205.331 0.28076 0.000376067 3.07684 28.0722 1.29768 0.705342 
0.0942351 1.50518 7.65019 0.0881865 0.000299762 3.59262 0.00790907 3.55393 0.220564 181.183 1.59635 335.4 0.000726846 0.0003969 1.70602 28.544 1.33984 0.698512 
3.78721e-05 2.02859e-05 7.30336e-05 0.00434206 0.0347172 22.5105 0.285619 0.532 0.217738 0.872427 0.00960785 426.735 0.0153614 0.00515533 1.43672 5.9479 1.71072 1.06689 
1.29814e-05 0.0235169 1.10563e-05 0.000191159 1.22239 6.22925 0.013749 1.44188 0.0858407 176.298 1.07038 109.294 0.000317989 0.0120741 1.98039 10.0625 1.01906 5.84031 
0.0891231 0.000450066 0.179324 1.82874e-05 5.29773 72.3003 0.143914 2.35533 0.489863 151.406 1.10928 411.813 0.0792827 0.0502973 9.76493 35.0012 1.2968 0.548791 
0.577642 7.01292e-05 0.0800662 0.00126562 0.00144134 2.43136 0.0192063 0.963084 0.801062 207.913 1.84951 156.508 0.00042097 0.0096749 1.93799 4.36059 1.41963 7.72474 
0.0019553 0.339376 0.00288103 5.9726e-05 0.000166978 0.0401799 0.00174817 5.12794 0.700757 162.779 0.470107 355.593 0.0320254 0.0103088 1.34 24.0426 1.88737 2.45703 
1.03648 0.0739615 0.174543 1.69148e-05 0.0378196 0.2102 1.87562e-05 1.25658 0.769691 1.09085 0.00574232 186.752 0.000464326 0.00180402 1.84925 21.5001 1.22519 1.95355 
0.0144438 1.06909 0.0277357 6.65062 0.0107421 0.767736 0.00411262 6.22509 0.109181 88.9194 8.81523 167.103 0.381947 0.00112288 1.92236 13.6923 1.18807 5.36516 
0.00279174 8.06987e-05 0.161315 0.0188434 0.302107 0.163065 0.000493656 0.676987 0.0871263 0.174982 0.0156933 158.279 0.00289244 2.39362e-05 2.0653 34.6076 1.24905 0.644698 
0.00224214 0.000517326 0.00019082 1.87542e-05 0.0807997 93.6248 0.0176077 0.813335 0.145094 0.854032 0.592298 439.114 8.25729e-05 0.000711811 9.08097 15.8551 1.35479 0.785355 
1.33676e-05 0.133092 0.000552783 1.07862e-05 0.283565 0.0102877 5.70526e-05 1.38439 0.0905175 14.8996 7.69605 328.157 2.04635e-05 0.0011288 3.197 4.39296 1.0805 2.4624 
0.00255127 0.0039826 0.0436097 6.91071e-05 0.00758725 0.838486 0.0291448 0.743247 0.826472 124.04 0.357158 208.915 0.000408629 0.00170993 1.87415 2.85946 1.05592 6.27853 
6.2468e-05 0.00201176 0.0228638 0.00974302 0.00852592 3.09325 0.021939 0.320595 0.0262693 0.431469 0.504056 340.264 0.000260437 0.00357694 3.81546 5.85528 1.16671 1.32803 
0.0324769 0.00695967 7.57882e-05 0.0632224 4.69329e-05 110.419 0.00246795 0.383135 0.065457 1.14567 0.646062 205.873 1.64325e-05 0.0054414 1.78945 4.14661 1.2552 8.86286 
9.66312 0.000203222 0.0630038 1.37782 0.00290218 35.6378 0.0238581 5.18253 0.00614259 1.37068 6.26858 449.437 0.00296993 1.69336e-05 1.57796 11.376 1.4535 5.05575 
2.38964 0.253517 0.517813 2.02898 0.620328 3.07223 3.12793e-05 4.777 0.0108754 0.131723 1.483 262.668 0.000858002 9.07738e-05 1.2729 32.8527 1.45573 1.12772 
0.260328 0.000138257 0.524623 0.0649426 0.00194709 6.82329 3.02942 1.49958 0.0269623 8.06774 3.42837 128.521 0.00418035 2.50161e-05 3.24874 37.5251 1.15624 0.736233 
1.84365e-05 0.95176 0.213096 0.125083 2.7024 21.5064 3.75482e-05 3.07291 0.0942858 24.131 1.69749 33.7335 0.000483839 2.12845e-05 1.50047 23.3713 1.36162 6.93401 
0.00398246 2.16221 0.179964 3.52522 0.220044 10.811 0.135553 1.47079 0.273296 246.384 4.30735 464.499 0.353248 2.73944e-05 1.91918 11.4776 1.41898 1.03175 
0.00101776 0.0483428 0.000360194 0.000878086 4.53307 58.6858 0.000102705 0.691421 0.00208278 0.472148 9.95353 32.625 0.000733162 1.81654e-05 2.19924 35.0673 1.24552 3.01971 
2.5972 0.00175239 0.0313251 0.743423 0.0056607 303.422 0.124614 1.37399 0.355675 5.12558 0.138753 65.0601 0.000142948 0.00331378 4.1012 22.263 0.992852 3.59638 
0.000178344 0.0583006 6.88682e-05 0.0640682 0.00524781 4.2142 0.000309764 0.39044 0.0496367 0.32278 0.0113731 342.595 0.140527 0.0599568 2.49461 8.02464 1.64052 0.749848 
0.983018 0.00649912 0.00717777 0.00172057 0.00337818 7.50035 0.00101793 1.84138 0.0330503 3.35939 1.88958 486.226 0.00362725 0.00109431 2.28026 12.634 1.01028 3.03849 
0.00228726 0.0290214 0.0178571 0.000121157 0.000838231 7.23861 0.00221429 0.17433 0.198962 18.2251 0.0711545 20.5729 0.0749554 0.0017352 1.85729 34.5398 1.56763 5.25123 
0.000104767 0.00933631 0.0113547 5.26246 0.00171695 1584.41 0.0256364 0.321811 0.159868 245.758 6.62344 110.335 0.00042787 3.84546e-05 1.00655 13.2484 2.81735 4.67289 
0.00173015 1.55828 0.177398 0.000869223 1.90717e-05 4.38653 1.8835e-05 0.451211 0.247026 5.98023 0.13062 37.1972 1.82851e-05 0.000797588 2.42706 27.539 1.28318 3.47646 
0.432743 3.73348 1.17412e-05 0.000493831 0.599391 14.7878 0.0337761 2.65856 0.0106452 0.102397 1.5816 28.7908 0.000234171 0.00049397 1.26997 45.2102 1.50898 2.00213 
1.05207e-05 3.86337e-05 0.133858 2.51302 0.00983597 780.23 1.12216 0.385597 0.151657 3.00794 0.0244538 363.045 0.00982434 0.0236818 1.57514 23.4165 1.9982 0.244775 
0.0289457 1.16904e-05 0.000705491 0.00297033 0.0003884 1545.96 6.25539 0.766573 0.342895 16.0627 0.164074 412.813 5.52199e-05 5.10979e-05 1.70061 40.513 1.39198 0.63548 
1.50831 0.692914 8.44715e-05 0.0568575 0.437188 10.5537 0.00179981 1.70591 0.0235858 1.86132 0.427217 214.948 0.000283512 0.00357286 1.08835 38.4796 1.17888 2.61414 
0.0174281 0.0389254 0.000292844 0.0144442 0.00100262 1103.4 0.0136135 1.83945 0.134699 2.13672 0.962723 101.855 0.017534 0.000228505 1.82262 11.0498 1.33317 3.18727 
0.00165141 4.82813e-05 0.000115211 3.63266 0.229243 271.944 3.89618 0.929818 0.00817372 0.0926205 0.723077 378.005 0.000494127 0.0636908 3.29165 11.4157 1.22951 1.03828 
2.84137 1.66962e-05 0.001946 0.0169414 0.102983 0.236039 0.00204409 6.06897 0.0755649 6.7146 0.0440822 76.983 0.370293 0.000177635 0.788843 44.0923 1.99088 1.26647 
0.00173782 0.163137 0.000166962 0.000752794 0.00968999 8.20612 1.24739e-05 1.19608 0.119312 5.3046 1.18313 150.942 0.0158341 0.0123492 1.53446 10.3644 2.45657 1.72208 
0.000182259 1.93205 6.21665e-05 0.000390052 0.0259829 2559.27 0.750446 0.200089 0.0031474 0.024433 9.34403 60.9484 0.000697528 5.4003e-05 1.26115 12.3804 1.65062 8.27536 
0.00179712 0.0409768 0.00228911 0.000448205 0.000202169 0.464615 0.0050128 3.78631 0.0432801 6.41047 5.17315 343.376 6.25879e-05 0.00261966 1.75392 16.2046 1.24136 0.904306 
0.000176914 1.33002 2.61461e-05 4.85343e-05 2.83599 973.012 3.33508e-05 0.857773 0.0275946 0.263734 0.97509 263.258 1.45968e-05 6.38902e-05 1.17414 6.30145 1.69702 3.80589 
0.00805626 1.68995 5.34029e-05 0.00192329 0.217823 142.061 0.0893763 0.677914 0.0342564 2.68646 0.10922 40.244 0.0306791 7.43735e-05 1.21876 15.2507 1.40041 8.49964 
9.58594 0.396237 0.0489431 0.0145177 0.000210401 0.0318465 0.000170646 3.87587 0.864832 0.692278 0.00174661 211.524 0.0367869 1.01346e-05 1.36626 26.4441 1.49917 1.93573 
3.88811e-05 0.000316722 0.00140941 5.46609e-05 7.90338 184.579 0.251494 1.4994 0.0878845 1.60067 0.480693 252.039 0.000351427 0.0538624 1.79097 2.60183 1.24309 5.12977 
5.45111 0.0755013 0.00222133 0.000544189 5.6943e-05 152.057 0.00217456 1.103 0.0055167 0.0941749 2.99854 462.788 2.32725e-05 4.6173e-05 1.39369 6.39809 1.80847 1.58983 
0.00679736 3.42927e-05 0.000132851 2.1624e-05 4.13801e-05 252.861 8.35844 3.112 0.32607 79.764 4.71483 476.448 0.000530531 0.00285743 1.8177 1.49591 1.31435 9.21584 
0.000176867 0.048664 0.000731172 0.0381958 0.00705911 2843.33 0.336352 5.76551 0.00636149 0.025146 8.54269 133.278 0.010439 1.72818e-05 1.16051 17.6607 2.1933 2.03965 
7.42924e-05 1.18766 2.7337 0.000395678 0.000165431 519.171 0.00396518 0.600464 0.0160302 0.0158621 0.16251 73.0283 0.000402431 0.000899616 2.06088 25.4363 1.57771 1.06989 
2.44646 0.063037 0.00027658 0.000139906 7.38569e-05 0.105981 0.649958 1.26977 0.107124 14.1177 1.50908 104.252 4.23834e-05 0.000926924 3.22799 19.2483 1.01845 1.44976 
2.50513e-05 0.00029047 9.12257e-05 0.000336228 3.7044e-05 3.40265 0.0139324 2.71483 0.0443462 0.253906 0.37489 455.257 0.047523 0.00011211 2.07961 37.1515 1.23573 0.590128 
0.00980483 0.000167196 0.0142141 0.161474 0.000243136 0.0157902 1.97056 1.19052 0.0832558 42.7101 4.33475 306.463 0.0281076 1.18443e-05 1.04635 8.68259 1.90263 1.79404 
0.287745 0.235534 1.91163e-05 3.64005e-05 4.93148e-05 0.537139 0.0629918 7.01249 0.0721643 26.9795 0.304856 205.575 0.101533 1.01647e-05 1.84219 7.80006 1.07457 1.50517 
0.000348051 1.99276 0.00113199 8.28278 0.156518 1107.61 0.000143185 1.76021 0.0975897 3.12883 0.210645 400.124 1.88265e-05 0.0477786 3.81784 15.4381 1.37129 0.732332 
0.000424991 4.5068 0.0553305 1.36834e-05 0.0132037 1450.14 0.13648 2.46202 0.00920373 0.370249 6.05098 238.678 0.0114326 0.000875123 1.38444 7.68108 1.64418 2.90934 
0.0209465 0.0019722 0.73946 2.11048 0.0018436 2.4591 1.50325 1.25695 0.690509 14.4677 0.0332059 87.0832 0.00638483 0.00560983 8.22229 30.4495 0.983059 2.0939 
0.0608482 2.77045e-05 0.000415607 8.17906e-05 0.000353936 91.3926 0.00214081 0.428137 0.474775 35.7818 0.962082 30.4637 0.0224999 1.6744e-05 3.30773 27.8064 1.09595 3.35528 
3.47362 0.00284633 0.0259989 7.66252 1.47974 0.0685801 0.124054 5.33037 0.167238 80.037 0.961495 322.502 2.02508e-05 0.000125503 1.03843 8.9335 1.5646 2.69914 
1.23155 0.792196 0.00040871 0.0240909 0.00367667 22.1431 0.0663358 0.356327 0.0175013 1.24702 4.41381 58.785 0.0379825 2.86894e-05 1.24847 11.9918 1.62652 8.7273 
2.96666 0.00284823 0.000161022 2.66283e-05 0.000534231 198.817 0.00252369 0.341234 0.175549 137.106 5.02175 405.878 0.000218137 0.000247549 1.25833 28.533 2.11363 0.246776 
1.46492e-05 4.68416e-05 2.31803 2.07836e-05 6.96648e-05 25.7954 2.08194e-05 0.16802 0.495068 7.91346 0.0387744 326.131 0.0209101 0.000330886 2.02761 36.0178 1.68764 0.280842 
0.0371823 3.86659 0.00162263 0.0682897 5.8396 0.0685811 0.0860361 0.83943 0.0247678 0.152992 0.0175399 45.2978 0.00718368 0.000310753 4.71725 19.7872 0.866367 8.95417 
0.00380752 5.10268 4.70581e-05 0.00699793 2.42703 78.1454 2.24629e-05 1.59343 0.0635334 0.278013 1.02763 148.771 0.0165742 0.00816689 1.95097 5.37812 1.30474 4.76443 
0.61861 2.87198e-05 3.92673e-05 1.38811e-05 0.419022 0.560947 1.10764e-05 3.3232 0.0789791 9.14145 2.60823 81.4344 0.0443058 0.00390482 2.63312 43.6969 1.19276 2.01982 
2.03313e-05 0.365144 0.500963 1.81315 2.37797e-05 118.594 0.0754924 2.52877 0.0667998 0.884401 0.115041 380.146 0.00776714 0.000651805 2.03862 17.9531 1.22773 0.483548 
0.00589602 0.269466 0.000308261 0.0482488 0.0142167 272.175 0.0172953 0.240272 0.10079 145.876 9.75669 254.564 0.016369 0.00417285 2.11883 26.0282 1.78403 0.410066 
0.0280617 9.04753e-05 0.0334453 0.385031 0.000125501 0.188086 6.19294e-05 0.160959 0.00953063 1.1683 6.18324 187 0.000362021 0.0121099 1.50018 32.7255 1.63315 0.740945 
0.00466331 2.6938 3.06749 0.00171272 0.0112847 217.825 0.00273496 0.258331 0.381693 213.987 0.25364 155.192 0.000948767 0.00126983 1.49737 8.42037 2.14696 2.71619 
0.00648849 0.00149793 0.0868553 0.0249628 0.000703659 62.8579 1.32833e-05 1.02661 0.00602229 0.0145807 6.24795 359.48 0.000234564 0.00699785 2.17443 3.70097 1.13227 2.57434 
0.00334842 0.000817859 0.010218 2.16994 0.000514576 145.441 1.12021 1.24781 0.0102946 0.987597 1.38648 54.7105 0.000192269 0.000211213 0.821618 33.0589 1.87967 2.04236 
0.0555535 0.0174799 0.0318745 0.000850948 0.000484028 0.273832 4.25524 2.12502 0.415532 16.3183 0.408364 486.288 0.0203461 1.87548e-05 1.65981 7.0749 2.01391 0.730462 
0.0623315 2.71311 0.00709246 0.0117193 0.0747187 5.7223 0.492796 0.98816 0.250978 2.99066 0.111034 382.19 0.0315094 0.0229793 1.41972 33.7255 2.35136 0.632934 
0.266264 0.00370792 0.0176917 0.744707 0.000377129 0.029296 0.0006627 0.681699 0.131389 3.41709 0.146746 165.342 0.000604982 0.149381 2.73425 13.931 2.13002 1.2169 
1.92395 0.0236156 0.131704 1.49218 0.0166713 0.774516 0.0125565 0.13109 0.23505 180.858 1.74818 357.396 0.00948635 2.33896e-05 1.19712 5.63428 1.85979 0.834895 
8.20578 5.86062e-05 0.000150715 2.52358 0.0108676 0.0244405 0.00192797 5.93408 0.220778 107.475 5.088 113.102 0.00167167 0.000603684 2.16423 25.4104 1.25389 1.80355 
0.00105686 1.5245e-05 5.19149 0.0237957 0.0478346 0.447183 0.306201 0.146664 0.0229366 0.60038 4.05267 62.1166 0.0167989 0.00909729 1.42965 32.1291 1.71566 1.72679 
0.0700284 0.000680724 1.33302e-05 0.195172 0.00152304 0.017036 0.00108146 0.760152 0.641504 11.0449 0.0386011 79.9539 9.26773e-05 0.000439714 1.54912 11.0601 1.26419 4.81217 
9.77958 0.000205771 0.0194823 3.67251e-05 0.000972419 98.5342 0.672617 0.0913997 0.0667923 9.07541 0.748002 91.7062 0.000800355 0.0504651 3.19054 9.74018 1.32197 7.20885 
0.00594456 0.00683002 3.35103 0.00141427 0.0643966 1466.25 0.0346081 0.107185 0.406057 59.7022 1.13526 52.7329 0.535443 0.00826512 2.95894 30.7853 1.17416 2.33799 
0.00519518 0.00897841 1.89136 0.0401592 1.29574e-05 982.658 0.121501 0.154888 0.0115109 0.0312198 5.91082 166.404 0.00337337 7.70551e-05 1.31031 6.30993 1.46067 2.47906 
0.00255521 1.72591e-05 4.27237e-05 0.0553169 0.404984 0.512692 0.000157883 9.15149 0.955316 21.4039 0.282199 140.27 0.0458238 0.000126086 2.12724 17.4816 1.14308 2.18562 
0.000198527 3.89822e-05 0.000663108 5.93839 0.00035354 0.882016 1.56959e-05 0.127016 0.0277865 8.56194 4.70605 38.1628 3.16449e-05 0.00141341 1.84601 16.0861 1.27462 9.59274 
0.0549726 2.29421e-05 0.000287169 0.144619 0.00608116 0.304067 1.22329 0.525309 0.124016 47.9054 3.65077 336.306 0.722123 0.00347748 2.06031 5.42592 1.46608 1.45681 
0.0288468 0.000409881 1.1217e-05 0.00632039 3.8869e-05 0.0500737 0.734878 6.6081 0.00956267 0.0106155 0.163465 292.377 0.000275967 0.000395924 1.38829 11.6829 1.27682 1.34658 
0.00168899 0.000754748 4.737 0.000219323 0.00795745 1.36685 3.22398 0.094985 0.0359822 6.12505 6.59192 109.73 1.8947e-05 0.000197893 1.28656 47.2848 1.43893 0.854576 
0.00632909 0.00124857 0.00100458 0.000833132 0.000316753 50.866 0.000195791 0.26813 0.0108617 0.0652283 0.155265 41.4193 0.0437821 0.000745035 3.70101 28.1323 1.04811 2.85824 
0.0779904 1.06219 0.00158349 0.115138 2.79078 376.381 0.140894 0.558458 0.0202798 4.88947 0.248777 119.443 0.792921 3.78184e-05 3.41711 6.84498 1.34081 7.5711 
0.0021432 0.0139578 0.562145 0.0221358 0.000371508 0.103718 4.95232e-05 0.280856 0.296984 183.643 0.907527 198.355 0.0886952 0.00128876 3.51462 7.83313 1.0911 2.11504 
0.051173 0.727412 0.0220744 1.10222e-05 0.00157617 0.0219742 0.00121962 1.36082 0.0179177 0.291716 0.535846 92.3521 0.00073161 0.0514627 2.69315 9.49847 1.34322 3.39769 
0.000567783 6.48957e-05 4.69791e-05 7.26387e-05 0.76177 1.208 1.49568e-05 0.39435 0.201646 19.755 0.23606 399.209 4.16519e-05 2.12359e-05 2.7931 41.2965 1.30123 0.321029 
0.685762 0.055829 0.00110462 0.000450116 0.0229488 711.196 3.18725e-05 1.37247 0.179169 61.0856 6.79804 89.7426 4.67524e-05 6.36217e-05 1.49752 16.8638 1.363 2.92541 
1.18065 2.18326e-05 0.0182915 2.23283 0.0728822 3.91177 0.1181 2.83535 0.187762 1.86999 0.302505 471.6 0.136405 0.015998 1.246 5.1977 1.50684 7.01045 
1.06437e-05 2.6112e-05 0.0763481 0.14759 0.0242244 1541.53 0.020206 1.43583 0.175958 2.89667 0.0213186 92.9142 0.000255538 0.000874962 3.0038 44.4831 0.988546 0.946697 
0.00094144 0.205815 0.000215779 0.354945 0.000677575 55.2908 0.238672 0.405875 0.00835095 0.677898 2.42436 108.734 0.00961859 8.99912e-05 1.01537 21.7394 1.9047 1.8669 
0.00851792 5.33887e-05 0.009139 4.47423e-05 8.39467e-05 1.6753 0.000720419 3.28413 0.0751952 0.500873 0.061863 82.0273 0.113447 1.11937e-05 1.183 49.6654 1.53076 1.1791 
0.00162922 0.0011104 1.90721e-05 0.000122255 0.00206164 28.1045 4.41324e-05 0.359374 0.150412 1.10664 0.0111108 423.626 0.0249437 0.000175477 1.34766 10.1535 1.18391 1.62249 
0.00177603 0.00143345 0.00235862 0.00248416 0.638596 6.5111 0.00835887 2.10957 0.0423123 0.0223949 0.00247004 60.9235 1.06835e-05 0.000965391 1.45633 37.9049 1.45476 1.101 
3.00738e-05 0.000141666 1.45268 0.000277408 0.00283153 361.886 4.12754 0.300026 0.00976509 0.176539 6.60873 243.171 0.00806923 0.000281507 1.12616 3.6763 1.61437 2.71282 
3.73942e-05 3.1744 0.000643469 8.59621e-05 1.40904e-05 0.872438 0.0339337 0.345096 0.183913 122.475 7.16492 264.237 0.00110238 0.00393212 1.73538 33.919 1.45043 0.247607 
3.57919 9.44715e-05 0.00122635 2.86272 0.331189 76.7551 0.970344 0.194107 0.0259163 9.63575 1.2083 274.337 0.00328027 0.000283759 1.31195 3.16724 2.11588 6.33929 
6.52886e-05 0.00769395 0.104584 0.00786779 0.00271937 1303.88 0.000710302 2.2614 0.0796749 30.9545 0.654539 325.368 2.17054e-05 0.000452218 1.09527 7.02679 2.26235 1.51154 
0.00122429 2.60376e-05 0.00022269 0.00138454 0.026205 0.602611 2.21258 7.47062 0.0885065 0.0141037 0.0147573 392.568 0.0587537 0.00160879 7.09922 17.0588 1.1428 0.919027 
2.20239 0.00314105 2.21263e-05 2.19053 1.38874 23.2553 0.0332396 1.00918 0.0219952 5.67376 1.06859 426.476 0.00758743 0.0138302 1.62539 10.2597 1.38531 1.73662 
1.21322e-05 1.1348 0.0615854 4.39711e-05 0.0827667 3.40552 0.0687905 0.583994 0.0745281 18.0572 9.45286 317.3 0.406054 4.29868e-05 1.64744 8.83858 1.57263 1.0057 
0.0211168 0.00242392 0.0529429 6.45305e-05 0.000122098 285.739 8.19543e-05 0.0843664 0.00249692 0.0740638 1.43863 40.4042 0.00627094 2.37172e-05 1.44694 31.1446 1.17542 3.06696 
2.0686 0.729537 1.43565e-05 0.000326337 0.0972592 0.358003 0.0410961 1.292 0.00233078 0.216896 2.36992 33.6737 0.00330609 0.000353806 1.32692 41.1745 1.16192 2.76896 
1.18984e-05 0.000899019 5.30669e-05 0.000503628 0.00563185 1.77665 1.89532e-05 3.53052 0.141101 4.86309 1.02412 145.307 0.000115737 0.000141232 2.31721 13.3402 1.24472 2.29546 
0.063709 0.000663885 0.0125295 0.00561444 0.0467496 7.9093 1.99933e-05 0.769533 0.317754 351.422 4.53409 89.7011 0.00111843 1.97637e-05 4.42009 42.4877 1.4163 0.728075 
1.64376e-05 0.223595 1.18611 3.36515 0.000897144 20.3554 0.0158281 1.97191 0.0820245 17.8061 2.44493 418.826 0.0497097 0.0214923 1.37494 3.5766 1.42137 2.36204 
7.5532 0.000121169 0.0770857 0.498338 1.87979e-05 7.80152 1.87367e-05 0.961902 0.852653 34.1325 0.0218349 339.927 1.00759e-05 2.0157e-05 1.85499 34.8777 1.20198 0.390354 
0.0591616 0.00443386 0.000145746 4.76679 0.00601576 1804.04 0.00933043 0.66395 0.109689 2.07364 0.209079 271.185 5.16076e-05 0.00314115 1.72024 5.52565 1.30766 2.31808 
0.00390484 0.00175151 2.53685e-05 0.00181689 0.000126789 1.53433 1.12161 0.171702 0.127401 447.356 7.60784 108.689 0.000497643 0.000618139 1.50564 14.2728 1.78199 1.39316 
0.00685917 1.98668 1.25723 0.00261258 0.000837707 2624.26 0.000158725 0.201415 0.280555 245.257 7.04921 295.334 0.0821724 0.000121056 4.05631 8.03341 1.23431 1.25284 
0.00397241 0.000268871 0.00379594 0.429149 0.000391923 0.334301 0.00030898 0.53483 0.0799513 0.841034 0.254365 210.428 0.00279152 0.00436985 3.54126 10.1924 0.979529 2.76693 
0.555006 1.50382 2.63506e-05 0.000325776 0.0124558 54.0976 9.54646e-05 0.0783107 0.127601 59.0485 0.888761 395.446 0.000342201 0.00818226 1.12117 7.71462 1.9847 1.33013 
0.000181335 0.45308 1.69069e-05 1.34629 0.000406226 0.0203543 0.0243138 2.05435 0.193016 157.553 0.59228 36.0534 0.000100781 0.00189757 0.880001 30.2784 2.18571 2.72881 
0.0122921 2.212e-05 1.76135e-05 0.608733 0.28403 355.244 0.014911 0.0984831 0.00445636 0.0259267 2.43492 297.285 1.18446e-05 0.0601443 1.08971 7.38183 2.97553 1.70683 
0.00383242 0.000758206 1.93255 5.7903e-05 0.000406293 0.084311 0.0137284 1.14409 0.149633 1.20087 0.0206407 170.145 4.98951e-05 0.00626509 3.56243 37.0249 1.26914 0.569093 
0.00192977 0.000106654 4.16674 0.347568 5.86622e-05 0.0231373 0.00749548 1.77602 0.0911523 41.8668 8.06376 201.118 0.000306672 0.000699295 1.43833 48.4321 1.57624 0.350049 
2.22479e-05 0.00160552 0.00758651 8.34504e-05 0.00429598 0.107396 0.00049879 0.541209 0.0942896 90.8161 1.34275 151.697 0.0183513 3.60504e-05 2.09423 7.53883 1.26781 2.61458 
1.70722e-05 0.0163264 0.000157835 0.000127045 1.58669e-05 1.46484 0.000264078 0.47507 0.852432 56.3138 0.0215309 61.5388 1.25593e-05 0.00124497 1.30736 7.53807 1.28432 5.52096 
0.00570579 0.0271164 0.0160854 0.00407048 8.64527 0.0849476 0.000187375 3.5672 0.864168 3.68384 0.012932 63.5259 0.00176591 4.75812e-05 2.74901 27.5795 1.17775 1.21013 
0.680508 0.0232563 3.35551e-05 1.02237 0.00477022 0.0226336 0.498516 0.405777 0.161047 104.242 3.00507 40.1346 0.00345866 0.000108858 1.11388 22.8085 1.75463 4.33969 
3.05324e-05 0.263267 0.000344123 0.0523194 1.60928e-05 1923.23 3.0749e-05 0.581875 0.473001 38.9624 0.828048 89.1367 5.34091e-05 0.0028901 1.61755 20.1328 1.29706 1.43438 
0.943981 0.0109781 0.0937984 2.2556 1.26248e-05 0.0204297 0.0109044 0.895376 0.134712 461.29 2.4572 21.2113 0.167675 0.00121421 1.18227 31.0216 1.7128 5.69109 
0.000139703 0.00233954 0.000165548 0.00210738 3.41578 202.119 0.0361188 0.562806 0.116475 1.89624 0.035569 127.262 0.00113441 4.10766e-05 2.36997 34.182 1.20767 0.722264 
0.0550626 2.19489e-05 0.00211444 0.000748248 0.00113519 0.0242404 0.00406556 1.87703 0.0173118 4.01524 7.53036 159.488 0.000408526 0.00820023 1.71365 3.41396 1.32109 7.20801 
1.99436 4.93283 0.494978 1.33575 0.103647 0.40592 0.00253175 0.888856 0.0107454 0.0913913 0.143054 132.001 0.000287049 0.0646446 1.31862 6.03184 1.96579 4.43848 
