1.05998 1.40058e-05 3.32066e-05 3.08816 0.00167858 56.5331 0.300578 1.99087 0.0974485 0.446717 0.000652976 0.96924 0.00169905 0.000239929 0.887421 15.1911 0.00526628 2.6493 
0.0116644 1.06022 1.86834 0.427327 0.00146442 4.27478 0.00160555 0.00107021 0.00251537 0.0414669 4.63012 14.6113 0.0328084 0.0112967 0.0614982 5.62455 1.05896 0.28541 
0.000159722 0.000262157 0.000339911 0.0115968 0.0358388 0.0578212 0.00010273 7.11811e-05 7.01812e-05 19.9731 0.22931 256.145 0.000701525 0.0079368 2.32077 30.6227 1.28327e-05 2.40573 
0.000853546 0.000862427 0.394398 0.917465 3.64923 0.73315 0.0202929 0.000818014 0.0292437 6.13244 8.16611e-05 0.0818902 0.0427473 0.0012478 6.27103e-05 20.6898 0.0102105 1.66487 
0.159031 0.00268707 1.32145 7.91878e-05 4.62803 0.0789237 0.183298 1.71666 0.00413589 0.222542 6.82933 0.840217 0.00318303 0.0185358 4.86873 9.03896 0.00037559 3.06278 
0.000107859 0.0069797 0.425427 1.21468 0.00273004 0.738799 0.000914302 8.22689e-05 0.00327954 2.81189 0.0182892 46.6091 1.97662 0.0191705 4.70917 3.43879 0.111364 1.19978 
0.0002068 3.64714 0.000371497 0.0212354 1.09253 761.413 0.00130056 0.00741982 0.000511385 0.0245011 0.00043481 0.15048 0.000180861 0.00922879 0.0401083 2.1291 0.109981 4.77611 
4.73446e-05 1.79406 0.000476004 0.0616051 1.2545e-05 0.180333 0.338529 1.50219e-05 0.0285935 0.170663 6.52522e-05 68.6054 0.000542991 0.0243752 0.911411 3.98945 0.00217929 3.13923 
0.0108752 0.00124883 0.0789989 1.54992e-05 0.523603 0.845373 1.4315e-05 1.08328e-05 4.0825e-05 150.936 2.78503e-05 0.0119801 1.18186 0.000118202 1.40654 18.8265 0.00150065 9.28338 
1.13113e-05 0.435045 1.61852 0.116799 7.54164e-05 183.99 7.4228 0.00631486 0.00606283 1.20628 0.0023457 357.136 0.706135 0.00205087 2.03597 39.9183 0.000618609 5.1346 
2.79981 5.46288e-05 3.06762e-05 0.626488 2.26115e-05 231.819 0.0406845 0.000121218 0.0639786 228.299 0.0470504 0.521966 0.00676594 0.132244 5.60267 7.16203 0.0010124 0.843128 
0.0301194 0.000880394 0.00160256 2.77303 7.06267 2091.62 0.15719 8.71225e-05 0.00121846 0.329413 0.000233372 1.08155 0.518379 9.99945e-05 0.00185211 15.6654 0.0357706 0.983958 
0.0231212 2.95865 0.0141084 0.0332234 1.97696 33.4774 0.000149529 0.00314666 0.853852 0.0195233 1.83041e-05 296.894 0.000777704 0.0287153 0.288889 6.39008 0.0978537 0.677277 
5.37874e-05 5.25138 2.16188 5.1266e-05 0.00283068 0.492337 0.000338425 3.80224e-05 0.000135178 1.23328 0.000173098 2.40917 5.76638 0.00785388 1.87041 12.1061 0.369634 9.62767 
0.116598 0.041827 0.228734 3.97798e-05 0.141964 53.4326 0.936288 0.00016239 0.11911 2.06449 0.00476268 2.85874 0.257039 0.00357162 9.71192e-05 10.7315 0.128178 0.636428 
1.80686 0.747876 0.072547 0.323653 0.000287967 190.65 0.0132612 0.000105998 0.095167 5.44977 0.0115096 1.94944 0.00558325 0.207363 2.36419 1.89048 3.41668e-05 3.74628 
6.558 0.461922 7.30327 1.81236 0.144848 0.10475 2.01717e-05 0.00262978 2.54016e-05 9.22198 1.66592e-05 250.37 0.0155882 0.00916464 0.947622 16.563 0.00822372 0.924679 
3.1101e-05 0.0426208 0.000521082 0.000428898 3.40304e-05 0.690453 0.750366 0.672315 0.0319362 2.90633 0.627267 0.0901042 0.00197635 1.39163e-05 0.00499646 18.8463 0.0212161 1.48224 
0.00186243 5.25947e-05 0.0447936 0.000688622 0.307276 0.0154699 1.09077e-05 0.335763 0.00425474 0.0137222 6.11964e-05 1.20386 0.0127002 0.000526862 0.0459756 39.2904 0.025341 1.00238 
0.000662046 3.80867e-05 0.00166972 3.0964e-05 0.00105439 212.304 0.0315718 0.267138 1.15715e-05 0.154718 3.86387e-05 2.83221 0.000309384 0.000146459 0.526031 29.5898 0.00261669 0.747231 
4.63237 0.00367631 1.90467 0.00431778 0.00800736 1.2874 0.132273 0.112414 0.0393926 0.0352224 6.16785 0.784127 0.000135853 0.00443103 0.560444 3.8319 0.0269701 1.77612 
0.0338839 0.00142958 2.77979 0.0006061 0.00755472 278.943 0.0304153 0.472139 0.00066664 6.25025 4.89082 0.0138522 0.0473054 0.00548058 9.42035 27.3415 1.4443e-05 2.70561 
0.000137019 0.000212318 0.269676 0.378705 0.00282999 1.68505 2.16287e-05 0.00349181 0.000710384 29.3907 0.00402503 1.0848 0.217076 0.00427394 0.0660462 6.05727 0.19716 9.52089 
0.00762628 1.81787 0.00383387 1.61614e-05 5.03773e-05 208.044 0.0141929 0.00103973 0.000223191 0.262976 0.000192757 34.7219 1.0142 0.254886 2.38357e-05 2.53742 3.67995 5.69854 
0.00425912 2.03325e-05 0.0680086 7.91862 1.29054 9.99465 0.671659 6.30572e-05 0.00220477 367.208 0.545435 0.0282793 0.0113967 0.000300067 0.0343482 12.4524 0.0367008 1.98055 
0.00417798 8.31202e-05 1.3313 0.000266834 0.000139126 0.859247 5.6244 0.0729219 2.65156e-05 0.58991 0.00308021 399.399 8.63359 0.00167813 0.000609998 0.878429 0.338683 2.91532 
0.1558 0.00577195 0.00299467 3.33218 5.38929 320.853 0.807468 3.44822e-05 0.000554102 0.229615 1.93325e-05 467.946 0.00010878 0.026178 4.45496e-05 12.2731 0.295725 8.01383 
0.00991124 0.472183 9.0852 0.278262 0.0714526 23.9668 1.57721e-05 0.000867138 0.0159915 1.03657 1.60312e-05 0.162958 0.0428106 0.000145326 0.00188843 13.4143 0.000333212 3.60864 
0.23512 0.00074771 0.017731 0.114122 0.709451 2865 4.64061e-05 9.58787 2.53516e-05 0.100571 3.80053e-05 10.3592 0.00242241 0.00088979 0.133679 11.3576 0.00232433 3.20844 
0.000716632 0.0155217 0.0152265 3.62854e-05 0.0852575 181.905 3.58887e-05 0.203764 0.00523438 7.46155 0.000168459 0.305375 4.25513e-05 0.00516153 1.53097 33.8695 1.57546 4.59535 
0.000287601 0.000100532 0.00124657 4.57748 0.434759 911.873 0.005673 0.206363 0.00428922 0.293009 0.0493141 1.88509 5.13072 0.580326 6.48994 2.10193 0.00305744 1.71974 
0.0787677 0.000449072 7.21513 0.000146112 0.136856 182.532 1.55946 2.4983e-05 0.00757037 8.95187 0.0125749 1.03214 0.0233181 0.186267 0.0310157 1.20838 1.15848 1.74741 
0.276179 2.38757 0.000630954 0.0349816 0.0156326 194.982 0.000563371 0.000514345 0.153129 0.619192 2.81356e-05 378.755 0.00802843 0.000390515 0.00250162 14.643 0.0253625 2.3925 
1.29177 0.298983 0.00222814 0.129799 0.00125222 17.2528 0.00532326 2.76979 0.0874926 0.0942548 4.0875e-05 164.53 8.48987e-05 0.0286655 7.49325 36.669 6.38157e-05 1.23568 
0.00185392 3.88165 0.00126182 0.0475983 0.00492861 1.6378 0.000752931 0.000351962 0.0216434 7.50613 0.00591079 16.6995 0.0389622 0.0427004 0.613215 10.0185 0.000110002 0.510499 
0.078618 0.00357424 0.0038018 0.0528904 6.57542e-05 4.93794 1.22948e-05 0.0544331 0.00552931 261.52 5.51157 100.767 0.000169286 0.00055499 0.00344079 1.555 3.23138 1.4143 
0.000234068 0.521538 0.190088 3.84198 0.0603169 0.0574879 0.00027125 1.04948e-05 0.00695419 10.4458 0.00203543 6.96112 0.000297622 0.0002386 0.605591 10.3783 2.15239e-05 5.05036 
0.000230125 0.00573635 0.018502 0.0136217 8.17782e-05 1.65991 0.000181985 0.196638 0.0144382 0.0420544 1.42964e-05 9.49922 0.0292388 0.0175078 5.33987e-05 45.6292 8.79043 8.24942 
0.00122988 0.121174 0.000810376 0.565093 1.23935 0.281209 0.0134126 7.79927e-05 0.112858 85.4642 1.5002e-05 0.050391 2.53098e-05 0.00345457 1.86559 26.5627 0.00286307 5.57267 
0.276538 2.64666 0.00906691 0.0448391 6.46181e-05 3.07159 0.000463586 0.0471677 0.000114429 0.657718 0.00018271 13.8246 2.15711 0.0126214 1.01411 12.1594 0.00367262 3.62601 
0.00809096 0.204936 0.0911396 0.000622861 0.00634015 2390.27 0.0015605 0.556987 0.000554648 0.25367 9.70595e-05 2.09558 0.0125011 0.567938 5.12244 1.88111 0.0017501 1.36112 
0.000259484 0.00162948 0.100656 1.31965e-05 0.00121855 0.444479 4.17881 0.00437977 0.0420458 0.0502471 0.000159858 0.0156937 0.000367942 0.025324 0.519824 3.50428 0.00184084 6.05709 
0.000747723 1.92867e-05 0.265273 0.0198446 0.000193258 0.0534944 0.00933043 3.23733e-05 0.110788 0.19508 0.0152174 0.0102147 5.77661 0.0315786 4.10404 1.34656 0.00108332 9.26469 
0.000268147 3.46846 0.0218244 6.15718 3.64131 71.1671 1.8243 0.00138365 0.0129087 3.8725 0.00783646 0.0135967 0.00192282 0.0013856 2.15727e-05 9.19884 0.000150861 9.05258 
0.31705 0.000563048 0.00940821 5.63436e-05 0.000238859 57.9594 0.00169793 5.02901e-05 1.04056e-05 0.0237021 0.0156798 0.078366 0.00360862 0.407927 4.68473 1.59491 1.71641e-05 4.69905 
0.0030691 0.0385821 9.40813e-05 0.00115863 2.69662 2881.8 0.0261237 0.0309434 0.00107557 0.972115 0.00190252 0.670009 1.23116e-05 0.0567792 0.52719 3.05294 3.03868e-05 6.08104 
1.45587 0.238734 2.27524 0.00971846 0.0295874 23.6686 0.425294 0.899394 0.00651604 196.222 3.59331e-05 385.247 0.00136961 0.0105031 0.935835 33.0536 0.0126518 0.309616 
0.000256571 0.0439052 3.14639 0.0108003 5.2097 39.4343 2.52918e-05 9.44525e-05 0.0607888 5.25547 0.344989 0.0290866 0.102782 0.000148738 1.23925 16.3409 4.71766e-05 2.0918 
0.375272 0.000684168 9.68776 1.38827e-05 6.73745 0.839485 0.00186211 2.65289e-05 0.869681 59.3937 0.000369348 79.749 0.00934516 0.035628 1.87751 18.5147 0.00077966 6.56871 
0.42443 2.26052e-05 0.139102 0.357945 0.062101 0.641124 0.0197884 0.000249732 0.00133842 23.6833 2.89458e-05 0.0313834 0.000197898 0.00903723 0.104916 7.36657 0.00770291 4.40855 
7.54472 1.49719 0.0105022 6.01552e-05 0.465744 6.88599 0.000630526 0.304758 0.0243122 313.968 0.000108225 0.0132156 0.000328107 0.000328168 0.0148272 22.0464 0.0171957 3.03031 
1.52012 0.015157 0.00879775 1.27694e-05 9.83683 1.20065 5.72889e-05 1.86751 6.25906e-05 171.982 1.5752e-05 6.59722 4.02251 5.27972e-05 0.290997 48.3937 0.00327187 9.45886 
0.036201 0.000205213 1.57942e-05 0.0184127 0.0234946 0.0670484 0.000121161 0.136664 0.0240086 40.7407 0.0641914 4.42444 0.0714898 1.2379e-05 0.00763455 24.3104 1.23685e-05 2.83885 
0.0945416 0.00748084 0.00299766 0.000107407 0.0213005 1.41358 0.0479195 0.000151175 0.00490999 4.24629 0.0163602 0.0112268 2.21672 1.0123e-05 3.02547e-05 2.49281 0.027904 8.59847 
0.00294371 0.000831478 0.00278956 0.000110557 0.030687 27.6636 0.00385871 0.000855132 0.00713507 0.261321 0.000146866 0.215554 6.41028 0.0018299 0.254024 47.2415 0.00376579 4.84842 
0.0286496 0.000929323 7.97396 0.64832 0.0709565 6.21711 0.00477819 0.55002 0.0138468 4.44661 0.363531 6.09088 0.000278288 0.00222585 0.0816409 3.40523 0.00124649 4.46905 
0.000937814 1.58182 0.0259436 0.00731734 0.00093163 4.39822 1.93831e-05 0.396103 1.53527e-05 0.129276 5.41528e-05 0.163847 5.75011 0.00189196 0.224734 43.4475 0.000358513 0.73626 
0.344884 0.0515935 0.00287619 3.38694e-05 4.18987 1.03388 1.93209 0.000612287 0.00801301 4.27429 1.17235 1.50646 0.000245834 0.236626 0.637694 27.7936 0.24736 0.0330259 
0.140955 0.0126685 0.00385475 0.0314428 0.000427349 132.299 0.000973732 0.000185773 5.33109e-05 111.585 2.03241e-05 0.435693 0.062409 0.000862589 0.115682 24.8905 0.639639 3.90684 
0.903158 2.59216 0.660527 0.0186316 0.0515535 0.0924368 0.109218 0.296592 0.00324021 1.04705 6.74943e-05 433.248 1.18629 0.000964878 2.08065 32.5472 0.000624563 0.760061 
0.000123608 0.000810848 0.00264907 0.0626222 4.13293e-05 2.00192 0.0178684 0.00143929 2.91576e-05 24.8772 0.0855224 4.36386 0.00101889 0.193453 0.239572 1.61743 0.20677 6.88164 
0.246178 0.000115214 0.000434805 0.868238 0.00347091 217.498 0.00228807 4.72656 0.0473156 0.140783 0.00045789 106.022 0.000110177 0.000154279 0.00161889 43.393 0.658973 1.61897 
0.0502507 2.61047 0.489724 0.586104 0.38826 0.0297976 8.81807e-05 0.00418821 0.000649705 1.03639 0.286584 175.857 0.000773271 0.427976 7.17185 14.4733 0.659939 0.406071 
0.602789 0.0637575 2.30365 7.47494 0.000456822 0.154314 0.785617 0.0176478 0.00143118 1.18655 0.00770457 0.0796663 1.27694 0.573594 5.1799 1.29252 0.183865 5.85305 
0.000448831 0.0195228 0.358991 0.00045737 0.0805282 13.0495 0.669177 0.00300601 0.00151766 93.6386 0.132424 3.13813 0.0308261 0.313773 1.68784 1.98293 0.203761 0.772154 
0.00174654 9.25888e-05 0.000600999 1.04127 0.00228315 14.3564 1.99625 9.09357e-05 0.0270692 0.0221637 0.0015668 25.9687 2.31035e-05 0.0069866 0.127522 4.642 0.0514739 6.23254 
4.68249e-05 0.000466444 0.0513486 1.59116 1.89475 947.98 2.23757e-05 4.08985e-05 5.18508e-05 32.4587 0.0259063 0.112767 9.76229e-05 0.00212013 0.000656071 43.2438 0.24018 8.99987 
0.00223843 0.000311258 0.001128 0.13368 0.00898533 0.758785 0.00680661 0.0501602 3.82785e-05 0.32906 5.69549e-05 0.0382842 0.727978 0.000596775 1.16639 16.2701 0.000305662 2.53797 
0.108447 1.78909 0.0218856 5.03387 0.000262617 25.3588 0.120967 0.0102161 0.00136499 4.6856 0.0103456 0.0694331 0.0163334 0.367795 3.49828 5.45479 0.0770589 0.396751 
0.00204457 2.46191e-05 0.0301949 3.66514e-05 0.000468661 0.0103841 0.00118531 0.0837964 0.0114392 288.494 4.97523e-05 2.80746 0.000684568 0.0164439 1.15917 8.69064 2.28802e-05 3.70697 
0.000466492 0.481641 5.67189 1.32702 1.11463 16.4892 0.00204832 0.000151379 0.0279701 0.0130971 4.07498e-05 7.0469 0.0450925 0.00336661 0.11531 8.13444 0.0336453 7.22469 
2.66983 3.45604 0.000686746 0.0384551 9.45441e-05 9.68713 0.0189902 0.0112811 3.63566e-05 0.10737 0.0435412 5.886 0.000212409 0.00347333 1.87339 23.0682 0.162323 1.72259 
0.000888221 2.42536e-05 1.19449e-05 0.0234323 0.000196198 66.3208 0.0775634 0.00353161 0.0443845 0.235919 2.54626e-05 43.9201 0.0147401 0.00192111 0.925435 11.9191 0.0325827 1.19286 
6.06056e-05 1.26025e-05 0.00175357 0.213773 0.00010777 2798.95 0.0125928 0.00556794 0.940901 0.0106823 0.000184663 10.1648 0.00283038 0.0521154 0.63741 3.51582 0.00061988 4.17971 
1.04958 0.280418 0.000732848 7.93975 0.604166 250.42 0.343675 0.328925 0.451491 44.7228 4.69521 85.4416 0.0174009 0.000333905 6.68161 29.0699 0.00136951 4.03679 
0.0318747 8.88835 2.57697 9.04173 2.47785e-05 23.7329 8.95465 0.00954326 1.94993e-05 129.002 0.440618 0.241741 0.000393903 0.00172526 4.0128 13.5208 0.00607097 6.16697 
4.26752 0.0113322 1.44911e-05 0.00283015 0.000435924 0.328454 1.54154 0.00350702 7.11255e-05 328.316 0.000583153 109.757 0.979267 0.00724177 0.908932 13.4964 1.40702e-05 0.603445 
1.84741 0.00117606 0.000786632 0.000323946 0.0284968 881.505 0.35312 0.000259562 3.8757e-05 1.01368 2.1151 7.77716 2.76947 0.145226 0.000888141 5.11073 1.70503 0.323224 
0.0204398 1.26422e-05 0.00073221 0.00119592 0.29403 9.77717 0.251993 0.183833 0.0457245 0.0202723 9.125e-05 58.4152 0.0253732 0.00216867 0.19292 14.9093 1.77273e-05 6.42771 
0.000134468 0.25906 0.0301182 0.00774143 0.00039453 128.584 0.00192433 0.0566129 1.50375e-05 0.07638 0.000294409 0.844526 0.000817266 0.0543015 0.00305668 1.06774 0.379314 8.42577 
0.00889376 0.301812 1.59325e-05 0.00851166 0.245661 0.173237 0.310552 0.794039 1.17054e-05 32.7437 1.91964 0.0143909 0.00246195 0.0164664 0.000564757 4.63755 0.142529 3.11247 
0.000654218 7.14698 5.48234e-05 0.000103019 0.000197668 0.0109516 0.0457072 0.000629871 0.0604534 0.345905 0.488115 0.179918 0.00249939 0.430321 3.67673e-05 3.03395 1.63378 1.97252 
0.000132201 0.0903729 0.0411815 0.000554913 0.0571234 0.093702 4.38552e-05 7.66346e-05 0.1301 15.6711 1.89181e-05 1.63222 0.0460228 0.000173268 5.88682e-05 47.4019 1.53172 5.57785 
0.102383 0.00190984 0.00201927 5.97423e-05 0.130117 295.729 0.00735693 0.195402 0.267565 0.0437061 0.287821 0.0115806 0.0075404 0.0050934 0.0564796 6.1024 6.54439e-05 9.67033 
0.00755053 0.00124643 0.000285693 1.05707e-05 0.013957 461.163 0.282448 0.000369646 0.00342154 1.62641 0.000656002 0.0103929 1.58583e-05 0.00238484 1.50121e-05 9.46555 0.120506 8.44166 
0.0264052 0.0378629 0.000963145 0.00939758 0.284594 502.789 2.73413 0.0164472 5.96385e-05 0.985398 0.974362 0.173291 0.000157397 0.00261106 1.94456 23.9563 7.42829e-05 0.78962 
0.0517586 3.82815 4.44545e-05 0.472223 1.04264 15.1399 2.09358 0.000297672 0.0211364 0.667794 0.00294597 23.7667 0.000132317 0.00561115 0.000205478 7.1912 0.872449 3.41999 
2.54209e-05 0.00458103 0.000122873 4.30435 0.0218608 519.318 0.000667639 0.0522064 0.544267 13.8627 0.00283631 195.552 0.00526753 0.0585096 2.31224 0.202488 0.00236142 3.53423 
0.00358886 0.0001042 0.0177874 0.0100967 0.000140966 0.0110665 1.19655 4.96393 0.0323039 7.49758 0.0179087 277.896 0.00105432 0.00514989 1.57325 5.61784 0.000210061 0.111735 
0.00822686 0.194502 0.0160359 0.00164547 2.47562 0.0241066 1.40218e-05 0.0102964 0.24738 0.0256795 0.000531262 0.0373528 0.350517 6.13409e-05 0.000412054 13.2566 0.799581 3.91806 
0.323277 0.162971 3.44426 0.00540873 0.0141233 3.09002 0.000265443 0.253189 9.62759e-05 3.65678 5.96833 18.4432 0.000990365 0.00013634 0.768005 20.0325 0.00114928 0.964586 
4.2785 0.000100728 0.00345063 0.0111689 0.190998 83.463 4.62351e-05 4.15295 0.0441352 0.282428 7.01673e-05 77.359 1.19121e-05 0.0403253 0.0121689 4.07971 2.00859 6.53531 
0.0251375 4.45041 0.00727209 0.00218554 6.07357 304.022 0.00016397 2.40666e-05 0.036663 1.38696 0.000341893 0.099922 0.623988 1.88528e-05 0.228293 16.3368 0.00100862 5.07357 
1.37734 2.60791 5.61768 4.28843e-05 0.000313409 4.11692 0.0563396 0.0578746 0.000201364 21.9215 3.64021 0.622871 0.000155327 0.00611411 4.0235 39.7256 0.000116712 6.67995 
0.000271026 0.000606773 2.30894e-05 0.00247111 0.000346754 48.2668 0.553033 2.62315 0.781213 4.76423 0.0528199 0.0338856 1.19575e-05 0.000471871 1.18188 40.4356 0.00332073 3.92742 
0.743171 8.77425 8.17861e-05 0.252264 3.08954 0.123233 2.53437e-05 0.0641543 7.71678e-05 10.642 0.00847296 1.72203 0.000556801 0.0877201 0.00993385 12.7999 1.62961 2.75835 
1.00266e-05 3.34365 4.91809e-05 0.00305144 0.0122101 109.536 0.00292003 0.0142878 0.101262 7.25896 0.00970925 14.6844 0.000406021 0.000251256 0.0453087 5.49899 1.25229 0.672369 
1.81518e-05 0.0453471 8.9842 0.00213222 0.00708008 6.44491 2.88973e-05 0.956432 0.00137079 6.15283 0.0344084 89.4884 1.98128e-05 0.00343662 5.86948e-05 28.299 0.176601 0.91032 
1.85454 3.09898e-05 3.54601e-05 0.591641 2.31769 0.571716 3.82714 4.04767e-05 0.000643129 40.6432 0.0188529 1.83204 0.0651102 0.000859408 0.000176411 38.5041 0.185175 0.30717 
1.81667 0.116979 2.67556e-05 0.00252987 0.00968684 0.0261074 4.87375e-05 0.10307 6.27979e-05 314.154 0.0399988 81.9529 0.000585258 0.000731357 3.30271 17.675 0.00163281 3.61183 
0.0937262 0.314697 6.25939e-05 0.0152175 0.00294578 0.130429 2.97545e-05 1.84196e-05 0.00968673 0.104766 0.0882984 0.762741 0.00127987 0.00078153 0.969513 42.1411 0.0438987 2.03853 
1.2191e-05 0.0122949 0.00531871 1.07707 3.81021e-05 0.0730006 0.403366 0.00083527 1.71578e-05 22.964 0.067762 1.58468 0.0649945 2.61328e-05 0.248458 32.9603 0.0012431 0.350303 
1.04815 3.6681e-05 0.000249589 0.00575279 0.50956 0.0112427 4.51771 0.0689799 3.94583e-05 45.2715 2.38218e-05 19.7945 0.0118714 0.000174085 0.0180518 40.261 2.45036e-05 8.80819 
1.12524e-05 0.00743025 3.38343e-05 6.70271 0.313294 3.09989 0.077974 1.3936 5.27724e-05 0.0581599 0.0424374 3.49458 0.000192151 0.571936 8.13297 2.08537 0.000181193 5.28076 
0.00145683 0.0362194 0.0216473 0.0591266 0.0152942 0.0399665 3.09529e-05 1.45122 1.3766e-05 11.4955 0.000709859 0.0873713 0.0283487 0.0163463 1.33326e-05 9.82081 0.35097 0.786931 
0.0311868 3.3348 1.77222 0.00626048 0.211924 0.0308766 6.33256e-05 0.626258 0.000108075 1.11958 0.000818484 0.418455 0.00878081 0.152205 5.3766 3.20176 1.0298e-05 1.8809 
4.46321e-05 0.0213812 7.2422 0.0783506 0.000972137 16.0321 0.000989598 0.00382381 0.273789 0.146775 0.0302557 0.0392286 1.26136e-05 0.00159992 7.12564 16.3443 2.4255e-05 7.06656 
2.11189 0.00114063 9.49755e-05 9.56788 0.0458109 9.81303 0.122588 7.58067e-05 0.00270694 0.0217513 1.46113e-05 0.108099 3.71407e-05 0.0984866 0.0233758 14.5401 1.82663 3.73415 
9.59319e-05 0.000564284 7.85464e-05 0.000278889 1.09283e-05 4.1766 9.68177 0.000424085 0.000378302 1.30163 0.00327481 0.0149152 6.13087 1.23268e-05 2.15865 27.7442 0.00102197 8.3504 
0.00154199 0.000304032 0.00143355 0.0790018 0.277122 1.86338 3.32708 0.0180852 0.000622944 9.42193 4.94 0.025162 0.313168 0.000109454 0.0107123 33.4338 1.72109 3.7323 
4.23833 0.535774 0.0874918 0.0518945 0.063615 7.46264 2.91966 9.19064 0.177163 35.2692 0.00401602 0.0141155 0.0012459 0.67149 7.22792 1.44486 6.16727e-05 8.51451 
0.000254099 8.8998 0.000223206 1.91752 0.152297 7.13099 0.972233 3.33436e-05 0.0756141 1.01872 1.30336e-05 93.8342 6.49818e-05 0.0038309 0.000630783 11.1705 0.497712 2.0886 
4.18732e-05 0.542232 0.000309251 0.000198165 4.37045e-05 67.6335 0.265163 0.0280776 0.000133648 112.423 0.000175478 34.324 1.45903 0.187119 2.84169 17.4185 0.25555 0.0755535 
0.000431785 0.00133539 5.31108e-05 0.00644097 4.7268 1.93208 2.37465e-05 0.0021338 0.0253688 326.855 0.030537 7.97235 7.6768 0.00721124 6.5632 46.0135 0.0172788 2.28823 
3.65586 0.000849356 0.00144578 0.00776984 0.000439657 90.7752 0.00158692 1.50869e-05 1.49506e-05 0.238116 1.84893 0.0226292 0.000870643 0.0733511 1.45681 2.64241 0.00407985 4.9365 
2.24857 0.0248537 0.00165882 1.0483e-05 0.000226267 2065.86 0.995661 0.00221561 0.000675667 0.999603 6.32176e-05 4.49528 1.5448e-05 0.000762055 1.18708e-05 21.1778 0.498163 1.75849 
0.000106801 7.78538 0.372242 0.39129 0.0284815 0.172661 0.000834673 0.44674 0.0260052 1.59618 0.00314861 0.0503707 9.58598e-05 0.220479 0.0779332 0.765156 0.808839 5.30252 
0.000122164 0.000155039 0.997385 1.05463e-05 5.0531e-05 0.0181477 2.24682e-05 0.000392987 2.01152e-05 8.57444 0.00427093 0.190241 2.97862e-05 0.00044612 0.0323505 13.9797 1.81136e-05 3.12757 
0.000875396 0.0031661 1.46156 0.0219294 6.1356e-05 82.429 4.80623e-05 1.38766e-05 1.11269e-05 7.8095 1.94164 1.13175 6.43148e-05 0.030209 4.77014 45.7506 0.043809 0.406452 
0.0360061 3.56476e-05 0.615008 0.000224345 3.76831 0.700265 0.0021463 1.2849e-05 0.0617393 0.0688339 0.00109113 15.1679 0.00314299 0.000158962 1.45518 45.5347 0.00039836 4.76652 
5.36414 0.000346718 0.0519428 0.424228 5.74814 0.684675 0.00814196 8.42808e-05 1.93355e-05 2.91394 0.000328945 10.3914 0.000146269 0.00328043 2.60999 16.5642 2.52057e-05 3.1398 
0.303402 0.0121216 6.08578e-05 8.60176e-05 0.584474 0.0886975 0.0552041 4.67799 0.146739 4.25765 0.39302 0.0220114 0.00346229 2.05612e-05 3.22673 12.9674 0.0779107 7.4044 
0.000151176 0.000291848 1.59048 0.0132764 3.51679 1.0963 0.133322 1.7865 0.000447327 0.649397 0.0192059 242.769 5.03121 0.00019519 5.39632e-05 1.27934 0.534686 1.47385 
0.00323218 2.0339 0.111969 0.178789 0.135135 0.0313256 6.62618e-05 0.733381 3.77047e-05 0.0774327 0.0153388 152.481 0.0231582 0.0979884 1.55996 2.47829 0.00364391 9.30007 
0.052771 0.000136929 0.379666 0.478976 2.55996 235.147 0.376758 0.000755609 1.99377e-05 1.79854 4.06336e-05 341.239 1.67511 0.00735849 0.086254 11.6106 0.18133 1.4767 
0.00206419 1.27408e-05 0.000178487 0.422438 0.000134687 0.0561588 0.00214466 0.00317682 0.841488 9.64624 0.000194559 38.7981 0.0203783 0.271961 0.00683022 11.3285 2.91099 0.37403 
0.966454 0.0697917 0.0419247 0.00172316 0.0307715 11.7631 0.000278779 5.80781e-05 0.356715 0.153 7.64443e-05 0.0259115 2.67603 0.000384436 0.935331 34.2833 0.0574112 0.686788 
0.000334389 0.0346663 0.00332819 0.34112 0.239205 1.26918 0.00030428 2.31442e-05 0.0464591 50.674 0.00910695 204.823 0.242914 0.283628 0.0469319 17.5119 1.17415 0.171609 
0.575756 1.31037e-05 0.0928477 0.00129808 0.359615 0.0611139 1.26168 0.00316935 0.0365772 36.5247 0.00745412 0.0138571 0.419103 0.616439 0.00779131 0.450264 1.95741 4.04315 
0.00486843 0.198433 0.000159598 0.191852 0.529224 19.6203 5.4421e-05 8.20341e-05 0.000148463 8.32138 0.000523347 0.275526 0.010762 0.414856 0.777755 2.15096 0.354085 0.470932 
0.0120102 0.000116556 0.0899829 0.208301 0.0104547 0.443656 1.82411 1.05553 0.0644444 26.5962 2.30543 0.264539 0.00473707 0.277061 0.0411749 1.51025 0.541881 3.12036 
0.000184113 0.492548 0.000899898 0.00142833 0.000422148 0.0466549 7.44884e-05 3.67505e-05 0.000100102 208.903 1.0541 2.80466 0.000336947 0.0315233 0.365915 3.50585 0.00257662 4.93635 
0.173101 2.16283 0.0230348 4.30503e-05 0.0711963 0.0919769 0.00482248 4.77558e-05 0.511157 100.471 0.8146 0.287851 6.39656 0.00210587 0.385473 2.9982 0.210529 0.95696 
0.0089637 0.0150852 0.000259463 2.12822e-05 0.0194391 0.860356 0.0242515 0.00677842 0.00437636 9.63545 0.42014 0.217069 0.000163358 0.00158004 0.0202522 22.7839 0.0577133 5.39209 
0.747816 0.000598013 0.325159 0.0110896 0.000384104 1.29616 1.42911e-05 0.00315726 0.000290955 0.0103723 0.0112441 0.578215 0.000106212 0.00143583 0.00125795 17.4907 0.20889 1.50386 
0.000281292 0.205425 0.00478018 1.37341e-05 0.00194648 37.9995 0.0728364 2.03801e-05 0.00991371 9.92153 0.0698454 11.2881 0.0264718 7.80049e-05 2.91762 7.86348 0.440887 0.785084 
0.00713947 0.00149446 0.00209017 1.81808 0.00245533 80.6608 7.68622e-05 0.000477735 3.7953e-05 28.7334 0.00456514 1.81021 4.4689 2.64247e-05 0.00110201 4.87437 0.040716 6.74961 
0.00480104 1.14504e-05 8.66144e-05 0.0533232 0.00130001 0.0103485 1.11523 0.0199362 0.000148281 0.0109187 0.27165 0.151445 0.00967311 0.127559 4.22678 13.6644 0.035231 0.279213 
0.00942681 0.00327273 0.0246528 0.000222758 0.00604606 7.49864 0.0864278 0.0307901 0.000112509 286.817 1.83984 0.425317 2.71451 0.967034 7.44559e-05 0.279706 0.83887 1.61038 
2.22859e-05 9.29286 0.635457 0.000146228 1.90991e-05 0.0944615 1.85218 0.898916 0.00203321 408.234 0.00701821 410.92 0.000170602 0.354616 0.00345901 6.39147 2.48057 0.413917 
6.73629 0.118724 9.87856 0.00300681 0.000165304 296.029 0.0196174 1.51826e-05 0.000355165 0.741557 5.59747e-05 0.0273327 2.39823 0.00128138 0.00826534 21.5226 0.0950889 3.27233 
0.0134934 1.5401 0.00138743 0.0207143 0.00133623 0.667969 0.0237039 0.000180155 1.28231e-05 0.0252329 0.00567177 0.0459191 3.61807 0.0448124 0.0697275 4.66644 0.936749 1.55733 
0.000182725 0.117682 0.00407046 0.000334883 0.0691654 307.325 3.28295 0.0859332 0.766863 0.0253595 1.87863e-05 50.9624 0.938435 0.306507 9.22211 18.2971 0.0956086 0.242642 
4.45125 0.550834 9.01604 4.1858 0.0202955 1.77012 6.92051e-05 0.136402 0.305733 3.69265 0.0140409 0.222626 1.66433 1.19343e-05 2.19724 26.6798 1.43119e-05 0.402725 
0.000677155 0.0164764 0.000177868 6.33033e-05 1.15002e-05 25.1686 1.08462e-05 0.00070455 2.96674e-05 43.0887 0.0974387 0.0130512 4.4049e-05 0.000190942 3.66154 34.0462 0.00237472 4.18611 
0.000494315 0.00403717 0.8942 8.53443e-05 0.000195449 0.649314 0.0914714 0.00034242 0.000168805 1.2919 0.00694619 1.58037 2.53065 0.000501105 0.000124157 17.9249 0.669433 0.111091 
2.28915 8.52567e-05 0.0154859 0.103443 0.86676 0.0129071 0.00301723 0.0812461 0.0164516 0.104786 0.120606 0.075031 1.35905e-05 0.0114166 2.32789 11.9638 1.69066e-05 2.91132 
0.00573304 0.45701 1.19232 7.40595 1.44451 675.741 0.75177 0.000116528 2.83233e-05 0.10223 0.000621904 0.0316266 0.00191291 0.0106183 2.40484e-05 3.9382 0.464193 9.75658 
1.73652 3.77127 0.00643686 8.64837e-05 0.00028336 0.0356229 0.0403547 0.0218467 4.53535e-05 1.79732 2.81526e-05 0.031226 0.00111332 0.000822867 0.68422 35.4645 0.000814335 1.0517 
9.57281e-05 3.22494e-05 0.00177594 8.89224 0.00367319 642.055 0.000411411 1.53951 0.183848 89.8228 3.34834 20.9339 6.35142e-05 0.000485334 2.12323 43.5094 0.00279066 8.24814 
0.000232755 0.109454 0.00107148 7.32066e-05 7.56564 15.5332 3.19513e-05 4.18561 0.000311774 0.0564602 6.73652 0.12609 0.00364172 0.0468448 0.313512 3.49235 0.000119254 9.89436 
0.00136668 3.04591e-05 0.437729 3.63526e-05 0.000101624 2953.09 6.62198 0.000391287 0.107603 5.76048 0.00211487 1.56287 0.0250991 0.108211 0.803188 2.53769 0.00549253 5.2402 
0.000568259 3.57329 0.00452556 0.00952413 3.51669 1.59556 0.00371393 0.00182505 0.0168906 3.5952 0.0124445 0.0847626 0.000120469 0.0550529 0.138955 4.39008 0.27612 4.52337 
0.000572187 0.0884387 2.78674 0.0102226 0.0884598 240.433 0.197076 0.000866644 0.00174401 277.524 1.32856 0.0386422 0.00352185 0.141538 1.14901 2.74753 0.00176659 5.23128 
0.106618 1.01354e-05 0.000771431 0.0337297 0.283082 831.584 0.014467 0.0002958 2.01821e-05 6.08022 2.93982 17.1842 0.532966 0.170557 0.00251806 37.6598 7.93417 0.821011 
0.00970558 0.0443355 0.197594 0.00115485 1.07737 0.125544 0.000971216 0.000453816 0.120193 248.826 0.000135504 0.171446 4.54365e-05 0.000211035 0.000914209 11.3956 0.0686098 3.03615 
0.0916797 0.237411 0.296929 0.000456806 0.0891301 232.347 3.51122 0.000135539 0.0164029 11.4718 0.000155932 15.6461 4.78578 0.000371523 0.0139316 29.6816 1.32124 4.27936 
5.975 0.000254419 0.122447 8.12157 0.156206 357.002 0.000943657 0.000292689 0.000184543 5.79373 0.0324599 0.316755 0.000277869 9.9497e-05 0.148712 32.0034 0.313678 0.640872 
2.81386e-05 0.00290893 6.31037e-05 2.56998 5.08649 1532.43 0.0210801 0.726692 0.0148019 466.774 0.0725503 0.0164082 5.66346e-05 0.00997124 3.40978 11.4194 0.00012807 1.29677 
9.36147e-05 0.236989 1.53053 0.000118639 2.44334e-05 1165.38 3.67528e-05 0.110396 0.000164436 17.9562 0.000261771 1.46169 0.0895931 6.90927e-05 0.0037482 29.1949 0.304728 2.59313 
0.865541 2.0348 0.000358895 0.00599709 0.142542 3.81102 0.00150923 6.40372e-05 0.00400098 451.657 0.0753664 10.869 0.12134 0.021822 2.52344 41.3032 0.00769725 7.03468 
0.108636 0.555161 5.2244 1.96743e-05 0.354498 1725.32 0.000129279 8.77443 0.000175346 0.180523 0.000175341 1.48853 0.000256659 0.000139269 0.000193768 25.0362 0.775277 6.09664 
0.114594 1.14814 2.36369e-05 0.0741522 0.000187372 0.370171 0.56928 0.0207091 2.37443e-05 4.55657 0.0125799 0.636795 0.0338138 0.00161752 9.83875e-05 13.2699 0.218587 0.798941 
0.089159 0.91 0.179754 0.000101423 0.0287802 11.7068 0.0100076 0.000134686 0.0129328 0.028538 0.000111889 0.900602 0.241069 0.000418756 1.05175 29.6619 0.00149229 9.53847 
0.00626597 0.841261 0.0114888 0.146128 1.68814e-05 0.0328268 0.00692743 0.0153408 0.0737604 250.383 1.84092 0.123511 0.00537581 0.0129859 0.199012 8.67944 0.355701 5.79861 
4.0275e-05 5.53485 0.000919459 2.6262 0.0154407 5.58976 5.97536e-05 0.444346 0.6669 67.2036 0.0129677 0.014111 0.240321 0.00090627 0.502503 17.6642 0.0359019 1.85293 
0.405998 0.0115211 0.000650941 4.49134e-05 0.198647 0.0364537 0.00576589 0.0041936 0.000986544 0.0803611 0.000415545 11.3286 0.038621 0.0417397 1.57314 5.52979 0.0728831 2.24795 
0.444997 0.786369 0.000231024 1.09494 0.0154513 1266.36 0.000918593 0.00237376 0.00886871 91.3497 2.0094e-05 0.0303241 0.0116093 0.00032258 0.0136328 18.5548 0.000875137 5.80894 
6.14012 0.0389401 0.0283292 1.82585e-05 0.00962472 0.42893 0.00716731 0.842842 0.00132505 1.38704 0.00265055 4.97595 0.0327564 0.000314219 1.54135e-05 17.3133 0.11396 0.921674 
0.685735 0.92524 0.446419 0.357008 1.02304e-05 1862.39 2.49863e-05 2.6949 0.00435307 0.54919 0.0488872 0.0107296 0.00165089 0.000104182 0.000189193 45.6077 0.448028 8.69679 
0.453791 0.00607574 0.00222109 1.24349 0.159635 10.6675 6.38952 4.06316e-05 0.962395 0.796374 0.000919609 0.137175 0.022851 0.0134886 4.45555 31.0454 2.49835e-05 1.64608 
0.177194 0.514022 0.00304379 9.50608e-05 0.423865 2966.47 0.000228686 0.00120997 0.000266316 12.284 2.98356 0.0102053 4.29945e-05 0.000111153 0.773663 27.8491 0.00101041 1.38526 
5.04366 0.412951 0.000202041 0.46815 1.17066 380.914 9.86238 0.0831133 0.273831 1.87781 0.00474566 0.0651664 0.0100254 5.35979e-05 2.65469e-05 15.9523 0.142856 4.79931 
3.733 1.02819e-05 7.74156 9.06649 0.0104875 2.24981 0.00216413 0.0554837 4.45559e-05 39.6504 0.714017 0.174712 0.0277044 0.0701549 0.849744 3.66566 0.317637 2.76047 
0.0375737 0.157372 0.00478424 0.0010799 1.06874 54.6472 0.00219525 0.11856 0.00815918 50.049 0.0595903 1.3563 0.230407 0.0129262 0.00209566 10.5935 1.61996 4.16127 
0.880267 0.00252109 1.82691 0.502819 0.00899491 0.410576 9.43508e-05 0.000455807 0.000197511 34.7061 5.31004e-05 174.331 0.0129053 0.202079 1.77954e-05 2.41586 0.940068 6.31401 
3.64972e-05 0.000827907 0.00229784 0.0230407 3.30444 0.101502 0.786711 3.65426e-05 3.00885e-05 1.46579 0.00395897 14.0749 0.0041697 0.000764662 0.412118 10.444 0.0006346 7.95325 
0.0162058 2.55356 1.56341e-05 0.789912 0.00176764 1.30872 6.33489 6.08707e-05 0.266238 1.64682 2.29061e-05 57.1083 0.00208882 0.000183492 1.04289 15.4744 0.00694153 7.11931 
7.44674e-05 0.00087046 1.20229 0.0236401 0.238234 932.551 0.160695 2.42964e-05 0.00123837 1.32665 0.00964254 7.83027 7.93461e-05 0.014282 2.14612 11.6171 0.217874 2.23502 
0.000177272 0.0837866 1.91825e-05 0.000162056 0.000840253 126.458 0.000722456 9.66477 9.05227e-05 42.8185 7.93207 0.0974383 0.000603488 0.123476 0.000124253 12.5257 0.911495 0.189963 
0.00544005 0.116249 0.000760579 0.293334 0.0524688 0.0116946 0.00234859 0.458316 0.000114883 3.50843 2.7212e-05 0.658167 5.96394e-05 6.75664e-05 0.0374241 23.5113 0.268776 9.59978 
0.0580953 0.238236 0.0198571 0.403737 0.0111456 269.889 1.56543 0.0670948 0.00268242 18.8416 1.01087e-05 5.41683 3.45218 0.190029 0.00215399 1.31474 1.48078 4.70047 
0.0501027 0.039131 0.00030854 0.000872079 1.53062e-05 0.317434 2.51134 2.59444 7.77957e-05 273.467 0.00145969 0.10289 0.302708 0.0543884 9.22461 9.91578 0.00242102 5.91431 
0.0214648 0.0944749 0.00348862 1.5681e-05 0.718049 40.9909 0.000119644 1.90184 0.00480418 0.227833 0.00145242 2.79755 2.51517 0.00208549 2.61266 15.7028 0.0368619 3.15325 
0.845831 5.733e-05 1.83494e-05 0.000513801 0.425009 134.14 0.0931178 0.00411242 0.050057 152.762 0.00315265 0.0216276 0.00262442 0.0115638 4.08028 33.0959 0.0118123 4.1057 
0.0105823 0.000455733 3.84225e-05 0.0331499 1.27396e-05 0.46063 0.00440506 0.407798 0.0026141 0.188675 0.000344889 327.049 0.0339263 9.98767e-05 2.09758 23.9163 0.0372148 1.92716 
0.786566 1.34647 6.17914e-05 0.00079033 0.0970306 0.411441 0.140698 4.53086 0.000295546 0.0284044 0.00105621 8.0091 0.0524449 0.392647 1.32861 1.21921 0.352676 3.5394 
0.000239805 0.000916842 0.0269897 0.0450456 1.05815 0.215286 4.07579e-05 0.890537 0.0569258 7.42637 0.0217748 0.0131066 0.00726902 0.00126951 2.26597 39.9904 0.000109313 9.67589 
1.2202e-05 0.00222775 2.13279e-05 4.59933 8.90085 13.772 0.350413 0.00022674 1.80534e-05 5.9769 2.93099e-05 480.833 2.78994e-05 7.07684e-05 0.0252512 44.5659 0.00570425 6.9271 
0.120305 8.80558 0.00560667 3.27829 7.2113e-05 41.6652 7.3003e-05 0.04403 0.000196757 0.619652 4.76179e-05 29.0289 0.530155 0.000417708 0.317321 16.9236 0.00287286 4.96373 
0.000619233 0.00057494 4.1223 1.23179 0.00128604 362.904 0.195816 7.45683e-05 2.65919e-05 248.994 0.00130134 2.28037 0.000219776 0.0471662 0.000197961 5.06297 0.58966 4.28003 
0.000171301 1.46373 1.08039 0.000196513 1.78729e-05 1227.61 0.00131924 0.00914052 0.000172994 2.24361 0.000420423 0.13233 0.00293227 0.000496054 0.0115747 13.0271 0.000210299 6.21514 
2.36248 0.00108664 0.711318 0.252811 0.00621858 125.066 0.00695196 1.22885 1.5943e-05 368.101 1.32448 145.649 4.60934 0.00184021 8.03968e-05 14.2686 1.5342 0.609682 
1.29834 0.0115375 0.0636771 0.00287736 1.24461 1.91564 0.787513 0.0115584 0.00334381 344.952 0.186552 15.4506 0.000152954 0.0183642 8.81357 42.6706 8.43012e-05 0.992346 
8.72559e-05 0.00137803 2.05958e-05 0.00784388 0.0776946 0.079814 3.55482e-05 0.00119416 0.000296005 0.249623 6.6475e-05 0.300123 1.66285 0.917958 3.38816 0.966225 0.00612906 8.42997 
0.0936264 1.14621e-05 3.25494 0.0013775 1.36392e-05 1.32937 0.104385 2.24352 0.000144336 0.0177398 1.76102 81.3132 0.00743828 0.063678 5.95329e-05 15.9733 0.763579 1.17666 
0.00164429 0.0727508 0.00212868 0.112289 1.17842e-05 67.4534 0.930296 1.09168 0.70592 141.007 9.62314e-05 42.8116 0.000219202 0.804979 1.9168 0.928731 0.0609203 2.14696 
0.00045278 0.488438 9.31805e-05 0.00120159 0.149342 111.727 0.000109688 0.855996 7.59968e-05 75.2666 0.00709986 0.0124424 0.000323171 0.00123253 1.63165 30.0789 8.87779e-05 7.04983 
2.86867 1.30556e-05 3.04489 0.000664311 0.157238 0.0260256 0.528829 0.0135301 0.00850169 0.0873205 1.21863e-05 0.0186152 0.0074965 0.000313264 0.00505735 15.2612 0.0585775 2.20591 
0.673256 0.0262107 0.000489153 0.0040794 0.022321 1121.12 0.00555093 0.00195655 7.2759e-05 317.561 0.630109 45.0575 0.00330843 0.166131 7.76923 5.38521 1.24275e-05 8.23639 
3.81393 0.000211752 0.0011078 4.96921e-05 0.172867 50.0242 0.00105379 0.105955 1.74197e-05 0.0107136 7.51025 0.421349 0.000337747 0.209363 3.08809 6.07323 4.00367e-05 5.33196 
8.69317e-05 0.773307 1.21533e-05 0.00590354 0.00115836 0.0121853 0.150512 3.56232e-05 0.000210486 1.3228 0.107254 300.287 4.8392e-05 0.309244 0.00271149 1.46649 0.880289 1.99557 
9.97068 0.0124909 6.30673e-05 1.24575e-05 2.44206 0.0736473 0.244524 0.0483949 0.327452 0.0535111 4.77731e-05 2.82113 0.506337 0.0782747 0.00812478 38.3567 4.88974 8.3449 
0.000264607 3.6615e-05 0.178885 0.00375759 0.184133 800.305 0.128285 1.01514e-05 0.000785973 228.408 1.38205e-05 118.007 6.02277e-05 0.0316133 7.9942 40.262 0.00203503 6.03105 
2.16447e-05 0.000687031 0.621467 0.00151871 4.09733e-05 0.0612856 0.964008 0.000116703 0.0929415 0.156522 2.397 0.09236 1.21887 0.000160222 9.51278 2.24267 0.000754171 3.13439 
0.00504379 0.978992 1.32316e-05 0.00715572 7.60657 64.6263 0.777127 0.00799783 0.0124985 0.0106107 1.69507e-05 0.0185199 0.000135841 0.000137639 0.0111672 11.4853 0.102382 2.80622 
0.0468022 0.209273 0.328319 5.44833e-05 1.87843e-05 1.74618 0.0075856 0.0730386 3.03179e-05 1.56606 3.42296e-05 115.769 1.95065e-05 0.00273538 0.472695 32.5678 0.0271513 2.56069 
2.75086e-05 3.11427 0.00896207 0.60059 0.000154503 0.51145 0.0857589 0.0172344 8.94152e-05 4.93109 2.11979e-05 1.06594 3.25438 0.825767 0.0649791 0.343566 1.72304 8.36321 
0.00962702 6.97088 0.000121203 5.81649 8.84027e-05 0.0486998 9.23023e-05 8.83597 1.25216e-05 0.0174344 0.130594 64.1167 0.00694399 0.000830301 0.790934 31.2264 6.79493e-05 1.12097 
0.00992231 3.76138e-05 0.000178568 0.0510589 0.000919417 15.1172 2.15955 0.00756065 0.913087 217.044 2.63697e-05 1.41409 0.00602699 0.071242 2.92727e-05 3.97383 1.66949 2.11472 
9.15281 0.0967997 2.30677e-05 0.451901 0.000102838 62.187 0.37027 0.19553 0.0348607 29.7675 0.000118825 0.0706512 0.409554 0.000165454 0.0519674 17.5842 3.35054e-05 8.3491 
0.00719376 0.00162204 0.000812214 0.0531889 0.000109545 783.71 0.00834223 1.61129 6.36023e-05 2.67332 4.4686e-05 5.61152 0.0173783 0.298595 0.0582961 20.6779 4.39765 2.79837 
0.000680635 0.00706715 0.35284 5.46287e-05 0.00890076 27.5953 0.072766 4.42138 6.4358e-05 5.30527 0.00075143 18.2558 0.0286136 0.00375228 3.03106 12.4475 0.059693 9.10451 
1.58446e-05 1.31502e-05 0.0510538 0.00304283 3.76919e-05 0.125791 0.700593 1.60397 0.00117174 1.66322 0.000188628 12.4915 1.31735e-05 0.0302912 1.22657 8.80583 0.0541408 1.45196 
1.59134 0.000397034 0.878933 0.000316882 0.000976634 0.624121 0.000512496 0.961722 0.000523459 7.985 0.081125 3.17564 0.096021 0.0625378 0.863812 9.10281 1.56822 5.85409 
0.0524155 8.60599e-05 0.0976869 9.94537 0.203362 73.9769 3.53879e-05 5.16384 0.000259063 289.878 0.0149056 180.836 0.000218473 0.079091 1.37049 28.2051 0.221709 2.14084 
0.00105901 2.83568e-05 0.234369 0.0339869 0.00610836 1242.32 0.000545325 0.00524376 0.00105416 15.7665 0.172841 0.440744 0.0233367 0.0070503 1.01488 7.22419 1.45719e-05 8.26823 
6.43529 0.333416 1.33637e-05 2.66803e-05 3.36742e-05 32.4892 0.000336621 0.0495106 0.0692898 2.89284 0.357188 0.0235372 0.0744785 1.10049e-05 1.35451 14.9926 5.00976e-05 7.16129 
6.24355 3.23123e-05 0.000111755 0.000109719 0.00103927 73.5185 0.26186 0.000122056 0.283821 2.62716 0.0173344 0.0214853 4.927 0.0570988 0.00129451 2.43278 0.640638 1.70718 
1.70849e-05 0.000535613 0.193829 0.00196752 0.331062 0.0219928 2.68988e-05 0.0420417 3.75829e-05 139.328 3.04724 1.87681 0.0529439 0.000903908 1.23999 24.7055 0.00985512 1.89304 
2.772 2.27367e-05 0.00557247 0.00680198 0.598959 14.8425 0.00120867 0.00793223 0.079505 0.317557 0.00113429 1.10412 0.00399966 0.362091 0.0199216 0.542484 1.01884 5.98815 
3.15177e-05 0.00101793 0.140481 0.000263642 0.00145042 0.174773 4.04201e-05 0.0193073 0.00410109 0.0776311 0.00501554 0.106587 0.0403477 0.000647551 1.24826 30.6634 7.35925e-05 4.17684 
0.000119597 0.000154451 4.47508e-05 0.0886137 1.23434e-05 8.96724 0.000256438 0.0903205 0.00443429 0.0145283 0.277238 0.176513 0.0187503 0.0289078 1.772e-05 4.59158 0.705346 1.40633 
0.0735985 0.000186404 0.000475325 0.050877 0.000332879 1177.52 0.819034 3.62987 5.93856e-05 0.0112809 0.000140663 0.395779 3.62124 0.186897 1.87392 9.18989 0.170234 0.452872 
0.00177797 6.45743e-05 0.0309132 0.0381359 4.39703 104.85 6.13969e-05 2.77518e-05 4.33335e-05 1.3824 0.00053697 2.00679 0.000694157 0.00563495 6.99122 28.4585 2.33808e-05 3.45011 
0.641105 1.4132e-05 4.2715 0.06851 0.000631432 6.73855 5.85027 0.0212394 0.000301286 0.416038 0.000107776 0.176078 0.179526 0.456534 3.09228 6.90466 0.107751 5.70766 
0.00078175 0.586987 0.00133871 0.0414636 0.00300352 2.02283 0.141486 5.6132e-05 0.00225365 220.493 0.0644391 0.293575 0.0814723 0.0380374 0.0251573 38.8912 0.373276 0.133274 
8.96163 0.420081 0.00046625 7.39542 0.127494 2.07932 0.778395 5.50679 0.0662716 0.0172447 0.0664471 0.148089 0.00622498 0.0110986 2.79679 9.42991 0.035072 7.07633 
0.000909497 0.000918408 1.66232 0.000400263 0.00025513 0.180488 1.27373 0.330725 0.00308631 1.33372 5.14219 88.8871 0.367311 7.35511e-05 8.18571 8.86785 0.0325956 0.250031 
0.953486 0.017399 0.000153554 2.97169e-05 0.000493095 62.0637 0.192058 4.29244 0.799786 0.124601 4.33391e-05 11.973 5.33089 0.0130715 0.227823 5.90047 0.00979285 3.98903 
0.00148137 9.41559 2.94888e-05 0.0941562 0.00249846 280.316 0.32509 0.00260142 0.0103506 0.320358 0.240547 0.385194 0.000924721 0.00685304 1.72648e-05 4.19647 0.346873 8.64225 
0.000450679 0.0013217 4.43072e-05 0.210612 1.17038 0.0111331 0.0314798 0.000741678 0.160216 12.5256 0.00343301 0.0450803 0.00180409 0.0999765 2.3542 14.65 0.125207 2.02767 
0.0784759 0.0124022 0.228984 0.0156245 2.92091 0.250634 0.0795236 0.000572896 5.48566e-05 0.0371277 0.000416553 5.85163 0.000304794 0.0444642 8.03592 20.8508 4.75273e-05 2.20055 
1.82499 0.0229044 0.225313 1.60958 0.00048307 14.5637 0.46348 0.329594 5.2118e-05 21.4428 0.996453 0.801303 0.00130018 0.00241057 0.0388001 41.2009 0.0289812 0.74797 
0.170914 0.823153 3.41911 0.00370628 0.00298129 20.5863 0.000442141 0.859275 0.0161048 3.73936 0.0869227 0.0479992 0.363511 0.140345 7.39965e-05 1.24442 1.27068 6.60558 
0.0360316 0.964172 1.0012e-05 0.0394484 2.39613 182.692 2.70524e-05 2.9412e-05 0.000224344 414.56 0.640528 18.3426 5.75669 1.4159e-05 0.0651218 22.6785 0.304855 4.28318 
6.87941e-05 0.0445613 0.000165555 0.354192 0.000100049 0.121189 9.43776 9.60654 0.11298 116.9 0.000705271 14.5304 0.00390658 0.00478237 6.36932 41.4417 0.000739425 2.20554 
0.000119007 0.129491 0.237292 1.13335e-05 0.000559043 0.011068 1.44282e-05 0.00124228 4.67928e-05 3.55784 0.246051 0.018776 4.25146e-05 0.00343075 2.52643 30.175 0.00197452 6.011 
0.00441711 0.00421601 2.12707 0.0316775 3.86107 0.364516 0.000324722 0.000485103 0.000155199 137.882 0.00144049 327.381 0.00664083 0.62539 0.000207419 10.6741 7.66704 1.14522 
2.0201e-05 0.00086513 0.000658575 0.613216 3.77861e-05 13.2735 4.4057 0.509628 0.0368695 363.042 0.018036 0.0192977 8.51136 0.0590342 0.00146203 8.76554 0.885732 6.54385 
0.000180822 0.000255218 0.38137 0.837298 1.06291 1547.69 0.000109451 0.18699 0.164131 0.0300789 0.0767794 0.392153 0.513284 0.00691976 0.0872204 3.00145 0.616961 5.30303 
9.17596e-05 0.0260959 0.000123448 0.0991719 0.0577449 209.982 0.0923688 0.0580279 0.000191577 0.695254 4.92001 0.023109 0.00269493 2.58243e-05 7.19251e-05 17.4404 0.266495 9.66382 
0.608982 3.43838 0.309728 0.000748648 0.00141531 15.1404 0.0172592 0.758366 0.00175513 0.0184811 0.94089 0.016286 0.000243295 0.449954 6.02129e-05 0.598543 0.426433 1.00319 
1.74896e-05 1.63419 0.174937 8.89734e-05 0.000291597 651.252 0.00018221 2.09505e-05 0.0023854 31.862 7.74146e-05 14.9018 5.2161e-05 0.00804343 0.000147043 8.121 0.587897 6.94443 
0.68642 0.0586223 3.55402e-05 0.000610237 1.42881e-05 34.0092 8.98315e-05 0.00116508 0.021065 1.32763 0.00263943 0.0274621 0.10264 0.0826642 0.00143923 12.191 1.26202 0.319614 
0.40544 0.0238396 0.00153101 5.65962 0.000331887 6.36669 0.000421182 0.00133038 3.66981e-05 0.276306 0.00104762 43.184 0.000373056 0.0342224 1.20967 7.84051 0.000140298 8.45462 
4.37284e-05 5.54244 0.0301796 1.32548e-05 0.326206 0.438551 8.58498 0.000161411 1.37346e-05 11.5841 0.434628 0.394357 0.0475828 0.00231534 0.10394 43.5588 0.213475 0.228015 
0.0299666 0.0246961 0.221567 0.0202927 1.59292 0.598959 0.0836759 3.5663e-05 0.000648261 122.672 1.63881 2.17926 1.41323 0.000957377 1.27072e-05 5.45705 0.17215 2.86566 
0.00131817 8.47897 0.000918527 0.000175122 0.00133251 0.0107828 0.186779 2.62425e-05 0.300589 5.53933 0.000187865 10.3164 0.000457439 0.0618524 0.167786 35.3028 1.36342 3.32156 
8.1557 0.0023054 0.583812 0.000261666 8.9068 19.2701 0.000116587 0.00010339 0.000202633 3.14122 6.55922e-05 0.551957 0.0101629 0.0176848 1.43803 7.57891 0.01293 5.04249 
0.011782 0.0829318 1.31282e-05 0.852792 0.0068261 3.11685 0.0012025 0.354598 0.000595809 268.139 8.85977 35.0963 0.365513 1.27484e-05 0.392571 7.32096 6.86068e-05 5.28549 
0.00252263 8.16414 0.0378876 2.03321 0.387785 0.152629 0.0137902 0.000746598 0.00760696 0.175069 0.000796461 14.2507 0.0016729 0.34746 2.91505e-05 4.25978 2.32629 0.538331 
0.00182774 4.50193e-05 0.0126265 0.000136657 0.000156708 0.210894 0.00559437 1.30671 0.261026 22.9748 6.23139e-05 2.98778 0.702188 0.0070066 2.78162e-05 7.49261 0.245286 1.42481 
0.00203209 0.000626209 5.58312 0.230058 2.99004e-05 0.122167 0.418595 8.95044 0.00149028 0.0100685 1.25818e-05 0.0504613 0.0157694 0.000403945 0.000372666 23.9584 0.291803 1.00156 
0.376923 1.7476 0.0074686 4.91052e-05 0.00254341 0.187945 0.286232 0.0339101 0.000616573 0.0509066 6.88026e-05 1.77254 0.00111397 0.000989164 0.000211773 13.6059 0.101899 5.98406 
1.33614 0.00217018 0.202482 0.00327015 0.0390642 387.425 0.0189639 1.01337e-05 2.31971e-05 1.74741 0.00020359 0.0324346 0.0630015 0.000243008 0.495879 32.5515 0.000942591 1.34848 
0.00137384 0.000389413 0.00272852 0.00776711 0.0139818 5.50555 0.00119433 0.483483 0.00254226 6.42005 0.000706511 0.916983 1.39235 0.0081083 4.70471 40.8983 0.000733126 0.330183 
0.00230853 0.000111385 0.0252611 0.0212204 0.569216 2424.16 3.295e-05 0.539231 0.000119739 0.0402369 6.43207e-05 19.8628 0.31681 0.312022 0.0860544 12.5397 1.2791 0.285093 
0.000924219 0.0310406 3.56891e-05 0.0347016 0.000125383 0.164442 1.55821 0.0228776 2.32673e-05 1.2262 1.98813e-05 5.45958 0.0239245 0.000215309 1.67657 22.2576 0.0326682 7.65293 
0.0180856 0.0107547 3.87104e-05 0.000173258 0.000458308 0.236569 4.14538e-05 0.0854218 0.0160945 4.32082 1.62678e-05 71.8544 0.66516 0.00108417 1.19871 35.739 0.00236141 0.970076 
0.00126043 0.166582 0.111119 0.00214718 3.7471e-05 1.3576 5.87148e-05 1.13874 6.53355e-05 1.24298 6.70266 0.0187935 0.000979789 0.000214149 0.762777 37.3674 0.00204673 2.31991 
1.24335e-05 0.00316783 0.0622441 6.53325 0.000139671 1.97967 0.024864 0.484241 0.000985221 2.94611 2.78466e-05 163.918 0.00422098 0.0162705 2.95709 39.9726 0.0811786 0.362075 
0.318326 0.0471664 1.04186 0.120349 0.027536 1568.47 0.000979017 0.334523 0.100568 22.9826 0.452646 147.622 0.14398 0.0462115 0.0210692 1.40579 2.76152 2.53438 
5.05397e-05 0.00273042 0.000104159 0.00252031 2.08387e-05 7.63716 0.000700783 0.00252152 4.57626e-05 0.393798 0.00587491 57.1339 0.0402371 0.0129649 0.521807 17.1109 0.119741 1.74652 
0.00676075 0.708979 0.00070342 0.296861 0.272782 0.408757 4.66502e-05 1.2485e-05 8.72002e-05 1.0269 7.84232e-05 0.0334652 0.224841 0.168148 0.00096632 1.43363 1.69962 6.49894 
0.120766 1.7028 0.184706 0.00048515 0.0681724 748.605 0.174447 0.29119 0.0535473 149.351 0.00120859 0.0203219 0.000310292 0.025407 0.951701 20.6233 0.0523762 7.7943 
0.00204474 0.000788218 0.0180613 1.34878e-05 0.0037302 0.0331262 6.29222 0.000226252 2.06012e-05 230.172 6.04618 10.5387 2.13992 0.00981205 8.27221 12.1679 0.000466013 2.70848 
0.233827 0.000766189 0.00664365 0.00109226 0.000211584 2.90022 5.90877 0.000328457 0.226422 20.4039 7.60295 4.26645 0.000976913 0.0154702 5.55296 17.2455 0.487576 0.319932 
5.58263e-05 6.70331e-05 0.192566 0.00232142 2.96659e-05 101.79 8.15826e-05 0.000394883 0.211388 8.39733 0.00082722 15.9618 0.000119871 0.0462878 4.63907 26.2158 0.0100931 5.57742 
4.59178 1.3783e-05 1.47132e-05 0.00239025 0.398438 236.38 0.0021617 0.000839953 0.00188242 0.272081 0.788745 4.63162 2.25365 0.0962716 0.0081976 5.59602 2.53244 0.92097 
0.234935 0.493631 0.0289925 1.37579 0.290594 358.625 0.0290155 0.00012193 0.0394925 252.591 0.0126026 121.281 2.71709 0.299792 0.0629501 0.490176 0.350522 5.07759 
0.579596 0.0175117 0.938742 9.76581e-05 0.2377 105.74 0.000808506 1.10498e-05 0.000149271 62.6241 0.0217291 0.282323 0.000670238 0.0384853 0.0182024 25.3336 1.85569 0.531871 
0.00118147 2.7257e-05 2.88458e-05 0.000235887 0.0465428 0.935899 0.262195 0.0550171 0.000532973 0.0517906 0.000407296 31.7482 7.0347 0.000430868 3.54678 4.34838 0.0503465 1.62213 
0.497993 6.31252e-05 0.00147813 8.27036 1.38522 1.31356 0.00260397 0.734675 0.000957553 0.0641215 0.0014163 0.344165 0.0072364 0.0048345 1.21148e-05 35.4891 0.801129 3.23822 
1.55447 0.000748518 0.676171 0.000242799 0.000183096 12.1697 0.0843653 1.39273e-05 0.0588564 9.41125 4.11992e-05 0.138413 0.274244 0.000157868 1.09004 25.9916 0.00780816 6.52685 
1.35233 0.42825 0.679223 0.0942776 0.176545 0.0270971 0.00300463 0.131654 0.0282776 0.353958 3.16011 10.7136 0.00435559 0.00159228 0.0102865 0.73223 1.26104 4.46024 
0.0902833 1.05655e-05 0.107687 0.000483053 0.0513824 0.0131751 0.00792527 0.000192447 0.0132644 159.955 4.0058e-05 54.7604 0.0158188 0.000640418 0.198631 10.792 0.143134 3.78502 
3.96348e-05 0.000573892 2.47936 0.000136775 1.44646 1.59219 3.08733e-05 1.23245 0.0020957 2.83583 4.01445 13.7179 3.76318e-05 0.00617513 0.189754 8.45279 0.0876894 2.54394 
0.0911188 0.000364925 2.61391 0.274358 0.00245806 21.5319 0.00203468 6.58142e-05 0.355297 325.498 4.17828e-05 0.010462 4.25315e-05 0.12448 1.69389 21.3407 0.129852 3.65814 
0.213975 0.00829977 8.69353 0.713005 4.66115e-05 1.80875 0.000652885 0.114507 0.857904 0.587316 0.00100431 0.154345 0.00244683 2.80505e-05 0.0247294 30.27 0.00658574 4.57801 
7.70536e-05 1.90396 0.000366308 0.00191293 0.20402 1.71774 0.00738406 3.37007e-05 9.02928e-05 33.0783 0.0106864 25.5247 0.168095 0.00917621 0.221167 14.7147 0.216213 1.49361 
0.134976 0.425972 0.836412 0.0264794 0.00486148 41.1838 0.0284191 0.00314075 0.000784947 327.234 0.000178198 0.945525 2.72335 0.000126844 0.240477 36.7772 0.00768261 1.63803 
2.35586 0.00842242 0.474038 0.000127084 0.164641 24.1556 0.00335214 0.392015 0.214038 21.6372 0.0018798 0.718821 2.19551 0.000235096 1.99218 16.7895 0.00136561 6.54242 
3.76785e-05 0.00385558 0.00617827 0.0203152 2.6409e-05 0.0384749 0.00137457 5.21595 0.0558072 208.73 4.06238e-05 58.3634 3.38811 0.00570449 4.99069 28.2288 0.0147596 3.08612 
0.0897045 0.78739 0.0004944 6.27929e-05 2.68963e-05 2.68083 0.489088 6.15241e-05 1.15235e-05 0.481295 0.182174 141.425 1.72428e-05 0.189763 0.0555563 26.5821 8.87236 2.8167 
2.72677e-05 0.0274416 4.51438 0.0170214 0.000483696 200.4 0.00170703 0.000166508 0.000233875 89.0539 0.0158229 19.0627 0.00339942 0.000852974 0.147782 19.0683 0.4926 1.39183 
0.0307866 2.14632e-05 0.000455577 0.000137572 2.28008 0.0985533 2.24098 0.000706944 0.163352 0.317247 1.72578e-05 42.8446 0.0662526 0.00263829 0.598293 25.7596 0.013669 6.32714 
2.58336e-05 0.000562649 0.29658 3.16891 0.256268 3.44143 0.00129574 0.709477 0.256774 160.649 0.188533 101.38 0.00190241 0.0876853 0.000153714 11.8488 8.84268 2.51701 
0.00137868 0.0002199 1.51416e-05 8.68833 3.16902e-05 0.179119 0.000751748 0.00160445 7.87235e-05 5.10361 0.107741 117.539 2.82156 0.000546442 0.191028 20.9935 0.296712 5.3015 
0.00661767 0.279644 0.00306891 0.000224759 6.67846 476.755 0.000267553 4.24528 0.0449476 1.59278 0.192689 8.97327 4.9428e-05 0.0830782 0.640302 3.04368 0.0220368 8.05014 
4.47848e-05 0.00553574 0.367483 4.27938 0.00996558 0.275381 0.000144144 0.459826 0.17912 2.87427 1.66088e-05 82.5662 2.33564 0.357224 0.504966 31.0319 1.8752 1.27904 
0.715165 1.69666 0.0496943 3.2506e-05 0.162436 0.275702 1.30559e-05 1.19328e-05 0.0319587 1.43674 0.112051 0.705966 4.5048 7.66685e-05 0.000157419 1.91039 0.773596 2.01156 
0.140561 0.000109335 0.000114874 4.32474 0.0692437 0.033378 0.00427326 0.0871852 0.0126535 0.0180021 0.0264993 1.51633 0.00330656 0.0205629 0.0751283 23.996 0.355175 6.91968 
2.82686e-05 5.67182e-05 3.55697 1.38993e-05 0.000364998 0.0797893 0.00128302 0.00307099 4.22921e-05 0.0177886 0.000686989 0.0607674 0.01415 0.000716563 0.0133635 9.61018 0.0921947 6.90366 
1.64927 0.000448833 3.93371 4.2428 0.00512992 0.268793 0.0011328 0.719526 0.0891827 0.0247685 0.0195854 0.1916 0.000268268 5.06243e-05 0.0013492 30.054 0.0962453 7.5669 
8.34083e-05 0.000626393 3.24556e-05 0.00724079 1.43792e-05 0.132867 0.484242 0.0356371 0.000182981 0.0947268 0.000337851 126.94 0.051578 0.0271519 0.082477 18.7897 0.595438 0.538856 
0.000569781 0.000587351 0.45437 1.85842e-05 0.000706555 29.0844 0.000108282 7.96204 0.267491 7.21228 0.000169189 2.0619 0.000981496 0.122836 1.83636 2.58357 0.0671696 1.85104 
0.00293015 0.00305989 0.400636 0.053806 0.742499 814.46 2.22202 0.8403 1.50668e-05 1.1388 0.00240542 0.0103816 0.000182623 0.00250513 0.503755 27.4506 0.0149223 5.05923 
9.82108e-05 1.08399e-05 0.00089768 5.2227 0.00381732 0.0268742 0.0562995 0.0175557 0.00042281 0.114191 2.14987e-05 24.8404 0.000158324 0.001407 5.65511e-05 18.8115 0.866623 3.16251 
0.000192551 0.00606602 0.00637933 2.85547 0.000268379 0.447488 0.822061 0.000365429 0.0192885 104.057 0.0603955 0.0464705 1.50109e-05 0.000367381 0.160272 28.9818 1.455e-05 4.22589 
0.0158426 5.45426e-05 0.0250281 0.000729973 4.16699 0.294288 6.0322e-05 0.056913 5.9793e-05 1.19118 1.04689 1.08869 0.0127323 0.00398202 1.69502 29.9192 0.0580765 2.72175 
0.0173083 1.12312e-05 0.00283154 0.0038915 0.0034367 151.857 0.623026 0.00440573 2.51237e-05 1.25354 0.00695862 1.37208 0.00130545 0.00672988 2.18484 19.1535 0.000163852 1.07265 
1.11704 0.000951075 0.877565 0.00425338 1.0445 0.0293364 9.17239e-05 0.439616 0.104309 1.96087 0.148989 0.833719 0.0013781 0.447399 0.00092453 0.345215 0.695614 7.47433 
4.44982e-05 7.15054 0.69266 0.297177 0.111705 1917.55 4.54223e-05 1.29591 0.00279624 122.813 0.00043625 0.0223242 1.04138e-05 0.000187092 0.000502718 16.9548 0.174871 4.56272 
0.0360755 0.0370512 3.81339 3.38141 3.62342e-05 0.214981 0.0284818 3.00236 2.71044e-05 2.8148 7.66326e-05 3.77155 3.62682 0.189833 0.446871 2.90409 0.272905 3.1948 
0.00312679 2.4135 4.61515e-05 1.79332e-05 4.97936e-05 0.0239814 1.02106 9.78447 0.55636 3.22003 0.00305839 0.216318 2.41965 0.135621 0.476058 8.95803 1.83838 1.07503 
0.932004 3.54655e-05 0.0016688 0.00194233 0.0155161 5.11831 1.56866 1.72044 0.0815511 0.470806 0.00315294 11.6163 0.0266603 0.00378964 1.986 19.9687 0.4991 6.22233 
0.0110662 0.0389179 0.00276559 0.0028901 0.0291075 197.011 0.00486019 2.86109 0.0107305 0.0456871 0.223503 37.108 0.0841732 0.000347304 3.92378 8.43073 0.0443723 4.16642 
0.120778 0.642131 7.52696e-05 0.324079 0.000101729 0.78928 0.737216 0.000981166 0.00119555 0.545948 0.000481679 2.15401 3.85781e-05 0.00153263 0.134067 18.0452 0.0486568 1.79695 
0.0298618 1.05345e-05 0.000129602 0.00829826 1.10947 81.6793 8.99292 0.0125284 0.470998 27.9728 0.0932313 1.05833 0.00111697 0.0174728 0.898192 12.6396 0.0822416 6.98038 
0.00097862 0.260862 2.70185e-05 0.120747 5.66754e-05 739.664 0.00201312 0.111361 0.124343 462.216 0.135887 0.143827 0.00322057 0.0334828 0.000616875 9.93595 0.628944 0.604431 
3.41096 0.0472912 4.65877 0.000937736 1.64238e-05 0.0998461 0.795865 0.0010341 0.000721144 0.416254 0.0856435 62.7226 0.0014313 0.00175058 2.92258e-05 26.7906 0.344969 0.448796 
0.20833 0.00137695 3.7524e-05 3.00331e-05 0.0156966 0.187157 3.30163e-05 9.16189e-05 0.00246322 3.31994 0.000300177 0.7352 0.00751426 0.064183 0.00178955 25.6285 1.22902 0.433244 
1.51014 1.53759 0.241074 0.129632 8.76285 0.0965517 1.94061e-05 0.000366059 3.78263e-05 2.64543 0.0436244 26.8755 0.000141766 0.000105679 0.201885 39.3638 0.00026588 3.57152 
0.000390319 0.932793 0.352541 6.81331 1.7922e-05 1871.51 2.13333 0.0614166 0.00480374 140.398 4.53175e-05 211.281 0.00552656 0.140216 1.08429e-05 5.68454 1.43706 2.31529 
0.477979 3.03026 0.291997 0.0131729 7.06339 3.67424 2.96985e-05 0.0160533 0.380228 0.590086 1.84891e-05 0.0565715 0.269101 0.32259 0.00803661 5.61814 1.65155 0.466288 
1.18779e-05 1.91202 0.0187321 1.25518 0.000497358 1800.6 0.598511 1.83101 3.70915e-05 22.7069 2.39945e-05 1.25143 0.000147678 0.0396444 0.00392595 6.45181 2.15171 6.36824 
0.00731906 0.0231631 0.000836509 2.93093 8.56906e-05 6.51502 1.65416e-05 1.07651e-05 0.0408465 31.9778 4.21398e-05 0.391878 0.250866 0.401145 0.00205574 22.3191 7.71165 2.67945 
0.0377352 3.67918e-05 0.0200832 0.00116831 4.32544e-05 4.87184 0.000289754 5.73907 0.00174388 115.147 0.415888 448.093 0.115751 0.000154589 0.20704 20.6542 0.0677224 1.15709 
0.00740201 6.7086e-05 5.63903e-05 0.0409622 0.0104916 0.300407 0.00405472 8.84217e-05 0.0302485 7.18474 0.22051 2.53652 0.0169444 0.101582 0.665583 9.40367 0.257258 0.766056 
0.0001011 0.000279614 2.94202 0.000212237 0.000720906 36.8021 0.0673275 0.0312167 0.145367 0.102661 0.100009 0.0287043 6.17478e-05 0.00221211 5.56785e-05 22.8148 2.5708 5.63427 
0.0232132 1.60618 0.0014378 0.00075251 0.600645 1.24366 0.00590396 0.385953 0.000139465 0.33582 5.30569e-05 0.2073 0.00170843 0.072727 6.32288 39.4795 1.66063 3.29996 
3.80219 0.630726 0.0465399 0.00237173 0.00228985 382.526 3.70123 4.10997e-05 0.000787137 109.38 0.00677882 0.173993 0.000495615 0.0991014 0.000240986 3.59597 1.50495 1.58732 
0.422942 0.00024076 0.000521393 0.520463 3.0445 922.017 0.000625044 0.0313985 4.64575e-05 1.16923 0.0508477 0.151882 0.00509905 0.0324125 1.88391 8.74885 0.000522993 8.10158 
0.000125966 0.00453164 3.65832 0.0888548 1.00613 0.0554109 3.91299 0.0182266 0.000102617 332.384 0.712058 4.87903 0.205324 0.00202781 1.38717e-05 10.4822 0.430372 3.31058 
5.38037 4.16209 0.0205538 0.00271458 9.18175 0.0144766 1.22555e-05 0.00777196 0.000118427 61.8313 0.437743 0.173845 0.000212742 0.0339436 0.000190823 5.7556 0.869869 1.65679 
0.0309614 2.43994 0.00123711 0.000328277 0.117396 0.014228 0.024771 0.422358 1.11485e-05 34.0124 0.0162089 1.78981 5.69026 0.107645 3.5163 12.9399 0.103946 0.880257 
0.000222006 0.199991 1.33146e-05 0.312378 5.44344e-05 573.834 7.33129 0.0115281 0.00812179 0.649178 9.12825 1.72353 0.0064942 0.427085 0.0500528 1.39584 1.5673 3.77042 
0.012836 0.0007668 0.00679571 0.000433407 0.58352 1882.72 0.264938 0.0145217 0.00210351 4.50051 0.0067678 4.64474 0.0340694 0.172902 0.498528 14.463 1.34561 0.428874 
0.00795852 0.862141 0.0134885 0.05484 0.00676381 121.074 7.72159e-05 1.53801e-05 0.0488832 0.146937 8.59889 0.297116 3.8365e-05 0.0411836 0.120369 10.5893 2.77476 3.69925 
0.114052 1.00653 0.000440237 0.193047 0.730817 1.51714 8.83879e-05 0.00013513 0.0186979 245.071 0.00259341 63.9561 1.6951 0.000108098 0.0414408 37.04 0.364082 8.57863 
5.09307e-05 0.0112909 0.0285328 0.000436622 1.4386e-05 921.875 0.237648 8.4376 0.000919152 0.102236 0.000176835 0.440134 0.0477694 0.000710883 2.23653e-05 23.7526 1.6213 4.09842 
0.00242042 0.0839982 1.63571e-05 0.000163881 0.0115037 187.842 6.47521e-05 0.00409584 0.0142706 59.6139 0.000211001 82.88 0.0250526 0.0154919 9.09851 35.1708 0.00443116 6.13675 
0.342766 0.0554663 0.0309728 1.6978e-05 0.000354767 606.271 0.302574 1.75303e-05 2.16628e-05 354.885 8.01976 9.38745 0.0515819 0.00256239 1.90409 31.1921 0.0345366 1.90566 
0.00135663 0.031739 2.03117e-05 8.7358e-05 0.000330751 0.261496 0.0170079 0.0132416 0.000994359 0.209456 0.393898 0.416288 0.683469 0.00867122 0.00925605 5.78204 3.76157 4.17027 
6.3805e-05 6.93561 0.00424221 0.0350786 0.0034139 1.96234 0.165751 0.00744232 0.00476207 0.0838064 0.000339825 241.999 1.40751e-05 5.5002e-05 8.68266e-05 18.7739 0.291735 4.78128 
0.000395943 6.34092 1.1381e-05 0.000154053 0.0696452 2.29759 2.31812e-05 7.65715e-05 0.00579036 0.307098 0.00321454 40.4676 0.000309238 0.24002 0.328242 21.7582 5.29102 5.98752 
3.03756 5.68905e-05 4.05879e-05 0.000615759 0.141681 413.064 0.000610588 2.87713 0.00011088 0.0943119 0.48912 18.3049 2.85994 0.0155469 3.70186 3.89999 0.380239 1.49786 
0.00788543 0.0401207 0.729897 1.00825e-05 3.2932 703.611 3.10155e-05 0.311433 0.000546151 0.0107952 0.000213076 4.3024 0.00022777 0.00584275 5.0522 47.5481 0.0292089 4.59226 
0.0296735 9.92325 8.7304e-05 1.1107 0.252919 822.461 0.0276473 0.276234 1.3675e-05 124.229 4.078 0.288437 0.145915 0.0015425 1.17671 16.6067 0.057909 2.56996 
0.04915 0.00642962 6.3841 0.000204894 0.000722381 137.57 8.13042 0.0013762 0.721203 28.2599 0.000295066 0.610989 0.010299 0.999796 1.62859 3.08468 0.49175 1.21996 
0.00459764 0.00216397 3.50177e-05 3.18582 3.55037 622.94 0.40565 0.000151507 0.000662474 213.225 0.026792 2.10062 7.4308e-05 0.0422897 2.69712 9.01397 0.0831672 1.78995 
0.0135853 0.000128164 0.00387093 0.305963 0.000351065 0.993778 1.48923e-05 2.48919e-05 2.09478e-05 20.5517 0.0365386 61.3591 2.50433 0.187876 8.08228e-05 2.51793 1.20226 1.53925 
3.60983 0.219965 0.187486 1.17545 5.84791 3.75249 0.0101097 0.000340974 1.78248e-05 24.8925 6.82773 164.058 6.14118e-05 0.000347782 1.02955e-05 8.85521 0.139334 6.99778 
6.83918 4.54091 0.000198929 3.15636e-05 0.0976032 3.48631 1.15633e-05 0.00237409 0.00131626 0.26999 1.46298 0.035488 1.85465 0.239272 4.61659 2.42059 0.0877102 3.63753 
0.801115 0.0152108 8.12708e-05 0.00258349 6.65911e-05 600.094 0.000154912 0.00985 0.00125068 140.737 0.00419705 0.170061 0.572322 0.0087473 4.62553e-05 47.2951 2.41856 0.651772 
0.000120243 1.47027e-05 9.26597 0.121771 0.00115204 917.478 0.193817 0.782544 0.000417889 1.90802 0.0479957 0.250148 0.0269864 0.0844784 0.0011886 4.7253 0.99875 5.11004 
0.0111829 0.161013 0.246585 1.7503e-05 0.000204318 0.0441882 1.1289e-05 6.37706e-05 0.00497432 0.0318523 0.988336 3.60778 0.182214 0.302026 6.62162e-05 1.75946 2.67196 3.88619 
3.58025e-05 0.000171468 2.05601e-05 0.00185206 0.0200484 3.39747 0.00156884 0.013882 1.39041e-05 3.31082 1.93928 0.0107869 0.00015785 0.306873 1.07201 14.4152 0.421817 6.50588 
1.5615 0.0321033 0.000240302 1.48683e-05 0.310736 2817.56 0.000114948 0.465079 0.0122025 100.692 1.01627 14.6151 4.99853e-05 0.0751559 0.029579 2.48045 1.16977 6.68149 
3.07903 8.86696e-05 0.000728218 0.390965 0.0206467 0.185407 0.000719015 7.55496 1.16582e-05 432.813 0.000616827 106.64 0.000181163 0.455729 1.81266 7.0148 1.6725 1.05618 
0.000818105 0.00996646 0.121114 0.420365 1.27852 477.074 0.842227 3.50736e-05 0.0919482 106.09 1.83567 4.25757 2.1033e-05 0.630432 9.82916 10.6446 0.137532 1.10376 
0.0402211 0.0153491 0.000762729 1.21024e-05 0.00150996 6.14354 0.21614 0.000153489 0.000482077 1.14792 0.000363374 0.0983993 9.75358 0.0481458 9.90198 22.4818 0.0304347 6.6414 
0.0172515 0.062834 1.98602 0.000145737 0.00987111 0.328865 1.11214e-05 2.52215e-05 0.000217573 1.41373 2.05267e-05 0.569986 0.00694778 5.90449e-05 0.0298238 37.1447 0.0277762 5.67515 
0.000157337 0.0598397 0.131225 0.0132005 0.000779097 0.0249639 1.9099 0.00076142 9.13599e-05 55.8544 1.70426 0.0494115 0.000847702 0.021591 0.576175 6.70312 0.138111 4.9099 
2.43896e-05 0.218174 0.573243 0.0970395 0.000107994 334.887 0.0993452 4.98856e-05 0.0664088 41.2748 0.469938 0.534411 0.000280048 0.293596 1.22152 7.49204 0.424649 0.855816 
0.239967 3.30206 0.00018248 0.203414 0.0204578 40.2258 2.66749 0.00135913 0.032915 0.0216794 0.000109553 1.01099 4.59189e-05 0.0559534 0.00222973 19.9926 1.1252 0.591713 
0.000371861 0.00115599 9.40119e-05 0.000110722 0.0424394 0.0931602 0.00152528 6.09785e-05 0.000533453 5.36997 5.71413 0.674973 0.459477 0.105325 0.00857985 16.9285 1.80222 0.462551 
0.605581 0.0160047 0.0003054 1.48576e-05 0.464486 140.305 0.501752 5.27189 0.000174559 1.19835 0.15631 1.99827 7.65046e-05 0.162891 0.0781453 21.5258 1.62511 0.312176 
4.73329 0.171153 9.14743 0.0216187 1.94294 0.017717 0.11046 0.0152762 0.000139707 52.0409 0.00360122 53.3896 0.00035691 0.00797844 0.0819375 20.3959 0.588665 0.665238 
0.389919 0.309376 2.49096 0.00700436 0.0609193 5.36179 0.00106016 2.69012 7.16754e-05 274.052 5.00951 113.243 0.000478981 0.220811 1.57071 1.62023 0.218103 5.82435 
2.86991e-05 0.690017 8.49553e-05 0.309141 0.032034 792.742 5.43517 0.00149663 0.0254117 0.0946123 2.76077e-05 133.541 1.61375 0.000547033 0.303782 47.2634 0.718793 6.05722 
0.00178427 0.203897 0.000609657 0.000540904 0.000271084 14.7088 0.0632444 0.0124273 0.160231 1.25338 0.0118885 0.018916 1.34595 0.0222381 7.69723e-05 16.4465 6.32448 6.19721 
0.0937576 0.838376 0.0116327 0.000212834 1.3208 6.11999 0.000156935 2.26057 0.000272034 0.0543148 2.0596 172.379 0.0433114 0.00769507 0.11948 7.06395 2.02512 0.833533 
0.00483275 0.000115456 0.00135423 0.0440491 0.00248344 0.0273072 0.00243924 3.62374 0.0439514 85.772 3.31558e-05 0.146076 1.62367e-05 0.0363088 1.45427 8.99438 0.0735504 3.39993 
0.963151 1.87141e-05 6.77527 0.0414315 0.0346321 0.0432373 1.06951e-05 0.150959 0.000470867 2.26383 0.00202565 4.99947 6.17026 0.081625 0.0113964 29.507 3.08482 0.820506 
0.000285656 0.148043 6.32836e-05 4.58851 0.00108116 8.7224 0.082465 1.19168e-05 0.0245548 99.3164 3.31782 17.7781 0.00104235 0.0245993 0.153967 40.4473 8.40147 1.1615 
0.010652 0.00253301 0.000246348 0.00502379 5.26771 0.153166 0.00159992 1.87108 0.0361611 65.8315 0.275497 23.7035 0.00946935 0.012319 1.60074e-05 22.0723 0.834592 3.63466 
0.00347928 0.00138674 1.21293e-05 0.00168952 0.00160731 4.92243 0.0886993 0.00487844 0.000106326 3.80145 0.00867764 25.0019 3.25956 0.0313265 0.00265939 4.02434 0.548398 7.48104 
4.95558 2.08918 7.824 0.00159167 0.0396712 354.877 0.0770774 0.000377526 0.0221746 12.3951 0.000902965 0.558077 4.52492 0.0520863 7.26651 17.078 0.0169302 8.06724 
0.00313379 0.000156374 0.0162045 0.025392 5.86159e-05 11.2613 1.40131e-05 0.0214277 4.62847e-05 0.0351832 0.0104414 8.34524 0.134815 9.10025e-05 0.255505 19.7408 0.307381 1.61344 
0.000345784 0.404943 0.0328409 0.00296919 1.0593e-05 0.34544 0.182196 0.232418 0.000328392 0.0239017 0.00105911 5.29897 0.000878288 0.450254 2.85305e-05 3.60735 2.34155 1.30747 
0.000435018 0.0948363 2.11369 0.0140039 2.195e-05 138.1 1.13531 3.99576 0.560927 206.431 7.29628 0.015194 0.00198842 0.00634838 0.451487 21.5203 0.0361819 8.98191 
0.0358462 1.36889e-05 0.00642277 6.48706 0.000891946 1797.28 3.35989e-05 0.00122272 0.281704 260.597 5.27161e-05 0.715997 0.000275322 0.00459576 0.0170208 12.097 0.3318 3.04524 
0.145769 0.281277 0.0370342 0.255639 0.0859347 0.119162 0.000557661 0.012021 0.00058949 11.5484 2.90947 0.104829 0.00118128 0.000156635 0.000791182 12.3078 0.165191 9.61595 
7.5296e-05 0.0460222 0.481683 0.09325 0.00128418 27.9883 0.000159465 0.00113325 2.41671e-05 0.015554 0.00891356 0.0574168 0.0008489 0.00102124 0.000184167 24.4016 0.334779 1.57717 
0.00844969 0.0099597 0.0808658 4.14711e-05 1.08634e-05 213.01 0.000363779 0.290329 0.00072727 51.0904 3.90226e-05 0.0604986 0.238395 0.0130026 0.114237 13.9755 1.14883 4.30503 
0.000908602 0.00472438 0.259015 0.0217526 2.46067e-05 887.937 2.47221 1.37421e-05 0.0452984 0.863204 0.000884179 9.69499 5.65963 0.0429321 0.136203 3.34932 0.658936 8.92569 
1.2589e-05 1.1154e-05 0.755673 0.0170564 0.00117407 55.9389 2.4405e-05 1.4027 0.0166923 0.39136 0.00820824 0.0665442 1.7527 0.0301293 9.4736e-05 11.3772 0.961127 0.678924 
0.00387225 1.39672e-05 0.000610402 3.68214e-05 1.63158 0.0399796 0.348458 0.17587 0.00488815 0.39614 0.878309 0.189485 3.97105 0.00153003 1.12786 37.4098 3.04658 1.51366 
0.00784968 0.0673202 0.00522799 4.58374 0.456786 104.351 2.49639e-05 1.37938e-05 0.00820858 1.98139 0.0037807 0.0135015 1.55277 0.000378739 0.000904899 6.89641 1.45367 5.92694 
5.56295 3.30938e-05 0.000181475 0.00505064 0.00169938 21.8914 0.000404983 1.96242 0.56892 0.313846 7.95318 0.161413 0.00120748 4.76483e-05 4.02575e-05 30.3968 0.748327 3.80676 
0.00247449 8.99538 0.170882 6.03059e-05 0.000444645 0.512944 0.892776 0.312333 2.43429e-05 119.245 2.59481 0.0310336 0.109432 0.0203983 8.98005e-05 26.787 1.90745 6.50256 
0.000234318 7.41165 0.0290759 0.00165968 0.00268501 1.47514 0.00231765 3.23028e-05 0.192442 1.89553 0.0360436 0.0577861 3.2678 3.96261e-05 0.00408331 2.1078 0.579401 5.99544 
0.0161476 0.00101439 1.16711 0.208653 0.000559809 1986.79 0.00618084 0.00140107 0.000642223 271.321 1.49416e-05 0.115716 8.85162e-05 0.000448782 2.14224 39.8094 0.0705254 5.123 
5.94348e-05 5.51982 0.00367733 0.0093819 0.0515109 6.85479 0.00494033 0.00048041 0.164191 2.07597 0.0106731 44.7114 0.0360396 0.229494 7.40009 4.6169 0.851763 2.29725 
9.19668e-05 0.112415 4.53422e-05 0.00451437 0.000137236 881.444 0.0414902 3.03853 0.00133694 43.8852 0.0113862 201.506 0.0339641 0.0382507 0.000621803 41.8583 3.26643 2.94952 
8.06355 4.83784e-05 0.0154618 0.00136449 0.000290851 0.889066 1.19793e-05 0.00141241 0.00098161 38.8614 0.89165 1.2855 6.35523 0.213398 0.0119023 6.26404 6.13091 5.35493 
0.000111006 0.000229724 1.43519e-05 7.2653e-05 0.0273386 1336.14 2.00379e-05 0.335262 0.000108836 139.685 0.319979 2.82849 0.00587479 0.000199641 1.0701e-05 22.572 0.237193 8.21736 
0.0140569 0.0126055 0.00405847 1.71392e-05 0.979314 58.7703 2.38783e-05 0.000984037 0.00149182 0.369939 0.103243 1.74303 0.000793104 0.381101 0.00458336 1.65294 1.39798 2.89003 
1.14389 0.000207091 0.0052673 3.79895e-05 0.00273113 22.9953 5.46753 2.20151e-05 3.18452e-05 173.048 0.00346022 46.9894 0.00109844 0.686631 0.0423124 1.56589 3.68756 4.23767 
0.0016188 1.42051 0.024713 0.00903479 0.11432 0.0355243 1.11717 0.0764313 0.0568558 0.0142685 0.000168142 201.739 0.00100115 0.0334316 0.000137593 4.31994 0.928716 9.68372 
0.000375013 0.677106 0.308783 0.0813488 0.0556347 0.0113627 0.00139816 0.00735135 0.000726447 0.125849 8.7566 0.984868 0.0371686 0.0159372 0.00101825 4.87784 0.619182 1.75176 
0.00235775 6.43232 7.20139 0.00210846 4.87144e-05 32.0537 0.746487 0.000771175 0.00068041 37.1105 0.00611629 8.01625 0.000409522 0.50807 4.23638e-05 16.8601 4.42247 0.739005 
0.00837357 8.83865 1.08073 0.000604247 0.00306638 55.2147 0.0208601 5.50895 0.0113749 188.74 8.17018 0.0109645 2.56895e-05 0.00170957 0.00846338 8.29829 0.268605 5.79681 
0.222044 6.26782e-05 0.00021899 0.0546607 2.2761 0.0561595 1.5347 0.000306815 0.00171314 474.563 0.00682684 51.4378 0.000574049 0.0187712 3.82449e-05 35.9071 1.6812 6.29171 
0.0106798 2.49802e-05 0.00753025 0.000248609 0.0259139 0.112964 0.00134161 0.0933969 0.000133595 0.0304591 0.00964821 1.92098 0.000125338 9.82385e-05 0.000163401 44.3575 0.443792 6.40903 
0.198289 0.000173761 0.00434619 0.000249205 0.000314059 0.660795 6.31211 0.0523037 0.0104202 1.88231 0.0956482 1.00541 0.00684888 0.173583 7.78781e-05 2.91347 2.84467 6.0626 
0.060725 2.37444 0.00401537 0.0237881 0.426133 2.6315 0.0031349 1.29906e-05 0.000841928 13.4782 2.45851 10.6914 0.000584635 0.068014 0.452893 5.16181 1.62425 1.87143 
1.85267 0.0207675 0.000339353 0.000438393 0.00471733 192.952 0.00114412 1.52091 0.000111202 14.611 2.8082e-05 1.24373 0.00241855 0.00337865 0.000104216 7.82484 0.479505 5.0457 
2.42672e-05 8.70377e-05 0.217356 0.0319589 0.000962149 0.159488 3.9624e-05 1.18648e-05 0.000466436 11.047 2.79516e-05 5.49446 0.0400768 0.318982 0.00142222 9.93931 2.75623 0.679536 
1.92727 9.27498 0.000195719 1.21752 0.0747228 3.50281 0.136318 0.161323 0.133175 0.0531983 1.81762 0.19322 0.0513187 0.00112422 8.8064e-05 47.0133 6.16225 8.68498 
0.803057 0.00278829 3.44411 0.00190636 2.98562e-05 4.52944 0.0151041 9.01856 0.00167924 0.0559681 1.55236 0.0466762 7.59205e-05 0.00235316 1.25824 23.8762 0.106302 3.91999 
0.0376818 0.000494043 0.0197697 3.64437e-05 0.000110251 1912.09 0.00548306 0.000424171 0.00884676 95.3414 0.0299 106.815 0.000469202 0.00418519 1.30525e-05 49.5474 0.593376 0.93314 
0.001319 0.502103 0.462033 1.82047e-05 0.0350441 0.900156 0.000254088 0.00202023 0.27894 0.0497691 0.0695219 0.0275244 0.0111954 0.0798504 0.873442 17.1819 0.657838 0.344918 
0.0146478 0.000382294 2.93432 0.0110617 0.421385 25.7969 3.30636 0.57683 0.000175724 49.7409 0.00252777 4.2738 2.01985 0.000355726 0.0400709 37.9202 0.08508 6.31716 
0.529904 0.0193103 0.0883109 1.19022e-05 1.35515e-05 0.133372 0.0207144 7.80141 0.0509299 10.0468 1.28013e-05 0.191665 3.9707 0.00837622 0.0273572 8.76467 0.654124 7.3381 
0.000125219 0.000768224 7.00769e-05 0.0174992 0.0101241 77.3466 0.00114068 1.46459e-05 0.00154802 0.256179 0.00789202 73.7214 0.000854363 0.900796 0.0484022 2.57331 3.79701 1.42535 
0.000100169 2.99652e-05 0.135103 7.80236 0.00183748 384.8 2.83786 0.00027578 0.113416 0.675263 7.54312 0.354476 0.00570805 3.10064e-05 1.1098 7.90322 0.293679 5.10486 
0.00722237 0.317165 0.0651883 0.101333 0.000479357 0.492646 0.001038 5.40661 0.00010294 3.55687 0.000311038 0.0571524 0.120952 0.0435516 1.31472e-05 35.2504 3.31701 3.2746 
0.245563 0.000343462 1.72306 2.88839 8.56031e-05 0.143821 0.20617 2.51185 0.0536994 1.79323 1.21572 284.618 7.17648e-05 0.0101284 0.00146515 27.7342 8.9995 5.07743 
0.000244799 0.000582937 0.488266 0.000158737 0.0700515 0.69067 6.50846e-05 0.00304407 1.2446e-05 189.238 7.12003e-05 35.1156 0.0966379 0.512263 0.0625728 6.61527 3.73966 1.01448 
0.451356 0.00788513 0.174664 0.0365506 0.00225099 13.0231 0.132377 0.01547 0.00109917 0.180442 0.00337283 0.162666 2.35401 0.00319728 0.000156608 5.28266 0.937296 3.32212 
0.000503251 0.157603 1.4511e-05 0.00100119 2.36024e-05 0.015364 0.00537656 2.06212 0.00356689 221.254 0.0011365 0.190199 9.31746e-05 0.0059554 0.00337798 11.0285 0.303088 4.40776 
0.000431434 3.80485e-05 0.0189019 0.00113099 0.127321 1085.26 7.28593 1.51859e-05 0.0173698 44.1426 0.00810796 32.3682 0.00265339 0.04456 0.000654949 27.0139 2.63625 2.63831 
0.000170899 6.92869 3.99565 0.0909388 9.13088e-05 0.723282 1.90709e-05 0.762395 0.00333534 9.92433 1.42451e-05 3.16286 1.20447 0.584516 0.00221773 1.0722 2.25423 7.1886 
1.00917 0.952648 0.0207838 0.0516094 0.00897445 34.5509 0.000487851 0.568309 0.0204628 26.1079 0.00053499 2.91116 0.293704 0.00139741 0.910776 48.1868 1.55105 9.78387 
0.000153573 4.29146 0.000116668 0.00017031 0.003014 1.31699 0.830763 0.0214617 0.916928 7.07558 0.509032 0.0339453 0.00325755 0.281025 0.00272565 13.3896 5.5797 4.74242 
0.00064504 0.0310432 0.000162907 0.024541 1.05663e-05 0.135443 0.000123427 8.86042e-05 0.0011052 103.451 0.0668031 0.0138983 5.03562 0.00371379 0.0403386 45.3291 0.583834 0.494472 
0.00308562 0.00235997 4.19095 0.398371 0.168722 26.801 0.10198 1.52505 4.17617e-05 0.115946 0.565253 1.76243 0.00203248 0.0590406 2.76264e-05 4.81882 0.979995 4.31408 
0.00178065 0.00792418 0.169527 4.04483 0.00349743 2721.28 0.112131 0.188226 0.000405553 1.6232 0.107777 0.143121 8.16021e-05 0.000364525 1.62811 35.3891 0.0684317 7.68514 
0.000230697 5.71188e-05 1.49684e-05 0.00040492 0.34624 121.832 0.000721925 3.57881e-05 5.67306e-05 0.589664 0.00837997 374.301 0.212557 3.65975e-05 5.75033e-05 17.4207 0.905738 2.29027 
3.82697 0.237982 2.69876 1.98397e-05 0.000437729 0.0208784 0.0369065 0.00427726 0.000320903 2.09306 0.00597453 245.886 1.3928 0.0027117 0.0005863 7.22986 0.712617 6.96149 
3.9727e-05 0.000235657 2.10614e-05 0.00314578 9.04773e-05 2379 4.82494e-05 0.000925415 0.000134929 59.6453 0.0599934 82.8072 0.000213285 0.108194 2.3504 25.3927 0.134984 7.47088 
5.78222e-05 0.140306 0.00534283 9.11178 0.00395843 10.8194 0.000240278 5.61999 0.0123651 0.482906 3.91877 0.2603 0.0132876 0.0135078 7.50871e-05 21.8992 1.00593 7.48501 
1.24433 0.975438 0.419582 1.83563e-05 2.4931 0.109515 0.00246897 1.20457 0.000666037 0.0233206 1.06637 0.0821218 0.0676756 0.000801394 5.6827 42.2311 0.1073 4.15827 
0.146102 0.00132894 0.000404923 6.59937 0.281303 1184.35 3.04206 0.00940647 0.00111539 0.159445 0.00175674 0.0596028 0.278886 0.0150944 0.00422823 45.3611 2.48628 2.18699 
6.52961e-05 1.72158 0.00312799 0.219663 1.82832 1.14143 9.84994 0.00174385 0.000606515 0.0616249 0.0074075 257.666 3.07159e-05 0.845575 1.37064 2.48019 0.554007 5.42058 
0.00177767 2.15743 0.000471224 0.000324365 0.00405904 2.23964 1.43381e-05 8.48137e-05 9.27261e-05 0.392807 0.000267272 0.419776 8.15989 0.00295658 2.70149e-05 25.613 3.25989 2.31204 
7.16476 0.000502766 0.461364 0.000187485 6.69006e-05 1.4739 0.567754 2.76391 0.698728 186.284 1.70395 16.4622 0.0142044 0.00550832 0.301943 41.745 1.16477 1.50776 
6.71183e-05 0.772848 0.140163 0.492126 0.000641221 1596.47 0.000832291 0.000399461 0.14046 0.382273 0.000296589 1.36774 0.132008 0.120281 0.0044525 7.28611 2.10674 2.75123 
0.0105667 0.306138 0.970055 2.13181 1.88044 1006.07 0.913521 0.488421 0.167249 71.2727 2.75145 0.370928 3.44187e-05 0.00660568 0.093279 13.4178 0.482138 8.78676 
5.8269 0.10739 0.000264354 0.00160305 0.000682173 0.014522 0.000235244 0.00938597 0.00339417 69.7763 0.0370856 39.5014 0.031832 0.000287372 0.0767174 32.6011 0.156681 8.07976 
0.000479227 0.000202456 3.805 7.24168 0.00622609 14.0928 0.0003681 0.166446 0.0216738 8.68802 1.33187 0.18461 6.76063 0.000792461 5.28223 32.3783 1.06059 0.379582 
0.0180826 0.00135205 1.27302e-05 0.0519807 0.0937854 77.1765 0.190391 1.08014e-05 0.00186683 78.8023 4.50318 0.404599 0.00476044 0.000187948 0.0917176 48.7348 0.447498 7.32121 
5.56647 0.750683 0.00208094 0.288858 0.000514222 5.75005 2.75302e-05 0.0005518 0.000124818 57.4945 0.0548725 0.0122708 0.000105176 0.0560993 0.747008 8.82508 0.350907 8.57431 
2.08066e-05 7.42412 0.00253591 8.37547e-05 0.321585 0.0119371 4.91119e-05 0.00638501 0.0522907 1.42674 0.00983581 0.697534 2.54691 8.63215e-05 0.00631562 49.4265 2.11327 0.806513 
0.00811703 1.11716e-05 9.58758 6.59989e-05 2.03209 0.0107815 0.0560754 0.000158043 0.000356821 9.03318 0.191497 13.4851 0.00310075 0.042161 5.52724e-05 9.20467 1.01112 1.4333 
5.91284e-05 8.26495e-05 0.00856078 0.00784925 2.45184 0.697045 0.0572633 7.33137 1.87724e-05 51.4105 1.78159e-05 0.506869 0.000371742 0.319889 0.160153 9.31141 4.9154 9.45683 
5.42549e-05 0.462254 0.0164043 0.00143224 0.703023 3.06031 6.50275e-05 0.000477336 0.00115327 1.03633 0.00315361 0.124604 0.000873178 0.121823 1.16855e-05 19.6451 7.95441 9.94812 
0.00625203 0.00206856 6.69192e-05 0.479687 0.101259 0.301467 0.00010402 1.95741e-05 0.0105702 0.0694923 0.000258754 0.0675513 1.346e-05 0.000720233 0.717973 48.3148 0.0729759 2.32771 
0.00593163 0.0101336 0.0139358 0.0300396 1.7822 0.124712 0.472611 0.890157 0.000157026 4.54006 0.219888 0.0428239 0.00121926 0.0255949 3.70976e-05 12.7621 1.11224 7.31969 
0.377205 0.0738076 0.00292477 0.00531822 0.000852852 138.758 0.00397295 5.74259e-05 0.00181625 3.26049 0.26565 3.98263 3.76927 0.000749274 0.251355 2.93326 1.26164 1.97489 
0.415838 0.0121432 0.053914 0.0207597 0.0821531 0.794658 7.98857 0.000307171 0.00413586 2.63657 0.00154551 21.0562 3.408e-05 0.000222213 0.416662 29.7657 0.0976027 7.76947 
0.00142697 0.198929 2.67534e-05 0.000105612 0.00010419 2.06712 0.00528382 0.630328 1.07426e-05 0.010806 0.0358185 152.774 0.0166665 0.0526638 0.436152 26.8153 1.77177 1.24742 
9.18828 0.000430761 0.23133 7.21213e-05 0.0114518 114.06 0.0336935 0.146197 0.164964 10.4725 0.0032513 246.126 0.063854 0.0384113 3.0884 25.779 0.489395 0.192808 
5.23949e-05 0.00030027 0.00471314 0.262703 0.00562485 0.0432024 0.619964 0.0203075 0.000256038 0.130852 3.73431 0.171524 0.000161917 0.287881 8.47891 14.579 0.265928 1.59176 
0.270078 3.04403 3.68071 0.0449682 9.14233e-05 0.0250679 0.00130192 0.00512168 0.00385559 16.8222 0.00552008 0.318299 3.31041e-05 0.000239033 0.133147 43.1519 0.24225 9.64568 
2.23108 0.0012978 1.91279e-05 0.889947 0.000891728 6.00312 4.879 0.330893 0.000210243 0.245696 7.15081e-05 17.2252 0.573076 8.9856e-05 0.655205 40.6451 0.428485 4.39249 
0.000326557 0.00117988 2.95942e-05 0.176784 0.153397 1.03341 0.000795269 0.00346704 3.72922e-05 267.625 0.00242612 100.315 0.177758 0.0576723 0.0199782 25.747 1.82017 0.580241 
0.484135 0.353352 4.60945e-05 3.22895 0.134887 81.7915 0.16953 0.884736 0.000460647 385.579 0.0198445 3.84678 0.0827908 0.00968777 0.000193794 48.5545 2.78273 2.61699 
0.340877 0.0395982 0.00993968 0.000275995 0.595405 7.17813 0.0297233 0.0121172 2.3842e-05 0.033615 0.107461 191.333 1.55995e-05 0.29161 4.97389e-05 5.96017 3.61235 5.10142 
0.0286619 1.33474e-05 0.000192748 0.00319562 0.110969 0.041769 2.16324 0.031439 0.000123078 4.23337 0.00225041 1.91555 2.29902 0.00716645 0.00756183 13.5101 1.83107 4.70901 
7.52375e-05 0.372401 0.00281935 0.0443243 2.03074 104.327 0.0141292 3.14889 0.0533052 0.0178011 2.52438e-05 0.0144326 0.000501734 0.52555 2.16519 3.17528 0.892772 2.1879 
0.00447016 0.00030235 0.0710552 4.16555 6.27167e-05 1167.02 0.333051 0.649651 0.00101227 0.0143768 0.000435959 0.188819 0.000126112 0.042914 5.40965 29.4512 0.0934963 8.21923 
0.000238994 0.00694083 0.110996 1.98949e-05 0.145549 1341.03 7.25025 1.2476e-05 1.32764e-05 2.62716 0.0021862 89.5171 1.03036 0.182673 0.44434 3.6361 0.697718 1.22103 
0.0804837 6.20063e-05 0.0292746 1.82624e-05 0.00552624 0.0370485 0.177119 0.0497714 0.00790842 62.1117 2.55129e-05 6.06402 0.000235677 0.15753 7.00435 23.2076 0.125323 6.39959 
0.000568549 0.043009 3.76499 0.000612227 0.00470104 0.0157577 0.0005262 1.75752 0.183053 10.4343 0.00255782 131.537 0.00433626 0.0656201 0.000258109 10.8062 1.35462 2.27865 
1.59028e-05 0.0474988 0.461313 0.797879 0.000251469 0.103199 0.00335099 0.00519994 0.000457302 334.27 8.11014e-05 39.0565 0.327905 0.0193358 0.0954723 39.4801 0.684728 2.67351 
0.00581911 1.07289 0.202635 7.14233e-05 0.0660631 455.074 0.0464302 0.501418 0.67445 0.0412143 0.00077295 0.202952 0.000743669 0.00483955 0.0021413 19.7562 1.60796 4.91496 
0.00637264 0.000151225 0.0115572 7.57128 1.97367e-05 0.0114418 4.28171e-05 7.18428e-05 0.247245 2.61947 2.29909e-05 218.814 0.0599394 0.00571565 0.0374568 34.9344 0.723864 0.683871 
0.00476142 0.7717 2.29017 0.296412 0.107065 8.91387 0.00527129 0.0143707 0.923985 0.943682 5.49566e-05 0.252504 3.74891e-05 0.0956713 0.00637553 12.4444 2.57158 3.30156 
0.0161876 0.00821436 2.97232e-05 7.55504e-05 3.31377 870.655 6.77062e-05 0.246229 0.000968081 0.0940155 0.100942 68.2053 0.0660518 0.00429485 0.0204465 27.5301 2.64696 3.16292 
0.00192568 0.000138639 0.722626 1.62491e-05 0.00332581 6.06825 0.0106458 0.230988 0.000709247 0.0130304 0.0608887 22.9522 0.0157549 0.0149815 9.85426e-05 17.7538 4.41234 2.17983 
0.00541631 1.69275e-05 9.53471e-05 1.54647e-05 5.35656e-05 0.0736402 0.102743 0.176966 0.0253714 155.04 0.00824971 2.47888 0.00985963 0.0319954 0.000365386 37.0691 5.71688 8.26459 
2.54286e-05 1.93235 2.85715e-05 1.51049 0.0297648 53.7554 2.29224e-05 0.000116188 0.000288616 0.600198 0.00104888 2.17876 0.00571544 0.00274813 0.0138913 38.0093 0.780115 3.59695 
0.0145326 5.34384 0.00748588 0.68062 0.151053 0.0151679 0.00574239 6.5155e-05 0.00116764 0.0145698 1.75093 1.16709 0.152072 0.000103261 2.58224 44.2244 0.29921 7.01757 
0.000137836 2.17474 0.000922755 0.00302666 2.21743 9.32714 0.00100435 0.350431 0.000953452 41.5655 3.3009e-05 247.698 0.403935 0.218174 0.0845668 2.86033 1.63505 9.38706 
0.000471934 0.00131864 0.0539619 0.00392768 2.907e-05 13.0092 0.0126028 0.572906 0.00077648 0.0454582 0.00181712 21.9666 0.00390844 0.000989599 0.000443651 35.3542 1.53095 4.03999 
0.0324665 0.00317853 1.98016 0.107242 4.51284e-05 0.325997 0.000309281 0.0296409 0.000269686 35.4259 0.00196337 0.0211406 0.017304 0.0831382 0.0451806 9.2152 1.85963 6.82752 
0.0474442 0.0536978 6.62098 0.00178785 0.361711 0.467179 0.000291561 0.0276456 0.000359382 0.873472 0.000117186 0.288752 1.21673e-05 0.000110836 0.00235571 39.3245 0.349042 3.58784 
1.22521e-05 0.00214003 1.79593 0.000881868 0.814697 15.6936 0.0448501 0.000275813 0.00160463 1.7501 0.121064 3.51132 0.00214309 6.73068e-05 0.104783 41.4235 3.37675 4.74959 
4.30282e-05 5.85694e-05 1.39414e-05 0.251216 0.446674 19.0617 0.00244622 0.0010634 0.0209836 1.23898 0.00050013 25.445 0.0145388 0.00221931 2.29842e-05 48.2427 1.44835 2.21123 
1.04865e-05 0.424622 0.000825443 0.166471 1.02161e-05 13.66 6.07651 0.00689454 0.00743688 17.4664 0.010022 5.43587 1.99946e-05 0.00852845 4.2552 44.868 0.508131 9.08424 
0.000622287 0.00217631 0.000209837 0.0793499 5.05327e-05 293.501 0.101522 8.42572 0.330723 3.77724 3.01615 0.0443034 0.138046 0.00307615 0.000407008 42.8776 3.91318 5.91122 
0.0149313 6.78027e-05 0.367938 0.000100096 0.00084661 0.269716 0.000741606 0.0301329 0.583481 0.0501176 0.00539251 0.669815 3.37547 0.0796014 0.304142 28.0229 2.39788 0.926248 
0.229192 1.42326e-05 0.0101234 0.000474362 2.35768 42.8868 0.00229416 0.186877 0.160841 0.726089 0.0781599 0.0745018 0.00813975 0.0148436 0.00841435 47.4321 2.39746 1.57105 
0.00256104 0.00683756 0.24328 9.49344 0.492147 3.59532 1.0298e-05 4.11079 0.0851958 0.760939 0.00236182 0.174579 0.000436764 0.0128945 2.12057e-05 37.1424 2.56528 7.92189 
0.288112 7.5647 0.0251688 0.75766 5.33314e-05 0.324931 0.000559488 1.16354 0.0128479 0.105882 0.127883 2.82894 1.86585 5.77105e-05 2.0038 34.2375 0.774403 4.06237 
0.0712945 0.59305 0.0703317 0.000170847 0.113327 0.829273 6.77229 0.000535287 0.0410314 2.88061 0.0395727 37.6564 0.020185 0.00677591 0.460108 15.4567 5.80843 2.59544 
0.481597 6.01027e-05 0.00565014 0.00239569 0.00173517 438.761 2.44261 0.000537248 0.000126178 9.42715 0.265807 19.0274 0.0278012 0.00059646 7.8045e-05 26.407 0.873274 7.8218 
0.0658106 3.30603e-05 4.69018 7.20997e-05 0.0248703 1.3059 1.15153 0.000398141 0.000190894 106.266 3.12701e-05 0.0206472 0.0741661 0.0093009 0.0229162 21.7759 0.737634 1.58874 
0.000176731 0.838724 5.80111e-05 9.31835e-05 1.97979 0.210469 2.40993 0.000230878 0.278566 5.74414 0.000252516 0.0947597 3.04344 0.175118 0.480258 22.8052 5.58463 6.87876 
1.12152e-05 0.367278 0.00135094 0.000310561 8.28328e-05 0.0135606 0.0400477 0.000117444 0.189829 19.8793 5.60102e-05 84.8504 0.00906345 0.411264 0.346893 39.7305 4.33269 0.7158 
0.00151178 0.00311955 0.020949 0.0618549 0.094949 52.161 2.68373e-05 5.35597 0.000141517 4.90339 0.347786 0.19594 0.00445164 0.113859 0.349516 37.5244 1.71834 0.472954 
2.49062e-05 0.55703 1.58266 0.256032 0.0140144 0.284341 3.82912 7.19779e-05 0.00125799 0.432386 0.376627 342.728 0.432889 5.7129e-05 1.27664 33.7573 0.308014 4.1158 
0.00684307 0.0371024 0.00671567 1.42675 2.07105e-05 0.558759 0.000102893 1.47917e-05 0.000489497 1.58336 0.161591 16.4872 0.00013845 0.277897 0.726673 43.8456 1.38099 0.2357 
3.17425e-05 0.052031 0.581909 0.0249488 5.25586e-05 32.2042 0.250451 2.58968 0.0041365 16.2071 0.313214 0.448212 0.93679 0.00107908 0.0518549 37.4298 4.18596 8.68412 
0.042356 0.772531 2.40163 0.00628387 0.00292678 2705.83 0.835621 0.617452 0.0104793 72.0977 0.509983 33.9372 0.0051941 0.000149918 0.00183654 13.4129 2.77868 4.00548 
3.50538e-05 3.16092 4.35788e-05 0.731231 4.15777 860.66 8.15317 7.15335e-05 0.87653 31.5242 0.0375905 24.5499 0.000996706 0.155038 8.98486 23.2588 1.02855 1.48219 
0.162391 1.41242 0.002898 4.08373 0.02027 0.270615 0.308553 4.85778e-05 2.06759e-05 281.677 0.31562 0.266906 0.00238184 0.206463 3.3174 37.7378 0.615079 1.7215 
0.00640238 0.395761 0.0002652 0.499127 0.000235475 49.7848 0.0564002 0.923527 0.0531065 22.4654 0.265204 0.0176746 1.88844 0.391139 0.981906 28.9596 1.69455 0.274428 
2.40309e-05 0.203996 0.0779753 0.88591 0.408894 0.960867 0.228633 0.00992301 0.00107642 0.0121258 0.465984 1.51264 4.25631e-05 0.141201 0.279627 29.2699 2.49399 3.13747 
0.0148729 0.00148063 0.107453 2.38301e-05 7.60202 27.7011 2.83762e-05 0.0201035 0.0156865 1.95056 0.00120563 0.146865 0.194634 0.0328909 0.177663 36.6363 0.37529 8.67706 
0.149652 0.000628003 0.0845783 0.76214 0.230554 16.4929 6.78278 0.000481201 0.0158704 0.0975386 2.95278 3.85541 0.179388 0.110616 5.03879 43.2068 0.980255 6.59388 
0.00237129 2.6701 0.0327391 2.04144 2.35707 0.72329 0.0843288 0.0178261 0.000574986 0.575563 0.296817 0.313144 0.231722 0.00197608 2.57949 31.6394 0.423851 5.96727 
0.001115 1.43566 2.69039 1.1841e-05 8.95398e-05 0.0369702 0.000130364 0.000492494 0.114082 2.07082 0.00613784 0.121189 0.00480872 0.0354329 1.17206 49.38 0.286567 6.58709 
6.66663 0.30361 1.42912e-05 2.87712 0.0330924 27.7212 0.00228648 0.880549 5.93882e-05 0.52159 1.28314 0.062927 0.85541 0.000190862 1.83929 33.7839 1.07064 4.80849 
0.000209079 0.00138371 0.0367816 2.88555e-05 0.69387 2804.82 0.000727089 0.00188743 0.117667 6.27242 0.0637033 0.0513028 0.924753 0.206612 0.997 16.0466 1.43757 8.59207 
0.102709 0.00125984 2.46464 6.83897e-05 1.8418 6.87138 0.00159709 0.0031819 6.99835e-05 0.820956 0.00969587 7.36662 0.000186054 0.134032 2.49025 28.5401 0.916577 4.46746 
