-173.0249616
-173.0235515
-173.0229128
-173.0191957
-173.0163842
-173.01331
-173.0095087
-173.0078727
-173.0048752
-173.0009165
-172.9995231
-172.9960606
-172.9760718
-172.9750622
-172.9725737
-172.9711952
-172.9672144
-172.9579548
-172.9549897
-172.9503104
-172.9487802
-172.94629
-172.9458769
-172.9348483
-172.9278411
-172.9155087
-172.911316
-172.9031999
-172.9019262
-172.89656
-172.8895205
-172.8869368
-172.8816977
-172.8810884
-172.8726913
-172.8683231
-172.86676
-172.8569975
-172.85193
-172.8507551
-172.850278
-172.8484439
-172.8477056
-172.7939472
-172.7864555
-172.7841339
-172.7814387
-172.761193
-172.7600617
-172.7525854
-172.7493559
-172.7450474
-172.7433438
-172.7391957
-172.7185958
-172.7060031
-172.7046541
-172.7041416
-172.6984309
-172.6959874
-172.6826443
-172.6823763
-172.6815415
-172.6629115
-172.6540803
-172.6400942
-172.6259035
-172.623597
-172.6232713
-172.6181471
-172.5999226
-172.5998863
-172.5893234
-172.5889298
-172.5865213
-172.5766578
-172.5704479
-172.556563
-172.5545292
-172.5468911
-172.5394028
-172.5298259
-172.5200437
-172.5153008
-172.5128475
-172.4754273
-172.4704785
-172.4612515
-172.4587725
-172.4568808
-172.4421477
-172.4349893
-172.4309073
-172.4279865
-172.4230441
-172.4226795
-172.4207862
-172.4155142
-172.4112025
-172.4014572
-172.3949053
-172.3851201
-172.3794084
-172.3776631
-172.367523
-172.3548548
-172.3515112
-172.3445403
-172.3429355
-172.3335551
-172.3315755
-172.3290441
-172.328164
-172.3272859
-172.3176368
-172.3116257
-172.3015984
-172.2798363
-172.2782907
-172.2768075
-172.2740087
-172.2655941
-172.2431309
-172.2408774
-172.2404203
-172.2345024
-172.2264106
-172.2261361
-172.2253314
-172.2109216
-172.2083523
-172.2042471
-172.2002113
-172.2000474
-172.1880719
-172.1787631
-172.1640149
-172.1586228
-172.1555346
-172.147626
-172.1430206
-172.1393438
-172.1385682
-172.1307978
-172.1305224
-172.1279979
-172.1170168
-172.1130959
-172.095241
-172.0904694
-172.0796842
-172.0694815
-172.0658058
-172.0636111
-172.0554762
-172.0513955
-172.0439122
-172.0260759
-172.0257527
-172.023301
-172.0174372
-172.0006846
-171.9956656
-171.9933923
-171.9882989
-171.9822719
-171.9782507
-171.9641981
-171.9624823
-171.9506129
-171.9355429
-171.9303117
-171.9050903
-171.8992088
-171.8983157
-171.8947007
-171.8827999
-171.8612662
-171.8608189
-171.8568643
-171.8418809
-171.834869
-171.8327031
-171.8301422
-171.8166396
-171.8127657
-171.799774
-171.7993398
-171.7586141
-171.755227
-171.7531562
-171.7479128
-171.7443994
-171.7421451
-171.7405464
-171.7403082
-171.7355542
-171.725155
-171.7245151
-171.7213715
-171.7059391
-171.7004793
-171.6907889
-171.688034
-171.6759615
-171.673186
-171.6709907
-171.6634948
-171.655187
-171.6535279
-171.6517666
-171.6333599
-171.6318688
-171.6256921
-171.6232644
-171.6204537
-171.6123592
-171.6101072
-171.5930262
-171.576582
-171.5606269
-171.5580478
-171.5510918
-171.5279079
-171.5099191
-171.4807257
-171.4756803
-171.4685799
-171.4683621
-171.4668005
-171.4427023
-171.4347479
-171.4075732
-171.4065291
-171.405802
-171.394876
-171.3911792
-171.3865912
-171.3797329
-171.3762995
-171.3750727
-171.3710722
-171.3710184
-171.3663028
-171.3520726
-171.3515708
-171.3404457
-171.3263003
-171.3249648
-171.3183101
-171.3014192
-171.2862986
-171.2853773
-171.2852988
-171.2749653
-171.2716934
-171.2691398
-171.2628267
-171.2567778
-171.2406889
-171.237286
-171.2338523
-171.2331736
-171.2331021
-171.2275115
-171.2239388
-171.209859
-171.2053373
-171.1767532
-171.1454515
-171.1442563
-171.1428981
-171.1321074
-171.1137818
-171.1047118
-171.0974919
-171.0890917
-171.0880547
-171.0834202
-171.0822974
-171.0704778
-171.0693306
-171.0621009
-171.0237239
-170.9950071
-170.9920571
-170.9890532
-170.9880282
-170.9804956
-170.976446
-170.9618562
-170.9601514
-170.9557037
-170.955443
-170.9517367
-170.9500679
-170.9479887
-170.9405406
-170.923105
-170.9012126
-170.8993115
-170.8853003
-170.8798028
-170.8780303
-170.8765164
-170.8492243
-170.8268735
-170.826419
-170.8254472
-170.808068
-170.7823745
-170.7704241
-170.764197
-170.7284145
-170.7234842
-170.6907357
-170.6896177
-170.6333146
-170.6071552
-170.5932623
-170.5887075
-170.5852449
-170.5723051
-170.5614884
-170.5330461
-170.5230825
-170.5193676
-170.4877094
-170.4872787
-170.4614739
-170.4385291
-170.4361483
-170.4294086
-170.4269629
-170.4203423
-170.4054967
-170.4040008
-170.36066
-170.3198691
-170.3194135
-170.3022276
-170.2963667
-170.2835521
-170.2580505
-170.2128376
-170.2054704
-170.1905548
-170.183324
-170.1650626
-170.1250135
-170.101036
-170.0634563
-170.052904
-170.0391848
-170.0365264
-170.0203226
-170.0130288
-169.9735692
-169.9692439
-169.9689362
-169.9565102
-169.9496855
-169.9451079
-169.9281185
-169.9185056
-169.9038049
-169.9023705
-169.8867157
-169.8853653
-169.8850321
-169.8788501
-169.8581873
-169.8498532
-169.8350701
-169.8089578
-169.7944558
-169.7621276
-169.7597274
-169.7341305
-169.7332284
-169.7112251
-169.6988731
-169.6926002
-169.6852256
-169.6706437
-169.6190263
-169.5898403
-169.5822561
-169.5777514
-169.5773301
-169.5603601
-169.5466107
-169.5145462
-169.5112052
-169.4940921
-169.4657141
-169.4519313
-169.3592789
-169.3448462
-169.3208356
-169.320613
-169.2975979
-169.274297
-169.2666232
-169.2382433
-169.2154072
-169.1610525
-169.1065514
-169.0951555
-169.0887171
-169.0835173
-169.0768743
-169.0732458
-169.0441134
-169.0324516
-169.0092586
-168.9966992
-168.9868733
-168.9844046
-168.9407177
-168.9153336
-168.9146521
-168.9072881
-168.9004488
-168.8966527
-168.8798251
-168.8367647
-168.8327736
-168.8207183
-168.8013222
-168.7906911
-168.7697618
-168.748687
-168.7479121
-168.7451268
-168.7312598
-168.7289414
-168.7288427
-168.6926098
-168.6904848
-168.6889688
-168.6415585
-168.634316
-168.625325
-168.5945878
-168.5890791
-168.5782941
-168.5655834
-168.5292465
-168.5088164
-168.5020509
-168.4578814
-168.4455301
-168.4413335
-168.3731311
-168.3714183
-168.3654676
-168.3619271
-168.3247786
-168.3229137
-168.2970108
-168.2410663
-168.2082749
-168.0471881
-168.032697
-167.9434339
-167.9396343
-167.9061984
-167.7436966
-167.6597544
-167.6343295
-167.597445
-167.5373732
-167.5340593
-167.532574
-167.5001804
-167.400084
-167.3332144
-167.323367
-167.3119415
-167.2645329
-167.2116037
-167.2041447
-167.093883
-167.0721775
-166.9937298
-166.8313654
-166.8060985
-166.7541061
-166.7232802
-166.6679883
-166.6031889
-166.4498621
-166.4338362
-166.4335488
-166.3999421
-166.2911238
-165.7685471
-165.4252454
-165.2675264
