-30576.46231
-30571.23932
-30567.23473
-30540.38
-30536.05346
-30519.98971
-30509.90283
-30421.1054
-30393.79127
-30369.57593
-30353.79983
-30352.8125
-30348.83398
-30320.00194
-30297.81582
-30274.01064
-30235.79137
-30175.50421
-30086.40837
-30078.05859
-30045.67177
-30035.01488
-30033.13974
-30015.372
-29989.4948
-29975.94301
-29972.51605
-29960.9915
-29949.76233
-29909.48465
-29822.55863
-29804.89082
-29764.08304
-29763.45381
-29761.42997
-29722.15107
-29698.59655
-29667.02691
-29631.65211
-29609.97618
-29582.91363
-29573.38707
-29558.16251
-29481.35427
-29411.98218
-29410.03092
-29374.03612
-29358.70092
-29352.30255
-29347.19515
-29299.5355
-29244.77254
-29237.53551
-29215.45357
-29202.18798
-29111.10009
-29104.40908
-29101.57169
-29088.96812
-29084.09274
-29031.68874
-28951.90929
-28908.79311
-28906.86287
-28857.11671
-28845.04933
-28830.36916
-28823.9181
-28806.20301
-28796.35685
-28732.16703
-28720.5014
-28708.10788
-28627.5945
-28618.47987
-28601.11804
-28584.88091
-28584.06934
-28543.71154
-28540.86288
-28520.39933
-28457.03446
-28452.77076
-28438.86333
-28403.85428
-28393.77858
-28350.75616
-28333.43403
-28305.10749
-28228.52095
-28184.21363
-28178.22429
-28167.08953
-28160.15559
-28153.4487
-28093.9187
-28049.24503
-28027.87368
-28012.92896
-27980.8763
-27955.55931
-27952.17567
-27951.90521
-27914.69224
-27912.75926
-27875.71513
-27867.03416
-27857.81768
-27848.74896
-27841.27637
-27834.9139
-27819.74763
-27809.62833
-27781.41566
-27780.59361
-27766.16182
-27762.44415
-27754.22313
-27744.06237
-27667.00146
-27641.70528
-27630.90517
-27613.99302
-27605.68474
-27602.32129
-27519.62926
-27516.01287
-27504.64288
-27478.56313
-27472.71814
-27440.12781
-27437.15351
-27379.69395
-27366.1117
-27320.10583
-27319.05309
-27306.68703
-27298.26508
-27285.74173
-27281.98535
-27271.72633
-27228.52092
-27220.03274
-27198.23123
-27162.51878
-27150.85124
-27131.49228
-27116.90702
-27113.1168
-27057.76365
-27042.84701
-27036.35354
-27014.5853
-26997.09545
-26971.07234
-26954.52421
-26925.27727
-26905.78983
-26904.37562
-26896.74601
-26852.61916
-26814.10158
-26793.2683
-26733.99356
-26719.55998
-26687.35641
-26621.16087
-26597.09464
-26593.39399
-26499.3531
-26495.5545
-26474.46975
-26447.17777
-26441.80943
-26434.17231
-26419.47775
-26411.34088
-26410.78875
-26369.94452
-26316.74181
-26302.17953
-26296.85332
-26296.02443
-26281.01948
-26280.89209
-26160.20108
-26149.64039
-26141.78161
-26122.96568
-26113.05126
-26112.22836
-26100.08489
-26093.95095
-26072.83091
-25994.90317
-25989.5875
-25977.09904
-25969.07585
-25944.27921
-25918.20574
-25910.2512
-25893.00163
-25850.88404
-25836.81367
-25832.18351
-25818.61538
-25795.71311
-25759.80197
-25703.63106
-25687.02935
-25684.82299
-25627.37457
-25626.93804
-25616.91071
-25544.74093
-25498.70573
-25482.74006
-25480.89362
-25411.39728
-25379.03767
-25320.85564
-25249.11796
-25222.27099
-25169.494
-25056.26912
-24944.19735
-24925.10854
-24924.40022
-24793.21615
-24769.88294
-24728.03755
-24714.22086
-24698.98413
-24620.14189
-24564.21954
-24544.20295
-24497.30522
-24449.07602
-24395.18138
-24360.95421
-24352.58166
-24311.73373
-24299.03855
-24252.67073
-24237.96877
-24230.27073
-24203.21146
-24199.89407
-24143.93299
-24138.8063
-24090.97017
-24076.1225
-24074.13014
-24065.09712
-24064.14106
-24061.65841
-24020.5009
-24015.40776
-23999.17694
-23961.79535
-23932.27752
-23914.61178
-23898.35062
-23865.72598
-23859.90991
-23837.4812
-23826.64913
-23706.99272
-23695.00809
-23692.48072
-23671.63417
-23611.85749
-23610.66933
-23589.53498
-23588.9882
-23574.70094
-23530.58723
-23478.83225
-23409.9144
-23286.58584
-23283.00805
-23185.43595
-23147.14529
-23122.41168
-23105.07497
-23096.82437
-23071.42929
-23019.90801
-23011.22841
-22914.9652
-22883.90913
-22848.97626
-22810.42922
-22729.9415
-22729.67224
-22728.40297
-22705.12989
-22667.16089
-22579.11736
-22550.82983
-22495.14683
-22492.39044
-22455.33471
-22327.68232
-22304.23176
-22258.95545
-22209.10363
-22119.18736
-22090.50996
-22074.25494
-21853.93378
-21817.57052
-21811.84219
-21809.75412
-21754.28667
-21670.59161
-21593.57548
-21537.37564
-21534.56361
-21483.64444
-21469.33674
-21451.92656
-21449.58128
-21383.17429
-21378.84955
-21255.35439
-21184.53209
-21166.7244
-21112.20392
-21059.28423
-21057.22177
-21032.82466
-20996.64828
-20868.91898
-20762.7916
-20578.44254
-20550.08158
-20473.13203
-20443.93582
-20399.97736
-20392.16015
-20362.40365
-20133.02777
-20048.07405
-20043.16766
-20007.05881
-19941.10528
-19917.4825
-19900.74994
-19791.51736
-19780.65969
-19716.34067
-19672.75668
-19669.63958
-19532.99187
-19491.02438
-19489.23923
-19464.05045
-19387.51868
-19345.29763
-19208.38301
-19169.21149
-19114.31181
-19104.3526
-19051.52841
-19042.0863
-19032.43981
-19026.36288
-18975.41404
-18923.87228
-18770.6354
-18747.66327
-18710.44869
-18699.31409
-18639.47692
-18449.09676
-18384.27407
-18364.55464
-18352.03462
-18260.708
-18113.64392
-18022.99382
-17959.553
-17916.49562
-17901.54521
-17813.04752
-17642.10713
-17535.78039
-17446.20301
-17397.55959
-17361.62071
-17262.3467
-17230.54023
-17139.32878
-17102.23157
-17096.6639
-17090.89461
-17032.38846
-16712.17075
-16591.23447
-16513.26181
-16511.59883
-16500.38978
-16489.21306
-16456.50022
-16356.11171
-16309.1978
-16043.93476
-16036.77676
-15914.47674
-15875.13746
-15847.68117
-15769.91157
-15758.66907
-15709.59311
-15658.01781
-15636.07993
-15618.09491
-15532.75869
-15511.79144
-15485.48148
-15351.35529
-15240.36283
-15236.72823
-14976.31042
-14960.16886
-14718.30662
-14668.19641
-14660.3456
-14595.4642
-14587.24552
-14372.29624
-14190.48812
-13798.92613
-13461.37961
-13366.01945
-13316.28597
-13269.51512
-13235.55893
-13102.52151
-12970.88176
-12825.93151
-12797.90282
-12547.4568
-12432.78688
-12406.89728
-12201.95306
-11964.29027
-11806.68284
-11798.90974
-11398.20852
-11335.02332
-11320.23148
-11320.10122
-11243.40662
-11232.29915
-11127.35395
-11060.96186
-11026.65555
-11004.85748
-10952.39853
-10748.29423
-10419.83792
-10148.16736
-10068.3125
-9624.837235
-9404.514437
-9290.92688
-9080.58697
-8877.394882
-8652.618734
-8308.429144
-8265.861857
-7598.000353
-7481.397181
-7078.249992
-6951.07799
-6768.617887
-6684.219835
-6660.498873
-6501.607919
-5684.769647
-5008.303246
-4686.073933
-4547.200109
-4370.065904
-4003.583469
-3408.412049
-3109.177958
-2866.423815
-1498.790607
-1406.967833
-1384.052662
-1167.130754
-972.3105403
-893.0454621
-759.3661941
-588.8897416
-461.5916249
-202.0528082
