0.748543 6.78751e-05 0.547695 5.09948e-05 0.000164738 0.0134767 6.57855e-05 0.209953 0.0911558 1.58154 0.154921 211.062 2.20342e-05 0.0245196 0.880174 13.8233 5.33102 3.63191 
1.53675 0.0123085 0.500075 0.00020664 0.214169 9.79653 3.76869e-05 1.74282 0.147344 2.5981 0.969142 286.729 1.66657e-05 0.000540225 7.15275 24.5578 0.848286 1.03264 
0.00250316 1.84561 3.6271e-05 0.00223254 2.78591 0.319998 1.89865e-05 8.56484 0.11695 0.0620589 0.174531 120.207 0.00405287 0.0164019 9.6742 44.0854 1.63227 1.67788 
0.000134098 0.570459 3.89765 0.0133045 5.45434e-05 107.578 0.00474613 0.0112073 0.0717494 0.502628 0.759717 58.3655 0.00351123 0.00910294 3.38993 27.0338 1.26108 3.44457 
0.0120134 1.01447e-05 0.241459 0.00217086 2.02221 29.1143 0.233249 0.132505 0.673553 60.8973 2.64522 70.2562 1.49851e-05 0.00515976 3.45337 24.6516 2.19357 1.24764 
0.666191 0.186532 0.000127936 0.0185223 2.33438e-05 488.397 0.146417 0.0163054 0.165019 0.135681 0.0771438 35.1263 7.40876e-05 1.20642e-05 0.893345 24.2332 2.50143 5.15378 
2.98916 0.00209166 2.59919e-05 0.00121638 7.65422e-05 28.1035 0.000756832 0.084941 0.281189 17.151 2.52188 71.2014 0.00364109 0.00114327 2.15307 10.7218 1.28867 4.90144 
1.07746 3.20845e-05 0.0480085 3.87544 5.60272 8.10295 0.0436406 2.32532 0.0699283 0.750182 3.82123 61.7592 1.08552e-05 1.17296e-05 5.57019 31.4198 1.44565 6.86225 
2.14495e-05 5.48746e-05 0.00299305 0.0450825 0.000289172 200.634 0.156391 0.013508 0.0142023 6.56253 1.88255 111.552 0.000460593 0.000207441 1.15786 5.6837 1.39789 4.31159 
0.0717097 0.0688586 0.338025 0.478394 0.404907 0.114374 0.000487194 2.50293 0.0142736 1.10697 7.82426 284.865 0.106488 0.000796539 8.57542 19.9001 1.02084 3.40866 
0.000141568 0.00770965 0.32605 0.272784 0.000511564 1441.43 0.00243413 0.8371 0.0168189 0.0208049 3.36043 261.345 0.384692 0.00532803 2.36362 14.9172 6.10688 3.14033 
0.0656658 0.000441439 0.012025 0.0702578 0.000252741 899.163 2.16282 3.38581 0.54028 1.83229 0.0953002 84.7147 0.0437813 0.000553942 0.915208 48.7299 3.52685 5.64807 
1.27109 5.3307e-05 1.36303e-05 0.420624 0.086949 1.56889 0.0307987 0.252223 0.400297 18.4249 1.40697 411.902 1.60519 0.00130317 2.17584 30.7942 2.5883 0.316514 
6.13125 0.000138782 0.763891 4.12744 7.51898 962.253 0.000135462 8.33241 0.784482 314.907 9.59247 166.645 1.51345e-05 0.00010224 2.52251 25.8468 1.27157 4.71129 
0.0222313 2.36681e-05 0.0128925 0.0323264 0.328824 38.5546 0.341449 2.1441 0.00617862 0.0576719 0.18022 157.146 0.0369898 7.70345e-05 1.19738 39.5279 1.46989 2.87317 
0.000308442 0.155863 0.000467499 6.99719e-05 9.79094e-05 1.56767 0.168311 2.99807 0.055372 0.0325396 0.71417 210.202 0.0125439 0.000360262 1.02807 6.04627 2.75593 2.90765 
1.01397e-05 8.0818e-05 0.219977 0.0484188 2.0338e-05 648.729 5.31542 0.494445 0.967636 55.3877 0.240054 108.115 0.000900323 0.000692164 3.78744 23.217 1.25207 2.54243 
1.54181e-05 0.000508356 0.00181572 0.142562 0.126024 148.533 0.000256501 0.205233 0.419924 55.0968 1.59437 61.8422 0.739097 1.44911e-05 0.740732 36.888 3.77826 2.57308 
0.328395 0.000195644 0.000265775 0.00332938 0.000187149 0.122072 2.25661e-05 0.253646 0.038596 0.158621 0.110301 68.0957 0.656375 0.000559007 1.17724 44.5766 5.57629 4.75403 
2.50765e-05 9.03961e-05 2.12871e-05 7.43181e-05 0.201861 0.46149 0.000752298 4.27654 0.214074 7.33631 7.23192 67.477 0.000230092 0.00399417 1.00117 40.7834 2.97283 2.35691 
0.0141128 1.24146e-05 0.00122729 1.75588e-05 1.30993e-05 381.334 0.596433 2.19532 0.399352 0.756203 0.000601496 264.998 0.00476199 0.000106301 1.14079 32.9713 1.1688 1.36184 
1.37818 5.16858 5.5948e-05 3.37437e-05 1.61288 6.73783 0.00456435 0.522165 0.122016 0.0785593 0.0699979 84.2131 1.09274e-05 0.00162123 0.951246 9.41341 1.89325 8.23044 
0.0217951 3.63691 0.00098177 3.08158 0.000383936 0.518761 1.45534 2.26108 0.0858454 0.282552 0.103647 154.975 0.226959 0.00571881 7.26445 30.321 1.12989 3.15306 
0.000916058 0.045119 0.0753516 0.000535958 0.734603 0.0341473 8.98472e-05 0.0759417 0.0105725 1.41668 1.4479 136.752 0.00730616 3.64063e-05 1.38567 13.2406 1.83972 1.45924 
0.000277116 0.00764273 2.07093e-05 0.0137073 0.860947 0.327606 0.0542366 8.13031 0.641596 16.8971 0.22835 196.489 2.47657 0.0100626 0.838369 34.7714 3.09386 3.62792 
0.000210796 0.0120805 0.488881 1.50858e-05 0.000719995 0.102606 0.778056 3.88912 0.354604 2.23728 0.00776326 159.498 0.0042677 2.87115e-05 8.95638 26.5792 0.77397 4.8917 
0.000582559 0.0223766 7.32054 8.30178 0.000274991 273.298 3.82168 0.102797 0.157306 0.38308 0.0526523 437.79 0.000584346 0.000423441 1.01068 20.9423 4.89698 1.95617 
0.127263 1.69612 0.439824 2.55867 0.000181584 1.72425 0.0018529 0.811566 0.183875 1.82123 0.532772 415.779 0.00241344 0.00222883 6.33639 7.51346 1.4381 4.23999 
3.11583e-05 0.0324705 0.000381657 0.004188 0.000183394 0.0986351 0.606237 0.755608 0.00976905 4.24734 4.9741 276.006 0.134318 0.00512537 4.4091 18.0988 1.30205 2.36739 
5.94592e-05 0.000263033 5.05957 1.77374 6.03632 25.2526 1.14549e-05 1.86161 0.324915 0.371719 0.0812204 344.665 0.668418 0.00276383 2.19067 8.05417 1.28154 9.99691 
1.8656e-05 1.40598e-05 0.0128169 0.071307 1.46143e-05 0.339283 4.25979 7.44594 0.19644 18.738 5.58876 119.039 0.00308122 0.000866525 0.874001 34.0453 0.996361 3.36184 
7.0443 0.0122397 0.00173214 3.27216e-05 0.207298 313.026 0.109941 0.936254 0.109337 0.171465 0.43746 105.256 0.0166265 0.000115205 1.39901 40.1535 3.20308 0.422006 
0.0166684 0.000393661 0.000103264 8.81391 7.64217e-05 37.3016 0.0828351 0.802664 0.0343684 0.174999 2.26573 51.9119 0.00042189 1.0133e-05 2.56437 43.6375 1.51476 0.96585 
0.199403 0.0163806 0.0023042 0.0182515 0.000254189 367.117 6.05033e-05 0.0756884 0.0887086 17.2308 2.01752 144.397 2.42562e-05 0.00100079 5.66275 17.3721 1.04915 5.0442 
0.4233 0.0056166 0.000401106 1.11893e-05 0.154346 0.0120276 9.70951e-05 3.40352 0.534858 0.747775 0.126876 64.615 0.000117788 1.42692e-05 1.71708 23.362 4.57543 7.49492 
0.548975 1.99933e-05 0.28706 0.00401986 1.11874 2226.96 0.000452515 0.389588 0.0358639 0.338664 1.30616 193.166 0.00316274 0.0480786 1.4457 28.905 6.26113 1.89777 
0.242121 0.00256164 0.000908648 0.0207367 0.0514035 0.131475 4.15862e-05 1.81046 0.158089 0.024035 0.0720271 351.573 0.00106239 0.0142857 2.72709 11.2384 1.22705 0.94769 
3.38655e-05 0.691587 0.540458 0.331204 7.10593 15.5822 0.00902824 8.10738 0.0456887 4.04902 1.11887 485.918 2.21537e-05 0.0237403 3.58685 27.9745 1.33277 1.44223 
0.0310257 4.5648 0.220944 1.36974e-05 1.21556e-05 1.29193 7.27902 0.991242 0.238908 0.0617106 0.00702488 75.2748 2.00184e-05 0.000574081 0.636789 27.6934 3.62747 2.53438 
0.0692098 0.00103732 0.000163854 0.000457132 6.79445 180.95 4.62093e-05 0.326897 0.0162149 0.0342311 0.579332 22.503 0.00038441 0.00011671 0.493389 39.6057 1.87304 8.55728 
0.00949103 1.6783e-05 0.00227642 0.0301952 0.000603768 5.91293 0.0204452 0.968474 0.439447 0.428776 0.0608856 211.929 0.000277423 0.000589205 1.04263 33.5768 3.26184 0.447214 
0.000134557 4.93491 0.0297633 1.33375 0.258468 33.315 0.000326129 1.37732 0.0986594 1.86568 0.994884 54.3199 1.06938e-05 5.61771e-05 3.93738 41.9699 2.17867 2.35539 
1.43706e-05 0.00759816 1.4215e-05 3.46695e-05 1.04424e-05 0.258954 0.00825536 0.984728 0.0957459 4.18832 7.74814 243.036 0.000453996 2.03354e-05 1.29865 6.40334 1.8563 1.1827 
0.0121925 0.691743 0.903426 0.000146769 0.000608168 0.362889 0.00280361 0.048537 0.273033 54.6434 2.00361 12.4619 0.26844 0.00346851 2.80053 39.528 1.91533 7.53717 
2.35501e-05 0.0390722 0.0157567 0.157598 4.99802e-05 338.572 0.000444974 3.7035 0.418374 2.93666 0.0899292 256.855 0.000830277 4.58776e-05 1.57169 22.5826 0.925332 3.88358 
0.0310546 8.33369 3.46503e-05 1.03474 0.0873556 4.26388 0.000233722 3.79487 0.260595 0.238289 0.00738269 134.029 0.00231212 3.41301e-05 2.167 6.66094 0.904364 7.74888 
1.96428e-05 1.3734e-05 0.0845154 2.95345e-05 0.0517652 11.4561 0.0320344 1.0284 0.758678 3.71481 0.015075 281.322 0.519434 0.0472982 3.25036 13.1544 1.61598 2.02901 
0.000102254 0.00321184 3.37826e-05 2.94418e-05 0.403191 20.9968 0.00062566 9.0783 0.0923551 1.72596 3.33236 91.7353 0.0186691 2.96184e-05 0.839682 17.4923 4.35148 7.5419 
1.2802e-05 1.94704 0.00738781 0.060866 4.88309e-05 0.0542864 0.340915 1.487 0.466575 14.4328 0.631216 285.386 0.440642 0.00500571 0.798839 22.2234 6.1714 0.965019 
0.0476907 0.000334732 0.00129109 0.0349811 0.000132504 15.0785 0.00229789 2.51846 0.207076 15.1035 3.96113 63.7744 9.24938e-05 9.18462e-05 0.955905 41.3684 1.72277 2.4836 
0.000104061 8.91505 0.00200629 4.71614e-05 0.332685 0.0318082 0.195349 4.04704 0.142839 0.0813777 0.10207 457.278 0.250594 4.70336e-05 3.08514 37.4983 1.68769 0.400286 
0.0235247 0.000540113 1.11899 0.071847 0.120286 35.7388 0.00184291 0.620389 0.746372 11.2024 0.903573 306.463 0.108533 0.0108937 1.29562 2.5707 1.82259 5.58853 
0.00133156 0.0428697 0.109338 0.0167119 0.000812675 2.6217 0.000331232 2.15184 0.652095 0.641855 0.00168268 13.0749 0.00880562 8.17906e-05 1.70596 38.8361 1.53161 5.6219 
5.53332e-05 0.274378 0.607814 0.00186327 0.0284599 738.525 0.0048132 0.267192 0.524285 8.12875 0.137172 475.711 0.00188502 0.113351 4.53484 18.6125 2.33575 0.600088 
0.00209911 3.47839e-05 3.10923e-05 4.20353 0.0241536 5.2789 0.0023895 1.33042 0.32568 0.165815 0.133388 449.582 0.000172155 0.0196582 2.51026 1.90163 1.18073 2.92052 
2.75999e-05 0.0411838 9.24798e-05 0.00176661 2.05551e-05 0.194042 0.00195765 0.152135 0.780916 7.43736 0.105483 177.361 2.57924 0.000980574 1.49605 7.25767 2.68616 2.76678 
1.04259 1.37581e-05 0.00176027 1.68148 0.212669 269.174 4.32865 3.78521 0.0392094 0.0887668 7.28083 82.9418 0.0077675 0.00146589 1.60491 7.58543 2.25524 7.08985 
0.357898 2.16177 0.315603 3.72412e-05 0.00392774 32.6001 6.66924 8.1123 0.0642347 0.0287331 0.833057 31.2706 0.00166881 3.04414e-05 1.98667 43.7281 0.890798 9.77799 
0.00019354 0.157311 0.0192688 0.952508 0.000296611 0.37579 0.00789356 1.08523 0.537865 0.0778469 0.0102692 71.8137 0.257649 5.92458e-05 1.86806 20.7934 1.56753 3.96842 
4.53617 3.85852e-05 2.00559e-05 0.00892497 0.108203 0.0363411 4.96279 7.38401 0.109665 132.424 8.1709 258.804 0.245947 0.000463809 1.69403 31.507 3.06161 1.36655 
9.84741e-05 1.47496e-05 0.00285854 3.06797 0.884755 0.0958079 0.0686609 4.63008 0.26401 15.0426 5.98706 371.196 2.28657e-05 0.000406597 2.41141 9.16289 1.08262 2.38366 
0.638832 5.24392e-05 0.00373945 3.85741 0.97297 0.0764376 3.07064e-05 1.93544 0.128685 2.30154 0.365074 387.431 0.109624 9.0196e-05 1.86596 20.1684 1.22452 0.934495 
0.00087901 0.0400569 5.11275e-05 0.0075556 0.00208978 0.0165737 0.451418 1.36867 0.508951 4.17527 0.580009 230.306 0.190398 0.0123693 1.34429 49.2699 4.75914 0.37171 
0.0132409 0.410468 0.0777696 0.00118786 0.00433895 13.5925 0.0109482 0.566467 0.208254 0.141169 0.0501381 130.256 0.000522866 0.00611382 7.53711 24.1351 1.8211 1.38907 
0.350566 0.000142377 0.036452 7.26801e-05 0.053747 370.981 6.04171e-05 0.129224 0.821327 273.104 4.37708 26.4547 0.40672 0.000157577 1.79327 41.643 2.43449 4.89441 
1.36719 3.62509 0.952614 0.00416872 0.000908874 1.74454 0.0260027 0.318136 0.433938 0.0321734 0.00459313 225.074 0.000122064 0.00134397 7.18023 31.8128 1.52012 1.11342 
0.624628 0.674936 0.000343443 0.00449843 0.11085 1387.46 2.21981e-05 3.24696 0.0949923 0.558879 0.031558 119.339 0.0264771 0.00567073 1.64604 19.126 0.938537 9.35493 
0.116464 0.185448 3.25503 0.000845222 5.54445e-05 1.18028 0.163984 1.80908 0.0400724 0.699305 4.0126 331.262 2.35347e-05 5.3553e-05 5.36613 30.9335 0.911895 2.2709 
0.00578766 0.000298542 0.00076172 0.00652157 0.000396933 0.576767 0.492293 0.787429 0.199525 0.903964 0.00612335 17.8248 0.000141411 0.000364494 0.641762 36.782 1.76505 5.9098 
0.00130041 0.00130523 0.00323729 0.00504548 0.872117 90.2812 0.000167528 4.72037 0.0230113 0.102685 0.608325 335.223 0.0175206 0.000374446 1.60989 32.0615 2.12243 2.30921 
0.056694 0.130329 0.0241452 0.00756805 0.000155237 3.82633 0.0113839 0.435471 0.0464595 1.25075 8.3853 285.023 0.100568 5.98689e-05 4.37697 28.2844 2.74799 0.489868 
1.96711 0.0255094 0.00118027 3.3571e-05 0.00028911 0.880194 0.000117313 8.96582 0.240539 0.0280297 0.00113682 181.659 0.000637172 4.74138e-05 1.65995 45.7426 0.847709 3.33321 
0.000533927 0.749665 0.0046003 1.09087 0.00216202 5.63273 1.06935e-05 2.18183 0.028135 0.0236822 8.65742 275.366 1.25244e-05 0.332106 4.08091 12.7398 1.52474 1.54491 
0.0044102 0.325963 0.00126054 0.0243748 2.58597e-05 1.35852 0.541489 1.55695 0.5663 168.967 0.92346 365.107 0.598432 3.82481e-05 5.87073 14.0036 0.936196 4.35619 
0.00576546 2.58098 0.000170601 0.000398299 0.00566265 608.82 2.69831e-05 0.229803 0.0528674 1.02258 4.96359 53.6747 0.00330481 0.0551363 0.998103 38.2099 6.18895 4.9446 
0.000352439 1.27563 1.08604e-05 2.23649 0.0114153 62.0167 4.73613 1.68883 0.952556 365.104 4.02594 437.741 0.0234525 0.000210718 1.3971 42.8652 2.71618 0.882313 
0.237783 0.00895343 1.78794 9.76707e-05 0.000187306 0.162414 1.0889e-05 0.204723 0.0657882 10.3141 2.14694 41.4468 0.00383795 1.37357e-05 2.75021 31.5183 1.04643 8.13255 
0.00491686 0.282765 0.000431739 0.00189201 0.557611 39.2492 0.0014081 2.06864 0.0257974 1.29692 0.66879 354.323 0.0110109 0.000223365 1.11765 42.8827 1.86089 2.39866 
0.00102035 0.0249927 0.0012568 6.23781e-05 9.84555e-05 7.96238 0.000647447 0.0641089 0.185157 66.0346 0.521462 213.286 9.39903e-05 5.06766e-05 1.08336 41.8286 8.03018 1.53196 
0.0463081 1.46041e-05 0.00342544 9.93345e-05 7.40584e-05 1.04685 1.73718 0.875465 0.936325 2.05624 0.0616999 193.946 0.00288753 0.00525342 1.17259 15.4134 9.46379 7.60101 
0.0731866 0.000384024 0.00433072 0.0184823 0.000585364 1174.16 0.0463707 0.561423 0.0178382 0.0903294 0.412459 94.1136 6.87269e-05 0.0656014 3.23373 18.1789 1.92471 9.59277 
0.302735 0.000163711 3.99221 0.00848555 0.00118964 7.13103 3.05355 0.0869621 0.756696 46.6337 1.17873 123.532 0.0343387 7.2111e-05 1.98572 25.1215 3.99907 2.40143 
5.10912 0.000143844 0.00698233 0.000299447 0.0392993 50.0534 3.40904e-05 0.854164 0.032894 3.49082 8.33163 366.753 0.00648171 4.6608e-05 2.89156 8.10743 1.92375 3.1157 
0.479808 2.25589e-05 0.00042181 2.1742e-05 0.080528 4.21716 2.41045e-05 4.97762 0.0402222 0.347258 1.58094 91.1718 0.000791722 0.0955737 1.20492 18.9984 2.21622 1.7218 
0.000396647 0.000134473 9.0223e-05 0.0299706 0.00577631 49.7527 1.7159 4.45578 0.85533 26.2139 0.228139 163.415 7.37994 0.0955419 8.9458 28.8942 1.71403 3.09621 
0.000278843 9.1349e-05 9.35338e-05 0.000681108 6.54378 0.596069 0.00102107 8.50924 0.285637 7.27816 0.0599444 74.6686 7.73602e-05 0.00873272 0.798051 45.4404 0.887856 4.5481 
0.00690467 2.18925e-05 0.0235174 0.000184297 0.00174348 1049.74 2.07511 0.622408 0.230475 0.177002 0.195856 203.467 0.0503825 0.000357688 2.24148 6.37653 2.54378 1.66814 
0.0017989 0.203648 0.406428 0.90843 2.67573 52.6655 0.000115418 0.127356 0.226692 224.309 4.21708 246.743 1.24702 0.119376 6.81034 6.91354 0.960771 7.64632 
3.62894 0.00030784 9.34036e-05 0.153387 2.85385 1009.96 1.63916 0.382558 0.0321623 0.226774 1.04348 253.335 0.0556815 0.000644247 0.819348 9.11246 8.31471 9.22031 
0.0143564 2.14801e-05 0.00182614 0.003331 0.0668599 53.1045 7.99963 0.284313 0.134008 0.497471 0.0236612 36.4977 0.0752543 0.000334023 6.07967 44.2286 1.7449 5.1511 
0.347357 0.0070637 0.000450396 7.92328e-05 1.00229 5.28342 0.000993036 1.98548 0.0964556 1.20336 0.156483 79.5637 0.00109431 0.0149544 0.765582 34.2904 3.62475 8.30486 
0.0204762 6.15472e-05 0.000543041 0.000255628 4.05681 885.387 0.523611 3.06915 0.234189 7.35438 1.45696 410.793 0.000336103 1.25803e-05 2.2258 11.2591 0.857071 3.93393 
0.00998754 0.000243949 0.0603432 0.000607482 0.0217229 1.91217 0.187496 0.573701 0.131338 0.242067 0.0740047 20.5225 0.00219578 0.000465785 2.05029 47.6066 1.00135 8.72427 
1.12825e-05 5.07153e-05 0.00032287 2.36199e-05 0.312734 0.424633 0.00041726 0.831156 0.200566 0.0492018 0.0233118 58.7336 0.0606283 0.0887678 1.74306 26.3435 3.42196 2.82829 
2.31668e-05 2.48984 0.318358 0.000127565 1.39077 167.908 0.00386478 0.156239 0.0717084 0.0230679 0.144039 120.221 3.55276e-05 0.000578066 2.85112 37.8775 2.83478 0.82543 
0.41692 1.12392e-05 0.0182824 0.173202 0.000162463 0.360734 2.71462 0.794882 0.0580814 0.413646 0.109043 36.8524 2.94095e-05 0.000189562 3.78181 30.1314 0.776859 9.23955 
0.00244735 1.47273 2.87907 0.181609 3.67414e-05 0.0147462 5.22208 5.22782 0.207484 10.4359 1.83775 79.2947 0.723879 0.000101607 1.19088 17.8512 2.00001 2.10651 
0.0411909 0.00047075 0.0057836 0.486616 0.000756405 7.93185 0.0531649 2.1686 0.656014 2.16024 0.229307 12.3952 0.00069619 1.96555e-05 1.426 30.1049 1.43314 4.38137 
0.000958185 0.0252786 0.000860586 1.16983e-05 0.0031132 0.0110694 9.00544e-05 5.103 0.185575 37.4804 0.925526 344.015 0.69503 0.00125068 0.678471 7.2358 2.53488 5.19189 
0.00363988 0.676382 0.400843 0.000626427 0.124148 49.7793 0.00551378 0.224919 0.0411344 0.497769 6.19499 284.383 0.0197908 0.0205077 1.14353 8.67713 3.44499 5.64963 
0.00135883 1.58628e-05 0.0621573 0.000368356 0.714497 0.0875251 0.00024984 1.06807 0.137991 0.939883 0.520151 72.6291 0.000745448 0.00057006 3.70357 21.5577 0.906152 5.14461 
2.34169e-05 0.00358965 3.2501 0.0250329 0.255772 0.474375 2.91014e-05 0.725082 0.0136907 0.0110598 0.197086 131.601 0.353708 0.000206649 4.92454 13.2336 1.81667 9.75924 
0.00710943 0.00843298 0.295284 0.0411556 8.03281 118.507 0.00085186 0.579698 0.033275 0.0449353 1.00933 415.817 8.33676e-05 7.28302e-05 1.23879 5.50885 8.45851 3.75649 
7.93284 8.40942 9.07948 0.0301162 9.07894e-05 3.03598 0.063162 0.0447722 0.0171592 21.5165 1.46595 23.6753 0.0083456 0.0148776 1.55833 47.7369 3.82931 5.51483 
0.000888844 0.00605682 0.000808656 1.04733e-05 0.000185806 0.0202555 0.0249818 1.07032 0.218245 0.898059 1.23297 43.9142 0.00102106 0.00234771 2.74211 20.5264 1.79918 2.73232 
3.18274e-05 2.51267e-05 0.000155415 0.0982434 0.000567901 0.471479 0.000380224 0.938334 0.472974 1.15615 0.222926 20.4093 0.00114553 1.84748e-05 3.07365 38.1239 1.08839 8.16199 
0.00231228 6.36324e-05 0.0167823 0.000673752 5.86931 0.0263606 0.000182771 1.92477 0.186732 0.901817 0.51389 180.534 8.67246e-05 0.00144035 9.66684 5.91136 0.986591 9.84849 
4.44388 0.849314 0.000252112 0.595362 0.000246933 410.644 0.0651643 0.495183 0.0231935 0.0340042 0.497755 26.1178 3.061e-05 5.07974e-05 0.533122 27.9133 1.46963 7.55922 
3.85784e-05 0.000367545 1.90189 0.000195164 0.000453183 426.072 0.846099 0.0814066 0.127055 2.49753 2.66351 399.718 0.00423671 2.25265e-05 2.10903 2.25239 1.80569 4.62724 
0.043041 2.14369e-05 3.00219 0.0016283 1.15559 234.657 0.000380169 0.000668705 0.000345071 9.2664 0.0132253 2.25472 7.54344 7.80741e-05 2.45492 43.9677 0.767791 6.01263 
0.199775 0.0116226 0.278848 0.693544 4.54246e-05 271.609 0.418642 9.59786 0.0435132 0.102057 2.72906 439.498 0.00012762 0.00734111 1.13259 37.6841 1.8052 2.41064 
1.2327 0.0505767 1.23557 0.000107204 0.000473005 0.745253 0.0076497 0.0325492 0.0221397 0.196604 0.573607 301.756 0.149951 0.0044512 0.949112 8.04104 2.51417 1.39247 
1.73347 0.380351 1.03448 0.000197884 0.000102545 28.6339 0.00247334 0.467292 0.215677 8.98765 1.77333 334.762 0.00456987 0.000427121 6.13005 11.4594 1.28838 3.31592 
0.000230261 0.139652 0.00225204 0.145191 0.000586358 4.92097 0.0112952 0.659884 0.191037 0.0881205 0.0220181 223.015 0.00330063 0.00529797 4.11713 7.89387 0.806066 4.9023 
0.597465 0.0132519 0.0710786 0.000358757 0.0257823 6.33931 0.301163 0.298271 0.435442 0.0101811 0.000103179 175.73 0.000803933 0.000188057 1.07696 17.7559 1.41483 1.7002 
1.25879 0.0102924 1.55893e-05 1.01673e-05 7.08911e-05 1716.16 0.00947027 0.0618667 0.0312026 0.0579698 0.131476 345.987 0.00675607 0.000222857 1.05528 7.19826 3.08219 2.11125 
0.348619 0.000219638 3.60668e-05 0.0193855 2.93339e-05 1.7511 2.02426e-05 3.99665 0.321941 2.08795 0.411277 108.965 3.68966e-05 0.000138613 2.67714 43.3651 2.44256 1.41417 
0.000163194 9.89918e-05 1.24395 0.178307 0.000222262 0.413129 0.0115383 9.74484 0.121932 5.60803 4.61983 104.454 4.58957e-05 0.00792751 1.70362 47.1641 0.883163 6.23132 
0.0114511 9.43639 0.265098 0.606513 1.42972e-05 3.22254 0.0036255 0.323008 0.111565 1.63328 2.27797 256.712 1.16773e-05 0.000890704 1.12284 15.2977 3.55897 1.52436 
0.000191973 7.07457 0.991472 5.72184e-05 0.20078 210.499 0.0086703 0.536064 0.384191 1.04185 0.162954 113.278 0.0206039 0.00847672 6.67682 15.8408 1.77355 5.51172 
1.60004e-05 0.0319054 0.000255618 0.00305338 0.000180587 0.915799 0.000742107 1.70545 0.120437 0.465767 0.302755 105.401 0.193424 1.90321e-05 2.4954 36.3658 1.51439 2.18173 
0.0500373 0.00326112 0.00108008 2.7107 0.00957816 0.570003 0.693465 1.18263 0.0380397 0.0276145 0.0539691 283.888 0.769934 2.61141e-05 1.83484 19.0718 2.75888 1.17002 
0.000314278 0.131905 0.328294 7.88183e-05 0.00014 1.2665 0.000292038 1.34719 0.227093 0.271718 0.941769 154.147 0.0106346 0.00442637 6.73011 17.1086 1.96268 1.45237 
0.23136 0.0182055 0.398794 0.0543072 0.0444699 0.0258967 0.000248068 3.261 0.293887 0.492431 0.440674 21.7629 0.0318373 0.000212706 0.871647 33.0817 2.11915 3.07296 
0.000197267 0.00509007 0.00153744 0.62393 0.684696 4.19832 5.21289e-05 0.626736 0.187326 0.110511 0.00368165 82.9032 0.0212619 0.000272482 4.4975 25.8528 0.939489 4.35937 
0.000245737 0.0125176 0.0764793 0.000266359 0.000471076 944.903 0.0836273 3.25724 0.0232621 0.0986815 0.851069 8.62154 0.0362178 0.0148579 1.39291 48.3008 0.856454 5.19778 
0.00177603 0.294417 0.39756 0.184041 0.020335 0.0567225 0.0327768 1.05224 0.00624177 0.0530666 0.493233 292.614 0.00375517 0.000335063 5.56806 16.1708 1.14257 1.08612 
2.34808 0.122771 0.000584053 1.14661 0.902316 0.376985 5.21309 3.73676 0.0706991 5.08341 7.37812 286.655 0.011535 0.000676382 5.00468 38.8519 0.966095 3.92967 
0.40306 8.29953e-05 2.6562e-05 0.00379536 0.0114462 0.320418 0.000283631 0.500481 0.128728 0.740836 0.677186 14.5065 0.00138947 0.00799685 2.06004 49.9651 1.90555 7.34585 
9.54089e-05 0.00563728 0.00127692 0.000349346 0.00467471 0.0123444 0.000304053 0.0838979 0.121259 0.345919 0.0831238 65.9983 0.0067371 5.29544e-05 1.06859 43.1147 5.72127 4.47339 
0.000129022 1.68973 0.00033058 1.33178 0.0184314 320.094 1.31358e-05 0.610303 0.189558 1.09164 0.654821 309.894 0.000127638 6.61668e-05 1.02705 16.8813 4.03646 0.718117 
0.0805939 0.00151079 0.00864545 1.0091 0.000628915 0.196084 0.375318 0.000120028 0.0217842 0.741053 0.0222832 41.5296 5.63912 0.000393399 1.96867 48.3278 2.12621 7.66088 
2.85042e-05 6.26447 1.05081 0.000105255 0.177045 35.7832 1.18592 1.45115 0.360436 0.0738694 0.00188586 440.999 0.155824 1.15375e-05 8.32121 16.4163 0.961455 1.25775 
0.000630969 0.000725802 0.000117606 2.02471e-05 0.0590413 178.343 0.000289643 9.47813 0.0214275 0.0746251 0.515067 112.498 1.40559e-05 0.0250317 1.19045 27.0089 1.18485 2.76007 
0.000254468 0.204137 0.6688 0.238187 0.977889 6.53397 0.171002 2.82653 0.0866739 4.44283 1.23133 328.7 0.186786 0.0131043 1.52632 22.434 1.85291 9.26147 
0.00052898 0.0496796 2.17557e-05 0.0670537 0.00238839 4.12494 0.000876655 1.67965 0.127107 14.3256 6.61535 82.4455 6.56543e-05 4.36421e-05 4.30198 38.4751 1.08595 7.04717 
3.8004 2.60048 0.000690913 0.00254223 0.00299846 0.112858 0.0915039 0.907043 0.133453 0.350512 0.676836 58.3188 0.00105639 0.000171203 1.02134 35.4096 9.76532 6.6573 
4.63667e-05 0.00293609 4.34064 0.00364033 0.220028 6.99533 0.00137167 0.0604153 0.00669939 0.0187459 1.11694 194.989 0.0241122 2.38393e-05 1.39124 16.1693 6.37989 4.09626 
0.00166527 0.000121404 1.65041 0.00436072 3.7746 0.122044 0.0130153 0.419413 0.0475714 0.0550984 0.393207 406.894 5.57505e-05 7.08836e-05 9.56802 8.46474 1.73385 0.747541 
0.0095083 2.11113 3.45578 3.53872e-05 1.91062e-05 0.0309651 0.000122863 0.421088 0.530076 284.648 2.17282 134.442 1.28619 0.0167383 3.22 11.6515 2.09177 8.19338 
0.255693 0.121628 0.932254 0.0137809 0.0016242 3.88749 5.52484 0.285234 0.0120229 0.17537 5.66133 75.1337 0.0425593 0.0210067 4.31546 39.3827 1.49099 1.7835 
2.31621 0.00577495 8.19414e-05 0.000223702 0.0317417 490.589 0.15485 0.569735 0.661993 0.0550237 0.000301867 187.323 3.66496e-05 4.71567e-05 6.16095 42.9306 1.61731 0.553831 
0.00246911 0.704946 0.508569 1.62099 0.000201399 1404.6 0.00437998 5.14407 0.484677 0.029054 0.00906971 153.837 0.000729146 0.000860214 1.7823 12.1073 1.40416 7.86864 
6.54942e-05 7.20191e-05 0.00203429 3.26773 0.0128804 0.0760133 0.000305118 1.6953 0.0551505 3.3823 7.97973 404.555 0.00457546 0.00332093 0.834106 2.38964 2.04903 5.84414 
0.46049 0.000539696 0.440411 1.95768e-05 0.0931009 1674.54 0.00149809 0.150773 0.114577 0.0649826 0.0350873 209.477 0.0187953 9.51629e-05 0.986942 11.033 2.60153 3.69484 
0.00673347 1.83541 0.000226681 1.37816 2.08304 0.469434 0.000115575 1.11017 0.087492 24.5486 5.75705 152.615 0.00604731 0.000428193 0.738237 30.9677 3.78724 0.980581 
0.000111018 0.000706946 0.000105748 0.098651 0.131524 0.717438 0.069427 6.8981 0.0216978 0.128673 1.96469 407.266 0.0204314 0.0424428 4.95995 18.3564 1.18488 8.61183 
1.3427 0.00723581 0.044388 2.81977e-05 6.02049e-05 275.29 7.23293e-05 0.746134 0.19504 45.3254 3.3188 85.9089 0.000131841 0.00306481 0.478133 37.9124 1.87442 9.89815 
0.00217589 0.389538 1.72887e-05 1.99955 0.00293716 24.7905 0.00133951 1.60055 0.228862 2.04846 0.208013 20.3374 0.347658 3.92923e-05 0.931932 30.945 2.46274 7.68299 
0.363804 2.147e-05 0.286359 0.166429 0.000564118 0.0145302 0.305117 1.86238 0.766959 17.9481 0.230127 90.339 0.090536 0.00300793 0.537487 29.5224 1.69076 3.28236 
0.00059853 0.784744 0.0201838 0.204492 0.323837 2007.43 3.01329e-05 3.6082 0.166215 1.35672 0.305022 402.886 3.42612e-05 0.0151337 1.02768 49.9644 3.98434 3.85108 
0.00151591 0.000544973 3.50166 0.994658 1.13917 480.814 7.68472e-05 0.544772 0.325952 1.93567 0.0887645 255.005 0.0414964 0.000131817 1.50867 19.5779 1.93461 5.97037 
0.803703 0.000214455 0.0014768 0.000572536 0.000268496 25.9658 2.23167e-05 1.22998 0.019094 0.0245152 0.434608 122.328 0.000117771 0.00235349 1.86649 22.6829 1.0259 2.69088 
0.00103081 1.31027 0.000151555 0.00343966 9.02143 28.2155 0.0141543 1.10454 0.0545496 0.261105 0.911899 209.027 0.000311022 0.0234306 1.63465 46.8235 3.19332 1.10082 
0.23319 0.000685586 0.829552 0.000334266 0.147301 501.532 1.74738e-05 0.335334 0.0731043 2.6628 1.27903 409.377 0.00922903 0.0362125 0.712926 35.029 3.92318 1.57547 
0.156369 1.3036 0.262835 0.000185103 3.51474 0.310571 0.000613903 1.87183 0.389004 0.0453897 0.00170344 330.365 4.11782e-05 0.138298 5.94932 8.75212 2.01012 3.6821 
0.0455374 0.0109598 2.15551 1.2601 0.259548 97.8676 0.000324721 0.562134 0.0772738 0.372695 0.15896 456.965 0.000655522 0.00421548 0.60415 37.6358 2.78833 2.18471 
0.0491534 3.99215e-05 0.0212048 0.000344235 0.000118243 46.8571 0.0130042 8.92625 0.0674736 2.51442 0.705948 136.282 0.364565 0.00364241 3.31641 33.9332 1.01253 8.7766 
5.49499 3.08812e-05 0.00147583 2.53329 0.00371578 67.5757 0.000208226 3.05962 0.235558 2.76861 0.109786 144.523 0.992905 0.00318964 1.84746 17.0178 1.4909 9.6298 
2.57596e-05 0.00011661 0.00067284 0.042282 9.81919e-05 0.788553 0.000566739 4.84724 0.0408909 0.157752 1.46678 181.409 0.00342556 0.00120343 1.70392 45.2753 1.6637 1.26018 
0.00287981 0.00426654 0.0123335 0.498113 0.000189943 2.05731 0.203514 2.01653 0.0266679 0.0143891 0.466962 55.6714 0.000352587 0.0665009 2.1639 33.167 2.48049 8.69744 
0.015601 0.246627 2.64222 0.00536636 0.0264681 3.28077 0.000882896 0.758964 0.229283 8.02806 0.356701 102.643 1.3087 0.000378152 1.56422 30.8954 1.07939 4.65569 
0.276528 0.0143478 3.37635 0.0488163 3.37252 6.21182 4.04182e-05 0.497954 0.59321 115.13 4.4166 90.0758 0.268226 5.07519e-05 4.73358 31.4119 1.03557 7.99045 
1.15211e-05 0.0129793 0.000948653 0.34668 0.764168 37.1743 1.4633e-05 0.373829 0.641012 0.02817 0.00263398 265.894 1.83255e-05 3.97788e-05 1.07391 11.1234 5.08174 2.74016 
2.11558 4.77418 0.497409 0.00304874 0.580855 1.05967 0.000122799 2.20853 0.123079 0.0581146 0.00374007 409.122 2.52263 0.000595652 1.18658 17.9513 7.45792 2.63853 
0.00361798 0.0218146 8.4569e-05 0.000209515 0.000324801 0.250208 3.97551 4.56666 0.0518011 0.315471 0.0365753 36.0458 0.000355134 0.00219949 0.550314 44.3593 3.39262 7.22254 
0.137507 0.000984827 0.125405 0.00751055 0.00219286 1.13609 0.968306 3.14799 0.205779 1.52154 0.0316516 196.982 1.01218e-05 0.000613195 2.2722 25.2174 1.93461 2.55192 
4.15371 2.89222 0.00469889 0.00722242 0.00298952 0.021169 1.03556 4.37584 0.549644 39.509 5.19927 174.924 0.013044 0.0418817 1.02588 9.62443 3.38615 2.32619 
0.000365176 2.52612e-05 0.000554931 0.183195 0.918596 599.652 0.00421551 1.08517 0.00595004 0.0188753 6.59408 103.621 0.0052386 0.00124443 1.94794 12.0113 1.75865 2.04256 
1.7581 0.32462 5.22028e-05 0.000207803 0.0133143 2441.77 1.41432e-05 0.0732934 0.374824 5.69344 0.031109 200.519 1.85015e-05 0.00111853 7.539 11.9908 0.777706 2.55475 
5.41091 0.00319744 0.000610266 0.925126 0.123296 1.35176 4.85524e-05 0.668442 0.0513427 0.0361685 0.167578 163.942 0.000277022 0.0688619 1.54194 7.22185 1.67291 8.80971 
1.33233 0.0204246 0.000115193 0.000409134 1.02513 672.567 1.13257e-05 0.106446 0.248624 115.788 2.80995 67.6251 0.175201 0.012472 6.71566 27.2504 1.41232 5.51089 
2.87419e-05 1.57037e-05 0.0703481 2.39963e-05 0.956102 9.97418 0.00854723 1.58086 0.0634964 0.0427446 0.178615 363.46 0.00197839 0.583669 9.90628 8.41563 1.27631 2.86114 
0.118764 0.947541 0.00799447 0.00251479 0.000163523 0.332199 4.11484 3.78943 0.0348498 1.14355 1.69936 252.43 0.00205703 0.0171638 1.1843 49.8038 5.74102 0.860216 
0.00526319 0.00012709 0.00153625 1.9526 0.891135 7.8545 0.296432 0.307439 0.162081 23.7419 1.00781 172.923 0.00105313 0.00929524 0.786264 32.8351 6.19422 6.77932 
0.411079 0.0896557 0.000684247 0.0729453 0.0124743 1297.17 2.60684e-05 0.361794 0.516132 218.024 0.301565 339.333 1.23855e-05 0.00645795 1.0189 18.6663 4.55273 1.1096 
0.000155842 4.34659e-05 2.23961e-05 0.00834083 1.6098e-05 14.76 1.23469e-05 0.111045 0.0158521 1.31693 2.568 117.201 1.48561e-05 0.0323097 2.74577 25.559 1.29675 1.64752 
0.94023 0.00279342 0.259769 1.73044e-05 2.4389 14.0412 0.114268 1.86141 0.140676 8.41883 2.81668 53.3306 0.00040366 0.0188409 0.639899 21.8328 1.76457 7.70738 
0.000559983 2.3499 1.68285e-05 2.36377 1.4581 1.04113 0.0230138 3.7487 0.358073 3.41107 0.355937 120.92 0.0192074 0.0180488 0.965687 22.2641 5.82729 6.44458 
0.0120754 1.843 0.0130847 1.78966 2.22812e-05 0.507741 0.00138762 9.00719 0.846495 47.8889 1.33152 290.802 1.25584e-05 3.67938e-05 2.81836 13.4238 1.75234 2.26882 
0.00109092 0.19276 0.00755424 0.000131867 0.000386359 0.0495378 0.872789 5.09745 0.134958 1.8292 0.0608962 285.889 2.4606e-05 1.64361e-05 1.27189 9.16976 1.0399 3.28608 
0.00244925 1.09886 0.000390468 0.000115368 0.000255973 1.07246 0.872195 1.43262 0.0710744 0.722967 1.19599 416.737 1.00077 2.88021e-05 5.44511 18.4595 1.79391 1.85221 
0.00706425 0.139087 2.20994 0.0147701 0.000245156 0.0746507 0.981471 0.204991 0.237503 16.4483 2.00458 4.26552 3.48108e-05 0.00593397 1.58388 47.3043 1.69412 8.86859 
0.00636808 0.00192775 0.200974 0.100614 1.49679e-05 550.452 0.00102397 0.731053 0.581749 125.203 6.42222 56.2457 1.63833 5.17154e-05 8.85322 43.8171 1.18197 3.05833 
0.141741 0.0382788 9.99235e-05 0.853819 0.0246234 0.226597 0.0256401 0.0880151 0.0867087 109.83 1.34663 279.549 0.000248371 0.000286803 3.15884 4.66011 1.23749 4.36563 
5.35676 0.0620952 4.43387e-05 9.66308e-05 9.2111 3.60677 3.77269e-05 0.898417 0.0377847 0.0194259 0.377761 10.9787 0.00141636 0.0419557 4.16954 35.2614 1.38415 9.33315 
0.000370963 0.0615737 1.20001 0.000211073 0.0342707 0.0399946 1.17982 0.355637 0.525072 6.89514 0.119496 407.63 0.000131424 2.91518e-05 7.38225 9.8021 1.36182 1.55944 
0.0010138 0.000125329 0.176722 0.0421159 0.00817472 4.15027 0.00761994 8.92711 0.0681322 0.603345 0.744206 347.709 0.00034496 5.41326e-05 0.649185 24.6151 1.80474 1.21503 
0.019083 0.0014397 0.0333189 0.0937605 0.000606073 1949.15 0.483501 0.283435 0.0236453 0.0319056 0.610664 30.3311 2.75686e-05 0.0316564 1.71274 45.2038 1.92635 4.16145 
0.0178785 0.0124355 0.0017861 0.000345746 2.95297e-05 14.1476 0.0913764 0.120217 0.0664452 12.9587 3.10255 49.6311 0.0849385 0.00737598 1.0437 46.6611 4.16635 5.35678 
4.45323 0.0286259 0.395867 8.51387 3.37221e-05 1504.56 0.0420015 0.0466076 0.444758 0.487473 0.0127753 156.382 2.43649e-05 0.00138016 0.924548 7.35304 1.95917 4.2972 
0.0055009 0.000119752 0.000299925 3.2796 1.09768 4.05447 5.18134e-05 3.53872 0.137656 2.27022 3.26114 128.879 0.00125798 0.00425952 3.07844 26.4969 1.59764 2.15827 
0.0647023 1.50571 0.00140034 0.000163436 0.000325613 2.5007 1.02167e-05 4.02167 0.11791 17.8799 8.64612 366.596 0.231856 8.01456e-05 1.83685 13.3132 2.44514 3.73048 
3.63401e-05 0.0295589 2.13098e-05 0.00163511 0.000893326 373.507 0.00854068 1.93458 0.509953 0.660925 0.016164 427.478 0.000670043 8.85894e-05 3.46351 32.2155 0.964397 0.846495 
2.09171e-05 0.0169036 0.140936 0.0003075 0.0058334 1.91203 0.0299603 2.06707 0.519157 1.85067 0.0341999 244.371 0.00716477 5.71481e-05 1.75202 24.7737 1.02661 9.41563 
0.477988 0.000114305 0.0541622 0.00328772 0.0066211 15.9799 1.27963 0.847101 0.393985 7.16993 0.797949 90.7824 0.0382903 1.67208e-05 1.61759 13.3326 4.03619 9.33801 
2.97915 0.635616 0.00213197 0.000995635 4.72112 10.3275 0.0527086 0.577044 0.0276898 1.6768 0.0909153 206.3 0.000358386 0.000486529 1.28009 6.86571 3.68358 6.79555 
0.023088 7.45236 1.67174 1.12081e-05 0.0416594 938.559 9.58951 1.67081 0.0848972 1.10284 8.0012 174.781 1.37681e-05 1.2674e-05 1.39154 36.992 2.09166 0.971891 
1.19278 0.0463467 0.0342187 0.00870316 0.00196079 0.251978 0.0207397 2.641 0.145326 74.9719 5.31552 188.737 0.000674618 0.00179226 0.718676 13.506 3.30453 2.57429 
0.000294699 0.918991 0.00907399 0.255216 0.00861021 0.211575 1.4242e-05 0.890821 0.293433 1.43327 0.00570451 96.4555 0.000215288 0.000687557 4.76112 10.7725 1.07095 4.9265 
7.05558e-05 0.273659 0.697281 0.561983 0.000272676 0.52825 2.29474 0.87613 0.956897 24.8613 0.227587 36.3067 0.00391461 1.14183e-05 0.796553 40.0907 2.25397 1.47355 
7.41825 8.02779e-05 0.000134008 8.69333e-05 0.674013 81.8286 0.423105 4.601 0.052837 0.037815 2.37451 67.4605 0.00032513 0.0835002 7.01646 41.1946 1.92156 2.23636 
0.844894 0.0162167 0.000636326 0.000969378 0.071513 7.65018 3.83894 0.118857 0.27927 163.096 0.248134 16.0475 1.41365 0.000165919 1.69664 36.2347 1.68242 9.28292 
0.00154027 1.95738 0.889171 4.73626e-05 0.000742042 4.16882 0.424699 0.242526 0.0399194 0.108202 2.72108 54.3907 0.0697202 0.00014303 3.18314 40.0886 2.02978 1.56105 
0.546995 0.000973265 0.0365791 0.00206015 0.109611 0.0351343 0.00072208 0.842609 0.154418 0.116644 0.0149706 42.0396 0.0794204 0.000700155 2.26917 21.4446 1.32904 3.82402 
0.0218087 0.0848478 0.000375288 6.56798e-05 0.000125988 0.340859 0.00866567 1.96183 0.385942 0.671206 0.215484 329.104 0.215414 0.000743601 5.6384 10.1811 1.287 2.80205 
0.108741 2.53365e-05 4.35952e-05 0.00458854 0.000224555 39.3881 1.04876 0.610585 0.428963 54.258 4.98517 21.4042 0.270098 0.000647499 1.22582 34.4581 1.5188 1.76828 
0.379202 0.0419857 0.00228306 4.21936e-05 0.000242717 2837.46 0.00440807 0.13641 0.00772354 0.115418 4.79711 134.243 0.007789 0.0941697 2.1083 8.11995 1.88815 9.23491 
0.0988033 0.00662452 0.00334183 0.00355665 0.00019673 653.801 1.57634 0.32026 0.212897 9.71806 0.285235 214.232 0.00135328 0.178889 4.30143 8.39731 2.20166 7.16623 
0.00788102 0.478343 0.000843018 0.000489034 0.0808179 0.178557 0.00100832 5.08992 0.402456 0.15328 0.0145961 144.615 0.0027056 0.000909592 1.71687 16.154 1.57652 6.51014 
0.000118865 0.0246749 4.7537 0.00185301 0.922535 5.08357 7.88463 1.14315 0.560357 0.662996 0.00343688 190.311 0.00281796 3.0935e-05 0.556885 43.8697 1.28231 3.58266 
0.0920088 0.0779924 0.00118998 0.00263726 0.396832 2326.95 0.0225944 3.1797 0.0360573 0.0216186 0.380262 266.702 5.40072e-05 0.00493474 3.63912 11.2548 1.06081 8.45863 
0.507191 2.66924e-05 0.0518364 0.00588223 2.41098e-05 150.344 0.17605 0.293767 0.0366437 0.458741 6.54635 403.783 0.000136612 0.020774 4.76507 2.04907 1.32263 4.98823 
8.74241e-05 0.363875 1.50462e-05 0.000919798 0.0117124 521.806 1.79332e-05 0.66076 0.292138 0.05685 0.00214654 465.97 0.0310593 2.44104e-05 1.0676 6.34531 3.59346 2.37895 
0.0162755 0.000208255 0.240171 0.00675177 0.000368331 288.955 0.00457399 0.59123 0.0169056 0.0770226 0.287885 243.594 0.00261022 0.000129059 1.75433 5.67568 1.02721 4.96041 
0.0723603 0.0011036 8.39865e-05 0.000289861 0.0185524 0.079381 0.0581865 3.90872 0.645275 1.10336 0.0208829 35.2253 0.0636184 0.00148121 0.70271 35.8316 5.59684 9.88734 
8.69056 0.000300281 0.000155189 0.00105519 0.007489 0.0122607 2.29365e-05 1.35607 0.0284883 0.0186486 0.0458535 136.418 4.84365e-05 0.00844687 6.18692 15.5414 1.59847 5.22053 
1.1569e-05 0.174543 0.0518675 0.0088843 0.246157 29.2685 0.000507108 0.793951 0.128344 0.474106 0.0415763 73.4226 0.535288 0.00123673 1.20986 44.3537 3.76962 4.81789 
0.539319 0.0363118 2.85811e-05 0.0409201 0.0529326 51.8861 0.00739141 0.085117 0.2949 6.1637 0.317119 133.191 0.00645636 0.00324842 3.20887 9.60705 1.20669 2.66632 
0.0363989 0.264148 0.000201672 4.78667e-05 4.64961 4.38048 0.000608483 1.41767 0.840438 9.09349 0.241574 33.2561 0.0472581 1.77111e-05 1.50734 39.2085 1.34819 8.65201 
3.84332e-05 2.43283e-05 2.47823e-05 0.00110404 0.00388911 0.0848539 0.00184768 2.33051 0.123053 4.68882 0.236402 138.878 1.931 0.0156648 2.27649 43.8962 1.51861 2.97426 
0.000482635 0.00499682 0.0266047 1.78458e-05 1.02695e-05 1.78524 0.00116261 0.657923 0.00825524 0.0271828 0.831478 101.132 0.00219077 0.00685897 0.882233 11.7591 1.39784 6.63937 
0.00535826 2.20355 0.000943076 1.43144 0.00641666 0.0389808 0.000278366 0.225497 0.0247464 0.0110974 0.0226712 225.205 0.425534 0.0404204 1.28737 6.99797 4.18894 9.11639 
2.30433e-05 0.0245003 1.92976 0.0308166 0.00103699 0.0201663 0.0877024 1.12188 0.0526463 3.52757 5.79976 413.194 0.00477293 0.000591981 2.29705 6.27757 1.82826 6.03031 
1.61029 9.36607 2.06095 0.0614909 0.125593 0.132625 0.000809744 0.689961 0.710257 33.2566 0.533139 158.014 3.42936 0.00516152 5.84553 8.79215 0.904781 8.99716 
0.000106376 0.0716371 0.000724546 0.0235326 6.75293e-05 0.668015 1.3757 0.54971 0.0417143 2.66417 4.35505 371.979 0.00301248 0.0596508 5.16965 1.94816 1.35269 8.41332 
7.03403e-05 1.27078e-05 3.16404 0.733918 0.180437 0.126751 0.865776 2.44479 0.0592998 0.865852 2.85663 246.337 0.136192 0.00603646 2.12398 10.4633 2.19627 1.9411 
0.253716 6.29789 0.000242 3.18809 1.03734 0.032169 6.68053 7.28562 0.0252204 0.0303255 0.668212 233.958 0.00460105 0.00028256 1.80878 38.6222 1.63401 1.16904 
3.31497e-05 0.20657 4.23315 0.00114775 0.147999 360.148 0.00396361 0.598247 0.0747047 0.052966 0.0824184 96.3647 0.0826054 0.000227795 0.849831 38.9465 2.75758 8.92886 
0.00718285 1.56545e-05 0.00942204 0.262622 0.00220922 0.105883 0.000102964 0.211593 0.0668738 11.7145 2.96113 67.0591 0.0351023 0.0167758 1.16444 39.493 3.68933 2.84021 
5.10398 1.04591 5.49748e-05 6.6595 0.00244718 1859.62 0.00569758 0.497068 0.42448 2.97839 0.316403 443.829 0.000506489 0.121663 1.4595 22.4835 6.00765 1.26803 
1.97029e-05 0.00121694 0.00434045 0.0354787 3.24687 2.17411 7.89105e-05 0.42419 0.0213362 0.751461 6.61136 228.587 2.69625e-05 0.000252423 1.0822 12.2931 8.29063 3.79032 
0.000257318 0.143581 1.89674e-05 0.0472436 0.000447449 82.5856 0.000917599 0.170937 0.000175709 0.557061 0.0281002 0.047567 6.06976 0.000451446 2.38734 45.1725 1.7245 5.5263 
0.112136 2.71409e-05 0.000188003 1.45171e-05 0.0338348 606.391 0.000230787 0.154371 0.0451065 0.430415 0.772991 56.535 0.000112275 0.00247116 1.29821 30.3847 1.14746 3.22856 
1.43543e-05 0.148367 0.000901708 4.13001 1.04121e-05 239.639 9.49257e-05 0.175745 0.0178989 0.368002 4.54201 42.9437 0.00192229 1.28485e-05 0.757482 26.1345 3.808 6.82568 
1.23504e-05 1.03547 0.0453588 2.8178 0.00059868 36.8172 0.00011917 0.47323 0.0800458 1.78163 1.08542 167.356 0.13301 0.0133873 1.40621 39.9127 2.30091 0.56435 
0.196561 7.53646 0.0490464 0.162458 7.00346e-05 2016.88 0.00162973 2.88904 0.432287 15.2685 0.527711 341.841 0.000760978 0.00114257 0.892894 19.0494 3.98549 9.25709 
1.09536e-05 0.00375287 2.41136e-05 0.00110934 2.25676e-05 631.684 0.000198622 0.833175 0.17327 0.322979 0.690176 117.854 0.000737537 0.000542906 1.98119 7.5512 1.94449 5.63056 
0.00320594 0.597682 1.76554e-05 0.00607275 0.641281 0.0353897 0.00235441 0.995146 0.0309062 0.370852 6.30782 188.894 0.00129015 1.9657e-05 1.67019 5.78018 1.67 7.82377 
4.09242 2.94519 8.72257 0.0631739 0.0744902 1117.64 0.382342 0.0265933 0.102244 0.101251 0.00373371 497.826 1.21388e-05 0.0148196 0.857049 39.0569 6.14803 0.333401 
5.18546 0.00151277 0.326618 1.44395e-05 0.00385916 0.495964 0.00100262 0.102781 0.155792 0.159427 0.0895536 50.0447 1.74933e-05 0.00084781 2.3923 11.4607 1.69327 6.99481 
0.00719741 0.000450345 1.55409e-05 0.015982 4.26653 0.960824 5.5428e-05 0.585694 0.0964814 0.0413443 0.00665286 487.454 0.00196676 5.30619e-05 1.58266 25.8138 2.00652 0.240231 
4.55395e-05 1.32893 5.2572e-05 2.71246e-05 2.20121 886.686 1.17693e-05 0.470225 0.158415 0.725369 0.150905 137.832 7.85908e-05 0.00151904 1.63933 36.8369 4.84748 0.512216 
0.000161729 2.59656e-05 1.71449e-05 0.000168236 0.000142614 195.721 0.171707 0.92295 0.519531 5.22231 0.00512078 217.496 0.0483103 0.00656839 1.43753 8.53403 1.02071 3.58001 
0.50665 1.76702e-05 0.00331837 0.00129506 0.101332 1.48364 6.51075e-05 0.123657 0.0830753 0.876706 0.197508 76.1488 0.000269769 0.000260183 0.968874 26.8487 2.19991 1.75134 
1.21891e-05 7.50423e-05 5.32073 0.0323934 6.11779e-05 137.005 2.62965e-05 3.19577 0.0286484 3.03348 6.29981 421.218 0.0428576 0.00744191 2.2866 14.3209 1.53888 1.20635 
0.0173068 0.0138038 0.013321 0.109021 0.0180481 36.5508 0.153039 3.57686 0.290956 6.28184 0.35219 46.1889 0.728099 6.15779e-05 5.27511 30.4842 0.886501 4.93363 
0.000106771 1.19376 0.501855 2.27164e-05 0.000185997 0.147923 0.0743256 0.619967 0.0155709 0.955461 0.679193 130.946 0.0326962 0.00224233 0.828258 49.435 2.34787 1.69788 
0.274236 0.0172008 0.00128175 0.00862037 0.0744929 0.296516 0.000123798 0.500064 0.0189954 0.126844 3.51045 193.967 1.74154e-05 0.00835806 1.06644 30.0345 8.78855 4.23799 
0.00337472 4.3511e-05 5.54533e-05 9.21359e-05 1.19308e-05 1027.66 3.84102 3.25187 0.0648843 1.83187 1.47931 209.866 3.91987e-05 0.000747093 1.00965 22.406 2.15798 4.51345 
0.485419 3.917 0.0128581 0.000266226 0.000292915 0.856311 0.12789 1.40886 0.451799 7.8803 0.189247 125.017 0.0230933 0.0123714 6.42745 37.2217 0.864257 4.24259 
0.00016041 0.519622 0.000158291 0.000706373 0.084507 74.1063 2.23935 6.46957 0.157495 1.87311 0.0819719 110.393 0.0370341 0.0259714 2.56383 11.4068 1.14645 7.53609 
0.000145426 0.121373 0.00363048 0.00429707 0.179343 0.735619 0.262322 0.227177 0.120778 12.9939 0.0915879 98.0847 0.0018812 1.18996e-05 5.79071 23.6455 1.09935 2.68366 
0.000124555 0.0360389 0.0319028 1.84553e-05 0.944731 0.0217001 0.538163 2.05029 0.0126044 0.0353454 3.91309 31.0633 0.0411229 0.000138972 1.60009 27.387 1.33638 5.55523 
0.000379242 0.0408494 3.12402e-05 4.96654 1.18305e-05 1269.55 4.83293 0.462857 0.00941633 0.234632 8.36088 129.743 0.00113464 0.00174804 1.47176 18.6819 2.75195 2.34671 
0.24497 0.000880535 0.0148641 0.000165518 0.298002 2146.23 0.287397 1.98705 0.142962 0.405708 0.39132 98.2612 2.49721e-05 2.81125e-05 1.57853 18.99 1.13992 5.67023 
0.00272848 0.0412868 7.51713e-05 4.46249e-05 0.273235 1041.12 0.245714 1.89853 0.333897 44.0585 4.66133 185.283 0.000220435 0.00149726 4.26851 7.23098 1.7628 5.64994 
0.000121219 1.74832e-05 0.326058 1.55488 0.00714206 184.76 0.000104771 0.0938135 0.00951218 0.040423 3.12685 97.9506 0.000535912 0.00138473 2.90188 9.95228 0.825681 8.17052 
0.490347 0.0713423 1.83012 2.35419e-05 0.000293528 16.4286 7.1326 0.263022 0.0215348 0.0132586 5.74885 433.964 0.00126771 0.000848208 3.86463 11.8131 1.19533 1.10316 
0.0414551 0.47004 0.0105138 0.00627652 0.567175 8.72272 0.000315357 0.302351 0.734752 1.85151 0.0272374 61.3783 0.483681 3.36538e-05 0.63666 20.1236 2.63837 3.62213 
0.0176293 0.0740336 0.000357679 0.0361347 2.20631e-05 189.61 0.0652654 0.138638 0.23076 44.6478 3.19588 39.625 0.0166258 4.53118e-05 1.61508 28.5308 2.45264 8.24456 
5.65506e-05 4.27585 6.46788e-05 4.60955 0.000421456 1.39933 0.0254604 0.639426 0.00120523 0.107275 9.57577 273.962 0.000393175 3.04336e-05 1.35044 6.9434 2.8938 3.79685 
0.207996 0.0117102 0.000882851 0.00549909 0.00125012 0.251444 0.00331772 0.445032 0.0525089 0.722237 0.276944 76.8399 0.018353 2.18393e-05 4.69656 38.4381 0.828268 6.07337 
3.23687e-05 0.0178172 0.00267139 0.0951193 0.192079 0.0173175 6.02882e-05 1.38623 0.175599 179.235 7.70108 380.365 0.0035378 0.00192713 1.61779 2.26788 0.846194 7.42463 
0.29262 0.352216 0.00131232 0.204943 0.000216977 2942.78 0.00552338 0.217864 0.0344974 1.3613 1.71319 149.746 0.000707513 4.28533e-05 0.899569 25.9793 7.10675 4.74036 
5.59902 0.00600351 0.993508 0.00022399 5.17245 0.307594 0.00017809 0.579912 0.00975606 0.0430313 0.334722 208.796 2.10351e-05 0.0444045 0.968312 8.7274 2.99969 7.90485 
3.9127 1.0658e-05 1.2221e-05 0.000732237 1.38332 0.0922416 0.0225983 0.266387 0.10296 32.3742 1.4225 67.3915 0.00318537 0.000293465 0.91101 36.8988 2.89739 3.30912 
0.0305623 0.00607765 2.29623e-05 2.08723 8.74178e-05 0.494019 0.000151224 4.15069 0.32513 46.8408 1.97839 475.263 3.92924 0.00946862 2.98004 29.0169 1.73892 0.804196 
3.63896 0.00251366 1.93939 0.0970117 8.80815e-05 30.3748 0.499106 0.626883 0.0257432 0.69026 8.74716 461.55 0.00136982 0.0103871 1.46697 39.2553 1.74793 3.24385 
0.000405542 0.468779 0.00875856 0.395665 0.0863884 0.01004 1.35969e-05 2.49617 0.0214857 0.0944532 0.725452 31.4856 0.0235944 5.49191e-05 1.23129 22.8607 0.978293 6.5944 
1.44796e-05 0.00100341 0.0256703 0.0919644 4.07358e-05 200.605 0.00447327 9.22429 0.0722372 0.149095 0.277255 52.8693 0.000549827 0.00495726 0.611027 38.1823 2.39154 8.242 
0.0440518 1.55473 0.415202 1.06943 0.00100216 13.5388 0.000684413 0.345895 0.0682256 60.8826 3.85958 116.545 1.70941 0.00635319 2.04778 7.76142 1.48036 7.16862 
4.18136 7.09619e-05 5.34991e-05 0.000132661 6.27934e-05 97.4082 5.28364e-05 4.80325 0.0963421 1.15184 1.18554 112.053 0.000368149 0.000558316 1.35123 26.7487 1.33438 9.27744 
0.00481975 0.689393 0.0792585 0.111928 0.0022247 18.8591 9.30583 0.326189 0.740355 10.9232 0.0987886 122.388 0.00237221 0.144359 1.18844 38.2811 3.3159 0.763474 
1.08633e-05 0.544183 9.54437 7.05315e-05 0.00021538 0.226926 0.00251498 0.0900436 0.0526817 0.331354 0.316286 255.896 2.84712e-05 0.0360895 2.18228 4.21456 1.78146 7.93429 
0.00110921 0.000335713 1.56662e-05 0.000635944 1.13659e-05 1.89672 1.40636e-05 5.86342 0.156469 16.2902 5.93076 198.925 0.000305419 0.000572534 1.95152 30.5998 1.7477 9.10663 
0.00387959 0.000818523 7.51399 0.000752504 0.0118709 0.0267722 0.00375294 6.60063 0.0284488 0.0293639 0.166058 93.0917 0.000363704 0.00529116 1.21891 27.2679 2.65181 7.87504 
0.000798511 2.01872e-05 0.784649 1.23155 0.486516 0.149684 0.0117222 0.0870963 0.00670655 0.882456 3.83072 25.447 0.000317763 0.00244091 0.6992 35.5289 3.17889 9.64026 
0.000417424 0.00347429 0.00188569 0.000115634 4.00067 2676 0.000565549 0.143455 0.296917 459.528 4.84469 116.027 0.00243731 0.0104687 0.724668 33.6479 3.62269 1.11494 
4.81544e-05 2.28397 0.0177268 0.00426077 2.35701e-05 0.479438 1.8021e-05 2.62825 0.38153 0.0446076 0.00137401 250.03 0.0842706 8.69623e-05 5.09996 13.4962 1.1559 2.4496 
0.0562081 6.78473e-05 0.00276668 0.0138219 0.185229 113.565 0.00161394 5.85022 0.607218 0.0266722 0.00665735 174.492 0.049981 0.0071542 1.13544 45.5003 2.70205 3.94483 
3.72612 5.02378e-05 7.73004 6.57767 0.000121415 0.670524 0.612031 0.00970843 0.251231 3.10998 0.0936707 58.3218 0.00011234 1.23021e-05 0.827367 26.7264 4.88524 4.5549 
0.0420546 0.00519202 2.51846 0.0675005 0.030428 1.22152 0.129311 0.99994 0.0272317 0.0404311 2.63592 382.359 2.84842e-05 0.00245907 1.13498 25.3838 1.41748 2.47268 
0.000180378 7.41288 0.356947 0.0731588 0.000227838 8.07581 1.18776e-05 1.34739 0.000125622 3.18712 0.01111 19.5115 9.13436 0.000116808 0.785371 26.143 2.0287 5.96127 
0.00248203 0.0120897 0.261281 0.000280961 4.28203 150.051 0.00141181 0.629499 0.0966387 2.95149 0.890767 216.936 0.164996 0.000935459 1.38493 21.9685 8.59543 6.95875 
0.000211085 5.20732e-05 0.454581 0.857128 1.23865 0.211203 0.00781507 5.06304 0.462967 0.337351 0.00533023 119.44 0.358734 0.00106884 1.58474 35.981 0.896315 1.31581 
0.078145 0.000220443 0.0445212 0.000127001 0.00285778 0.0891771 0.0188226 0.395515 0.192387 179.539 6.58925 129.345 5.27345 0.00386777 1.31322 40.757 6.30414 2.54877 
0.485463 0.00206778 4.92325 0.000391831 0.000851531 197.203 3.00975 0.0418576 0.191815 0.331647 0.0257063 484.48 0.826992 0.00381463 7.01652 27.806 1.38028 0.516248 
0.0193685 0.000686695 2.15989e-05 0.000100043 0.0107584 318.508 6.13675 0.2699 0.0360654 0.499805 0.437499 402.328 5.57342e-05 0.019865 1.70393 6.83249 1.78296 2.22031 
1.53009e-05 0.000722238 0.00637242 0.0196129 0.0514496 99.7349 7.53589e-05 1.31196 0.0226979 0.522866 0.301479 396.46 0.0050505 5.28462e-05 1.32807 20.5817 1.69152 2.43131 
0.00171148 0.00141015 0.418583 7.72833 0.000407495 9.13371 0.000511967 1.8107 0.0798245 0.273763 7.71365 87.9207 0.0409488 0.000682845 4.57103 29.883 1.88235 1.58683 
0.00936296 1.21169 0.0114683 3.31681e-05 0.000128261 0.336855 0.00129754 3.74537 0.190587 0.770654 0.142813 483.707 0.0340242 0.00242211 1.18216 32.5013 1.98532 4.8494 
0.00033728 0.00305731 0.000710038 0.0923313 5.117 7.18547 0.0650615 5.93788 0.459547 0.0126458 0.000490654 308.798 1.7611e-05 0.00459426 1.42016 32.6798 1.55542 0.827294 
0.000153446 0.000175946 0.0132126 0.00360328 0.0318639 329.233 5.88498 2.0261 0.148913 7.57462 6.53698 25.7746 0.0102362 0.000425069 0.942785 31.8581 1.00929 6.98413 
0.00608031 0.00610743 0.00044433 5.08474 0.00516028 8.51319 0.00706988 0.188934 0.236148 148.383 1.13286 69.0652 0.000245334 0.00130138 6.3205 25.1206 0.898786 7.07046 
0.000222354 0.052402 2.06456e-05 2.72194e-05 0.0149647 55.136 0.00068073 0.622023 0.502728 5.68623 0.414183 372.135 0.277623 0.151931 2.26648 5.84644 3.48001 3.1943 
0.00720783 0.0101317 0.000208056 0.0460652 2.93264e-05 1752.79 0.224026 2.9393 0.0128816 0.12414 1.78043 412.526 5.74426e-05 3.67996e-05 1.25072 15.3225 2.58223 3.30269 
0.25793 0.0001829 0.00289764 0.00149639 0.0175994 2.01187 0.000700189 1.20593 0.0706991 0.522494 0.483521 65.3612 0.00326855 0.0264695 7.36155 45.6902 0.879734 3.24282 
1.49618e-05 5.23723 0.000475603 0.0834155 3.83122e-05 0.145273 0.883058 0.734488 0.0159854 0.156339 3.18304 116.8 0.0741665 0.00421645 0.840112 49.251 9.55828 4.32457 
1.82218e-05 3.13937 0.000706077 0.000434781 0.0113642 0.189035 2.46049e-05 1.97745 0.161934 0.223174 0.0199054 430.109 1.86895e-05 0.00065369 1.54381 25.6166 1.28494 3.13698 
7.76642 0.000277393 0.00232729 1.36199 0.431021 0.175985 0.000134054 0.106068 0.00608906 0.0751972 1.17276 223.298 0.000117352 0.00079083 1.18299 13.2718 4.57829 1.72966 
0.0156508 5.29774e-05 0.000125272 0.360565 0.211419 1434.97 0.623131 0.125613 0.00577874 0.0789871 0.177617 136.584 0.185734 0.000336118 3.93641 10.0673 1.40921 8.0836 
0.0178867 0.709141 5.02015e-05 0.00204037 0.00507377 7.02049 0.00692039 0.0410657 0.00121803 0.323471 0.00280804 1.4859 7.71545 0.000633269 0.53842 37.2 1.20342 5.03293 
0.0114484 0.0157386 0.00222823 0.00806903 0.0592627 807.973 0.000315164 1.24554 0.647523 16.4431 0.156892 481.015 0.00019735 0.000116954 1.68332 5.0882 1.80702 7.35387 
0.0585445 0.000722141 0.223749 0.000951402 0.459165 54.7368 0.00722236 1.45133 0.0789986 0.678636 0.0579702 85.9528 0.00170532 0.127086 1.50188 32.4211 6.97396 7.73499 
0.00191256 0.000117449 0.0184958 0.391688 1.91304e-05 44.0375 0.000198482 4.9823 0.367033 0.21207 0.0699155 154.662 0.000418871 0.0142859 3.13477 19.7327 1.57806 3.75002 
0.0408841 6.37708e-05 6.52874e-05 6.20577e-05 1.10222 0.0143355 8.09587e-05 2.49545 0.635117 1.70462 0.0527209 115.02 0.754811 0.0107785 1.27843 18.3201 1.19759 1.48834 
0.000169347 3.69882e-05 3.40639 0.0019971 0.00385354 0.162645 0.0105372 0.172298 0.0509869 0.319438 0.797556 149.132 0.440421 0.000161092 1.63216 6.75159 3.11352 6.95494 
1.5822e-05 1.72372 0.000562616 0.000294517 0.007256 0.0167176 0.273274 1.45586 0.0184164 0.150487 1.19102 67.151 0.000131871 0.038491 2.33049 30.065 1.67915 2.54447 
1.19677e-05 0.173299 0.0135287 1.59473 0.0469707 419.226 2.81937 3.68377 0.101524 3.02975 0.767149 75.7263 0.00789331 0.000486456 1.15918 47.9379 1.50311 0.925042 
0.274502 0.487491 0.141994 3.74377e-05 0.00493407 5.84078 0.116753 1.14164 0.0316605 1.30183 3.42683 128.134 0.0516832 0.00110454 5.53112 27.6653 1.62146 1.5209 
1.56346e-05 0.11954 0.000151603 0.0127731 0.010618 2777.14 0.214558 1.6286 0.180046 0.306062 0.234057 61.9326 0.157474 0.00230833 1.60244 13.8128 1.62873 9.70062 
1.07645e-05 5.24578e-05 0.0282115 6.90497 0.000167109 619.709 0.105396 0.917205 0.020634 0.0699241 6.83931 112.502 0.005386 0.303361 3.23995 21.9752 1.99413 2.45856 
0.000106155 0.666859 0.000418958 0.0360971 0.421498 0.0130256 0.641263 1.94083 0.121316 0.230788 0.335461 72.6483 0.0017126 0.000292329 1.00311 14.8995 1.48472 7.18274 
0.000399155 0.0274623 2.29626e-05 0.875549 0.000489128 4.35236 1.14702e-05 0.0151581 0.288038 114.624 0.0677022 52.697 0.0231323 0.00019697 1.1663 48.1365 4.6774 3.53707 
0.0320116 0.113728 0.013586 0.475672 0.0490153 1.45527 0.268808 2.01015 0.0553694 0.147497 0.31285 290.822 0.517823 0.00720643 1.4256 22.6543 3.30903 1.50965 
1.54108 0.00154241 0.345754 0.000107303 0.000505106 9.18608 0.0283547 2.15952 0.00637463 0.0113788 0.315345 152.113 0.00740341 1.18347e-05 1.72863 35.5265 1.53234 3.03714 
0.502663 0.000757903 0.0036951 0.07525 0.507842 1.5071 0.000353176 4.7915 0.00517952 0.0178697 1.25009 144.669 0.0209994 0.0244573 1.46019 8.084 1.04714 4.51009 
0.403726 2.94454 0.915932 0.11085 1.38904e-05 1097.12 0.175587 0.00880748 0.0673384 11.5839 0.551917 63.5571 0.0036145 0.0303897 2.2334 23.1221 1.62317 3.28949 
0.000122794 6.27221e-05 0.928684 2.91644e-05 1.20065 7.59454 0.786387 0.870927 0.203137 1.87535 0.846467 70.8477 0.786255 4.57879e-05 2.81363 27.751 2.12211 1.46167 
0.0180993 0.0351714 0.000355169 1.04153e-05 2.51615 0.071266 0.22948 2.64321 0.010086 0.0122506 0.474029 296.295 0.000183863 0.0737509 1.65619 5.06226 3.22182 4.49559 
0.305984 0.000467592 0.00292022 1.36334e-05 0.0032841 0.395022 0.0451421 2.08528 0.755641 0.307912 0.00903855 55.9928 0.0704709 0.000345856 1.08934 33.2594 2.18968 2.08511 
2.75061 9.65065e-05 0.0359989 0.00641368 5.78653e-05 0.570316 0.374466 1.00248 0.0130802 0.0704313 4.05247 164.538 0.00304709 0.000298631 2.03368 6.92488 1.83544 8.07081 
0.0152907 2.95696e-05 0.00172956 0.555801 0.233906 0.135441 1.14298e-05 1.34397 0.306294 7.27731 0.469479 131.194 2.13561 0.0415724 2.23983 19.1496 2.31866 3.20084 
2.51556 0.0612682 0.631308 0.00676891 2.1164 1444.55 0.376861 1.19522 0.85401 76.2476 2.11016 363.939 0.186468 0.0605275 6.53107 16.7585 1.7557 1.62348 
0.000418605 0.0148161 0.00178191 0.000360128 0.925683 792.915 0.491778 0.247736 0.342461 65.0644 8.0568 93.7336 0.000215342 0.0147764 2.48427 8.30783 1.1664 6.20786 
0.0018232 0.00279968 2.799e-05 6.184e-05 0.152803 0.166384 0.571007 4.22122 0.282809 4.42808 3.93673 488.047 0.0136679 8.89762e-05 2.56525 4.7397 1.47094 1.17363 
0.948958 5.77426e-05 0.030708 0.0962559 0.00598725 0.0396066 4.59303e-05 0.664097 0.0272273 0.010781 0.259846 118.397 0.0554043 0.00293087 2.2589 16.5438 2.62425 2.44919 
0.000626445 0.00879999 0.00491039 1.77978e-05 0.000346516 1324.26 0.0404429 0.478168 0.614544 37.8635 0.944828 470.108 0.000640387 0.134543 4.34894 48.0544 1.62616 0.255543 
0.0553689 0.0830379 0.034521 1.98446 0.000201863 990.956 9.80264 0.465101 0.286586 1.7097 0.0174251 56.4098 0.0997247 0.00040506 9.65157 49.5607 0.908781 6.02732 
1.24503e-05 0.162815 3.78064 0.00127957 0.234966 312.733 0.139278 0.186382 0.121918 12.4266 3.75078 53.7197 0.00288093 0.00090223 0.910542 18.3518 4.65572 9.15297 
0.00326203 0.687838 1.7683 6.20342e-05 7.73967e-05 0.479828 1.78508e-05 0.39556 0.385203 3.38034 0.0646016 467.21 1.29551 0.00164151 0.967926 7.05787 5.66998 3.38833 
0.000135581 4.54005 0.000243126 0.0139844 1.16081e-05 449.624 1.26653e-05 1.52287 0.632335 2.98404 0.0239623 143.291 0.00498625 0.00206109 0.815187 7.3379 1.80317 4.17738 
0.000810225 0.000235934 0.00467126 2.6915 0.000943297 0.370805 0.0057309 0.485101 0.00611556 0.0181259 0.505385 28.2773 0.0555778 0.000463819 1.32058 44.79 2.16305 5.63769 
4.22785 1.07289e-05 0.00270429 0.0122655 0.131763 0.0133889 0.00942122 0.739145 0.0788077 33.7858 0.54064 276.967 0.00545389 4.34868e-05 0.787137 8.71016 1.67075 2.63876 
8.79259e-05 3.17343 0.00515175 5.19139e-05 0.00559326 2.60729 0.0628144 0.00482752 0.923285 46.9242 0.0697146 72.0926 0.00382761 1.24036e-05 1.53105 10.8726 1.91715 7.58291 
0.00443678 2.01303e-05 0.0731121 0.023318 0.00236252 0.22538 2.64578e-05 0.427783 0.111413 13.5487 5.86388 32.5635 0.0239846 0.0367769 4.57203 27.1245 1.04029 4.0722 
1.28274 8.22818 7.59189e-05 0.000191539 3.21351 0.230024 0.0626498 3.15813 0.0391087 0.113117 5.25411 297.067 0.00129696 0.000243508 2.71915 3.49786 1.28383 3.48474 
1.69227e-05 0.296311 0.0748155 0.00104327 0.699627 0.92278 0.0207604 0.758312 0.0253368 0.017786 1.09891 175.835 0.0655193 0.00415666 1.92896 35.1644 1.77923 0.502349 
0.0144091 0.00104537 0.0947239 0.000241143 0.00358691 9.2922 1.44008 1.97578 0.414576 0.394409 0.0148676 36.8681 0.00334061 0.000374813 0.514505 37.1755 1.60162 9.61752 
0.153432 0.185731 1.31373e-05 0.0230026 0.00512889 0.0100147 5.29189e-05 6.02335 0.0622703 0.777868 2.33824 40.8164 0.000188928 1.51332e-05 3.53374 40.4758 1.00512 7.0724 
0.000920708 0.00463577 0.0313053 0.0377184 1.02043e-05 173.368 5.69937 0.241062 0.0550511 6.39651 6.80108 46.0468 1.33811e-05 0.00867654 1.11487 42.8434 5.87435 7.95337 
0.136057 0.458762 0.173244 0.00542709 3.19525e-05 399.929 0.30498 0.101332 0.642825 186.545 0.0670193 202.15 0.73008 2.82369e-05 1.11614 18.77 5.66669 2.81327 
3.32837 0.121428 0.000326862 0.00024455 0.00554549 130.415 2.79118e-05 0.0704983 0.39906 28.2959 0.682233 421.578 0.0409203 6.88719e-05 1.49251 2.94551 2.30301 5.93246 
0.0635825 0.00020851 0.105825 0.245767 0.0779425 577.666 0.0673606 2.97394 0.244291 5.89763 1.43316 426.1 0.0262489 0.0348246 4.50075 32.4725 1.567 2.73019 
2.83155e-05 0.0586073 1.08163e-05 0.0432316 7.08887e-05 59.344 0.114386 1.10893 0.0685641 1.69714 0.273759 90.9325 8.20664e-05 0.000606119 1.07318 18.4624 1.67857 3.12222 
0.019937 0.0202926 1.55531 0.0741897 0.502908 0.196673 0.000698649 4.77611 0.183723 2.70935 0.684969 491.726 1.12253e-05 0.00026827 5.33096 46.4965 1.75362 0.445345 
0.0116359 0.0118491 0.0156552 0.368113 2.42417 2.74263 1.04871e-05 0.0865958 0.0844656 207.88 4.61874 385.667 0.00539491 0.000137933 0.964687 3.68231 2.10748 3.5268 
0.747527 0.121782 0.0032924 0.0910661 5.0809e-05 8.30249 3.52948e-05 1.10797 0.049349 0.476327 0.304465 34.2421 0.00835174 3.79428e-05 0.821191 26.9773 1.30163 6.23047 
0.000134753 0.127478 0.207302 0.00053298 0.160581 19.7702 0.042736 0.675398 0.381012 13.8806 1.8089 246.767 0.000205431 0.126452 3.30764 7.04079 1.79778 7.05995 
1.00157 0.0848148 0.015335 0.00200035 0.304662 25.624 0.0055464 0.891693 0.0200452 0.143916 2.61175 46.3773 0.0064228 2.35168e-05 2.19029 10.146 1.18553 5.67023 
0.00438616 3.47773 2.82451e-05 1.00349e-05 0.000160527 12.955 5.18754e-05 0.776425 0.0638796 0.110113 0.195405 335.145 0.460296 0.000118686 1.24982 3.05331 3.5157 8.83333 
0.000248065 0.158645 0.0041947 0.0238221 0.522655 1060.21 1.29147e-05 3.82096 0.102258 1.01233 4.38372 66.1556 0.000222031 0.0311222 2.50409 37.5079 1.76728 4.85367 
2.65153e-05 3.22442 0.00240077 0.904453 3.98768e-05 0.449018 0.000544212 0.301 0.727835 483.051 4.4338 88.3014 0.000829498 0.003392 5.64685 14.8828 1.22766 2.99575 
0.00458936 0.517192 1.95399 0.0428597 6.87609e-05 7.75549 0.0211442 0.849848 0.712727 0.67264 0.0176933 327.075 3.28175e-05 3.85941e-05 1.13876 36.9456 2.71946 0.654379 
0.000206797 0.178443 9.99778 0.00459714 0.555032 0.162263 0.000339262 0.301573 0.18197 0.067233 0.0419121 48.0351 1.25091e-05 1.08762e-05 2.26148 26.7865 1.16633 5.17765 
4.00238 4.33696 5.10336 0.00118611 0.0491166 0.178069 0.388492 1.84548 0.0454382 1.62622 0.211831 284.639 0.0060891 0.000121961 1.94409 28.4755 1.80379 7.37636 
5.8559 5.47291 0.013072 3.68968 2.40453 1.18967 0.00709194 8.35953 0.102617 1.00277 0.177105 306.23 0.000128265 0.000158221 1.20106 14.447 1.06815 2.03152 
3.08294e-05 0.134096 3.50011 0.0704499 0.000416923 1.86272 0.000386626 0.0920975 0.0727418 0.0810931 0.008435 68.319 0.000116769 0.0900769 7.75068 49.1334 1.39518 2.2708 
0.000131905 0.0400231 4.99226 0.000124 2.04441e-05 27.7049 0.000100413 0.234576 0.92281 0.648701 0.00243283 223.778 0.000335727 0.0232789 5.15523 33.4438 1.2296 2.93962 
0.899351 0.000132352 0.126429 0.0010802 3.29546e-05 0.0929927 0.0158901 0.10265 0.0373918 0.879415 1.18298 127.31 0.000207837 0.196839 1.5802 19.7984 4.79876 3.72773 
0.00295286 0.943638 0.862918 0.0385276 0.0484786 103.996 0.26638 3.74076e-05 9.59023e-05 0.918713 0.0165562 420.562 8.23797 0.000406708 0.82012 46.0112 1.93714 7.49292 
0.0144162 0.00111803 0.317349 1.63824 0.0026987 2354.2 0.939735 3.45968 0.0109249 0.0151618 6.18274 90.9673 0.00077707 8.48592e-05 1.58406 42.8006 1.05267 4.10753 
0.000677831 0.230055 3.00052 0.512702 7.469 2998.79 0.00106591 0.157847 0.065997 0.184853 0.190223 86.7229 0.0147902 0.000196166 1.28042 47.0339 2.89166 0.729478 
1.16312 0.00331937 0.00312088 8.82081 1.14813 0.072188 0.0258606 1.41635 0.0525955 0.0831584 0.012017 143.881 0.185495 0.000356235 7.3865 41.5491 1.02651 0.949069 
1.92129e-05 0.759345 0.00128561 4.79861 6.34246 0.0884394 0.00240189 1.96056 0.0381098 6.98543 0.572013 225.001 0.00235943 4.15408e-05 2.45506 26.0552 0.925508 1.28881 
0.000307818 0.222206 8.68807e-05 5.08186 0.434746 0.826177 0.00150371 4.1321 0.0203532 2.11333 9.47604 269.766 0.00400124 0.000471352 0.85163 18.7523 2.31821 2.47139 
0.024675 7.164 2.97189e-05 0.00532959 0.216103 2275.05 0.345634 0.94202 0.166529 0.577761 0.238608 225.933 0.526504 0.0335253 2.60758 21.7041 1.77063 0.915532 
0.41961 0.89323 0.00213742 1.01269e-05 9.66517 790.459 1.17814e-05 0.728699 0.0740691 0.077645 0.0246021 289.338 0.961425 0.000507781 2.33444 9.94792 1.78923 6.83445 
5.93899 0.0166197 1.58185e-05 0.00370722 0.00376982 665.28 1.095e-05 4.89931 0.0909176 0.0430762 0.149334 253.813 0.000269124 0.0141885 3.3407 45.7057 1.85418 0.539583 
0.000765828 0.000847509 0.000282222 3.0443e-05 0.000320208 13.7192 0.00162074 0.636799 0.689993 11.4273 0.48876 184.942 6.22753e-05 0.000240266 4.69641 9.74777 0.995459 1.47225 
0.00331919 0.000351807 0.129886 0.0923864 0.907574 16.199 0.00334677 3.58247 0.736089 0.446372 0.0245306 125.754 0.00356176 0.00229058 1.32365 32.9156 1.48751 2.90692 
0.0115721 0.000824876 0.000125562 0.00140858 0.000419439 3.78307 0.000235684 0.514303 0.0370493 0.120604 0.0901784 174.466 7.46475e-05 0.02125 1.16456 34.1684 9.41383 5.49397 
4.26286 0.000315117 0.00176612 0.000356295 0.0649387 250.703 0.765036 1.45165 0.193719 1.96358 0.506116 218.789 0.0461036 2.73274e-05 1.80009 6.05595 1.04312 7.27976 
0.00198389 0.0267876 0.000302747 4.19203 2.93853 18.573 0.00849233 0.160405 0.146797 0.144017 0.0103212 352.587 0.00013367 3.06383e-05 7.19945 3.69843 1.01891 8.01997 
9.34674 0.00136462 0.0484568 0.022588 0.451663 16.3991 1.30801 0.0974133 0.0258937 0.545373 3.06172 37.425 1.82543e-05 1.34208e-05 1.36658 49.1354 2.81796 1.80414 
0.00033288 0.411705 0.000106175 1.38041 0.000887567 1548.26 0.0250243 0.971104 0.550165 6.93234 0.0320514 290.883 0.01073 0.0284898 1.32959 15.7505 1.42625 1.30175 
0.00187194 1.9644e-05 0.000460039 0.00023412 0.000197583 381.26 1.23408e-05 0.60722 0.993441 216.37 3.36565 42.6254 0.00014747 5.60557e-05 1.35692 21.5194 2.11436 9.32547 
0.0240124 0.416326 0.000404069 4.09072e-05 0.00542697 19.9701 4.33911e-05 5.09831 0.100266 12.7923 0.287532 387.739 0.0586885 1.95172e-05 1.89454 40.1729 1.26334 3.59953 
0.00208909 0.110058 0.0103601 6.71607e-05 0.0336858 4.16989 0.513966 1.68497 0.141495 0.844283 1.02104 477.411 0.0531479 1.85887e-05 2.09046 3.87536 1.5066 2.44755 
0.00381941 0.103535 0.466308 0.00890387 3.18554e-05 0.77529 4.38712 0.54047 0.0172485 0.0149779 2.59108 11.3565 1.44954e-05 2.80151e-05 3.1529 34.7647 1.11679 5.0597 
0.000968959 7.78957e-05 1.26382 0.0199577 0.959692 75.5586 0.0271769 0.19833 0.0121797 0.0588166 0.258285 348.907 0.102989 2.52401e-05 8.11717 13.556 0.946273 1.64647 
0.00172697 0.000489409 0.000117695 0.000261811 0.702454 0.017206 0.0101366 0.0946354 0.00437591 0.0476891 0.59885 28.2614 0.0263278 0.0076374 1.82195 27.596 2.05842 8.34845 
0.00200858 0.0622515 0.00136385 1.5561 0.0260067 195.108 0.945651 0.384396 0.113045 43.3112 4.61946 87.4001 1.44971e-05 1.03565e-05 8.82352 27.2882 0.834996 6.04799 
0.0014382 0.7758 0.000130812 2.04588e-05 0.0050109 741.5 0.00908603 0.97711 0.320577 0.0979843 0.00283927 24.2597 2.70642e-05 0.00470334 0.869422 35.8071 3.04492 6.35851 
1.04529e-05 0.0991146 0.927014 0.00432505 0.235644 145.928 1.55131e-05 0.960314 0.0377004 3.08847 0.217832 54.7947 7.24501e-05 3.00825e-05 0.942404 33.1826 1.22287 8.30216 
0.0103367 0.00211444 0.015003 1.67282 0.0197892 0.101173 0.950166 2.88858 0.0726833 20.3346 2.23205 492.352 0.000282922 0.0218431 1.78045 14.0573 1.50332 8.67463 
4.719 3.94747 0.000409483 2.98816 4.14836 1518.32 0.000179285 2.13665 0.919243 5.25922 0.0178008 165.593 1.90682e-05 4.00736e-05 1.353 10.1841 3.65692 3.29678 
2.33589 0.000669989 0.0380776 0.00115961 0.0114878 0.0790511 1.27552e-05 0.0393477 0.198779 0.309397 0.00966577 459.651 0.00157209 0.00194869 1.20443 2.20166 2.03752 4.91822 
0.00118307 6.71351 0.000556001 0.00621238 0.011605 26.1935 7.37893e-05 7.01767 0.02924 0.572659 6.00711 296.13 0.00713384 0.00012514 2.88011 9.08128 1.53911 3.16978 
0.000198058 0.0397876 0.00115317 7.05202 0.00271286 2858.51 0.12203 0.886267 0.705005 112.855 0.987831 182.952 1.33516e-05 0.00334959 1.57249 3.84137 1.20723 8.8725 
4.61139e-05 1.81576 1.22909e-05 0.000183663 1.02082 2.08519 0.00123985 0.271508 0.28037 0.11744 0.00845336 268.554 0.269074 8.39083e-05 1.58055 12.8366 2.39939 0.813286 
6.54028 0.913245 0.0280413 0.554891 0.0283115 118.272 0.00028825 1.54004 0.00594004 0.185855 9.80938 255.009 0.0061121 0.164638 1.76854 34.9018 2.58494 1.15265 
0.000137635 3.64056 0.01063 0.00175756 0.000135232 0.559106 5.5395e-05 0.479848 0.000887225 0.623811 0.00183036 0.256664 9.88934 0.000159027 0.848792 30.6817 2.58571 9.72393 
0.481536 1.30557e-05 0.00250419 0.0131085 0.000632201 53.8441 0.000578303 0.0499142 0.0739963 0.0327623 0.0193398 49.1813 0.0981911 0.000666452 2.20506 33.1705 1.93709 2.48731 
0.000202988 3.08638 0.000435077 0.00731899 5.98358e-05 0.513862 0.000379442 0.409581 0.588963 16.184 1.03934 59.3743 0.00808395 9.80242e-05 1.38102 49.7159 2.45255 0.702992 
2.84148 0.000367924 0.00439821 9.32373e-05 0.000287681 15.0786 0.000221262 4.66228 0.0508403 0.167646 0.138996 306.193 0.013936 4.52319e-05 1.57301 28.6051 1.48281 1.49968 
6.84114 0.000294228 1.06304 0.000387274 0.000365126 67.2256 0.146771 0.0235829 0.0168 0.0132674 0.19144 452.454 0.94515 0.00740529 8.7645 13.3393 1.67639 0.939445 
0.00141659 0.00629196 5.52132 0.776924 0.00213412 75.3296 8.15749e-05 0.025322 0.393221 312.556 4.36627 301.433 0.000284486 0.000322485 1.41968 4.32055 1.73701 4.0041 
7.66398e-05 0.000255547 0.228167 0.00082942 0.0058943 1.36025 0.000541073 5.89774 0.569457 55.636 0.379204 96.8457 0.0335521 0.00153801 0.543156 39.5417 1.41941 6.86086 
0.810308 2.83069e-05 2.10419 0.0850253 1.11929e-05 15.8562 2.69897 0.157087 0.35371 0.262992 0.0293532 139.256 0.00173357 3.76232e-05 1.00037 48.4857 2.50848 0.869548 
7.63273 7.71526e-05 0.000269822 0.011068 0.000166841 1.92723 0.350327 3.50501 0.458724 15.9199 0.220201 462.609 0.160282 0.00563464 1.31831 6.14669 2.36931 3.22186 
0.000917705 0.075112 0.00236843 0.0232576 9.89345e-05 0.0651 0.056407 1.58845 0.147458 3.49719 0.470019 177.097 0.00124746 0.0473212 2.12676 25.2456 1.94451 1.89706 
1.62267 0.000196373 0.301417 8.20877e-05 0.0072652 10.4133 0.0454324 0.794024 0.0644743 23.5356 4.61077 450.528 0.000220785 0.00132086 1.22541 4.27927 2.64711 4.33127 
0.000393366 0.00650382 0.000362454 0.0025585 4.16036 0.0717269 0.000168995 6.61087 0.0116443 0.0105133 5.94963 60.493 0.000725058 0.000595528 0.896549 27.9645 2.65717 2.13787 
0.0204792 4.55659e-05 0.000324255 0.000262731 1.56243e-05 0.0262127 0.00193179 5.57939 0.0376665 0.0415249 0.0895544 95.8526 0.000200656 0.00280521 1.19529 33.391 0.979324 6.63467 
3.82333 4.50837e-05 0.000118741 0.000118388 0.00650923 360.787 3.32976e-05 1.62073 0.632762 182.467 0.539629 301.564 0.323295 9.37256e-05 1.76481 28.1449 1.74235 3.67055 
0.0175259 0.0015978 1.00101 0.275236 6.16558 0.0174995 0.000483843 0.592725 0.0732489 0.0955982 0.0273787 295.267 0.00258987 0.000200875 1.49556 8.52423 2.2685 1.05549 
0.000446731 0.000119325 2.33866e-05 1.03968 0.929136 0.020702 0.0380587 0.564658 0.0495698 5.34508 0.0935359 70.7814 5.82138e-05 1.11426e-05 3.76096 22.9715 0.821974 4.53463 
3.27219e-05 0.00917723 0.0430015 0.0461431 0.121407 1279.75 0.325265 0.763347 0.0865427 0.0694488 0.226057 100.944 0.00220066 0.000123122 2.08122 36.4725 1.94012 1.25359 
2.90603 8.88794e-05 9.09275e-05 4.11858e-05 2.69566 0.396873 0.543448 1.66265 0.16387 1.87602 0.907277 126.977 0.00590194 0.0264098 1.73442 7.24559 1.42828 7.15046 
0.0607967 0.00254984 3.852e-05 0.139371 0.000127023 0.252907 0.000119187 0.0402225 0.126545 0.0369168 0.0137502 76.8988 0.0504565 0.00755648 1.06598 27.9733 3.40077 1.84451 
0.0038305 0.622214 1.239 1.66082e-05 4.73153e-05 5.0535 0.00202533 0.258259 0.219898 21.2846 2.28309 58.3211 0.0357665 0.00903478 1.98719 22.1181 1.36923 4.48122 
0.785805 1.34954e-05 0.000308464 0.0441148 0.00146398 2.87859 0.622875 0.153691 0.110345 0.0526185 0.00861137 27.1714 0.000231895 5.24872e-05 0.935165 44.2187 1.28277 2.77517 
0.887819 0.000124138 0.0686087 0.454093 0.0048103 32.3952 0.000428167 1.71624 0.596917 2.92205 0.152158 146.062 0.00555793 2.21448e-05 1.59619 28.0624 2.87953 0.876979 
1.72465e-05 0.000315209 0.000210515 0.00297546 0.118705 0.255042 0.000794339 9.93695 0.245109 0.505636 0.0120375 416.199 0.00552392 0.000100164 1.83392 32.2949 1.55326 1.78416 
7.26937 1.03884 0.694489 0.0387392 0.00129878 0.64963 9.32561 0.415862 0.0867128 0.0998073 0.46764 34.2347 1.07285e-05 9.39876e-05 1.30444 13.9683 2.2491 6.56336 
0.0213937 0.00371725 0.0064997 0.0112036 0.00105197 22.6352 0.00658674 0.251526 0.00913794 0.0171634 0.391854 45.4848 0.00554143 0.00172795 2.6691 49.8626 2.21781 1.48322 
1.05093e-05 1.18975e-05 0.00138688 0.00716362 0.000424769 0.0484404 1.88618e-05 0.694639 0.058039 0.0783967 0.0830042 56.0189 0.00176078 0.000541026 0.814842 42.4469 5.35678 6.86895 
9.29166e-05 0.0579357 0.652311 2.28841e-05 0.00102693 1681.02 0.000304024 0.182801 0.0115238 0.0466676 2.72631 156.799 2.05126e-05 0.0057529 2.66674 9.51829 1.25979 1.73318 
0.354613 0.00131194 0.0472655 0.0226258 0.278398 6.49875 0.0125463 1.27809 0.00580711 1.59445 6.63733 70.9992 0.000124947 0.00181857 2.75043 30.267 0.985462 6.78994 
0.000885087 0.000988518 2.41649e-05 0.0904028 0.000194654 0.764917 0.00910516 0.42003 0.00534494 5.54249 0.020413 0.325978 6.53705 0.000187093 1.01745 31.5485 1.77848 7.57374 
0.158313 0.0209466 0.000181244 0.000442536 0.061346 1041.7 0.177905 0.42257 0.0125473 0.0449553 7.27187 241.582 0.0600891 0.44386 2.88888 5.24184 1.4255 1.27111 
0.00298665 0.092312 0.000129303 6.16916 4.91124 223.748 0.00740091 3.23506 0.635692 0.521603 0.111732 140.895 0.0145494 0.00161296 2.08583 7.21089 1.40945 5.82592 
0.000461295 0.117989 0.0112346 1.7002 0.0717843 3.83062 0.00797327 4.08252 0.0140529 0.0326455 4.04351 437.447 0.000628032 0.00236022 1.5016 28.4069 2.10623 1.37597 
2.03176e-05 0.000212841 0.00179003 1.11877 0.03546 0.478976 9.2335e-05 0.573815 0.064743 8.00425 1.00998 9.3619 1.3397e-05 0.0282184 1.67067 38.3692 1.17167 8.59544 
0.00915782 0.555236 0.00763862 0.00206082 5.41743 18.282 0.00990577 1.65016 0.0728071 0.705119 2.39987 273.832 0.00259317 1.37798e-05 1.29892 20.8617 3.70906 0.953831 
0.0104742 0.0988828 0.00540764 5.36904e-05 0.312095 0.0359113 0.00207717 4.09599 0.0736232 0.881998 5.98206 408.679 0.00149443 0.0657427 4.12957 4.82735 1.44673 1.93613 
0.0348562 9.9997e-05 0.119902 0.000171043 0.0144513 553.141 0.0740632 0.930106 0.850847 177.236 4.83186 351.968 5.58967e-05 0.000955653 3.18702 5.39623 1.21106 1.59005 
0.156396 0.000104927 4.47486 0.0394043 0.00162301 0.0762346 3.27959e-05 0.332263 0.337442 11.1112 1.39389 66.9971 0.0249101 0.00136035 2.89258 31.9549 1.16378 0.983422 
1.27314e-05 0.000599036 0.000174212 0.0258419 0.00448531 0.0290984 0.266255 5.21896 0.149303 2.76447 1.38427 182.957 0.00126812 0.000595417 1.3251 17.5703 1.80166 0.698215 
0.00532927 0.269522 1.3723e-05 0.204286 0.000234926 0.321807 0.0210638 9.63521 0.0681131 1.48513 1.88685 186.847 0.00711733 0.000371424 0.893209 18.7312 2.13274 4.38531 
5.04288 0.0206924 1.16193e-05 0.0885398 2.69733 111.672 2.08568e-05 5.54537 0.0839572 0.560022 2.49827 144.759 8.98688e-05 0.0176269 3.2111 22.9157 0.999381 4.7611 
0.0201822 0.536473 5.47147 1.94208e-05 0.130446 1054.43 0.0147572 0.115431 0.384401 52.0953 1.35932 132.325 0.0123836 1.22141e-05 1.00343 19.8581 2.21787 2.45814 
0.317033 1.5567 0.000450134 0.0502886 0.151963 0.0107678 0.367259 4.06747 0.0248154 0.111363 4.82149 53.1622 1.68017e-05 0.0032838 3.03944 30.971 1.18769 4.16429 
0.00200054 1.0748 0.0619692 0.000541828 0.00453795 0.839859 0.0215749 0.75064 0.0492765 1.74556 0.131488 383.678 0.00637438 0.00123319 1.05096 19.8291 7.89835 1.92784 
1.64491 2.02075e-05 0.000174561 0.51469 0.00112877 0.0246736 0.000730966 1.69894 0.210097 11.7439 0.2532 60.345 0.00038681 0.00191119 1.54793 15.3219 1.15181 7.68052 
9.94566e-05 0.0193887 0.366694 0.3034 0.010559 0.174826 5.00046e-05 0.415205 0.0496919 19.1131 6.1751 78.8586 0.0136642 5.76414e-05 1.38751 18.8582 3.19741 5.55744 
0.00311694 0.00242824 0.000395285 0.318011 8.62006e-05 11.173 0.187738 8.83159 0.52707 3.58921 0.162362 489.258 1.6672 0.00191975 3.45129 12.7952 1.35155 2.99815 
0.0400134 0.00219534 3.46114e-05 0.000206983 0.00087398 2590.8 8.98979 2.35767 0.261888 0.046884 0.000457154 90.4643 0.000100674 3.38495e-05 1.08624 12.1934 2.23838 3.88487 
0.0607849 0.0110186 0.116874 0.463171 1.08067e-05 7.8575 0.00203929 0.962759 0.00952787 0.438744 7.17569 203.597 0.322709 4.45393e-05 1.82336 3.4715 1.41812 4.4963 
5.41517 0.00353077 0.0219662 0.118953 0.0290638 7.94572 0.0725348 2.00542 0.106969 0.168823 0.142349 258.417 0.00243729 0.0025645 2.86633 35.4953 1.99144 0.663121 
0.00331374 0.0391284 0.000772502 0.119667 9.80707e-05 4.38519 7.42076e-05 0.888876 0.428894 232.248 8.3075 337.808 0.245167 1.68894e-05 2.50973 47.8493 1.64476 0.296474 
0.000217512 8.44442 0.550594 8.27943 0.00113874 13.3902 0.000115972 0.464813 0.151817 0.220069 0.0127604 85.8703 2.47134e-05 0.000534001 1.39956 48.9115 1.54185 0.57706 
0.0123843 0.0380362 0.00391999 0.00256619 0.00328781 5.818 9.3412 0.950183 0.232866 0.128078 0.0156615 120.814 0.000175319 3.74055e-05 1.77773 11.7454 1.60362 3.99956 
0.000404583 0.0468326 0.0651972 0.000553382 0.00668531 182.028 0.00085092 2.49384 0.0161965 0.182011 6.22662 135.483 2.04231e-05 0.00133209 2.55096 21.6016 1.51628 5.80794 
3.57469e-05 1.96857e-05 2.28198e-05 0.253012 2.86671e-05 2.64877 0.143149 3.42438 0.0737381 4.5187 0.545725 401.091 2.53475e-05 2.1702e-05 7.25185 35.9327 1.27002 1.33 
0.000391424 0.001878 0.000505938 2.97616e-05 0.00224258 18.8368 0.137084 0.941076 0.280437 3.52003 0.378295 70.6667 0.0275978 0.00080599 1.60696 20.6822 1.04489 5.63731 
4.48243e-05 0.0149002 6.49358e-05 2.76502 2.96338 986.345 0.000361565 2.86722 0.395823 30.2261 1.69424 55.7436 0.000266542 0.00277691 0.633627 23.4513 1.6038 5.79885 
0.00161748 0.00337632 0.000822543 0.00070015 0.777281 0.623306 0.000150336 5.10972 0.0188093 0.119797 8.03766 331.104 0.00105277 0.00019722 4.12074 25.1336 0.977335 1.24173 
0.000108604 0.295268 2.20607 0.000646677 0.000214206 1.99082 3.75988 1.45659 0.790039 58.5072 0.19793 25.604 6.55604e-05 0.000540344 1.21257 41.0303 2.39582 2.43984 
0.0191673 4.33815 0.000519521 0.000754897 0.013315 54.3949 0.000436722 9.67126 0.0225537 0.0672228 0.79281 348.057 0.0607782 2.24444e-05 1.06606 14.3134 2.34891 4.00558 
0.118715 1.53589 0.0640779 4.97453 0.0414259 517.205 0.0017891 2.16212 0.505437 15.2167 0.669466 161.392 0.0298663 0.000308917 2.14632 13.1921 1.71462 1.55451 
0.00220809 0.000653123 0.00185243 0.0380642 2.82979 879.977 6.50005e-05 8.42213 0.398896 3.90954 0.383866 177.971 5.59719e-05 0.000107192 2.69424 26.5623 1.49054 3.92322 
0.00530246 4.1642 0.473631 3.64241e-05 1.83174e-05 0.463046 0.000678508 1.58777 0.15064 0.0818567 0.00200405 49.8846 0.00346061 0.000448014 0.842012 19.5641 2.32098 5.09277 
0.0318851 0.00395221 0.458606 0.000489068 0.000221951 1.02755 0.000545269 0.439543 0.284827 3.00074 0.0844006 151.687 0.000635879 0.032222 2.07267 15.7505 1.06014 1.29853 
0.000804048 0.963705 0.101888 1.9839 0.479645 19.6246 0.101545 3.70683 0.0240335 0.0141176 1.27827 295.549 0.000606426 0.109055 7.7761 31.7522 1.07278 1.16073 
0.0260904 8.60658 0.002404 6.7732 1.41768 0.11317 0.0843483 0.784458 0.334807 15.2104 0.612499 35.1592 1.32062e-05 0.0254695 2.57747 29.516 1.96851 9.59112 
0.00203528 2.60648 4.55269e-05 0.000242524 0.523319 270.032 2.63726e-05 0.599856 0.0398663 1.37587 0.899717 52.0607 0.00400552 0.0111174 1.37523 26.8585 2.19981 3.02457 
0.000247098 0.0284979 0.00010765 1.27882e-05 2.8292e-05 1.83321 0.299475 2.59687 0.994905 47.3019 1.75004 134.812 0.398699 1.46937e-05 1.31326 19.6639 1.64004 3.95684 
1.26255 0.0114617 4.30159e-05 0.0296651 0.00101223 137.629 0.0457969 0.508013 0.0915381 19.1512 2.94102 25.7624 5.65413e-05 0.00216156 1.58731 29.3741 0.997093 6.70894 
0.000243 3.64176e-05 1.16056e-05 0.000100967 0.679523 0.0385284 0.229105 1.76428 0.0143494 0.0131707 8.74164 107.837 0.000343991 0.0835718 2.86815 35.7496 1.67481 0.875916 
0.00740477 0.00400765 0.00642336 0.524441 7.21772 0.125633 0.257912 2.38276 0.396884 1.81874 0.0339614 40.6527 3.34133e-05 0.018505 1.42843 23.207 2.93623 7.68553 
9.94707e-05 0.0505783 0.577119 0.00248618 0.000203846 1350.53 0.00288325 0.715888 0.0163954 0.61899 1.1224 385.332 0.0056764 0.000777193 3.37936 16.1418 1.24878 0.759191 
0.000325206 0.000245518 0.180026 2.79928 0.000282308 0.038626 0.000228547 0.732896 0.398762 28.4853 0.73975 316.998 2.12997e-05 0.011463 2.06584 3.24944 1.03601 7.58106 
0.00378065 3.22669e-05 2.42969e-05 1.64314e-05 0.0551622 0.225316 0.385099 1.51737 0.0817048 0.342927 0.182425 74.2706 0.374208 0.000460653 2.27382 35.8549 1.91686 2.31682 
0.104107 0.258924 8.48245e-05 3.43225e-05 0.000956198 0.313439 7.24734e-05 2.8125 0.00391827 0.0450879 2.40012 273.884 3.27214e-05 3.89159e-05 0.627235 43.7152 1.53508 1.96635 
0.00402699 1.2995e-05 9.73454 0.0909975 0.00225554 75.7254 0.0218508 0.00332485 0.0124389 35.0135 8.17381 140.628 0.00018431 0.000413859 3.41862 24.9404 1.41681 0.923762 
0.000188601 0.16658 2.30452 0.0298585 1.12195e-05 0.032794 1.61045e-05 0.485882 0.00602978 0.0105458 0.248238 162.12 0.000257099 0.000173102 0.986017 31.5842 2.1885 0.601987 
1.42798 0.00250374 0.00611448 3.72396 0.0155853 0.0916789 3.23756e-05 1.29084 0.0254993 6.48309 1.13515 64.8464 0.000118287 1.16199e-05 7.45719 27.7174 1.03615 9.36787 
6.5717 7.78419e-05 0.00188659 1.14652 0.00487651 1166.28 0.0967096 3.6884 0.195499 206.485 4.51687 344.735 0.322156 1.63702e-05 0.94451 20.1526 1.25673 5.99012 
0.331975 0.322401 0.283511 0.144081 0.000162852 654.833 0.000155154 5.18337 0.0354912 136.738 4.00783 172.542 2.46489e-05 0.0146161 0.773558 27.0603 1.32259 6.21677 
0.0233919 3.65868 1.89929 0.0129441 0.0145124 1969.96 3.79763e-05 4.86258 0.0530945 1.68925 1.97151 89.9266 0.00271306 5.00045e-05 0.810123 24.8106 1.79326 6.80214 
0.00103975 3.19059e-05 0.0347846 0.019752 0.541814 0.662255 0.0814525 3.00113 0.165085 49.1403 2.19579 35.3527 0.000236212 0.00139412 2.71211 23.2796 1.01968 7.09058 
0.000305099 1.03324e-05 0.476772 4.64762e-05 0.000741999 0.609669 0.0424662 0.469327 0.0135782 0.115461 0.318986 92.1528 0.000141284 0.000224592 0.938193 13.8051 1.24775 4.23991 
1.01258 5.51188e-05 1.12475 0.00152171 0.0129416 3.11712 0.269188 0.0520297 0.179548 2.70082 0.0722917 477.386 7.09306e-05 0.000100968 3.36585 2.15175 1.15449 4.20322 
9.89685 3.24163 0.000180174 0.000296247 2.32528 0.476797 9.88883e-05 0.710575 0.0169126 0.491128 1.22836 31.3683 0.138927 0.00299144 2.19404 21.9902 2.13448 7.94123 
0.517047 0.00221746 0.0280553 1.02111 8.81383e-05 10.2175 0.00183114 1.04776 0.469992 164.543 1.62653 86.0895 1.11933e-05 0.00479834 2.08091 16.6991 1.18158 6.14743 
0.112798 0.00060634 2.06309e-05 1.91721 1.41224 27.098 0.02491 5.41363 0.155706 32.1356 2.54869 344.049 5.72855e-05 0.00222198 0.969777 18.9157 1.34877 2.68567 
1.08946 0.0110505 0.00204701 0.000703595 0.0845147 62.6453 0.000107328 0.456237 0.108454 0.0762869 0.0156394 35.2346 3.97033e-05 0.000102262 1.83245 20.127 1.70752 6.15641 
0.000114398 0.00172854 0.000212857 0.00235268 0.000338874 226.918 0.695833 2.6578 0.904833 0.137732 0.00607653 440.373 0.00458601 0.00382946 4.83975 21.4469 1.38214 0.56275 
2.61791 0.00102721 0.018084 0.00439668 0.0769226 141.311 1.40402e-05 0.138862 0.0849288 1.53415 0.0305362 41.3585 0.109871 0.000340095 0.922287 24.9025 2.48008 7.73575 
0.0253797 0.0185745 0.00245088 1.02191e-05 0.184875 269.674 3.93527 1.08144 0.301131 56.1997 1.09951 165.028 0.0387398 0.000866052 8.14051 43.2825 0.956077 2.40973 
0.000140808 3.25997e-05 3.35099e-05 0.000472164 0.00712757 2.08539 0.00928047 0.493277 0.92508 4.32438 0.00178399 23.0631 9.99031e-05 1.31783e-05 1.30364 38.446 1.59003 6.18168 
0.342096 0.799352 0.436098 0.000411593 0.292642 9.96695 3.36648e-05 1.10857 0.0376964 4.53995 2.96368 207.636 0.000295572 3.49336e-05 0.871915 15.427 1.99437 2.29107 
0.00483399 0.000292672 1.03358e-05 0.000261792 0.0576636 96.8613 0.0613955 0.756537 0.819371 3.03386 0.019535 241.15 0.00559046 0.00117574 1.20165 18.0214 2.21332 0.791375 
0.00798323 0.989042 0.00346458 5.7797e-05 0.0315756 14.6142 1.83374 0.140077 0.00387082 0.0409758 5.67576 40.59 0.000144941 0.00469184 4.5373 44.3606 1.18028 2.28832 
0.322845 0.237946 2.50133 0.00101944 0.723449 0.38111 0.079921 4.2786 0.140308 5.31591 0.710325 20.5895 0.000555821 0.00224789 1.28223 42.9626 1.14854 5.25159 
0.000160302 0.629469 0.015104 0.00159021 1.1774 53.9516 0.000553489 1.6835 0.195097 183.573 3.94545 116.634 0.136241 0.0453861 1.02549 35.578 2.54563 0.640592 
0.234024 3.88132 0.245256 0.00506113 0.00757017 0.357563 0.0204095 1.29094 0.264943 0.770835 0.186145 227.151 0.507004 0.00244952 1.10099 6.75959 2.37657 6.49266 
0.0267858 3.5664 0.00332902 4.26022 0.0628546 1235.88 0.00234111 2.30404 0.0105544 0.0144235 0.217683 393.27 0.0272815 0.010304 1.35264 3.26668 1.92494 5.68924 
2.53679e-05 1.09877 0.0203402 0.00195665 0.0136693 0.0116262 0.000182183 1.13329 0.0257284 0.290979 0.62454 163.506 0.000128478 0.0184746 1.01357 15.4918 2.41186 1.95445 
0.00320251 0.295239 0.0013856 1.44804 2.38421 0.627647 0.50706 2.04644 0.0216645 0.755239 1.59429 14.6289 5.00941e-05 1.40757e-05 1.57429 43.8984 0.943567 9.08246 
0.252673 5.37674e-05 0.000163436 0.00324712 0.00623567 0.207433 0.12159 1.16936 0.216454 12.4951 0.226502 71.2473 0.000274402 2.4496e-05 1.10471 39.5349 1.41153 0.879676 
0.894202 0.740133 0.000516091 0.0283987 1.39346e-05 1059.54 2.13338e-05 0.65346 0.276457 370.39 2.32586 12.6464 0.0212561 0.000235721 1.35941 38.1971 0.97242 4.48805 
0.0184999 0.00984664 2.0177e-05 7.78553 0.000405105 12.048 0.0094208 0.325758 0.0522592 7.0841 0.519447 277.316 1.61194e-05 0.00429403 1.05846 29.7807 1.43708 1.87526 
3.75622e-05 0.0858851 0.131578 1.58461e-05 0.000306401 0.485057 1.02175 0.842884 0.188648 6.43972 0.140682 313.608 0.00131092 0.040238 1.70437 25.336 1.7916 0.2845 
0.0891231 0.000450066 0.179324 1.82874e-05 5.29773 72.3003 0.143914 2.35533 0.489863 151.406 1.10928 411.813 0.0792827 0.0502973 9.76493 35.0012 1.2968 0.548791 
1.84365e-05 0.95176 0.213096 0.125083 2.7024 21.5064 3.75482e-05 3.07291 0.0942858 24.131 1.69749 33.7335 0.000483839 2.12845e-05 1.50047 23.3713 1.36162 6.93401 
9.77958 0.000205771 0.0194823 3.67251e-05 0.000972419 98.5342 0.672617 0.0913997 0.0667923 9.07541 0.748002 91.7062 0.000800355 0.0504651 3.19054 9.74018 1.32197 7.20885 
