0.000245249 0.0165706 4.49416e-05 0.00532068 5.59702 125.408 0.0282953 1.24447 0.024863 0.437255 1.35394 191.421 0.000191159 1.76489e-05 1.55141 5.80452 1.50767 6.88246 
0.205189 0.00323075 0.00258449 0.0130232 3.74432e-05 0.655723 0.108517 0.954977 0.0357044 0.135972 1.20097 439.163 0.000831354 0.0133501 2.45818 2.93146 1.13459 5.46689 
3.36856e-05 7.47314e-05 0.000493591 0.649318 0.000487781 0.0187104 0.34373 1.68748 0.285262 60.939 3.0808 28.2537 0.00212582 2.12994e-05 2.44032 42.9843 1.55648 4.43151 
0.157605 0.0611001 1.39199e-05 0.00139778 0.0609718 0.06252 2.21067e-05 1.25678 0.422464 6.42154 0.259272 475.658 3.31985e-05 2.08893e-05 1.34457 2.25862 2.45866 3.17026 
0.000791768 0.000140239 0.0143648 2.02685 0.0274289 20.3152 0.000103186 0.165436 0.069315 3.49319 3.64509 464.436 0.00357293 0.027964 4.46488 18.0404 1.44341 0.535698 
0.00050425 0.00119708 2.13926e-05 0.000431654 0.0489622 10.5134 1.83901e-05 1.06327 0.546555 13.1437 0.0237211 254.404 3.41827 0.0192526 2.62427 4.51469 1.6564 2.34671 
1.27283e-05 0.0090381 0.00494918 4.55122 9.86453e-05 438.74 0.0230835 4.75931 0.899665 32.1109 1.01816 216.103 0.00229791 0.00253243 2.41916 14.2017 1.63395 2.10293 
0.00203485 0.00207502 0.0111145 0.534894 5.24065e-05 886.085 7.08908 2.19441 0.124363 3.96643 4.55712 353.065 0.000547104 1.05102e-05 1.21838 7.00962 2.05625 2.2291 
0.191975 0.0561268 0.00032097 0.000963925 0.000295081 0.737534 0.00312673 1.14823 0.0933017 3.90898 0.471032 26.6561 0.020314 1.65586e-05 0.821955 27.0943 2.48462 6.82942 
0.0333521 4.77508 0.0138983 0.00150986 0.0104953 0.049867 0.0509623 4.25742 0.0318595 0.0396802 0.105884 131.614 0.00028049 0.000264492 1.62233 38.2089 1.77188 0.762812 
0.0029133 0.00373901 0.786302 0.0353898 0.524226 33.3752 0.000894035 2.64871 0.156844 0.916946 0.299096 255.781 0.416184 0.000295589 2.06927 44.9358 1.80582 0.488314 
0.00702316 0.00207068 3.4023 0.000275211 0.00647451 0.181298 0.0184665 0.0919405 0.0180343 2.23092 4.93539 41.7819 0.012684 0.0268558 1.04036 16.6796 1.66439 5.03303 
0.0384871 2.57801e-05 0.115431 0.0674717 0.032338 0.242062 0.000365176 0.708286 0.0252935 0.0336618 0.20725 254.542 0.000199009 0.00254721 0.928162 5.68541 2.87468 2.37929 
0.0261101 7.80173e-05 1.73138 1.38602e-05 1.36087 3.23216 8.85253e-05 0.533569 0.803189 374.14 3.29946 69.2092 0.194926 0.000588937 0.905426 21.2125 2.66883 3.50016 
0.467954 0.000572599 0.000398291 1.10758e-05 0.450131 0.0262701 0.0489199 4.22255 0.60982 3.38803 0.0237731 198.451 2.34881 0.00286517 1.74952 48.4131 1.88037 0.429075 
0.000431182 3.8992e-05 0.00630737 0.000233906 2.04323 0.0187604 0.0107282 3.62647 0.0299391 0.0268036 0.04226 174.471 0.000874751 0.00223194 1.2493 28.1132 1.49811 9.91271 
0.0321424 0.000195178 0.0758246 5.89634 0.764877 319.769 6.78387 0.714366 0.0860803 3.52058 0.373689 284.68 9.51302e-05 0.00770146 2.05341 35.7505 1.68793 0.329217 
3.06802 0.494662 6.61019e-05 0.0328154 2.69999 4.13128 0.788666 7.34645 0.00290225 0.0238762 2.28041 220.642 0.00131303 0.00409977 1.35645 15.9663 1.96807 4.37343 
0.00131341 0.00516057 0.0503611 0.00283427 0.00503306 0.108953 0.000376357 1.83095 0.0859487 0.923316 2.71598 445.502 5.40437e-05 0.0184905 3.0406 2.9406 1.55703 3.58471 
3.146e-05 0.0228956 0.0274082 0.0933824 0.00251489 27.8355 4.39969 1.29816 0.118431 0.260245 0.0690967 392.831 1.17761e-05 0.000600563 1.40543 22.5405 2.20513 0.43453 
0.26355 3.23246 0.1963 0.000253125 4.15769e-05 0.612045 3.81689 4.31378 0.101611 37.2808 0.983769 383.772 0.0629224 0.000822418 1.37619 7.19874 1.26744 2.40801 
0.179233 5.95778 0.207527 2.97236 0.0758089 1557.91 0.0223465 0.745663 0.799849 231.555 1.10504 252.052 0.135874 0.00554965 3.9821 6.04622 0.982485 2.77637 
1.02295 3.96935e-05 0.000181661 0.002355 0.519255 524.984 0.0733872 1.55531 0.0683558 3.84268 1.00629 478.072 0.000411721 0.00019643 1.89932 9.50363 1.24949 7.58783 
0.375282 0.000178878 1.95203e-05 0.0659339 0.335159 2.99707 0.000926984 1.83549 0.501576 0.913441 0.0573204 389.8 0.00545735 0.000466429 3.80304 28.7146 1.75302 0.347089 
2.49211 0.395421 0.192875 0.00677644 3.17644 2150.98 0.000529925 0.352837 0.0321367 1.87763 2.23916 267.182 0.00277941 0.000373946 1.43287 3.59581 2.95045 7.9059 
0.000288763 0.163451 4.74792e-05 0.00016478 0.405842 0.218948 0.00198966 0.499504 0.90581 197.807 0.0874905 112.9 0.000627096 0.0135057 1.05801 27.461 2.86751 0.47747 
4.16634 0.00427516 0.021264 0.00140268 5.56941e-05 1303.66 0.000517093 0.264484 0.0198543 0.157613 0.109153 494.825 2.09551e-05 0.000615518 0.863373 17.0776 1.53042 1.24701 
0.00148458 0.00332648 0.219353 0.655365 0.0815937 992.466 0.00273756 4.54252 0.00815191 0.0591604 6.69099 316.404 2.18254e-05 0.000771524 0.844964 35.4903 2.69555 1.28082 
5.36052 5.46094 0.00639744 0.00613116 4.56055e-05 0.975279 0.000318749 0.368415 0.0136608 8.23439 8.23723 213.644 3.4098e-05 1.39813e-05 0.95945 6.73487 1.25117 3.06633 
0.0195194 0.000185161 0.00652421 0.000282081 0.764076 0.0935878 0.0017015 1.36435 0.0488669 1.52871 0.118545 107.263 0.00852161 0.000161708 2.48637 14.7914 1.8033 2.55009 
3.35883 0.00433107 0.911276 6.32206 0.0239577 2.48344 0.0615327 2.43181 0.0233167 0.0153284 6.46755 84.5108 2.40312e-05 0.00508451 1.04456 18.1913 1.67692 2.0987 
0.280756 0.0932551 1.92196 0.0929884 0.000118531 45.141 2.08548 0.190294 0.16367 38.22 2.59952 240.315 0.493939 0.0106846 1.91397 39.8204 1.5918 0.271069 
5.83446e-05 1.0668 0.00432202 0.0180847 0.0325718 24.8453 7.08703 8.85401 0.560153 9.73039 0.480925 385.21 0.00786742 0.00907006 2.93551 43.2738 1.56545 0.522002 
0.00129051 7.72547 1.46961e-05 3.52899 0.000365765 19.7688 0.000482444 1.45522 0.235354 128.1 0.337624 337.376 2.83032 5.87369e-05 0.842035 14.9038 2.99591 0.54986 
0.00767535 0.0186436 0.00334926 0.0917619 0.07723 0.157427 0.0244513 0.767717 0.00883636 0.0611186 3.96728 71.4946 9.09706e-05 0.000833525 0.884218 22.6408 1.61679 2.84817 
0.010669 0.0498022 0.0178567 0.0037082 1.19899 332.881 0.0186171 8.26925 0.103814 0.139959 0.107215 36.9489 0.000861439 0.000690177 2.10527 48.6918 1.32625 1.88634 
4.16733e-05 0.000506342 0.0127329 0.00209188 1.23963 0.101095 2.43821e-05 3.25068 0.164017 5.648 0.0600092 53.1314 0.000437885 0.00220117 2.73166 45.5847 1.30586 1.17093 
0.000632943 1.48363e-05 0.000261372 0.00807771 0.199018 0.0266789 0.000448843 3.73341 0.0391627 0.512484 5.01909 149.619 0.00629198 0.090105 2.80145 37.1052 1.72955 0.858373 
3.71197 0.424178 1.68856e-05 3.80884 0.626108 0.0115424 6.73603e-05 9.0913 0.15989 0.869163 0.274607 425.885 0.278704 0.000129893 1.04128 6.07662 1.8187 6.95283 
0.000105435 0.00200938 0.0105165 6.06995 0.01375 3.05973 0.112655 0.515583 0.143913 1.36167 0.00274759 77.3334 6.58342e-05 2.24704e-05 0.906841 33.0273 2.23719 1.91342 
0.0563521 6.53658 0.156507 2.95374e-05 0.102375 0.121568 1.19117e-05 2.6849 0.0250259 0.0488196 0.317037 227.659 0.0040496 0.04188 1.20996 9.06822 3.15886 7.05784 
1.0301 0.0026491 1.48575e-05 9.64519e-05 1.02904e-05 0.0465313 1.79848e-05 0.508939 0.75912 178.74 0.677749 11.88 1.28063 0.000119309 0.93516 44.1578 2.17449 3.77107 
0.0237299 1.6734e-05 2.99685 1.25817e-05 4.88139 0.23107 0.00254876 1.93491 0.793431 70.452 0.572603 68.9919 0.365118 0.000533533 3.3916 13.6963 1.35807 5.64512 
0.112021 0.809415 0.00539459 0.00301967 0.00021254 0.0355789 0.0452584 1.17326 0.310022 1.00095 0.135634 498.062 0.000107657 0.00475429 4.21444 22.4248 1.57107 0.25767 
0.000338971 0.000632011 0.0149393 0.000271398 0.000610135 0.0945077 0.000214152 1.33938 0.0161018 0.0558592 3.67083 148.464 2.31654e-05 0.00165097 1.03917 4.93463 2.63784 6.74632 
0.00858835 0.00202622 0.0994392 1.47075 0.056035 2.1556 3.94553e-05 0.584415 0.0231686 0.227256 1.35575 58.0565 6.1336e-05 0.000243567 0.880104 18.9543 1.98122 3.2395 
0.000113975 0.522871 1.91093e-05 2.3821e-05 0.000223677 626.783 0.713558 0.201676 0.0220551 0.607121 5.82322 107.067 2.08646e-05 5.14711e-05 2.86221 8.79288 0.977933 8.94572 
1.42798 0.00250374 0.00611448 3.72396 0.0155853 0.0916789 3.23756e-05 1.29084 0.0254993 6.48309 1.13515 64.8464 0.000118287 1.16199e-05 7.45719 27.7174 1.03615 9.36787 
0.00517544 0.00665409 1.05926 1.92399e-05 2.03716e-05 0.0203506 1.03981 2.99632 0.800281 4.37487 0.00954667 104.037 0.0345525 0.00117133 0.838271 43.0975 2.62422 0.859685 
0.0278339 4.20554 0.601173 9.90559e-05 0.000538373 1.05578 0.000145837 0.705262 0.322601 14.8847 0.103444 119.891 2.02261 0.0130863 1.42443 20.5531 1.65697 1.73277 
0.192493 1.27391 0.0146328 0.131937 0.0202819 4.6604 7.88012e-05 0.262094 0.00133409 0.0156957 0.845676 63.8007 0.000869644 0.0944945 3.47886 19.9529 1.09113 7.84441 
0.0298225 2.99942e-05 3.94144 8.55844 0.0604113 0.529195 0.0674859 2.46161 0.237147 0.569137 0.00338244 53.4581 4.98999 0.00558295 3.04198 20.6454 1.35879 7.23345 
0.00678794 0.000674885 1.2726e-05 0.000104861 0.000130049 3.65427 0.00298357 3.48424 0.0420302 0.968093 0.223565 264.199 0.000805627 0.0124481 1.2022 12.1698 0.982349 2.7027 
0.00429454 0.0750869 3.69348e-05 4.89924e-05 2.15142e-05 0.124275 6.81772 3.17985 0.303453 8.00155 0.197738 112.439 0.000457539 7.64148e-05 1.13952 7.29211 1.77941 8.7525 
0.782137 0.00496353 0.000117603 1.60334 0.000114418 1.32402 0.0737895 3.55191 0.173162 10.1974 0.863961 27.5112 2.5592e-05 0.0035398 1.16787 48.8959 1.78436 3.03054 
1.72344e-05 7.10708e-05 2.94793 0.000509296 0.0265633 161.95 0.0487289 1.34458 0.232366 3.87757 0.333591 43.9572 0.554505 0.000343024 1.62086 27.1924 1.81775 3.49324 
0.271569 0.374871 0.832837 0.000295847 0.000158114 29.9489 0.00592164 0.925524 0.336395 4.10236 0.164216 423.937 0.932756 1.33656e-05 3.54544 38.9539 1.31664 1.05812 
6.5717 7.78419e-05 0.00188659 1.14652 0.00487651 1166.28 0.0967096 3.6884 0.195499 206.485 4.51687 344.735 0.322156 1.63702e-05 0.94451 20.1526 1.25673 5.99012 
0.0510605 1.339 0.00425221 3.93635 3.3937 0.018099 0.000133193 1.10165 0.303098 70.5835 2.45988 110.497 0.0392283 0.00703788 0.985147 36.8606 3.31037 0.907486 
0.00182634 0.00363383 0.0558134 0.0266842 1.27621 0.0466354 0.000220933 3.08017 0.828067 85.0571 0.084472 428.197 0.526893 0.131476 2.22233 10.4523 1.97024 1.15623 
0.331975 0.322401 0.283511 0.144081 0.000162852 654.833 0.000155154 5.18337 0.0354912 136.738 4.00783 172.542 2.46489e-05 0.0146161 0.773558 27.0603 1.32259 6.21677 
0.161892 5.91194e-05 0.00508591 0.00502128 2.78431 1.79305 0.144932 6.22197 0.0181401 1.27143 6.87232 205.089 1.21164e-05 7.83945e-05 1.47507 11.8295 1.77374 1.70152 
0.00978381 0.00016421 0.96798 8.52505 0.0798629 0.0408527 0.00268578 5.45126 0.0326621 0.144084 1.11509 217.298 0.00128771 0.0200105 3.85009 29.1872 1.24864 2.23638 
0.777101 1.59009 4.20893 0.00115241 3.11935e-05 0.161433 0.000129478 0.688977 0.00684013 0.0363223 1.04369 154.925 4.06643e-05 0.00932642 1.94418 5.27679 1.55472 9.49428 
0.745544 4.14906e-05 0.391137 4.77088e-05 0.232088 677.764 0.000497113 0.21229 0.119029 1.01914 0.391199 85.0482 0.000401394 0.0363557 3.35399 45.5206 1.64758 0.285568 
1.18988 0.00291812 0.763241 0.000505118 5.87056 2.35001 0.0445425 1.59512 0.345211 5.21677 0.458578 14.292 0.00614089 4.88193e-05 4.24468 41.9878 1.09396 5.7766 
0.00280088 1.05286 0.0412397 0.212896 1.73603e-05 53.2547 0.000309958 0.687808 0.897801 331.812 2.63762 25.0191 0.00107375 0.00143737 2.53522 40.7826 1.28886 2.73576 
0.00783077 5.68959 1.12587e-05 0.0147484 0.000660516 32.0711 4.07255 0.437386 0.00414634 0.141379 4.54006 283.993 0.0220709 0.000266013 0.922208 27.487 2.68484 0.410099 
7.56039 4.38962e-05 4.02641 0.00093581 0.00895505 9.70419 0.227402 0.00798492 0.111277 35.5134 1.70319 112.163 0.000344798 0.00190388 1.77036 12.1479 1.5018 4.82902 
0.0233919 3.65868 1.89929 0.0129441 0.0145124 1969.96 3.79763e-05 4.86258 0.0530945 1.68925 1.97151 89.9266 0.00271306 5.00045e-05 0.810123 24.8106 1.79326 6.80214 
0.0033044 0.340886 0.0308791 0.000801604 0.000779958 37.883 6.64348 0.318992 0.0105062 0.426396 5.82075 479.065 0.000114166 2.20452e-05 6.74694 40.2553 1.21395 0.31387 
1.78375e-05 9.84607e-05 1.07726 0.174463 0.00133879 0.0725648 0.0162674 0.455272 0.089965 12.1518 1.37392 29.5053 1.82774e-05 0.00259858 1.13911 40.3708 3.51988 6.61614 
0.000812035 0.00171233 0.318917 0.00370572 0.566946 58.4243 0.00138558 0.497253 0.0223007 0.350765 0.833142 403.367 0.00236092 0.0957438 1.11578 3.21649 2.83943 4.24268 
0.000130816 0.0316714 1.24584e-05 5.44653 3.37899e-05 0.109434 0.00316263 8.72577 0.712422 4.36142 0.0237306 329.92 2.26366 0.00183917 1.15405 16.9889 1.60149 4.80932 
0.589359 0.000735175 0.00296529 0.0435736 0.00408731 208.856 2.50512e-05 0.839129 0.0305758 0.144104 0.0560007 290.256 0.00621946 0.0173934 2.57806 7.4363 0.9236 4.94797 
0.00226155 0.00371335 0.001149 0.000103776 3.57677 0.0827033 0.000196651 2.99718 0.0108617 0.0306095 9.75647 428.397 8.02688e-05 0.0371756 3.26966 47.7266 1.37262 0.221177 
6.32649e-05 1.85093e-05 0.0407762 0.00350338 0.0639789 223.666 0.0111538 3.10933 0.215866 217.175 3.42753 403.673 0.000135558 0.00352011 1.54455 27.5313 1.73684 2.26317 
0.00103975 3.19059e-05 0.0347846 0.019752 0.541814 0.662255 0.0814525 3.00113 0.165085 49.1403 2.19579 35.3527 0.000236212 0.00139412 2.71211 23.2796 1.01968 7.09058 
1.5964e-05 0.00682655 0.000579918 4.36904 0.279849 137.327 1.2609 1.90894 0.0502388 2.96022 2.69627 65.8931 0.00799959 0.00168863 0.98382 25.1079 3.71843 6.95544 
0.00147263 0.0856183 0.00121361 0.000170641 0.0400655 22.0483 0.107827 1.63142 0.0146439 2.56815 3.84522 237.556 1.532e-05 9.21874e-05 1.30101 14.9479 3.31827 1.01077 
1.4961 0.00238911 0.407581 0.0402254 6.38832e-05 0.0907848 0.00935637 0.493514 0.337738 25.0105 0.342524 36.5288 0.888014 0.000552974 1.80485 40.3782 2.1868 2.53424 
9.90682e-05 0.000646177 0.01372 0.0640087 0.00487397 1.95748 0.128109 1.46384 0.00830911 0.25545 2.50298 42.782 2.15692e-05 0.00655738 6.4303 45.414 0.861032 3.53006 
0.000742762 0.000218759 1.12158 0.328155 0.114426 508.1 0.000245804 4.64225 0.186227 2.76252 0.512365 61.179 1.90734e-05 0.00136981 3.14136 44.0682 1.2286 2.39531 
0.0850902 0.0224854 0.0526289 3.01106 4.85771e-05 355.776 0.151823 0.107018 0.00669558 0.374115 5.28459 19.5308 0.0192674 0.00590457 2.17849 47.9967 1.36268 6.42239 
6.87277 0.661312 1.84239e-05 0.0714638 4.64368e-05 21.4148 1.22087 0.266668 0.00416452 0.152584 1.37442 158.613 0.000206004 0.000645573 1.17188 11.8141 2.76275 3.0551 
0.00011124 8.69537 0.472455 0.00158298 0.0629651 0.118696 7.76502e-05 3.99836 0.0073197 0.0168306 2.97174 461.987 3.64287e-05 0.0014256 1.20958 10.8307 2.10392 2.17141 
0.0302312 0.000667846 4.50988e-05 2.838 0.0234346 0.0252703 0.0830691 7.65048 0.00779569 0.11409 0.413272 264.501 0.00209199 0.023678 0.987196 34.4024 3.16391 0.991937 
0.161159 0.203136 0.000983824 1.44661 0.00152362 251.587 4.29533 2.38582 0.0566259 2.63551 7.85103 377.928 0.145605 0.00019962 2.91503 19.9301 1.82063 0.701575 
0.0147524 8.95838e-05 0.0860468 0.0130464 0.00236009 7.01726 0.0340206 1.27431 0.817036 0.530646 0.00868116 47.8068 0.000454524 0.000582026 1.62638 19.9047 1.54792 3.2588 
0.0422579 0.0225822 1.33387e-05 0.00164112 0.118695 1631.94 0.000125778 7.62856 0.966566 5.21694 0.0263306 437.334 5.98962 0.0038093 1.24647 14.195 1.49306 2.47858 
1.87596e-05 0.000496456 0.00120079 1.53297e-05 0.060447 0.254578 0.370095 0.351568 0.00173142 0.0295165 3.01732 117.898 0.00383935 1.29225e-05 0.822302 12.1162 1.85069 2.44471 
2.30044e-05 2.67679 0.00249388 0.00737149 0.0399313 0.333135 0.0994168 1.24213 0.00417274 0.0432984 2.88708 437.735 0.000367957 7.67288e-05 1.7413 45.2856 1.40494 0.413194 
1.19126e-05 0.0153892 0.470616 1.27439e-05 8.17173e-05 0.0918571 0.00834875 1.77062 0.0233045 0.277692 7.26569 80.7808 0.000344489 0.00536793 1.11021 20.0657 2.27809 2.40499 
0.676235 0.00234025 1.26341e-05 0.00140948 2.79739e-05 0.3087 0.00103544 4.30653 0.322127 0.836959 0.121761 117.154 0.0607055 0.0044391 2.0478 22.3114 1.15096 4.90468 
2.72317e-05 4.97117 4.952 5.03725e-05 0.000732068 0.97355 0.00428755 2.51546 0.0564758 0.270684 0.138099 204.503 0.726039 0.000703051 1.07212 15.1029 2.5991 1.0772 
0.0123836 0.000144834 0.253451 0.00486611 5.26602e-05 15.0692 0.0399599 0.366913 0.38598 1.84148 0.0884528 68.4329 8.45973e-05 0.000880332 6.69965 39.4703 1.07019 2.99704 
0.000556213 0.0044884 0.0589817 0.00152852 0.0727254 3.0565 7.78858e-05 1.18156 0.524569 1.77864 0.0333397 197.358 0.46354 0.0154131 2.05868 28.2586 2.69447 0.381634 
9.62013e-05 0.00167402 1.33413 1.45508e-05 4.59705 0.0198733 0.00129503 1.77056 0.083594 38.4153 5.36164 93.6574 0.00360474 0.0140541 1.81827 27.4113 1.41638 1.70141 
0.000305099 1.03324e-05 0.476772 4.64762e-05 0.000741999 0.609669 0.0424662 0.469327 0.0135782 0.115461 0.318986 92.1528 0.000141284 0.000224592 0.938193 13.8051 1.24775 4.23991 
0.0816531 0.000714131 1.1147e-05 0.0142812 0.0243734 0.276326 0.0511166 0.856224 0.00936509 0.132267 2.88965 53.1071 0.000942958 0.00024766 0.966863 21.6865 2.02074 7.94153 
1.0383e-05 1.11213 0.563937 3.05604 1.63889 10.9274 0.000654288 0.499185 0.712994 91.6424 0.0480496 20.9212 0.000442749 2.40982e-05 1.83373 24.2246 1.73332 7.94542 
0.000284079 5.97571e-05 0.0151045 0.000652868 4.45698e-05 28.3186 0.00102131 0.426926 0.00761009 0.532616 1.25741 24.5297 0.00148776 0.00299586 0.928288 29.2996 1.6142 7.00994 
0.00376581 3.44397e-05 0.380467 6.53224 9.32786e-05 47.9105 0.240136 0.242092 0.0270758 0.0915338 0.525446 483.907 0.0442199 0.534261 9.24979 17.5285 1.43504 0.627722 
2.91299 0.0035937 0.000635909 0.204488 0.339717 0.383583 0.000850246 2.43392 0.0842008 3.7264 0.695263 27.9837 0.00686407 0.00154317 2.22077 34.4283 1.4258 5.53847 
1.67926 0.0476978 0.0400215 2.93489e-05 8.07343e-05 10.0108 4.07007e-05 0.438132 0.00388944 0.0189933 2.60406 85.5285 0.000107573 6.94347e-05 1.22873 17.3467 1.25427 8.24649 
0.00089879 0.00280267 0.569171 0.000577064 0.543128 568.661 0.455828 0.663538 0.0889958 0.619586 0.484385 207.898 0.000190888 1.81069e-05 2.88676 14.3537 1.02208 1.87127 
0.000646276 0.114904 0.878076 3.82938 0.0843633 0.870596 0.00334696 5.52643 0.0336072 0.03698 0.471533 372.461 4.26443e-05 0.00198702 4.31896 12.2217 1.26049 1.9676 
6.4014 7.68979e-05 0.000992765 4.25986 0.00166007 0.170188 0.0279964 1.02911 0.234543 7.75808 0.133744 368.891 0.81808 0.151229 1.05236 7.92476 3.2384 0.900727 
0.000231085 0.231662 7.72922 2.40539 0.0589141 52.2883 0.000152216 0.153706 0.0398762 0.350184 3.26874 10.6477 0.000480994 3.12207e-05 2.34825 39.9885 1.20996 7.12412 
3.97691 0.0272601 0.0112643 3.44531e-05 0.000678563 2746.95 0.132826 0.242733 0.00119781 0.0345486 2.9705 46.7739 2.42189e-05 2.00936e-05 1.2608 25.0349 1.08521 8.28759 
1.01258 5.51188e-05 1.12475 0.00152171 0.0129416 3.11712 0.269188 0.0520297 0.179548 2.70082 0.0722917 477.386 7.09306e-05 0.000100968 3.36585 2.15175 1.15449 4.20322 
1.3878 0.410104 0.0123251 1.30774e-05 0.0219522 41.971 0.000740708 0.818577 0.028188 0.0501028 0.0045412 224.172 0.00342971 0.0567435 1.30274 8.2432 1.52263 2.86933 
5.65132e-05 4.54777 0.0098309 0.0119926 0.00164932 3.11059 0.815672 1.303 0.166697 101.707 8.61337 210.906 0.0932555 0.0173077 2.06316 13.1927 1.5507 1.41822 
9.89685 3.24163 0.000180174 0.000296247 2.32528 0.476797 9.88883e-05 0.710575 0.0169126 0.491128 1.22836 31.3683 0.138927 0.00299144 2.19404 21.9902 2.13448 7.94123 
1.27225e-05 0.00040477 0.023172 0.00478758 1.29009 0.0363354 5.15833e-05 0.718604 0.0149999 4.62264 0.982326 18.9127 0.0202898 0.00877037 1.40095 28.5567 1.7781 7.77349 
0.0807262 0.127761 0.000185806 0.00133963 0.000143227 6.39062 0.0665198 3.6993 0.0612315 1.39565 1.1614 423.471 0.00920292 0.000202839 2.35669 29.823 1.33582 0.612005 
0.000149645 4.13322e-05 1.86621 0.238636 0.00262473 0.024009 0.426919 0.494323 0.0101422 0.0293852 0.628076 281.375 0.000671667 0.0491175 1.07232 33.6087 3.52882 0.443908 
5.48411e-05 0.839972 0.00145233 0.018076 0.00234241 0.335184 4.08344 3.20161 0.0138762 0.018701 4.8107 239.036 0.000994231 0.00145769 1.35064 21.8159 2.70963 0.733713 
0.000801346 1.55556e-05 0.996439 2.45069e-05 0.0121851 3.3056 0.0190194 1.12342 0.211322 92.0929 0.896916 186.042 0.000618097 2.47428e-05 2.08864 13.91 1.54084 1.78594 
0.00502818 9.41687 0.053669 1.17431 0.000471623 1.65263 0.292538 0.23703 0.00110656 0.0130951 3.83911 250.46 0.0150708 0.0343052 1.47894 25.353 1.6178 0.63873 
0.517047 0.00221746 0.0280553 1.02111 8.81383e-05 10.2175 0.00183114 1.04776 0.469992 164.543 1.62653 86.0895 1.11933e-05 0.00479834 2.08091 16.6991 1.18158 6.14743 
9.08501e-05 1.81874e-05 3.78756e-05 1.90136 1.06737e-05 847.785 0.449781 1.33987 0.785596 45.2749 0.517185 47.1057 0.000807497 0.00786873 2.24308 26.6628 1.18916 3.79712 
0.426192 0.241458 0.0658998 0.00209076 5.14854 251.934 0.00613129 0.231273 0.244735 0.954656 0.0393867 364.032 0.00436912 0.00140242 1.73234 42.4983 2.04555 0.181315 
0.000124885 1.87892e-05 7.89058e-05 0.000588655 0.00344728 0.0239631 0.000265453 5.55552 0.958826 0.0883239 0.00508747 254.926 4.54078e-05 0.00491545 1.92868 18.789 1.19818 1.79808 
0.00217972 0.00175449 0.000189703 0.883351 0.186319 0.159947 1.38873e-05 2.22514 0.0785676 0.0402402 0.0630168 171.798 0.000370918 0.0120395 2.86286 38.3064 1.33528 0.492633 
0.000127429 0.00231903 0.000508699 0.0338935 4.27024e-05 0.010713 0.000250143 3.02282 0.547249 1.40421 0.0159013 72.6875 0.758934 1.74712e-05 0.926006 9.19593 1.76525 9.20741 
0.756193 0.00973324 0.000207275 0.000133725 5.28518e-05 0.746965 1.5803e-05 1.70379 0.0475091 2.35793 0.604315 137.383 0.00469895 0.000886781 7.46103 11.4008 0.99015 8.17222 
0.0630464 6.33799 0.00237767 0.0022321 9.41851e-05 2.44906 0.00512924 0.33542 0.0148584 0.0302438 0.289635 284.348 6.3043e-05 3.64982e-05 6.71826 10.014 1.08641 2.51915 
0.112798 0.00060634 2.06309e-05 1.91721 1.41224 27.098 0.02491 5.41363 0.155706 32.1356 2.54869 344.049 5.72855e-05 0.00222198 0.969777 18.9157 1.34877 2.68567 
0.0257907 5.05253e-05 0.00214351 9.29465e-05 0.178979 0.226695 0.000129613 8.66539 0.0148121 0.235434 3.63752 326.056 0.000326943 0.000272475 2.279 42.2255 1.29187 1.24416 
3.25983e-05 6.49648 0.0442518 8.58762 0.00274775 0.152067 0.00402266 0.287543 0.469863 21.9902 0.116472 81.7248 3.02374e-05 1.09566e-05 2.23524 46.132 0.985566 1.40301 
0.0171682 0.000253276 0.00672824 1.53533 0.0158735 410.705 0.00557062 1.09776 0.0747459 0.274441 0.257064 271.513 1.48508e-05 0.000100364 1.29958 4.23975 2.6132 9.96268 
0.000137729 0.000102179 0.000212061 1.88911e-05 0.000592495 0.0489437 0.039805 3.24854 0.0270257 0.252739 1.80517 355.835 0.00100067 3.20026e-05 1.65253 12.3538 1.23267 5.30656 
0.0375036 0.125128 0.121825 2.05977e-05 7.90582e-05 275.675 0.00306332 1.13372 0.15621 0.979506 1.06755 106.12 0.000118917 6.8583e-05 1.2971 14.2591 2.27474 1.90826 
0.0639254 0.00880059 0.00616708 0.228 0.00420308 0.317097 1.14736e-05 0.0497287 0.00444866 0.289364 0.203245 24.9534 0.0176418 0.000254172 1.8064 31.5578 1.3836 3.49618 
0.000429138 0.75259 1.60164e-05 0.00567431 2.00071e-05 390.155 1.26006e-05 1.76444 0.0516216 1.75626 0.344539 196.507 0.00157664 1.25072e-05 1.57044 44.1059 1.50081 0.919065 
1.03288 9.85836e-05 0.0181082 1.67312e-05 6.59572e-05 301.789 0.00550137 0.346289 0.00268114 0.0959921 6.12437 254.466 0.000276662 0.000250719 0.959017 32.735 2.26627 0.399856 
1.08946 0.0110505 0.00204701 0.000703595 0.0845147 62.6453 0.000107328 0.456237 0.108454 0.0762869 0.0156394 35.2346 3.97033e-05 0.000102262 1.83245 20.127 1.70752 6.15641 
0.000114398 0.00172854 0.000212857 0.00235268 0.000338874 226.918 0.695833 2.6578 0.904833 0.137732 0.00607653 440.373 0.00458601 0.00382946 4.83975 21.4469 1.38214 0.56275 
0.154463 4.70698 0.144496 9.55406 0.00521713 14.5856 5.09473e-05 1.94706 0.244047 117.44 6.11677 334.506 3.88118e-05 0.00574939 1.21749 4.01189 1.68073 8.53362 
0.131383 2.20634 0.000310973 0.0474393 0.000508786 319.806 0.0639804 2.86218 0.65936 56.8607 1.07893 128.68 0.000127191 2.09043e-05 1.04535 32.2068 1.76948 1.09812 
1.84847e-05 0.00131776 0.0130789 2.07394 4.25648 128.458 9.15424e-05 2.51875 0.0893775 13.0686 3.34124 190.901 0.0100866 1.42882e-05 1.11363 8.1914 3.32121 4.57608 
2.34681e-05 0.786598 0.00748287 0.00620072 0.000579839 573.449 2.66991e-05 3.4573 0.244802 20.1589 1.49803 390.018 3.73988e-05 0.000219924 7.3321 35.5316 1.40386 0.484697 
0.13962 4.85204 0.000401025 0.00208739 0.0235736 0.0466132 0.000240371 0.0916574 0.00194366 0.0100019 0.496656 425.435 0.115168 0.0532869 1.68721 18.129 2.06964 0.354292 
0.000766023 0.00228827 0.741752 0.000135811 0.00838541 3.66445 0.000262674 0.070361 0.00427275 0.0192866 4.639 96.0124 0.00192566 0.0636273 4.84969 13.6702 1.00787 7.92305 
0.00543769 1.65804 0.509219 2.89539 0.225409 0.188666 1.96708e-05 1.14825 0.0446086 3.4983 3.69969 65.6757 5.55772e-05 0.00146078 1.33289 13.471 2.65428 9.1275 
0.00504769 5.40255 5.88468e-05 0.000516383 0.0109511 52.3656 6.25332 1.68687 0.283124 0.87483 0.0394842 218.799 0.573655 0.000138631 7.19827 20.0492 1.16069 1.22086 
3.89236 4.49334e-05 0.029255 1.04867 0.00063549 2757.84 7.78221 6.3408 0.440504 1.17133 0.014 205.461 0.000238309 0.00016461 1.73796 23.3265 0.983843 7.21691 
4.81974 0.000794321 0.0102236 3.56179 0.00432312 0.222677 0.0105217 2.68706 0.659304 51.8007 3.16475 393.781 0.00212031 0.000420103 3.51801 7.22368 1.57538 1.25269 
0.227413 9.62353 0.00186985 0.68664 1.27269e-05 1772.66 2.21213 0.333497 0.902694 1.0884 0.0182916 65.2832 0.00821579 0.00358364 2.50763 11.7096 1.06463 3.79209 
1.31518 0.00901609 9.91655 0.178397 0.000135978 95.6 2.679e-05 0.0622804 0.59422 11.4072 0.164109 33.4645 0.00989161 0.000648391 1.67649 23.0247 2.06687 4.29122 
9.99574 6.7576e-05 2.31012 0.000403346 1.77093 0.012368 0.0529277 1.71123 0.0191759 0.496067 0.112008 187.42 0.000205108 2.45046e-05 1.76829 10.9572 1.08821 2.35436 
0.0521159 0.0242723 0.578898 0.422275 0.123167 326.607 0.369895 0.0264457 0.173987 40.5748 2.47329 16.4134 0.0103414 0.000530503 1.89963 26.7784 1.50337 8.48828 
5.4616e-05 0.207783 0.00167326 9.18803 0.00186956 0.0168721 0.000448176 1.29574 0.142991 2.85461 0.136267 22.6432 0.00178733 0.000968606 1.35728 42.135 2.13725 6.88209 
4.68236 0.289106 0.000102881 4.50513 0.000637637 1.33162 0.000760489 4.26549 0.18435 0.0897028 0.019151 93.9111 0.19307 0.000232462 2.13626 21.3427 1.09171 6.10611 
0.129606 0.0445346 0.000268717 0.322095 1.39394 1.81228 0.00898216 1.03342 0.422457 2.35833 0.0264827 21.8227 0.000627712 0.00117921 1.2337 23.0746 1.02732 5.36646 
2.61791 0.00102721 0.018084 0.00439668 0.0769226 141.311 1.40402e-05 0.138862 0.0849288 1.53415 0.0305362 41.3585 0.109871 0.000340095 0.922287 24.9025 2.48008 7.73575 
0.558391 0.00393834 0.057774 4.93269 0.116053 11.78 1.62658e-05 2.22483 0.0326754 0.130084 8.02394 65.4367 1.40768e-05 0.00307945 4.30528 13.725 1.48152 3.84709 
9.64404e-05 0.238349 2.84047e-05 0.00343246 0.00481853 68.9731 0.457078 1.64294 0.614149 26.5434 0.0164065 69.9347 0.500795 0.0135224 1.87707 31.8167 1.15524 2.412 
0.00374308 0.012178 0.0428006 3.39212e-05 0.00358916 1033.69 0.000152708 0.95655 0.303673 7.75821 0.429258 37.7695 0.115056 0.000492567 1.47906 48.9259 1.45717 6.04792 
0.001221 0.00911094 0.140069 1.83026 0.477609 217.627 1.99302 1.29612 0.179735 357.446 2.86638 40.8805 0.000905478 1.414e-05 1.87703 23.4154 1.03088 8.14913 
2.78336 2.50081e-05 3.22572e-05 0.445525 2.15392 112.423 6.31779e-05 2.30398 0.0184852 0.0222958 0.0903279 139.947 0.000846859 0.00188811 1.50012 12.0415 1.11293 2.37922 
0.00313187 0.0468534 0.000848511 0.000616163 0.000477211 0.0431956 0.379963 0.16532 0.303955 0.760855 0.00256924 28.6343 0.0753743 0.000256634 2.12205 16.7786 1.11668 9.30416 
0.0207573 0.0216209 0.0132166 0.319335 0.724377 225.252 0.0629991 2.49178 0.155442 48.7094 2.48513 404.454 0.000237269 6.18113e-05 1.29305 6.13582 1.26384 4.01927 
0.529643 2.56105e-05 0.0216586 0.00128095 0.000928537 23.2203 1.49424 0.0329616 0.272503 42.7558 0.322795 332.273 0.209542 0.000671402 4.78186 5.26325 1.21463 2.17137 
0.000945787 0.000811138 0.0127575 0.00138873 0.0147638 16.5019 4.69556 1.20962 0.0332381 15.1901 1.54205 384.627 0.00175405 0.0565053 1.21922 4.73054 3.07062 2.35512 
2.8799e-05 0.116455 0.115166 1.69581e-05 1.82889e-05 0.0189289 0.000270062 6.66085 0.0548134 1.35494 2.23996 97.0056 0.000219402 1.37724e-05 1.13882 40.6056 1.75295 1.11999 
2.97559 2.29381 0.0362278 0.0627623 0.174697 0.0184635 0.000153835 0.757677 0.0254768 0.815009 5.62694 125.835 0.00696536 8.73568e-05 2.70944 6.42601 1.34084 5.86447 
0.000412583 0.464425 0.00425569 0.0514677 0.0840936 83.1712 0.0593386 5.21338 0.073833 1.63003 4.09204 421.479 0.000759176 0.00308928 3.88082 24.4965 1.24929 1.26851 
0.0119503 0.0168459 2.05147e-05 1.56127 0.235894 0.0617959 6.98922e-05 2.0867 0.00615599 0.0343705 7.00545 200.21 0.000274422 3.06442e-05 0.972701 10.0867 3.1483 3.3986 
0.0372514 0.00502451 8.28219e-05 3.69616e-05 1.0715e-05 1681.74 0.00242705 0.729498 0.0337599 0.627339 1.37498 169.346 4.7085e-05 0.000224795 0.994907 7.74305 2.08824 1.90037 
0.0921605 0.0117627 0.0664668 0.00272726 0.213442 0.0140401 1.65905e-05 8.53286 0.0606873 0.282777 0.65866 129.318 2.61459e-05 0.00364725 4.48768 23.7094 1.07774 1.88628 
0.0253797 0.0185745 0.00245088 1.02191e-05 0.184875 269.674 3.93527 1.08144 0.301131 56.1997 1.09951 165.028 0.0387398 0.000866052 8.14051 43.2825 0.956077 2.40973 
0.450029 0.473029 1.7532e-05 2.21025 0.00357183 217.912 0.0948875 6.90313 0.0110243 0.0237588 1.11155 126.721 7.91876e-05 0.000205257 2.0038 11.623 1.07516 2.53644 
0.00507948 0.00163453 4.34462e-05 0.0497548 5.65689 1147.89 0.00102078 0.736924 0.0597943 0.324523 2.86754 117.326 0.0088641 0.000505593 1.64069 31.4845 1.95143 0.408465 
0.000140808 3.25997e-05 3.35099e-05 0.000472164 0.00712757 2.08539 0.00928047 0.493277 0.92508 4.32438 0.00178399 23.0631 9.99031e-05 1.31783e-05 1.30364 38.446 1.59003 6.18168 
0.00127802 0.0077374 0.0991955 0.000251288 2.23506 0.040951 0.00481379 4.70664 0.306605 1.36308 0.11098 422.795 4.40206e-05 0.00268622 1.74049 13.9017 1.33627 1.58673 
0.00123032 1.129 0.000815802 0.000690286 0.00247916 0.372291 0.00775879 1.16884 0.0130343 0.049921 9.02079 220.193 3.60024e-05 0.000303454 1.18562 44.4973 3.06243 0.439069 
0.112085 0.00642633 6.86138 0.00023915 0.000163651 0.0419396 0.000110387 0.0587679 0.0305576 0.620387 0.0359196 362.817 0.000187108 0.000106062 1.39093 3.1959 1.87191 5.6519 
6.86737e-05 0.115303 0.385896 0.376339 0.0606819 13.1321 8.93118e-05 1.49414 0.299389 47.0626 0.722278 104.718 0.00614342 0.00557413 1.35343 14.4754 1.13238 9.00405 
0.0148775 0.00570092 0.0769172 7.73028e-05 0.344794 2.7585 0.00715266 1.44871 0.678811 1.28252 0.00642883 21.8981 2.85566 0.00150785 1.51534 29.5047 1.28778 7.2609 
0.000527325 0.00216351 0.00117779 0.959101 0.00592362 0.360018 0.470207 0.242373 0.0839707 0.0169639 0.00407815 143.776 0.837147 0.00135801 1.62626 18.7897 2.41504 1.2891 
0.102722 0.00195198 0.000398849 0.00293691 1.61821e-05 7.02553 3.96009e-05 3.25962 0.437249 15.3593 1.31109 345.675 0.000386851 1.89574e-05 2.63137 6.62352 1.13295 2.97155 
2.15322e-05 0.000239392 0.0255527 0.000301582 1.3723e-05 42.6377 4.17584e-05 0.901057 0.0103731 0.0220928 9.48991 208.348 0.000387024 0.0247429 1.04618 15.044 2.21784 1.69672 
0.0839023 0.0101602 0.000113197 0.00342549 0.0053038 518.544 0.0566381 1.41282 0.159556 0.180562 0.0151407 72.5856 0.00307002 0.000264327 1.08775 31.1732 1.87598 2.37319 
0.0824312 0.579926 0.0555502 0.000394944 7.33644e-05 66.7817 0.000124297 0.364976 0.019338 0.0551716 0.0772838 120.167 0.0230797 0.00369212 1.05336 37.4662 2.18078 0.578439 
2.56487 0.000375975 0.00887773 1.09731 0.0303395 697.55 0.814353 0.93659 0.357113 2.15355 0.0301431 265.841 0.000118448 0.000145141 1.11707 3.26092 2.31226 7.04501 
0.000604569 0.0003602 0.00176284 2.19515 0.342572 0.145829 0.298921 0.465549 0.00913936 0.0109254 0.923074 183.306 0.00176728 0.00726859 1.51555 16.7507 1.9991 0.637843 
0.605173 8.25994 0.000131364 1.77229e-05 1.05607e-05 34.2193 3.07268e-05 0.969258 0.0621695 0.291101 1.2471 138.986 0.0149422 0.000951339 1.83512 5.47124 2.06899 9.0824 
0.00229085 0.0300426 0.013121 0.00145811 0.108817 275.173 2.96117 7.29317 0.0428923 7.17557 1.7518 458.932 0.276116 0.000400811 1.08963 43.4951 1.45978 1.27234 
0.00250553 0.00346201 9.00782e-05 0.000225276 8.10533e-05 704.431 7.96277 0.0373784 0.0531624 2.37008 0.0450597 278.032 0.258477 0.00837279 0.999323 17.7585 3.06215 0.663729 
0.0210718 1.42214 0.00731209 0.00792155 0.0974717 96.5527 0.00545304 0.0814154 0.0021805 0.0206949 5.58467 434.486 2.53133e-05 0.039637 2.18951 6.21601 1.64338 0.803475 
0.0214075 4.87202e-05 0.00135884 1.74389e-05 0.00395879 0.689047 0.000373125 0.769029 0.217456 0.731335 0.198199 210.286 0.18167 0.00023842 1.81613 45.3553 2.08312 0.380745 
0.793034 7.60437e-05 0.0311343 0.170423 3.78973e-05 1443.43 1.63197 0.60546 0.0106036 4.92011 3.06253 236.022 2.23985e-05 1.87217e-05 2.75274 31.9954 0.927961 0.882506 
1.32934e-05 0.20707 0.0592243 8.24058 0.00414252 14.3178 0.0015539 4.73852 0.140916 4.28808 2.25914 216.006 0.00139349 3.71138e-05 3.87107 20.0003 1.42166 1.10705 
0.012095 9.05691 0.00360041 0.0730606 0.0182964 186.995 0.000160441 1.18408 0.591318 0.423587 0.022232 110.172 0.00315627 0.00189121 1.11021 12.9522 1.84728 2.06879 
0.000788371 1.09662 0.00662972 4.09982 0.0451652 487.964 0.00560873 0.0850382 0.277295 221.619 1.20103 357.805 0.00014388 0.000229526 2.71143 33.9346 1.4759 0.188179 
1.07445 0.000145532 7.33643e-05 0.759231 1.79076 0.0361951 0.0161584 4.91535 0.0439109 0.718432 0.835048 82.9328 0.00434258 0.0481244 1.47121 14.243 1.50882 8.59377 
0.00388765 0.00056971 3.11903 2.28715e-05 0.00252036 94.5878 0.0416862 6.11678 0.238435 1.30126 0.0889639 161.204 0.00300042 0.00230263 1.63034 42.6162 1.71715 0.920079 
0.0444591 0.0380637 8.53559 0.0179302 1.24105 0.359063 0.0824053 1.79242 0.106889 6.62894 1.26256 394.132 0.0804348 0.00230665 1.38705 7.85342 1.18958 1.38652 
0.00042934 0.00236646 0.0202097 3.15415 0.19245 1734.32 0.00072113 0.0591958 0.0428364 36.2178 2.45233 402.618 0.000471158 0.00206111 1.77126 1.71515 1.08826 7.12913 
0.0829648 4.15707 1.22745 0.000520345 8.08406 1867.1 0.000230651 6.13013 0.354406 10.7061 0.0233602 315.057 0.0086855 0.00311146 1.15978 16.3584 1.62012 7.36736 
0.886727 1.58779 0.0475306 0.0578795 0.000211964 0.0704903 0.0208762 4.39994 0.236469 0.0863834 0.00803739 26.3501 0.0171037 3.3825e-05 1.35938 32.005 1.00428 6.62035 
0.0837243 0.585721 1.6241 0.00559939 0.296381 0.0969122 0.00297571 7.42448 0.00344793 0.0192282 8.51094 400.64 3.82148e-05 0.356176 1.9836 16.6718 1.68361 2.48766 
0.024903 0.00013026 0.00588209 0.0112205 2.03619e-05 4.08321 0.0367994 0.763542 0.364275 5.38185 0.0864915 35.0223 0.00142519 0.000141724 2.26304 37.6832 0.907223 3.77579 
0.0932238 0.000822972 4.20206 0.157087 0.000151085 0.598649 0.154586 0.499559 0.0797058 0.425626 0.0971864 187.028 0.0889643 0.00589529 2.18632 38.2467 1.33456 1.14517 
2.98054 8.14817e-05 0.0493774 1.51779e-05 0.000154835 464.22 1.1662 4.39399 0.0940568 53.5448 5.96632 211.509 0.000322397 0.000122577 1.07031 35.8262 1.73161 6.27675 
4.03116e-05 8.51037 3.58871 0.0260528 0.00323713 1.54779 0.00206742 0.122427 0.79937 124.764 0.601637 419.425 9.31252 2.27763e-05 1.96508 16.3225 1.96831 0.442054 
0.0812587 0.240779 0.0085598 4.28324e-05 0.00377163 0.02517 0.0564262 3.69163 0.97593 309.504 0.663893 405.094 0.000232588 1.48985e-05 2.63371 37.5028 1.08353 1.05994 
0.00567994 0.0140158 4.25125 0.000114082 5.31116e-05 6.34276 0.0068582 0.25868 0.0485387 1.41782 0.820671 54.9293 0.191937 0.00109421 1.61911 15.9511 2.23191 6.01126 
0.559262 1.77631 1.60894e-05 3.17053e-05 0.0153139 1.37836 5.49993e-05 0.954572 0.497991 26.1368 0.0924613 337.534 0.297193 0.0447167 5.23495 13.131 1.53252 0.916601 
0.0133868 1.73175 0.000184952 0.000205301 9.37183e-05 27.6865 0.000579822 8.84501 0.21243 45.1923 4.72553 322.981 0.000500393 0.0690375 1.95846 13.0605 1.59082 2.89607 
0.622596 0.00224324 0.0069534 0.192912 8.44544e-05 777.157 4.77401 0.841054 0.889902 0.750302 0.00236118 164.77 4.66715 7.35782e-05 1.04615 5.55384 1.761 3.75495 
0.0198051 0.00120099 0.000150616 0.00320268 0.00127092 1.43987 0.158645 0.267997 0.0237695 0.15749 5.20274 32.8553 0.000102613 1.28066e-05 1.57649 28.9227 1.58447 3.38649 
0.000150294 0.000501366 0.00428297 0.00809673 0.138845 6.77493 0.0292842 5.05441 0.0333573 0.435428 0.554079 109.497 0.00124821 0.000295406 1.73082 30.4844 1.2371 1.89622 
1.91292e-05 0.00161457 0.000172681 0.000301174 0.00127778 2423.26 0.139668 8.69672 0.643719 11.7349 0.0410284 358.084 3.30053e-05 0.00033769 1.64663 27.8437 1.10704 0.934217 
0.00987678 0.250447 0.0513483 0.0340969 3.29812 0.0222069 0.01972 1.1113 0.0361363 0.149172 0.127962 488.585 0.486628 0.000131621 3.27167 1.9659 1.00958 4.32269 
0.0110636 0.0378464 0.000186821 0.000678756 2.50264 0.0102273 6.05298e-05 0.578462 0.00147509 0.0106068 2.73269 289.997 0.0426693 0.000263454 1.33661 4.23834 1.82568 2.39205 
0.000207767 1.856 3.83852 9.02945 8.97272e-05 193.67 0.469605 1.65097 0.127015 139.014 9.57549 368.272 0.00198768 0.0134098 1.01815 18.7959 1.582 3.51206 
0.00108892 0.0014864 0.761716 0.443902 2.34014e-05 207.899 1.38167e-05 1.6753 0.599165 23.6108 0.715463 422.573 0.00104291 0.00816699 2.46563 12.5188 1.21326 3.75483 
0.0478112 0.351122 0.0888364 4.18464e-05 0.598069 70.2387 0.00165267 0.488323 0.166171 4.87582 0.175646 353.548 0.00242206 2.25576e-05 1.38799 12.5152 1.68415 1.14764 
0.225603 0.0188022 0.00385442 0.885372 1.19208e-05 34.7984 0.000115811 0.132091 0.0327672 0.928541 4.67177 125.4 0.205799 0.000294096 4.96729 15.4399 1.4157 1.74802 
0.0991469 0.0625565 0.000379835 0.0023135 0.000148164 47.9404 0.0187947 0.138694 0.103088 3.03639 0.244084 34.3056 0.0913803 1.75481e-05 2.7003 28.5402 1.66188 6.33974 
2.96298 1.22592e-05 0.00050952 0.00034664 4.15247 3.28776 0.00930208 1.36117 0.0678672 4.39221 1.89386 252.645 0.00565952 9.05131e-05 4.55119 6.71702 1.06574 3.94678 
0.000775003 0.00805555 4.93359 0.000639316 0.00480969 94.3265 4.52333 0.227014 0.068677 0.2154 0.00129857 18.0706 0.018944 0.00143747 1.38927 39.4292 1.43268 4.33393 
1.35583 0.126823 0.00459192 0.00727091 1.51555e-05 5.51588 0.35782 2.13709 0.322726 4.245 0.135882 191.636 0.275839 8.78345e-05 1.97342 14.7348 1.34237 1.8078 
0.000231976 0.0069423 0.644512 0.523389 0.000843479 25.5041 0.0590239 0.932316 0.878737 6.86921 0.0678047 213.17 3.42881e-05 0.0168913 2.34715 8.2026 1.35493 5.26269 
0.000355424 0.00067579 5.3538e-05 7.52313 0.00179134 16.5769 3.82217e-05 0.460101 0.134997 1.74057 0.795257 133.311 0.00925932 0.00202193 2.09562 16.3099 1.47383 0.789858 
2.03177 0.208447 0.000178429 0.000997566 0.0200739 0.233191 0.000976108 0.589339 0.360158 176.928 0.118184 28.6789 7.7086e-05 0.000110518 2.06173 31.3375 1.65876 8.72117 
0.00703398 1.4807 0.0174661 5.98125 0.0196879 1010.41 3.9855e-05 7.82538 0.563921 139.462 2.56428 142.88 0.0319523 0.000165437 2.64754 13.6083 0.884607 3.76369 
0.0338928 0.00442343 0.296924 0.159629 4.74299e-05 0.686176 2.04175 1.03145 0.182447 0.0861821 0.0154098 312.851 0.251774 1.05146e-05 4.25453 9.65422 1.17587 0.997724 
0.0205485 3.92684 5.57241e-05 2.12266e-05 0.000378274 2.97448 5.42509e-05 0.133729 0.0747727 0.56222 0.179983 51.3588 4.97227e-05 4.54781e-05 1.34257 13.1821 1.70332 8.7717 
1.26101e-05 0.0137374 9.48354e-05 0.0019958 1.8917e-05 153.419 0.00327696 0.429214 0.0349165 0.422806 0.979353 50.0637 0.00542719 8.49312e-05 2.15149 23.3546 1.72683 3.12761 
0.0511801 0.000116035 3.25795e-05 8.76248e-05 2.7706e-05 1411.97 6.35319e-05 0.497705 0.216824 2.88625 0.0323025 469.493 0.384314 3.01128e-05 0.846783 3.71687 3.28831 2.36714 
1.1121e-05 0.000136466 0.404137 0.0024443 0.0376736 74.42 0.00132461 0.487729 0.628273 16.4586 0.226023 209.615 0.00306032 0.000884099 7.86875 5.35988 1.09969 8.58794 
0.344687 0.00137759 0.00165405 7.84005e-05 0.0725221 0.0166874 0.00587451 1.29697 0.0336308 0.1209 0.13775 377.902 0.00402815 0.00775171 1.13355 33.2016 2.27975 0.33331 
0.0395623 1.42921 0.0344938 0.00114658 5.8965e-05 11.2837 0.0138097 0.405645 0.0282048 0.340239 1.40639 271.189 0.0112125 0.000156493 2.01149 3.25382 1.52935 6.70653 
0.0991951 0.0722125 0.000388931 1.20342 0.119601 6.72553 0.334933 0.512933 0.0343043 3.18664 0.419196 264.379 6.253e-05 0.00432697 1.43066 12.4245 1.87686 0.881543 
0.000622411 0.2188 0.000369736 0.0567504 0.000507442 0.0345561 0.0996999 0.734951 0.263931 0.0474311 0.00767785 495.92 0.00389311 0.00011563 1.27341 3.50509 1.63135 3.33496 
0.734214 0.249774 0.000158263 0.000904871 0.00023902 9.15796 0.39711 5.63272 0.767689 42.1468 0.0904777 300.418 0.0635185 7.7562e-05 0.84125 22.4554 1.65349 1.07572 
0.000195567 0.000276896 1.68458e-05 1.70488 2.43586e-05 1313.17 0.000135082 0.386541 0.093508 52.254 4.45399 42.9962 0.146043 0.00119548 1.63801 32.4546 1.30858 1.44607 
0.000105486 0.000156624 1.27059e-05 0.000178912 0.00172024 1.77087 0.341349 0.230647 0.0850133 0.0526228 0.0526136 356.371 0.0125501 0.000124958 4.21199 9.85748 1.14275 1.26438 
0.00687562 0.0176108 8.72819e-05 0.000181019 0.253065 13.2429 0.42933 1.06981 0.0153857 11.4652 9.38685 152.696 0.0186299 0.00390412 1.03016 7.19582 2.64641 7.82042 
0.0957174 0.0843919 3.07721e-05 3.03708e-05 0.00612745 14.3892 6.6165 1.7578 0.43518 62.094 1.84813 39.2586 0.000545996 2.00579e-05 4.51766 44.3377 0.982017 2.0865 
0.00856917 0.000265896 0.0376591 0.0149204 0.00415901 2735.39 1.53904e-05 0.208292 0.0474629 1.09739 0.0607412 94.4247 0.0283765 0.00809403 4.0878 16.2665 1.20009 1.34805 
4.77929e-05 0.0700818 1.21397 0.00399106 0.0433466 0.151184 0.000191628 0.527416 0.0306956 1.08219 0.435554 46.6978 6.96812e-05 5.12729e-05 1.19445 25.0493 1.49778 2.22953 
0.00113684 0.0482048 0.0586935 0.000549247 2.485 0.0388792 2.43444e-05 3.68899 0.0164198 0.114969 0.343207 282.754 5.97741e-05 1.21134e-05 2.46934 11.0883 1.25948 1.27796 
1.12794e-05 0.00026453 0.375581 0.000260956 0.000291978 0.288419 0.0647291 0.149569 0.00783054 0.0221296 0.633873 205.507 0.0171191 0.00226231 1.0979 13.9046 3.35356 1.60653 
1.59723 0.000766692 0.544651 0.00013476 5.83063e-05 39.5756 0.000175923 0.752008 0.168924 0.770388 0.00632369 172.123 0.118061 0.00740882 0.97627 19.3049 2.40581 2.66193 
0.342096 0.799352 0.436098 0.000411593 0.292642 9.96695 3.36648e-05 1.10857 0.0376964 4.53995 2.96368 207.636 0.000295572 3.49336e-05 0.871915 15.427 1.99437 2.29107 
0.0596348 0.00433262 9.46321e-05 1.20056 6.69927 0.0213237 9.92914e-05 6.40877 0.0408098 0.0806824 0.762826 86.7376 0.0292689 1.45851e-05 1.99568 44.203 1.55 0.825366 
0.402919 0.000321342 6.00371e-05 0.00148334 2.25895 0.625773 0.00159661 1.97836 0.243127 6.48882 0.0750643 182.915 0.000489948 0.000807904 1.25948 18.0812 1.12537 2.10187 
0.0120672 0.00200377 6.18964 0.0059314 0.032495 2.51759 0.269745 0.359318 0.685764 6.53236 0.0532552 138.379 0.00192039 0.000901155 3.95194 18.5083 1.15819 1.3112 
1.02496 7.26112 3.56885e-05 0.322745 0.0199678 1.67368 0.789677 0.841045 0.0911833 0.450987 0.387366 216.322 0.0139561 2.68581e-05 4.69326 5.85671 0.950954 2.87956 
0.00400936 0.381934 0.450695 0.000204111 5.60637e-05 0.0171881 0.642776 0.212046 0.0362378 0.356726 0.31429 251.458 0.254133 0.000289481 5.29846 16.289 1.36588 0.855777 
0.025437 5.77126e-05 3.52492e-05 0.944422 0.0036958 659.904 1.88029e-05 0.0484944 0.0227086 2.09313 3.47403 151.299 0.000471675 0.0631696 1.57134 13.9563 3.04558 1.79235 
0.00382323 0.0608711 0.0105601 0.108663 0.00806146 848.565 3.80763e-05 3.62205 0.0120496 0.0781091 0.232624 395.564 0.362387 0.000655662 2.15701 5.74271 1.68919 1.24492 
0.0597829 3.12711e-05 0.000173042 0.00626575 1.74625e-05 2337.34 0.321655 0.141616 0.00593975 0.170752 1.30604 452.108 0.000308961 0.0691493 1.42795 8.10797 2.03468 0.998634 
0.000101697 1.80145 0.00748155 1.91381e-05 2.2279e-05 0.339944 9.97404e-05 0.0622322 0.0319555 7.16427 3.64606 482.071 0.0432155 8.94347e-05 3.32994 6.05713 1.3001 1.05228 
2.71239 0.000110651 0.0527985 0.000329128 0.0237218 96.5884 0.0178876 1.58497 0.0453285 0.261487 0.231714 457.856 0.00444004 0.000713043 1.95949 45.4225 1.27941 0.615506 
0.00295671 0.00278942 0.000946029 0.0436466 0.00342142 83.7335 0.000242997 0.9009 0.188558 171.764 9.14847 189.201 0.000724788 0.000887042 1.11172 10.2893 2.7433 1.90669 
2.24496e-05 0.00195514 5.54448e-05 0.0153352 3.2461e-05 924.494 2.15466e-05 0.805136 0.0764691 19.5712 6.80536 218.558 0.320698 0.00241781 1.27445 6.81672 1.9392 4.40301 
0.00101741 0.285122 0.000315697 1.50474 1.24397 531.945 0.0132583 0.0996766 0.11598 0.445128 0.0393722 31.8018 4.8025e-05 0.0119998 2.55092 24.2514 1.09034 5.24625 
7.42983e-05 8.15221 0.00578837 0.227686 3.10784e-05 1.85904 0.000132593 3.40655 0.195236 30.1591 3.23347 289.32 3.18851e-05 0.00437556 2.07266 17.4712 1.36348 1.34664 
0.254583 6.12612e-05 0.081436 0.0103219 1.0325 364.292 1.56443e-05 3.21779 0.109986 4.78474 5.00223 310.392 0.000205369 0.0213109 1.49637 6.23998 1.47785 5.88199 
0.0015829 0.000333354 0.78968 0.778837 0.978539 35.0609 0.0026378 5.87549 0.0451566 0.137045 1.58221 196.959 0.000168671 0.000329746 1.84299 16.1273 1.59575 5.78503 
0.000696856 0.013249 0.0607911 3.10481e-05 0.000468749 40.5653 0.036646 4.26275 0.00964884 0.11551 1.08089 391.902 0.0123129 0.000335495 2.30118 43.3866 1.02686 3.1039 
1.29802 3.32688 0.287171 3.58704e-05 0.00168341 7.91701 2.11196e-05 0.598157 0.351734 61.2593 0.504101 94.8321 0.768982 0.000618846 1.06963 43.8076 2.55523 1.25143 
3.3978 0.812446 3.87175e-05 0.057909 8.60943 0.0891753 0.00164593 1.38909 0.0213213 0.0299272 0.0988962 350.426 6.96414e-05 0.00201892 2.33959 12.8079 1.4077 0.547394 
1.83611e-05 2.38901e-05 0.000883076 0.000855301 0.279708 73.6465 0.381513 0.230736 0.487156 3.95606 0.0387566 466.525 0.00012682 0.00607728 1.85366 15.9368 1.28966 0.508415 
0.00566491 0.460804 0.0797974 0.00577358 9.09798 137.199 7.38853 7.7718 0.273536 0.572888 0.0156791 55.9378 0.00675923 0.000293772 0.909702 46.9261 1.36604 2.56561 
0.0438183 5.60826 0.00547882 2.25336e-05 0.00277451 11.0433 0.000149799 5.33319 0.944956 136.832 0.862967 488.698 0.00135381 0.0053575 1.96624 40.5836 1.81286 0.274263 
0.862946 1.62534 0.00138191 4.9896 0.410666 190.572 1.70899e-05 0.46945 0.256423 0.600287 0.0628052 96.5807 8.62034e-05 0.00225134 2.87629 26.0449 1.69587 1.12742 
0.425995 5.94825 0.00396864 0.00968186 0.0144775 1211.89 2.77869e-05 0.861185 0.00457803 0.0172077 6.08973 56.2523 3.55573e-05 0.0166623 2.65257 21.7481 1.4996 5.0494 
0.0193548 3.08967 0.0102391 0.0889375 0.142759 294.003 0.0572675 3.9128 0.00646412 0.142514 2.76187 85.7103 2.52539e-05 0.00486532 0.832668 33.6413 1.92895 1.3188 
0.000176346 0.0105992 0.00214223 7.73994 0.0960261 11.6455 0.00233535 2.48148 0.167681 0.808581 0.0458948 383.393 0.00241811 0.00248811 1.39778 9.75043 1.22811 3.07202 
0.00217243 0.0530054 0.00293502 0.00047547 3.64867 0.410154 0.00924486 8.79361 0.127352 24.1145 0.72865 334.845 0.00028789 0.0679732 1.63271 15.4377 1.83431 1.19046 
0.000649258 0.000167273 0.000217847 0.00706348 0.000136634 3.92524 0.0839731 1.19858 0.00510173 0.0821351 1.60753 434.393 0.614186 0.000225648 2.92208 37.4689 2.25684 0.160142 
4.62202 0.00740566 0.451919 0.00168706 2.22177 62.6304 8.20379e-05 1.50977 0.0819882 0.0382746 0.0580746 198.041 1.09855e-05 1.48938e-05 2.63137 37.1378 1.45609 0.722922 
3.73072e-05 2.79689 4.59059e-05 0.0942482 1.64248e-05 11.7274 0.000811693 0.392146 0.436575 3.20967 0.0399706 326.985 0.0140446 0.000224421 1.98713 11.4492 1.4334 1.13638 
2.21926e-05 0.122617 2.85488e-05 4.06243e-05 0.442986 375.087 0.00928501 6.15968 0.812929 1.42388 0.0487919 89.517 0.000157067 0.000303546 1.47027 19.9675 1.36215 1.69432 
1.02284e-05 5.35063 0.413747 0.151461 1.35295 0.0355797 0.0235503 6.1931 0.124488 53.7731 4.24154 97.2361 0.00116359 0.00230292 2.10051 9.85944 1.14969 4.84759 
0.138914 3.27694 0.648209 0.0676027 1.70802 1.29156 0.385451 1.39624 0.012069 0.19959 1.38468 19.2998 0.00399722 0.000121084 0.96308 48.8095 1.71153 3.5621 
7.54648 0.026745 8.3646e-05 0.00379486 2.41465e-05 432.669 0.350361 0.0726804 0.012943 0.157649 0.192479 396.131 0.249224 0.00116702 6.5464 7.04738 1.13416 1.80173 
0.00339868 5.52864e-05 0.000547379 0.0267381 1.14175 0.0297267 0.0965476 2.73347 0.0381137 0.416161 3.27454 456.825 0.000149801 0.000500423 2.40635 1.32364 1.13999 8.60369 
5.14267 2.38013e-05 0.181799 0.000391059 0.000347092 0.0268316 0.00357721 1.24123 0.381766 118.835 5.21956 42.3872 0.000189006 0.000171199 1.21032 48.9021 1.68682 2.82727 
4.70132 0.00377418 0.186597 0.00115968 0.000995426 66.5469 0.000258325 0.116686 0.0280269 0.287251 0.579041 276.163 0.0234547 7.59692e-05 4.38031 8.23681 1.08568 1.01965 
0.000105257 0.356877 0.00774121 0.000847706 1.22319e-05 1.9857 0.00104418 0.80425 0.0252574 0.0845047 1.13394 53.705 0.00488797 0.000273577 2.56792 14.4306 0.928328 5.7986 
4.08279e-05 0.00140227 0.00806448 8.08626 0.0817372 1.30216 0.0613342 0.948356 0.421974 0.866806 0.0124019 39.3872 0.000139425 2.97329e-05 1.79761 32.3611 0.984121 3.78937 
0.00468277 0.00447744 0.421891 0.000374703 0.0028448 2938.96 2.68918 2.5173 0.10489 2.22912 0.0325394 445.975 2.39916 0.0159665 1.2448 8.04212 2.15034 5.16359 
0.0131562 0.0367002 0.0026091 0.00463665 0.475419 132.504 0.00575141 1.29794 0.101112 8.01396 1.09974 375.235 0.000202402 5.0233e-05 1.18378 2.77697 2.09814 1.94846 
0.00603884 0.0266811 0.00301478 4.0713 0.000126608 0.116856 0.00125087 0.0317699 0.0802295 173.769 5.97338 66.7201 0.000236158 0.00885798 1.5824 19.9209 1.24245 1.3854 
0.0146645 7.52309e-05 2.00816 0.000353477 0.0237524 237.989 0.0468655 0.101406 0.0190708 0.0311314 0.466947 181.051 5.93391e-05 0.00023633 1.11043 35.5679 3.43291 0.670071 
0.000106566 0.0181494 0.0104889 0.0006332 6.13647e-05 201.802 9.1937 0.169769 0.0535575 0.405269 0.548324 191.84 0.214915 3.32418e-05 1.48385 4.50578 1.73923 7.16614 
0.00261208 0.000182359 0.0046799 0.0159865 1.49797 0.101901 1.47096e-05 2.37771 0.076162 2.88651 1.95639 478.726 0.000915345 0.000274519 1.28438 16.1072 1.42582 1.10719 
5.64706e-05 1.19467 2.73732 0.023938 0.00619483 15.4346 0.00165762 0.480595 0.174455 6.03978 0.90216 131.566 0.00716421 0.0130123 1.74624 13.235 2.32226 1.34758 
0.000628792 0.0020423 1.0554 0.184786 1.71841e-05 4.60092 0.000815866 0.133629 0.202021 47.9028 4.1762 21.4237 0.000505689 8.01348e-05 1.03358 27.9364 2.15398 3.90798 
0.000136826 0.000197528 0.00309231 3.91158 1.09904 0.0923744 3.38161e-05 0.603177 0.0458775 0.795883 0.134445 84.1122 3.68401e-05 0.000930258 2.32536 39.8867 1.78302 0.956328 
0.000121265 0.00156246 0.295744 0.191453 1.09142e-05 301.436 6.20476 2.74726 0.17783 1.40778 0.304745 375.049 2.75385e-05 0.000348855 1.69837 9.94613 2.19695 0.653732 
4.09464 0.000669487 0.0259726 8.2058e-05 0.0149425 941.914 0.000191298 1.38048 0.152161 5.48266 1.7515 142.996 0.000331541 3.17708e-05 2.52946 20.9646 1.63342 1.04495 
0.643418 0.165928 4.23431e-05 0.205429 0.0158828 27.9503 0.0002394 1.40939 0.482637 5.22737 0.335686 219.441 0.00486545 0.0103499 2.73265 6.29987 1.22807 4.55856 
0.000181168 1.0903e-05 0.0787893 0.0561009 0.00734187 2.1067 5.36927 4.21527 0.384303 3.99434 0.232026 97.4623 0.0250928 0.00336908 2.25553 29.8135 1.65535 1.67936 
0.000581782 0.00309452 0.354205 6.68226 0.503802 0.0127762 0.000238498 1.47693 0.153349 0.44388 0.152939 76.172 0.00213806 5.54337e-05 1.68444 9.77069 1.45897 9.19994 
0.404181 0.000110194 0.000850285 0.00792192 0.00142046 297.013 3.07727e-05 1.47531 0.331124 0.375496 0.0229165 486.573 0.0202138 0.00261138 1.98268 1.86239 1.24288 4.4023 
5.14978 0.072355 0.00231268 0.000291808 0.00100245 4.26644 0.000220998 1.87088 0.0252999 1.27833 1.33332 442.814 0.00128741 0.0137547 1.31806 4.98951 1.09357 9.71735 
0.0513724 3.28458e-05 0.00418848 0.000106998 0.00886428 1958.33 1.9267e-05 3.91416 0.467424 17.4206 0.794997 335.489 0.00428514 1.26162e-05 1.93083 15.1194 1.8627 1.32154 
1.64537e-05 0.062652 8.06633e-05 0.00413591 0.0807657 44.9283 5.03092 0.100466 0.0331797 0.274266 0.269244 280.05 0.0281643 0.000193626 1.30327 18.7294 1.70942 0.739327 
4.91068 1.8154e-05 0.0567806 0.000148409 1.45522 68.8964 0.000967093 9.25441 0.0489705 0.773407 0.431728 91.103 0.000106687 0.00173987 0.929222 31.0063 1.87335 3.28132 
7.62161e-05 1.47859 0.000417349 0.180534 0.31487 1468.82 0.0159699 0.844631 0.26455 144.713 0.352868 379.331 0.624969 0.00315864 1.55856 8.51668 1.31209 1.61004 
2.77558e-05 6.91268e-05 0.00959363 6.94103e-05 4.67352e-05 0.384249 0.0263308 0.333099 0.0462592 3.94369 0.123326 30.4974 0.00700133 0.000116508 3.47736 22.3826 0.79513 7.37807 
4.81974e-05 2.02355 4.15606 0.000150037 0.00194194 1226.21 1.23005e-05 0.593013 0.70648 3.24039 0.0301442 165.416 0.0480475 0.00210194 3.18334 4.10723 1.04843 5.01468 
1.16917 5.13677 1.54513e-05 6.94623e-05 1.72579 115.938 0.610921 0.581866 0.0520161 0.535604 0.229256 45.2204 1.34557e-05 0.000197956 1.48478 22.8646 1.71106 2.58626 
5.30185e-05 0.00141148 0.243439 0.0011923 0.000457111 748.348 1.42049 1.06432 0.0917911 0.218529 0.186056 51.8557 0.00164502 0.00199386 1.87928 37.8388 1.51555 2.41614 
1.42869e-05 1.99822 9.63669e-05 0.0390258 6.40346 105.237 1.36019 2.34598 0.0125159 0.200709 1.68091 332.817 0.000822137 3.12476e-05 1.01905 29.5066 1.60113 0.586554 
4.57628 0.000314703 0.000426919 0.00357235 1.8098e-05 1440.62 9.9981 1.70799 0.0489184 3.56938 0.837916 135.024 0.00296798 0.000113267 1.92156 40.757 1.0973 1.94975 
0.0961275 2.89481e-05 0.000629568 5.05053e-05 0.11948 534.919 0.0246815 4.477 0.350464 8.53288 1.18938 303.376 0.00303572 3.38723e-05 2.11399 11.8718 1.17845 3.2866 
0.0189439 0.849916 0.00109531 8.75895 7.88372e-05 1861.22 0.0656892 4.62383 0.0356561 0.442011 2.14349 424.034 0.0109668 0.00635881 2.62667 7.33526 1.2199 3.0526 
0.00285306 3.11778e-05 0.184669 0.0756669 4.48271e-05 0.561204 2.01155e-05 9.46028 0.0368567 5.19849 3.5772 404.696 3.35732e-05 0.000156757 1.11321 47.2995 1.24537 0.685067 
3.07093e-05 4.38423 0.00149833 8.53813 0.000175728 0.672529 0.00168847 1.91707 0.0238154 0.0988336 0.256766 240.566 0.000119945 0.00951804 2.34767 22.2899 1.28582 0.5215 
0.00166486 0.169153 0.204455 0.000106659 8.56558 1227.41 0.00431555 0.316853 0.0818461 1.715 0.304541 196.202 0.0866919 3.23384e-05 5.42948 39.5531 1.63915 0.482131 
0.00483399 0.000292672 1.03358e-05 0.000261792 0.0576636 96.8613 0.0613955 0.756537 0.819371 3.03386 0.019535 241.15 0.00559046 0.00117574 1.20165 18.0214 2.21332 0.791375 
1.56314e-05 0.000682816 0.106488 0.000111448 0.000434544 44.5145 1.06264 0.0327987 0.239583 2.24618 0.0549767 73.1865 1.05089 0.00452508 3.1497 14.5329 1.10334 5.68792 
0.00265398 0.00143917 0.00663389 8.93199e-05 0.00312448 3.12165 2.13522 0.476986 0.05194 3.74477 1.10118 247.758 0.000104038 0.00299888 6.50495 36.7648 1.2221 0.455427 
6.81841e-05 1.31849e-05 0.0040781 1.00183e-05 0.00105033 31.5468 0.249099 7.70218 0.86735 253.804 0.48543 210.275 0.596459 0.000143289 2.24885 28.7132 1.43624 0.468572 
0.00143093 0.0389461 1.36442 0.000425828 0.840433 0.123123 1.69586e-05 1.42798 0.0192116 0.785433 1.7575 338.109 0.40011 1.41003e-05 3.62006 5.25416 1.24504 2.50743 
0.804493 0.0688382 0.00754406 1.94154e-05 0.00257829 1.4935 0.174421 0.223703 0.502538 145.928 0.663981 114.379 3.874e-05 0.0216429 2.0212 16.2678 1.92546 2.05444 
0.886805 4.87175 0.0020719 5.74977e-05 0.0784899 564.363 0.0123396 3.3126 0.338692 4.07549 0.038003 437.233 1.60766e-05 0.00146141 1.43385 15.0386 1.42462 5.06978 
0.561845 1.41908e-05 0.00238136 8.9977 0.00509962 1519.33 1.24873e-05 4.96886 0.13778 0.136733 0.0538596 407.983 0.00214265 1.03264e-05 2.05139 15.4143 1.26332 0.503588 
0.0462105 0.00195549 0.0102464 0.0288189 0.000112153 7.46309 0.17163 0.295485 0.200171 11.9224 0.573216 46.6454 0.0170263 1.56271e-05 3.11443 30.5509 1.026 3.25363 
0.278884 2.9557e-05 0.00162805 0.00264056 1.03141e-05 779.969 0.00414715 1.24015 0.0051309 0.0542287 1.5863 175.414 0.00347668 4.20375e-05 2.18526 42.7408 1.55203 0.991988 
0.0697163 0.00466787 4.57087e-05 0.000414409 0.140478 37.8776 0.00075327 6.17774 0.169946 2.47277 2.78874 441.609 0.124126 0.000849532 1.87834 3.10183 1.34131 2.23776 
4.73783e-05 0.000252423 2.97309 0.000169241 3.47241 520.386 0.00274898 1.91301 0.0255101 0.402691 1.06233 494.968 6.4076e-05 0.0178163 4.25284 49.3438 1.44436 0.565805 
0.26815 0.00534178 0.000232464 3.3385 0.000108346 0.0472559 0.131921 0.481829 0.0847909 3.89471 0.0771392 170.052 2.95534 0.0812581 2.14259 5.031 1.75026 9.22629 
7.93587 0.0146586 8.31984e-05 2.69988e-05 4.11385e-05 10.8942 0.0215022 0.364777 0.0195471 0.154402 2.63027 240.347 8.54888e-05 6.67744e-05 1.23093 4.60845 1.35679 4.85378 
0.00798323 0.989042 0.00346458 5.7797e-05 0.0315756 14.6142 1.83374 0.140077 0.00387082 0.0409758 5.67576 40.59 0.000144941 0.00469184 4.5373 44.3606 1.18028 2.28832 
0.322845 0.237946 2.50133 0.00101944 0.723449 0.38111 0.079921 4.2786 0.140308 5.31591 0.710325 20.5895 0.000555821 0.00224789 1.28223 42.9626 1.14854 5.25159 
0.00019736 0.0345759 0.00368872 0.000221642 0.00182165 1.72037 0.000440982 0.984366 0.099458 4.96197 0.849851 369.842 1.13496 0.00994597 1.22798 22.6054 3.81019 0.596106 
0.000787184 8.07117e-05 0.00326263 2.66446 0.0460836 577.782 0.000179418 0.365917 0.0961915 17.3117 0.188274 145.185 0.00124016 0.000190228 1.71275 10.0302 1.06353 2.68151 
0.000160302 0.629469 0.015104 0.00159021 1.1774 53.9516 0.000553489 1.6835 0.195097 183.573 3.94545 116.634 0.136241 0.0453861 1.02549 35.578 2.54563 0.640592 
0.0193909 0.0166327 0.0176721 0.50163 0.285432 15.4505 0.000118068 1.8192 0.594017 118.278 1.0353 281.58 0.018761 0.00023693 1.43521 14.7675 1.62967 1.06671 
0.0924855 2.7486e-05 0.00138848 9.52947 7.15803 0.0303697 0.000509724 1.81175 0.293109 3.71263 0.0786141 94.4425 0.00485579 1.67193e-05 0.930067 45.1328 3.64772 1.37453 
0.000731816 0.000667529 0.332309 0.00431171 0.000168889 0.368065 0.126346 0.475332 0.816218 1.44141 0.00116451 148.984 0.393576 0.00626912 2.49603 9.70944 1.26151 2.18557 
0.038045 0.000235009 0.000237676 0.901638 0.233684 702.618 0.00023171 0.535074 0.0302781 0.293997 1.38608 164.185 0.166765 0.000110988 1.85229 14.7991 1.46055 0.839952 
0.00092321 0.00010838 6.0866 6.81498e-05 0.878727 0.386388 1.28089e-05 2.86015 0.471697 48.2249 0.612629 481.333 0.105991 2.86522e-05 2.91968 14.0901 1.2633 0.871087 
0.0167313 0.000200036 2.59196 0.0489847 0.625188 162.502 3.09861 0.129638 0.137703 1.8736 0.220184 479.207 0.000516211 0.000471748 1.03492 8.98804 3.79633 0.88778 
0.84401 0.0506225 1.58348e-05 2.06835 7.86429 3.91973 0.192835 0.686776 0.0326836 0.105484 0.291355 416.9 0.0954854 0.0365327 1.39669 2.41367 1.69356 3.39002 
0.0525634 0.954515 0.00289279 0.00293119 0.0809174 0.0551605 0.00664619 0.884105 0.0230186 0.060894 0.513375 375.219 0.0019772 0.00388577 1.42192 5.11402 1.28961 5.80769 
0.000298137 9.6602e-05 0.000119741 0.0186794 0.033171 0.0398719 1.32289e-05 0.704667 0.00493468 0.0126321 0.987918 493.781 0.0309723 0.000351831 8.817 7.59316 0.983926 1.81629 
0.282838 0.00369272 5.49339e-05 0.00886032 2.07314e-05 0.0619511 9.1553e-05 0.177642 0.0432354 12.0469 1.56646 497.147 0.000172175 0.000731091 0.989361 7.69853 2.81218 0.690587 
0.234024 3.88132 0.245256 0.00506113 0.00757017 0.357563 0.0204095 1.29094 0.264943 0.770835 0.186145 227.151 0.507004 0.00244952 1.10099 6.75959 2.37657 6.49266 
0.00168619 0.256757 6.10576e-05 0.107703 0.000221737 1400.08 0.0937689 0.259252 0.00413468 0.0984627 1.05132 417.998 0.00331283 0.00533179 1.00876 33.5826 2.42608 0.2374 
5.06344e-05 0.0060164 0.000413968 0.652923 0.0125976 94.0543 0.00124083 0.194821 0.0407544 2.36513 1.2118 438.515 0.0106001 0.00019457 2.09561 2.51086 1.06294 3.77211 
1.3722e-05 4.86037e-05 5.26345e-05 0.0232311 0.0782175 89.6142 5.64274 0.872274 0.0434925 6.26338 8.41346 219.538 1.26335e-05 0.00538044 2.86389 12.9241 1.09805 1.31758 
0.00910914 0.588665 5.08242e-05 0.000726977 0.000209809 145.701 0.0404288 5.32447 0.137649 1.87262 0.753391 277.895 0.000114527 2.49088e-05 1.41633 10.104 1.75889 1.16281 
1.52354 0.00881373 9.24702e-05 0.00961324 0.0450962 0.298648 0.000399407 2.22751 0.492088 6.05605 0.0447331 77.5434 6.60571e-05 5.26543e-05 1.93206 29.0372 1.60966 1.6274 
0.0267858 3.5664 0.00332902 4.26022 0.0628546 1235.88 0.00234111 2.30404 0.0105544 0.0144235 0.217683 393.27 0.0272815 0.010304 1.35264 3.26668 1.92494 5.68924 
0.000628487 0.0108982 0.000149353 0.199595 0.000342538 59.3343 0.000883524 0.408781 0.00656723 0.0113137 1.18066 24.1996 0.00204957 0.000373875 1.41362 30.0188 1.68965 6.79847 
1.40058 6.96414e-05 0.00686772 0.0370637 0.00043526 363.266 0.000233048 0.147713 0.0130361 0.143527 1.03303 276.649 0.00087481 0.000131921 8.88549 29.2177 1.14392 0.785546 
3.07761e-05 0.183114 0.00149994 2.00335 5.09268e-05 0.618937 0.000195292 0.221194 0.0070967 0.0654535 5.85898 101.127 0.0961667 0.0098454 3.57483 38.4632 1.53275 0.574973 
0.108847 0.000845996 0.0133056 0.381741 0.012626 2217.38 4.15224e-05 1.38441 0.774365 20.1897 0.114089 183.065 1.17453e-05 0.00450134 1.45334 19.5145 1.57663 1.38763 
0.00106282 0.0269908 0.0462196 1.14371e-05 0.0154613 8.81265 0.0870899 2.11996 0.874994 1.5571 0.0143153 104.668 0.00561303 0.00591015 3.76137 44.9978 1.04824 1.66155 
0.00285584 0.00106041 0.000989331 0.00203525 4.16903 0.0140539 0.799538 0.468038 0.00332153 0.0189515 3.79743 265.087 0.0257829 0.0203981 2.01482 8.39316 1.79981 1.06309 
6.10904 2.00001 0.0028065 1.76712e-05 2.10147e-05 1380.38 0.264734 1.83647 0.158948 1.44561 0.0638979 218.834 0.00896822 0.000316021 1.08526 11.2454 1.40567 3.3191 
2.53679e-05 1.09877 0.0203402 0.00195665 0.0136693 0.0116262 0.000182183 1.13329 0.0257284 0.290979 0.62454 163.506 0.000128478 0.0184746 1.01357 15.4918 2.41186 1.95445 
5.83081e-05 0.000331368 7.21826 0.0152178 2.09867 39.9096 0.00486368 3.4114 0.63675 7.12162 0.315862 233.125 0.00777138 0.0674063 1.40157 7.19969 1.92761 1.81719 
0.000626775 3.68611 0.305155 8.09246 0.00055431 32.2747 0.0599702 0.541489 0.0226058 0.398032 8.92042 299.354 0.0125286 0.0111061 1.37551 3.99494 2.36261 2.69987 
0.00329229 6.54112 0.885036 5.4724 0.00118461 327.181 3.71299e-05 0.658134 0.135126 1.52102 0.636653 89.3925 0.000189922 0.00395027 4.26013 45.5084 1.0991 1.00878 
0.0457558 0.00152449 0.000126823 0.00529194 0.159698 553.442 0.357683 0.140101 0.0272476 2.45596 5.36411 263.44 0.00457251 8.18939e-05 1.95776 4.14285 1.78076 3.0922 
0.023369 0.000310554 4.38708e-05 1.61707 0.000229615 0.0527635 1.73897e-05 4.59831 0.0262604 0.420917 0.762039 205.871 0.172803 2.44733e-05 1.40157 15.71 1.50815 2.44129 
0.321726 1.12893e-05 2.58755e-05 3.60648e-05 8.16866 365.629 6.13933e-05 2.43451 0.521814 3.8955 0.0101911 249.66 0.000110288 0.000822941 0.958188 12.1133 1.968 1.97699 
5.23228e-05 0.0157693 0.0179811 0.0003732 3.29621e-05 417.407 0.0027017 0.327871 0.31486 232.928 3.08512 413.856 0.000106901 0.000515037 2.45614 19.9429 1.52742 0.352406 
1.92227 0.041982 0.000230452 0.000739728 0.0317911 1161.95 6.09452e-05 0.504045 0.218089 35.3146 3.17265 73.8222 0.000438936 0.000395244 3.23607 10.6024 0.877952 7.8433 
0.35388 0.0935963 0.000366292 0.0121676 1.30988e-05 1.6673 0.0259231 0.469441 0.0159816 3.93781 4.03133 499.986 0.0130616 0.0209474 1.49729 3.46174 1.88732 1.87002 
6.27525e-05 1.13911e-05 0.000514853 0.0798665 3.89654 2626.16 1.13863e-05 0.394323 0.843487 8.45105 0.0678502 146.718 2.24543 1.01207e-05 2.63583 31.4601 1.42735 1.80585 
0.0144579 0.147717 0.000158697 0.000144694 0.225272 577.151 0.613886 5.04617 0.00122299 0.0150301 9.81405 66.1197 0.0021823 0.00234265 1.73714 30.4389 1.17 2.1595 
0.0906118 0.000801572 5.11273 2.69788 0.0104924 39.4948 5.6786e-05 0.350684 0.718961 342.246 1.1362 35.6994 0.000177757 0.000147199 1.01967 46.9319 1.29846 2.25272 
0.000467126 2.37761e-05 0.0229445 7.13699 0.227318 370.86 0.558502 1.23977 0.0584071 0.0392833 0.0183536 315.385 0.15955 0.017014 4.85974 12.3497 1.06141 1.03329 
0.00014953 0.596632 0.000839041 0.724619 0.0024467 30.5306 0.393591 0.189133 0.016612 1.90824 4.82362 89.8956 0.0260356 0.00273437 1.91927 9.49756 1.80917 7.20706 
0.00320251 0.295239 0.0013856 1.44804 2.38421 0.627647 0.50706 2.04644 0.0216645 0.755239 1.59429 14.6289 5.00941e-05 1.40757e-05 1.57429 43.8984 0.943567 9.08246 
1.21902 0.000138809 6.93532e-05 0.0869944 1.66943 2558.64 1.62388e-05 0.552437 0.447091 1.30333 0.0478092 81.7832 2.71019e-05 0.00163522 1.66381 36.8847 1.52836 1.20951 
0.086824 0.000744134 0.0826139 0.0204293 4.36264e-05 253.371 0.000451453 0.414804 0.253315 4.27222 0.0393939 327.085 0.015432 6.59247e-05 2.68334 17.5188 1.15537 0.707785 
0.00539391 2.09393 0.000177814 8.27467 0.000664286 30.6393 0.0589566 5.5243 0.132397 2.41926 0.142381 183.078 2.64755e-05 0.000135025 3.64026 29.8029 0.908167 2.50573 
2.31255 0.0478546 0.000968896 0.221054 0.193166 0.638303 2.05615e-05 3.84094 0.368978 100.938 2.32641 190.711 2.85096e-05 0.000435289 1.16825 31.9671 1.89622 1.19788 
0.901821 0.0276632 0.0023318 5.41278e-05 0.0252578 2.23563 6.35109 1.18995 0.0821188 0.346781 0.333412 387.555 0.0750938 0.00027255 2.59899 5.11659 1.09045 1.16253 
0.000824343 3.9871e-05 1.56173 6.97694e-05 7.04553e-05 1166.07 0.0001046 0.123538 0.100958 8.6173 2.89623 215.892 0.713162 0.000216252 1.8138 4.31785 1.60387 3.62139 
0.313048 0.0389604 0.0907276 0.487586 0.483193 2.09656 0.000150541 0.789056 0.0309715 0.322007 0.0156234 65.2694 0.000275188 0.000188941 1.37563 24.3931 1.56951 2.433 
0.000424426 1.97003e-05 0.000622844 0.0113188 0.000410794 11.3439 0.620141 0.192082 0.00783904 0.394342 0.646571 52.586 0.00308766 1.04656e-05 1.10311 17.3847 1.28729 8.99502 
0.000255063 0.00458417 3.59408 0.351747 9.45625e-05 1.14523 1.59551e-05 0.296487 0.102708 0.0176105 0.00240661 274.397 0.000207644 1.09849e-05 2.74202 33.3989 1.38412 0.35491 
0.000520951 6.21113 0.00157679 6.61564 0.00224329 0.074547 0.0283496 1.06374 0.0569964 0.473613 0.1246 278.109 2.54968e-05 0.000338628 1.93354 31.9251 1.83238 0.322072 
6.34776e-05 0.0513114 0.261915 0.0363251 0.0977508 0.417761 0.0117168 1.24623 0.0223014 13.7527 0.196034 336.904 0.0283967 0.00047778 4.32659 27.74 1.06423 0.305315 
2.77333e-05 0.0329015 0.000249105 1.42981 0.0174414 159.95 1.95246 2.52328 0.142764 3.3203 0.539127 276.675 0.171634 0.00199375 2.47314 7.03064 1.28557 8.68624 
0.252673 5.37674e-05 0.000163436 0.00324712 0.00623567 0.207433 0.12159 1.16936 0.216454 12.4951 0.226502 71.2473 0.000274402 2.4496e-05 1.10471 39.5349 1.41153 0.879676 
1.19563 1.82238 0.00115573 4.73287e-05 1.14385e-05 0.152469 0.0184125 0.287244 0.00348804 0.012139 1.47292 49.1482 0.00954321 0.0252502 4.10665 16.3376 0.98523 7.26162 
2.6454e-05 0.000432072 0.120114 0.000213873 0.00190671 0.370926 0.0139893 1.34412 0.124865 3.57969 0.685486 300.908 5.79399e-05 0.000373924 4.01458 24.0794 1.71831 0.559479 
3.00193e-05 0.0395234 0.0224939 0.0238216 0.0588174 102.17 0.940063 0.286718 0.00385396 0.0547909 1.75563 122.349 0.000207296 0.0779915 1.79572 48.7051 2.7496 0.458386 
0.301072 5.0893e-05 1.12973 0.0157874 1.58618 305.194 0.00392553 0.13791 0.117581 0.597578 0.0310011 286.096 0.000295066 0.00026446 4.13099 3.1772 0.961086 7.53804 
0.0202955 1.56436 3.58769e-05 6.76164 4.24818e-05 0.921699 0.417246 0.701715 0.0215908 1.23317 0.915529 290.459 0.00326743 0.000576742 2.57742 38.6278 1.3394 0.307985 
2.99532 0.186007 0.333046 6.05267e-05 0.000124506 0.607888 0.000846503 0.364858 0.315 6.56622 0.264835 120.588 0.000384568 0.000107822 1.23641 6.64152 1.93257 6.32791 
0.069139 0.00399574 0.000258329 0.000102324 0.0666508 0.0195676 0.00643526 1.20119 0.0280343 0.121905 0.0529558 50.1591 1.51912e-05 0.00738701 0.967285 14.8634 1.26861 4.6814 
0.000967621 0.0999361 9.55221e-05 6.84212e-05 0.00274948 15.8543 0.00746142 2.2463 0.0340769 18.9228 1.68205 130.815 0.0746617 0.000405267 0.947063 9.51968 3.0603 6.74572 
3.13983 0.0886813 6.86405 0.0240345 0.00180356 131.125 0.0253581 0.0642122 0.0168018 0.344455 4.42664 190.576 4.97825e-05 0.00237209 1.68111 8.55758 1.1573 3.40861 
1.40781e-05 0.31371 0.0200041 0.114833 0.0901731 1155.48 0.346283 0.106197 0.0179218 2.98293 4.61567 162.311 0.00102234 0.00424113 2.63434 3.86261 1.145 7.2971 
0.829114 0.0254309 0.0398269 4.51073 1.22577 70.2789 0.0102856 0.707454 0.918159 3.97605 0.0143198 120.19 2.13872e-05 0.0678027 1.11838 4.92003 2.16055 8.24172 
1.31698e-05 0.00316915 0.848945 0.000320597 0.000347907 8.16562 0.000346945 0.220645 0.00698879 2.32441 0.370497 112.344 0.000685194 0.000102494 1.37393 8.8372 1.24793 6.27893 
4.57832 0.00468856 0.478336 0.00217849 0.724817 0.641961 0.141644 1.62313 0.298639 9.77097 0.02561 49.7939 0.0138242 0.00102845 1.51705 28.7946 0.964993 2.48528 
0.000741084 0.35058 0.0562668 0.000308088 1.42991e-05 2140.26 0.0831594 0.246921 0.0238552 0.54989 3.12377 241.965 2.57335e-05 0.000737777 1.38674 12.6657 2.04455 0.826963 
0.894202 0.740133 0.000516091 0.0283987 1.39346e-05 1059.54 2.13338e-05 0.65346 0.276457 370.39 2.32586 12.6464 0.0212561 0.000235721 1.35941 38.1971 0.97242 4.48805 
0.00243298 1.0296e-05 7.51189 3.63399 6.19908e-05 0.0118084 0.022264 0.44398 0.0366632 13.0428 2.14853 268.533 0.00199865 0.00295383 5.92913 43.7906 1.16266 0.46343 
0.00741409 0.0151433 0.318794 0.0459612 0.00136198 189.652 0.0151137 2.39476 0.00946851 0.108785 3.02653 82.8275 0.00455867 0.0270621 1.41165 28.6211 1.1921 3.36306 
1.62759 4.24279e-05 0.0292104 0.00872496 3.87607e-05 3.92061 2.01319e-05 1.23723 0.0215903 1.29136 3.94793 51.033 0.052658 7.63046e-05 1.18023 20.6119 1.40599 3.64298 
0.21248 2.15733e-05 1.71253e-05 0.0187909 0.000210674 0.318864 5.08472e-05 8.72651 0.0885387 1.2634 0.2543 313.228 0.000831576 0.00571962 2.76206 43.4557 1.18647 0.810232 
1.01082 1.47511 0.00180286 0.000165695 0.488505 0.03615 0.00441296 3.64012 0.00993712 0.0126352 0.117875 256.313 0.0038065 0.00302962 1.51679 11.6779 1.43313 4.72693 
0.100062 0.0357975 0.000906754 0.136851 0.000176312 1.94931 1.42254e-05 9.44736 0.745599 252.857 0.584833 63.2467 0.0628767 7.26601e-05 0.83126 16.5169 1.2917 2.9482 
1.81919 2.85716e-05 0.0106496 0.233141 5.68207e-05 305.887 8.78421 3.67172 0.142068 0.371445 0.00392587 307.476 0.0564486 0.0148977 4.95799 32.112 1.07713 3.28443 
4.64293e-05 0.483271 0.00140132 0.00737704 0.634234 119.084 0.0024305 0.383471 0.303501 46.5232 0.591353 57.221 0.0215787 0.00397619 0.954513 15.8909 1.97521 4.71386 
4.83885 0.036751 0.0840152 0.0252761 0.0160735 1063.51 0.0205568 0.324253 0.00179398 0.0173729 1.08985 237.162 0.00159072 0.014325 3.39675 44.2226 1.59608 0.331249 
6.07074e-05 1.5247e-05 1.49411 0.000111536 0.342716 0.0796812 1.81509e-05 0.537382 0.084169 2.22895 1.53193 77.8708 0.00684202 0.000371141 2.66416 6.88885 1.25682 7.16336 
0.00154567 0.00626003 0.813964 0.0382937 7.43137e-05 10.8152 0.00149095 0.285212 0.00242248 0.0128756 9.31442 290.568 0.0173733 0.00042501 6.85792 8.97466 0.997265 2.27944 
0.0374423 0.177576 1.1231e-05 5.55825 1.72225 2977.64 0.0095865 1.24029 0.0392674 6.34197 0.733206 43.0655 0.000517213 1.09692e-05 1.85298 27.88 1.14563 3.24362 
6.29057e-05 7.74462e-05 0.819551 0.314623 0.984945 0.118471 0.00108661 1.73284 0.00484149 0.281015 5.11185 41.3249 8.93927e-05 0.000149323 2.1436 49.3956 0.947803 1.70949 
0.000775233 0.00410168 0.0802923 0.000133822 0.768549 9.69102 0.000563748 0.527464 0.248696 108.607 1.26648 403.301 0.0149414 0.00251693 5.61299 3.64677 1.01065 3.85005 
0.940762 0.000621478 0.000836526 1.24761e-05 3.19753e-05 1.52346 0.0167593 3.36202 0.120392 3.81495 0.0603955 31.5223 0.21896 0.00132131 1.27897 33.6464 1.4389 2.66654 
8.76465e-05 2.70701 0.000514628 0.0124888 0.00285569 3.72494 0.446979 3.2998 0.00848988 0.21945 7.42413 145.144 5.13294e-05 0.00105378 1.26787 32.9938 1.78697 0.705058 
0.320032 0.0108028 0.00540674 8.02053 8.86086e-05 104.935 0.00125325 0.706246 0.169692 12.2788 4.92714 73.3596 1.89338e-05 0.00267987 1.21555 14.4256 1.89044 1.6797 
7.54787 0.000193441 0.0135181 0.0273336 1.23019e-05 3.02752 0.00193771 0.603507 0.0822946 3.05494 2.29935 382.466 0.000157621 0.0231833 1.03259 2.22227 2.41221 9.24379 
3.84019e-05 0.000453225 0.197577 0.0313716 0.000101581 2.67139 0.000987132 0.240679 0.0504968 17.4157 8.30547 95.1444 0.000748612 0.000141232 4.16163 29.9563 1.28809 1.32525 
0.000873006 0.66459 3.2387e-05 0.000166563 0.00173365 5.26438 1.45531 2.05297 0.252487 6.29178 0.135858 33.1583 0.000338033 1.26549e-05 3.8146 49.8313 0.996678 2.24875 
0.0567742 1.21933 3.99536e-05 8.92207 4.85433 0.0760777 0.000162797 3.07862 0.00400923 0.312547 1.70413 359.313 8.44288e-05 5.4047e-05 1.24743 19.3286 1.48802 0.415185 
0.0184999 0.00984664 2.0177e-05 7.78553 0.000405105 12.048 0.0094208 0.325758 0.0522592 7.0841 0.519447 277.316 1.61194e-05 0.00429403 1.05846 29.7807 1.43708 1.87526 
7.20313 1.91149e-05 0.130829 0.101548 0.000961527 1253.18 0.0031652 0.129686 0.988146 93.6395 0.250561 18.3926 0.00160236 0.00135676 1.53875 41.6795 1.55845 1.97616 
0.000361565 0.171064 3.53481e-05 8.53815 0.00151305 1.07203 1.90492e-05 0.625489 0.0532403 0.754064 0.713177 61.3735 0.00965544 0.00109496 1.27528 21.045 2.04845 4.11826 
2.65599e-05 2.26986e-05 1.25194e-05 0.00169585 8.05548e-05 0.0293415 0.000106936 0.372744 0.184204 51.0627 1.27159 334.147 0.0332186 0.0629569 1.93161 7.12359 1.87844 1.64856 
1.53024 0.000236848 0.000131158 0.00401006 1.95835e-05 181.529 0.417025 1.24767 0.159248 1.14603 0.0710207 119.444 0.834575 0.0196657 6.56177 26.8071 1.18959 1.36261 
0.00119267 0.192648 1.94362e-05 0.000140261 1.30241 180.956 0.0403257 0.132458 0.00692772 0.0211889 0.459213 140.594 0.00550199 0.0147683 2.16642 10.8772 1.15524 6.52144 
3.75622e-05 0.0858851 0.131578 1.58461e-05 0.000306401 0.485057 1.02175 0.842884 0.188648 6.43972 0.140682 313.608 0.00131092 0.040238 1.70437 25.336 1.7916 0.2845 
0.232866 6.47319 1.05823e-05 0.00138039 7.68913 2.93599 0.00798501 8.08563 0.00475653 0.0581673 4.16534 201.503 0.00437669 6.99427e-05 1.19765 19.3382 1.4789 3.40611 
0.000531688 0.00441711 1.59072 9.2136e-05 0.24974 100.845 5.72178e-05 0.16176 0.13497 0.460869 0.050546 490.308 1.69464e-05 0.00088792 7.9502 41.0736 1.38134 0.249258 
4.99903 0.000119971 0.027912 0.000141792 0.218045 1.58622 0.0023292 0.861501 0.744568 11.1271 0.0391281 28.0084 0.00481039 0.000707545 0.673217 31.062 1.54147 8.44826 
0.792215 0.0425251 0.0562551 0.410184 0.00252656 0.159043 0.394639 2.03722 0.042056 8.15192 3.55582 470.416 0.0626499 0.000306049 1.26133 5.38332 1.17107 7.67046 
0.000135757 0.00054699 0.00110242 0.000228775 1.58005e-05 40.9397 5.81433 0.962439 0.0979888 12.9613 0.0654113 66.6619 0.0906723 0.000234491 1.30506 48.5742 1.5007 1.29619 
1.5463e-05 0.285357 0.19522 2.20236 1.08018e-05 13.8237 1.54532 0.682376 0.17477 2.60607 0.1008 272.98 0.000687595 0.000171193 1.27376 3.04019 1.58499 3.94532 
0.00479997 0.391583 7.49993e-05 0.000111667 0.0898601 0.0261231 0.000207979 1.12244 0.144479 1.13662 0.0879906 62.1605 0.0087072 4.89545e-05 2.99183 41.0563 1.31658 1.41349 
0.00677405 0.0549873 5.43033e-05 0.499732 0.000110562 1.58804 0.000678706 0.284578 0.00558139 1.82822 1.54417 329.626 3.01364e-05 0.0022458 1.79985 2.77125 1.19358 5.28856 
0.312316 2.72807e-05 0.0872926 0.000122475 0.286313 1252.61 0.004999 0.0523806 0.0343891 0.72094 0.155647 337.39 2.30644e-05 0.0154245 9.14369 9.14911 0.962599 2.54714 
0.000506597 0.00704197 4.55459e-05 1.40041e-05 7.07631 268.894 0.000345399 0.232893 0.00220241 0.285164 2.83194 66.3515 0.0250002 0.000421649 1.15046 7.73474 1.89573 8.74515 
9.72764e-05 1.1725 0.00324659 3.10186e-05 0.344029 1.51871 0.00128358 2.74104 0.074923 48.1086 2.10724 349.221 0.00296326 0.0148057 1.08285 9.49009 2.09607 1.04065 
0.0942351 1.50518 7.65019 0.0881865 0.000299762 3.59262 0.00790907 3.55393 0.220564 181.183 1.59635 335.4 0.000726846 0.0003969 1.70602 28.544 1.33984 0.698512 
0.0891231 0.000450066 0.179324 1.82874e-05 5.29773 72.3003 0.143914 2.35533 0.489863 151.406 1.10928 411.813 0.0792827 0.0502973 9.76493 35.0012 1.2968 0.548791 
0.0019553 0.339376 0.00288103 5.9726e-05 0.000166978 0.0401799 0.00174817 5.12794 0.700757 162.779 0.470107 355.593 0.0320254 0.0103088 1.34 24.0426 1.88737 2.45703 
1.03648 0.0739615 0.174543 1.69148e-05 0.0378196 0.2102 1.87562e-05 1.25658 0.769691 1.09085 0.00574232 186.752 0.000464326 0.00180402 1.84925 21.5001 1.22519 1.95355 
0.00279174 8.06987e-05 0.161315 0.0188434 0.302107 0.163065 0.000493656 0.676987 0.0871263 0.174982 0.0156933 158.279 0.00289244 2.39362e-05 2.0653 34.6076 1.24905 0.644698 
0.00255127 0.0039826 0.0436097 6.91071e-05 0.00758725 0.838486 0.0291448 0.743247 0.826472 124.04 0.357158 208.915 0.000408629 0.00170993 1.87415 2.85946 1.05592 6.27853 
6.2468e-05 0.00201176 0.0228638 0.00974302 0.00852592 3.09325 0.021939 0.320595 0.0262693 0.431469 0.504056 340.264 0.000260437 0.00357694 3.81546 5.85528 1.16671 1.32803 
0.0324769 0.00695967 7.57882e-05 0.0632224 4.69329e-05 110.419 0.00246795 0.383135 0.065457 1.14567 0.646062 205.873 1.64325e-05 0.0054414 1.78945 4.14661 1.2552 8.86286 
9.66312 0.000203222 0.0630038 1.37782 0.00290218 35.6378 0.0238581 5.18253 0.00614259 1.37068 6.26858 449.437 0.00296993 1.69336e-05 1.57796 11.376 1.4535 5.05575 
0.260328 0.000138257 0.524623 0.0649426 0.00194709 6.82329 3.02942 1.49958 0.0269623 8.06774 3.42837 128.521 0.00418035 2.50161e-05 3.24874 37.5251 1.15624 0.736233 
1.84365e-05 0.95176 0.213096 0.125083 2.7024 21.5064 3.75482e-05 3.07291 0.0942858 24.131 1.69749 33.7335 0.000483839 2.12845e-05 1.50047 23.3713 1.36162 6.93401 
0.000178344 0.0583006 6.88682e-05 0.0640682 0.00524781 4.2142 0.000309764 0.39044 0.0496367 0.32278 0.0113731 342.595 0.140527 0.0599568 2.49461 8.02464 1.64052 0.749848 
0.00228726 0.0290214 0.0178571 0.000121157 0.000838231 7.23861 0.00221429 0.17433 0.198962 18.2251 0.0711545 20.5729 0.0749554 0.0017352 1.85729 34.5398 1.56763 5.25123 
0.432743 3.73348 1.17412e-05 0.000493831 0.599391 14.7878 0.0337761 2.65856 0.0106452 0.102397 1.5816 28.7908 0.000234171 0.00049397 1.26997 45.2102 1.50898 2.00213 
0.0289457 1.16904e-05 0.000705491 0.00297033 0.0003884 1545.96 6.25539 0.766573 0.342895 16.0627 0.164074 412.813 5.52199e-05 5.10979e-05 1.70061 40.513 1.39198 0.63548 
0.0174281 0.0389254 0.000292844 0.0144442 0.00100262 1103.4 0.0136135 1.83945 0.134699 2.13672 0.962723 101.855 0.017534 0.000228505 1.82262 11.0498 1.33317 3.18727 
0.00165141 4.82813e-05 0.000115211 3.63266 0.229243 271.944 3.89618 0.929818 0.00817372 0.0926205 0.723077 378.005 0.000494127 0.0636908 3.29165 11.4157 1.22951 1.03828 
0.000182259 1.93205 6.21665e-05 0.000390052 0.0259829 2559.27 0.750446 0.200089 0.0031474 0.024433 9.34403 60.9484 0.000697528 5.4003e-05 1.26115 12.3804 1.65062 8.27536 
3.88811e-05 0.000316722 0.00140941 5.46609e-05 7.90338 184.579 0.251494 1.4994 0.0878845 1.60067 0.480693 252.039 0.000351427 0.0538624 1.79097 2.60183 1.24309 5.12977 
0.00679736 3.42927e-05 0.000132851 2.1624e-05 4.13801e-05 252.861 8.35844 3.112 0.32607 79.764 4.71483 476.448 0.000530531 0.00285743 1.8177 1.49591 1.31435 9.21584 
7.42924e-05 1.18766 2.7337 0.000395678 0.000165431 519.171 0.00396518 0.600464 0.0160302 0.0158621 0.16251 73.0283 0.000402431 0.000899616 2.06088 25.4363 1.57771 1.06989 
2.44646 0.063037 0.00027658 0.000139906 7.38569e-05 0.105981 0.649958 1.26977 0.107124 14.1177 1.50908 104.252 4.23834e-05 0.000926924 3.22799 19.2483 1.01845 1.44976 
2.50513e-05 0.00029047 9.12257e-05 0.000336228 3.7044e-05 3.40265 0.0139324 2.71483 0.0443462 0.253906 0.37489 455.257 0.047523 0.00011211 2.07961 37.1515 1.23573 0.590128 
0.000348051 1.99276 0.00113199 8.28278 0.156518 1107.61 0.000143185 1.76021 0.0975897 3.12883 0.210645 400.124 1.88265e-05 0.0477786 3.81784 15.4381 1.37129 0.732332 
3.47362 0.00284633 0.0259989 7.66252 1.47974 0.0685801 0.124054 5.33037 0.167238 80.037 0.961495 322.502 2.02508e-05 0.000125503 1.03843 8.9335 1.5646 2.69914 
1.23155 0.792196 0.00040871 0.0240909 0.00367667 22.1431 0.0663358 0.356327 0.0175013 1.24702 4.41381 58.785 0.0379825 2.86894e-05 1.24847 11.9918 1.62652 8.7273 
2.96666 0.00284823 0.000161022 2.66283e-05 0.000534231 198.817 0.00252369 0.341234 0.175549 137.106 5.02175 405.878 0.000218137 0.000247549 1.25833 28.533 2.11363 0.246776 
0.61861 2.87198e-05 3.92673e-05 1.38811e-05 0.419022 0.560947 1.10764e-05 3.3232 0.0789791 9.14145 2.60823 81.4344 0.0443058 0.00390482 2.63312 43.6969 1.19276 2.01982 
2.03313e-05 0.365144 0.500963 1.81315 2.37797e-05 118.594 0.0754924 2.52877 0.0667998 0.884401 0.115041 380.146 0.00776714 0.000651805 2.03862 17.9531 1.22773 0.483548 
0.00589602 0.269466 0.000308261 0.0482488 0.0142167 272.175 0.0172953 0.240272 0.10079 145.876 9.75669 254.564 0.016369 0.00417285 2.11883 26.0282 1.78403 0.410066 
0.0280617 9.04753e-05 0.0334453 0.385031 0.000125501 0.188086 6.19294e-05 0.160959 0.00953063 1.1683 6.18324 187 0.000362021 0.0121099 1.50018 32.7255 1.63315 0.740945 
0.0555535 0.0174799 0.0318745 0.000850948 0.000484028 0.273832 4.25524 2.12502 0.415532 16.3183 0.408364 486.288 0.0203461 1.87548e-05 1.65981 7.0749 2.01391 0.730462 
0.266264 0.00370792 0.0176917 0.744707 0.000377129 0.029296 0.0006627 0.681699 0.131389 3.41709 0.146746 165.342 0.000604982 0.149381 2.73425 13.931 2.13002 1.2169 
0.00105686 1.5245e-05 5.19149 0.0237957 0.0478346 0.447183 0.306201 0.146664 0.0229366 0.60038 4.05267 62.1166 0.0167989 0.00909729 1.42965 32.1291 1.71566 1.72679 
9.77958 0.000205771 0.0194823 3.67251e-05 0.000972419 98.5342 0.672617 0.0913997 0.0667923 9.07541 0.748002 91.7062 0.000800355 0.0504651 3.19054 9.74018 1.32197 7.20885 
0.00519518 0.00897841 1.89136 0.0401592 1.29574e-05 982.658 0.121501 0.154888 0.0115109 0.0312198 5.91082 166.404 0.00337337 7.70551e-05 1.31031 6.30993 1.46067 2.47906 
0.0549726 2.29421e-05 0.000287169 0.144619 0.00608116 0.304067 1.22329 0.525309 0.124016 47.9054 3.65077 336.306 0.722123 0.00347748 2.06031 5.42592 1.46608 1.45681 
0.0288468 0.000409881 1.1217e-05 0.00632039 3.8869e-05 0.0500737 0.734878 6.6081 0.00956267 0.0106155 0.163465 292.377 0.000275967 0.000395924 1.38829 11.6829 1.27682 1.34658 
0.00632909 0.00124857 0.00100458 0.000833132 0.000316753 50.866 0.000195791 0.26813 0.0108617 0.0652283 0.155265 41.4193 0.0437821 0.000745035 3.70101 28.1323 1.04811 2.85824 
0.0021432 0.0139578 0.562145 0.0221358 0.000371508 0.103718 4.95232e-05 0.280856 0.296984 183.643 0.907527 198.355 0.0886952 0.00128876 3.51462 7.83313 1.0911 2.11504 
0.000567783 6.48957e-05 4.69791e-05 7.26387e-05 0.76177 1.208 1.49568e-05 0.39435 0.201646 19.755 0.23606 399.209 4.16519e-05 2.12359e-05 2.7931 41.2965 1.30123 0.321029 
1.18065 2.18326e-05 0.0182915 2.23283 0.0728822 3.91177 0.1181 2.83535 0.187762 1.86999 0.302505 471.6 0.136405 0.015998 1.246 5.1977 1.50684 7.01045 
0.00851792 5.33887e-05 0.009139 4.47423e-05 8.39467e-05 1.6753 0.000720419 3.28413 0.0751952 0.500873 0.061863 82.0273 0.113447 1.11937e-05 1.183 49.6654 1.53076 1.1791 
3.00738e-05 0.000141666 1.45268 0.000277408 0.00283153 361.886 4.12754 0.300026 0.00976509 0.176539 6.60873 243.171 0.00806923 0.000281507 1.12616 3.6763 1.61437 2.71282 
3.57919 9.44715e-05 0.00122635 2.86272 0.331189 76.7551 0.970344 0.194107 0.0259163 9.63575 1.2083 274.337 0.00328027 0.000283759 1.31195 3.16724 2.11588 6.33929 
2.20239 0.00314105 2.21263e-05 2.19053 1.38874 23.2553 0.0332396 1.00918 0.0219952 5.67376 1.06859 426.476 0.00758743 0.0138302 1.62539 10.2597 1.38531 1.73662 
1.21322e-05 1.1348 0.0615854 4.39711e-05 0.0827667 3.40552 0.0687905 0.583994 0.0745281 18.0572 9.45286 317.3 0.406054 4.29868e-05 1.64744 8.83858 1.57263 1.0057 
0.0591616 0.00443386 0.000145746 4.76679 0.00601576 1804.04 0.00933043 0.66395 0.109689 2.07364 0.209079 271.185 5.16076e-05 0.00314115 1.72024 5.52565 1.30766 2.31808 
0.00685917 1.98668 1.25723 0.00261258 0.000837707 2624.26 0.000158725 0.201415 0.280555 245.257 7.04921 295.334 0.0821724 0.000121056 4.05631 8.03341 1.23431 1.25284 
0.000181335 0.45308 1.69069e-05 1.34629 0.000406226 0.0203543 0.0243138 2.05435 0.193016 157.553 0.59228 36.0534 0.000100781 0.00189757 0.880001 30.2784 2.18571 2.72881 
0.0122921 2.212e-05 1.76135e-05 0.608733 0.28403 355.244 0.014911 0.0984831 0.00445636 0.0259267 2.43492 297.285 1.18446e-05 0.0601443 1.08971 7.38183 2.97553 1.70683 
0.943981 0.0109781 0.0937984 2.2556 1.26248e-05 0.0204297 0.0109044 0.895376 0.134712 461.29 2.4572 21.2113 0.167675 0.00121421 1.18227 31.0216 1.7128 5.69109 
0.000139703 0.00233954 0.000165548 0.00210738 3.41578 202.119 0.0361188 0.562806 0.116475 1.89624 0.035569 127.262 0.00113441 4.10766e-05 2.36997 34.182 1.20767 0.722264 
1.99436 4.93283 0.494978 1.33575 0.103647 0.40592 0.00253175 0.888856 0.0107454 0.0913913 0.143054 132.001 0.000287049 0.0646446 1.31862 6.03184 1.96579 4.43848 
