-48689.03603
-48447.78707
-48397.71041
-48342.31814
-48318.79886
-48305.43444
-48304.33155
-48250.0428
-48176.29917
-48095.18781
-48084.18445
-48073.1319
-47993.66033
-47941.03309
-47912.97844
-47895.44953
-47845.03059
-47838.65522
-47834.11633
-47820.61193
-47715.49079
-47697.63975
-47686.99275
-47684.69762
-47597.22088
-47591.09377
-47548.17989
-47542.31244
-47450.04633
-47418.03784
-47389.4916
-47357.61021
-47312.84171
-47263.9169
-47219.92297
-47187.79585
-47137.99453
-47089.80812
-47078.17651
-47043.66905
-47028.72495
-47025.76874
-46980.16045
-46792.17187
-46773.62401
-46734.12004
-46652.16499
-46613.20209
-46608.41811
-46588.23547
-46547.2656
-46540.6799
-46483.45479
-46462.70913
-46461.19271
-46424.75585
-46418.00936
-46344.85504
-46340.89634
-46303.37261
-46297.25944
-46260.43906
-46228.96873
-46227.04059
-46151.91792
-46123.55208
-45959.97321
-45888.7623
-45829.81568
-45817.13915
-45816.17962
-45651.78554
-45642.00667
-45612.8381
-45610.28387
-45563.41483
-45556.65504
-45506.21923
-45499.27079
-45444.6723
-45444.08464
-45416.39075
-45416.02458
-45412.33909
-45401.05345
-45366.63262
-45300.67508
-45248.62867
-45231.84522
-45197.10142
-45131.96192
-45127.75831
-44982.85101
-44936.00657
-44923.22546
-44917.84731
-44846.817
-44801.74527
-44783.75385
-44759.45194
-44741.24832
-44724.95983
-44722.93675
-44701.24274
-44697.76963
-44680.81626
-44658.18808
-44637.70641
-44620.07266
-44615.57388
-44613.8351
-44608.76092
-44596.43077
-44562.2044
-44546.67001
-44542.40912
-44472.06858
-44443.60219
-44425.78215
-44403.64001
-44371.33071
-44345.88225
-44331.69438
-44309.67357
-44305.99584
-44304.83295
-44284.02983
-44169.53199
-44160.79264
-44136.30326
-44127.4769
-44113.04611
-44091.30377
-44090.88511
-44081.42516
-44052.43542
-43954.15404
-43932.91042
-43920.513
-43917.48345
-43880.79744
-43867.5176
-43742.28419
-43719.65686
-43658.89368
-43611.93135
-43601.52878
-43600.29483
-43443.69703
-43363.27015
-43360.06637
-43330.48386
-43294.85837
-43272.15602
-43222.24747
-43209.10351
-43168.84788
-43119.88456
-43023.88284
-42996.85689
-42977.72502
-42940.13529
-42869.56485
-42806.06301
-42756.65639
-42707.08168
-42700.10194
-42679.23652
-42678.34336
-42640.33893
-42602.02488
-42579.90915
-42535.52294
-42527.01568
-42495.27571
-42485.21398
-42411.83956
-42399.31599
-42356.69515
-42342.40492
-42250.35076
-42216.00292
-42162.97909
-42114.0709
-42083.00178
-42075.96365
-42064.80427
-42050.72736
-41990.52251
-41951.34908
-41917.46977
-41875.29661
-41760.8504
-41734.63304
-41729.22488
-41723.97437
-41704.05986
-41683.01721
-41632.05708
-41569.69315
-41545.23486
-41387.60043
-41305.95588
-41224.79545
-41112.39441
-41051.15324
-41020.74093
-41017.78358
-40916.31524
-40751.56418
-40736.73577
-40556.78002
-40502.83227
-40418.16049
-40396.72295
-40384.20602
-40349.92635
-40117.50225
-40092.54091
-40053.92155
-40017.59859
-39888.8836
-39789.64846
-39745.71532
-39737.59285
-39701.03885
-39700.34186
-39695.26794
-39652.18578
-39586.71148
-39514.60487
-39417.26641
-39405.62835
-39239.35782
-39235.00306
-39202.36924
-39195.94957
-39175.88078
-39170.54483
-39052.17194
-39042.06671
-39038.28655
-38952.27901
-38942.92635
-38801.15142
-38776.49156
-38770.24429
-38732.25491
-38722.89988
-38682.97043
-38676.14451
-38638.54439
-38576.42932
-38521.79612
-38428.31294
-38420.87178
-38397.67465
-38355.48708
-38240.46709
-38209.89091
-37980.45509
-37892.62167
-37859.51535
-37794.06441
-37786.34121
-37713.42135
-37658.00309
-37639.72854
-37619.06896
-37615.06183
-37602.41196
-37585.41713
-37484.60462
-37387.93914
-37368.64424
-37340.91911
-37337.63176
-37320.78953
-37304.16619
-37240.84916
-37173.35375
-37170.80945
-37111.80023
-37067.61477
-37023.66096
-36958.44966
-36953.6587
-36682.48712
-36589.01102
-36554.5478
-36550.55213
-36469.33449
-36442.83612
-36379.63715
-36267.14962
-36232.89462
-36190.83698
-36027.04085
-35921.13769
-35882.7081
-35874.71665
-35757.58835
-35674.82492
-35629.51178
-35583.77487
-35490.80451
-35482.30814
-35420.98412
-35392.42473
-35324.44615
-35245.26695
-35221.43186
-35215.80577
-35191.69072
-35178.57346
-34968.82813
-34898.29811
-34864.35659
-34843.55476
-34775.61025
-34765.98476
-34692.81448
-34690.30698
-34656.03928
-34635.74037
-34339.16845
-34213.83746
-34199.09106
-34196.82694
-34180.78646
-34111.166
-33900.20355
-33897.91052
-33879.83119
-33833.42075
-33830.87523
-33818.11172
-33645.65129
-33604.378
-33451.25897
-33450.94665
-33445.94159
-33226.42026
-33166.36641
-33140.58192
-33087.9399
-33063.16742
-32974.977
-32885.88267
-32850.07051
-32821.64869
-32702.26738
-32569.30108
-32541.99169
-32504.94848
-32499.87467
-32494.57306
-32459.34629
-32419.96944
-32264.22583
-32177.52619
-32090.61988
-32087.1144
-31971.55936
-31866.00128
-31831.11575
-31768.99861
-31706.23568
-31670.839
-31578.67105
-31545.44766
-31488.13825
-31477.96282
-31436.40676
-31423.05118
-31396.52943
-31364.52348
-31296.14243
-31173.27394
-31157.87857
-31150.76576
-31109.11151
-31015.28559
-30905.2699
-30901.44688
-30881.28206
-30772.97011
-30771.37446
-30722.78686
-30690.73575
-30623.71471
-30567.23473
-30519.98971
-30320.00194
-30175.50421
-30035.01488
-30033.13974
-29972.51605
-29764.08304
-29631.65211
-29573.38707
-29244.77254
-29088.96812
-29084.09274
-28908.79311
-28906.86287
-28627.5945
-28601.11804
-28584.06934
-28452.77076
-28403.85428
-28167.08953
-28093.9187
-27955.55931
-27951.90521
-27914.69224
-27867.03416
-27848.74896
-27780.59361
-27766.16182
-27379.69395
-27298.26508
-27271.72633
-27220.03274
-27057.76365
-27036.35354
-26971.07234
-26905.78983
-26814.10158
-26474.46975
-26434.17231
-26419.47775
-26113.05126
-25977.09904
-25910.2512
-25850.88404
-25759.80197
-25627.37457
-25626.93804
-25480.89362
-25379.03767
-24944.19735
-24924.40022
-24698.98413
-24564.21954
-24544.20295
-24395.18138
-24252.67073
-24237.96877
-24138.8063
-23914.61178
-23898.35062
-23837.4812
-23706.99272
-23692.48072
-23671.63417
-23589.53498
-22883.90913
-22495.14683
-22455.33471
-21811.84219
-21670.59161
-21593.57548
-21451.92656
-21449.58128
-21057.22177
-20868.91898
-19791.51736
-19464.05045
-19208.38301
-18699.31409
-17901.54521
-17813.04752
-17139.32878
-17096.6639
-17090.89461
-16591.23447
-16513.26181
-16456.50022
-16043.93476
-15758.66907
-15636.07993
-15240.36283
-15236.72823
-14976.31042
-14718.30662
-14668.19641
-14587.24552
-13269.51512
-12970.88176
-12432.78688
-11243.40662
-10068.3125
-9080.58697
-6768.617887
-6660.498873
-5684.769647
-5008.303246
-4686.073933
-588.8897416
