0.0117891 0.0416931 2.18745e-05 0.000123374 0.00212091 0.0110584 0.00237443 2.3022 0.101866 21.0343 0.000205022 55.7844 0.0154154 0.436814 8.48693 27.5639 0.820327 2.69634 
0.000102199 0.0310867 0.00513009 0.0120322 0.0110586 7.17409 0.000165517 0.0105597 0.00985374 141.006 2.95226e-05 236.077 0.0168522 0.108282 1.85656 16.4808 0.75033 7.35477 
0.539725 2.47087 3.86074e-05 1.04673e-05 0.0155022 8.74638 2.18371e-05 0.00047727 0.00222094 0.0112301 0.0173183 0.0955207 0.257124 0.0475488 0.507575 22.7834 0.940711 8.36185 
3.68428e-05 4.60163e-05 0.410295 3.36506e-05 0.00831122 0.470105 0.000273448 2.20306 0.00455611 145.108 7.23571e-05 199.544 0.000371191 0.0414753 0.550937 28.641 1.85103 5.65944 
0.000536596 0.223703 0.0171671 0.000593872 8.02466 0.0226738 0.00411805 0.0015842 0.0390643 57.8272 0.482271 0.126433 0.00264625 0.583893 1.41416 22.3699 3.4305 7.01369 
0.0192388 0.000330719 0.00242005 0.392243 7.15889e-05 12.5271 0.0734169 2.82303e-05 7.53871e-05 0.0113836 0.0581169 0.0678705 2.53178 0.0792725 2.61996 44.5498 4.9058 7.75543 
0.0213413 0.0216546 0.000817266 0.00188019 0.020554 1.58213 1.60207 0.152354 0.0598811 0.279711 0.120794 1.22232 7.13354 0.000587068 2.70628 31.0105 4.16909 2.43383 
0.00321079 0.0302532 0.0326894 0.159656 0.356956 596.53 0.000341295 0.355941 0.0575636 7.75085 0.00219692 15.264 5.24541 0.00537784 1.15684 30.923 0.482553 3.86262 
3.1427 0.0296489 0.266982 0.000987038 1.88039 4.59633 0.0384124 0.000668583 8.52509e-05 9.90702 0.000234761 0.14086 9.49317e-05 0.766405 1.86753 20.5111 3.37217 7.84811 
1.21408e-05 1.72554e-05 7.74107 2.47646 0.0299096 0.402925 0.000210357 0.00583981 0.964696 267.034 1.10846 11.0774 0.00507731 0.458539 6.37472 21.233 1.16139 3.51513 
4.73274e-05 0.174886 9.50819e-05 2.47402e-05 0.211119 3.28317 0.000966381 0.510948 0.305011 20.5333 0.407739 225.037 0.00512214 0.00383019 0.336544 9.41108 6.03805 1.76479 
0.000264322 0.00293725 6.0848 0.012424 7.37174e-05 766.5 0.228439 0.0140968 0.000126063 0.0958982 0.00235423 77.9893 0.0190449 0.525994 4.25134 42.6035 1.49722 1.88797 
0.0408503 8.8914 6.70883 0.00413191 0.000757477 239.559 0.313977 0.00392707 0.0212781 4.29007 0.000327739 0.087202 0.00458415 0.133125 1.90735 40.6524 2.57407 4.61327 
0.000634088 0.000125268 0.000280792 4.0444 0.298801 2158.17 0.246116 2.08407e-05 0.34561 57.2323 0.000117405 15.1785 0.15559 0.0499325 0.809498 24.7495 1.1522 7.58818 
0.000754563 0.000279615 0.0588161 0.069679 2.52177 262.353 0.330157 0.0134358 0.00489777 17.2924 0.217055 9.13791 0.0118977 0.233507 2.54515 18.537 0.840181 6.87566 
0.409319 0.00414188 5.05841 1.91321 1.16608e-05 28.5182 2.94031e-05 0.485856 0.15192 0.135157 0.862087 0.199385 0.0977828 0.00159399 0.396186 29.5541 1.02091 3.94624 
0.0127775 0.0375937 0.00141054 0.099996 0.0325608 47.0874 0.253329 0.00792655 0.102283 0.442247 0.000220513 0.0138142 0.00562488 0.547282 2.1776 18.6622 2.1234 2.68355 
0.0106193 3.59822 6.76365e-05 7.73965 0.237206 0.26538 0.0029578 0.0180327 0.920261 7.22276 2.04468 0.239278 0.0167904 0.775444 7.60487 29.5814 2.30024 5.10418 
7.20766e-05 0.000403975 0.273723 0.00337137 2.91771e-05 0.100119 0.0520391 0.11975 0.000312228 233.598 0.00302811 116.867 8.0866e-05 0.0697074 1.0085 44.8226 2.64882 5.95822 
0.000950106 0.0168721 7.20414 0.215952 0.000930669 0.0116484 3.64536 9.24262 0.480133 110.569 0.11542 215.545 4.49049e-05 0.00337948 2.6697 49.1415 3.27621 4.60782 
1.31245 4.54977e-05 0.00136425 3.95072e-05 0.160829 1486.46 0.000265346 0.000315649 0.00285567 1.07541 0.00484839 4.51314 0.000244427 0.436097 3.92604 28.737 1.23183 7.10909 
0.000565489 0.00735094 0.843732 0.0175875 0.0456581 0.093395 3.71435e-05 7.50379 0.958547 0.822721 0.000323509 50.0425 0.0281714 9.00854e-05 0.658381 19.7435 2.13482 2.32028 
3.14826 7.66806 0.000481614 0.00212093 6.67427e-05 233.65 6.18415e-05 0.000990613 0.0968089 0.340879 0.020917 0.973312 0.00214441 6.58316e-05 1.9185 42.419 0.658311 3.37292 
3.37208 0.000943152 0.000922155 0.000639341 0.428498 30.0563 0.000438145 0.00390936 0.00026439 5.04899 0.0402751 29.251 0.000155139 0.394095 3.8084 15.213 0.652139 8.09907 
1.07623 0.260984 0.160691 1.92625 0.000413221 0.0991263 0.000703408 0.000141093 3.00447e-05 8.22889 0.127756 0.101098 0.00041946 0.192572 2.17681 25.5981 0.70088 9.87052 
2.32691e-05 3.37339 0.00423183 1.74387 1.94579 0.743501 0.00589416 0.0545322 0.0323966 0.259529 1.34893e-05 7.46493 0.00046916 0.868854 3.81594 33.9893 2.43671 1.06205 
0.509435 0.502748 0.0131408 0.00013197 3.20892e-05 198.296 0.000264888 2.33051e-05 4.76796e-05 47.4116 0.177533 0.037521 1.25187 0.292547 5.52168 16.2767 0.640043 6.26854 
0.0407905 0.401397 0.0012492 0.00116798 3.33326e-05 533.067 0.00251852 0.00241072 0.0013729 0.0156944 0.0701627 0.0304354 0.751089 0.000115091 7.03628 33.0208 0.669163 7.28451 
0.000184281 1.25608 7.15933e-05 0.108664 0.281543 19.6509 0.0171877 1.38831e-05 0.0104461 0.0135363 0.0042 0.776705 7.61706e-05 0.153559 3.01604 16.9316 1.24528 7.03564 
0.0365458 1.82374 4.17348 0.454851 0.0170509 36.7495 0.0315636 0.000223715 0.00407885 0.0330884 1.4902 0.400541 1.57016 0.00341247 9.56607 24.9977 2.08082 2.34943 
2.34639e-05 3.04004e-05 0.206255 0.292274 0.000174655 0.0198692 5.32906e-05 0.00414842 6.17879e-05 13.7331 0.0177466 0.0127232 0.0822329 0.61568 7.23449 41.5319 1.81513 1.89863 
5.41432e-05 0.217224 8.26932e-05 0.00196446 0.0930402 0.409166 0.175837 0.92577 5.70807e-05 0.444294 0.000171361 249.282 1.16509 0.0993507 0.521549 18.1227 1.07671 8.9219 
0.00549488 2.42666 0.000406616 2.77151e-05 0.0507275 0.059404 0.297154 0.000628898 7.93662e-05 101.835 0.000745264 1.58017 0.0657749 0.638587 3.2608 18.9584 3.10552 9.18202 
4.16008 0.00380695 0.00014136 0.00780548 2.03539 183.078 0.417662 8.03251 0.00195143 0.127303 0.148243 316.737 0.0875995 0.000701037 2.83274 22.879 0.44718 5.60731 
0.993986 0.000403788 0.00205064 0.000428154 1.18132 0.115476 6.43418e-05 0.00918322 0.00904632 8.61758 2.92718 0.0992898 0.0532179 0.269735 8.23627 43.9054 0.736552 1.47239 
0.00722581 4.98633 0.00133552 0.000579841 0.0668977 36.1961 2.29837 0.000667879 0.144723 61.8048 3.98159e-05 0.184632 0.378408 0.154523 0.998172 38.9206 2.14843 4.86011 
5.0441 0.00523963 5.32299 0.0363823 7.05972e-05 0.466453 0.0180396 1.25308e-05 8.33265e-05 6.35372 0.000591032 35.901 0.00735931 0.0375419 0.764023 24.6179 0.660796 5.8823 
0.00158481 0.0104273 1.26312e-05 9.94609 1.22312e-05 263.244 1.73171 6.21299 0.000158614 0.0342089 0.0296695 242.014 0.00661077 0.165232 2.22118 14.7115 1.23088 9.30649 
0.00199968 0.934197 0.0441471 6.52084e-05 5.30082e-05 1798.18 2.08013 0.124964 0.00343423 0.512195 0.0191808 0.629577 6.26621 3.88796e-05 2.66785 48.9883 1.36941 1.35406 
0.00181319 0.00379128 0.0208109 0.000808338 0.00012709 0.609946 0.127731 0.0011511 7.87127e-05 157.669 5.98435e-05 0.461487 0.00172151 0.0591311 0.33823 37.307 2.94078 5.6254 
2.62701 0.000267041 0.0908532 5.12795 0.00162036 0.179248 0.000151768 1.90965 3.355e-05 0.113076 0.0294152 1.75438 4.28929 0.0415199 2.00306 18.4223 1.17274 6.72075 
5.78315 0.0185389 4.13454e-05 0.0229962 0.851756 137.018 0.000549671 0.0935128 0.104073 48.7803 0.000492759 0.527663 2.74674 0.422731 9.1821 19.2563 0.696387 8.6134 
0.238123 0.0479732 0.233678 6.4152 0.250243 2567.68 0.0285109 0.601621 3.17713e-05 0.0272189 6.04103 0.235092 0.195556 0.400387 5.00596 22.5133 0.865259 4.1214 
7.66299 7.35515 0.869121 0.0721763 0.000114448 0.328009 0.00161876 0.500872 1.47591e-05 11.4617 0.044163 3.62888 3.67605 0.424353 2.52283 18.5037 1.75024 3.25083 
0.0475926 0.000110828 1.00797 0.00169146 5.52847e-05 978.067 0.000125558 1.04095e-05 2.65579e-05 0.1248 0.00024425 0.144412 0.0106486 0.0152191 0.826177 45.1231 0.455314 6.86632 
0.0420322 0.000520336 1.77664 9.39737 2.49077e-05 55.3565 3.44416 0.0150967 1.17224e-05 2.97768 0.721989 0.231842 0.000716017 0.115366 3.13776 36.2726 0.905429 2.42052 
1.4305e-05 0.00488665 7.87583 1.43727 0.00288761 0.0188519 3.44221e-05 0.000121669 0.000743169 0.19027 0.352469 0.0114972 8.37467 0.106489 4.56071 7.32091 2.37496 3.52479 
0.0174291 8.29852e-05 1.82485 7.9793 0.847059 45.6906 0.0311897 0.0625295 0.314731 316.044 1.5453e-05 3.34922 0.0335039 0.167303 1.25153 37.8446 4.54136 5.72294 
0.00302886 0.00224604 0.00410809 6.47634 2.67207 471.154 0.105776 7.2115e-05 0.00159968 0.668205 0.000193135 171.265 0.0152046 0.0254959 1.16134 48.597 0.758059 3.72468 
0.000162779 7.41933e-05 0.000349175 0.00660559 0.0571413 76.1255 0.0146455 0.00210104 8.71457e-05 0.141689 1.1095 0.0589366 0.000904671 0.0413264 0.677199 25.7405 0.798412 7.53125 
0.00302406 4.22562 0.000464382 0.00026392 0.00474878 881.699 0.117439 0.216538 0.0316434 0.0545294 4.43819 71.0326 0.843431 9.71113e-05 2.75007 3.19355 2.01394 4.69804 
0.00295891 0.000130541 0.00282081 0.0143263 0.0169355 2.56781 5.08759e-05 0.147169 0.00730877 0.149903 0.0263248 2.5652 0.0193122 0.0836889 0.535157 41.244 1.32619 0.901956 
0.0326132 0.000338819 0.687833 0.000752615 0.0728101 4.80987 0.0284136 0.509383 4.11053e-05 144.366 1.22455e-05 0.0239927 0.000937946 0.0815618 2.34838 32.5124 0.638385 2.9441 
0.00125705 0.000925724 9.50885e-05 0.00106334 2.13353e-05 1.8826 0.000537229 0.0388553 0.176798 8.01524 9.35605 0.0259635 0.275978 0.243225 1.86142 8.60624 0.92763 7.97556 
0.00107056 2.15381 0.0374553 0.168005 0.00309993 14.3676 0.000164086 0.00049052 0.0618297 5.70734 0.000697596 25.3591 0.00199491 0.000161386 5.01119 34.8876 1.14099 5.00098 
0.000105681 0.212021 0.10449 0.000778517 0.00103086 0.0796398 0.10596 0.723042 1.2191e-05 49.2387 0.00663767 203.812 1.76558e-05 0.352731 1.40153 37.3158 5.01818 5.28008 
1.62468e-05 9.11723e-05 8.37757e-05 0.215104 3.93284e-05 0.552104 0.000856446 0.000382085 0.128594 2.6786 0.00130681 14.0271 0.579074 0.315747 1.11301 18.4381 3.33972 7.98821 
0.0267513 0.0024763 0.00103519 4.9625e-05 0.000977513 12.7736 0.000167506 0.0993207 0.33679 0.262555 0.000358861 15.6518 0.0522205 0.570087 2.25549 28.5595 2.98885 3.11126 
0.769434 0.737445 0.237901 0.129927 0.048446 0.954429 0.0133835 3.8367 0.000942645 0.0874097 0.777634 201.492 3.25622e-05 1.27739e-05 1.89556 21.4213 0.357687 2.79834 
0.00108302 1.88232e-05 0.0272909 0.00935879 1.43326e-05 1926.47 0.291482 4.35943 0.00870355 0.063841 0.000157977 0.118534 0.105441 0.126193 3.09516 36.4018 2.54241 6.8934 
0.000100243 0.000237334 1.45449e-05 0.000494837 0.256548 0.0576134 0.009949 2.60493e-05 0.00750793 0.0830172 0.00284661 0.504507 0.365422 0.057458 1.94033 38.2238 0.837678 2.32668 
1.34898 0.106429 9.59204e-05 1.02137e-05 0.0783407 1.44371 1.28337 0.51739 0.0193416 0.837417 0.32722 0.161448 8.0497 0.00149041 3.69767 18.3847 2.19922 2.2146 
1.72087e-05 0.135567 0.0137849 0.000512385 0.568134 0.767783 0.034423 2.83575e-05 0.000597178 10.5481 0.000242543 5.18357 0.00782393 0.588822 3.3719 30.6903 1.61761 1.26828 
0.735866 0.000598646 0.0686284 0.0494443 0.000152997 0.246156 0.000302453 0.449752 0.0281041 0.382608 1.2862 10.9384 0.019506 0.0011203 0.402884 21.6402 4.85725 9.50765 
0.281064 0.00171572 3.69183 4.55504e-05 2.27874e-05 2.49384 0.000554379 0.00238458 0.015907 1.34594 0.00106616 1.67743 5.91811 0.102001 0.380622 31.8864 2.03709 5.91514 
0.0983218 0.970743 0.686511 0.00171991 0.115882 2369.91 0.436497 3.54092e-05 0.0662978 15.5043 0.343923 0.209098 0.260434 0.00584124 0.791654 45.7613 0.802211 7.54121 
0.0266187 0.0273198 5.48714e-05 0.0577028 0.0504843 459.968 0.0105252 0.287287 0.190629 0.0905435 0.000298736 0.5737 0.000351114 0.0410789 1.17635 41.4403 1.97172 9.20257 
2.80257 0.000810301 0.00300581 0.171423 0.0112902 0.109461 0.33512 0.0306209 0.00697683 0.254857 1.67418 0.0364191 0.0783531 0.0160811 0.732862 31.974 2.58764 8.61237 
5.2661 0.135685 0.00383656 0.00552696 0.00421254 0.171978 0.0127408 0.019213 0.000626692 0.339758 0.030517 42.3795 0.000246931 0.395411 4.63164 18.193 0.974317 3.41229 
0.0143693 7.62315 2.0429e-05 2.72389e-05 0.00642488 0.981294 1.73907 9.84034e-05 0.0015757 7.01766 0.0582635 20.9124 0.00155704 0.702701 8.4597 29.5155 1.25396 2.27158 
0.0340388 0.194581 0.00705872 0.0236897 0.393583 319.097 4.26013 9.20023 4.88301e-05 0.0127238 0.000616541 0.805778 0.250609 0.0360766 0.382994 23.0516 1.80652 8.62768 
0.000637864 0.00290362 1.71324 0.0423805 1.4696e-05 0.025657 6.11152e-05 0.547989 0.948424 153.967 3.50754 369.386 1.38316e-05 0.00018398 9.67273 17.8911 1.16915 2.66799 
2.90253e-05 0.0119481 8.93553e-05 1.05131 0.0377274 0.445494 0.00409189 0.000229181 0.000666981 16.1373 0.000299766 2.44361 0.0115316 0.277252 2.98496 29.5217 1.16465 3.43365 
0.000647667 0.000232709 0.0251743 0.936177 0.00458525 83.9062 5.18491e-05 1.82865 0.0366228 0.0318983 9.06871e-05 3.84537 0.000420273 0.0636726 0.77422 28.0052 1.11673 2.48735 
1.92431 3.87883 7.86329 0.0484904 0.000178273 10.7586 0.00545701 1.17998e-05 0.0325175 0.587948 5.10573e-05 0.0201571 4.99845e-05 0.0259198 3.08975 47.3383 0.974018 6.14297 
3.46773e-05 8.99792e-05 0.0078084 0.552633 1.08493 122.903 0.000141924 0.0665113 0.0356556 0.0149465 0.000563173 192.165 2.35656 6.36561e-05 9.87215 13.4927 0.338191 7.25942 
0.651828 0.266587 1.37334e-05 0.00811993 0.158554 0.215443 1.29253 0.00899432 0.00739963 0.0501306 0.0770711 51.4711 0.515771 0.411617 2.69273 27.1205 2.14802 1.60801 
0.00105473 9.67344 0.000602168 0.0194791 0.0313935 0.490016 1.72114e-05 0.00210833 6.0407e-05 15.9445 5.13894 8.98198 0.26946 0.000269211 2.84159 41.068 0.445212 4.92949 
0.316118 0.00262991 0.00160494 3.85821e-05 7.42016e-05 1546.86 0.000176177 0.00617811 0.0112678 6.10427 2.74447e-05 0.0243859 0.00014338 0.228168 6.25706 38.0158 1.07325 2.8366 
0.00427659 0.136562 0.00965951 6.15926 0.000409811 0.14287 4.92125e-05 8.92918 7.08349e-05 1.63713 1.75432 56.7643 0.000167705 0.0372234 0.187936 32.788 1.67815 8.84548 
0.000443914 0.0111292 0.0017225 0.147605 0.00430339 116.192 7.52935e-05 0.348111 3.81435e-05 159.228 0.312459 0.0159797 0.0010815 0.361102 3.13577 13.2293 1.62141 9.71955 
0.00719605 0.00142757 1.36354 0.023103 0.00225135 10.2683 2.59045e-05 1.23325e-05 0.0484896 18.8844 0.000104191 0.424033 0.000229283 0.0137126 1.01228 49.238 1.01104 4.06827 
0.0073005 0.00152348 0.0136851 0.212725 8.00975 112.904 0.000284938 0.00108572 0.000153984 0.0107066 8.17596e-05 0.220522 0.00173609 0.0416326 1.13091 43.137 0.406339 7.49125 
0.00098855 0.000102274 5.74237 0.0036603 0.652957 0.774237 0.0639419 7.87441 0.691111 1.75231 0.470932 33.0339 3.8708e-05 8.72941e-05 0.565963 30.3562 1.43153 4.48683 
0.0408804 0.720566 4.86159e-05 0.17483 5.69075 0.044267 1.29178e-05 0.623448 0.0420413 0.0109185 1.30692 5.22443 0.000151029 0.00502991 0.885043 25.2574 2.36676 3.81853 
0.00697457 2.76223 1.27196e-05 0.00337268 0.00200682 0.092818 0.44095 2.17661 0.00261112 0.0872432 1.07884 143.102 0.00165726 5.3329e-05 0.703782 28.3002 4.70448 1.19469 
3.15825 0.0103233 0.0001096 0.389239 0.00168649 1.23938 6.42652e-05 3.92527e-05 0.000361139 0.0168663 0.000441935 171.089 9.46388 0.384665 2.09528 28.1281 3.06471 2.25659 
4.83262 0.0133468 0.0818972 0.00110777 0.000610233 0.0186971 0.00616982 0.0566394 0.00166271 3.21734 0.842144 0.228474 0.00041982 0.449543 3.31199 34.4312 2.99915 4.70985 
2.69771 0.446838 0.000169018 0.00213448 0.13751 24.832 2.50096 4.97978e-05 0.00277921 57.3613 4.65544 2.74493 0.0570173 0.000164283 0.540794 38.8157 0.543144 6.886 
0.0417692 0.000288518 0.0790982 1.61948e-05 0.00241216 410.972 0.00186424 0.662515 0.000114874 4.64735 0.470651 6.24497 0.0022038 0.249732 1.68437 15.2337 1.3494 4.08305 
5.94538e-05 0.020795 2.2171 0.207325 6.36029e-05 0.0923298 0.00350295 1.41169 0.00143188 1.96862 1.9216e-05 188.027 0.00126113 0.0426761 1.41758 42.2485 0.411121 6.62437 
0.32278 0.00196037 0.0666725 3.47469 0.311597 0.673392 2.91265 0.00236778 0.00262093 5.74077 8.7053 3.52899 0.173466 0.00232264 3.9255 41.8553 0.394013 8.83749 
3.25403e-05 0.00377345 0.00602776 1.52989e-05 0.18087 3.00348 8.58931 0.0035888 2.15634e-05 264.637 0.000104985 31.446 7.40287 0.11495 0.527238 14.6352 0.957296 8.74679 
0.0113534 0.000591435 0.390562 0.0213916 0.000146333 40.0646 1.34262e-05 5.39707 0.00429502 10.8477 0.249447 11.978 0.00222589 0.593763 8.95497 19.4506 0.9191 8.16118 
0.00134735 0.00650177 0.0768084 2.32325 0.000727213 0.505309 8.02218e-05 0.0481078 0.297989 88.3117 0.130575 138.466 0.00521203 0.00361418 2.91501 11.1894 0.911114 6.36617 
6.91187e-05 3.08994 7.00101e-05 6.07389 0.000461521 0.487586 1.63691e-05 3.4176 0.0490952 1.23272 0.00572042 304.466 0.0294627 0.000403227 0.357383 19.0543 2.09747 8.23494 
0.000217569 0.00039112 0.00021991 0.00047897 0.00219777 80.3566 0.0341248 0.729521 0.0411918 0.188108 0.0601976 18.0993 0.0208193 0.000273449 0.891268 31.0379 2.07134 5.90351 
1.54804 0.143758 0.272438 0.0110986 0.834083 28.6892 0.000577314 3.0311 0.0001471 3.62254 4.64179e-05 1.50293 3.85981e-05 0.271801 1.84189 42.6659 1.07234 7.02803 
1.90057 0.0405264 2.15829 1.20609 0.186675 26.89 7.66601 3.51924 0.00330374 136.67 1.29795 135.42 3.65684 0.00226372 1.69439 49.9568 0.839048 1.43192 
0.000230555 1.4176 0.678426 1.22802 0.00113203 6.06948 2.00852 3.10732e-05 0.000303894 0.0760007 0.000565416 0.786745 3.50413e-05 0.0526881 0.458845 39.7006 2.5199 7.46441 
0.0301872 3.08073 7.05846 0.00404721 0.0306584 0.0638382 1.57308e-05 0.000150949 0.168809 0.425347 0.000101983 0.0467364 0.000563074 0.928999 6.15573 46.7951 2.97706 2.88839 
0.0216435 3.81597e-05 0.0261995 0.633153 0.0023483 3.20058 3.21084e-05 0.00184962 0.000176267 0.330244 0.0632664 0.0580412 1.34241 0.000300298 0.631777 39.46 1.60027 2.70282 
8.59583e-05 2.83155e-05 0.192775 2.61713e-05 2.31825e-05 0.0252019 4.23995 9.86608 0.00187662 0.504217 0.00102158 1.50891 0.00134725 0.0256326 0.197205 40.3515 1.8571 8.45198 
0.004204 0.000855929 0.0634935 0.231522 0.0459133 1459.05 0.121852 5.91913 3.14378e-05 0.191124 3.74923 0.0668755 1.7643 0.000170762 5.36793 20.6422 2.62517 8.389 
0.000697519 5.24735 0.0106907 0.002161 3.51925e-05 2.92651 0.00124866 0.000109283 0.00241099 0.9295 7.96787 0.0701105 2.0677e-05 0.0175985 0.924845 45.1306 0.41034 8.09188 
0.0407739 4.79065e-05 3.4241 0.000731015 0.258227 8.8756 0.0263121 0.000141733 0.0028496 0.186686 0.0113871 0.531581 1.09707e-05 0.274282 4.91288 21.5367 0.687007 8.9652 
0.0521228 0.000971685 0.0016467 0.365665 0.0202218 12.3038 1.75648e-05 0.149809 0.0125908 6.9606 0.0535638 177.002 1.33214e-05 0.0036654 2.09804 47.8184 4.88951 2.99202 
0.0211064 0.0462222 0.247685 0.247397 0.000359278 13.9761 0.00986733 0.354317 1.59089e-05 0.173861 6.73152 0.554699 4.04158e-05 0.144555 2.29367 35.472 1.54474 8.86713 
0.218778 0.00826771 0.000960928 4.32069e-05 0.00372364 421.162 0.0152461 0.000497903 0.262101 0.0271816 9.85967e-05 0.146859 0.0010814 0.508882 2.06497 46.0895 2.49316 0.862103 
0.000490661 7.23409e-05 0.064536 0.000344804 1.76173 86.7855 0.00431136 0.141752 0.0930397 0.254609 0.00614209 224.237 0.00836438 0.303503 9.20606 31.7771 0.833941 1.86062 
5.00949e-05 0.0234872 0.398607 0.199784 4.10532e-05 25.9737 0.000164407 2.27457e-05 0.00307769 17.3654 0.0623692 2.54803 0.15268 0.178254 1.04435 13.8736 1.95294 7.55023 
1.84126 5.33116e-05 0.00120754 0.000345495 3.95434e-05 1950.42 0.00605157 0.165211 0.00325405 0.0702322 0.0145484 12.9542 4.06996 0.00242409 0.738462 44.5896 3.43292 6.28903 
6.60143e-05 6.66636e-05 3.60742e-05 2.08172e-05 0.0565286 0.0135368 0.000357878 1.90926 0.064769 435.02 1.26403 265.792 1.63907 0.0100246 6.54347 19.1887 3.04235 2.66224 
6.09988 2.59563 0.000146925 2.92414e-05 0.00726838 261.722 0.000559063 0.000430823 0.589322 1.78596 0.0064676 23.6335 0.0954512 0.665349 3.45642 32.5438 2.29729 2.0242 
1.70937e-05 0.556199 9.95244 1.02544e-05 0.000369029 0.052248 0.00216587 4.9924e-05 0.000205676 1.07161 9.54984e-05 0.0190331 0.0204097 0.453882 2.5591 11.1867 1.4029 9.75257 
0.000107468 7.43418e-05 8.1276 3.53212 0.0322825 2160.74 0.00348092 0.000206266 9.13091e-05 0.0163386 0.0113127 0.13635 0.00150254 0.200636 1.14409 21.1678 1.4617 1.67782 
0.0104283 0.34382 6.27982 0.00138476 0.0666725 1668.02 1.90254 0.00170396 0.0280957 0.0233081 4.80359e-05 81.3922 9.12965 0.0366062 0.524774 28.3591 1.02613 5.73059 
0.00116207 0.00788662 0.00550713 0.00491258 0.0752854 0.180183 0.000765445 0.0461996 0.00103557 490.435 5.4566e-05 0.010744 0.0107208 0.0144252 0.523105 37.0008 0.624532 7.79351 
0.000276276 4.00972e-05 0.117697 0.0504052 0.0054055 460.566 0.0256725 4.05105e-05 0.000245235 6.8214 0.00239285 150.883 0.245012 0.117427 2.99111 25.7726 0.953529 6.22888 
0.0788187 2.39391 0.542467 0.00140199 1.98207 1.48608 0.00209449 5.57129 0.0815477 2.5304 0.160264 499.735 0.00543109 2.3654e-05 4.49219 6.74928 0.313786 5.38148 
2.94152e-05 0.156755 0.00954619 0.00210675 0.016761 11.4825 1.13146e-05 0.000396668 0.00112543 3.98171 0.0460072 0.0194215 7.45446 0.0169513 0.721371 37.1155 5.82223 6.52673 
0.00356049 0.000236478 0.341845 0.00405285 0.145865 0.550657 0.050581 0.117199 0.0215801 0.463556 1.72344 439.503 0.00932055 8.99069e-05 0.338682 18.4675 6.41902 3.56156 
1.96225 0.000468892 5.75458e-05 5.15174 0.0630658 2.28425 0.0872854 1.70979 0.503682 0.163037 8.39115 115.115 0.123043 0.000154707 6.33743 3.18421 1.74088 8.25097 
8.45468e-05 0.244066 0.728629 0.000376324 0.0134147 4.86459 0.00011556 0.0684672 0.0814889 83.9523 0.0742786 4.51525 0.430631 0.56513 2.08289 22.5438 2.5313 7.99873 
0.189278 0.000101326 0.109598 0.343578 2.4041e-05 0.0437725 0.343524 0.0768489 0.590272 315.309 0.00200523 0.0939071 0.00124579 0.207311 2.54483 18.5675 0.679009 8.55212 
0.00058557 1.83646 0.000153464 7.6871 0.470767 7.63071 0.000132663 0.0283624 0.0229868 54.2861 0.0331566 0.201104 0.0497096 0.314605 1.33896 10.2345 1.43494 7.72052 
0.0190997 0.000107323 0.0906637 0.000117389 6.69904 0.370106 0.006136 9.28343 0.150332 0.0285718 0.00267855 0.0433672 0.0410125 0.104336 0.925793 19.8351 0.937878 7.69479 
0.0556136 0.20256 0.000107735 1.00805 0.01588 0.662291 8.22115 0.0116729 0.00123025 7.25199 0.041451 0.0225306 0.0948262 0.254142 1.06022 28.622 2.57804 1.68069 
0.000113147 3.63543e-05 0.118497 7.66369e-05 0.00594282 104.85 1.65376 2.86242e-05 1.31522e-05 37.7124 0.00674773 0.0217362 0.000240371 0.428926 1.97886 19.1272 3.09012 9.11645 
0.040283 0.940793 0.291829 0.912158 0.266617 0.0406129 0.00139166 0.0615042 0.0420162 3.60871 2.46193 36.6425 6.00757 0.0013993 3.27852 21.9835 2.9174 3.22215 
0.000277375 0.221406 0.101063 2.77028e-05 0.000379772 0.103222 3.53126e-05 0.0630903 1.38744e-05 494.584 0.145088 0.0143012 0.0195368 0.128186 1.89677 39.9906 0.550957 9.63718 
0.182265 2.25712e-05 2.39983e-05 2.09695 0.579863 0.422858 0.813807 0.00846701 0.000534659 3.09229 0.39044 5.06884 0.0409482 0.0499657 0.407979 29.15 0.796598 9.0153 
0.481559 0.462879 0.000198397 0.0285747 0.00225427 1.38605 7.92527 0.306093 7.10019e-05 0.0656593 0.00111042 0.123052 3.73416 0.784209 2.83076 23.9603 2.54544 4.42426 
6.8432e-05 0.000280257 0.00189254 0.00281993 5.48141 6.55152 4.86753e-05 0.000165405 0.000111734 478.116 0.179531 1.77997 3.46799 0.537341 1.88584 10.4181 1.78872 4.86315 
0.115187 0.000166434 0.000139186 0.0021374 1.78371 93.0665 0.000852357 0.00302229 0.00199152 0.3255 0.127606 0.576055 0.395775 0.453896 2.66026 39.7736 3.48151 2.60885 
0.00371525 0.000248055 0.000219669 3.588 0.00923243 383.45 0.000250556 1.83666e-05 0.00397944 2.34806 1.72368e-05 0.018696 3.1895e-05 0.378568 3.16851 47.6442 1.64876 8.80635 
0.000385809 1.76221 7.56837 0.193632 0.105315 14.6617 0.559836 4.06695e-05 0.000281862 0.0112793 6.34303e-05 0.116963 0.000602411 0.226304 3.81869 39.1266 0.702707 7.38783 
0.000115312 0.0664503 4.48951 0.0504114 0.00119882 1570.02 0.19077 0.000348188 0.34359 0.192908 2.00572e-05 8.32706 0.00145005 0.0370863 0.281808 46.4781 0.999664 3.45563 
0.00119879 0.000359797 6.08141e-05 0.00119689 0.0430892 277.191 0.351948 0.00353854 0.01247 0.196277 0.0489484 356.516 0.0101357 0.00347975 1.33169 8.81164 8.48174 6.72005 
0.000847426 0.41152 0.537523 7.16695 0.448824 471.971 0.105216 0.0425907 0.467918 0.12249 0.00686007 12.4762 3.32444e-05 1.02133e-05 6.02257 27.0201 0.570914 7.16406 
0.348608 0.447304 0.000209404 0.0460658 1.38363e-05 31.7057 0.244831 0.0100281 0.0002161 4.49902 0.00256477 85.5156 3.47853 0.0760606 2.80504 48.861 0.432388 5.55253 
2.10977 0.0101334 0.001735 2.27115 1.82694 1463.59 0.000128141 0.277523 0.0183463 0.389739 0.000955124 318.274 0.272319 0.942827 1.49105 6.60052 2.79688 7.72355 
1.01201 0.000732042 0.000146198 3.11621e-05 0.0323616 4.55328 0.00424188 5.22019 0.0284388 0.538049 0.208869 4.44397 0.00106975 0.040752 0.359214 28.8385 1.71251 8.13767 
0.000317079 0.00035903 4.14845e-05 0.0374883 0.00140247 24.7688 0.000166185 3.62151e-05 0.509795 190.811 0.0059842 1.17412 6.0813e-05 0.000188039 1.98316 43.1304 0.475311 7.65306 
8.81611 0.000169611 1.03401e-05 4.09784e-05 9.30226e-05 902.492 1.13801 7.65223 0.512126 10.6229 0.134412 325.786 0.319129 0.000359938 0.497532 49.6237 1.91185 0.722449 
0.0678842 1.85746e-05 0.66508 3.77351 6.18859e-05 32.6537 0.379172 0.00119539 0.250697 0.015094 0.000369323 49.8213 0.387326 0.484296 3.20487 10.8954 1.14183 4.65854 
0.000303606 0.000823776 0.000496855 0.00406075 6.7285e-05 21.1522 0.00129328 0.0419239 0.0222621 0.207429 0.0279965 38.4285 0.0562293 5.10765e-05 2.04713 17.4514 2.95742 5.53795 
0.0287367 0.000232699 0.000132017 0.212601 0.766108 0.139724 0.000174528 0.2193 0.248209 0.0105505 0.0169177 1.22871 0.0640668 1.08583e-05 0.699967 38.4192 0.991482 2.98647 
0.00137089 0.00128004 0.000114433 0.000440837 4.43105e-05 0.170619 0.0522337 0.0243994 0.0020092 11.8087 1.84338 375.378 0.0178823 0.000447004 1.5443 11.2598 8.18427 7.20532 
0.000154577 1.63009 0.0740215 3.68828e-05 0.00195298 249.243 0.00147671 0.0179439 0.137861 0.252979 4.56065 0.0962446 0.00058552 0.0535394 1.88685 39.2211 0.636386 3.053 
3.02369 0.00682218 0.051227 0.00160262 0.353737 1.06366 1.25692e-05 0.0358319 0.234896 48.6655 0.0185773 464.068 0.000119341 0.00746799 0.409343 13.3102 4.41537 1.89994 
0.0205616 0.000111754 0.0329105 1.05494 0.00141196 14.3004 0.0931951 1.51705 0.0023076 0.11802 0.145128 3.40013 2.19005 1.00022e-05 2.77644 30.4998 1.30863 0.852485 
7.92767 0.0849967 1.6044e-05 0.0287479 5.45795e-05 22.9473 6.89201e-05 0.00593546 0.0105555 0.704327 1.25943e-05 0.212433 0.000106381 0.0693787 0.22158 39.0284 3.09861 5.15799 
0.0215879 2.13555 0.000851316 0.767837 5.11361 985.86 2.87297e-05 2.91069 0.0243618 0.0311723 1.67142 245.671 0.00233671 0.0329328 5.52826 8.04526 0.383805 4.38685 
0.055323 0.616041 0.327991 5.93425 0.019777 11.3018 0.404419 4.96036 0.000351872 0.0150596 2.17839e-05 41.2414 0.000503278 0.920183 7.0003 33.6096 2.62305 8.89076 
0.000616365 0.164827 1.8273e-05 0.210029 0.000284433 0.0774474 0.00324134 5.07565e-05 0.00316008 98.6153 1.24869 10.2542 0.000285166 0.405397 3.63314 11.7595 0.921538 9.99177 
0.000120012 0.0200813 0.00695015 0.00205255 0.523096 303.888 0.00184464 0.0329566 1.90781e-05 3.11564 1.60558 3.30545 3.38067 0.000378964 6.85729 22.2574 0.893257 6.10462 
0.0870358 0.590207 0.00438825 0.000184783 0.106465 10.2573 0.00195017 0.558148 0.195547 0.0195498 0.0617112 7.37949 1.23004 4.19947e-05 2.29052 28.7535 1.61043 2.5108 
4.02225 1.56788 0.000312502 2.97747 1.14528 2305.32 0.490998 0.28393 0.248146 32.5448 0.0147395 338.377 1.32236e-05 0.0551649 9.59871 28.6799 1.57411 1.70647 
0.000105777 9.2804 0.703265 0.00496573 0.166316 18.2414 5.1678 2.78258 0.00280472 0.1275 0.272336 7.07754 0.0387231 0.200673 1.78616 41.775 0.900438 5.55597 
0.0481697 3.25447e-05 0.220823 1.92694 3.16475e-05 132.781 0.000121634 1.16823 0.0972796 139.931 0.045401 0.0638433 0.000217238 0.111612 0.337632 27.657 3.35166 5.81278 
0.049081 0.034377 0.000823299 4.58276 6.59831 281.435 0.171549 0.000145731 8.08113e-05 0.132775 0.187771 0.0121051 0.00539524 0.0143323 1.25585 49.2824 1.46033 9.24355 
1.19464e-05 0.188345 8.64343 0.106085 1.90747 163.496 0.00188826 0.0214304 0.00140947 12.7426 1.01668e-05 2.75151 0.279194 0.555808 3.20326 28.0036 2.36328 6.87672 
3.18876 0.0442809 0.00100906 0.000123658 0.150796 0.815102 2.85979 2.03254e-05 6.59692e-05 1.93837 0.428406 0.108918 0.220704 0.975826 7.74454 25.3085 1.39748 6.30121 
4.3534e-05 0.03888 0.000220546 0.104015 0.00430916 85.4017 0.00747598 3.6907 0.00022516 0.0663606 0.00624817 40.7397 1.69485e-05 0.0265406 0.898833 48.4387 1.38001 5.70195 
3.42889e-05 3.00059e-05 0.78488 0.000305793 0.00189316 0.0330958 0.000196695 0.00146937 0.0408877 36.2689 4.13249e-05 0.797727 0.000583637 0.0413148 4.40738 46.3769 0.598948 5.83705 
9.59671e-05 6.90967 9.69295 8.13488e-05 2.04715e-05 3.10416 8.30902e-05 0.0294739 0.000478975 0.0126232 0.0281511 77.4862 0.000372759 0.236633 1.47611 38.8788 3.48941 2.46408 
0.00528974 1.13926e-05 0.519151 9.55112e-05 0.0794331 3.60313 0.00272855 7.98498 0.0231671 0.392406 2.98459 391.111 0.0248959 0.000772663 1.03495 5.02971 4.9468 6.66613 
3.37485 1.36207e-05 2.49185 0.233104 0.307927 0.0164123 1.5566 1.25596 1.4941e-05 2.33277 0.00294401 103.888 0.0058542 0.180699 3.18761 39.8629 2.76394 6.22761 
0.000934814 0.0544228 0.000381375 0.000145039 0.00136703 12.3318 0.000943707 0.0222301 0.0803729 0.744046 6.08564 60.544 0.0243224 0.000485608 3.51867 28.6983 3.3995 1.03715 
0.00014766 0.148071 0.00168186 0.842018 0.235092 131.258 0.153576 0.0975616 0.276956 412.803 3.65426 19.3121 0.0182241 0.000334049 0.595485 43.8997 2.17554 9.19422 
0.953066 0.243423 0.000973872 0.000773655 3.91041e-05 1.55163 0.122217 0.000123958 2.73324e-05 0.0233656 7.54026e-05 1.22783 4.74789 0.0908193 0.901902 26.3915 1.01865 4.04141 
0.0312233 0.0542156 3.44072 0.0747747 0.00647851 0.0863964 0.0822272 2.33604e-05 0.0209121 4.85994 0.000296598 96.5438 0.327524 0.0229961 1.29314 46.6339 0.93177 8.04822 
0.123433 0.205222 0.741893 0.120786 0.000736818 2316.25 0.00626233 0.032545 2.28452e-05 0.0103514 0.000233434 0.0255494 0.00143488 0.0537331 3.62206 45.4227 0.83264 4.13505 
0.000671166 9.09492e-05 4.14165e-05 0.000274384 0.424552 2742.03 2.15447e-05 1.41053 0.171253 1.74345 0.00961838 6.73778 0.247165 0.0428915 0.749234 30.0625 0.995859 7.70146 
8.18309 0.00899805 0.000795636 0.000294577 2.35855e-05 2.88933 0.00899532 4.49125 0.00981888 2.95722 0.0333571 0.0347794 0.0027834 0.233483 7.15161 32.6957 1.12226 8.0504 
0.0825183 1.05109e-05 0.171248 2.06413e-05 0.00012793 293.728 0.000338905 9.99651e-05 0.00308563 0.138402 0.235641 0.962907 9.73811 7.53008e-05 6.13688 16.4998 3.74678 4.81051 
0.000431337 0.000229669 0.167016 0.000842571 0.797688 0.0296762 0.000544746 1.77531 0.000170895 0.425483 0.0147991 108.036 0.000532416 0.0661947 0.420505 43.2887 3.23201 6.52311 
0.000796884 0.219756 0.648363 3.01687e-05 3.45051 1790.53 0.000905448 0.906504 7.19296e-05 0.268681 0.0223315 349.313 0.000383131 0.0128129 0.361357 36.8598 1.31906 7.3353 
0.384184 0.00620375 0.0583689 0.000134841 1.56284 17.2167 1.38804e-05 0.92885 0.0260754 0.680769 0.842508 240.917 6.14528 0.177045 2.13766 5.79214 2.65483 5.90298 
0.000273452 0.30733 0.000137378 0.000345485 0.000103559 0.0388625 0.00104164 0.000332363 0.136854 0.980885 0.000489467 0.456619 0.000306187 0.0488575 3.25666 44.1361 1.04827 5.40629 
0.000493678 4.95422 6.22376e-05 0.251705 0.181841 1579.38 0.0422021 0.236433 0.0259154 0.0866996 1.71944e-05 6.59125 6.14847 0.896789 2.2038 35.1286 7.21873 6.77008 
0.0023323 0.207016 0.000101384 1.3711e-05 0.248663 0.664739 0.657032 9.35217 0.0124707 35.8705 4.43278 25.7905 7.27703 7.38465e-05 3.77754 47.2521 3.78203 4.55182 
0.00354523 1.98989 6.83242 1.40083e-05 3.70247e-05 1295.49 1.31577e-05 0.0336597 0.00444865 0.0268733 6.74374 188.478 0.000432667 0.000955234 4.57746 23.7704 0.884908 5.79664 
2.09606e-05 0.000200291 0.230578 0.00309548 0.0327859 4.92871 1.26153 0.146012 0.00361777 15.0605 0.00072291 0.0589628 0.011131 0.681537 2.68375 22.3151 2.62003 2.59298 
0.0233767 0.000228825 0.0574284 1.32705e-05 0.000102314 2024.89 0.317227 6.84106e-05 3.55308e-05 96.1659 1.20716 23.9439 2.21871e-05 0.452713 1.53214 13.6036 3.1717 8.7936 
0.000156634 4.03178 0.00568782 0.000172196 1.21774e-05 1150.49 0.00186732 0.446032 0.00171203 162.917 0.00294813 1.52381 0.000142409 0.0977974 1.88823 25.1491 0.664328 8.21416 
0.0267599 0.00126563 0.0235328 0.000728106 7.50907 262.712 6.00385e-05 9.21487e-05 0.0284596 2.75458 0.00590904 0.214474 1.85606 0.381434 2.98372 34.1808 1.29711 1.9242 
1.1631 0.608195 0.000144798 5.24823e-05 0.000159229 0.192525 0.244023 0.122114 0.00307112 0.338631 0.00119576 0.072865 0.222725 0.0682122 1.96198 28.8708 0.901224 4.74039 
0.0135148 0.00182448 5.18418 0.201834 0.0969537 0.235732 0.0289638 1.11124 0.000179309 0.999561 0.00468044 4.99444 0.00043617 0.127989 3.79089 48.0119 1.29664 3.18314 
1.38792e-05 0.0048178 3.89048e-05 4.57248 0.00941858 121.052 0.00048512 0.221889 0.00369337 0.340034 1.36078e-05 0.0836576 0.000119583 0.718422 5.45675 32.6835 2.60975 3.53617 
5.31085 1.01349 0.0977023 1.41972e-05 0.000409234 2.16312 0.00413418 1.85892 1.74905e-05 154.188 0.0154597 44.676 2.39076 0.389122 4.9437 28.4521 1.32614 2.33937 
0.0953523 0.000295926 0.104844 4.94563 1.41124 32.4183 0.04689 0.127231 0.00332013 0.0719993 0.138278 300.465 2.81282e-05 0.209283 0.45182 24.8555 5.76158 1.7244 
1.15035 0.219923 0.989786 1.99886 0.999323 0.0342096 0.00451592 2.40357e-05 0.0130438 50.9536 0.806838 6.51702 1.40667 0.00060785 0.591897 47.8784 0.397085 4.56202 
0.024235 1.39405e-05 0.00559894 0.569432 9.40558 0.11071 0.000667271 0.0444246 0.227726 0.0354922 3.6476e-05 0.822239 0.00437419 0.765952 2.65468 18.1989 3.99109 8.73309 
9.38479 0.000598996 0.0773529 0.00527179 0.0117575 1.92415 1.24934 0.00802212 5.15061e-05 0.0427434 0.209342 22.3157 0.0251039 0.0401127 0.275011 40.8488 3.04211 7.44992 
1.67109 1.37691 0.00193164 0.832455 0.00073639 0.17146 0.157892 0.00381078 0.0675854 3.27883 0.158386 4.20349 0.00138284 0.0230971 0.379415 48.778 0.904148 6.4269 
0.000408333 7.078 1.11235 0.014789 2.53313e-05 0.0989415 0.805931 0.0284225 0.0048638 16.2229 0.134737 437.152 0.59343 0.00223151 5.38934 9.83016 1.35404 1.4252 
0.00418957 0.0118838 3.17965 0.334163 0.000107865 0.0228575 0.132123 5.65893 0.091654 6.99678 0.114046 17.6413 0.348541 0.263535 1.63553 34.4375 3.55196 4.18881 
6.64378 0.0233014 9.96833e-05 0.337367 0.0148154 1803.29 0.108 5.98782e-05 2.25627e-05 465.593 0.413045 0.614426 0.00104168 0.02821 0.781173 38.6887 0.847631 7.9901 
0.000258609 0.75948 1.3044e-05 7.82322e-05 0.0271478 12.2076 0.00010417 1.23595 0.0776795 0.180086 1.561 19.5464 0.295263 0.00310424 1.48349 28.3996 0.969268 4.03723 
1.53284 0.497236 0.648988 0.000494963 0.000202628 188.892 0.244725 6.49622 0.483486 0.166224 1.06048e-05 21.8867 0.00411199 0.0404842 4.73301 44.9107 0.596807 7.87385 
0.0190598 2.71053 0.0131952 0.000118217 6.91248e-05 2510.48 4.91688e-05 0.000113728 0.00108604 10.5924 0.00106085 1.23214 1.11017 0.0381724 1.98592 49.4826 1.04755 4.24339 
1.51044e-05 0.0661326 0.213447 0.044939 0.000734763 1.2384 1.40228e-05 0.862232 0.025811 3.97496 0.120136 191.558 0.000713891 0.00558906 4.70572 13.3978 2.09618 4.11248 
4.93413e-05 8.18301 1.80448e-05 0.000257466 0.834136 0.0763784 0.000238776 0.480695 0.00267165 0.0790369 4.31421 0.0194059 0.266372 0.0272688 5.26309 32.904 0.677398 8.59832 
0.0525769 0.0765015 0.0261657 0.0166642 0.0341725 0.28952 0.0150591 0.153833 0.217981 5.20813 1.44472e-05 0.0127525 0.0558578 0.0526241 1.1194 43.1844 1.69656 4.45328 
9.09708e-05 0.231729 0.000701243 8.73411e-05 0.000935527 113.098 0.000109388 0.00139252 4.36339e-05 389.202 0.0196927 0.0771219 0.0150903 0.172552 3.24279 13.3742 0.667947 9.4931 
0.000211729 0.602941 0.0848188 0.000236843 0.977175 288.793 0.00822374 0.00818864 0.0939692 0.844245 0.00213451 0.0455262 1.12401 0.327721 2.28445 45.7847 2.93572 3.27097 
0.00238875 0.00187357 0.000197128 1.97309e-05 0.00715437 101.323 1.77514 0.273719 0.00163887 25.3674 3.54029 234.48 1.37513 0.00139087 0.269315 44.6807 3.06313 4.78987 
0.000198877 0.0929063 2.19562 0.461738 1.71939 84.4053 0.0287315 0.00501956 0.00716245 62.6983 0.0148117 0.607456 0.23741 0.713126 2.46532 20.4149 2.38449 3.02586 
0.000436311 3.32893 0.00337519 0.000423941 3.53376 0.814816 5.75553 0.000489249 0.000267558 2.08667 1.1114e-05 166.759 0.13716 0.0420713 5.45451 48.6977 0.939459 7.98987 
3.01485 0.038847 0.168071 0.00097687 0.000657739 0.670919 0.0194522 1.30343 0.00668925 0.0135943 3.93244 0.0233154 0.00507243 0.0669931 1.85064 41.3516 0.92294 8.4481 
4.31991e-05 0.487859 0.537654 7.67553e-05 0.0395894 0.645648 0.277341 0.033739 0.0680351 0.0652844 0.0702801 0.123617 2.42264e-05 0.0974058 0.431982 47.4843 4.3606 6.67344 
0.0594023 5.52284 9.78423 0.00143215 0.495741 10.3487 0.000684212 0.56411 0.226107 0.635985 0.0289531 0.0484407 0.00147537 0.177267 3.8261 39.5987 2.67638 7.5272 
0.0711428 0.0365829 0.000199263 0.349425 0.162728 305.285 1.74671 0.00707133 0.197446 191.143 0.0906072 92.6028 0.238416 0.0768791 2.81517 34.3127 5.40617 5.66713 
0.00013202 0.00306371 1.37254e-05 0.000215998 0.0475057 0.0755857 0.00375442 0.117067 0.0807832 480.228 1.0952e-05 109.633 0.362121 0.28986 7.01356 48.4501 1.32825 2.43291 
0.00412076 0.4917 0.00340144 0.000712084 0.0618412 1.99236 0.292474 0.0157452 0.0577572 0.401351 0.000176211 11.6606 2.32382 0.121325 0.871636 16.2018 1.01071 7.50831 
3.16106e-05 0.000931447 0.000178949 0.0058031 0.148283 0.467492 2.14473 0.00054712 3.07311e-05 0.0759887 0.0321383 0.554245 0.846423 0.254826 0.897281 26.3557 4.23804 7.44519 
0.274768 3.90275 0.0222851 8.71101 0.00725825 1006.5 0.000131611 1.05868e-05 5.77776e-05 9.68523 0.438798 0.1108 5.78368 0.00131656 2.78428 38.2386 0.826694 8.53902 
0.000148715 1.79331 4.93146e-05 0.0137011 0.049606 10.7844 1.77142e-05 1.41488 8.48107e-05 0.0140808 0.378049 2.2061 0.000333712 0.306749 2.1753 45.5546 3.92918 5.69455 
0.0188021 0.012332 0.344863 0.000469424 0.0142203 2283.05 0.000980868 0.0298379 0.0123646 0.0329673 0.129419 50.3139 0.619616 0.000317016 3.63983 11.4261 0.514488 8.5048 
4.31146 4.04784 0.00210983 0.0796296 0.231847 41.6201 1.44902e-05 0.703087 4.10621e-05 7.36931 1.28924 0.264758 1.20794e-05 0.154925 2.72102 25.0763 1.76074 7.30862 
9.79509 4.0314e-05 8.0605 0.00153934 0.00351715 63.8371 0.000141204 4.1669e-05 0.059307 31.4016 2.16193 0.0313616 0.00280329 0.0259782 0.291074 48.4168 2.80903 8.66992 
2.81018 0.00170825 3.19097e-05 0.382496 0.263989 1067.92 0.000217517 0.00535399 7.63438e-05 45.9443 0.127879 0.644325 3.11813e-05 0.105224 3.8969 40.9066 1.34823 4.71318 
2.67129 0.000200155 4.29271e-05 3.88141e-05 7.8251e-05 3.103 0.000230857 0.596339 0.575652 1.95172 0.115372 221.286 0.00486792 0.0710149 1.23812 1.73564 0.97027 2.56492 
0.179595 2.54164 1.98445e-05 0.000773244 0.00062707 1582.17 6.02102e-05 6.30797 0.607899 1.28254 0.0178174 178.512 3.14009e-05 0.383552 7.33451 17.6308 1.03239 3.20722 
0.00933632 0.027595 0.000732793 3.55138e-05 1.62921e-05 23.3138 8.08814 1.01513e-05 0.0111221 19.4253 0.0287784 0.135664 8.92687 0.00100431 1.11523 27.2361 0.703253 5.62004 
0.000154034 3.8456e-05 3.77e-05 0.031655 0.488318 0.073057 0.000783777 1.0576e-05 0.00175997 0.273839 1.40143 2.32352 0.000192706 0.0296427 0.659445 48.7809 1.54062 3.93605 
2.80867 5.10658 0.0164072 8.85418e-05 0.00110569 0.0222509 0.000495778 0.00566584 0.000381888 0.0166439 0.00104933 0.0163086 2.62474e-05 0.0193358 2.243 48.8535 0.695463 7.44952 
0.0467938 5.11485 0.0516049 0.000282274 0.00028478 0.0735382 1.97318e-05 0.000942724 3.0511e-05 38.0885 5.25158e-05 3.69823 5.98935 0.0170841 0.315141 44.7787 0.512923 6.91056 
0.00537412 0.00116745 0.0266196 3.43148e-05 0.00243884 3.11025 0.0369915 0.398027 0.187856 14.1943 0.0163292 139.233 0.00447528 0.00319417 3.99513 17.3121 0.633097 4.09438 
0.335675 2.46187 0.977198 2.62235e-05 0.000216185 1147.55 0.000400974 0.109669 0.00569853 237.117 0.307624 10.1804 2.80788 0.23762 0.854865 13.3953 2.58636 9.7292 
0.00138064 5.87639 6.75107 0.000162176 0.0840176 92.4784 0.276184 0.0855153 0.000134413 0.0181045 0.0536162 0.0335672 0.00227076 0.158545 3.82602 31.4039 0.633722 6.26129 
0.611138 6.27469e-05 0.000559557 0.000234003 0.567367 0.0656922 0.196888 1.78845 0.000783432 2.26387 0.00331484 0.171892 0.000217302 0.152378 4.06103 29.1745 1.16952 9.97652 
0.0166195 0.760281 0.000106324 0.0911649 3.78059 0.0173643 0.0875976 0.00110601 0.724997 381.55 0.0944254 400.66 3.86032e-05 0.0912477 1.36882 43.0649 0.554378 5.3112 
5.56419e-05 4.26841e-05 0.00429949 0.0483549 6.37222e-05 98.7064 5.56734e-05 0.000227753 0.57503 5.31928 0.00702608 0.052862 0.0019997 0.141106 0.600816 42.1966 2.44122 7.08117 
1.86831e-05 0.000238412 0.0859213 0.000384566 0.0100486 286.5 2.07422 0.00441502 3.05653e-05 10.7098 0.00949374 0.485203 1.89244 0.172074 3.9977 22.3494 0.945443 7.86155 
1.08854 0.00515522 0.209404 8.03256e-05 0.670604 26.9249 0.00477229 0.126007 0.780101 94.7102 0.156187 205.575 0.0624311 2.79281e-05 6.45866 34.4094 3.31162 5.1816 
0.00305798 0.0243913 2.13537e-05 0.00594192 0.000529114 1305.91 0.0677553 0.00275757 0.0388283 75.0421 0.000465688 362.859 2.72585e-05 0.507317 3.94705 39.3767 1.87604 2.33272 
4.11408 0.000106593 0.427472 0.000409524 2.24566 67.2412 0.060394 3.13879 3.70142e-05 0.3497 0.674741 0.607504 0.00096681 0.13005 1.76242 48.0712 1.73893 2.65693 
6.27003 0.00013854 8.53979e-05 1.0107e-05 0.112046 398.13 0.000501222 0.273348 1.05811e-05 70.7014 0.00185833 34.9966 6.83235e-05 0.0891647 4.03186 41.2213 0.963386 4.23476 
0.00349023 0.681822 0.0659387 0.00364925 0.000373075 0.161223 2.6523e-05 0.0156401 0.00698 19.5916 0.0012627 0.0224678 0.00023513 0.107586 0.739629 22.3149 1.56844 5.83377 
0.000330845 0.0302837 2.51266 0.333891 0.000952827 2604.49 0.000691665 0.0778932 0.000155056 13.5489 0.000106756 0.0900976 4.45359 0.0980956 3.36059 46.4496 1.7104 5.85 
0.805979 0.636993 0.176866 0.231141 0.0177918 447.373 0.736277 0.00260517 0.264091 0.0907523 0.00128564 12.8204 0.000411809 1.45265e-05 3.2483 40.8106 1.74663 1.79026 
1.6904 0.00333743 1.51945 5.73627 1.17165e-05 0.665266 0.00151149 0.406037 0.000337091 0.0775099 0.715579 465.974 0.148708 0.00011557 5.96056 4.97113 0.714947 8.93839 
8.59982e-05 0.349334 1.08679 0.00299908 0.240173 0.802404 0.000273894 0.0887868 0.157708 0.102626 0.0618425 0.0211677 0.66618 0.00121076 2.3716 30.0337 1.61764 7.71909 
0.144996 0.0223423 3.40645 0.00483934 0.000260034 1.16264 0.00206756 1.1675e-05 0.00562984 1.09763 0.620619 7.49582 7.48643 0.00339759 3.98415 26.7962 4.01502 8.47661 
0.118332 0.122796 0.000227115 7.48967e-05 0.111834 0.116988 0.178138 0.812868 0.00506485 0.01723 0.000146587 0.0662956 0.000455467 0.0105547 0.480752 47.9259 1.20089 5.06548 
0.000429866 1.52246e-05 0.00357763 0.00122302 0.000333873 38.3679 0.099698 8.57924 0.00500827 0.417193 0.0145765 3.07395 0.000307163 0.259526 1.87856 46.7665 2.05285 1.16473 
0.000237739 0.000259306 4.04903 0.0423619 0.47172 16.8785 0.0286464 0.199577 0.0192883 25.2572 0.697125 158.138 2.748e-05 1.23009e-05 2.92886 6.35843 1.23479 3.84883 
0.0191851 0.1692 0.0254154 0.000299142 0.0156478 0.145347 0.109869 0.390955 0.0239893 0.0347121 0.148062 265.91 8.65696e-05 0.453759 0.660345 3.69076 3.10994 5.188 
8.67618 1.24346 0.294694 0.316803 0.0213192 0.0411373 0.211214 8.3995 0.000264459 0.266848 2.52262 296.713 9.75125e-05 0.0960501 1.31522 46.0766 0.927795 2.22035 
2.38321e-05 3.12314 3.45085e-05 0.000304446 0.0285263 460.352 0.0043516 0.0165927 0.00428309 38.2296 0.465673 463.132 8.50195e-05 0.111406 5.75469 49.972 0.614812 7.44788 
3.1237e-05 2.68364 1.52131 1.5634 0.00157035 0.241019 0.15959 0.0753479 0.0570333 60.6912 5.11654e-05 1.6029 1.49409 0.0299397 0.624657 47.8697 1.6129 6.58319 
0.0226157 1.03315e-05 0.0479472 0.523584 2.08411e-05 6.98608 4.03231 0.00130732 0.419291 0.0157067 0.000174617 1.56427 0.00931542 0.290086 2.06452 16.7498 1.9539 7.49096 
1.60698 0.0882991 0.819312 7.16786e-05 0.000201363 349.348 0.0192553 0.01765 0.000125346 41.0313 2.38027 59.6776 0.000225979 0.202671 1.57892 33.9949 1.22005 1.89734 
0.000488826 0.285733 0.102325 0.000476618 4.04449 0.0194996 0.012323 0.707583 0.330387 4.02609 0.734764 228.999 0.000493303 4.45337e-05 2.56246 12.0457 2.70415 5.71834 
6.66663 0.30361 1.42912e-05 2.87712 0.0330924 27.7212 0.00228648 0.880549 5.93882e-05 0.52159 1.28314 0.062927 0.85541 0.000190862 1.83929 33.7839 1.07064 4.80849 
0.0238891 0.0228425 0.0203158 0.000268355 0.000110162 13.9011 0.0476467 0.150796 0.000560506 0.229092 0.000140825 45.4903 4.57662e-05 0.210226 3.56211 44.1394 2.39672 4.69347 
0.00264926 0.6695 0.000229733 0.241264 0.675325 0.539736 3.3678 0.00229484 1.22206e-05 242.36 0.00341716 0.552971 1.27597 0.0514529 0.246631 44.7502 2.55331 8.42226 
0.0349271 0.000137998 0.000812607 4.93515 0.00036976 1206.69 5.05203e-05 1.83923 0.0049536 4.29494 1.26695 108.808 0.113107 2.33947e-05 3.62551 25.7044 1.18473 4.71129 
0.00362881 2.39206e-05 1.6804 6.76884 0.00255123 0.0759416 0.951646 0.478975 0.457734 0.231148 0.00371504 97.0584 3.38406e-05 9.94698e-05 1.93477 27.0107 1.9411 8.99727 
0.00146054 0.202814 0.0299345 3.02983e-05 0.0116458 0.742336 0.00989146 5.06877 0.000507558 1.28752 0.0442091 4.41916 0.161558 0.336642 3.4032 28.7942 1.50797 2.24718 
4.62033e-05 0.0784313 8.64496 0.000128951 0.000202147 0.749503 0.000633246 0.000729413 0.000326468 0.0930061 0.0115806 0.0287124 8.85932 0.00189921 5.13995 13.1205 0.605147 7.05231 
0.00101279 0.000404533 0.000309534 0.0534927 0.00846585 194.915 0.0410382 5.5534 0.0209156 5.31571 2.14839e-05 51.7499 0.0144566 0.265162 3.53738 35.0184 1.13152 3.2943 
0.000588329 1.61449 0.996792 0.27054 5.2323e-05 9.47346 0.335521 3.03949e-05 0.00196875 193.623 0.00390199 1.2259 0.0342906 0.23999 1.84939 16.5695 1.1356 8.60238 
0.00205422 0.000161075 0.0291589 0.124044 0.00226859 0.0554002 0.0381309 0.000622657 0.361035 8.06677 0.00814237 0.20524 0.000186093 0.115609 6.26683 43.8466 0.676486 4.36193 
0.270799 1.754 0.000578677 0.00126569 1.44581e-05 117.95 0.474637 0.00210271 0.000418816 141.609 1.46074 0.121479 4.90361 0.000244993 1.32687 37.7136 2.18421 5.86832 
1.72248e-05 0.0912387 1.1731 2.94799e-05 0.000283193 0.0563872 0.000288351 1.12681 0.168933 116.099 4.77667 98.0069 8.04338e-05 0.0206695 0.921461 22.6734 2.13292 1.31233 
0.00155681 4.59208e-05 0.00163115 3.25891 1.07432 7.99927 3.58951e-05 0.107716 0.000378825 433.685 0.164132 12.4652 7.37181 0.0246819 1.03135 47.041 1.08518 9.82007 
0.000457069 0.00288096 0.00315667 0.0185268 0.000116621 0.62721 0.00969978 4.80203 0.0752963 2.24985 0.590575 219.614 2.84257e-05 0.164351 0.582194 31.7935 7.25864 5.37355 
3.9132 0.0191867 0.00373801 0.155344 0.000631921 0.119124 6.52414 0.00315955 7.90217e-05 19.8708 7.64301e-05 0.0560479 0.521501 0.0630642 0.750731 36.0483 1.73329 3.8219 
0.00171331 0.655468 0.0247915 1.2147e-05 1.27446e-05 0.329821 7.92303e-05 1.26532 0.0160703 83.553 4.94592 0.256453 5.36642 0.0121008 2.15002 18.2401 1.50931 6.72293 
0.427561 2.14732e-05 0.000400891 0.175304 0.00294647 15.5146 0.00489062 0.0424593 0.148586 320.215 8.87289 0.0602536 0.0672486 0.130826 0.693045 44.8477 2.0281 7.66763 
0.114021 0.0359017 0.00195607 0.000339625 2.06602 58.5673 7.80474e-05 0.000102456 0.000147114 0.399912 0.0561582 1.53645 4.72295 0.0314233 0.868606 11.5277 1.6303 9.79198 
0.00100911 0.438262 0.000208125 2.51153e-05 0.190222 1.2199 0.000807808 7.57685 0.124288 0.0176523 1.78492 81.0308 0.0203208 4.88379e-05 0.614285 34.0435 3.80135 8.02559 
0.00652475 0.000929958 0.000204532 0.85392 0.0685445 519.035 0.00017917 0.000123554 0.039693 0.0619152 0.00010699 0.0360228 0.000343887 0.0591616 0.567855 38.3158 1.61656 3.70682 
0.000482018 0.320501 3.87662 0.0140267 0.341613 0.0120397 0.771345 0.000167537 0.13965 7.4149 0.471618 0.197266 0.112509 0.149133 0.764714 43.9116 2.37448 7.04217 
0.000105957 0.00114365 6.14993e-05 0.00115924 9.95834e-05 0.197401 0.000134624 0.00423232 9.90921e-05 23.3709 0.0148663 0.254132 5.10538 0.0473746 0.804967 41.0472 1.49438 8.39061 
0.740449 0.00403201 0.768699 0.000311947 0.000217952 2646.76 3.46743e-05 0.355505 0.0440941 40.4985 0.0285455 9.73811 0.00041553 0.333004 4.7047 34.9927 1.2449 3.35482 
1.64035e-05 1.10285e-05 1.0657e-05 0.00576314 0.597005 2.62314 8.95622e-05 1.42203 0.0579584 0.0808955 1.13202 17.3271 0.0161581 0.000141032 2.30895 36.3675 4.73211 9.46926 
0.0711599 1.13987e-05 0.027893 4.02774e-05 0.426545 5.11322 1.51599 0.000303321 0.00190314 0.420927 0.0464628 0.162171 7.56974e-05 0.0384407 0.997185 49.1901 0.954661 6.1641 
0.0151212 9.22088e-05 1.00335 1.70912e-05 0.00168413 5.18916 0.0096965 1.54267e-05 0.0624126 8.13489 0.0184677 4.85963 6.3831 0.145512 1.57841 22.4428 1.63099 8.76376 
2.094 0.267248 0.000522991 0.000117104 0.0138375 68.3115 0.00655426 0.146395 2.21987e-05 5.66053 4.52254e-05 23.7336 0.162516 0.19157 0.922195 23.5841 1.46491 6.97888 
0.000156245 0.182315 0.14043 0.0966895 8.51593e-05 5.61965 5.62623 0.430584 0.0206309 1.43216 0.171986 410.674 0.00696565 0.000638492 1.31934 10.8721 2.6296 2.01317 
7.35962 0.00109472 0.0283522 0.166698 0.000165647 0.0666238 0.0013761 0.0495101 0.00702966 55.6032 1.86703 0.0237528 7.72403 0.00220956 6.30946 35.3043 1.82052 9.19979 
0.0467164 0.44282 0.00621392 8.76565 0.0142313 0.0285897 4.90202e-05 0.004609 0.5691 0.139709 0.0702461 0.062794 1.00134 0.000252601 1.88032 40.985 1.7932 3.45238 
1.2285e-05 0.960955 3.32296e-05 0.000468292 0.000156155 0.503837 0.000233216 0.689743 0.0611845 21.0265 0.0501741 111.082 0.00096698 0.0167333 3.51653 46.541 3.4871 5.94137 
0.000185546 0.00341437 2.00147 0.348201 0.767682 0.659157 0.00156597 4.05295 0.163646 0.0357274 0.096122 123.248 0.229708 0.00259196 6.73564 24.5706 0.993317 1.04471 
0.00475992 0.966701 6.36735 0.000944991 0.122141 0.0634069 2.37915e-05 0.257574 0.479385 0.311845 0.000809136 0.0202074 0.798481 0.00110001 1.11951 47.0305 0.815048 6.3537 
1.45968 0.000833794 7.51874e-05 0.00069755 1.90999e-05 5.18629 0.00968448 4.72516 0.00275095 0.0594346 0.218257 32.5218 0.0431772 0.000431743 2.70256 38.3588 0.744798 4.13667 
0.0033682 0.0284455 1.66783 0.0473994 0.000273519 1033.18 1.7149 0.000125274 0.000752316 213.003 0.000210006 0.0285461 0.00175537 0.0129385 0.364576 42.4304 0.795936 7.18402 
0.00148389 0.000301959 0.0266116 0.00852947 0.0065012 0.380886 7.29658e-05 0.224239 0.00147153 0.0437446 0.000338475 2.53426 1.86845 0.0335162 1.7606 38.1621 1.29135 2.64749 
0.0155396 0.126303 0.033015 0.000423391 0.119789 72.3647 0.0423095 6.85341e-05 0.000637881 0.572776 0.226053 0.0196824 0.243133 0.0975136 4.14703 34.7375 0.867173 6.73517 
0.0605669 0.123997 0.000105459 0.252424 9.49923e-05 0.974204 0.000817527 0.178568 0.000103582 338.336 0.0071084 44.9507 0.911796 0.077452 3.57423 38.062 0.713665 7.39216 
0.0128658 2.20803 0.000738601 0.384626 0.0895728 14.8015 2.17557e-05 3.64476e-05 4.11187e-05 0.3972 0.0033254 0.462343 0.0117472 0.0655588 2.11314 33.5194 0.574859 7.30425 
0.000217099 0.365494 0.00203887 0.132674 1.80829e-05 34.4222 0.000653184 0.461297 0.628477 21.2908 0.553419 0.0114048 0.0108987 0.170147 2.37786 34.1845 0.733447 3.64626 
0.000209079 0.00138371 0.0367816 2.88555e-05 0.69387 2804.82 0.000727089 0.00188743 0.117667 6.27242 0.0637033 0.0513028 0.924753 0.206612 0.997 16.0466 1.43757 8.59207 
0.619485 0.000336373 0.00545827 2.46122e-05 0.0083241 265.746 3.28517e-05 0.117513 0.111123 0.0321296 0.301981 136.825 1.07603 0.00744323 3.78762 22.3575 4.66444 3.22159 
0.0577062 0.00690556 2.19348 0.0153013 0.00860013 776.478 0.00106312 0.2012 0.139239 0.0706733 0.0366986 0.522167 1.84785 0.000148772 5.19799 46.9744 0.833514 2.52689 
0.00594203 0.0136594 0.133533 8.73643e-05 0.0905707 5.11485 0.0697349 0.0226411 1.55096e-05 41.9097 0.000109653 75.5123 0.00348282 0.0532095 1.72272 48.8851 0.678885 4.67385 
2.01098 0.121237 0.000108475 1.84632e-05 3.32386e-05 0.572573 0.000332655 0.112739 0.00861237 0.0118446 0.23054 214.318 0.000205291 0.00349123 1.2609 40.3503 3.78047 2.32064 
4.22754e-05 0.0403974 0.000955767 4.1711 6.84471 0.518186 4.38753 1.10344 0.000196972 0.142068 0.000398651 0.0534798 0.000141985 0.623281 6.24232 37.0031 1.95445 6.84457 
0.83434 0.00370933 0.343372 0.0155658 0.000137734 2384.52 0.000206879 0.0570225 0.61825 51.1684 0.00276836 0.816632 0.383166 0.356555 7.23825 31.4323 0.981616 5.29667 
5.9739e-05 0.0034256 0.282397 0.0127989 0.0659487 1.40273 1.70202e-05 0.000440225 0.000523768 1.42482 0.00515566 9.00989 0.0241105 0.292355 2.5755 38.3168 1.08596 5.97604 
0.000127078 4.50372e-05 0.00262449 3.1331e-05 0.0120352 1730.9 0.00704639 2.12016e-05 0.00156741 1.18941 0.4769 7.75886 0.0293956 0.0622758 1.83684 41.7915 0.468257 9.94547 
0.0176969 0.000420279 0.000276305 6.58818e-05 2.51771e-05 0.305584 1.59173 0.000517536 0.0946184 0.220059 0.370844 0.139194 1.64323 1.16988e-05 2.73406 38.8093 2.10889 4.66401 
0.247443 1.37787 9.64233 0.0348669 0.0409022 0.190565 9.84033 0.000963805 0.079565 3.85233 0.00416577 2.28536 0.0198818 0.241478 1.71448 15.2754 1.04459 5.86745 
7.42431e-05 0.00164511 0.686746 0.000151915 0.536615 18.5784 0.000321641 0.193865 0.559919 241.236 0.846687 326.171 0.000607572 0.347349 8.46799 21.1185 1.73287 3.67501 
0.000516836 0.000270574 0.000238725 0.000143388 0.00046313 17.4791 0.00285496 0.000760697 9.73096e-05 0.0295192 0.02277 17.6746 0.0041141 0.209756 0.936191 31.2763 2.55156 8.03088 
0.0861196 0.000863415 4.82007 0.0081571 0.0683369 1.22425 0.0627986 0.0576846 0.209034 0.648354 4.87539e-05 3.93073 0.0017386 0.558653 5.14848 40.5426 2.47945 8.47086 
0.0215239 1.11335 5.10509 0.0023493 0.00297905 57.7136 0.0361572 2.70061e-05 0.000138645 9.33576 0.0180696 0.163894 4.23728 0.000256588 2.03524 33.982 0.696783 9.39314 
0.0012165 5.60601e-05 1.4513 0.0136345 0.000623926 402.109 1.41516 0.0195015 0.673515 111.033 0.200169 13.1642 1.3569e-05 0.299964 2.71096 27.3161 1.2874 4.65035 
1.60181 0.0182769 6.55253e-05 0.0500261 0.000519141 11.7725 0.00133944 0.611278 0.0047434 0.66099 0.0209658 0.0214143 4.88907 0.00255847 0.56846 34.8129 4.64939 5.70558 
0.0696124 7.36019 0.0348713 5.40188e-05 2.71301 0.0773415 0.050094 0.000455865 1.44262e-05 0.063778 2.42255 0.32108 0.000354724 0.858025 2.02878 23.6858 3.60947 7.42826 
0.00563839 0.00240797 0.000120915 1.181e-05 0.13955 0.355236 0.0205466 0.000131509 6.37189e-05 2.82373 0.332786 0.625757 2.28832 0.767726 4.241 27.8223 3.18502 8.46015 
0.000419963 0.00453501 2.77219 7.25494 0.026784 2761.24 0.0148398 0.00732125 0.0870789 6.94451 0.5724 6.51924 0.00546167 0.0233557 3.41766 42.7005 1.60988 7.78391 
0.00049969 0.924087 0.118706 0.00665138 0.266396 0.445684 9.15578 0.0600444 0.00257971 0.13423 0.0451225 60.4553 6.01537 1.40677e-05 3.49642 45.9193 2.69379 1.2079 
2.20003e-05 0.00839062 1.24565 0.841403 0.341323 2002.46 0.00591143 0.0012886 4.76257e-05 2.85253 0.000215065 117.891 0.0623125 0.495166 2.99439 26.5825 2.68406 5.79155 
1.0684e-05 0.0670018 0.319186 0.000107922 0.0161756 255.019 6.88129 0.293286 0.0481524 23.3253 0.745261 176.66 3.64902 0.00264977 0.537639 10.1594 4.86731 3.98692 
2.24123 2.68132 0.189201 0.000687736 0.795848 24.742 0.407461 1.20835e-05 0.0011925 0.0584215 2.2214e-05 11.3435 0.349123 0.18698 1.55883 48.2324 2.83666 3.29248 
7.19794 0.527231 1.84184e-05 6.78634e-05 0.00204158 0.953556 1.47137 0.000149455 0.0270121 409.798 0.000435111 86.8274 1.75599e-05 0.186063 1.48902 46.329 1.63263 3.11505 
4.05167e-05 9.27033e-05 0.000531264 0.000412785 0.249018 0.342285 0.0059881 6.98505 0.0669073 429.27 6.72307 396.506 1.63167 0.00144517 0.292232 45.46 2.38759 1.84447 
0.0471327 1.65647e-05 6.64595e-05 0.000227401 0.797057 808.611 1.41882 0.00470092 0.0361264 7.11693 0.0533052 297.724 1.93388e-05 4.97146e-05 1.96554 46.4193 6.59222 3.80936 
0.000521865 0.00112128 3.34218 0.126795 0.118337 0.171413 5.29958e-05 0.000510682 7.06681e-05 0.524704 1.05584e-05 39.7084 5.23122e-05 0.0516736 0.700893 30.9264 0.811748 8.80051 
0.000530962 0.592348 0.000595205 0.368311 0.000478222 0.0269874 0.380303 0.319392 2.88688e-05 297.5 0.0228259 86.9614 3.69465e-05 0.210009 5.67398 30.5768 1.2486 9.43984 
0.0473601 0.0579922 0.0124339 0.00399752 0.0172121 0.226814 0.00410495 8.68962 0.00625335 1.34924 0.0310575 0.235154 1.32419 0.0966482 1.52056 25.783 1.03401 4.60838 
0.000150549 0.00101736 0.0505426 2.48948e-05 2.22753 1.31937 0.0806882 0.0305022 0.0169474 0.0628726 0.000387233 108.308 0.0105013 0.044997 0.31945 40.9038 1.29268 6.56406 
4.89598e-05 0.00264249 0.0271535 0.000545689 0.0379589 0.0226962 1.28e-05 6.12566 2.51219e-05 0.0595947 0.014032 0.564759 1.73151e-05 0.330932 4.20553 30.4927 1.78833 4.18884 
0.100917 0.000189181 0.128942 0.00117111 0.0850127 0.0479821 0.000352152 3.57013 0.817003 62.5067 1.00419 58.8349 1.04553e-05 0.00384337 0.784845 28.2727 4.85835 4.5619 
0.0119515 0.00249148 0.0169888 0.00318952 0.00645806 0.458944 2.7904 1.19793e-05 0.00890229 2.40278 0.00036516 0.160558 1.67336e-05 0.0849561 0.962899 24.3107 0.969286 6.02403 
0.000328406 0.000846369 0.000175875 0.137905 0.000128257 0.0167339 0.00121466 0.85459 0.000853194 39.6028 0.000497008 148.716 0.0454123 0.193041 4.22473 47.5515 1.61316 3.41192 
3.83766 7.35499e-05 0.00404343 4.40779e-05 0.000253496 0.0238724 1.43096e-05 0.0621717 0.0796824 84.9316 2.38952 134.666 2.04159e-05 0.0633079 2.32771 30.3681 2.42381 2.85845 
1.37665e-05 0.000276487 0.00432645 2.86366 4.69804e-05 371.29 0.11939 9.45875 0.0103203 8.72528 0.360603 144.913 0.000769315 0.573014 1.64607 14.1427 4.04241 9.37709 
0.0637785 1.07476e-05 7.42424 3.96146 0.0154281 15.7324 0.00741376 0.288684 0.000169418 0.138596 0.00135264 23.4782 0.0227774 0.0101657 0.197799 46.7829 0.846522 8.0441 
0.00422059 0.000678691 0.977067 0.00260807 0.00033097 44.9759 0.112888 0.00515508 9.13426e-05 0.253676 0.0242132 0.507291 1.88262 0.0234931 1.19532 24.3878 2.18213 5.84956 
0.0517106 0.830527 0.0151981 2.16269 0.0687914 0.33548 0.188105 8.01923e-05 0.012017 158.585 1.94395 8.49599 2.32663e-05 0.423962 1.75166 18.2209 2.50177 4.21857 
0.00170468 0.00152599 1.13802 0.46862 2.50403e-05 1901.27 0.000856181 7.1548 0.0398468 0.821522 0.330347 11.6456 0.0110223 0.000415279 2.10712 45.3258 0.983568 6.59817 
0.000158456 0.00362601 0.000118977 0.00523579 1.43111e-05 36.8988 2.05253 0.492034 0.0832306 0.0370503 0.000257007 6.75685 0.00102693 0.123609 1.47676 33.6864 0.816075 8.49978 
0.000169115 6.33974 0.00395183 4.5658 6.63885 896.927 0.0247312 0.000243926 0.00196804 0.029224 0.417009 0.716989 0.11577 0.52243 7.99907 34.9891 1.5894 6.79801 
0.000122417 0.000108908 0.00508204 5.856e-05 0.41374 37.6863 0.321984 8.77606e-05 4.43509e-05 82.2041 0.0255597 42.9646 2.24283e-05 0.275864 2.6741 23.9892 1.42624 5.60689 
0.00215894 0.354988 0.0204417 1.16949e-05 0.054808 1.13474 0.00229923 0.0973018 0.000971283 1.10971 2.30792 21.9743 0.298335 4.14529e-05 0.697717 47.1799 1.61652 3.4794 
0.00456418 1.42245e-05 4.0799e-05 0.00080427 0.00669087 669.302 1.08866e-05 2.14049 0.291928 0.996759 0.00706979 33.8407 0.078719 0.000125558 0.609502 42.2648 3.30233 4.82997 
0.000131084 0.000365486 0.621055 0.0316805 8.70851 394.311 0.00432966 0.000306427 0.0732068 26.2521 0.20837 9.02378 0.0439022 0.0494004 3.03847 40.0418 1.69365 4.63916 
0.0726532 0.000207161 6.30098e-05 0.00011917 0.00607561 0.548973 2.1686e-05 1.18884 0.427209 0.0288091 0.0176478 0.23066 0.310519 0.213857 2.36294 22.6444 1.62145 6.81077 
1.85387e-05 0.000166667 0.00012547 0.0876433 0.000898245 0.35041 0.00241625 0.000725336 2.70978e-05 1.83598 0.00355122 0.770012 0.00100227 0.079409 1.61497 48.3513 1.04102 3.76021 
0.000579667 1.47876e-05 0.00410176 3.84289e-05 8.25836e-05 0.228967 0.0321953 0.00170241 0.327909 10.8761 0.581012 0.0151643 0.000136635 0.075444 3.81527 48.0599 0.585458 8.55956 
3.9846e-05 3.71119e-05 0.0117838 0.209963 6.68137 3.59709 0.127189 0.00171496 0.00519777 0.0851232 0.0129912 482.871 9.29571 6.79623e-05 5.34553 25.6425 1.5535 9.46008 
0.00140898 0.16242 4.91479 0.67298 0.940108 12.9511 0.00375737 0.0405105 0.00240807 0.012932 0.241812 47.8612 0.455692 1.13093e-05 1.36085 33.8755 2.97468 4.26985 
0.0244624 0.000150218 0.00930571 1.00998e-05 3.44869 274.875 0.0379052 0.156883 0.0259152 0.0379653 9.63254e-05 0.399658 0.0124972 0.0926027 2.46656 46.6406 0.84015 3.29539 
0.000121684 0.000250748 2.91142 2.48283 0.165903 0.0510883 8.30946e-05 5.12925 0.818808 3.20862 0.0608075 10.2754 2.36071 0.000200589 4.92823 30.4287 0.576936 4.0049 
0.000208781 9.11315e-05 0.000623044 2.35494e-05 5.59538e-05 0.194353 1.28444e-05 0.0472529 0.000130827 0.401438 0.00100472 42.3267 0.00184261 0.0436763 0.706782 41.8278 1.70182 6.49729 
0.0109348 0.875168 0.0651768 6.31395e-05 4.1763 0.0447768 0.168758 0.00196675 0.0189572 331.781 1.98204e-05 81.9694 0.00332528 0.301665 3.51431 27.9464 2.36816 8.31598 
0.0113472 0.374356 0.0258324 0.000639874 8.37713 3.85937 1.32147 0.000216557 0.00220867 10.2074 0.00200888 18.0053 6.66129 0.139819 4.2924 49.0218 0.739544 3.35439 
0.796073 9.84174 0.0275208 0.000154826 0.00103916 1.9206 2.86316 0.000171682 0.0042994 0.0516897 0.0541988 0.0212513 9.09718 0.000503395 6.55721 30.1645 3.04209 3.31276 
1.29163 0.000720484 0.188786 0.133319 0.000121742 1.81984 3.55252e-05 0.020416 0.00414352 0.0714942 1.20299 0.982316 0.409126 0.0721094 1.68465 31.0173 4.01407 7.72755 
0.000110465 0.36632 0.616232 0.0791086 0.0817545 9.79198 2.70562 0.153333 0.000300266 89.0534 1.46695 368.715 5.58225 0.000164614 3.49373 40.1091 1.74649 6.89598 
0.0254516 0.00301072 5.25396 0.000367724 1.94106e-05 0.0654234 0.0152012 6.49947e-05 5.99241e-05 45.3056 1.89907e-05 0.195936 0.00100031 0.155871 1.79624 42.0194 2.781 6.7127 
3.13371e-05 3.38664e-05 0.269814 2.53103 0.0214343 0.850361 0.000743057 1.64319 0.0356078 0.421703 0.769186 0.0181252 0.000451371 0.374989 2.09613 35.3601 3.01013 7.10577 
7.24636e-05 0.136879 0.000288752 0.00189424 2.96228e-05 721.891 0.00287807 2.14152 0.00606829 0.014061 0.166822 177.626 0.000196157 0.48149 3.16178 44.4235 2.84031 3.30481 
6.26151e-05 0.000919517 1.71794e-05 3.02356 0.962036 18.0587 0.00249257 0.0610155 0.00290577 330.884 5.65646e-05 470.762 2.91932e-05 0.134766 1.58753 26.0464 1.04194 8.56931 
0.302395 0.00351194 6.41347e-05 0.437202 0.00560039 1311.81 0.709652 2.64969e-05 3.83438e-05 76.3152 0.0194603 184.25 1.45657e-05 0.266037 1.21679 24.5001 1.95821 3.70741 
0.000698649 4.39122e-05 0.00134136 5.19447e-05 0.000615414 7.33764 0.000649475 0.0129527 0.51199 1.23011 3.25826e-05 0.5834 2.80619e-05 0.0632584 0.432333 36.7145 1.13876 8.55572 
0.0140457 4.02015 2.2606e-05 5.12998 6.5066e-05 0.0805225 0.00769687 0.147959 0.000364135 0.10661 0.0677723 4.3291 9.83224 0.0473051 3.01063 34.6582 4.93506 4.92897 
0.154907 0.484833 0.0111872 2.05185 0.00317831 19.6877 0.00175415 0.00125415 0.354221 43.5454 3.26754e-05 2.23896 0.343625 0.176382 0.813034 48.1039 2.0484 9.85035 
0.0210484 0.0282585 0.000296949 0.00208335 0.0335713 0.0584591 0.0104743 0.00724177 0.0129589 0.0166317 0.0295456 47.3799 1.45977 0.00011313 1.18663 28.1697 2.04854 7.70229 
0.102709 0.00125984 2.46464 6.83897e-05 1.8418 6.87138 0.00159709 0.0031819 6.99835e-05 0.820956 0.00969587 7.36662 0.000186054 0.134032 2.49025 28.5401 0.916577 4.46746 
0.135344 4.63985 0.0982568 5.20466 1.32973e-05 0.0733001 5.64671e-05 0.0367332 0.00116936 0.100403 1.08998 172.56 1.41987e-05 0.00309926 7.59064 12.9121 0.991443 6.79652 
4.09551 0.129915 4.18312e-05 2.69329 2.60469 9.97994 0.000519081 0.0167817 0.00122684 467.267 9.41572e-05 6.03872 0.000739685 0.0278851 0.149322 48.1474 1.60654 9.58285 
0.900886 0.372469 0.719506 0.0711186 0.0566118 0.388234 0.011452 0.197942 0.366582 0.546623 0.137763 2.59637 0.207944 0.00020998 1.23069 41.3733 2.48645 6.10472 
0.00454419 0.0759011 4.10774 2.87579 6.73965e-05 142.028 0.0570415 0.000107523 0.158414 0.0259339 0.000207445 1.44368 0.00228496 0.272732 2.95449 36.4402 1.54381 4.09331 
0.0330826 0.0115733 2.1858e-05 0.0185456 0.599122 1030.13 0.00328966 0.0138928 0.00383245 0.0943593 0.217059 174.452 1.11867 1.98676e-05 8.66039 12.9287 1.41181 5.61768 
0.000674772 0.995164 0.616151 8.69778 0.0375193 1.70007 2.72239e-05 0.0910247 0.6688 0.758283 0.00311757 403.518 0.00872769 4.52245e-05 0.670526 9.30102 4.65259 9.25095 
0.276531 0.000420106 0.000240878 0.000300499 0.000173862 733.521 0.502269 1.35659 0.0648627 0.0243699 0.235176 32.2469 0.00499469 0.0186021 0.347052 44.0401 1.9231 5.3492 
0.000122021 0.65333 6.64147e-05 0.000132875 6.45187e-05 3.01205 0.0128107 9.9217 0.17883 0.48762 0.00237672 10.9578 0.000659894 0.261048 4.20596 34.8594 1.22041 9.82189 
0.002158 1.38662 3.27323e-05 0.00177703 0.195021 122.131 1.94166e-05 1.40423 0.000160374 54.5026 2.83692 6.73743 0.105222 0.0812233 0.448677 47.0163 3.77525 8.24345 
6.3678 1.88961 4.79058e-05 0.01133 0.00159766 247.303 0.00179333 1.03279e-05 0.186285 1.13475 0.00147914 16.8723 5.7889 0.229022 0.996208 31.0021 2.78341 5.72316 
0.790461 1.16873e-05 0.000318514 8.96144e-05 1.98034e-05 7.94792 2.7649 0.754665 0.000442137 112.989 0.102508 114.459 0.0505489 0.111524 2.1914 35.684 0.62283 9.07845 
0.0221636 0.00137682 1.31759 0.000191929 0.142317 618.548 0.00429828 0.039592 0.848385 74.1977 4.07868 73.2145 6.98711e-05 0.000209473 1.75085 31.3866 3.21037 3.02092 
8.07451 0.0648625 0.000108128 0.00874642 0.00269695 863.44 0.000880843 1.39511e-05 0.0399058 283.086 0.000165447 0.0210215 0.0102351 0.172187 2.53598 31.2266 2.52936 9.65271 
2.79425e-05 0.33602 0.371893 0.0216302 3.96428 4.20486 6.71628e-05 3.00428 0.0135199 221.373 0.041458 213.833 2.54797 0.224878 1.53201 35.7484 1.85231 3.41822 
0.0114386 0.000291149 0.00510093 0.729456 0.000129096 1211.8 0.0507598 0.725985 0.0352412 0.588352 0.00828215 51.4697 0.0792884 0.0550057 2.29283 37.483 1.05598 9.52946 
0.00983297 0.000344584 8.15694e-05 0.000650278 0.00209021 0.328789 0.0638372 0.0164488 0.0469307 103.581 1.25358e-05 0.247845 0.00190507 0.484822 3.34947 18.4693 1.9574 6.35312 
0.00108738 0.00456307 0.849411 0.0653658 1.41532 210.895 0.000219471 0.120883 0.00164791 0.0323013 1.48295 260.312 0.000233684 0.000368176 3.13813 10.997 2.20126 3.57602 
3.99111 1.74515e-05 8.82063e-05 4.80229e-05 2.322e-05 21.2749 0.000555688 0.00578863 0.0258856 0.455821 1.36002 0.81332 0.4523 0.000743178 2.39239 43.586 2.0105 4.07278 
1.48112 9.07863 0.0169505 0.0154061 7.63518e-05 0.0597448 0.173245 2.21834 0.233049 1.10101 0.0109465 210.505 0.529322 0.353766 1.94314 16.4747 2.31821 2.33012 
3.71868e-05 0.0636121 0.161207 0.0073723 0.00309112 1.71753 3.04813e-05 6.73279e-05 0.000185207 0.330461 0.682154 9.30528 0.00075668 0.000118141 2.19137 31.0929 1.73885 6.35031 
0.00163907 0.0539278 0.0334355 0.00567089 0.157733 1918.99 0.0035274 0.00887652 0.459745 0.475524 0.0155952 245.59 0.00218123 7.34575e-05 1.23058 8.61436 3.59854 2.20477 
2.87646 9.38901 1.83072 0.223834 0.0532365 0.186546 0.0321206 8.68677e-05 0.00565577 0.421188 0.0017316 2.35124 6.01815e-05 0.257843 7.49968 31.1409 1.23811 9.69236 
1.96873 0.00011602 2.79208e-05 0.318091 0.000380409 0.0136306 3.57156e-05 7.21296 0.0682079 4.81111 0.126011 56.4673 0.44006 0.00439414 0.354621 36.406 0.617477 8.40987 
0.000321563 5.88664 0.844852 0.00556197 1.1906e-05 0.0318157 0.0647498 0.000877178 0.693683 1.50615 3.30275e-05 0.0795826 0.50619 0.174194 3.2459 24.4793 0.737449 6.95909 
0.502081 0.125655 0.000136567 3.60096e-05 0.0688798 32.2023 0.0059675 0.000256432 0.099712 10.413 0.00292296 42.1686 7.1355e-05 0.0970324 0.965039 46.3515 1.20516 1.91276 
5.60789 0.294035 1.90313 0.00290012 0.687049 29.9935 3.57523e-05 0.0116889 0.000173557 1.38645 7.07769 315.872 0.0280232 0.109674 0.680975 32.8495 2.11925 8.04835 
0.00346037 0.00327553 3.97204e-05 0.00181771 0.0020997 1.96381 5.93344e-05 0.0404831 0.135488 14.0413 1.23296 22.9167 0.00282543 0.0975778 1.7529 23.3716 3.8334 7.70445 
0.00368491 2.37536e-05 0.00327807 1.91948 8.44883 837.72 5.3644 0.259543 0.18098 0.0966452 0.126617 169.283 0.0108477 0.000922458 5.3032 42.2286 0.910485 3.8893 
0.0197509 3.74601e-05 0.00116849 0.00271374 1.0078 81.4357 1.01126 1.10406 0.0295902 0.247639 0.014746 249.849 1.99432 2.40476e-05 1.81281 17.4815 1.01911 9.1415 
8.38262e-05 0.0783418 5.01099 0.000101364 0.0083302 23.3515 0.717442 0.00556417 0.014528 0.0172288 0.000158454 0.336702 3.45989 0.0104909 1.80137 38.217 1.45293 7.5779 
0.812442 0.243881 0.0354718 4.00182e-05 3.45951 74.521 0.222161 0.964367 0.0445239 72.9076 2.57557 320.922 0.0372441 0.000199957 9.21881 46.169 1.64856 2.00112 
7.81522 3.67629e-05 0.000207537 3.4607e-05 0.0568084 0.690127 0.00035839 0.238242 0.0743565 0.0288499 2.49561 496.303 1.58399e-05 0.0187187 5.07718 9.57805 1.58344 4.27625 
1.18188 0.000316728 0.0231256 0.000134383 0.0153706 0.517808 0.00025315 0.00041067 6.05145e-05 1.00134 1.71212e-05 0.388028 0.000121101 0.0337391 0.531405 48.0681 1.28435 9.673 
0.00903414 0.789376 4.72177e-05 8.6108 0.00127061 4.21369 3.38832e-05 0.0546008 0.0546602 1.10737 0.096369 43.6526 0.0125596 0.151173 1.03272 16.9159 2.72466 7.85865 
1.33377e-05 0.135715 3.86794e-05 0.852052 0.000495417 3.06872 0.00211578 0.0196496 0.000330858 28.7441 1.16499 219.861 3.8195 0.00015225 2.52364 34.4305 0.745818 8.15561 
0.000121476 0.031593 0.00030481 0.000119057 0.00221226 4.62187 0.013033 1.39314 0.000114086 96.6373 5.9433 4.22041 2.66212 2.9842e-05 1.38903 22.937 0.880863 6.92625 
0.000246975 4.58946e-05 0.183355 0.0262163 0.000137898 1.22793 0.141371 0.406331 0.033711 0.36315 0.146993 168.876 0.0207198 0.000478425 0.334124 33.3515 3.20174 3.20685 
1.27468 1.03116e-05 5.21461e-05 0.00152473 0.000631556 25.3775 1.27267e-05 0.0863538 0.0753793 2.58764 0.00362202 112.883 0.191023 0.297154 1.53085 42.5931 3.38788 3.3718 
0.0292533 1.38913 0.000161068 4.97899 0.656682 13.4955 0.000120345 0.000786987 0.00192473 26.0834 3.46035e-05 0.241518 0.000979677 0.0896647 1.00076 40.0664 1.72299 6.52705 
0.0125048 3.20667e-05 0.000108636 0.121983 0.283219 1.68169 2.35786 0.00740273 0.00632159 4.16885 7.55806 14.3201 8.87311e-05 0.00792223 1.85809 25.5594 2.25418 8.12475 
8.31527e-05 0.000682717 0.186798 1.45125e-05 0.0265049 52.1642 0.000960129 0.00740128 0.0339727 0.0967084 0.00164669 0.183382 2.86542 0.034852 0.407304 40.6374 1.81982 5.35961 
0.666042 1.04711e-05 0.00289171 3.57825 4.19698e-05 0.0595472 0.0028446 0.868452 0.211386 16.3146 0.735846 0.0203741 1.28063e-05 0.390139 3.30566 21.8086 1.50013 7.71224 
0.475574 0.00784709 0.0526874 0.786907 0.000488905 2.82765 1.59665 3.71201e-05 3.56329e-05 3.3269 0.00109231 76.9659 2.08967e-05 0.0230044 0.390722 48.557 0.90398 9.90359 
0.616862 4.73207e-05 0.000170034 0.0018609 8.59657e-05 2.84152 0.00069704 7.76015 0.0677881 0.108292 0.140443 170.935 0.000122308 3.17005e-05 0.622061 45.8415 5.65833 6.03775 
0.449302 0.0403057 0.00194658 0.00252699 0.00521902 1.62671 0.000641753 0.0354731 0.0688036 153.222 1.66619 394.258 4.82315 0.00022942 0.554805 7.46175 4.2557 3.82095 
4.90522 0.000932492 0.00103285 1.03187e-05 0.001572 8.14682 5.04442e-05 0.00208816 2.94485e-05 0.155674 1.83446 2.41671 0.166835 0.000754431 2.56764 40.4062 0.619913 5.38548 
0.000438061 0.418718 0.000786021 0.105159 5.9465 0.0133403 0.00263264 3.92166 0.613061 11.3349 3.34937 219.029 0.0095401 0.000179023 5.72138 33.149 0.973882 3.85463 
0.227727 0.634553 8.35049 7.75073 0.00146403 399.893 0.0130482 0.028785 0.000173472 0.0182521 8.73349 208.515 0.0015852 0.00215019 3.94605 10.5509 0.699229 9.02378 
0.00691477 0.00427399 2.80202 0.000605887 0.0218844 0.0112124 2.43669e-05 0.0518731 0.0538316 24.158 0.561128 108.667 0.00133242 5.30344e-05 1.58803 10.6864 0.893703 5.93487 
1.39707 0.000299745 2.81555e-05 0.000140702 0.175641 0.0335701 3.23388e-05 0.08906 3.54323e-05 0.361878 0.0208783 0.0638398 0.557736 0.245833 2.64612 30.1246 1.20388 4.95788 
0.00126589 0.00226491 2.32967e-05 0.000305648 0.844129 666.783 1.98244 1.60548 0.151096 1.65047 0.0013666 15.4216 1.05065 0.421541 6.26401 40.284 1.82434 7.83999 
1.42543e-05 0.00012943 0.000503981 0.00368333 0.00567135 0.321037 0.00178674 5.58483 0.154461 0.61131 4.43103 19.1062 0.000345006 0.00552062 2.02322 31.4185 0.851332 6.96243 
4.12805e-05 0.000378005 0.231227 0.1666 0.00470032 230.761 0.000293942 0.3869 0.0114118 0.175135 1.00191 131.537 0.000253472 0.131542 9.70213 23.1003 0.962989 3.05651 
3.57841e-05 6.57481 0.0682291 0.000944843 0.000141525 0.116248 3.8834e-05 0.196782 0.379735 2.03018 0.128058 98.7321 0.295778 2.58588e-05 3.13671 40.698 3.52346 1.85785 
0.0523329 2.46441 0.815399 0.026446 1.54236 337.331 5.85951e-05 0.0259477 0.0924425 4.82029 6.33138 7.05622 0.000741699 0.000671149 2.41449 32.151 2.54666 8.01345 
0.0479331 0.22086 0.00332651 0.736399 7.12326 35.1849 0.896809 0.437474 1.50284e-05 0.444116 2.71588 10.0422 0.346177 0.00164379 1.45414 45.5003 1.79664 5.34348 
0.068695 0.000203445 2.15989e-05 0.000713531 0.0112348 21.2783 1.45972e-05 3.07875 0.00438273 0.0220144 0.202719 382.407 0.000528443 0.0721265 9.22345 21.0424 0.723899 2.25211 
0.074051 0.0461341 7.85493 0.000396588 0.0375338 0.0180774 0.000999088 1.20705e-05 0.0020352 0.587051 0.000612746 163.684 0.853448 0.0168675 0.56743 36.9686 0.701519 9.80571 
0.221005 3.32466 1.29374 0.000106038 0.000186977 37.1393 1.58044 1.07835 0.000588017 0.76223 2.26144 18.2785 0.450376 0.00150402 1.16808 40.0717 2.20477 4.70181 
0.000157168 1.89569 2.40192 0.00206845 1.93191 1.03087 4.12169 1.15392 1.01188e-05 0.072294 0.00105975 205.169 1.06706e-05 0.365418 4.6856 23.3543 1.59935 8.52593 
0.381766 0.00692996 0.00109365 6.12558 0.0017229 8.88987 0.0103863 0.00197967 0.000333332 0.159698 0.00023715 0.436018 0.281487 0.424506 4.37078 41.57 2.58035 8.39842 
0.158788 0.483971 0.00354308 0.0016388 0.0560508 1.68917 0.268548 0.15499 0.00760882 0.0225697 3.20806 80.0849 0.0014173 0.000673336 3.47651 12.4058 0.848428 4.12975 
0.289279 1.54533 0.0191366 5.24406e-05 2.27935 7.30973 0.000743507 1.89593 0.000117252 0.0329374 0.0156793 0.325166 2.08167 1.48441e-05 1.84807 45.3173 1.19694 8.51668 
0.0292869 0.00029395 1.46078 0.248869 0.704556 1349.57 0.000601609 0.000107372 0.00161533 85.7078 0.00741687 30.3354 3.22077 0.0983188 2.34166 42.3652 0.868392 7.97913 
0.00957547 0.000239816 1.06781e-05 0.012426 0.00886626 407.957 0.0109713 0.850082 0.220729 4.84454 0.166099 291.778 0.0243731 0.00379147 2.29979 3.65409 2.55365 7.33903 
0.0458966 0.00348906 1.89428e-05 0.314944 0.000563163 0.408044 1.10397e-05 0.307414 0.0400013 0.0744619 0.0025269 106.111 0.000562665 0.00321811 3.49882 27.7454 2.49075 7.8553 
0.00260014 1.88527 2.39582 0.00201721 0.70764 0.0548349 1.30583 0.59787 0.744958 21.9041 0.838794 202.71 0.0156759 0.000386901 4.23581 38.8777 1.10242 2.32788 
0.249029 9.59773e-05 0.00818246 1.71429e-05 0.00322219 1.50387 0.000182377 0.0178207 0.0274401 0.253695 0.0357567 29.4128 0.00033407 0.00208334 0.866897 31.5411 2.60959 5.18278 
0.00725505 9.77879 0.0274718 0.000531902 0.00118487 904.351 0.0133975 2.05209 0.00451583 58.3232 0.237682 0.0112941 7.58376 0.00012461 2.43032 36.3012 0.872164 9.28539 
0.000551227 0.000449146 1.03228e-05 0.0161548 1.24002 256.944 1.32412 0.837378 0.049289 0.45959 1.45237 116.977 0.0081084 0.000308954 1.69874 5.34835 0.88978 8.33772 
3.17641e-05 2.36775e-05 0.708768 0.000382651 0.00120677 759.247 0.000706666 4.55334e-05 0.0826024 0.0571622 0.0541602 3.00276 1.7964 0.00024616 5.09252 47.2088 0.776192 9.57168 
0.000576882 4.68631e-05 0.912375 0.000337007 0.0608186 1.38353 2.77173e-05 0.011865 0.00532911 0.0162375 1.32666 309.11 0.000306502 0.000777347 2.23303 10.4116 5.12929 7.8894 
0.00293473 2.78242 0.00643387 0.0904952 2.54571e-05 357.934 0.978835 0.348317 0.00403967 37.8813 0.000224165 14.0081 0.740186 0.185203 2.51485 41.1144 2.17094 8.53546 
0.0150289 7.41847e-05 0.0261245 0.000719892 4.90406e-05 2128.83 0.0570684 0.442124 0.0301141 0.509353 0.0125807 351.914 0.0243392 0.00457962 0.652401 36.7424 3.52572 2.71012 
1.51589 0.651548 1.32346 3.67371 3.21982 0.1252 0.659296 4.47061 0.344961 30.5206 0.110224 292.501 0.000190114 0.0142575 6.50848 22.6415 0.668957 5.31634 
1.26106 1.18821 0.258591 0.0771282 0.145025 0.484931 7.20962e-05 0.114405 0.339826 0.0860726 2.33764 0.0307485 0.00489891 0.405414 2.27386 30.4067 1.58538 7.35061 
3.55051e-05 0.0290207 0.00209406 0.121757 0.00416095 61.0036 0.0294238 2.3203 0.00158893 0.0750049 0.00132342 228.908 0.00485923 0.0428159 0.441947 46.1251 1.47543 5.59859 
3.84193 0.0201453 0.0114898 1.49326e-05 0.000163222 0.0639482 0.0083659 0.0492785 0.000144209 1.14823 0.0568481 0.937429 1.16303 0.0627981 1.34857 45.2278 1.63819 9.62765 
0.00272641 0.160375 1.68321e-05 0.00190786 0.18526 2.82521 0.00305066 0.185086 0.0848111 0.0131997 0.195463 365.415 1.26833e-05 0.0752595 4.25792 7.34133 1.54415 4.65401 
9.12443 0.00407034 3.46681e-05 5.22426 0.010907 0.0225135 0.00591391 0.00287302 0.00783016 0.018134 4.26301e-05 4.05028 1.33168e-05 0.113244 3.2725 45.2772 0.968654 6.9083 
0.000318836 0.0721823 2.02731e-05 5.75422 0.000445428 658.979 1.33256 4.35753 0.0256434 34.9053 3.25715 225.733 0.000338531 0.00183668 1.06942 37.546 2.54006 2.12419 
0.00238665 4.58714 0.235495 0.021522 0.000287499 0.023285 0.274017 0.000729223 0.0014978 0.0493168 0.0112827 12.2198 2.41682 4.70876e-05 0.885124 49.9951 0.714276 8.57726 
0.00590648 2.46689 0.118388 0.057567 0.00186133 12.8806 1.36718 0.438104 0.153454 4.82471 6.09478 100.426 0.0348952 0.00372121 3.21594 14.6756 4.04511 3.43901 
0.0258823 2.33057e-05 0.00015526 0.000146037 0.000346089 6.38918 0.594018 0.070347 0.18152 0.0459817 0.00639262 29.0416 0.00886563 0.00016458 4.83823 41.4672 5.3474 8.57812 
0.000922493 0.209365 0.124993 0.00251463 0.126954 6.83468 0.00237969 0.00618309 0.00364644 3.465 0.158641 66.3877 5.18471 0.0126781 0.862384 38.87 1.86521 8.99721 
0.541939 0.00943158 0.00109761 0.000112946 0.000726254 0.0883341 0.00495818 0.503137 0.0410935 0.670459 0.2587 337.858 0.00280964 2.67796e-05 1.60227 5.33505 3.72005 2.86649 
0.00198893 0.00115984 1.6971e-05 0.00195227 0.0265758 17.1068 6.99492e-05 1.18944e-05 1.19768e-05 1.1825 2.97759 8.55279 1.21412e-05 0.174123 2.75002 45.1432 1.21227 5.7327 
0.0512239 0.000310026 2.08895 0.00157952 0.00278381 5.66232 7.28228 0.00165497 0.000629521 2.22121 0.0016641 0.0164887 0.00144852 0.320749 3.14799 44.2956 2.28136 8.96122 
3.34828e-05 0.00107931 0.144179 3.08244 3.85691 0.0530536 3.13238 0.00829486 0.000493035 1.2987 1.49896e-05 203.809 8.51414 0.143344 1.75076 35.2086 1.48295 8.90553 
4.53194 0.0272638 1.21594e-05 2.01276e-05 0.00260839 0.618007 0.178876 3.31585 0.0916663 0.481475 0.000132141 0.0192469 0.0327328 0.13681 1.29154 37.7811 1.14779 7.56734 
0.00477462 0.469923 2.02017e-05 0.00013245 0.124529 33.6332 0.00541823 1.35449 0.673032 9.13691 0.0202844 409.331 0.0936887 5.31348e-05 4.91618 17.3878 3.36867 2.27225 
0.0885383 0.000699654 0.577223 1.21626e-05 0.401882 0.113352 0.00199794 1.84798 0.00265337 1.38303 1.17066 47.0294 1.27102e-05 0.11954 2.42554 32.2608 1.00775 8.33114 
0.0134088 0.000785585 4.1124e-05 1.43645 0.191027 2955.88 0.00170535 3.57763 0.247394 0.0276708 0.059964 74.5204 1.18613e-05 0.0106814 1.42949 37.1862 1.06249 3.18272 
0.00542714 0.00274594 0.00185193 0.000267947 0.000244786 1.38162 0.739037 0.000269799 0.0855256 15.8301 0.000525447 0.0626041 0.00340023 0.102319 1.46477 41.3459 2.38084 9.27344 
0.00141249 0.0043952 0.236888 0.000683629 2.56777e-05 0.0592443 0.000422617 0.00411181 0.000693444 0.541393 3.99423 253.999 2.53859e-05 1.22519e-05 0.92567 12.4359 3.80901 1.77147 
1.02977e-05 0.000979918 1.72792 0.0173994 3.6742 14.0328 2.14212e-05 0.0237486 0.301045 0.48471 0.0589953 0.0132058 0.0563863 0.137006 0.72625 44.9007 3.0203 9.93901 
8.20681 0.000128077 0.00137857 0.000518777 0.00383981 79.1903 0.0198803 8.43259e-05 0.0228161 46.2861 1.2284e-05 7.48175 0.0251611 0.0794112 0.497921 45.9344 1.01984 8.03481 
6.21825e-05 6.1953 3.98002e-05 0.0206923 0.000147925 0.400262 0.396803 4.4999 0.00831529 22.7737 0.262515 115.907 1.37855 0.0373927 2.15285 36.3938 0.665844 9.58796 
0.256308 0.327907 0.0341724 0.0377157 7.40746 7.86615 0.00198313 0.664534 0.0132348 2.68134 8.394 408.163 0.0216768 0.067147 8.45818 27.7989 1.60437 1.28457 
1.09118e-05 2.21255 0.0210187 3.20472e-05 0.0059773 15.9061 0.070784 0.160641 0.00301977 0.025759 0.240734 229.938 0.0178772 0.591751 4.94726 43.7109 4.3631 1.88895 
1.6171 2.09153 0.0621486 0.651066 0.000117 0.534486 0.0122977 0.00280684 0.000179136 8.70583 2.36989e-05 8.90769 1.07816 0.131356 1.19782 33.9999 1.28158 7.64975 
9.54471 0.000282957 0.163098 0.00129396 0.000829205 86.629 4.92646e-05 0.00442268 0.0661408 0.091258 0.000554156 142.756 3.44755 0.000256034 5.58502 32.058 3.75528 2.57943 
0.695492 3.04565 0.000338187 1.92962e-05 0.0291792 103.342 0.000299453 2.11598 0.73152 11.0887 0.455564 321.448 1.90843e-05 0.0425576 0.437322 28.3705 1.86936 4.03896 
0.00633435 0.00209212 2.55541e-05 0.208789 0.0492343 118.432 0.15538 1.1975 0.0740127 0.950703 2.92613 228.373 0.00269908 0.00722193 0.639651 12.4991 1.61483 4.16652 
0.000249484 0.0559992 0.0021878 0.103055 0.00139717 0.0537588 1.71241e-05 0.0967118 0.249232 53.526 1.44613 141.62 0.97681 0.0486794 5.56691 13.1296 0.711948 9.89703 
5.75621e-05 0.581642 0.325616 0.000358663 0.776033 0.509535 0.00024986 2.85959 0.653189 6.41884 0.0778435 224.022 0.642059 8.1195e-05 0.809504 4.97318 1.30817 2.62724 
0.00906264 0.000106933 0.000791723 0.988056 0.00146767 55.298 1.83944 6.14032 0.0206419 0.038474 8.05198 41.9591 4.724e-05 0.308964 0.542781 30.0206 2.37333 5.17072 
0.000100923 0.0199721 0.0226635 7.26611e-05 0.000672283 2.04153 0.000135197 0.0445075 0.123472 0.105148 0.115892 154.762 3.92016e-05 0.00233907 3.44675 6.66689 3.8886 9.61936 
0.00088491 0.000103278 1.68276 0.0120434 0.68755 0.0128818 0.002434 2.8073 0.0370996 0.724185 9.6814 60.6802 0.000653837 0.00202581 1.76401 20.8654 1.67494 1.90313 
0.000222957 0.0317168 0.0382055 0.718797 0.000327515 8.31485 7.31677e-05 1.09228 0.148722 25.6447 2.45622 184.005 0.796991 1.22736e-05 3.97664 28.3129 0.921004 6.52266 
0.0441591 3.27992 3.76675e-05 0.26326 4.17003e-05 1.4831 0.0105945 0.0988008 0.709048 86.2307 1.43865 11.9099 0.0147619 4.40776e-05 0.625615 34.2218 2.04919 9.6112 
0.0257457 1.23267e-05 0.992429 0.959521 0.000103542 10.0055 0.000768358 1.39773 0.347053 0.692153 0.975977 488.61 0.0403571 0.0891807 2.02638 27.2302 2.18367 8.9952 
0.00606254 0.795441 0.000445422 0.000421312 0.297807 1007.11 0.27674 1.24 0.0201501 13.2498 1.30035 236.195 0.422476 0.00088579 0.254866 38.3343 1.33748 7.94834 
0.206844 0.000103301 1.47195 2.5398e-05 0.000331452 2.68785 0.00105894 0.0279612 0.00448542 0.0218989 1.67271 0.121194 0.0064357 0.327051 1.14756 47.3081 2.62207 8.70182 
0.00033489 0.000374225 0.0126372 0.0661892 0.434875 585.558 0.00029644 0.418946 0.174523 0.383953 0.449762 16.7382 0.00550452 0.133546 2.97113 25.0329 1.50225 4.34759 
0.00142911 1.325e-05 8.12925 0.345847 0.000197071 1026.13 0.000601053 2.45429 0.192859 0.0222556 0.0708593 172.298 0.000486356 1.49546e-05 0.826657 29.5145 2.61606 2.52294 
4.52218e-05 0.000470635 0.00436447 0.00311051 4.99726e-05 1.51868 0.235019 8.11504 0.17145 0.148771 0.101997 210.865 0.000424905 0.0596653 2.2545 27.9681 3.95836 1.89002 
1.24483e-05 1.81004 0.000855821 0.661629 0.00199173 153.535 2.46933 0.890968 0.0182556 0.0113992 3.90964 58.5852 0.00048469 0.00157129 7.05674 49.593 3.49772 5.50328 
0.000534041 0.0399172 0.0662793 0.00149854 0.000635247 737.542 0.0195602 0.104353 0.114145 54.3736 2.72199 131.152 0.000139318 0.00394852 2.54444 17.6243 2.0194 4.14427 
0.0150417 0.0887206 0.0127851 0.0155157 1.16201 742.592 1.25518e-05 1.13103 0.432471 1.29103 0.298189 22.5326 8.39226e-05 0.102975 1.67217 41.4605 2.10046 8.70644 
0.113125 0.171202 2.8318 2.45481 0.0506013 0.668027 3.82372e-05 1.54606 0.492376 1.53708 3.86294 208.176 0.00437343 0.0036064 2.87983 13.1332 3.72931 7.19805 
0.00140777 0.00142605 0.367406 2.54589 0.0072322 2.17874 0.619386 2.61539 0.200751 47.0598 0.931331 16.7331 6.53915e-05 0.000613368 0.298815 46.4473 3.45079 9.55375 
0.00227179 2.43948 0.00320788 1.36995 4.71865e-05 1.04402 0.011463 0.890671 0.573927 5.94739 0.0988966 148.821 2.39991 3.90757e-05 2.13972 24.4308 1.89043 4.89307 
0.000246499 1.22737e-05 0.00103203 0.0510391 0.000257742 47.1945 9.61523e-05 0.373783 0.169596 10.5156 0.335935 174.459 0.0051746 0.014469 7.94647 27.0697 2.48256 4.4214 
8.03668e-05 0.0986529 0.863938 0.000251087 1.24378e-05 279.441 0.00109948 0.0429762 0.216042 81.3976 5.10188 378.245 3.11136 0.000219672 4.6686 6.29817 2.39834 2.84704 
0.00456854 0.0111102 0.0368499 1.25482 0.519954 0.0143581 0.000581838 0.000500646 1.75277e-05 0.109092 0.299081 21.3146 0.00673669 0.10589 1.81273 39.7661 1.32831 9.8152 
0.143914 0.000933924 0.00311733 0.0001128 0.0243192 26.8279 0.0149999 3.11398 0.222925 3.10576 1.11384 468.328 0.00615049 0.00332439 1.56288 30.4418 0.984054 1.08797 
0.000104313 0.00340907 0.109447 0.317863 0.0275316 688.358 0.00020926 0.340083 0.347938 10.0438 0.956857 79.8748 0.00126092 0.000760955 6.64097 33.3058 2.08496 6.62371 
1.47132e-05 0.0749515 1.32213e-05 1.6807e-05 0.322438 260.415 0.00375242 0.00251007 0.00274619 0.463239 0.00228359 290.233 5.21435 0.0612562 3.04929 45.7424 1.23558 3.28468 
0.000307213 0.753504 0.000980346 3.45948 0.379736 6.41327 4.07917e-05 0.593083 0.238104 0.0234808 0.00164031 107.136 4.78576 0.000128816 2.28104 39.8492 6.64125 4.61223 
0.0352662 0.000178408 0.542686 3.04156 0.00276027 202.223 0.00342578 0.221353 0.00504276 0.193039 8.48999 126.624 0.00139173 0.000181923 3.65041 10.5948 0.743345 9.65436 
0.0440518 1.55473 0.415202 1.06943 0.00100216 13.5388 0.000684413 0.345895 0.0682256 60.8826 3.85958 116.545 1.70941 0.00635319 2.04778 7.76142 1.48036 7.16862 
4.26286 0.000315117 0.00176612 0.000356295 0.0649387 250.703 0.765036 1.45165 0.193719 1.96358 0.506116 218.789 0.0461036 2.73274e-05 1.80009 6.05595 1.04312 7.27976 
