-370.2958205
-370.1010234
-369.8051242
-369.607044
-367.8164509
-367.5129447
-366.0240266
-364.7865786
-362.1683435
-359.1635147
-356.5016353
-355.9704668
-355.8648672
-355.4548342
-353.6984279
-353.4947651
-352.9866717
-352.9658538
-352.6401404
-352.4310722
-351.1517889
-350.6298523
-350.3051106
-350.2698524
-349.7686026
-349.3119678
-345.6140233
-343.6986784
-343.2972383
-343.0273243
-342.5327195
-341.4917562
-341.2455902
-340.170625
-339.5550671
-339.0709253
-338.2273959
-337.4392465
-335.22391
-335.1771089
-334.5326303
-334.4526259
-333.749334
-333.0868092
-332.738655
-332.5646994
-331.3261102
-330.9101985
-330.2308331
-329.7190152
-328.0190562
-326.8276972
-326.4035311
-324.9757907
-322.948798
-321.2758398
-319.7597331
-318.9235561
-318.4901298
-317.8791128
-316.6921807
-316.5164045
-315.4964708
-315.3249691
-314.0347598
-313.7402576
-313.4505276
-311.1159651
-311.0489405
-310.603018
-310.585846
-310.1784123
-309.5812803
-308.9563541
-308.4366526
-307.9410806
-307.8236206
-306.2270552
-304.8592957
-304.7201156
-304.5394923
-304.2580067
-302.7895583
-301.2501841
-300.8902208
-300.5227134
-300.0888902
-299.1813903
-298.8521218
-298.7332645
-298.031365
-297.8373489
-297.2407343
-295.2104106
-294.421618
-293.155555
-292.9249359
-292.57727
-291.9103356
-291.1731631
-289.5105662
-289.0821091
-288.0135585
-287.8869106
-287.8424061
-287.4066421
-286.7875723
-286.4052086
-286.1983856
-286.0672219
-285.5688037
-285.4079147
-285.3749499
-285.2751103
-284.5253218
-284.3099082
-282.5498169
-282.3944044
-282.100626
-281.3329299
-280.9680223
-280.7551094
-280.3749909
-280.0762102
-278.812754
-278.4366649
-278.1730146
-277.5875857
-277.4066372
-276.7519066
-276.4101712
-274.8184299
-274.7848325
-274.7645717
-274.474203
-273.9960648
-273.8061619
-271.7399211
-271.4306018
-271.245313
-269.2897597
-268.9098126
-268.7104205
-268.2463876
-268.0307118
-267.891575
-265.7168891
-264.3020457
-264.1661852
-263.7528555
-262.5716658
-261.3017285
-259.5407692
-259.2058142
-259.0338417
-258.8244971
-258.5594673
-257.943144
-257.9097236
-256.1917191
-254.9563464
-254.911178
-254.5775049
-254.4494443
-254.3576157
-253.3996772
-253.3073719
-253.2392962
-251.9103131
-251.713083
-250.5269942
-250.0960032
-249.8883133
-249.1877636
-247.3955423
-247.1001704
-247.0398232
-246.8137483
-246.774094
-246.0544625
-245.3690568
-244.9643015
-244.9364339
-243.7891232
-243.4315988
-242.8397904
-241.933595
-241.7182636
-240.0621006
-239.9863201
-239.5218342
-239.3896428
-239.1438526
-239.0042034
-238.7869751
-238.5780691
-238.0387688
-237.8691508
-236.9423859
-235.5557567
-235.3390374
-235.2285403
-234.6904039
-234.3224516
-234.1683262
-234.0844989
-233.8730427
-233.3263474
-233.3179808
-232.6039721
-232.4619681
-232.2219312
-232.208025
-232.1382095
-230.7452678
-230.3388633
-230.2912162
-229.7652258
-228.8823144
-228.3379917
-227.9957745
-227.6329689
-227.294694
-226.9562029
-226.6756293
-226.4284512
-226.0801679
-225.4943
-225.4915349
-224.8982901
-224.5047887
-224.1466433
-223.7680791
-223.2530146
-222.8084433
-222.5564933
-222.5179038
-222.2974424
-221.9295533
-221.5748803
-220.8280089
-220.7786519
-220.6865366
-220.6261426
-219.8550569
-219.7951788
-219.7214401
-219.5575345
-218.8478338
-218.7043003
-218.547357
-217.3929548
-217.0680129
-216.581305
-216.2177581
-216.1277579
-216.1230442
-215.7427472
-215.6097991
-214.9664857
-214.8745033
-214.8563513
-214.6876561
-214.1761809
-214.0800076
-212.8363536
-212.2341575
-212.1884261
-212.1309751
-211.9536889
-211.216412
-211.0523255
-210.8195033
-210.7531197
-209.5317616
-209.4327856
-209.2287874
-209.1280168
-208.3795625
-208.2806788
-208.1877487
-208.1300887
-207.8643459
-207.7923915
-207.6871263
-207.6560918
-207.6494354
-206.9235543
-206.4886451
-206.1421028
-206.0688216
-205.893825
-205.6463351
-205.3511953
-205.3209708
-205.2778225
-205.1053131
-205.0318356
-204.9248064
-204.1663418
-203.8772851
-203.5442283
-203.3623769
-202.9438236
-202.9423144
-202.8550948
-202.4764452
-202.381374
-202.2483321
-202.0528082
-201.9338681
-201.5985024
-201.3989764
-201.2173302
-200.9045931
-200.6724772
-200.6035938
-200.5578396
-200.4877639
-200.3409875
-200.2099644
-199.7676777
-199.6541316
-199.605693
-199.5173459
-198.729481
-198.6629902
-198.3956723
-198.1628609
-198.0857903
-198.0731663
-197.8086717
-197.5407247
-197.3366222
-197.3002454
-197.0451264
-197.002739
-196.9241502
-196.7332942
-196.4579935
-196.1449464
-196.0675001
-196.0543942
-195.8468673
-195.7673143
-195.7332093
-195.5989595
-195.494907
-195.3168808
-195.1949659
-195.1775667
-195.0417268
-194.9352984
-194.8699685
-194.2706609
-194.1102322
-194.0310172
-194.0270513
-193.9353189
-193.9247774
-193.8062628
-193.6657026
-193.6579083
-193.4029276
-193.3917869
-192.7866084
-192.7123564
-192.2805508
-192.2766006
-191.9310026
-191.906503
-191.7569115
-191.7096643
-191.5431078
-191.132422
-190.7567637
-190.7502161
-190.4493757
-189.9762271
-189.9211142
-189.8882816
-189.8711665
-189.6285956
-189.5099328
-189.431711
-189.4232654
-189.0562684
-188.9353123
-188.8617266
-188.8430123
-188.7133177
-188.7032214
-188.3045727
-188.1161681
-188.0231991
-187.7073022
-187.6872082
-187.4150747
-187.3391678
-187.1648733
-186.871128
-186.7510126
-186.6131949
-186.2945506
-186.1712218
-186.1441648
-186.1123963
-186.1067629
-185.9571624
-185.9158582
-185.7986529
-185.6410398
-185.4435893
-185.3097884
-185.2266793
-185.1388962
-184.9960191
-184.7634794
-184.5314873
-184.5209829
-184.4944371
-184.4235928
-184.2505455
-184.2296129
-184.1361526
-183.9414785
-183.8601778
-183.7323433
-183.3144584
-183.2378253
-183.1991373
-182.9428357
-182.8615907
-182.5702048
-182.5060996
-182.5057528
-182.3352485
-182.2882388
-182.2519786
-182.2162248
-182.0132109
-182.0120938
-181.6326256
-181.5483103
-181.524449
-181.4227046
-181.3887039
-181.3787841
-181.2734629
-181.2680406
-181.2553721
-180.8974797
-180.883585
-180.8767164
-180.4243161
-180.418962
-180.2226293
-180.068041
-179.9954631
-179.4152889
-179.3950749
-179.2604885
-179.2246951
-179.0779127
-178.7030621
-178.6288961
-178.4966963
-178.0926739
-177.8430497
-177.4122692
-177.3436477
-177.1131677
-176.9339954
-176.649065
-176.52774
-176.2619758
-176.0413392
-175.9449271
-175.8586685
-175.8051042
-175.5312879
-175.4267275
-175.3900557
-175.309558
-175.2407058
-175.1708982
-174.8923433
-174.6467228
-174.5583838
-174.3109116
-174.2320455
-173.6799938
-173.6761701
-173.4875615
-172.6540803
-172.1586228
-171.1428981
-169.8498532
-168.3619271
-167.323367
