0.0130208 0.0277172 1.23766 0.00196044 3.94394 2621.12 0.00190359 0.0140571 7.56688e-05 42.6942 0.0813603 53.687 0.000922984 0.0225095 1.83492 29.9038 0.15462 3.68655 
0.0130624 0.0302446 2.43158e-05 2.52774e-05 0.000618181 2297.94 0.157628 0.260618 0.206917 65.581 1.10188 84.1661 0.591435 4.9344e-05 0.550897 5.55159 0.918753 8.1501 
1.82361 0.100117 0.48624 0.0182772 6.46806e-05 0.455167 2.02809e-05 0.0313241 0.158271 83.2046 0.138031 0.492979 0.00153872 0.00771237 0.00469053 23.3239 1.7657 4.39395 
8.98651e-05 6.18316 0.0474142 0.0816361 2.55425e-05 0.296047 0.000769399 2.3861e-05 0.00122454 66.1698 0.000227844 0.126838 1.27508e-05 0.0174601 0.172275 36.5225 0.451125 9.801 
0.00305269 0.00226145 0.0155921 1.63379e-05 0.000195885 129.113 0.00425431 0.00139309 2.9764e-05 55.7752 0.809227 6.43179 0.0233754 2.64507e-05 0.000547547 29.5452 0.718204 1.92002 
0.00800899 3.23459 6.66239 0.907282 0.668218 0.0236505 0.0242049 0.0159771 0.103287 85.879 0.0014907 0.0427618 0.0113793 0.822535 0.25548 5.53014 4.05464 4.25574 
0.149321 0.00349777 0.313603 0.0179201 5.00692e-05 4.78765 5.94614e-05 0.250064 0.00347554 5.62132 2.71087 0.0707795 7.28911 0.804084 9.13114 4.51549 0.455519 1.5836 
1.17732 5.75593e-05 0.00149417 2.34149 7.58391e-05 0.0305016 0.00956593 0.000135892 0.000885987 190.823 2.39929 0.0174039 0.00100358 0.0013127 0.000643132 42.2244 1.40345 3.40587 
0.362112 0.0044578 4.79067e-05 0.058795 0.746631 19.602 7.1321 0.00015377 0.0160304 1.63797 0.575542 0.244748 0.0109388 4.56812e-05 3.10227e-05 15.7181 1.75386 9.4032 
0.00334264 3.25383 0.0963181 0.00056072 1.09419e-05 15.5876 0.0100332 0.0418281 7.88571e-05 0.159089 1.78552 68.8268 6.76525 0.0301139 2.14769 9.12695 2.08841 0.214011 
0.000231431 0.000121261 2.1451 0.0351075 5.33976e-05 676.047 0.0192592 0.0799985 0.555416 11.1812 0.0549215 0.14472 0.346391 5.5708e-05 8.36482e-05 20.3993 0.602672 7.17212 
1.93738e-05 6.19061e-05 0.0146773 0.0241171 0.00781738 0.0807632 3.35005 1.53401 0.00938059 9.10614 0.00983954 13.3913 2.89027 7.18516e-05 0.0094686 12.9241 1.1686 6.99931 
1.12294 9.71991 0.00631995 3.08914 2.1511e-05 1.44084 1.61295 0.205292 0.00037952 0.022952 0.170912 0.478403 0.00020834 0.108695 0.125817 17.8039 1.54974 0.891472 
0.117083 3.81987 1.15733e-05 0.00418641 0.982434 25.0626 0.524335 0.00343206 0.0001906 88.3501 0.000622398 0.0219788 4.29074 0.00377037 0.00152181 49.5605 1.52557 2.55377 
0.0134429 1.01894e-05 4.65262e-05 8.65776e-05 0.323761 2.69112 0.00340351 0.0394941 0.122007 7.11177 0.0246941 0.104429 0.0496289 0.00198199 5.67583e-05 19.471 0.545854 4.55704 
0.729283 6.30531e-05 0.00799127 0.251472 6.22531e-05 1744.72 1.41314e-05 0.50898 3.17306e-05 0.0527184 0.777925 49.8327 0.743553 9.76485e-05 0.171958 4.43365 2.496 4.44913 
0.118724 1.95036 0.340937 0.0212655 0.000652946 56.7965 0.00911171 0.168292 1.30194e-05 45.7081 0.622734 310.676 0.117946 0.137758 0.545207 7.71424 0.686627 0.856971 
0.0438069 0.62858 0.0040409 0.00569365 0.0824259 0.0268853 0.121598 0.0423153 0.00438251 1.75128 0.0118523 31.1534 9.05805e-05 0.00541278 1.6295e-05 25.7876 1.09856 1.55531 
0.00323663 0.00320999 0.000160953 0.00252515 0.00152243 14.5829 0.000193754 0.178561 1.18734e-05 55.1031 1.29555 0.0232785 0.024321 0.00660728 0.0337727 47.0693 0.886736 0.840075 
1.43244e-05 0.0516496 0.00387172 0.0733056 0.000216635 0.0405297 0.712411 0.568314 0.613398 251.025 0.0114842 0.0558322 0.000365419 0.0774916 0.0443586 34.211 1.89513 0.408412 
0.15122 2.32925e-05 0.262437 0.00612045 0.0130558 0.273579 1.05513e-05 0.288624 0.193335 12.2287 0.0403375 60.6244 0.0139353 0.00200811 0.00603612 13.934 2.62163 1.62258 
0.000129644 0.997641 2.17359 0.00660944 0.000427623 0.0165698 6.90473e-05 0.00010307 0.0350654 133.455 3.50462 0.745038 0.00066868 0.0966865 0.00699393 24.1761 4.08296 3.03941 
0.013116 0.0120757 0.000135138 2.90939 0.00727879 616.775 7.05536 0.000282431 0.467551 7.71139 0.102943 0.0119566 0.294739 0.0303307 1.28559e-05 38.3343 6.40488 4.71112 
8.52264e-05 0.123818 1.243e-05 0.00420685 0.00024444 956.93 1.82484e-05 6.08988 0.0123458 5.23511 0.000103769 2.59878 0.000596356 0.040211 0.000176759 9.12353 1.27424 4.90904 
0.00105664 0.0832448 6.31348e-05 0.279463 0.404264 2.65456 2.65145e-05 1.14046e-05 0.00409848 0.128101 5.85813e-05 0.0541332 0.000245979 0.0351947 0.000519614 16.3313 1.94363 9.37391 
0.000153222 0.000114804 0.000107251 0.305483 0.000762698 0.0355695 0.84611 2.68439e-05 0.350921 1.62821 0.0314107 0.360228 9.18688e-05 0.0165573 0.000109011 16.801 1.64039 3.04527 
0.98136 1.82292 0.000168755 0.00360143 1.47865e-05 47.5983 3.09315 0.956081 0.0763125 0.524579 0.00023798 247.397 0.000380242 0.0166738 0.000481835 9.43474 0.899673 5.19621 
0.00701398 0.261703 0.000228286 0.00282976 0.0388454 1017.36 0.00461146 0.132961 0.00119893 237.069 0.0110593 0.0196549 0.000161429 0.17475 1.27138 5.20669 0.248039 9.8858 
0.00182293 4.34695 0.0730235 0.000250434 6.96536 130.223 0.106984 0.18314 0.227633 8.46429 0.00453557 0.0491951 0.00796731 0.013648 0.197008 36.84 0.572448 3.10479 
6.24281e-05 3.68545e-05 1.01962e-05 0.0884823 4.2025 0.312871 6.76436e-05 0.000109844 0.000864741 27.4238 0.00467539 169.114 0.000665127 0.0268055 2.18349 23.0329 0.894979 5.65204 
2.39787 1.5277 0.00318844 3.10311e-05 9.30887 6.8425 0.148427 1.06644 0.000445896 0.022706 0.00952605 0.0744343 2.96946 0.0164662 0.208528 4.1913 1.35948 5.40045 
2.25982 0.921446 0.000162454 0.0448571 0.000305401 47.8648 7.4194e-05 2.65367 3.7983e-05 102.616 5.02739 0.0113526 0.139 0.0166497 1.78257 34.686 2.29185 8.02929 
7.24069 6.19336e-05 0.00402252 6.16612e-05 2.60964e-05 850.144 0.00016241 0.00105252 4.94732e-05 16.4878 0.0491459 0.0890936 1.94885e-05 0.439819 0.407282 1.61531 0.812261 3.71763 
0.00175111 0.143083 0.00917368 0.00980604 0.00670787 0.56073 0.00174778 7.12196 0.00636834 422.456 3.2695e-05 9.67321 0.592586 0.005071 0.0144851 28.5155 1.87414 7.40218 
0.0145326 5.34384 0.00748588 0.68062 0.151053 0.0151679 0.00574239 6.5155e-05 0.00116764 0.0145698 1.75093 1.16709 0.152072 0.000103261 2.58224 44.2244 0.29921 7.01757 
0.000835175 0.000494786 0.0436467 8.37131 1.61004 5.26702 1.02621 3.73575 0.000710598 0.137785 0.00750162 17.5637 4.44214e-05 0.451968 0.443066 5.34026 1.99254 1.14999 
0.173651 1.59072e-05 1.03919 0.0092362 0.00176286 408.884 1.66831e-05 0.10471 0.027732 0.405286 0.0205293 4.3029 1.18413e-05 0.000135541 0.084367 42.1043 1.3087 2.81601 
1.83112 0.000326939 8.39377e-05 0.00186128 5.62809 2007.54 1.98755 1.41118e-05 0.386358 477.902 0.000140156 220.399 0.000912302 0.146042 0.0929065 12.6559 3.31694 4.36997 
0.0960454 0.0195518 2.24608e-05 0.452222 0.0011031 98.6421 0.000125538 0.0236104 0.766498 1.73174 0.000934324 1.23888 0.0684036 0.42599 0.481705 2.35045 0.940387 1.66777 
0.733954 0.0153422 0.00460909 8.08162 0.00494342 64.876 0.427676 0.261729 0.274165 0.0261837 0.000662098 101.679 0.0107735 0.0404768 1.08912 9.97054 1.74195 8.57982 
0.0657608 0.109519 0.000342087 0.000371098 1.09169e-05 67.4401 0.868127 0.295491 0.00239845 4.68648 0.000723925 0.0123251 7.40617 0.00345927 0.428329 31.4003 0.314427 6.88519 
0.000784771 0.000766656 0.00164014 0.254131 0.107025 56.3157 3.05668e-05 0.00119925 0.15943 4.39811 6.23283 0.0110487 0.000183268 0.0386855 0.0318464 12.1803 0.797549 6.72236 
0.000106494 1.83716 0.000194299 1.25546 1.97902e-05 0.531266 3.99263e-05 6.92236 0.000114613 8.95149 2.3177 18.632 6.00036 0.000990335 9.86249 13.7995 0.90439 2.66468 
0.0105587 0.000867889 0.000959953 0.00700664 0.0607712 1352.55 5.09176e-05 0.0279137 0.000270983 2.49212 0.00431214 203.362 0.0986134 0.0331181 0.000242869 47.9214 2.00295 0.39478 
0.000148549 0.0284531 0.00555527 0.00449921 0.000606073 1738.26 5.29352 4.79794 0.016451 0.0240359 5.50292 29.876 0.0238159 0.079324 0.0423501 9.82167 2.5199 1.43364 
1.84604 0.00025452 0.167522 0.00220808 1.35139e-05 417.881 3.18851e-05 7.85863 4.51766e-05 2.45867 0.0224294 32.0127 0.0115022 3.66886e-05 5.98093e-05 40.0392 0.57161 2.43381 
7.42499e-05 0.000964692 0.00506448 0.0100046 4.27878 0.149037 0.000883744 0.000216041 0.0295591 0.0403118 5.01795e-05 43.1096 0.179585 0.436021 0.234732 3.59328 4.01273 6.70932 
0.171852 0.79992 0.726249 0.378589 0.000849531 0.149155 6.61565 1.24573 0.0193899 2.63347 0.00012471 12.8209 0.00251766 0.0190989 0.00630565 48.1043 5.77728 5.27175 
0.0272617 6.7613 0.268949 0.00799969 0.0338486 0.175398 0.0882199 1.00958 0.0021543 0.162886 0.00130679 1.49211 0.00190282 0.0229235 1.67229e-05 15.5428 2.77569 7.57559 
0.019662 0.00156247 0.136488 0.0182856 0.000222532 5.13655 0.000776088 4.65807e-05 6.79901e-05 1.11929 6.64862e-05 4.7296 5.26129e-05 0.0266071 0.825293 49.2561 0.153119 5.8427 
0.00106527 0.000461293 2.99096e-05 3.99871 5.5021e-05 36.7523 3.42491e-05 0.000448456 0.177039 2.75963 0.00175252 0.0128501 0.00565095 0.000839416 0.00473758 27.2903 0.717401 6.51438 
0.000639316 7.60206e-05 0.41955 0.00157084 0.00622332 0.357861 5.66137e-05 0.00198065 0.0765248 0.511921 0.0806855 249.495 0.00320924 0.174541 5.89287 5.87707 1.63108 0.660718 
0.134686 0.000303234 0.0302325 5.08552e-05 0.0385205 19.5747 0.0303274 1.53467 0.0181237 0.0427161 0.750724 24.9162 0.00046736 0.00011636 0.057458 41.3783 9.55366 6.52411 
0.00167387 0.425472 0.129797 0.0103975 4.92252e-05 7.06651 0.00141043 0.277718 0.327345 0.966544 0.461206 9.43801 0.154831 1.43517e-05 0.0105816 5.84355 2.27132 2.50017 
0.0742483 0.425419 0.000196881 0.0203612 0.0134701 57.9618 1.17117 0.000218623 0.00854181 12.4908 0.00310952 0.0466648 0.00011779 0.0124968 1.21312 24.6474 0.393514 6.19851 
0.60223 0.00752719 0.00470741 0.00150741 0.0981522 12.9253 3.10966e-05 0.0804261 0.441055 9.58951 0.00548773 0.0211753 0.0827818 0.0110448 0.0587743 11.921 0.792965 4.84859 
0.00926112 0.514064 3.81765 0.0261145 0.0639376 687.624 0.0122635 0.0563371 0.309192 291.427 0.0714382 84.7871 0.0198228 0.20233 0.000230842 5.47586 4.8043 3.76787 
0.000137836 2.17474 0.000922755 0.00302666 2.21743 9.32714 0.00100435 0.350431 0.000953452 41.5655 3.3009e-05 247.698 0.403935 0.218174 0.0845668 2.86033 1.63505 9.38706 
0.00427927 4.15652e-05 9.35093 0.000998793 0.000235021 66.2779 0.00141105 0.0408234 0.000117738 5.23438 0.00476412 3.2887 0.0575747 0.0443914 5.41936 47.8181 0.147418 4.65828 
1.78541e-05 0.000344169 6.87257e-05 0.00109181 5.4448 3.81308 0.0474517 3.87081e-05 0.0970788 1.59549 8.90863e-05 0.0597371 1.15443 0.00163494 0.000585615 35.9055 0.841508 7.32129 
0.230301 0.000109451 2.21334 8.17064e-05 4.42142 0.0137758 5.78598 0.000107701 0.0451497 0.483519 2.18185e-05 8.66774 0.173065 0.412076 0.272206 21.5131 3.16901 0.827131 
0.221177 0.0105532 0.0972001 0.000323872 2.88343e-05 0.0255708 0.12961 0.0240043 0.294295 0.532145 0.00629983 0.301141 0.115668 0.000337051 0.023473 24.2343 1.43121 7.08297 
0.000350617 1.37342e-05 0.15633 0.000342718 0.000318058 0.0749865 0.000175306 0.374588 0.00212493 0.0101587 0.000291924 0.016486 0.00863209 0.0958646 0.0211663 17.0787 5.13553 6.86079 
0.000471934 0.00131864 0.0539619 0.00392768 2.907e-05 13.0092 0.0126028 0.572906 0.00077648 0.0454582 0.00181712 21.9666 0.00390844 0.000989599 0.000443651 35.3542 1.53095 4.03999 
0.0239906 3.27586 0.00867817 0.00399988 0.00226734 146.721 1.47084e-05 0.751741 5.64256e-05 1.02387 0.0010327 142.053 0.000141887 0.0959971 1.08792 11.5649 0.406456 0.538724 
0.0250829 0.00293874 0.1263 0.000216438 0.000661141 36.6199 0.843599 6.3104e-05 0.00927855 37.5967 5.67368e-05 4.03145 0.294816 0.0047031 0.106708 32.7458 0.543041 9.13337 
0.0324665 0.00317853 1.98016 0.107242 4.51284e-05 0.325997 0.000309281 0.0296409 0.000269686 35.4259 0.00196337 0.0211406 0.017304 0.0831382 0.0451806 9.2152 1.85963 6.82752 
5.71498 0.000882899 0.0120814 0.00100479 0.000911812 842.121 0.00190504 5.7861e-05 0.00099912 63.1368 2.46799e-05 0.298678 2.31281 0.294888 5.94068 9.61825 0.262185 3.3292 
0.0474442 0.0536978 6.62098 0.00178785 0.361711 0.467179 0.000291561 0.0276456 0.000359382 0.873472 0.000117186 0.288752 1.21673e-05 0.000110836 0.00235571 39.3245 0.349042 3.58784 
0.0254065 0.00482369 0.368632 0.0151306 0.238634 10.7594 4.93566e-05 0.486402 0.416825 319.757 0.000194008 0.0339845 3.36978e-05 0.44029 0.171333 2.22031 2.14775 5.62818 
0.000417312 1.12557 0.00137542 1.26884e-05 0.000546139 3.884 0.200931 8.41896 0.0103448 0.348486 0.015488 0.0357629 0.0175853 0.215594 1.60248 27.0767 0.884041 1.55354 
0.0206199 0.0010796 0.0133947 1.26987 0.000366205 2462.1 4.18156e-05 1.21677e-05 0.00686158 0.453087 0.000272813 0.116457 0.464463 0.0172318 4.22029e-05 36.2182 1.69185 1.69635 
0.00131648 0.00017039 1.99638e-05 3.65727e-05 1.90733e-05 1.40336 0.00034612 0.0374319 0.0462189 0.342712 0.0563426 2.94495 4.07404 0.421177 3.49755 2.61224 0.275017 9.71905 
0.0527085 0.00015203 0.00107733 1.85885e-05 2.69105 2376.77 0.0191006 2.14464 0.626072 3.78189 0.0188514 3.67407 9.13959 0.0533422 1.85598e-05 24.1174 6.04929 2.09562 
7.39346 0.0324884 2.77533e-05 9.10419 0.00441727 0.423626 0.0191368 0.0364119 1.35676e-05 0.401642 0.966613 12.7897 0.0019316 0.00259081 0.00769308 47.4019 1.45795 4.5361 
0.000212766 0.000194593 2.59529 0.0017489 6.8995 0.0268711 1.14727 0.00427724 0.00241233 5.06117 0.00208548 1.01601 5.64362 0.000859022 0.000981246 40.036 2.85641 6.99807 
0.100848 3.36997e-05 1.47402 0.00630701 0.0102694 0.022093 0.00128353 1.48304e-05 0.00520002 5.94955 0.00153175 25.0145 8.14694e-05 0.0101809 0.345275 27.7748 0.699203 3.67745 
0.121673 0.000414155 0.000360222 0.00105845 0.246992 296.006 1.54825e-05 6.45694e-05 0.000368343 35.8716 3.61837e-05 2.00257 0.0812084 0.00936485 0.00223398 21.0425 0.741969 3.09722 
0.00254322 0.272094 3.40109 6.73206e-05 2.33346e-05 227.602 0.640995 0.00107562 0.00684896 144.327 0.00155988 5.23566 0.00439639 0.00042963 0.00143312 40.0419 0.564123 4.76028 
0.000931577 0.0046563 9.81551 0.00019047 1.98965e-05 0.798494 2.57536e-05 0.749484 0.000396865 0.743347 1.34418e-05 178.672 7.00691e-05 0.00217104 0.0021149 44.6322 0.770934 1.41555 
3.60961 0.000553655 0.000399863 1.23864e-05 3.00261e-05 2750.16 0.377507 0.000552567 0.00672134 66.0823 2.33998 0.275419 7.09674e-05 0.000636985 0.0830591 41.2483 0.649065 9.34995 
0.00225534 0.0108005 4.6846e-05 0.250364 0.289415 0.0544036 0.000117132 2.2868e-05 1.77878e-05 1.74915 0.00992666 40.2992 1.66165 0.04906 3.94514 41.6279 0.84921 1.27835 
0.00996809 4.52181 0.153851 0.197411 0.000163426 1.55095 0.00952614 4.39631 0.0632602 0.200602 0.00124306 0.422718 0.00288675 0.332142 0.593101 2.67813 1.58317 5.04328 
0.000671969 2.17723 0.00660244 5.22366e-05 0.000305559 2118.2 0.000625426 6.5325e-05 0.110436 0.0146878 0.00278407 0.244369 0.000670366 0.0428671 2.98837 26.6117 0.141868 4.91263 
3.00792 0.00696453 0.000298208 0.137679 0.0248269 0.126997 0.429585 0.00216185 8.45013e-05 0.19154 0.231514 6.09135 0.000170364 0.169472 5.38877 35.2199 1.27639 2.05725 
0.0013077 0.445482 0.4879 1.94653e-05 8.49243 116.6 0.000784105 0.000147056 0.140345 486.857 0.00345119 0.598767 0.00711698 0.982529 0.907995 16.5438 4.09524 5.14681 
0.00298823 0.000194259 0.731433 1.40338e-05 8.1113 10.692 0.469378 0.00110203 0.573432 74.8567 5.84351e-05 1.74495 0.000138189 0.198499 0.35777 7.56635 1.12266 0.876762 
0.0810948 0.515586 4.25444e-05 0.00065918 0.0066385 9.7982 0.000510412 2.94088 2.26708e-05 245.709 0.0374098 1.44226 3.47694 2.5325e-05 0.0157702 32.2319 0.681861 9.00738 
1.02595e-05 0.00455601 0.00346848 4.55055 0.0394995 0.0174832 0.418897 0.0689184 0.000277676 32.1987 0.000268426 0.111837 0.26452 0.330335 1.7955 6.87775 0.419167 7.80915 
1.22521e-05 0.00214003 1.79593 0.000881868 0.814697 15.6936 0.0448501 0.000275813 0.00160463 1.7501 0.121064 3.51132 0.00214309 6.73068e-05 0.104783 41.4235 3.37675 4.74959 
0.000862017 0.627356 0.101707 0.000756847 0.000805895 0.482411 0.000187246 6.40379 0.640445 121.97 0.0133241 0.303516 0.072866 0.55256 0.261163 7.26187 4.30859 5.24427 
0.000262413 0.0633685 0.000167759 0.0737138 0.000170839 0.0389982 0.00516042 6.90256 0.116479 178.468 0.830834 5.00337 0.00135725 7.3027e-05 6.76137e-05 15.7932 0.624643 1.93201 
3.76719e-05 0.551093 0.0208452 7.83481 0.555684 1349.74 0.000219843 0.0354865 0.0621955 0.0352642 0.000240442 0.420818 0.95888 0.00165256 0.279343 39.9844 1.72898 6.52412 
0.000108245 0.798307 0.00865621 0.00914321 0.0317493 1163.96 0.0014521 0.018504 4.87833e-05 29.4404 2.0613e-05 57.0083 5.63374 0.225137 1.55193 17.9657 0.732975 1.47977 
0.0139659 0.0285754 5.07215e-05 0.203691 6.94441e-05 51.0158 0.101813 9.83781 0.0127677 0.405739 0.960878 0.128102 0.156212 3.93364e-05 0.00214095 26.8587 3.26912 3.13587 
0.0027043 0.689408 0.0336179 0.62555 0.0198739 309.212 0.00782242 0.00728604 0.0260551 0.191036 0.00123147 0.0103647 0.0546033 0.144572 1.28253 6.69835 1.03578 5.98269 
0.00053542 0.00225213 0.00241267 0.368347 0.000193428 12.7588 0.000326573 0.0438657 0.0300408 10.7605 0.0537683 389.174 1.21695 0.211425 0.204999 6.16595 3.43248 3.02191 
8.48397 0.00261336 0.000346093 3.5793e-05 8.91598e-05 32.5412 2.39607e-05 0.000659521 0.00013306 452.392 0.0865928 1.3296 0.0010476 0.0572851 0.0209655 6.83493 2.01923 4.3335 
0.0385464 0.00989484 0.710283 1.17697e-05 5.28481 0.913091 0.00218173 5.2298 1.96423e-05 0.0466551 0.000813884 0.0204942 0.00952856 0.00223189 0.0717674 38.4523 0.789747 9.07966 
1.29502e-05 1.55362 0.849472 0.0430297 0.00331637 1603.43 3.35646 0.0756793 0.00271323 1.05157 0.0327086 8.00268 0.676349 0.156072 0.751925 41.1796 5.901 2.88013 
0.551133 5.75832e-05 0.0220036 0.000572108 0.124667 301.917 0.0500836 0.0127031 0.385212 68.1944 0.241847 0.091158 0.00412897 0.00406611 3.93919 36.5487 0.575927 9.55243 
0.00019098 0.00332908 0.00128419 0.000265246 9.01732 17.483 0.686074 1.30695e-05 0.000518609 1.67907 0.00019217 0.857357 2.07509e-05 0.00345243 1.28377e-05 32.5886 1.52476 2.87485 
0.0157848 0.000293911 3.80521 0.0011025 0.000269919 0.448894 0.000153775 0.115945 2.50101e-05 0.0374335 0.104912 0.032961 0.00604146 0.734166 2.92815 6.77533 0.797628 0.691519 
2.95349e-05 0.00572957 0.00140186 0.237965 0.0553974 1.14152 2.99434e-05 0.10909 0.130624 16.7912 0.165352 1.48074 0.001188 9.17445e-05 4.75672e-05 17.8795 2.10389 9.26286 
1.75212e-05 0.00759498 0.00823168 0.648213 0.00412616 0.29166 0.0381513 0.0060813 0.00160694 81.3833 0.001446 80.1054 0.00527634 0.000977558 0.00291249 27.6844 0.787702 1.31653 
0.0002648 6.24616e-05 0.000707174 2.91601e-05 2.20691 0.136971 3.70062 1.04352e-05 0.00518155 11.8173 5.76796e-05 5.36085 0.00010839 0.00902442 0.000638584 36.6483 2.76312 4.67112 
7.60205e-05 0.00643333 0.00121599 0.503096 4.2645e-05 527.828 0.0203211 2.89936 0.000158834 0.0241063 0.0204267 8.48237 0.0264841 1.90472e-05 0.0770407 30.5944 0.878337 4.07052 
0.00019125 0.0156631 1.694e-05 0.000293082 0.00390574 21.8314 1.82311e-05 0.00110854 1.55102e-05 250.45 0.00340059 12.3407 0.000694976 0.00297366 0.0647343 35.949 1.02977 7.52212 
1.01529 0.139136 0.525536 0.133783 0.10839 1.89328 9.30829 0.433546 0.00340487 1.68137 0.001076 1.54519 0.00098327 0.419128 1.77627 3.59509 0.425879 5.80447 
0.490366 0.00224532 0.044045 0.236373 0.00790127 0.140421 0.000314193 2.69964e-05 5.88913e-05 0.078669 0.00806061 241.405 0.000305542 0.315993 0.159238 5.95931 4.84867 8.41067 
0.000675815 0.000147929 0.362172 0.00428379 9.63182e-05 0.0724804 0.0156059 1.16606 0.00182683 347.263 2.46483 0.0215356 1.66281 0.564759 7.31414 9.52868 0.904026 2.85429 
7.35636e-05 0.0015139 0.197973 0.0153891 0.00275564 0.0796923 2.5422 0.000217881 0.0287405 2.07109 8.81819e-05 0.0116071 0.0482809 0.0201905 0.00012801 26.6221 2.73795 4.81361 
0.229454 0.000128024 0.000541151 0.00477237 1.32131 1599.58 0.0871218 0.0399441 0.0335343 331.966 0.000900809 187.277 3.60748e-05 0.145835 1.19349 19.844 0.666474 1.98088 
4.24028e-05 0.0201045 0.658858 0.0450567 0.492889 0.279289 0.00711399 0.000317655 0.185741 27.9884 0.0020191 14.3022 0.0112562 0.00344432 0.00781846 20.4062 0.717305 4.29557 
4.30282e-05 5.85694e-05 1.39414e-05 0.251216 0.446674 19.0617 0.00244622 0.0010634 0.0209836 1.23898 0.00050013 25.445 0.0145388 0.00221931 2.29842e-05 48.2427 1.44835 2.21123 
0.0122705 0.858138 1.42734 0.000234703 0.000686573 0.0142746 5.85837e-05 1.26016 0.300046 189.423 0.000516649 2.9301 3.05557 0.0172305 6.26713e-05 21.3754 2.52309 8.56225 
0.187819 1.73758e-05 0.000488256 2.0452e-05 0.000155813 6.05295 0.0504553 0.00169843 0.00415633 0.125351 0.000212389 2.66824 2.89253e-05 0.176655 2.13309 12.5199 0.286139 9.04369 
0.00235016 1.56441 0.000319157 0.00133148 9.59595e-05 781.077 0.219282 0.0139707 2.20452e-05 116.876 0.00550168 0.857458 4.96092 0.00062134 0.145672 41.5931 0.310991 6.44001 
0.00205046 0.714218 0.000116909 3.76425 0.012736 0.0147138 0.00471921 0.0902201 0.000128408 0.282393 2.3905e-05 0.189218 0.00151494 0.0293488 0.00276649 32.3774 3.28538 4.74614 
3.89547e-05 0.000310191 0.230191 0.00140523 8.65106 0.076739 0.220737 0.107572 3.69177e-05 0.997448 0.0171961 7.12475 0.609089 0.154485 0.400709 42.0277 2.23701 7.7923 
8.9831 0.361346 0.00716082 0.000111167 0.00188767 2457.22 0.02016 2.50255 0.00265377 0.012751 0.0041384 2.3654 2.84149e-05 0.0425616 0.0357862 35.7885 6.13081 4.4465 
0.00700136 1.20148 1.17248e-05 3.17234 0.00456192 1.39731 0.140031 0.00070418 0.00324301 175.029 0.404809 2.1006 3.38228 0.0111504 0.00428234 38.9715 4.69677 9.56896 
9.98965 0.22904 0.00597929 0.0947333 0.289484 3.53157 0.264291 0.027786 0.00560961 1.2588 0.000106465 245.928 0.0282222 0.086832 0.113094 38.1103 4.40688 2.14296 
0.462942 0.0259939 0.0153176 0.0155015 0.3219 18.1992 0.085125 0.213734 0.0118033 15.2402 1.69095e-05 41.7726 0.00151038 0.000138071 5.19448e-05 37.8667 1.15986 4.35945 
5.37731e-05 6.81973 0.000192753 1.87177e-05 5.83861 94.4746 0.0101005 0.479542 5.45898e-05 107.906 4.32236e-05 0.529451 0.0628582 0.0181773 0.330545 23.4653 0.553828 3.63314 
1.50581 0.0382354 4.91396e-05 0.00104885 2.62338 345.065 1.18274 0.00671247 1.57478e-05 0.0663582 0.297715 8.21211 0.0164882 0.000270025 0.937954 34.0607 0.35932 3.97533 
1.27205 2.12629e-05 0.00425782 0.016915 0.00801567 8.47876 1.96291e-05 4.31125 1.26306e-05 0.0119261 0.000452498 8.39138 0.0625048 0.0238245 1.41539e-05 10.8985 1.51967 4.23166 
1.24264e-05 1.34355e-05 0.00050322 9.77072 0.00619582 6.66676 0.000604276 0.000335974 0.801416 0.482322 0.0321726 3.71752 0.137276 0.531403 1.08557 3.3867 1.3208 0.951061 
0.726423 0.436309 0.00100456 0.00238589 0.00186642 0.227235 2.19699e-05 0.000862565 4.50304e-05 52.5545 0.0573321 10.8736 0.182525 0.0229955 0.223457 14.1921 0.781848 2.03985 
0.0262927 0.00476795 0.0531292 1.63771e-05 0.00172093 40.9624 7.761 0.214132 0.715496 120.112 1.49465 75.8588 0.743602 0.00266224 8.03287 4.42346 0.761727 2.52499 
0.174982 0.000159818 0.177936 0.307871 0.00268697 0.0825191 0.000707517 0.00777298 0.000583612 1.69805 0.609347 0.01558 0.0249983 0.00635655 0.120771 33.8099 0.95783 1.60684 
0.000124971 0.00437042 0.00689221 0.255071 4.12092e-05 2175.43 0.0193773 0.0798111 0.443155 10.379 7.41823 96.6854 0.000450128 0.0467055 5.75729 2.60335 0.728182 0.36882 
0.0902883 0.0300409 0.106746 0.00122103 0.000429005 0.0479043 0.0371548 0.476209 0.646498 11.3448 0.495063 0.1512 0.00393902 0.000422008 0.000946804 25.4649 1.83869 8.08181 
0.000830241 6.26263e-05 0.000317836 0.00335804 0.000120925 0.0318185 1.08147 0.0109557 0.671034 27.0833 8.79948e-05 2.15641 6.03369e-05 0.0119823 0.0231081 22.133 1.54596 3.3226 
7.08862 1.22727e-05 0.0214416 2.40912 0.00109028 1477.23 1.50276e-05 1.30374 0.000351889 1.53957 0.258637 16.1976 4.06026e-05 0.0227751 4.06651e-05 30.0317 3.70607 1.34839 
0.0187795 0.024843 9.86492 0.000323743 0.021688 2.10304 0.000394222 2.72455 0.00745749 16.9854 1.06969e-05 50.9225 0.000304669 0.0305911 0.0415517 22.5051 3.47137 9.40406 
0.000193676 0.156235 0.475373 0.0564287 2.56326e-05 5.61853 0.469132 9.60436e-05 4.58402e-05 29.3526 0.0283415 2.68025 0.283396 0.138841 5.06169 36.8131 0.389159 0.716293 
0.164486 8.1728 3.2544 0.00129142 0.760753 22.9562 7.20456e-05 0.000164433 2.43942e-05 53.7897 0.00504242 2.13704 9.07285 0.00541783 8.50537e-05 38.4647 3.79289 5.49094 
7.02898 0.0924625 0.43107 0.000327519 0.0849427 541.863 5.37991 0.000110623 0.00046998 2.48782 0.00529616 12.9046 1.14063 0.000328557 0.0220768 19.1221 0.699871 1.37462 
0.0702108 0.94129 0.000123532 0.00717171 0.00704001 0.0779713 0.000747447 6.34225 3.68482e-05 0.139968 0.100405 0.0799996 0.00010483 0.00801282 0.0507708 44.1094 1.17715 9.73785 
0.0119871 0.00386383 0.000191398 0.000594515 1.19251 0.135565 0.00144729 5.04925e-05 3.41234e-05 0.136568 0.273634 0.0347096 5.98847e-05 0.0158535 0.00880941 29.852 2.02437 1.70765 
0.406205 3.06973 1.08252e-05 1.58938 1.2455e-05 17.995 0.0356876 1.79199e-05 2.6783e-05 10.0047 4.17113 0.0254243 0.057746 0.0230321 0.00967354 24.1165 2.05681 6.39824 
0.00849012 0.464254 3.24914 0.0178136 0.2791 6.00628 0.000852863 0.0134371 0.0012918 0.0435008 0.0294423 0.147099 1.40676 0.000108212 0.563048 2.97219 1.11136 3.80232 
0.00017824 0.000203322 0.116463 0.00368726 1.01809 0.0265241 5.53737 1.43169e-05 0.00137471 0.0503583 0.00321966 27.3772 0.000375721 0.00615035 0.0911944 27.0502 0.489372 3.35502 
0.000606269 0.402832 0.000159566 7.93596 3.48335 533.567 2.51473e-05 2.01838e-05 0.00169758 9.29506 0.00176665 225.83 0.379508 0.000120346 0.002195 27.2652 0.615377 4.80128 
0.30829 0.0704347 9.68862e-05 3.9516 0.000576733 0.907583 0.0139244 0.000156526 0.0035818 1.73396 2.58139 0.127005 3.41989 0.363075 0.947465 1.01045 1.02163 4.9825 
2.9841 0.000524421 4.99184e-05 0.0918115 2.50969e-05 1.66109 0.0575992 0.206751 0.00611241 0.750285 0.209036 352.474 0.48067 0.412022 2.43218 0.895069 1.34338 3.26659 
0.00309221 0.00285339 5.77801e-05 0.00112614 0.23759 1115.53 0.0724845 0.424112 2.42646e-05 0.0920357 0.00636271 10.2484 0.51007 0.0113133 0.206851 37.0571 1.74074 2.30339 
1.04865e-05 0.424622 0.000825443 0.166471 1.02161e-05 13.66 6.07651 0.00689454 0.00743688 17.4664 0.010022 5.43587 1.99946e-05 0.00852845 4.2552 44.868 0.508131 9.08424 
3.46612 0.000124939 2.78216 0.0345736 0.044567 272.325 0.0124755 1.31481e-05 0.000472412 18.2372 0.000925825 5.47326 1.68409 0.0292755 1.47116 25.187 0.25035 4.80901 
1.09403 0.208971 0.000785429 0.00453077 1.99643 14.6129 0.00494705 0.139475 0.0649514 0.179413 0.29783 24.915 0.139223 0.000383854 2.19766 25.0553 3.38622 0.857608 
0.00431949 2.48073 0.0981859 6.83655e-05 1.27574 987.438 0.00243531 0.581729 0.000419361 0.186562 4.4384 94.4187 0.00107587 0.0110635 3.97373 4.58451 0.169977 8.75324 
0.0390953 1.37062 0.000782933 0.000525352 1.01785 83.0856 1.34857 0.03447 0.0719943 0.0864582 0.0151102 0.0350709 0.192486 0.000868439 1.88166e-05 27.4318 1.32606 2.97232 
0.0203855 0.00052611 0.000100915 0.500419 0.00267803 0.124274 0.198242 0.00533852 0.0053041 0.0198146 0.769972 3.53852 1.90765e-05 0.000366107 0.104091 8.68367 2.19032 8.21005 
0.000385456 0.00137278 0.0548514 5.86704e-05 0.000130144 552.485 0.73355 0.0459684 0.0730564 10.3216 1.6354 182.868 1.69128 0.563099 6.04917 1.46496 0.570626 5.0517 
0.00246467 0.56606 0.000100923 0.000108139 2.61829e-05 107.301 0.159665 0.000243414 0.000148681 0.245606 5.23076e-05 0.138959 3.64619 0.0108174 0.00220077 45.2865 1.68127 2.4265 
0.00065338 0.0702906 0.000160467 0.046744 1.58467 0.0716328 0.397098 0.000343473 1.10848e-05 37.7682 2.2739e-05 8.53472 5.49839 0.001439 2.21269e-05 36.8212 1.25752 3.4035 
0.00165536 0.000303134 0.00257722 0.000404496 0.592184 1830.8 0.226001 3.10768e-05 0.0053797 332.76 0.00198282 258.516 0.000282225 0.0112429 2.0782 32.2021 0.319869 6.82695 
3.30638 0.000107143 0.000182099 5.34369e-05 1.2826 3.35622 0.235884 0.000100732 0.165706 0.646852 0.00471988 0.0144286 0.286517 4.17785e-05 0.244995 28.4204 0.811649 4.67996 
0.230693 0.0105122 0.0194243 4.17956e-05 0.000437698 1.6479 0.000128359 0.00395066 0.000284079 30.3688 0.00653149 95.2633 0.000100456 0.00613909 0.00251816 45.0254 1.33624 9.30373 
0.123342 2.65824e-05 0.00810293 0.413683 8.0452e-05 0.0677647 0.167367 0.00121377 2.51828e-05 2.34811 0.256672 6.71064 5.22196 0.0189855 1.6158 4.09923 0.372036 5.54364 
0.000622287 0.00217631 0.000209837 0.0793499 5.05327e-05 293.501 0.101522 8.42572 0.330723 3.77724 3.01615 0.0443034 0.138046 0.00307615 0.000407008 42.8776 3.91318 5.91122 
4.05579e-05 0.02481 0.00170661 0.00443344 1.30442e-05 0.881779 0.000214937 2.17331 0.000948568 0.0573246 6.16118e-05 366.353 1.33318e-05 0.0675745 0.600218 38.9414 0.981841 1.85846 
0.859704 5.19826e-05 0.000544605 0.00611824 0.712378 37.3061 0.000918094 0.00174757 0.0308253 6.92577 1.67942e-05 102.899 1.67807 0.162199 1.68174 40.7634 0.317633 9.43794 
0.0997651 0.0024423 0.000285416 0.000393834 0.00303348 216.516 6.28021e-05 0.0631576 0.00228599 41.5801 0.328518 71.6952 1.24807 0.0215493 2.3927 7.71554 0.177736 9.08886 
1.8603e-05 0.849077 0.0664237 8.26398 1.65103 987.561 1.17929 0.385879 0.0251885 0.0693746 0.00474574 0.160621 3.03732 0.000131809 1.87708 24.3642 0.70389 2.39267 
0.00205087 0.000836582 0.000431467 0.732965 3.03641e-05 0.0379064 0.000132061 0.243138 0.0747585 1.66812 0.692071 0.543368 0.464018 0.504291 1.58125 3.22113 0.52751 3.3056 
0.00105249 0.0170377 1.44803e-05 0.000104997 0.435352 25.2983 1.42556e-05 0.00065348 0.000237451 316.927 5.36951e-05 1.62659 0.00402335 0.850661 0.781329 40.9593 4.97037 0.434463 
0.755567 2.38006 0.033367 0.000315849 4.77817e-05 0.01965 0.0146791 0.00194626 0.00109901 0.0137745 0.00522666 0.316364 0.0158007 0.000189487 4.82129 48.1655 0.535925 9.2075 
0.0574272 0.00270932 0.000136837 1.37234 0.00709219 0.826056 0.0707441 0.164384 0.0536167 6.99098 0.0034267 28.809 8.70717 2.76614e-05 0.219832 21.4306 0.913462 4.92259 
2.71118 6.59442 9.45945 0.0042017 0.590852 0.0494553 1.68112 0.38563 0.243965 5.64392 0.000694575 0.119801 0.735546 0.310879 9.06884 28.8341 1.34607 4.17088 
0.388711 0.000320622 0.271247 0.0590175 0.38756 9.61945 1.19021e-05 0.0106392 0.000241774 12.1775 0.1233 1.02625 8.59516 0.000106151 0.123572 11.1144 4.11382 3.89007 
0.0171349 0.00908051 0.00133596 3.59828 0.00169596 1990.75 0.00023715 0.00771438 0.000780897 0.283267 0.530682 1.36908 0.128348 0.000455013 0.0740015 28.2336 2.8652 5.75209 
0.000120425 3.08427 1.86469 0.000414784 0.000160872 14.0635 0.0016854 1.04902e-05 2.11949e-05 0.0921129 0.31033 31.2105 0.127001 0.00161264 0.164762 44.3718 0.567959 2.19866 
5.77241e-05 9.87235 0.12801 0.074706 2.50838e-05 111.915 0.222333 0.000255685 0.439142 0.154086 0.000264243 0.378647 0.00766419 0.000232193 5.95918e-05 44.9002 0.493911 2.90877 
0.28509 4.95912 0.191596 0.01154 0.758467 574.006 0.0400617 0.0153061 5.98947e-05 0.0201127 0.0195068 0.529465 0.000764104 0.543397 7.60217 26.4517 0.563833 1.09067 
0.0341736 0.00291036 0.022523 1.24617 1.98401 0.105551 9.4421 0.235626 0.0121537 0.359634 0.175873 1.22797 6.67275 0.171763 7.33174 45.1489 1.22204 7.92965 
0.897769 0.0871399 1.34441e-05 2.95736 1.32872 0.0109165 0.024365 0.253816 6.44104e-05 0.0579419 0.168483 4.34072 2.24105 0.15735 0.493091 43.3585 7.91702 2.4078 
9.74465 0.00024034 4.82836 0.000271096 1.50816e-05 187.586 3.62418e-05 0.0401066 6.33296e-05 0.500887 0.000586787 0.556012 1.31294e-05 0.768607 1.74103 1.59609 0.677678 6.0351 
7.25834 0.000553472 0.0150986 5.07351e-05 0.000816199 113.626 0.0160407 0.00187841 0.000242338 1.23328 3.95099e-05 0.255131 0.0318107 0.000182338 0.000757285 43.1901 1.03332 3.27761 
0.0809685 2.68576 0.0487827 0.86636 0.633603 26.8875 0.0451065 5.18154 1.46082e-05 2.61221 1.13474 17.6591 3.20358e-05 0.00993525 0.0490297 41.1166 1.63793 7.29816 
0.150606 0.00338251 0.000457815 0.715149 1.47324 0.197328 0.00761325 1.71546e-05 0.000246002 0.712926 0.00189094 3.68875 0.000107533 0.00568195 0.00784389 44.7279 1.51733 4.85991 
0.000627357 0.00694815 0.0707713 5.54533e-05 7.68485 11.677 0.334594 6.42763 0.0118628 337.677 0.120958 9.48667 0.413649 0.0638956 0.0484613 16.4242 2.14205 6.94855 
1.85174 0.00548001 0.251286 0.259348 9.54499e-05 92.2197 0.0016844 0.15475 0.00704428 262.275 0.0481556 67.099 2.38133e-05 0.0109046 0.000142766 19.688 1.59976 6.14323 
1.68505e-05 9.67794e-05 0.00011536 0.000120153 0.026885 302.321 0.00213658 0.000110613 0.000308507 120.265 0.680873 33.4402 0.381001 0.467571 0.570291 2.2193 1.61087 7.53298 
0.00118537 2.25419 0.061822 0.00229156 0.126927 88.5208 3.47569 0.00346617 5.54832e-05 0.0680581 1.42274e-05 0.253211 0.00353576 0.190006 1.60566 21.0552 0.600133 0.825647 
1.11075 4.56231 0.00147193 0.00348764 0.249739 0.131473 7.31502 1.21373 0.0179574 11.297 8.51776e-05 0.203518 0.219257 0.00438226 0.432349 34.6655 1.14716 8.61261 
0.000214452 0.00154435 0.749991 1.72264e-05 0.0937864 0.0128037 0.000656407 0.550906 0.322682 58.4818 0.0190264 85.3361 1.57753 0.0247087 0.00376066 7.72184 2.82673 1.4864 
0.00106622 1.15369 0.306377 7.92613 0.361043 0.0594044 0.000216916 0.000379352 0.00656331 486.841 1.00601e-05 0.108698 0.000113336 0.000677016 1.24871e-05 46.3039 0.928624 5.67828 
0.0149313 6.78027e-05 0.367938 0.000100096 0.00084661 0.269716 0.000741606 0.0301329 0.583481 0.0501176 0.00539251 0.669815 3.37547 0.0796014 0.304142 28.0229 2.39788 0.926248 
0.0472471 0.00240322 6.55185 0.00550053 3.53615 75.3536 0.00623678 0.00289646 4.90076e-05 138.905 0.000505426 0.993222 4.53155 0.344257 9.61789 37.6124 0.444723 2.34952 
1.26948e-05 5.81256 2.34999e-05 0.160594 0.0353486 0.22108 0.000240371 0.298169 0.0270859 31.5818 1.72556 409.042 0.00117564 0.0340121 0.052945 1.18805 4.74204 3.03672 
0.00110314 7.20835e-05 0.000292151 0.000205221 9.2997 972.321 0.00487011 0.0111764 0.0800441 0.491231 0.031096 1.19427 0.0110906 0.000148832 0.511162 38.0836 0.243881 9.69762 
7.3436e-05 0.12091 0.27521 0.0302734 5.78467e-05 72.6578 2.9429 0.314227 0.00409403 0.105908 6.67843 2.06215 0.456668 0.0206115 1.12974 16.7653 2.39645 0.727713 
0.624207 0.135047 0.019926 0.0001022 7.72106 0.23107 0.0121815 0.0784777 0.870202 0.689612 1.46472 0.11281 0.987238 0.000114534 1.76586 25.5783 0.868697 1.89505 
0.00860972 0.00224634 3.28453e-05 0.0308264 0.0431114 0.0823244 0.000314842 0.000195185 0.0100829 3.76537 1.5351 19.2218 4.87475e-05 0.230173 1.75151 37.8257 0.634676 2.70415 
0.00262649 0.086992 0.534026 0.1055 0.018503 2.48763 0.0854314 0.666952 1.51196e-05 2.42624 0.388927 0.0216622 0.0103339 0.190789 3.39043 10.2788 0.284907 5.35756 
4.75368 0.359985 2.06403 0.195142 4.39745e-05 21.0782 0.246137 0.0026809 0.0249306 2.65458 0.57529 0.0999462 9.59628e-05 0.494055 1.40882 31.2103 6.59408 3.94636 
0.274052 4.23148 0.0381236 2.5932 0.192986 115.363 0.137465 2.06384e-05 0.0795449 0.0531081 0.014311 0.0338189 0.0174264 0.379834 0.215652 2.27049 1.95832 9.15589 
0.0136154 1.2621 0.00639365 2.45983 0.000238881 158.396 0.322441 2.01111 0.155894 0.010818 0.0322008 463.856 0.0136215 0.00782726 0.336868 1.52244 0.656087 5.334 
0.229192 1.42326e-05 0.0101234 0.000474362 2.35768 42.8868 0.00229416 0.186877 0.160841 0.726089 0.0781599 0.0745018 0.00813975 0.0148436 0.00841435 47.4321 2.39746 1.57105 
2.23663 0.0578141 0.343247 0.000726544 9.45123 1.54372 0.0375044 0.0547545 0.0238888 85.6805 3.27275 90.5725 0.00970832 0.0778264 0.535067 1.78675 1.98575 6.44724 
0.00256104 0.00683756 0.24328 9.49344 0.492147 3.59532 1.0298e-05 4.11079 0.0851958 0.760939 0.00236182 0.174579 0.000436764 0.0128945 2.12057e-05 37.1424 2.56528 7.92189 
2.74713e-05 0.00185476 0.00214721 0.000934756 0.0158907 16.1008 0.0146755 4.84947 8.95245e-05 0.141136 1.69174 453.943 0.00873128 1.57059e-05 0.296598 31.4505 2.27389 0.760091 
0.146036 0.0327072 0.00860678 7.8676 2.85236e-05 480.061 1.42127e-05 0.000157353 0.000573453 0.405666 0.289001 0.662338 2.03703e-05 0.000830987 0.0465758 28.1626 0.577074 4.63591 
2.13061e-05 1.60181e-05 0.171215 0.00966264 4.24447e-05 0.170221 8.474e-05 0.0510289 0.924193 49.5609 0.0211647 127.272 0.106635 0.000385772 0.144124 8.48435 4.43747 6.39492 
0.00311198 0.00405763 0.0102581 0.0041626 0.00120033 8.0887 0.000117115 0.780017 6.2185e-05 5.47059 0.000282521 0.0598333 0.0235238 0.33419 4.73923 11.5081 0.232992 7.50465 
0.00184807 0.000149315 5.6446e-05 1.69351 0.00119301 2.07671 2.24654e-05 2.77486e-05 0.0251131 181.757 8.08669e-05 392.561 0.0295067 0.100524 0.917705 23.0301 0.362769 5.2818 
0.288112 7.5647 0.0251688 0.75766 5.33314e-05 0.324931 0.000559488 1.16354 0.0128479 0.105882 0.127883 2.82894 1.86585 5.77105e-05 2.0038 34.2375 0.774403 4.06237 
0.0393823 6.22028e-05 0.00019948 0.00464986 5.65452e-05 0.050037 5.12017 2.02938 0.00137505 28.5619 0.518433 0.0187948 0.00788238 0.00271652 0.0124119 24.4034 0.729473 7.49685 
0.000235074 0.0224949 0.00867829 0.000307139 0.342244 0.692958 5.2934 5.55344e-05 0.000226192 34.0694 0.000134836 0.560944 1.27132 0.0173784 0.139771 22.9176 0.509411 8.74161 
3.28567 3.60037e-05 0.189464 0.00857341 0.0789113 406.598 0.080995 1.09692 0.0158033 4.08104 0.0060175 38.5554 0.00326444 0.00213566 0.0252584 47.86 1.24376 8.69826 
0.00147846 0.598975 2.71038 1.97944e-05 2.18001e-05 137.252 0.00932887 0.000177918 0.000219369 1.19905 0.109456 1.6355 4.07868e-05 0.268433 1.0139 5.44345 0.64703 3.7354 
0.00520894 0.0104598 2.01724e-05 1.67446 1.07249e-05 0.148417 0.342461 0.00109781 0.000837742 4.08055 4.32038e-05 1.11757 0.00524381 0.0172243 0.383682 20.3489 0.465176 4.21599 
0.00142957 0.138942 2.93361 0.030984 2.86043 1.38402 0.0761319 0.373607 4.42607e-05 0.0299134 0.0135115 2.55682 0.0981132 0.0232686 1.62999 31.0744 0.264845 1.80746 
0.000133284 0.0289304 1.68236e-05 0.000313889 0.000134528 0.506703 0.0436757 7.12588e-05 0.0972126 14.5455 0.098815 21.9079 0.0305666 0.000826843 0.915436 44.7918 3.71604 0.951445 
1.24526e-05 0.00317335 9.25591e-05 0.160857 0.0222716 885.446 0.248914 0.000412786 0.000856314 0.82712 1.84276e-05 0.0778555 0.00131492 0.0124037 0.259468 39.6052 0.705681 2.1541 
0.0016647 0.155299 0.00131535 0.00156829 4.07833e-05 30.2097 1.09658 3.27268e-05 0.0216383 133.815 0.000236275 130.768 2.85244e-05 0.0962283 1.56983 11.7647 0.386526 4.67295 
3.63682e-05 0.0117434 3.52905e-05 0.000624784 0.0065332 9.89109 4.05798e-05 0.0305631 0.00177654 0.0361204 0.00287283 1.69163 0.000892989 0.0941083 4.37735 41.6904 2.62771 7.81979 
0.451191 0.0308996 1.85352e-05 0.015834 0.0467858 21.0116 0.0027172 0.00147183 0.000110417 0.839346 0.000448026 0.021793 3.72375 0.00200759 0.00155614 5.03835 0.955731 8.27964 
0.597076 0.0262115 0.000299325 0.000269689 0.000120425 4.64966 4.26465e-05 0.0291575 0.00481408 59.4941 0.288864 46.8077 2.62473 0.310364 0.313233 15.2181 6.86996 6.45115 
0.0934623 0.000813707 5.71105 7.74104e-05 0.0145023 16.4113 1.30493 0.0374573 0.00965664 10.0674 1.70141e-05 470.079 0.179079 0.0418272 3.93548 19.3971 0.520397 7.95485 
3.56846 0.00161413 0.173713 0.00233342 0.00090486 5.95607 8.21028 8.30502 0.617733 149.805 0.141919 0.0288719 0.000109662 0.00656388 1.87765 37.2837 0.251859 5.97952 
0.00225193 2.95294 0.00679018 0.297614 1.23632e-05 2.54791 0.000114154 0.00230033 0.000723016 348.648 4.1937 0.0881402 4.06424e-05 0.0632057 0.0112928 9.95088 2.5137 8.25162 
3.81829e-05 2.44135 0.181064 0.086979 0.0290222 1229.77 0.0769821 0.000235128 8.37725e-05 31.4221 0.00592529 34.5659 4.20348 0.0288278 0.00122364 33.6486 2.18876 1.23646 
3.7174 0.00794169 1.60582e-05 0.000702953 0.000189387 689.712 3.76819e-05 0.0291623 0.000429343 0.193049 0.00166215 41.9424 1.19364 0.0189655 1.62127 45.7251 2.5474 3.40247 
0.000505428 0.000382824 1.55741e-05 3.62454e-05 1.42083e-05 0.0220399 0.000228917 5.75634 8.45643e-05 141.532 0.00554945 40.0275 3.96873e-05 0.0031659 0.00473806 35.3066 0.881724 6.10977 
3.68788 5.96407e-05 0.57262 0.189601 0.0307422 131.125 0.00416651 1.7996 2.42509e-05 30.4014 0.00221319 0.368923 0.093232 0.850764 3.17892 9.39015 0.817088 0.519815 
0.000137216 0.000255953 0.000169386 0.168001 0.0138591 0.202196 0.000710135 1.6342 0.585031 24.0139 0.0348604 116.284 2.93181e-05 0.00541271 1.8603 14.2333 0.19302 6.74513 
0.0559995 0.00175529 0.0373831 0.399621 5.52346 0.812477 0.00217506 0.00759052 0.000163175 131.257 0.02264 0.0548765 0.0130311 0.000263255 7.92735e-05 29.5559 0.635143 6.91665 
0.000234336 0.0156653 1.54347e-05 0.0314538 0.00161825 10.8305 0.465498 7.22158 0.248209 2.89364 0.339178 213.168 1.84686e-05 0.0707171 9.20032 24.2821 1.38791 0.72903 
0.0712945 0.59305 0.0703317 0.000170847 0.113327 0.829273 6.77229 0.000535287 0.0410314 2.88061 0.0395727 37.6564 0.020185 0.00677591 0.460108 15.4567 5.80843 2.59544 
4.4763 0.00163537 0.394251 0.0235132 0.0638728 6.75145 2.58299 0.138948 0.00104195 108.5 3.75394 27.9678 0.0200464 0.0931629 0.180564 14.2487 1.88132 2.92119 
1.76122 0.010482 0.0103536 3.2452e-05 0.00199538 163.348 0.000696211 0.0140295 0.570092 38.5435 3.68631e-05 13.6019 5.20501 0.00369098 0.214649 31.383 0.951912 7.45807 
0.0407563 0.000204271 2.21937e-05 0.016359 0.000630315 0.0366474 8.15498 0.000131155 0.00143481 3.86473 0.000137739 11.0786 1.44447 0.00042892 0.000445195 44.7126 1.32976 3.31018 
0.00692212 0.489461 4.62557 0.00204731 2.70562 397.009 0.000163111 0.0314614 0.000199547 18.8614 0.808218 0.287983 0.530569 0.03438 1.33818 28.2185 0.806844 1.8619 
0.000139926 0.0168453 0.112505 0.137162 2.06613 2.37753 0.103543 0.00689133 5.28461e-05 0.234626 0.0900672 0.82083 1.6624e-05 0.117611 0.491702 26.5098 2.0911 1.4308 
0.000390377 0.819391 0.000126361 0.420637 5.5229e-05 1.10667 3.18128 0.0655467 0.00407561 3.21946 0.0830015 0.0178213 9.34978e-05 0.0854505 0.967091 39.3834 0.964517 0.285772 
8.2951e-05 0.0010537 0.000177359 1.57692e-05 7.02943 2.2167 3.65212 0.0059481 0.0177809 0.047857 0.000963525 0.575407 0.000533419 0.0224771 2.31755 32.4817 0.619369 2.24832 
8.10504e-05 0.000225773 0.000185227 0.0728795 0.0027552 2.09417 0.000292999 1.06371 0.00309551 376.872 5.62535e-05 44.0849 0.00185972 0.0789852 0.243767 21.5355 1.91006 7.8353 
0.00101489 0.0955756 2.10174e-05 0.0154553 0.0391191 0.0638728 0.081147 0.000211129 0.182409 165.74 2.86093e-05 0.114541 0.0390794 0.0176633 0.013609 22.9376 1.99834 6.13586 
0.000702727 2.04152 0.225052 0.000242242 9.95541e-05 37.337 0.166825 0.00221283 0.0109118 354.838 0.000167945 0.0257284 0.0295922 0.119053 0.251751 9.09919 1.09536 1.03413 
0.000202603 0.01968 5.39731e-05 1.08697 0.000248671 68.733 0.102745 0.026413 0.0215125 0.0665178 0.000876723 212.637 0.333251 0.0133673 1.45081 26.3991 0.181951 8.43781 
9.44921e-05 1.66551 0.000262409 1.18113e-05 0.000498427 0.209829 0.264981 3.87132e-05 0.00251389 233.301 5.40529e-05 45.707 0.0481386 0.0280074 2.53448 22.6895 0.362446 7.25288 
2.02255 0.0399616 4.9334e-05 0.338723 0.0114758 29.1234 3.24716e-05 1.07428e-05 0.567908 59.2026 0.234096 0.424193 2.38377 0.00367155 0.119773 18.5467 0.794886 3.928 
8.49503 0.398785 5.79271e-05 0.891363 2.37804 0.0375548 0.00509241 0.717953 0.000444867 0.923259 0.709397 0.262954 0.00309768 0.642497 1.63693 16.4082 3.06586 1.4991 
1.3449e-05 0.193376 3.01989e-05 0.0570674 0.0302789 1503.53 0.0053647 0.262948 0.0138546 0.852338 0.00859659 6.47015 7.81749 0.000569394 2.0561 6.90379 0.216419 7.38032 
0.00117554 0.000125061 0.000633184 9.48066e-05 1.03831e-05 8.14667 3.52102 4.90296e-05 0.000258737 1.5945 0.0148234 0.0898125 1.52086 0.877637 6.46644 18.2923 0.655567 0.50111 
8.03207 5.44573 5.92243 0.0298778 5.22851e-05 60.2447 5.63724e-05 0.33343 0.0553722 11.3689 0.279425 0.0661199 0.000100666 0.125896 0.5704 10.228 1.01593 2.18123 
0.135317 0.811218 0.00308647 0.00629465 0.00799467 0.456949 0.00367689 0.0286523 1.24985e-05 3.0204 0.223197 0.049483 0.0065928 0.000203151 0.000150083 45.0833 1.53977 3.37865 
0.104862 0.243506 0.0242301 0.00403794 0.588736 0.695538 0.000321983 0.676162 0.0162031 0.0294473 0.000134017 0.0846265 0.38043 0.631254 6.07148 14.2131 0.442048 5.23659 
0.137624 0.045032 0.00297772 1.82586 0.000388605 0.311732 0.359805 0.000961578 1.84222e-05 110.474 0.00353155 0.862356 2.3219e-05 0.00711654 0.507066 48.771 0.280685 4.94364 
0.0126235 3.1506e-05 6.14346 1.15314 0.00173587 595.185 0.0555543 0.0338608 0.00106767 1.67331 2.45558e-05 53.695 0.00015316 0.040458 6.82573 26.288 0.270076 9.71322 
1.03048e-05 0.00301128 0.00069618 1.91584e-05 0.00026804 4.049 2.83233 5.72932 0.0206572 3.04434 0.0145589 0.0145086 0.519053 3.64818e-05 0.00028496 40.1834 2.13037 2.57761 
1.14956 1.01943 0.000166352 0.00467548 0.00310299 339.639 0.485639 4.54675e-05 0.00215494 43.9057 4.13491e-05 96.8338 7.20373e-05 0.511135 8.69797 9.28558 0.29014 5.0175 
0.482657 0.0822463 0.000126608 0.00202662 0.0488702 0.0188337 0.934663 0.0166135 0.0295862 2.86948 0.0946729 0.368097 0.164385 1.01847e-05 0.000729288 36.2318 1.20154 4.15399 
0.10137 0.304537 3.42511e-05 3.20541 0.000788273 0.0817918 1.1719 0.00803522 0.000346287 0.234727 0.0241059 1.43443 0.0018846 0.188421 1.24559 15.3784 3.27605 9.35909 
0.00841061 3.91512 3.07183e-05 0.0368191 0.373303 636.701 0.00209728 0.125139 0.00660415 15.1895 1.69929 3.98081 0.000104771 0.000890696 0.040695 49.1767 2.94182 3.87759 
0.000188294 0.0162182 8.87088e-05 0.00407509 0.286691 2800.35 0.000416718 0.00385686 0.000250616 0.429437 0.0144264 2.89646 2.14049e-05 0.00870972 4.28317e-05 28.6232 2.38214 8.44378 
0.000188729 0.0447117 0.177364 0.499088 0.607845 2571.11 0.0213301 2.34137e-05 0.30012 0.0248576 1.35814e-05 0.0673973 0.0311617 0.244479 9.90677 30.2546 0.494495 1.60219 
0.0214872 2.77165e-05 0.0671959 0.0793916 6.42335e-05 0.502217 2.16351 3.20114e-05 0.048695 79.0354 3.78811 0.293016 0.00638979 0.26852 0.695227 20.1871 6.38849 7.30514 
0.00335904 3.91196 3.82267 0.000208502 0.00182628 0.152853 0.31658 1.45619 0.357382 5.86528 0.0371732 39.0092 1.83696e-05 0.051942 9.21383e-05 6.7916 2.41236 2.60567 
2.54401e-05 0.928496 0.346545 0.000744056 0.585632 0.17289 6.61747e-05 8.12798 0.401588 137.151 0.597274 3.27714 2.26118 5.28606e-05 0.0667542 48.5323 2.44209 1.80943 
0.481597 6.01027e-05 0.00565014 0.00239569 0.00173517 438.761 2.44261 0.000537248 0.000126178 9.42715 0.265807 19.0274 0.0278012 0.00059646 7.8045e-05 26.407 0.873274 7.8218 
4.49226 0.0185549 0.00192651 0.00207727 0.0553059 133.531 1.01284e-05 4.81991e-05 0.000713128 3.89673 0.215306 0.106709 0.243862 0.000809022 1.11795 26.9115 0.177113 6.44626 
0.000413427 0.00427259 9.08025e-05 2.35404e-05 0.0011966 0.0915772 0.0029353 5.13538 0.00060886 8.64856 0.00084293 5.10483 0.0452357 0.157414 0.172088 11.0216 3.24775 5.29773 
0.0526059 0.563287 0.0127221 0.268536 9.92926e-05 270.888 0.00174297 0.165986 0.000107467 0.173066 0.00135352 2.3396 1.57078 0.0306612 0.0894245 23.9002 0.889203 0.808961 
0.0658106 3.30603e-05 4.69018 7.20997e-05 0.0248703 1.3059 1.15153 0.000398141 0.000190894 106.266 3.12701e-05 0.0206472 0.0741661 0.0093009 0.0229162 21.7759 0.737634 1.58874 
0.00373552 6.50158 0.27606 0.0955664 0.0336609 929.961 0.00550387 0.0157164 0.00420632 0.035797 0.00287333 11.9326 2.23111e-05 0.406391 0.499705 4.90865 1.29823 0.910946 
1.74443 0.000434745 0.195828 1.00932e-05 0.00117209 19.187 0.369365 5.18437 0.0211064 0.0461659 0.642659 0.0383456 2.22062e-05 0.156904 0.107958 35.1321 4.30472 2.28663 
0.00318154 1.05375e-05 0.000109019 0.00125796 0.0287809 92.0235 0.239266 1.65314e-05 0.0270667 9.15602 0.216835 0.0110159 8.6505e-05 0.086822 0.203044 49.919 3.24274 0.615498 
0.177322 1.30999 2.04989e-05 6.7151 0.00166509 1.06145 0.000542635 0.00340365 0.0172092 34.4858 0.00126386 0.0104662 0.559069 0.00831886 1.09877 45.7306 0.185158 5.41772 
0.00448356 0.000272792 0.0837509 0.00183087 0.00340575 887.233 0.109071 0.528777 0.000571952 0.676605 1.62642 6.03395 0.103272 0.00607378 0.412986 19.9615 1.02136 5.78562 
0.00363238 1.16268 1.33064e-05 1.35689e-05 0.000229373 91.2888 0.000840617 0.000563985 3.92373e-05 0.0429458 0.000108692 0.034371 0.000103132 0.154789 0.373341 10.1635 1.60813 7.31574 
0.739648 3.09969 3.3437 8.8569e-05 4.94511e-05 5.72708 1.04449 0.00134669 0.0627626 0.0794724 0.000375196 0.0123026 3.25681 0.113031 1.48839 17.7395 0.378173 4.79886 
2.69663 0.000125195 0.549278 0.035476 0.00257935 85.3427 0.00256354 1.82603 0.0170252 2.00994 2.72677e-05 420.323 0.840946 0.177032 0.309329 42.8718 3.51653 8.00044 
3.80584e-05 0.060275 0.21355 0.43665 2.1411e-05 0.0448056 0.017126 0.0181097 2.7735e-05 371.221 0.00522874 1.27966 0.000831309 0.0249418 1.21239 35.2245 2.59075 8.58874 
1.19079 0.0137447 3.79778 0.00479342 1.5751 0.0911579 0.749947 2.36456e-05 3.65971e-05 0.0115872 0.00012668 0.131894 0.288453 0.0305045 0.0459195 29.3305 3.28467 8.23424 
0.22369 6.01174 0.984704 3.59972e-05 0.0541057 0.0199277 0.000307129 6.77377 0.00509616 0.728283 6.66466 110.781 0.0586729 0.000215977 0.00182572 4.55275 1.21948 1.67415 
2.87891 0.000261774 8.99318 0.000477039 5.24216 9.64431 4.91089 4.41436e-05 0.000106504 8.51638 0.122538 0.0141996 0.855774 0.593136 2.71068 11.2368 1.22172 0.767706 
0.000521643 0.0114745 0.0998294 0.00206354 0.000311786 888.03 0.0843745 0.665354 6.51077e-05 0.0195091 1.31609e-05 164.144 0.176109 0.248666 1.90266 4.57837 0.571909 5.57409 
0.205289 0.00482842 0.000880384 6.13578 0.466717 106.23 0.0408111 4.29887 0.738685 7.51127 0.00521868 150.857 0.00108226 0.377412 0.938683 13.4801 2.73391 1.70923 
0.000107841 8.68379 0.949858 0.00135725 6.38321e-05 0.412347 0.00141946 0.000776155 0.00294187 0.309285 0.000279626 11.3836 9.33478 0.00128806 0.00454593 13.31 3.73836 2.05515 
0.00115519 0.00593841 0.00219566 0.0378739 0.0164427 10.9797 0.000723055 0.00125828 0.00107981 0.433768 0.000203483 0.028733 0.00180288 0.407276 1.37578 23.7005 1.14736 0.251448 
1.85215 0.00118473 0.000120148 0.000237599 0.00199679 4.97689 0.760388 1.86903e-05 0.0125018 0.097194 2.65406e-05 312.628 1.33609e-05 0.241342 4.11345 44.9968 0.58036 0.953952 
0.0162961 2.12703e-05 1.32685e-05 2.33365 7.87383 30.0062 0.166346 0.000295231 0.000370054 0.0124791 0.18042 6.45158 0.000842405 0.281625 1.2895 19.2881 4.93077 8.01029 
0.0811109 2.22339 0.00133556 1.77068 0.00136514 429.203 3.49313e-05 0.0943665 0.00204557 425.954 1.69341e-05 43.6507 0.0019987 0.2905 8.67118 32.7384 0.478816 0.715678 
0.17318 3.19172 2.46382e-05 1.97484 0.0182158 0.0787211 0.209641 0.000416697 1.20419e-05 206.523 0.00762199 23.7173 0.226865 0.0830785 2.29002 36.8097 0.521531 0.651122 
0.0161616 0.000187447 0.817465 0.689261 2.01679e-05 2.0765 0.00731743 0.898451 0.147848 11.6432 0.0215846 77.3285 0.0100385 0.0139158 3.03947 5.69361 1.10126 8.80163 
0.282651 0.0157383 0.453606 0.000683482 0.124392 108.978 0.192136 0.00022709 0.00045481 61.1472 0.00126407 8.21959 1.25992 0.0565343 0.36172 10.485 1.09775 4.53399 
0.00165753 0.0732986 4.84632 0.0139988 2.63367 0.0206503 0.0395721 0.00013869 0.000792388 0.717 0.148324 94.2021 0.00783381 0.967292 3.10136 2.60457 0.559051 3.73381 
4.81705 0.00921847 0.163593 0.519657 0.0076249 692.177 0.00670823 0.0012099 0.0128834 0.0144514 0.237425 11.6465 0.587222 0.000742363 7.25241 42.5834 1.43082 1.53692 
0.00357982 4.97671e-05 3.62492e-05 0.000203103 5.22144 0.742579 0.000632459 0.00242485 0.000758413 0.797229 0.000980706 1.92942 0.239734 0.241051 0.211519 18.611 6.14566 6.77482 
0.000877518 0.230894 0.00270065 6.83284 0.000348249 15.8477 1.76905 0.0010345 0.0187121 0.438419 0.00150448 0.976462 4.73714 0.0223534 0.539758 37.4603 1.3779 1.18763 
0.000176731 0.838724 5.80111e-05 9.31835e-05 1.97979 0.210469 2.40993 0.000230878 0.278566 5.74414 0.000252516 0.0947597 3.04344 0.175118 0.480258 22.8052 5.58463 6.87876 
0.00159138 4.18407e-05 0.380893 0.00356332 0.409646 0.0272037 1.34429 0.000785225 5.02625e-05 0.0322787 0.000360729 0.0735059 0.000381662 0.00310545 0.12637 21.6183 0.753721 5.74723 
1.50389e-05 0.14968 0.334875 0.0466638 0.119503 5.09776 1.2991e-05 9.29065 0.0213132 0.187738 0.000231155 7.09931 0.00526602 0.204589 0.359399 17.6985 2.70551 1.87607 
3.57545e-05 0.0103369 0.280488 0.000560092 0.0149194 1.07267 0.0494717 0.000990762 0.00181789 9.40221 0.0406078 1.51262 0.0320667 0.0256165 0.278916 16.3968 0.917874 7.0348 
1.12152e-05 0.367278 0.00135094 0.000310561 8.28328e-05 0.0135606 0.0400477 0.000117444 0.189829 19.8793 5.60102e-05 84.8504 0.00906345 0.411264 0.346893 39.7305 4.33269 0.7158 
6.55455 1.9704 0.275483 3.24742 1.62694e-05 1532.88 0.00112562 5.54815 3.34244e-05 0.0280091 1.05604e-05 17.6652 1.27214 0.0491627 0.166288 16.1604 1.4062 2.48663 
1.58599 0.00619732 0.00133498 0.000805603 0.00135408 0.656689 0.000918845 1.24495 0.126646 435.968 0.00636761 1.93221 1.25063 0.00565557 0.169931 40.6242 0.462392 4.5068 
0.000236656 1.94866e-05 0.000325474 2.51667e-05 0.000149636 327.394 0.00032281 0.143865 0.00906008 343.674 2.59088 95.6355 1.95046e-05 0.0436422 0.506731 33.5634 2.53696 1.53858 
1.86676e-05 1.78381e-05 0.497778 0.0702726 0.0667322 21.4114 6.84052 0.0297856 0.000366183 2.03041 0.00120915 3.16708 0.462004 0.0116134 2.2381 47.5381 0.23867 2.03922 
6.82821e-05 0.00228256 1.69513 0.110308 0.362097 325.729 0.00290584 0.0088535 4.36915e-05 292.469 0.000101594 7.11201 0.000605828 0.113306 0.843007 20.4878 1.17624 2.1546 
0.000538498 0.012566 0.474208 0.000147006 1.02805 554.54 6.33015 0.0607126 0.0834823 10.974 0.000526889 0.122579 0.00308078 0.633481 0.597528 24.9417 8.54382 4.51315 
0.00151178 0.00311955 0.020949 0.0618549 0.094949 52.161 2.68373e-05 5.35597 0.000141517 4.90339 0.347786 0.19594 0.00445164 0.113859 0.349516 37.5244 1.71834 0.472954 
0.000377404 0.0069822 0.000436088 0.0391101 0.00028817 51.7874 0.433041 0.0566925 0.072519 0.643019 6.59556 111.271 1.08826 8.75288e-05 9.8483 4.17447 0.699322 9.76157 
0.00208224 9.24885e-05 3.13994e-05 0.32944 1.22687 51.9998 0.000184066 3.80433e-05 0.00188491 370.067 0.0219122 0.303077 0.0023039 0.0607434 1.00065 12.3274 0.490779 5.2497 
0.246075 3.79478 0.0833288 0.000364435 0.394374 48.528 0.00391713 0.452324 0.000925311 5.63588 0.826587 86.0534 1.52831e-05 0.551909 0.703774 2.4912 1.12009 3.05467 
1.82442e-05 0.00111114 0.00818614 3.42727 1.69605 1107.79 0.000484366 0.00128792 0.000262444 2.40083 0.349745 24.8334 0.0071112 0.131849 0.571039 7.18767 1.6896 8.90707 
2.27136 0.000654731 1.27305e-05 0.000151922 0.00177831 0.012164 0.668087 1.71569 0.000148753 0.034461 8.56938e-05 0.0444335 0.00363294 0.00219761 0.0111775 34.9786 0.68763 7.5653 
1.13799e-05 0.276686 0.00181215 2.30391 7.93543e-05 0.0254906 0.00883377 0.000368766 1.16358e-05 0.0288183 0.000584884 0.171149 1.24336 0.0851479 0.697745 12.9793 1.05627 1.83521 
2.49062e-05 0.55703 1.58266 0.256032 0.0140144 0.284341 3.82912 7.19779e-05 0.00125799 0.432386 0.376627 342.728 0.432889 5.7129e-05 1.27664 33.7573 0.308014 4.1158 
0.00478733 1.00649 0.000165591 3.52839 0.0500188 713.438 5.41014e-05 1.40012e-05 0.0168726 2.30069 0.0602192 0.0322622 2.39788e-05 0.905381 0.724293 7.14705 2.22954 1.26167 
3.09572 0.0556202 0.000294251 0.468599 1.22618 0.113002 5.75808 0.0201984 0.00019037 11.6348 0.0111762 135.386 0.00239518 0.0673411 0.129444 22.1079 3.34067 5.20801 
0.0040943 0.0139053 0.000138674 0.0199505 0.826305 2120.37 0.586085 0.0315926 0.00501121 0.032967 1.64922e-05 11.8061 0.0482862 0.0197899 1.20027 46.398 1.78174 3.05807 
0.00466595 0.000200359 0.000221913 0.0188202 0.000145329 429.35 0.197811 0.000590644 0.473448 1.66072 0.0802077 0.356388 1.5214 0.000303155 0.152266 14.7632 2.74288 5.27886 
0.0154594 0.000166165 0.000169814 0.00012591 0.827322 0.0527262 0.166925 0.000200015 0.175041 0.0414419 0.0207482 0.335172 0.00269264 0.206033 0.386117 20.4083 2.16001 5.36719 
0.00276753 7.01362 0.00210226 0.104631 0.0148299 795.161 0.00839066 0.027119 0.00374653 117.391 0.00242578 0.694996 0.118616 0.0227926 0.0411288 38.0471 1.92806 1.76594 
7.58867e-05 5.08867 3.34384e-05 0.000138358 1.27833 27.5943 0.541218 0.823027 0.00167772 121.363 0.0277092 2.05853 0.0120471 0.00758574 0.12767 49.1312 1.05585 7.56627 
0.0632329 0.0183525 0.335447 1.1559 0.000276389 465.677 0.851083 0.0311076 1.18854e-05 46.5717 0.000964638 0.379533 0.000124704 0.739628 3.31403 7.04042 1.90678 6.06848 
0.354292 0.0230852 0.0140838 1.61637 0.0213843 0.371345 0.0001135 0.000104178 7.97634e-05 38.7554 0.0215605 0.817459 0.000141991 0.176427 0.474419 29.1794 1.83709 0.507913 
0.0588027 0.000959868 4.62827 0.000957859 3.2377 32.7027 0.443992 0.0496233 7.22708e-05 35.5986 0.2936 0.0231308 0.169667 0.2795 0.654386 5.52677 1.38894 1.54028 
0.886249 1.80196 4.209e-05 0.0108322 0.00185841 1.85182 0.739516 0.00195173 0.0324748 3.40749 0.00100039 2.57842 0.345089 0.254962 0.996201 7.78367 1.97352 6.82366 
9.52397e-05 1.04895 0.000129671 0.742328 0.00757723 0.642829 0.00035031 0.17717 0.0849497 169.143 0.240172 0.91083 0.00175375 0.112003 2.85369 34.2436 0.252986 4.79081 
0.0142292 0.491831 0.10137 0.407156 1.48766 1508.89 0.31021 0.00058738 0.0633481 2.40629 0.0750487 26.5985 3.76494 0.528618 7.12636 23.1925 0.782899 0.424479 
0.00684307 0.0371024 0.00671567 1.42675 2.07105e-05 0.558759 0.000102893 1.47917e-05 0.000489497 1.58336 0.161591 16.4872 0.00013845 0.277897 0.726673 43.8456 1.38099 0.2357 
0.0125428 2.59836 0.000200292 0.0589427 0.0152346 15.9408 0.116455 0.295778 0.000686356 1.5216 0.000776084 0.010778 6.91222 0.0148718 0.0014087 30.9359 2.38012 1.1278 
3.47381e-05 0.226916 0.0878086 0.00578681 0.0144192 80.312 4.01316e-05 0.113253 0.0652539 16.687 7.53846 303.127 0.0441743 0.137089 2.28047 3.66124 2.14379 0.607637 
0.000146776 4.62207 3.42005 0.358215 0.0247568 8.2933 0.00387088 0.0273292 0.000305541 0.149423 0.0126189 0.176893 5.57443 0.450171 4.61713 21.6875 0.804308 5.48232 
2.14837 3.46778 0.00867253 0.9907 0.98952 0.219203 0.00307672 4.56717e-05 0.0357468 0.51573 0.0128751 0.433767 0.0721951 0.0170592 0.117649 44.0102 3.45885 7.70708 
0.000626407 0.00587005 0.00117309 5.91639e-05 0.000505647 315.38 0.0198967 0.0632596 0.0012859 0.161092 0.354552 0.424693 0.178876 0.000982308 2.80346 26.4523 0.200301 9.89455 
0.00084876 6.99338e-05 0.460517 1.31738 0.000137011 0.0326763 5.75289e-05 9.55946 1.49034e-05 1.50998 0.0034462 0.0622649 0.0529755 0.735288 1.18099 17.8067 1.48734 0.397695 
0.52227 0.101768 2.1391 0.000396531 0.000508372 6.53058 0.0028194 0.00985528 0.00327307 0.102115 0.0647072 6.68673 2.96029 4.21832e-05 5.79821 18.8217 0.411637 3.83088 
4.02153e-05 5.46971e-05 0.00030111 2.97922 8.39446e-05 9.13444 0.999539 0.21096 0.436288 1.13886 0.306382 0.352608 4.70962 0.000941747 0.722381 19.6418 7.27426 4.49087 
0.12114 0.000522287 0.000780144 0.000117705 0.108147 26.7846 0.00170524 5.32044e-05 0.00574766 10.6409 0.0114951 1.27556 0.293939 0.0476168 3.66496 24.0677 0.397032 8.49848 
0.00407256 0.724726 2.35576e-05 1.85293e-05 2.5509e-05 2956.88 0.00935179 3.27074e-05 1.10637e-05 90.7544 0.000697098 0.770043 0.379466 0.0293701 0.348583 30.5851 2.62546 6.18958 
0.137486 2.70687 0.000462283 0.00884086 0.000205717 0.791226 0.0209597 1.27368 0.0114049 0.0274978 0.0253868 53.0487 1.1954 0.155949 0.766158 22.2342 6.15248 4.54482 
0.000874899 0.00119726 0.00282101 1.05938e-05 1.06724e-05 35.2947 8.11124 0.37346 0.000323095 0.0484402 0.148592 2.88185 0.309818 0.137543 0.370156 34.3492 2.21718 0.549001 
1.97892 0.0028961 3.60612 0.49625 0.000125242 0.0578273 7.15085e-05 2.81269 0.00412376 0.345899 0.60742 0.0684892 2.30452 0.000118634 7.1136 47.9642 0.9459 4.70165 
0.00168764 0.00106326 0.174699 1.06045 1.62239e-05 150.939 0.0251163 3.33994 4.47291e-05 0.676248 9.99269 1.89116 5.64262 0.00318955 4.36431 2.8661 1.02894 1.81483 
9.87897e-05 0.000752072 0.00167575 0.00517828 2.92184e-05 2662.01 0.657901 0.528228 0.000329108 0.980816 0.0377764 33.6474 0.000461324 0.0246917 0.120507 36.787 1.13453 1.11914 
3.17425e-05 0.052031 0.581909 0.0249488 5.25586e-05 32.2042 0.250451 2.58968 0.0041365 16.2071 0.313214 0.448212 0.93679 0.00107908 0.0518549 37.4298 4.18596 8.68412 
0.00585861 0.0280625 0.00179089 0.575648 0.00665743 0.148015 0.657574 3.0955e-05 5.53765e-05 4.7057 0.183884 0.169706 0.00391572 0.178864 1.15927 34.6562 0.964981 0.328842 
0.00263523 0.00717412 0.000826387 0.00105923 0.0192624 2012 0.270235 0.000943598 0.0304547 131.067 0.20958 22.7346 2.32773 0.329078 0.660745 3.0274 1.05865 8.32361 
0.000686575 3.33352e-05 0.113423 0.00151212 1.02111e-05 0.166008 3.14312 0.000253931 0.00494591 0.0241665 0.045994 85.5695 0.0022837 0.0287923 2.59909 25.1891 6.82604 4.59264 
0.00697301 0.0246414 0.0250872 1.26396 0.00028423 35.8965 0.0339232 0.131373 0.000276357 0.559794 0.0940088 14.4324 8.28058 2.03102e-05 4.33642 11.1629 2.29584 5.27219 
0.000887573 0.0378643 6.21849e-05 1.08725 0.00050502 241.827 0.017076 0.356209 0.00252594 0.084847 0.0887759 50.9246 0.0112291 0.000578898 2.46127 10.5184 0.252328 6.7264 
0.00010509 3.44606e-05 0.0948865 0.00063603 0.0236008 343.591 0.000152075 0.0312373 4.31922e-05 22.1286 8.45952 8.1139 1.24122 0.0724952 2.34813 9.73399 0.345996 5.35539 
0.00899403 0.0105459 5.24567e-05 3.74754 1.35446 0.176101 1.38072 0.261625 0.00731066 1.90663 0.0639333 0.0138648 0.623614 0.929026 0.44776 15.7838 7.15803 4.58025 
0.00920913 0.0100189 0.000269729 0.00276603 1.18606 137.365 0.000195463 0.0505251 0.00502175 74.7748 0.050527 19.3419 4.78927 0.000176116 0.125846 38.0768 2.0559 6.57572 
0.000240395 0.000231898 0.00150644 7.8227e-05 0.666569 718.418 0.0106281 1.46821 0.32231 4.90153 0.00910761 127.529 1.13431 0.000563501 0.000701229 3.50179 2.59445 1.62968 
0.000766004 0.126264 0.015879 3.77348e-05 3.98951e-05 1183.51 6.47234e-05 7.32537e-05 0.000274327 0.0836387 0.0566022 0.718965 1.85439 0.183586 0.635285 34.2946 3.63198 0.97032 
5.29022 0.0470904 2.04741 0.156818 0.00834561 0.0102957 0.127543 0.00222111 0.871055 0.0144129 0.00545122 0.0102949 1.64096 0.93523 2.98889 2.63684 0.583503 5.46548 
0.000114492 0.00549965 4.74559e-05 8.27002 0.0412729 0.102599 0.00146861 0.00034669 0.000135686 0.0158667 0.0370707 2.84396 0.0844894 0.00062752 1.28592 29.3886 0.933163 9.56429 
0.275808 1.48652 7.38669 0.0989226 0.000346105 0.0600935 4.64664 3.19329e-05 0.11769 45.4448 0.0210088 0.204316 0.215543 0.136111 4.05877 48.7862 1.96296 1.92783 
2.18374 4.14819 0.0250403 0.986166 0.0153677 103.882 0.0123259 0.388879 0.000135741 1.73575 9.37778e-05 83.14 0.0285008 0.0912382 1.09187 9.61267 0.754908 8.8966 
2.78346 0.000518702 0.105933 0.0575897 6.03579 0.0400568 0.19619 0.0114238 0.370331 1.36384 0.0131635 0.212104 2.27558 0.0313128 2.14478 38.6592 0.357672 3.2062 
0.924481 0.184023 0.00355714 0.0248442 2.97918e-05 0.272279 0.0240043 4.81187 0.000220401 1.068 0.886818 0.0425223 7.28916 0.305087 7.64962 10.8889 0.767784 1.19534 
0.335609 0.000272012 5.51199e-05 0.000211672 8.25606 0.064759 1.04505 0.000993318 0.315126 9.90281 0.000573587 0.0201878 5.06529 0.0617409 8.65652 47.2325 1.21993 7.35347 
0.0202079 0.165466 5.38703e-05 0.00926193 0.000247829 2288.51 1.07456 0.000109417 1.5964e-05 4.0715 0.00039174 275.588 0.00013455 0.497418 7.8109 13.1281 0.450919 8.02482 
1.10309e-05 0.00491177 0.000361526 0.167016 0.0175153 3.52212 0.00676894 8.03551 0.0185912 70.7391 3.15493 241.661 0.000910221 0.00481531 0.9042 36.6727 7.32282 3.4078 
0.000149573 0.0128427 0.146384 0.0212557 0.0146265 0.291604 0.0660864 8.35443 0.0160713 33.9201 0.318415 422.129 5.27606e-05 0.000250584 3.69466 9.86728 0.804006 0.819461 
0.00532214 0.000942185 3.23825e-05 3.97503e-05 0.0404974 602.85 0.000176958 1.2685e-05 0.00280201 0.682778 0.106199 0.0246906 0.0012858 0.304095 0.403521 11.0118 3.68003 7.24746 
0.00010798 0.0863235 7.93262e-05 0.017955 3.60852e-05 0.0807009 2.97468 3.17812 0.209168 0.197955 0.48207 41.6336 0.000774082 0.00123328 0.667251 10.5154 7.36675 3.96935 
0.00103503 4.41856e-05 0.000892677 0.420229 0.0962799 395.827 8.24868e-05 0.00119224 0.379307 2.52102 0.00279565 0.0389946 0.000951467 0.0442164 1.10696 17.89 0.339033 8.25032 
0.000911349 0.32456 0.0367396 0.00146746 0.000259018 0.253479 1.63651 3.34122 0.00364711 0.258286 0.313851 431.076 0.00904846 0.000686396 6.86193 6.31265 0.608126 1.32097 
3.64637e-05 0.000151649 0.000137117 0.00332981 6.68155e-05 43.2358 0.00244959 0.0890714 0.0119858 0.677027 0.307603 4.03883 0.00833562 0.0628612 6.19331 45.9059 0.730918 4.14319 
0.0301331 0.271545 0.00647668 5.05927e-05 0.163675 0.0531195 0.00711587 0.000107574 0.249332 1.17013 0.195374 1.18079 2.23724e-05 0.00335176 3.07995 49.1378 3.4088 5.69254 
3.1552 0.114517 1.47274 0.00265858 0.00101885 0.044307 3.40336 0.000117683 1.7156e-05 0.0735198 0.0638714 0.013583 3.45931 0.000100074 4.84265 14.6873 0.430943 5.90365 
0.20448 4.33079e-05 0.00543609 8.13226e-05 2.47307e-05 38.3002 0.158931 0.0046782 6.20997e-05 0.395829 1.5605e-05 0.0446955 4.73555 0.168429 1.92946 23.61 2.30386 4.45314 
0.0105496 0.0970491 0.00133774 0.00551314 1.37249 170.138 0.000246053 0.0264412 0.000369149 56.2301 0.0114809 134.252 0.00406659 0.0103564 5.07136 49.2294 0.1992 9.24269 
2.28588e-05 0.00420458 0.00409856 3.00176e-05 0.000608076 1.52369 0.000116958 0.328016 0.304067 20.3009 2.26866 58.786 0.0260525 0.0792874 8.96339 4.95419 0.517358 2.7901 
1.01678e-05 0.680548 0.357237 0.0013121 0.0201066 1693.63 0.102084 0.0366763 0.0992793 137.14 0.209724 0.0557523 0.0862908 0.136046 1.87222 19.267 2.2302 6.10609 
4.01155e-05 0.000300392 0.229389 0.144828 1.31504 382.621 5.56559 0.00529699 0.000142794 10.1777 1.43435 0.0265997 0.00276061 0.367419 9.06637 35.5303 0.468933 6.70397 
0.042356 0.772531 2.40163 0.00628387 0.00292678 2705.83 0.835621 0.617452 0.0104793 72.0977 0.509983 33.9372 0.0051941 0.000149918 0.00183654 13.4129 2.77868 4.00548 
0.000344059 2.4472e-05 3.71934e-05 0.000120121 0.00014776 375.772 0.00290404 3.36419e-05 0.00428695 29.5782 5.18347 45.6986 0.149593 0.0134918 0.782929 35.3992 0.394559 5.71268 
3.50538e-05 3.16092 4.35788e-05 0.731231 4.15777 860.66 8.15317 7.15335e-05 0.87653 31.5242 0.0375905 24.5499 0.000996706 0.155038 8.98486 23.2588 1.02855 1.48219 
0.162391 1.41242 0.002898 4.08373 0.02027 0.270615 0.308553 4.85778e-05 2.06759e-05 281.677 0.31562 0.266906 0.00238184 0.206463 3.3174 37.7378 0.615079 1.7215 
0.000221125 9.11338 0.0187652 0.0742551 1.20878 0.749921 0.000210537 9.82807e-05 0.002242 103.979 1.0021e-05 12.9146 0.00132254 0.0772084 0.352216 33.6674 2.0422 2.03561 
0.00640238 0.395761 0.0002652 0.499127 0.000235475 49.7848 0.0564002 0.923527 0.0531065 22.4654 0.265204 0.0176746 1.88844 0.391139 0.981906 28.9596 1.69455 0.274428 
9.78063 0.000424715 0.241961 0.00011437 0.128184 47.1482 0.00351262 0.0599982 0.0125236 1.54109 0.58306 0.355329 1.50458 0.0944861 0.608056 34.541 3.05558 8.55537 
0.00105358 0.0166808 0.213576 0.00026913 9.70504e-05 0.284259 9.57554 5.73701 0.000514288 0.732897 6.60949 33.8001 7.11039 0.0601686 9.26032 10.6623 1.07143 0.47873 
1.25376e-05 0.000382719 2.12579e-05 1.13133 5.92814e-05 64.178 0.125685 0.415992 2.72135e-05 2.86463 8.08249e-05 390.607 0.360772 0.0331649 0.612307 29.8447 0.691406 1.79753 
1.00664e-05 1.14957e-05 0.0017745 0.00228133 0.001381 0.0244196 0.0641548 1.48919 0.000222913 1.49408 0.134487 0.0803866 0.00404944 0.433797 0.546278 5.45879 2.08562 3.43491 
3.91486 0.0301716 0.00030074 1.39506e-05 0.000204875 55.3693 0.0423462 0.0334423 0.0402904 0.607198 0.159668 217.166 0.0431937 0.0259611 1.41456 2.05006 2.40589 1.65265 
0.451407 0.0219202 0.17356 0.00884947 0.0020175 0.328907 0.000617829 0.906353 0.000158575 0.0514287 0.00108097 0.0879757 0.0449523 0.456457 1.17575 28.0021 4.67393 2.38662 
0.000318107 0.00038665 0.00278732 0.0381955 2.95782e-05 1.31289 1.3604e-05 1.11492 0.0223402 10.6658 4.36584 55.4198 0.00494568 0.000108148 9.09018 41.3709 0.192773 5.73116 
0.182336 0.238219 0.00108504 0.0486711 1.08899 1987.54 1.01291 0.000622481 0.000217759 0.679161 0.138997 2.85331 1.98917 0.00236199 3.30204 17.9751 0.539251 3.88284 
0.000723331 2.22394 1.5559 0.0628036 0.000247071 1781.9 2.55366e-05 0.000437592 0.0905069 0.315191 0.00287383 0.0619753 2.96418 0.470199 1.56861 5.84881 1.10368 6.05774 
4.34433 0.597542 7.79788 2.47495e-05 6.3182e-05 0.314125 0.000638287 0.0372621 0.133628 8.55077 0.0554725 191.517 0.00613006 0.0166272 6.1472 36.9264 0.279172 8.83745 
2.44182e-05 1.52525 0.867718 0.000475519 0.000346171 51.7961 0.000420309 0.000264777 0.125927 313.53 0.000355885 6.66173 0.000391793 0.591199 3.45029 5.58657 1.24335 7.95824 
0.000540102 1.26075 0.0982077 1.15185e-05 0.00211732 0.416542 0.00713242 0.000448464 0.000479636 1.74717 0.000619471 6.32208 4.29097 4.5852e-05 0.231057 46.1384 2.89132 4.53208 
0.000267333 0.550244 0.0727088 8.24989 1.60048 0.327698 0.0488895 1.55979 0.690248 21.2402 0.00131432 1.75338 1.00061e-05 0.018825 0.510743 32.6451 1.0165 3.63982 
2.40309e-05 0.203996 0.0779753 0.88591 0.408894 0.960867 0.228633 0.00992301 0.00107642 0.0121258 0.465984 1.51264 4.25631e-05 0.141201 0.279627 29.2699 2.49399 3.13747 
0.0371176 2.04907e-05 0.00611027 0.000206028 1.59981e-05 0.508767 1.53201e-05 0.0144406 0.00527947 23.6693 3.18875 0.110723 2.60067e-05 0.718756 0.997171 12.092 3.13715 2.06537 
0.0686389 0.000222461 0.841004 0.000145622 0.00653615 99.6654 0.00458666 0.0379331 9.89898e-05 0.0660404 0.53511 1.62379 0.273931 2.57408e-05 0.515645 30.9893 2.16943 2.30686 
1.05899e-05 0.000147679 0.000134656 1.04671 5.04679e-05 0.0300826 1.67687e-05 2.56421e-05 0.00343615 7.86433 0.00177182 11.8531 0.4177 0.0197833 0.711056 35.5814 0.382702 5.543 
7.32662 0.00936649 0.00516623 0.022978 4.90835 1275.87 0.00418624 0.000406919 0.902622 0.162033 0.00034342 23.8752 0.00780863 0.335895 3.34884 13.014 0.438107 4.78874 
3.44328e-05 0.0089971 0.00635936 0.00196678 0.0036101 0.198539 2.5875 2.08951 0.00856738 24.205 0.00025294 143.684 0.000437818 0.585646 1.33787 20.3979 1.77922 0.420653 
0.00019757 9.19988 0.0717908 0.00952663 1.75524 299.635 0.0216694 0.00155511 0.026191 0.655922 2.07399 0.0158549 3.8389 0.345013 5.78501 28.899 3.94608 2.55751 
1.76926e-05 4.18968 8.36723e-05 0.0499476 1.0016e-05 79.2215 0.0993236 1.57658 0.00420272 0.0370536 0.0363425 21.8372 0.0878157 0.87562 1.24906 4.35759 1.61529 4.50557 
7.19673e-05 0.250115 0.00136169 0.000101124 0.237218 125.192 0.106178 7.88672 0.00295922 4.39464 0.000521199 5.04514 0.00612612 0.300613 2.24936 9.91379 1.26308 8.19654 
0.15052 0.780463 0.00102075 0.0765907 2.52298 0.030354 2.21042 0.0258343 0.286432 0.0802585 0.00257533 0.165388 1.16685e-05 0.0126606 0.0396493 40.6575 2.44973 8.83335 
0.000481973 0.000126474 0.00442508 9.29301 0.167528 0.011537 0.000145522 0.00726584 0.504483 472.96 1.33041 2.18596 0.871662 0.0476075 4.92849 24.2695 0.442612 3.57508 
2.58645e-05 0.00663728 0.190146 1.10081 0.00987432 124.798 0.00194682 0.161895 0.309757 7.12113 0.00340303 1.06842 8.01343 0.100866 0.374933 16.3522 1.33434 3.51082 
0.00014477 0.453375 6.37006 0.0425465 0.321591 21.497 3.42379 9.16686e-05 0.00215662 0.264473 0.000855674 73.286 0.000149718 0.0204242 0.662238 25.4723 0.630658 5.47195 
0.0148729 0.00148063 0.107453 2.38301e-05 7.60202 27.7011 2.83762e-05 0.0201035 0.0156865 1.95056 0.00120563 0.146865 0.194634 0.0328909 0.177663 36.6363 0.37529 8.67706 
0.0495386 0.00581736 4.37365e-05 1.47975e-05 1.69086e-05 0.305338 0.000186083 0.000959381 0.00983563 481.519 0.16313 1.22656 0.668898 0.0690418 0.783411 24.1082 2.25044 6.11491 
1.53776 2.39939e-05 8.28606e-05 0.000106258 6.85076e-05 1692.29 0.119692 0.000547775 8.09724e-05 84.1538 0.0386566 0.285459 0.0261764 0.900413 6.35246 14.3559 1.76947 5.58506 
0.0504302 3.68767e-05 1.89424 0.127737 3.70342e-05 0.890632 0.416266 0.745367 2.84975e-05 400.455 6.10125e-05 15.5061 0.789605 0.0360311 1.93047 23.5608 0.566742 6.86479 
0.000361132 4.43478 0.00195265 0.000115571 1.05472e-05 0.0113375 0.333757 6.49953e-05 0.00169233 0.789263 0.000361635 6.30597 0.00794823 0.15539 1.53237 9.63317 0.459661 7.49101 
0.149652 0.000628003 0.0845783 0.76214 0.230554 16.4929 6.78278 0.000481201 0.0158704 0.0975386 2.95278 3.85541 0.179388 0.110616 5.03879 43.2068 0.980255 6.59388 
0.00199139 1.42658e-05 2.75269 0.00304262 0.000240974 3.97905 0.0332027 0.016091 0.000133567 0.81198 5.89668 0.0102941 0.346297 0.0572945 0.429139 31.7772 5.04424 7.66514 
4.21268e-05 0.00190884 0.0881674 0.0100399 7.06131e-05 93.3946 0.000611716 0.109613 0.000100076 486.346 0.0217154 47.8356 0.000151146 0.198519 4.33118 46.1347 0.79456 0.881044 
0.752119 0.00572702 0.000162626 0.000263108 0.580937 569.087 3.02154e-05 4.85863 0.175737 0.359509 0.352999 0.705851 9.93502 0.000143074 2.42677 3.43195 1.80134 4.00803 
0.399938 0.577583 0.00025607 0.000149391 1.74068 0.111667 0.656624 0.00370877 0.000231104 0.021707 0.0436972 20.7377 0.00691021 0.00686554 0.513033 33.114 0.492935 9.5046 
0.000128679 0.000258082 2.2714e-05 0.000172307 2.72898e-05 9.3742 1.39921e-05 0.795062 0.20629 0.414539 1.58227e-05 171.02 2.23171e-05 0.0105657 0.293678 36.8046 1.45173 3.90855 
0.00605317 5.45821e-05 3.40077 1.71282e-05 2.95077e-05 1.11398 0.0221232 0.000848143 5.96637e-05 0.0336607 0.000335616 30.6043 9.34323e-05 0.475191 0.820654 38.7322 2.86571 0.618602 
0.149721 0.000969535 0.0929659 3.39853e-05 0.0833701 4.10503 2.53925e-05 2.63923 0.34298 0.0249682 0.170017 57.3526 0.486893 3.1575e-05 2.37136 7.92843 0.803597 3.20293 
2.48753 0.363621 0.000112866 0.000124487 4.72988 0.119682 0.00136102 3.32427 0.652333 7.78424 1.22505 172.834 0.864278 0.000128829 0.339019 12.0088 5.93915 9.84034 
0.000118147 8.6286e-05 6.3942 6.84149e-05 0.000295148 101.834 0.18799 0.00139779 0.0259425 0.0556525 0.027191 27.7157 3.40978 0.217769 4.08408 11.8131 1.34373 7.77556 
0.00237129 2.6701 0.0327391 2.04144 2.35707 0.72329 0.0843288 0.0178261 0.000574986 0.575563 0.296817 0.313144 0.231722 0.00197608 2.57949 31.6394 0.423851 5.96727 
0.00608967 3.72686 0.0371675 8.99943e-05 0.0046412 617.684 0.319261 0.845666 0.0023435 3.71688 0.00142394 4.71909 0.000999909 0.116486 0.544257 18.1732 1.14651 5.07179 
0.00530958 0.000155988 0.00750836 0.000189334 4.5063e-05 0.929836 3.4053e-05 1.25171 0.125286 10.7971 1.39798 391.579 6.99238e-05 0.00042583 9.47815 4.68978 0.215377 5.87009 
0.00948725 0.000585568 0.0573913 0.0220219 0.0199357 0.252728 3.82469 6.52576 0.0352557 18.5668 2.33217 0.909574 0.180923 0.47646 0.978598 5.78124 1.96247 6.96118 
3.31627 0.122305 9.15886e-05 0.0254259 0.000296023 0.164988 0.0183789 0.587909 0.0574589 0.0305529 1.32455 0.132655 5.61235 0.00106704 4.77527 2.28314 1.23228 3.96457 
0.00228829 0.539921 0.00394241 0.0481385 0.00278103 0.78014 2.65113 0.0675095 0.000833405 0.080605 0.171588 0.0436037 0.0237954 0.928091 3.39717 28.7398 2.01491 4.74917 
0.0688495 0.0231658 2.8966e-05 0.000406316 1.20455 39.104 0.202097 2.27673e-05 0.0589969 231.365 0.165278 12.5331 0.00409885 0.116207 2.15103 48.2612 0.319232 7.36842 
0.0389544 0.0443201 0.00099444 3.92377 0.863313 0.776083 1.53426 6.17495e-05 0.00107642 140.129 4.20675 0.774963 4.64537e-05 0.139059 3.15022 27.6101 0.498857 1.94399 
0.160685 1.66253e-05 0.0356114 0.0254519 0.49675 304.73 0.00060842 0.000268418 3.75724e-05 5.41722 1.19584 0.154445 0.000457585 0.341137 2.94972 44.3999 1.09469 1.50583 
0.001115 1.43566 2.69039 1.1841e-05 8.95398e-05 0.0369702 0.000130364 0.000492494 0.114082 2.07082 0.00613784 0.121189 0.00480872 0.0354329 1.17206 49.38 0.286567 6.58709 
0.0387276 0.000721481 0.0132982 0.000741503 3.7852 0.595421 8.20743e-05 0.709615 0.289508 48.2439 0.0114037 65.5446 1.18674e-05 0.425764 1.10745 5.27295 1.07198 6.15888 
8.96281e-05 2.35883e-05 0.0400996 0.000135483 1.59442e-05 1.2786 0.00763092 0.0184075 0.23246 297.031 0.533948 148.192 0.0179359 0.00455975 0.568177 17.7731 4.39688 9.38946 
0.0810245 0.00851839 0.000215082 1.15116e-05 0.00102843 0.154295 1.7849e-05 7.31498 0.0147035 0.440545 0.000428648 1.62679 0.0328076 0.25006 1.01314 44.7769 1.64771 3.82351 
0.713954 3.82543e-05 0.000153803 2.34319 0.026119 13.922 0.0570007 0.000157042 1.63725e-05 2.14572 0.0476038 0.226132 0.00581744 0.196465 2.56052 30.6415 3.21876 8.78263 
9.48837e-05 0.564631 0.00395147 0.145458 1.62442e-05 1.67241 0.000561751 0.0412912 0.0022848 0.107328 0.000797445 4.06485 7.27099e-05 0.0542674 0.692159 42.968 3.04174 5.31558 
0.0245085 4.75772e-05 0.0695094 1.3296e-05 0.0205236 0.179848 0.00929737 0.000336968 3.19002e-05 0.0221274 1.60463 0.299449 3.72789 0.005428 7.03698 4.13991 1.62179 7.09876 
0.0140933 1.59574 1.98689e-05 0.0317379 0.00758232 89.0583 6.17555e-05 0.0156549 0.00288434 0.0511994 0.295882 0.439853 0.0340008 0.628875 3.20048 19.7518 1.06381 4.60592 
0.000248386 1.21461 1.07121 0.000794667 0.00154476 0.0561803 4.2909e-05 0.00259408 0.00193231 0.0290883 6.07635 3.48332 0.580319 7.84791e-05 3.72323 33.6946 2.64333 4.90871 
0.172468 0.156656 0.00328774 0.0775133 0.0015532 430.579 0.00581866 0.0105434 0.000303425 11.6424 0.00250026 113.126 3.05119 0.677965 4.94294 21.3091 1.49604 1.51656 
0.0892039 0.0875073 0.000284264 0.00085313 6.89048 200.966 1.8773 0.111368 0.364483 105.065 0.13823 20.3504 7.62361e-05 0.720509 6.14186 19.7338 1.07901 5.47044 
0.921708 0.864674 2.39557 8.15803e-05 0.00354193 1.70112 0.154647 3.89185 0.00103209 0.0194327 1.28504e-05 0.477616 7.33493e-05 0.218573 1.28435 44.3092 1.36241 2.10244 
0.994242 9.09525 0.000368577 0.108097 1.26094e-05 32.4961 0.210137 0.516309 0.000438933 309.17 0.14603 13.2968 2.18759e-05 0.270861 0.904837 18.9111 2.37921 5.42349 
3.66204e-05 1.25477e-05 0.00189606 0.00322899 0.0178246 81.6417 0.491228 7.1054 0.0125935 19.8597 0.409737 9.51966 3.2069 0.000679545 2.78155 44.6698 0.326599 6.92607 
2.48504e-05 0.0714492 0.0200091 2.7207e-05 0.0277851 0.835926 0.0155637 0.000958579 0.00272419 16.1953 0.00583385 46.5066 3.63589 0.000130786 1.06833 40.205 0.978405 6.267 
8.09784e-05 1.44324 0.000337388 5.35556 2.15118 309.336 0.60202 2.58779 0.000157369 0.272936 1.35554 0.506277 0.000657096 0.116103 0.428333 39.7852 3.26466 6.946 
1.79389 1.73525e-05 5.4255 8.07096e-05 0.00103301 0.0132876 0.000445318 0.000796354 0.000650928 0.500705 0.380061 4.42962 0.0191599 0.000435782 2.01096 49.6306 0.673442 5.24163 
0.0019885 0.000201915 1.14418 0.00381838 9.40725 960.009 0.00925412 7.62529e-05 0.0899803 45.2229 0.000334507 42.3627 0.0251804 0.223959 4.0634 28.0804 1.16749 1.91175 
4.38242e-05 0.402582 0.0561248 8.90182e-05 6.19525e-05 1.0472 3.65294 0.0964993 3.74136e-05 0.0415334 0.0129647 0.359175 4.22305 0.00160783 7.92933 49.0679 1.25368 2.92804 
9.27126e-05 3.89046 0.153219 0.000366753 0.000573344 0.0214768 1.16438e-05 0.000244656 0.0047287 11.4787 0.0361172 10.3167 1.66478e-05 0.000159446 2.67616 24.5795 0.610613 3.22512 
0.00146204 0.0398931 0.00010466 0.000973656 3.31872 0.014617 5.30499e-05 1.45445 0.552563 129.154 0.129281 186.202 6.28373e-05 1.68215e-05 1.46418 48.9381 0.314475 3.12959 
0.342421 9.81193 0.0718553 0.853172 0.0742975 1.1351 1.1573 0.0836827 0.00538654 0.0129821 0.0985153 0.0315982 0.00283315 0.0851407 3.86731 33.9381 0.851551 6.86712 
0.000106514 0.0111896 0.000317738 0.0232808 0.662146 269.91 2.65127 3.33023 0.043903 0.617908 0.410609 21.7481 0.00785301 7.75371e-05 1.15565 17.372 0.466445 9.35508 
0.286678 0.474547 4.83022e-05 6.4612e-05 0.00383898 566.118 0.0314442 1.22862e-05 9.82808e-05 30.9601 0.00058449 0.146358 0.00148891 0.19701 7.38751 36.1594 0.498058 8.41201 
0.0117891 0.0416931 2.18745e-05 0.000123374 0.00212091 0.0110584 0.00237443 2.3022 0.101866 21.0343 0.000205022 55.7844 0.0154154 0.436814 8.48693 27.5639 0.820327 2.69634 
0.0192388 0.000330719 0.00242005 0.392243 7.15889e-05 12.5271 0.0734169 2.82303e-05 7.53871e-05 0.0113836 0.0581169 0.0678705 2.53178 0.0792725 2.61996 44.5498 4.9058 7.75543 
2.32691e-05 3.37339 0.00423183 1.74387 1.94579 0.743501 0.00589416 0.0545322 0.0323966 0.259529 1.34893e-05 7.46493 0.00046916 0.868854 3.81594 33.9893 2.43671 1.06205 
4.16008 0.00380695 0.00014136 0.00780548 2.03539 183.078 0.417662 8.03251 0.00195143 0.127303 0.148243 316.737 0.0875995 0.000701037 2.83274 22.879 0.44718 5.60731 
0.00199968 0.934197 0.0441471 6.52084e-05 5.30082e-05 1798.18 2.08013 0.124964 0.00343423 0.512195 0.0191808 0.629577 6.26621 3.88796e-05 2.66785 48.9883 1.36941 1.35406 
0.00181319 0.00379128 0.0208109 0.000808338 0.00012709 0.609946 0.127731 0.0011511 7.87127e-05 157.669 5.98435e-05 0.461487 0.00172151 0.0591311 0.33823 37.307 2.94078 5.6254 
0.0420322 0.000520336 1.77664 9.39737 2.49077e-05 55.3565 3.44416 0.0150967 1.17224e-05 2.97768 0.721989 0.231842 0.000716017 0.115366 3.13776 36.2726 0.905429 2.42052 
0.00302886 0.00224604 0.00410809 6.47634 2.67207 471.154 0.105776 7.2115e-05 0.00159968 0.668205 0.000193135 171.265 0.0152046 0.0254959 1.16134 48.597 0.758059 3.72468 
0.000443914 0.0111292 0.0017225 0.147605 0.00430339 116.192 7.52935e-05 0.348111 3.81435e-05 159.228 0.312459 0.0159797 0.0010815 0.361102 3.13577 13.2293 1.62141 9.71955 
0.32278 0.00196037 0.0666725 3.47469 0.311597 0.673392 2.91265 0.00236778 0.00262093 5.74077 8.7053 3.52899 0.173466 0.00232264 3.9255 41.8553 0.394013 8.83749 
0.0788187 2.39391 0.542467 0.00140199 1.98207 1.48608 0.00209449 5.57129 0.0815477 2.5304 0.160264 499.735 0.00543109 2.3654e-05 4.49219 6.74928 0.313786 5.38148 
0.000493678 4.95422 6.22376e-05 0.251705 0.181841 1579.38 0.0422021 0.236433 0.0259154 0.0866996 1.71944e-05 6.59125 6.14847 0.896789 2.2038 35.1286 7.21873 6.77008 
0.024235 1.39405e-05 0.00559894 0.569432 9.40558 0.11071 0.000667271 0.0444246 0.227726 0.0354922 3.6476e-05 0.822239 0.00437419 0.765952 2.65468 18.1989 3.99109 8.73309 
0.000408333 7.078 1.11235 0.014789 2.53313e-05 0.0989415 0.805931 0.0284225 0.0048638 16.2229 0.134737 437.152 0.59343 0.00223151 5.38934 9.83016 1.35404 1.4252 
1.53284 0.497236 0.648988 0.000494963 0.000202628 188.892 0.244725 6.49622 0.483486 0.166224 1.06048e-05 21.8867 0.00411199 0.0404842 4.73301 44.9107 0.596807 7.87385 
0.0711428 0.0365829 0.000199263 0.349425 0.162728 305.285 1.74671 0.00707133 0.197446 191.143 0.0906072 92.6028 0.238416 0.0768791 2.81517 34.3127 5.40617 5.66713 
3.16106e-05 0.000931447 0.000178949 0.0058031 0.148283 0.467492 2.14473 0.00054712 3.07311e-05 0.0759887 0.0321383 0.554245 0.846423 0.254826 0.897281 26.3557 4.23804 7.44519 
0.0188021 0.012332 0.344863 0.000469424 0.0142203 2283.05 0.000980868 0.0298379 0.0123646 0.0329673 0.129419 50.3139 0.619616 0.000317016 3.63983 11.4261 0.514488 8.5048 
1.6904 0.00333743 1.51945 5.73627 1.17165e-05 0.665266 0.00151149 0.406037 0.000337091 0.0775099 0.715579 465.974 0.148708 0.00011557 5.96056 4.97113 0.714947 8.93839 
0.0191851 0.1692 0.0254154 0.000299142 0.0156478 0.145347 0.109869 0.390955 0.0239893 0.0347121 0.148062 265.91 8.65696e-05 0.453759 0.660345 3.69076 3.10994 5.188 
8.67618 1.24346 0.294694 0.316803 0.0213192 0.0411373 0.211214 8.3995 0.000264459 0.266848 2.52262 296.713 9.75125e-05 0.0960501 1.31522 46.0766 0.927795 2.22035 
3.1237e-05 2.68364 1.52131 1.5634 0.00157035 0.241019 0.15959 0.0753479 0.0570333 60.6912 5.11654e-05 1.6029 1.49409 0.0299397 0.624657 47.8697 1.6129 6.58319 
6.66663 0.30361 1.42912e-05 2.87712 0.0330924 27.7212 0.00228648 0.880549 5.93882e-05 0.52159 1.28314 0.062927 0.85541 0.000190862 1.83929 33.7839 1.07064 4.80849 
0.000588329 1.61449 0.996792 0.27054 5.2323e-05 9.47346 0.335521 3.03949e-05 0.00196875 193.623 0.00390199 1.2259 0.0342906 0.23999 1.84939 16.5695 1.1356 8.60238 
0.00205422 0.000161075 0.0291589 0.124044 0.00226859 0.0554002 0.0381309 0.000622657 0.361035 8.06677 0.00814237 0.20524 0.000186093 0.115609 6.26683 43.8466 0.676486 4.36193 
0.000105957 0.00114365 6.14993e-05 0.00115924 9.95834e-05 0.197401 0.000134624 0.00423232 9.90921e-05 23.3709 0.0148663 0.254132 5.10538 0.0473746 0.804967 41.0472 1.49438 8.39061 
0.000209079 0.00138371 0.0367816 2.88555e-05 0.69387 2804.82 0.000727089 0.00188743 0.117667 6.27242 0.0637033 0.0513028 0.924753 0.206612 0.997 16.0466 1.43757 8.59207 
0.619485 0.000336373 0.00545827 2.46122e-05 0.0083241 265.746 3.28517e-05 0.117513 0.111123 0.0321296 0.301981 136.825 1.07603 0.00744323 3.78762 22.3575 4.66444 3.22159 
0.00594203 0.0136594 0.133533 8.73643e-05 0.0905707 5.11485 0.0697349 0.0226411 1.55096e-05 41.9097 0.000109653 75.5123 0.00348282 0.0532095 1.72272 48.8851 0.678885 4.67385 
7.42431e-05 0.00164511 0.686746 0.000151915 0.536615 18.5784 0.000321641 0.193865 0.559919 241.236 0.846687 326.171 0.000607572 0.347349 8.46799 21.1185 1.73287 3.67501 
0.0012165 5.60601e-05 1.4513 0.0136345 0.000623926 402.109 1.41516 0.0195015 0.673515 111.033 0.200169 13.1642 1.3569e-05 0.299964 2.71096 27.3161 1.2874 4.65035 
0.00563839 0.00240797 0.000120915 1.181e-05 0.13955 0.355236 0.0205466 0.000131509 6.37189e-05 2.82373 0.332786 0.625757 2.28832 0.767726 4.241 27.8223 3.18502 8.46015 
0.00049969 0.924087 0.118706 0.00665138 0.266396 0.445684 9.15578 0.0600444 0.00257971 0.13423 0.0451225 60.4553 6.01537 1.40677e-05 3.49642 45.9193 2.69379 1.2079 
0.0473601 0.0579922 0.0124339 0.00399752 0.0172121 0.226814 0.00410495 8.68962 0.00625335 1.34924 0.0310575 0.235154 1.32419 0.0966482 1.52056 25.783 1.03401 4.60838 
0.000150549 0.00101736 0.0505426 2.48948e-05 2.22753 1.31937 0.0806882 0.0305022 0.0169474 0.0628726 0.000387233 108.308 0.0105013 0.044997 0.31945 40.9038 1.29268 6.56406 
1.37665e-05 0.000276487 0.00432645 2.86366 4.69804e-05 371.29 0.11939 9.45875 0.0103203 8.72528 0.360603 144.913 0.000769315 0.573014 1.64607 14.1427 4.04241 9.37709 
0.0637785 1.07476e-05 7.42424 3.96146 0.0154281 15.7324 0.00741376 0.288684 0.000169418 0.138596 0.00135264 23.4782 0.0227774 0.0101657 0.197799 46.7829 0.846522 8.0441 
0.00422059 0.000678691 0.977067 0.00260807 0.00033097 44.9759 0.112888 0.00515508 9.13426e-05 0.253676 0.0242132 0.507291 1.88262 0.0234931 1.19532 24.3878 2.18213 5.84956 
0.102709 0.00125984 2.46464 6.83897e-05 1.8418 6.87138 0.00159709 0.0031819 6.99835e-05 0.820956 0.00969587 7.36662 0.000186054 0.134032 2.49025 28.5401 0.916577 4.46746 
0.135344 4.63985 0.0982568 5.20466 1.32973e-05 0.0733001 5.64671e-05 0.0367332 0.00116936 0.100403 1.08998 172.56 1.41987e-05 0.00309926 7.59064 12.9121 0.991443 6.79652 
0.0114386 0.000291149 0.00510093 0.729456 0.000129096 1211.8 0.0507598 0.725985 0.0352412 0.588352 0.00828215 51.4697 0.0792884 0.0550057 2.29283 37.483 1.05598 9.52946 
0.00346037 0.00327553 3.97204e-05 0.00181771 0.0020997 1.96381 5.93344e-05 0.0404831 0.135488 14.0413 1.23296 22.9167 0.00282543 0.0975778 1.7529 23.3716 3.8334 7.70445 
3.17641e-05 2.36775e-05 0.708768 0.000382651 0.00120677 759.247 0.000706666 4.55334e-05 0.0826024 0.0571622 0.0541602 3.00276 1.7964 0.00024616 5.09252 47.2088 0.776192 9.57168 
0.695492 3.04565 0.000338187 1.92962e-05 0.0291792 103.342 0.000299453 2.11598 0.73152 11.0887 0.455564 321.448 1.90843e-05 0.0425576 0.437322 28.3705 1.86936 4.03896 
0.00088491 0.000103278 1.68276 0.0120434 0.68755 0.0128818 0.002434 2.8073 0.0370996 0.724185 9.6814 60.6802 0.000653837 0.00202581 1.76401 20.8654 1.67494 1.90313 
