1.98672e-05 0.000265229 1.44671e-05 0.00434855 0.000431309 168.423 3.66199e-05 0.146971 0.108518 0.0830996 0.238631 342.026 1.12476 0.000368029 9.67056 23.1496 1.37783 1.34885 
0.0451032 0.00233961 0.00847972 9.1303e-05 7.66878e-05 0.154857 0.11177 1.18967 0.538535 0.118331 0.039034 37.8562 1.06033 9.19169e-05 1.86914 25.8027 1.61437 3.50255 
0.0144063 5.79751 0.00021436 0.638928 0.00493893 3.26824 0.000655711 0.473331 0.163261 4.90752 9.78915 95.4152 0.135882 0.182643 3.33635 33.2045 6.32293 7.2004 
0.00274598 0.00145084 1.51965 0.140657 0.000276652 98.7188 0.000710304 8.31275 0.331026 432.773 6.79599 92.4688 0.0551352 2.6077e-05 2.88109 30.7637 1.78785 9.90455 
2.20153e-05 0.000486057 8.43124 2.67589 1.35642 24.3007 0.0103728 0.93311 0.0298894 0.0221292 3.56752 210.385 0.0315543 0.00319267 2.44024 25.7014 1.9289 6.86656 
8.38312e-05 0.00352966 0.00555778 3.9377e-05 0.00289125 1.04128 0.269517 0.0995648 0.0112364 1.56695 0.290062 83.1422 0.0326184 0.00156759 7.32607 45.6261 1.18026 1.43078 
0.0516473 0.00267277 0.0100174 0.0520523 4.35953e-05 48.4281 2.61169e-05 0.516045 0.191324 0.242753 0.374982 75.7344 1.19966e-05 0.00474686 1.752 37.6604 6.59909 8.38216 
0.00106178 0.02872 0.00298162 2.12958e-05 0.00051852 5.42406 9.32368e-05 0.230372 0.0201491 0.0113521 0.0338386 339.09 0.00249467 0.0016572 0.898409 10.2117 4.17251 3.42457 
0.00174296 0.000742501 0.310622 0.000237678 0.000862616 30.7662 0.0158261 0.468873 0.0723471 0.115327 4.57206 328.44 0.00544854 0.00147586 9.17846 4.78485 1.03185 3.87455 
0.0171996 0.100545 0.293991 1.22234 8.63105e-05 70.8353 0.291913 0.0685558 0.15584 2.13764 0.505207 77.3406 0.238407 0.00404298 4.29453 11.113 1.38885 3.98744 
0.477569 0.00107101 0.194285 0.0784802 0.145414 781.628 0.105169 0.544087 0.815204 3.42794 0.75484 117.665 1.46409 0.00329242 3.24676 19.1614 7.11659 4.8155 
1.19443 9.47899 0.00459674 4.32987 0.000697902 1.71921 0.00013955 0.231207 0.541062 50.5145 1.94737 98.4564 0.0408915 0.0760943 3.94682 22.1225 1.01679 3.88683 
0.000472362 1.44762e-05 7.10074 1.38712 0.0823146 0.0506176 0.163224 0.55997 0.463314 0.0307185 0.0088363 242.678 0.265458 0.0195313 1.36594 24.2623 5.63822 1.21999 
1.47132e-05 0.0749515 1.32213e-05 1.6807e-05 0.322438 260.415 0.00375242 0.00251007 0.00274619 0.463239 0.00228359 290.233 5.21435 0.0612562 3.04929 45.7424 1.23558 3.28468 
0.814796 0.000173938 0.00259158 0.0762889 0.00433349 142.438 0.0835059 0.0970484 0.17054 101.974 4.52063 250.931 0.000105601 0.0906518 2.79553 6.11508 1.05374 4.37875 
0.0680278 2.68676e-05 7.35598e-05 0.255555 0.000248858 0.328545 0.440887 0.513688 0.0442099 0.0434673 1.29195 53.3398 0.000130494 0.000807705 4.1075 25.8197 1.15259 9.49313 
4.87312e-05 0.0306751 0.381181 0.000109902 0.000431226 0.0591055 2.08237 0.42084 0.0168676 0.0404074 0.155859 103.384 6.40093e-05 0.0136948 2.79596 22.4745 1.83788 1.84718 
2.26265e-05 1.51666 0.000250201 0.00956804 0.00457051 54.5749 0.000227828 0.602849 0.987373 3.82703 0.209403 259.082 4.36994 0.00335173 2.19689 19.031 2.29786 1.75229 
1.18719 6.56552 0.00020495 2.89139e-05 0.00162981 0.195004 0.387976 0.483153 0.319104 0.0243308 0.0314365 46.1992 0.00391183 0.00580472 3.29081 36.5022 1.96517 6.60358 
0.00710672 0.0561178 3.17417 0.000161925 2.23765e-05 6.03201 0.724172 0.160297 0.0208606 0.0252716 2.29666 71.8954 0.00249653 0.000914342 8.70379 38.2872 2.65048 8.67778 
0.0609005 1.43042e-05 0.00199365 0.289766 8.24667e-05 18.7977 0.254737 9.29321 0.495357 1.36443 0.611492 44.3714 2.23157e-05 0.00486804 1.53146 45.9323 1.57599 5.98155 
0.000577819 1.76617e-05 0.850768 0.00665561 0.244782 1.18108 0.000151386 1.93602 0.162157 0.355803 0.0690601 212.251 0.000396052 0.000219993 1.90022 17.9122 0.765484 3.30121 
0.00185041 0.00594414 1.56499 0.000893422 1.07266 296.826 0.000867115 0.273803 0.0965964 0.0349259 0.858817 358.489 9.15221e-05 0.408668 1.73775 2.36213 2.49645 2.34143 
0.0292113 4.69262e-05 0.173629 3.59957e-05 0.00130739 0.0825505 1.94249e-05 0.63807 0.250785 5.88251 3.50438 88.945 0.00113984 0.0080507 5.97947 16.9637 2.65967 5.54062 
2.16635e-05 1.03263e-05 4.87816e-05 0.0362288 0.000150889 9.56993 3.11216 0.904634 0.511022 11.5537 5.26566 319.417 4.60747e-05 0.113316 3.18725 14.8571 1.96696 0.849349 
0.000758358 0.000107594 0.0680842 3.36077e-05 5.30992 37.1766 1.41743e-05 6.89776 0.250259 0.661991 0.384545 272.067 0.00213597 0.000763884 7.31283 13.2127 2.26382 7.89183 
0.000132496 5.08459 2.54578 0.000784232 0.0162582 1.50568 0.00779134 2.0079 0.345925 0.650063 0.0065038 22.9078 0.00500019 1.76863e-05 0.455484 36.492 1.65243 4.91091 
0.0244415 9.51197 0.107243 0.000323935 1.08261 1239.58 5.09109e-05 0.8543 0.950707 2.03986 0.0356258 338.857 0.00856465 0.102144 1.27038 16.9811 3.91998 8.32128 
0.0131102 0.00165804 0.00304466 0.000392576 0.942795 2625.57 0.173988 0.708514 0.28872 4.08798 2.18324 186.429 0.0103796 0.000507422 1.9352 19.9649 2.05897 2.75131 
5.23169 0.000638584 0.111785 0.000129243 5.3373e-05 1037.13 5.36593 0.06865 0.0539936 0.0551436 1.60325 39.0217 0.000522801 0.00878452 0.912941 19.6645 2.30857 3.19299 
0.0583747 0.000351884 0.000113733 5.50286 0.0160074 6.05428 1.95085e-05 5.08963 0.0210768 0.0993329 9.69733 133.085 0.0335255 0.0076013 0.824676 46.3998 2.71086 8.56 
0.00281613 8.68905e-05 3.32545e-05 3.27181e-05 8.72483 839.726 4.29544 0.800928 0.525081 5.03294 0.0573925 131.433 0.0135287 0.0782323 0.744688 13.6388 4.57517 7.27089 
0.2676 5.66397e-05 0.532255 0.0240446 6.61297e-05 3.93626 0.0249617 1.06554 0.0408596 0.0159714 0.817823 465.011 3.81302e-05 0.00789079 3.73586 10.6541 3.48577 1.49977 
0.000632544 0.000465839 0.400182 1.5877e-05 0.00024897 116.943 6.22802e-05 0.186299 0.405956 0.0132698 0.00717638 335.295 1.32282e-05 6.13219e-05 5.35096 6.01179 2.18574 2.75032 
0.529649 0.0729184 0.0757458 0.0123982 7.9619e-05 0.657547 0.119089 0.0570638 0.437309 0.200766 0.0364563 363.687 0.000658722 0.0744194 7.32216 3.91795 2.42606 3.88093 
1.857e-05 2.78745 6.14509e-05 0.000141271 1.08785 0.0755523 2.34816e-05 4.21576 0.0904562 0.0293883 0.0727858 201.135 0.890055 5.07737e-05 2.54216 36.9828 7.40696 4.34815 
0.0382985 0.000127449 2.22166e-05 1.15285 0.167527 267.335 7.81545 0.432548 0.0480871 0.0907259 0.0945731 37.526 0.000470927 0.00419315 2.20356 42.5508 1.15936 5.87231 
1.49143e-05 0.0434823 0.064069 2.97754e-05 0.228662 0.0232247 0.000224958 0.0583491 0.22014 1.43201 0.0434868 162.23 6.56231 0.00833793 1.01412 45.5316 1.85406 9.32332 
0.00870684 0.000242094 0.177852 0.885121 0.000924464 0.0228229 0.0474433 2.20971 0.0345014 0.104 0.513989 278.966 0.000108108 0.0267577 0.797704 26.4807 6.91802 1.82591 
3.99608e-05 0.0166793 1.71149 2.51191e-05 0.000447395 0.146723 2.60784e-05 1.46554 0.0598798 0.20741 0.284751 464.631 4.82396e-05 5.55113e-05 1.10079 22.3129 2.99881 0.502999 
0.442183 1.29544e-05 0.105604 0.00105123 0.0840287 1.23356 0.0251284 1.22729 0.763416 0.971181 0.0301038 131.141 4.14094 0.00127636 1.05152 31.3237 2.36216 6.85562 
7.47092 3.92112 0.00566299 0.12706 0.000611698 0.0675604 0.000875154 0.0831573 0.122881 42.0855 3.05338 188.708 0.0285436 0.000333788 1.04067 19.5594 4.44401 6.26593 
0.077463 2.61098e-05 0.00734716 0.04185 0.0413653 0.170265 0.00347546 0.795131 0.488858 0.143399 0.0135154 147.008 0.622296 0.0164207 5.13396 19.5861 1.44866 8.56499 
1.18141 2.8911 0.00770543 0.476122 4.53326e-05 200.653 0.00492603 0.0477734 0.204054 1.65791 0.030546 436.507 4.60414 0.00191056 0.77205 39.8354 8.23466 0.911818 
0.289914 0.138793 2.59888e-05 3.10293 0.000622329 144.085 0.0100465 1.88001 0.0738136 0.42806 5.23431 407.554 0.559177 1.88806e-05 2.35268 6.26003 3.90067 3.46101 
1.04649 0.00629709 0.0317078 0.000316445 0.000145608 0.219783 0.000109972 0.393722 0.572688 205.327 1.44219 396.25 0.000577198 0.0233043 6.24655 25.1959 3.07964 1.07623 
0.928362 1.0276e-05 0.000377675 0.384144 0.000200954 41.1883 4.2187 1.58194 0.023447 14.7103 3.14522 169.099 0.112471 0.000670932 0.939453 40.0811 8.14272 5.23263 
1.08707e-05 0.00058751 0.00388688 0.0929437 0.0002126 343.995 3.75405e-05 1.63848 0.127005 0.0750018 0.528988 35.5652 7.12166e-05 0.00115151 5.93732 35.0916 0.972462 3.35708 
0.952686 0.0343713 0.0817872 0.00407725 0.0022916 26.4423 0.00536409 4.14576 0.681708 2.95016 0.0551088 12.5834 0.00051743 0.000354434 0.940848 41.7131 1.0308 8.91618 
6.59304e-05 8.35692 0.035192 7.43326 3.75754 1411.12 0.0048872 6.4123 0.832325 1.47137 0.247222 334.62 0.00192472 2.35089e-05 1.98326 39.0993 3.57696 2.37773 
0.145087 0.0891627 0.000402248 6.79839 1.08609e-05 835.261 2.50052e-05 1.98416 0.188451 0.212519 0.00742028 318.306 2.81018 1.1363e-05 5.83513 13.8457 1.45223 3.66428 
0.00660838 2.86701 0.0279664 1.40748e-05 0.230707 2184.19 0.00394609 1.23711 0.830592 15.1549 0.34127 244.072 0.427235 0.000164088 0.718516 25.7235 1.46815 1.19841 
0.000478069 0.181498 0.00374543 0.00090467 5.2418 0.0164745 0.59355 0.376389 0.119279 2.27497 0.109068 104.323 0.670949 0.00753552 2.36692 39.9838 4.62541 2.74404 
0.00313352 8.34879e-05 5.41739e-05 0.970542 0.000276537 0.18333 0.00048495 9.60795 0.0346317 1.27389 7.2759 393.59 1.09214e-05 0.000309703 1.02727 32.8095 1.1358 3.52276 
0.0775686 5.93966 0.0124455 5.23322 9.44841e-05 1.28811 1.60739e-05 0.995379 0.402988 14.0084 3.97952 22.7813 0.473798 0.000274933 2.15902 49.6892 4.86979 6.12377 
0.0239819 0.0102871 0.00134849 0.158433 4.04974 1488.74 0.564831 0.581961 0.0696276 0.0479589 0.435626 400.943 1.12523e-05 0.015692 5.75945 43.8865 3.52799 0.284328 
6.11047 0.00356925 0.0678635 0.00930608 0.0112357 0.185185 0.000118354 0.139627 0.332134 1.5122 1.19932 486.596 0.000263583 0.123027 9.572 2.64823 3.36074 8.65889 
0.000494516 9.34337e-05 0.000776101 0.0222011 1.49976e-05 2462.81 6.56789 1.02931 0.126778 0.325497 0.433313 279.764 1.00265 0.00411106 8.38136 37.4874 3.33415 2.42349 
2.26885e-05 1.51507 0.420377 0.0002872 5.68981 5.48592 1.39523e-05 0.271197 0.10714 0.0341712 0.00713621 324.705 0.000342843 0.00837238 0.896382 2.23633 2.27697 3.22365 
0.0516919 0.00436827 5.16003e-05 0.292993 0.0202121 161.466 0.016828 0.579717 0.0364366 0.0361584 0.972036 286.301 0.0399355 0.106458 7.04554 37.8958 2.20868 1.41548 
7.06298 0.621071 0.000254217 0.0655479 0.000423323 0.639057 0.0158201 4.91449 0.329918 0.599485 0.317219 469.823 0.103555 0.0668871 0.901183 28.2535 5.37812 1.61422 
0.0027652 0.00189274 0.00108359 5.78917e-05 1.03579e-05 21.1526 2.62087e-05 6.65018 0.486685 0.735018 0.340021 322.407 0.000653332 9.66653e-05 0.924263 24.8423 4.18547 8.94442 
0.0148467 0.000167677 0.662927 0.000506299 4.43505 26.9334 0.000162085 0.234242 0.0378617 0.0390495 2.07208 5.60502 0.0353386 3.06882e-05 2.17459 47.1823 1.29049 8.19428 
0.00124321 0.00129212 2.45574e-05 1.35613e-05 0.0913012 2.21406 3.08e-05 3.23516 0.573249 0.0490515 0.025974 135.492 0.00116657 0.00101589 2.62791 7.74814 1.2673 2.67415 
0.018814 4.55033 0.00117878 0.0230381 0.00279766 0.134455 4.29896 2.14209 0.605551 0.769877 0.00424491 31.8121 0.161252 0.000175524 2.6469 44.569 2.95669 3.23167 
2.3712 2.31404 0.0202981 0.825406 0.000500626 2.85349 0.457888 0.287467 0.480626 19.2919 4.13493 109.066 1.02736e-05 0.000413093 4.39869 16.4783 3.70702 5.39597 
0.000188845 0.770309 0.00773851 0.257616 1.30865 0.024409 0.000123809 1.22504 0.181182 1.13025 1.50895 53.7091 0.00738636 0.00337955 2.86038 29.0371 1.27029 8.17596 
0.042876 4.22369 0.00107006 0.000212956 0.0146539 485.975 1.34662 3.27011 0.0263971 0.0121714 0.0553761 187.825 0.00210187 0.0610094 0.863522 40.5162 7.06963 2.57748 
1.32228e-05 3.23675 0.613803 0.0351822 0.0887111 0.0147679 0.00870641 1.82719 0.0664368 0.764547 2.07961 190.271 0.167613 0.0133232 4.06918 39.8529 0.92516 1.38099 
0.000251505 0.00561251 6.23593e-05 0.170101 0.328669 0.457035 0.000689661 4.77918 0.328903 2.86428 0.454325 95.96 0.000326917 0.000108336 5.19123 28.6122 1.54557 3.59862 
0.00118844 0.496009 5.73821e-05 0.0012878 0.854277 8.24853 0.000116923 2.99263 0.125257 0.0514702 0.388907 179.646 0.0356554 0.000101448 5.25107 11.3313 2.15905 4.90606 
0.00158279 5.75135 0.00768272 1.53226e-05 2.43524 98.3707 0.00348318 0.0762717 0.687515 59.9617 0.229184 141.479 0.406335 0.0944121 2.6605 30.8488 3.12566 0.905138 
3.73132e-05 0.323637 0.00086327 0.00372374 1.31194 0.628306 3.32221e-05 9.19254 0.0245171 0.246688 0.729965 198.91 0.00168934 1.24534e-05 0.456366 49.8159 2.09588 2.82074 
1.16604e-05 0.184907 2.51323e-05 0.000627076 0.000188742 228.458 1.23713 0.0902425 0.105237 0.04645 0.123016 386.948 0.00260742 0.110885 0.97045 26.7398 6.80048 1.12574 
1.3835 0.670784 0.000646881 0.000766196 0.00249728 5.6407 0.0344893 1.6465 0.224212 0.717471 0.0415277 70.6355 4.22334e-05 0.00390755 0.651853 24.0173 6.48592 9.58303 
0.0256312 0.000192535 0.712739 0.7835 3.32045 1.41889 0.68452 3.9541 0.313052 2.96674 2.67073 213.69 0.289633 0.0567192 1.48277 21.4809 4.76891 0.849863 
0.00554352 5.44147e-05 0.000370082 0.0155731 1.20772 3.95148 2.28826e-05 0.0127337 0.0260552 121.45 5.10649 117.233 2.33941 0.00741365 2.42357 23.9564 2.01129 0.860435 
0.216839 0.0292214 4.29937e-05 3.52201 0.0126176 0.968639 0.00799544 2.70216 0.016607 0.458213 1.09781 154.911 0.00472779 1.176e-05 4.89835 48.4321 0.810171 3.96464 
0.390332 0.0531352 7.04616e-05 0.000240907 0.1949 155.65 0.509387 0.80007 0.132019 0.0187555 0.0840966 240.411 0.000566053 0.00174293 1.75868 33.1831 7.46241 1.76594 
0.000112425 6.47752 0.00159125 0.0188097 0.0098826 0.0140648 0.00113636 1.38994 0.977382 159.065 5.08007 96.2572 0.00925279 0.0015873 1.56501 23.2009 4.5459 7.80343 
1.38513e-05 0.00112392 0.0395137 1.21223 0.0073777 735.638 0.116963 0.241675 0.008124 0.210786 5.34684 447.419 0.00914634 0.000135531 0.940836 6.9121 3.9382 7.89275 
0.000409184 0.10023 2.34064e-05 0.0052442 2.35499 186.652 0.000446398 0.181502 0.0638977 2.03732 0.0468284 254.195 3.17404 0.00083208 3.36661 34.9134 2.46319 1.77561 
1.13431e-05 0.233405 8.56379e-05 1.81626e-05 0.000215713 484.556 1.0358e-05 6.49914 0.297444 3.64548 6.48436 248.588 0.000354649 0.00115981 6.53529 38.1878 2.50993 2.83039 
0.000374185 0.0137263 4.12594e-05 0.016632 0.000237405 6.93203 0.00269095 0.176976 0.0938637 0.748247 0.00647658 129.876 0.000535651 0.000422674 2.22284 41.2335 1.0287 0.813399 
0.405115 1.70854 0.194875 0.301926 5.14087 1697.41 7.35321 6.97142 0.10016 49.6182 7.00552 207.093 0.21605 3.06696e-05 3.80359 41.5765 0.88033 2.14256 
1.89124 2.42805 0.0334132 0.0743993 0.00159494 882.322 0.000614055 0.0847714 0.031655 0.272212 1.34469 249.032 0.285062 0.0194729 1.30514 24.5465 6.80264 1.87567 
7.3371 0.0430761 0.140762 0.000123742 0.620095 192.692 1.78107 0.0459315 0.957786 109.631 0.339288 24.2421 2.39924 0.00639222 1.33861 32.3155 3.54458 6.42219 
5.9229 0.0555681 0.358047 0.0247241 0.00264899 16.1304 3.04218 0.165652 0.0104381 0.0107358 5.56665 335.539 0.0705539 0.00477336 1.02089 32.5901 6.93906 6.32462 
0.958475 0.000449435 0.00035193 0.00977221 0.139192 0.192201 0.00613231 8.30488 0.00924804 0.0162932 1.59054 25.9978 0.00402572 0.000256543 0.300231 38.2259 2.47267 9.27947 
0.000569004 0.839679 0.0010439 5.26334 0.0417721 17.1164 1.01301 5.4073e-05 0.0811932 3.42956 0.0133093 424.627 7.52586 0.00644075 0.519494 45.4916 1.82615 7.72244 
1.04846e-05 0.042659 0.000135681 0.00360081 0.0110745 6.08091 0.000635645 0.442004 0.342818 0.180541 0.142382 80.5401 0.303469 5.61361e-05 3.99952 20.9342 2.16925 1.73291 
7.42388 0.00773037 0.00999143 3.17091 5.66859e-05 10.45 0.334567 1.2662 0.148516 0.121057 0.297578 120.522 0.00155112 0.000945989 6.93962 6.17825 1.03454 8.959 
7.89319 0.000321715 0.00501803 2.29939 8.78447 38.3364 0.0112244 0.797594 0.251471 36.7649 0.633622 74.5182 0.0366164 0.000991108 0.734445 25.2324 3.34516 0.728816 
0.30746 0.532097 0.067882 0.000440035 0.00016703 316.091 0.124573 3.77713 0.052171 0.0268755 0.439105 326.644 4.09286e-05 0.00372785 3.41076 33.0715 3.98715 4.8914 
0.976916 2.38359 0.0058582 7.55266 0.000413289 3.24303 0.018224 1.65058 0.104651 2.70663 6.14569 95.4278 0.000704553 7.27886e-05 3.59091 25.7605 0.813013 2.81855 
0.00159942 0.00214391 0.0299972 8.04054 1.15667e-05 297.188 9.08883 8.38891 0.391073 0.108033 0.0384241 220.86 0.000110121 2.15064e-05 9.64294 32.1556 0.8922 2.97847 
0.00146027 0.00149894 1.24283e-05 3.88606e-05 9.06714e-05 530.036 0.0349296 0.180553 0.0058013 5.75878 4.83497 241.186 0.236039 0.00515028 4.4593 21.1811 1.56056 0.804478 
0.002464 0.0944761 0.0238377 0.91251 0.000115901 182.001 1.23778e-05 6.2929 0.257753 78.9767 9.6266 469.39 0.00297614 2.57353e-05 1.35377 49.7341 5.44559 4.60028 
0.135595 0.564614 0.00515415 5.01227e-05 3.42584e-05 0.0222206 0.00263492 6.34299 0.358059 0.228082 0.0142322 454.241 0.000678265 0.0568742 1.84508 22.7711 3.72975 1.59841 
0.000144351 0.000535461 1.31155e-05 0.203046 0.0587926 248.988 0.000435609 0.617002 0.0645714 0.0169794 0.245043 249.824 0.0504103 0.103648 1.58383 7.87084 3.18168 1.50167 
0.00434234 1.48505 0.447212 0.0439614 0.0266293 1.45317 0.0140094 0.0407407 0.00315784 0.0333626 0.965714 120.072 0.166936 7.38326e-05 1.23076 13.8731 3.59861 3.01468 
4.32673 0.0648562 0.0204792 0.000384363 0.00121145 194.796 7.05753 0.0692037 0.763197 0.404105 0.00863985 31.1266 0.0504643 0.000640999 3.69147 46.8915 1.33943 7.112 
0.000160202 0.000134602 0.000329855 0.0969808 2.31713e-05 3.32062 0.00275305 0.191765 0.404252 0.0782244 0.0133873 454.267 0.000307408 0.033266 9.1162 7.45526 1.31 5.22894 
7.82275e-05 9.30515e-05 0.0342438 0.308282 2.26487 363.355 1.19522e-05 2.03407 0.28655 16.0046 7.72802 162.272 0.000109997 0.000126522 5.76794 36.7281 2.19441 0.607158 
0.832182 0.346559 3.05001e-05 2.06092 0.00898229 0.120314 0.00186398 1.45037 0.0346484 0.137189 0.0539908 56.5279 0.939789 0.0433804 2.97507 27.9435 3.10577 3.25732 
0.425935 0.0121596 0.0775273 0.00541002 0.000386533 53.1705 0.0650334 0.217758 0.133151 1.35665 0.565556 373.506 0.00407862 0.0216196 3.2504 6.52232 1.15726 4.76276 
6.44774e-05 0.00462625 8.44644e-05 0.0281974 0.00266775 0.189462 5.82175e-05 4.69507 0.404227 0.0960379 0.0192018 217.814 1.31142 1.45119e-05 1.69394 41.2211 6.65161 4.85792 
0.0660417 0.000155179 0.942953 0.00035074 0.00322002 2.02447 3.06235e-05 1.32119 0.966112 7.37026 1.9905 232.09 0.0396249 0.0158453 9.52951 6.53838 1.00244 6.38209 
8.12958e-05 0.0331436 4.28239 0.124636 0.00494528 21.074 0.260515 0.465694 0.0535404 85.7766 2.58989 198.066 3.64165e-05 0.00765236 8.01251 47.0679 1.04878 3.18752 
0.602412 4.1262e-05 0.00113534 0.101051 7.93658e-05 5.59754 0.0754529 0.793048 0.213039 0.688304 0.558761 51.868 0.0006597 0.000112428 5.51472 49.1978 1.0268 7.58733 
0.0896683 3.76756 0.178681 9.00312 0.0144087 0.0808359 0.166918 4.3471 0.591017 1.9967 0.00699238 375.529 1.12174 1.39679e-05 4.2955 6.78009 1.95618 3.88139 
0.000366951 0.00450778 2.11224e-05 0.481169 0.44568 877.064 0.000122227 2.9038 0.444685 0.255663 0.0663571 78.8545 1.04902e-05 5.0552e-05 1.15984 12.7548 3.61989 7.165 
0.00190598 0.000224675 5.88092 6.92059e-05 0.603189 641.742 0.000351623 0.249273 0.0553321 0.543193 0.692947 409.991 0.000105665 0.000130729 0.677291 5.07193 2.92357 5.09684 
0.204156 5.04985e-05 0.00157693 0.000473487 0.0123493 88.3779 0.00105994 0.282852 0.118405 1.22132 6.60585 21.7683 9.87258e-05 2.06649e-05 4.23523 39.9609 2.68527 7.70447 
0.0854226 6.73703 0.00279638 4.11768 0.0737995 145.178 0.000589865 0.300194 0.0788571 3.06409 3.31783 119.153 0.0247344 0.100373 5.7243 46.2422 3.31269 2.38783 
0.000459264 0.306436 0.0022794 0.000878568 0.00207924 0.127909 0.0125401 3.14119 0.53944 40.5506 3.59715 98.4775 0.000298804 2.45716e-05 2.64509 37.1094 2.22566 6.98964 
0.14176 0.0108386 0.369458 3.81529 0.00267899 53.1097 0.00163886 0.380723 0.186438 0.13436 0.105941 202.246 1.1841e-05 0.0803665 2.29605 3.41317 2.33033 3.85244 
0.0967255 0.0677615 1.47883e-05 0.0703312 0.00270325 0.092368 0.00393963 3.27372 0.736332 0.0822159 0.101726 27.2709 0.178263 0.000240684 1.26478 21.9969 2.96531 3.95298 
0.653139 0.00048275 0.00454655 2.43532 0.00367206 968.059 0.000102435 0.275597 0.0811161 0.95026 0.0865653 235.651 1.21039e-05 0.000833014 2.70763 6.52695 2.61635 5.1526 
0.00437932 0.520913 0.000400118 9.63795e-05 0.00696066 25.0968 0.128942 0.343411 0.0612403 1.90367 5.74419 342.99 2.68701e-05 0.0085883 1.70076 41.1746 3.25112 0.628665 
0.00118266 0.022954 1.92796 0.00290377 0.00859158 329.282 0.855502 0.159728 0.469333 0.422207 0.00850142 61.0225 4.77678e-05 0.000118348 0.513015 16.5667 2.53433 9.2066 
8.87259e-05 0.137135 2.20679e-05 4.18436e-05 0.0155595 38.1667 2.39756e-05 0.193788 0.140367 0.37931 0.839292 77.8668 0.00166594 0.00854777 1.02313 5.79401 2.81936 8.27037 
0.000995481 0.165795 0.0440655 0.000114448 4.13793 46.5843 0.000137559 0.587855 0.76409 0.923878 0.01185 340.304 5.05931 5.19435e-05 2.83058 19.8983 1.80419 1.94949 
0.021342 0.000214861 1.98004 2.52609 0.0697869 2.61187 0.033384 0.160478 0.386176 0.339408 0.0113686 156.006 0.452358 0.0790062 0.75365 9.37427 6.02144 6.5013 
1.48792 0.000269625 2.86067 0.571359 8.91241e-05 2047.62 2.12796 0.0399594 0.0456776 1.07635 0.0711485 56.1183 1.17294 2.65303e-05 2.93554 39.9429 1.99204 4.01268 
2.56006e-05 7.0361 0.000222185 8.85705e-05 0.160973 10.4975 0.000934928 1.00246 0.0932506 0.870774 1.37112 477.807 0.00672261 1.43643e-05 6.54431 10.6403 0.800965 5.12522 
0.106367 0.885132 1.39482e-05 0.00638626 0.0145625 192.688 0.000120576 0.487006 0.828635 0.0667798 0.0010919 24.9032 0.605011 0.0101361 1.33554 42.6478 1.48705 5.70579 
1.82051 0.0135078 0.000718933 2.78346 4.27484e-05 445.597 6.32769e-05 1.28794 0.804536 379.915 1.13866 67.9619 3.23037e-05 0.000683836 0.489433 46.8377 4.06046 3.54318 
1.92528e-05 0.00249054 0.632808 6.15315e-05 4.05951e-05 0.627416 1.05461e-05 3.5662 0.697855 0.0155716 0.000990089 80.3208 0.000150303 0.00175151 1.10947 19.395 4.09206 9.34077 
0.000396313 2.70095e-05 0.0186334 0.0322544 0.0284471 173.639 1.07396 0.347941 0.0358196 0.180614 8.39728 439.733 1.13689e-05 0.0596703 1.44773 1.94271 1.19442 7.51069 
0.249458 0.00577048 1.89464e-05 4.72613e-05 4.25815e-05 104.875 2.63455 4.9761 0.759648 27.655 1.71126 348.837 0.00689097 0.0195755 2.72372 37.8622 4.18643 2.11341 
4.2569e-05 0.00137887 9.53851 0.450261 1.57284e-05 25.5554 0.000337226 0.404953 0.446996 13.2725 0.371646 334.423 0.000227607 0.000542028 1.26237 9.2072 3.71808 2.04476 
0.000410725 0.144544 0.0140386 0.000180924 0.00377938 6.8697 0.160852 1.02283 0.0268315 0.108898 1.99518 389.502 0.158682 3.98589e-05 6.91885 24.1997 2.70239 3.03637 
0.0279128 2.79926e-05 0.386733 0.00963374 0.0124193 0.154385 0.280712 0.402749 0.0448913 0.0101106 0.286453 50.0086 0.0955028 0.0344328 2.24318 17.4849 2.44825 4.18458 
0.470345 8.25464 6.46779e-05 0.00060778 5.57493e-05 116.945 1.54303e-05 3.30128 0.444143 289.852 7.41486 420.85 0.00773336 0.0112282 2.51521 37.7808 2.94058 4.72502 
0.00192819 0.0776573 0.0240883 0.0142999 1.1498e-05 2.83604 0.00879367 0.0891027 0.670257 0.159699 0.0111794 209.213 0.0339678 0.0953493 1.29853 4.83938 2.67928 8.11367 
0.000139721 0.0505949 4.91943 1.0566e-05 0.0136943 26.739 0.0977122 0.0027541 0.0538324 0.673266 0.434251 47.5903 0.0140521 0.00885022 5.31936 24.2063 0.696983 3.38372 
0.0202011 0.136282 0.0544415 0.0536929 0.000896206 2785.63 0.00066936 0.0940705 0.487076 22.6921 2.32097 127.431 0.00179298 1.75951e-05 5.44499 13.1606 1.54624 4.8374 
1.49324e-05 0.0398819 5.69733e-05 0.00108427 3.28533 0.818658 0.0012295 0.29858 0.22737 0.083254 0.0108063 485.566 2.1266 0.00278458 2.30504 3.64266 3.42449 2.24664 
0.000527827 0.10767 5.61085 0.000203714 0.00163319 2.68943 0.000159355 0.138416 0.344413 25.2343 0.986211 56.1759 0.0207004 0.0157589 0.607426 46.7399 3.67652 3.45738 
0.122002 0.000342042 5.46893e-05 0.000183882 4.24194 27.3121 0.0133609 0.629704 0.00841968 0.329207 3.72165 170.257 7.29921e-05 5.02274e-05 0.959227 45.2592 6.5468 6.33515 
0.000836189 2.34972e-05 0.0642125 0.522704 0.000750842 723.502 0.553579 0.341858 0.199529 0.889096 0.775688 95.597 4.20771e-05 0.0280489 0.755029 29.9606 7.83838 6.0784 
1.86209 1.62317 0.648773 0.0261477 0.000434305 118.15 3.25394e-05 0.0888186 0.540891 0.24732 0.00193954 72.7317 2.48792 0.000972406 1.57746 20.6786 2.6119 9.60839 
2.4616e-05 5.21102 0.0039579 1.92729e-05 0.00235277 22.3293 3.73269 0.555795 0.0141218 0.158622 6.084 233.648 0.00400411 0.000129139 5.86229 9.46963 0.84383 3.79684 
0.00121323 0.437926 1.7823e-05 0.106877 0.275699 1590.1 3.11904e-05 0.636902 0.000392609 0.0136613 1.07253 59.8884 0.000656497 0.000218791 1.43958 46.6474 3.90509 5.10271 
1.48485e-05 0.450294 0.000204111 1.07305e-05 0.00018714 0.61348 0.000582628 0.2563 0.016895 0.126705 0.532695 394.36 0.000106281 0.0171642 2.19743 10.9302 5.45383 3.44843 
0.000332216 1.95348 0.000488348 0.000108206 7.68893 4.62867 0.077995 0.58536 0.121646 3.30147 0.419893 186.631 0.0024638 0.0076814 0.717545 16.0526 3.52975 1.62666 
0.000102888 3.65172e-05 0.26777 0.00139901 2.78893e-05 724.27 0.0546062 0.340658 0.0796842 0.423638 0.0442717 58.8821 0.00063965 0.000462702 1.05535 16.0637 2.21402 7.78499 
0.0139464 1.64615e-05 0.000479605 0.0202484 0.000822827 47.1767 0.000298397 3.8262 0.136681 34.8555 1.14276 127.057 0.0497226 0.000191514 1.11203 9.35839 1.07494 6.43531 
0.00732786 0.0133574 0.0162931 0.0676643 1.30778e-05 0.0588596 0.000235284 0.215175 0.39483 0.0665277 0.0152481 156.251 0.000102081 0.0102922 1.36819 10.4104 8.12933 9.97453 
0.23134 0.996374 0.000804675 0.197317 0.055745 10.5717 0.027162 0.352089 0.188042 0.0962064 0.011294 456.087 0.678517 0.0107743 0.916211 4.8078 3.941 6.93034 
0.00264654 0.00192807 0.00685138 0.016887 2.03702e-05 0.111826 0.000235591 2.58904 0.425092 6.78775 0.693477 72.4395 0.964727 0.000309188 1.06675 39.974 2.96195 9.4801 
0.000732287 0.000400598 0.0511232 0.00137034 0.636289 80.8906 0.00049207 0.281122 0.321282 9.29037 2.33171 319.22 7.56383 0.0180123 4.64958 36.4238 9.3935 2.5879 
0.0004006 1.15536e-05 0.464048 0.000183426 0.0457039 84.054 0.649985 0.0892506 0.0664141 0.129792 0.423348 385.853 0.00798818 1.5336e-05 8.15567 28.1047 2.47263 0.55772 
0.000531299 0.769703 0.0328283 5.77875 0.288001 108.653 1.08042 0.382136 0.0796167 1.22596 0.0162548 373.19 0.0097957 0.018757 1.37915 30.1385 6.87302 1.45831 
0.0583424 2.37627 0.0863653 1.5537e-05 0.000432004 22.5972 0.348184 3.23 0.0209084 0.0609693 5.57249 317.665 2.22968e-05 0.0474724 1.46475 21.3357 7.84178 4.02936 
0.687554 0.000290757 0.000258548 4.21353 0.0130883 5.0997 0.000100364 1.67274 0.06839 0.167918 2.66143 228.337 0.000459651 0.0152676 4.02001 4.08605 2.30208 5.23313 
0.000140653 0.0300192 0.0014608 0.000419319 0.00423076 0.0246924 0.0405701 0.431536 0.425437 5.40787 1.5 437.37 1.91897e-05 0.000451466 1.02852 3.93551 6.7918 9.90837 
0.097346 0.260008 6.53576e-05 0.0107874 0.000226218 0.0129719 0.00532496 2.68992 0.0137927 0.0983584 4.10009 137.756 0.0986261 0.0324995 5.50794 49.59 1.59214 6.63799 
0.45667 0.0423631 4.72854e-05 4.3155 2.90818e-05 4.86174 0.00107292 0.996127 0.635136 200.356 1.80416 265.219 8.29863 5.95668e-05 1.55907 15.4415 5.41846 7.32174 
0.0232789 0.000133566 0.0156945 7.51119e-05 0.00323641 0.0954818 0.0609061 2.36008 0.0601247 0.0816327 0.512798 308.764 0.855125 0.0979716 2.83341 6.22983 2.98478 8.17978 
0.000195757 2.70139e-05 3.01904e-05 3.3503 7.40644 0.262526 0.0482955 4.85449 0.186629 13.1745 1.61722 380.2 2.05637e-05 0.000319636 1.24838 41.2885 2.53001 2.49035 
0.006289 0.000416621 0.00251237 0.0571797 0.0658065 0.0469612 9.58584e-05 0.0222747 8.69952e-05 0.0740823 0.00505464 0.0500807 9.70331 0.000309875 2.04978 41.9064 1.43177 5.8989 
2.27869 0.0904105 0.000497837 0.0235935 9.18882e-05 0.413048 0.00120678 2.9793 0.0551934 0.0150138 0.278282 403.743 0.0215935 1.58457e-05 1.36816 14.5953 1.66189 5.38897 
7.72046e-05 0.110896 6.64478 0.569916 0.357134 2.64526 0.000434515 1.02758 0.0375664 0.0763259 0.159126 463.884 1.27417e-05 1.60263e-05 1.9342 13.156 2.79029 1.75081 
0.000108297 0.000187858 0.000273656 0.000155163 0.00129153 24.653 0.0007651 0.0515032 0.0978158 42.8277 2.49992 144.247 0.00555416 9.2766e-05 0.754091 10.1188 2.03037 6.03591 
0.0872598 0.000521891 0.000992884 2.53372 0.00882828 64.3117 0.00218492 0.0362052 0.397417 486.304 0.0588926 42.7931 0.0109099 1.0365e-05 1.05095 39.0769 3.95256 2.92799 
0.0142554 0.378382 1.84792 6.37925 0.0250862 978.994 0.112924 0.679676 0.00402724 0.0806285 4.33048 192.848 0.000227724 0.102366 1.95437 11.261 2.03646 4.95134 
5.24791 1.76836e-05 0.000187931 0.00143197 4.67869e-05 850.663 1.04205e-05 0.886859 0.148055 0.941685 0.716539 174.446 0.683421 0.000111529 1.04901 11.3144 5.68407 6.60838 
0.00133993 0.00163477 7.54348e-05 0.0076889 5.80814 67.2123 0.00176448 0.72868 0.788307 17.0746 0.511787 190.227 2.11626e-05 0.00042711 1.79458 25.8194 8.44204 2.18183 
2.99755e-05 0.0626482 0.319675 6.83888 3.63245 0.0842133 0.109407 1.63764 0.0336516 0.0143809 3.0887 233.08 3.92661e-05 0.00448544 1.22977 13.1821 2.08556 0.921124 
6.73838 7.47253e-05 0.000210541 0.0238544 0.702723 0.0147193 2.3363 7.77677 0.076233 0.0890619 0.163685 342.011 0.000432921 0.0324266 1.93297 29.6592 2.80658 1.19669 
0.0109992 0.153643 2.3738 1.44053e-05 6.04556 6.31066 0.000117438 0.819061 0.735277 0.02109 0.00944005 126.09 0.0462701 0.0045658 1.24791 12.4959 1.40576 2.91221 
2.96169e-05 0.00321287 1.17661 0.0756696 1.2818e-05 371.297 9.55088e-05 0.408624 0.990415 1.07707 0.11134 81.55 1.28187 0.000469926 1.4709 28.4413 7.7538 6.3608 
0.0199458 0.0149458 5.48796e-05 0.0885264 0.0449623 0.24345 1.74475e-05 1.1539 0.139176 0.434416 0.364689 396.773 0.693545 0.00206279 5.46433 33.0132 1.39193 1.76319 
0.00618411 1.41634e-05 0.0380474 1.76838e-05 0.0466218 2830.75 0.00162365 4.11202 0.0313316 0.0205966 0.262286 148.033 0.00736566 0.00276647 1.14572 23.5513 7.86653 5.98265 
0.0052735 0.0179676 2.1204 5.19261 0.753277 1.28459 0.124652 0.542038 0.179242 6.07708 0.0751478 49.7675 0.538347 0.126788 7.87547 47.2393 2.21299 8.63802 
0.0184907 1.43653 0.000735967 8.0055 4.06027e-05 489.835 3.53828e-05 6.68703 0.0247945 0.023141 2.92612 485.698 2.65101e-05 0.0182102 4.23067 11.7091 0.841816 7.15589 
1.11525 0.01416 0.00329332 0.000116718 0.291726 2603.56 0.00957828 1.73259 0.0290715 0.4029 1.58467 376.109 1.90893e-05 0.000123266 3.90634 9.64966 2.05332 2.63784 
0.0128153 0.0393431 0.748567 0.10682 5.02398 88.253 2.2866e-05 3.82889 0.50824 3.08753 0.103848 140.553 0.000490269 0.0155868 3.13418 31.2022 2.32891 8.10966 
0.300972 0.00938355 0.0189464 0.108152 1.46504 392.999 0.000570892 0.769204 0.0446481 0.085296 0.387511 450.156 0.780549 3.15513e-05 3.87809 6.00485 2.31441 7.03878 
7.46058 3.03429e-05 0.308781 0.00316329 0.103173 4.39957 0.120525 0.0490195 0.0809513 3.66416 5.58099 83.9856 0.00012744 0.0399166 6.63037 10.4195 1.35897 7.21716 
0.471 0.00184771 0.108864 1.71543e-05 0.0132381 50.8233 3.38906e-05 0.280995 0.00803334 0.073472 3.08521 132.852 0.0681043 2.12476e-05 1.95823 26.9497 3.38056 1.70633 
0.000209969 0.106306 0.966927 0.00297971 4.79949 1534.66 0.123728 9.83617 0.115997 0.0518218 0.0758827 114.412 9.81124e-05 0.00111296 0.747449 15.2911 1.96474 6.88554 
0.0017158 0.00137725 0.0167978 0.0723363 1.68302 41.1247 0.0001302 1.01594 0.54942 0.154359 0.0623462 401.775 0.000512403 0.00578577 7.62524 10.3983 1.6214 1.20632 
0.426234 0.000805569 0.000605504 7.33746e-05 0.000212424 66.2433 1.33496e-05 0.836448 0.180254 2.74206 1.97895 82.4193 7.08938e-05 0.00262496 1.75942 19.8417 2.22322 2.58741 
5.53624e-05 0.000672098 3.8605e-05 0.0629726 1.59929e-05 1.02972 0.0724844 0.173168 0.297431 2.9965 0.398396 320.865 0.000176645 0.000192149 0.777613 2.66031 2.41365 6.18796 
0.00421995 0.108647 0.000238179 0.000349608 7.97695 0.0470297 1.96439e-05 1.95849 0.11825 1.81894 7.42475 350.861 8.08794e-05 0.00510779 4.78054 2.99651 0.887528 7.21737 
0.230082 0.00030287 1.13631 0.000366422 0.0247409 0.0305919 0.000758911 1.67785 0.562066 11.7238 1.45345 67.1491 0.0142058 0.00082207 0.985637 39.3705 4.73488 1.95024 
0.0213615 5.10441e-05 0.000617863 0.00151959 3.00963e-05 1.94691 1.09641e-05 0.208123 0.403203 48.6066 0.491485 75.1823 3.75351e-05 0.000226862 1.19326 48.4728 4.19326 2.00582 
2.14317e-05 0.00202564 0.00020032 5.9203e-05 0.00274028 0.116346 0.0133185 1.13284 0.00966206 0.0371822 3.1789 331.996 3.91913e-05 0.000348649 2.86236 4.70189 1.31204 3.72161 
0.00551842 0.723064 0.118029 0.228406 2.40118e-05 28.3271 2.17995e-05 0.111532 0.556877 11.2147 0.46891 141.639 0.0012013 1.59856e-05 2.26374 26.3181 7.17793 2.4067 
0.701703 0.040641 0.0316407 0.10659 3.79479 1.2365 0.00532682 1.66229 0.961304 0.25967 0.0217725 341.938 0.861201 1.65384e-05 5.1348 31.9528 2.44759 0.548715 
0.000307213 0.753504 0.000980346 3.45948 0.379736 6.41327 4.07917e-05 0.593083 0.238104 0.0234808 0.00164031 107.136 4.78576 0.000128816 2.28104 39.8492 6.64125 4.61223 
4.53485 0.0230061 0.0338848 0.000177087 0.350593 828.03 0.285749 1.4529 0.641221 6.3387 0.743512 460.125 6.57916e-05 1.73706e-05 7.68289 6.29785 2.21365 7.41122 
0.00251665 0.519998 1.99458 0.00239155 0.0495446 10.0422 0.000686331 0.999131 0.0416118 0.0378546 0.129745 240.231 0.00485582 1.57115e-05 2.93008 17.25 1.94396 5.18611 
0.00485878 0.129149 1.0613 0.0669491 0.0234101 1754.63 2.05303e-05 0.298401 0.0121614 0.0436104 0.404469 81.6759 1.53355e-05 0.00206387 0.476313 23.7495 0.959669 7.78798 
0.548587 0.000181644 1.02753e-05 0.0243542 0.00217512 0.964652 0.00140735 3.05945 0.0186119 0.124853 8.67063 298.926 0.000260034 0.000360348 1.76397 36.868 2.52094 7.67447 
0.0637641 5.6308 1.49544 1.06794 3.24758 1.47668 2.00518e-05 6.50102 0.0483571 0.0140703 1.98919 248.033 4.31546e-05 0.00121565 2.33245 8.60323 1.22882 3.98338 
0.00438921 0.000559665 0.421104 0.398494 0.166208 241.488 0.122566 0.155378 0.54724 2.09541 0.1378 33.2675 0.000707396 0.000291707 4.76723 23.516 0.802906 8.25677 
6.3212e-05 3.42678 0.144598 0.000130482 0.00761547 0.782011 0.00234218 0.691979 0.00869405 0.0464923 0.334022 55.7862 0.0039755 0.000274089 0.601868 40.5143 3.56155 1.22351 
0.000181097 0.0102616 0.000197327 3.27033 0.00186513 389.185 1.42026e-05 0.315699 0.0393562 0.24577 0.127268 92.8768 8.9587e-05 1.64343e-05 5.30053 27.9068 1.90347 2.8301 
0.000226696 0.00593599 0.182221 4.67237 0.000107012 5.11409 0.00197446 3.03083 0.225582 0.155139 0.0807677 234.626 2.63503e-05 0.0175399 2.51385 38.9537 1.55298 1.72799 
0.000795073 8.6566 0.0675973 0.000712685 6.47687e-05 2.97898 0.0167001 0.428716 0.411173 43.6235 6.63518 388.356 4.33712e-05 4.91031e-05 2.26034 7.66312 2.65257 1.89688 
0.403814 2.67351e-05 0.000128064 0.0204538 0.929336 0.0134607 0.000127999 0.300285 0.66841 23.1715 0.166162 73.8043 0.00842763 0.000535466 1.34967 32.7431 4.82742 2.54528 
0.00265941 0.000265665 0.00035685 0.238078 0.490866 18.1299 0.252684 0.816271 0.502891 0.500534 0.0187958 443.186 0.000397569 0.251436 4.68786 16.0998 2.22446 0.811665 
0.00493574 0.00169987 4.39366e-05 9.96758e-05 2.37263e-05 7.46752 1.66328e-05 0.141307 0.0680177 0.0953655 0.0190282 105.885 0.00332518 0.00019936 0.554112 6.43798 2.40069 8.02439 
0.00100532 8.47187e-05 0.00704142 2.88289e-05 0.178472 718.194 0.201087 0.120839 0.134729 11.7836 0.305433 93.2523 1.40711e-05 0.00650347 1.44385 11.5256 2.52539 6.94477 
0.000692469 0.000457931 0.000114758 0.446304 0.205657 0.691539 0.64409 8.97474 0.621862 141.799 4.02773 119.011 0.0118742 0.000308182 5.38531 45.4903 0.995172 2.74082 
9.01877 6.75405e-05 0.0107547 0.000149041 2.38065e-05 0.124972 5.26857e-05 0.957765 0.564131 0.690761 0.389183 132.234 0.17331 0.0289207 2.55375 17.1899 3.2274 2.52875 
0.00457018 0.59267 7.73573 1.50082 0.100583 490.101 0.267826 0.0297354 0.023309 0.469935 2.6294 121.41 0.0275946 0.00174054 0.960228 23.5629 5.93525 5.98512 
0.000270873 1.50703e-05 0.000172431 0.226891 0.000206569 38.9143 1.04757e-05 0.0230251 0.39008 1.68265 0.0921335 171.2 2.15779 0.00571669 0.923115 33.6573 6.89645 3.18185 
0.00404678 0.0328386 0.000291485 0.374397 0.00311531 915.617 0.000221798 1.93496 0.691541 0.195871 0.0873689 64.9388 0.00188399 0.0299424 3.51661 33.1749 1.44961 1.93661 
0.343168 0.00906041 1.33468e-05 4.74581 0.000206615 207.667 0.000472909 0.140845 0.208243 4.40498 0.540472 52.0933 2.58062 0.000890024 7.29606 18.5292 1.3454 9.16912 
0.0418334 1.43621 6.90036 0.000177194 0.0010576 2765.35 1.33106 0.133708 0.0817638 5.55019 0.108846 131.648 0.00340836 0.295568 8.3216 26.2678 2.94093 4.38184 
0.456207 0.040481 0.0261478 4.62052e-05 0.00228737 88.0266 1.72919 0.103092 0.107331 2.45573 5.65372 307.129 6.2516e-05 2.60619e-05 1.42229 4.46907 2.37975 1.61694 
0.00790751 0.0114858 0.908024 0.00137583 0.00433049 0.03183 5.64123e-05 1.21027 0.230641 0.0141996 0.0167269 39.6877 1.13995e-05 0.0130669 2.92624 13.196 1.35842 6.64071 
2.08479 0.000108906 0.0002188 1.68401 8.57982 2729.15 0.00162261 0.175695 0.245738 1.59695 0.379557 175.74 0.307754 0.00289908 1.11229 5.87882 3.34392 6.43514 
0.00261378 0.598727 0.00354585 1.30691e-05 0.000460525 0.661208 0.000447081 0.66913 0.281289 7.81579 6.32246 39.4911 0.420006 0.0173443 2.26338 21.2908 3.55075 4.38617 
0.0817159 0.00162253 0.0400699 0.000266328 0.0921963 574.657 0.0541148 3.14392 0.403125 0.0542962 0.00538442 148.523 1.84564 0.000177847 2.80571 7.75676 1.57301 8.88803 
0.0382653 0.00560795 0.0332985 0.195178 0.00336007 0.112289 0.028212 0.000196862 0.121228 5.99546 0.0677575 17.1365 5.32748 0.000317092 2.12058 36.9977 1.33588 9.216 
0.374578 3.3687e-05 1.24698e-05 1.19828 0.00976976 0.433351 2.62384e-05 1.47459 0.0379315 0.0173934 0.578633 167.191 0.061911 0.00255357 5.49024 7.99265 2.09236 3.46944 
1.37075e-05 0.0268236 1.76552e-05 0.0126138 0.341899 137.973 0.00451793 1.3734 0.0209612 0.173783 0.435063 202.688 0.012231 1.54357e-05 1.8589 7.4933 0.716593 4.8618 
0.000168079 0.0010172 0.00115463 0.48275 0.00239114 46.8353 0.00216609 2.69085 0.00018377 0.14988 0.010793 1.14666 3.25495 0.00633242 0.655918 32.1583 1.76257 6.37213 
1.73821 0.00416753 0.0377991 0.000346998 0.0112921 9.04466 0.0274203 0.091153 0.00585872 1.39465 3.07148 487.759 0.140532 2.64287e-05 1.39755 36.617 5.38628 0.468532 
0.281931 3.24349 0.126974 9.36847 0.000238174 96.8977 0.609922 0.0500712 0.00833039 0.0923832 0.343552 170.484 0.000832153 0.0060242 1.18851 5.44426 3.25212 3.76168 
8.70113 0.385251 0.000530504 3.89036 6.16242 165.941 0.000681121 5.59751 0.187885 0.278156 0.624758 294.495 0.00674585 0.00583836 2.39525 14.5001 1.12908 0.953074 
0.000394503 0.0280664 1.36121e-05 0.0144908 0.0663249 455.98 0.00433923 0.710978 0.246086 72.1404 0.766259 92.9431 1.79633e-05 0.0242529 1.23728 15.4288 3.36896 4.16135 
0.472611 7.468e-05 0.0107966 4.46724 6.62607e-05 3.55073 0.005107 0.504904 0.0866925 0.0418998 1.54046 198.382 0.000771376 0.00272476 2.57905 17.9606 6.21551 1.18562 
0.0139223 1.87402 0.387235 0.000289496 0.00567013 0.0544412 0.0445341 1.2509 0.712514 0.307091 0.00651462 212.394 0.000106692 0.00715529 0.694608 9.71993 1.90143 4.39555 
6.50211e-05 3.1341e-05 0.0478961 0.000133934 0.504525 120.57 0.193399 0.912075 0.00171348 0.0464405 8.63649 63.6097 3.92156e-05 0.000156045 0.659736 14.5065 2.3166 5.72375 
0.00631348 0.144093 8.16101e-05 0.0456693 1.2216e-05 5.28139 1.72036 0.997878 0.203951 0.0564007 0.010652 295.531 0.306413 0.000348393 1.78325 5.78978 0.993388 4.40852 
0.0597682 0.215469 0.0101923 0.0430959 0.256711 129.308 0.286413 5.36306 0.648874 0.110334 0.00128681 349.333 4.20573e-05 0.000166083 6.66666 4.76433 0.878355 5.37489 
2.68539 0.0104015 0.000449762 0.0454749 5.72423 78.0048 1.60399 6.97617 0.118456 0.0182514 0.0571887 336.206 2.7495e-05 0.00163089 0.958641 48.6245 4.39245 0.758861 
6.28425 0.0297195 0.000569841 0.000673024 2.12753 14.3227 0.0106309 0.0432612 0.0417256 3.31443 5.66299 194.226 0.00176063 3.8075e-05 1.2267 8.38665 5.6958 6.72942 
1.19507e-05 2.39188e-05 0.324946 2.61271 6.84876e-05 25.4272 0.0149793 1.18957 0.0295928 0.0387802 7.65371 89.7346 0.0175107 0.00879303 3.23075 13.5531 3.46849 4.96038 
4.81765 0.000172576 0.532674 0.0174726 1.44846e-05 206.815 8.35864e-05 0.0142721 0.709876 247.042 1.92873 85.0882 0.837654 0.000101877 8.5061 24.8494 1.12297 5.09645 
0.000156368 0.067698 0.000288247 0.0327115 1.00182 0.0213538 0.000309644 1.45283 0.100699 0.707218 2.48251 55.1371 5.55087e-05 0.00431253 3.11591 22.3761 1.01223 7.88778 
0.000160213 0.00126339 0.0299209 0.000289922 0.00024008 0.0241245 0.400435 0.108084 0.438531 0.0313171 0.00205142 38.361 0.000430522 3.74983e-05 0.689665 45.8969 4.87097 5.71723 
3.35881e-05 0.000119213 0.000174484 0.264122 0.0324607 0.0313864 0.0584954 1.07736 0.0571832 2.67732 1.68161 300.117 0.778722 0.000394913 5.28768 18.0859 1.13594 1.2313 
0.27393 0.0012736 0.0441305 0.000346275 6.96419e-05 88.623 0.00202276 0.883904 0.480732 0.0425543 0.00872839 99.5707 0.00271021 0.000737333 0.979147 18.2429 4.88686 4.16297 
0.128609 5.91951 0.000557752 3.54093e-05 0.000185937 903.446 0.000194323 0.456808 0.1702 1.32517 0.258772 306.581 0.000132417 0.000854011 1.28473 8.54875 3.38339 7.24471 
5.40057e-05 5.2589 0.000133262 0.0170004 0.0226798 1950.76 0.1634 3.70242 0.420712 3.71005 0.650894 284.823 4.77698e-05 0.228431 2.06763 10.1274 4.69775 2.66061 
0.103363 1.77933 0.000901818 0.666997 0.463251 0.0115716 0.0501095 6.47599 0.0157948 0.0474715 2.02899 466.855 1.33977e-05 0.00266802 2.54785 14.227 1.9264 2.7207 
0.000197909 0.630557 3.47045e-05 0.000885973 0.000433505 1.2599 4.66721e-05 2.832 0.471092 7.87289 1.06889 200.615 7.38296e-05 0.000241876 3.16796 9.23935 0.907255 2.18771 
0.000194671 0.457394 0.190481 0.0114973 0.0021102 59.9376 0.000507972 1.69916 0.110882 0.0911821 0.573945 68.0915 0.0709677 0.00210376 3.24973 43.366 2.76183 3.77035 
0.0714409 0.695756 0.000360583 0.00107217 0.0420561 0.135943 0.000528306 0.0850716 0.823509 1.90778 0.0835791 155.33 0.0106309 0.00568346 9.9839 6.40046 1.02322 7.92231 
0.00254056 0.120953 1.54771 1.03976 0.00694274 0.671034 0.220392 0.339787 0.0453946 0.10239 0.0403865 446.442 3.27972e-05 0.00768121 4.44671 20.012 0.971809 6.53199 
0.0537363 0.288843 0.00288512 0.199813 6.10188e-05 58.2164 4.60495 0.0784534 0.0464753 1.77938 0.0941556 97.3174 1.83399e-05 0.00203381 1.57429 22.3502 6.11632 8.61595 
1.18778e-05 7.85562 7.77477e-05 0.0361882 0.816863 0.0119591 0.000278288 5.83409 0.0493768 0.0465134 0.112922 162.353 3.60515e-05 0.00263168 0.830326 34.0332 2.08959 6.78937 
0.00245805 0.00330667 0.483696 5.56626e-05 0.0052242 4.9079 0.726317 3.13372 0.287372 13.9065 1.4409 320.096 2.45265 0.000148203 8.10168 40.3888 1.63693 1.42888 
1.62471 0.0125051 2.0822e-05 0.166134 0.0124186 666.378 1.20289 9.07941 0.0279185 0.0282135 2.06597 326.791 0.00438835 1.36605e-05 0.85816 32.3846 4.60881 9.94121 
0.0108073 4.32041e-05 0.0031594 1.47886e-05 0.0331464 1.79076 8.80167e-05 0.379271 0.0322086 0.0130802 0.0125718 101.14 0.0020535 0.000256599 6.81751 26.1199 1.08025 5.75083 
5.37346e-05 0.000554535 0.0839113 0.000109916 0.583664 47.3123 0.000478659 5.03128 0.0768341 0.0505063 0.727526 176.105 0.220624 0.00109762 5.45657 14.2748 1.32362 7.82603 
0.0438087 0.207911 0.800269 0.0578408 0.305019 1683.84 1.07459 0.0594553 0.288871 2.12757 0.0837563 459.555 0.0036254 2.50032e-05 1.05813 34.0756 3.28844 0.391481 
0.289213 2.72588 0.000136895 0.069285 0.220771 21.5722 0.00436215 4.08735 0.13934 0.0344704 0.0130498 135.541 0.000214767 0.000149458 1.03132 34.9014 1.3485 1.64484 
0.020501 0.00135759 0.000306182 1.9736 6.83743e-05 188.637 0.115517 0.116752 0.0926646 1.42569 0.888532 75.5356 3.58956e-05 0.060175 1.23639 19.7801 6.49635 3.5765 
0.132573 0.000129034 7.65195 0.000225273 0.99444 2.38539 1.36007e-05 1.19288 0.0107162 0.0362683 7.6865 281.978 0.0243952 0.0295504 8.93633 28.9062 1.1084 4.0929 
1.86884 0.000218071 1.03403e-05 8.63016e-05 0.000448014 18.999 6.2784e-05 8.50619 0.0644901 1.35838 0.195044 262.635 0.132734 0.000642299 0.956435 12.6335 3.38069 6.35546 
0.0352662 0.000178408 0.542686 3.04156 0.00276027 202.223 0.00342578 0.221353 0.00504276 0.193039 8.48999 126.624 0.00139173 0.000181923 3.65041 10.5948 0.743345 9.65436 
0.00328941 0.295808 1.66022e-05 0.0753706 0.00244575 1.79785 0.000721906 4.5875 0.158169 9.33242 1.63168 348.297 0.000882883 0.0018902 1.25931 19.9871 1.46624 2.9636 
0.214357 0.00421491 2.03045e-05 1.53453e-05 9.70746 1724.54 0.000506911 1.35471 0.0589448 5.62492 6.28354 37.9198 0.000685204 2.3384e-05 1.18977 38.2216 4.95945 5.74676 
6.38272e-05 0.0327356 0.0192694 0.000824804 0.000167132 0.363813 1.42418 0.249542 0.0190114 220.559 5.19815 50.2416 0.0274044 0.0439248 2.39941 48.93 1.06366 6.6559 
0.13761 0.00415538 6.19264 1.44771 3.89236 265.701 0.586705 0.00986936 0.0411708 21.6722 1.87551 191.433 0.00239598 0.00789236 1.43478 6.13249 2.60396 8.33908 
0.14222 9.82077 0.000118572 0.000106333 1.21317 140.091 0.00197508 6.0726 0.179565 1.70991 0.939507 405.144 0.0335889 1.55084e-05 6.96508 42.9745 1.16446 4.27836 
0.0183803 0.00071602 0.00299201 0.408536 0.000179422 0.0142675 5.37243e-05 1.05244 0.509851 43.0479 0.960592 161.237 0.0318416 0.0145478 6.45158 14.9589 0.850889 3.35689 
0.0387985 1.415 0.0043242 0.000494704 6.7071e-05 55.9608 0.055494 0.237814 0.430677 1.04936 0.0340914 256.866 1.87265 0.00068698 5.87767 10.5171 0.935643 1.20783 
0.0707288 2.73564 0.000103939 0.0018971 0.000522783 4.28122 4.58096e-05 0.0155993 0.00315247 0.0441864 3.45823 97.8626 0.0110472 0.0736097 1.35162 24.0627 6.63285 9.24443 
0.0122874 0.00394936 0.00777299 0.151862 0.000121321 429.539 0.0559924 2.65864 0.0149331 0.0171666 3.73471 299.611 0.00262692 0.0352141 8.98819 8.69376 1.52451 8.19042 
0.183058 0.583515 0.000206141 0.133954 0.00284455 12.593 0.0364946 0.883228 0.0961244 0.047905 0.323015 58.5759 1.89186e-05 0.005739 2.07008 16.511 2.36788 5.79439 
0.000640298 0.0438787 2.83384e-05 2.36484 0.000135177 15.1431 0.000143886 0.0363763 0.100363 15.3324 0.638258 18.971 0.000799996 0.00116873 4.98315 38.8615 1.63665 3.6418 
0.134211 0.0767568 5.35593 0.000104944 0.0282646 0.0177907 2.10859e-05 6.9688 0.468674 11.2154 1.89759 180.509 1.57586e-05 0.000370091 2.55236 15.0218 2.0441 6.45214 
0.000130786 0.000117923 2.65141e-05 0.000523903 1.30169e-05 0.603885 0.0381505 0.059211 0.00467669 1.4833 3.89859 398.386 0.000461833 0.00530822 0.751359 7.22202 3.24095 1.34601 
2.11923 0.021206 0.00280902 0.000366609 0.0131977 43.6288 0.000245506 0.175604 0.0152783 0.321949 8.28432 167.698 0.0127541 0.00377499 1.04975 12.5332 1.46942 7.21713 
2.30938e-05 0.0078837 0.000102645 0.000466117 0.0216997 1891.11 0.0656548 5.08606 0.0195108 0.0479115 0.499697 498.505 0.0282159 0.0698423 4.53637 7.14323 1.30977 7.37395 
3.60281e-05 0.000111996 0.00227144 0.00155644 0.00307826 1.31745 0.504168 1.95798 0.128426 6.86914 7.70714 100.145 0.00595183 1.4209e-05 0.741332 18.9834 4.36983 4.55944 
0.00120138 0.00181032 0.156635 0.000146142 0.0229764 0.0379244 0.00438581 0.140058 0.453753 1.06856 0.00933725 119.635 0.06572 4.22492e-05 2.1393 10.7832 2.09561 4.81312 
0.00820358 4.07062 0.000525754 0.00532797 0.521949 22.5405 0.000471901 3.7877 0.732225 1.1199 0.0623696 411.898 0.210927 0.0126455 7.28852 21.6493 1.79062 0.638102 
0.285943 1.53702e-05 0.0158504 0.00764663 0.0471004 9.06059 0.0221402 2.83624 0.122034 0.743513 4.36464 235.718 0.0169418 0.000745847 1.21727 7.42392 1.66602 9.05187 
0.000103353 0.121362 3.17409e-05 2.36711e-05 3.13035 162.314 0.00168428 0.028486 0.0343429 1.34757 2.74974 176.745 0.568259 0.00101235 3.9281 8.87054 1.59019 2.29757 
1.30287 0.000141154 1.56732 0.0232329 2.70928e-05 74.8173 0.00374173 0.0710995 0.0800705 63.1439 7.04082 462.837 0.694291 2.11112e-05 0.853128 7.20313 6.28655 8.78637 
3.05624e-05 2.54749 6.5244e-05 0.00170136 9.48938e-05 25.426 0.00508668 0.486187 0.134188 0.981446 1.27417 270.802 1.01269e-05 0.0451942 1.67776 8.97913 5.71803 3.03191 
1.14263e-05 1.75692e-05 1.32802 0.00711816 0.000141873 5.27138 2.54976e-05 2.44321 0.0283529 0.808139 0.425166 496.841 0.00532399 0.000299493 3.73873 16.3653 1.0728 6.62864 
7.06473e-05 0.0952906 0.0239555 2.78701e-05 0.0914025 116.212 0.00271106 9.21575 0.612528 7.06006 0.107968 166.682 0.016363 0.0211217 6.649 41.4235 1.56868 9.03701 
0.986702 8.08025e-05 1.38887 0.0130583 0.000474271 6.23316 0.887943 0.305129 0.0310027 0.0529255 1.11925 193.908 0.000222878 0.0272424 0.872786 17.5223 6.17044 3.73546 
0.001085 0.00170957 1.6166e-05 0.00546834 0.00420594 211.121 0.000103326 5.369 0.0331765 0.0438795 0.756849 24.116 0.0422472 0.000198595 1.44542 42.3824 1.69886 4.38454 
0.0826676 1.41226 2.2276e-05 0.029784 0.000708109 0.0540285 3.04087e-05 4.88466 0.022702 0.0165449 0.101362 139.642 0.000646965 0.0252358 3.70046 12.6322 0.817595 9.04481 
0.000923255 0.000111006 0.0531857 0.102576 0.083556 21.435 0.000310696 1.06937 0.0160544 0.0136665 3.68765 33.6419 0.000538229 0.026199 0.747185 49.2775 3.7093 2.21313 
5.20977e-05 1.59084e-05 0.000218272 0.119489 0.000268146 44.3908 0.00316454 9.19882 0.019905 0.0305827 2.65709 456.929 0.000121595 0.0900884 1.64285 29.802 1.64713 3.89963 
0.0167656 0.133489 0.193695 0.00386495 0.00209257 0.0890452 4.11635 5.49192 0.0764129 7.40367 1.51906 413.89 2.71816e-05 0.000358964 4.25321 4.77923 1.92332 4.11847 
0.148254 0.00119101 0.122202 1.67977 0.188607 566.234 0.303563 0.0275181 0.0644164 19.9466 0.787826 171.937 1.69636e-05 7.83502e-05 1.50961 9.61249 2.95637 3.51418 
1.7352e-05 4.55126 1.11996e-05 2.55296 0.015356 10.1306 0.0379168 2.66512 0.0721471 0.864178 7.26467 408.576 0.0100442 6.46551e-05 2.89056 4.26165 1.20188 8.77279 
3.37353 0.000111022 0.136722 1.06436e-05 0.00264555 206.856 0.230853 0.218361 0.253395 2.47202 0.0309549 442.794 0.000140888 0.268811 1.39051 11.1004 4.29671 1.84736 
0.00258023 2.12925 0.701677 0.0142735 0.0209107 45.2784 0.181508 2.79492 0.102328 0.0111587 0.00482128 47.0112 0.0534273 0.0086445 1.98216 35.7301 1.66721 7.10974 
9.13726e-05 0.0192199 0.101617 0.0086326 2.51452e-05 206.989 0.120879 0.0521802 0.0108094 0.223625 4.08422 245.267 0.423696 0.000163352 3.2919 38.4377 2.65375 0.303281 
3.27004 2.71728e-05 0.0715181 0.0012712 0.00351394 2.23126 5.237 2.30049 0.0554192 1.33694 3.27307 433.507 3.63829e-05 1.05058e-05 0.701951 26.5356 2.49809 0.670408 
7.78408e-05 4.36339 0.418575 0.0286626 9.68005e-05 271.344 0.131865 0.643848 0.127186 0.176979 0.134486 365.108 0.211728 0.332091 1.02472 6.20245 9.47697 5.2387 
1.53675 0.0123085 0.500075 0.00020664 0.214169 9.79653 3.76869e-05 1.74282 0.147344 2.5981 0.969142 286.729 1.66657e-05 0.000540225 7.15275 24.5578 0.848286 1.03264 
0.000134098 0.570459 3.89765 0.0133045 5.45434e-05 107.578 0.00474613 0.0112073 0.0717494 0.502628 0.759717 58.3655 0.00351123 0.00910294 3.38993 27.0338 1.26108 3.44457 
0.0120134 1.01447e-05 0.241459 0.00217086 2.02221 29.1143 0.233249 0.132505 0.673553 60.8973 2.64522 70.2562 1.49851e-05 0.00515976 3.45337 24.6516 2.19357 1.24764 
2.98916 0.00209166 2.59919e-05 0.00121638 7.65422e-05 28.1035 0.000756832 0.084941 0.281189 17.151 2.52188 71.2014 0.00364109 0.00114327 2.15307 10.7218 1.28867 4.90144 
0.0656658 0.000441439 0.012025 0.0702578 0.000252741 899.163 2.16282 3.38581 0.54028 1.83229 0.0953002 84.7147 0.0437813 0.000553942 0.915208 48.7299 3.52685 5.64807 
1.01397e-05 8.0818e-05 0.219977 0.0484188 2.0338e-05 648.729 5.31542 0.494445 0.967636 55.3877 0.240054 108.115 0.000900323 0.000692164 3.78744 23.217 1.25207 2.54243 
1.37818 5.16858 5.5948e-05 3.37437e-05 1.61288 6.73783 0.00456435 0.522165 0.122016 0.0785593 0.0699979 84.2131 1.09274e-05 0.00162123 0.951246 9.41341 1.89325 8.23044 
0.0217951 3.63691 0.00098177 3.08158 0.000383936 0.518761 1.45534 2.26108 0.0858454 0.282552 0.103647 154.975 0.226959 0.00571881 7.26445 30.321 1.12989 3.15306 
0.000916058 0.045119 0.0753516 0.000535958 0.734603 0.0341473 8.98472e-05 0.0759417 0.0105725 1.41668 1.4479 136.752 0.00730616 3.64063e-05 1.38567 13.2406 1.83972 1.45924 
0.127263 1.69612 0.439824 2.55867 0.000181584 1.72425 0.0018529 0.811566 0.183875 1.82123 0.532772 415.779 0.00241344 0.00222883 6.33639 7.51346 1.4381 4.23999 
1.8656e-05 1.40598e-05 0.0128169 0.071307 1.46143e-05 0.339283 4.25979 7.44594 0.19644 18.738 5.58876 119.039 0.00308122 0.000866525 0.874001 34.0453 0.996361 3.36184 
0.199403 0.0163806 0.0023042 0.0182515 0.000254189 367.117 6.05033e-05 0.0756884 0.0887086 17.2308 2.01752 144.397 2.42562e-05 0.00100079 5.66275 17.3721 1.04915 5.0442 
0.4233 0.0056166 0.000401106 1.11893e-05 0.154346 0.0120276 9.70951e-05 3.40352 0.534858 0.747775 0.126876 64.615 0.000117788 1.42692e-05 1.71708 23.362 4.57543 7.49492 
0.0692098 0.00103732 0.000163854 0.000457132 6.79445 180.95 4.62093e-05 0.326897 0.0162149 0.0342311 0.579332 22.503 0.00038441 0.00011671 0.493389 39.6057 1.87304 8.55728 
0.00949103 1.6783e-05 0.00227642 0.0301952 0.000603768 5.91293 0.0204452 0.968474 0.439447 0.428776 0.0608856 211.929 0.000277423 0.000589205 1.04263 33.5768 3.26184 0.447214 
1.43706e-05 0.00759816 1.4215e-05 3.46695e-05 1.04424e-05 0.258954 0.00825536 0.984728 0.0957459 4.18832 7.74814 243.036 0.000453996 2.03354e-05 1.29865 6.40334 1.8563 1.1827 
0.0121925 0.691743 0.903426 0.000146769 0.000608168 0.362889 0.00280361 0.048537 0.273033 54.6434 2.00361 12.4619 0.26844 0.00346851 2.80053 39.528 1.91533 7.53717 
2.35501e-05 0.0390722 0.0157567 0.157598 4.99802e-05 338.572 0.000444974 3.7035 0.418374 2.93666 0.0899292 256.855 0.000830277 4.58776e-05 1.57169 22.5826 0.925332 3.88358 
1.96428e-05 1.3734e-05 0.0845154 2.95345e-05 0.0517652 11.4561 0.0320344 1.0284 0.758678 3.71481 0.015075 281.322 0.519434 0.0472982 3.25036 13.1544 1.61598 2.02901 
0.000102254 0.00321184 3.37826e-05 2.94418e-05 0.403191 20.9968 0.00062566 9.0783 0.0923551 1.72596 3.33236 91.7353 0.0186691 2.96184e-05 0.839682 17.4923 4.35148 7.5419 
0.0476907 0.000334732 0.00129109 0.0349811 0.000132504 15.0785 0.00229789 2.51846 0.207076 15.1035 3.96113 63.7744 9.24938e-05 9.18462e-05 0.955905 41.3684 1.72277 2.4836 
0.0235247 0.000540113 1.11899 0.071847 0.120286 35.7388 0.00184291 0.620389 0.746372 11.2024 0.903573 306.463 0.108533 0.0108937 1.29562 2.5707 1.82259 5.58853 
0.00133156 0.0428697 0.109338 0.0167119 0.000812675 2.6217 0.000331232 2.15184 0.652095 0.641855 0.00168268 13.0749 0.00880562 8.17906e-05 1.70596 38.8361 1.53161 5.6219 
0.00209911 3.47839e-05 3.10923e-05 4.20353 0.0241536 5.2789 0.0023895 1.33042 0.32568 0.165815 0.133388 449.582 0.000172155 0.0196582 2.51026 1.90163 1.18073 2.92052 
2.75999e-05 0.0411838 9.24798e-05 0.00176661 2.05551e-05 0.194042 0.00195765 0.152135 0.780916 7.43736 0.105483 177.361 2.57924 0.000980574 1.49605 7.25767 2.68616 2.76678 
1.04259 1.37581e-05 0.00176027 1.68148 0.212669 269.174 4.32865 3.78521 0.0392094 0.0887668 7.28083 82.9418 0.0077675 0.00146589 1.60491 7.58543 2.25524 7.08985 
0.357898 2.16177 0.315603 3.72412e-05 0.00392774 32.6001 6.66924 8.1123 0.0642347 0.0287331 0.833057 31.2706 0.00166881 3.04414e-05 1.98667 43.7281 0.890798 9.77799 
0.0132409 0.410468 0.0777696 0.00118786 0.00433895 13.5925 0.0109482 0.566467 0.208254 0.141169 0.0501381 130.256 0.000522866 0.00611382 7.53711 24.1351 1.8211 1.38907 
0.350566 0.000142377 0.036452 7.26801e-05 0.053747 370.981 6.04171e-05 0.129224 0.821327 273.104 4.37708 26.4547 0.40672 0.000157577 1.79327 41.643 2.43449 4.89441 
0.00130041 0.00130523 0.00323729 0.00504548 0.872117 90.2812 0.000167528 4.72037 0.0230113 0.102685 0.608325 335.223 0.0175206 0.000374446 1.60989 32.0615 2.12243 2.30921 
0.237783 0.00895343 1.78794 9.76707e-05 0.000187306 0.162414 1.0889e-05 0.204723 0.0657882 10.3141 2.14694 41.4468 0.00383795 1.37357e-05 2.75021 31.5183 1.04643 8.13255 
0.302735 0.000163711 3.99221 0.00848555 0.00118964 7.13103 3.05355 0.0869621 0.756696 46.6337 1.17873 123.532 0.0343387 7.2111e-05 1.98572 25.1215 3.99907 2.40143 
0.479808 2.25589e-05 0.00042181 2.1742e-05 0.080528 4.21716 2.41045e-05 4.97762 0.0402222 0.347258 1.58094 91.1718 0.000791722 0.0955737 1.20492 18.9984 2.21622 1.7218 
3.62894 0.00030784 9.34036e-05 0.153387 2.85385 1009.96 1.63916 0.382558 0.0321623 0.226774 1.04348 253.335 0.0556815 0.000644247 0.819348 9.11246 8.31471 9.22031 
0.0204762 6.15472e-05 0.000543041 0.000255628 4.05681 885.387 0.523611 3.06915 0.234189 7.35438 1.45696 410.793 0.000336103 1.25803e-05 2.2258 11.2591 0.857071 3.93393 
0.00998754 0.000243949 0.0603432 0.000607482 0.0217229 1.91217 0.187496 0.573701 0.131338 0.242067 0.0740047 20.5225 0.00219578 0.000465785 2.05029 47.6066 1.00135 8.72427 
0.0411909 0.00047075 0.0057836 0.486616 0.000756405 7.93185 0.0531649 2.1686 0.656014 2.16024 0.229307 12.3952 0.00069619 1.96555e-05 1.426 30.1049 1.43314 4.38137 
0.00135883 1.58628e-05 0.0621573 0.000368356 0.714497 0.0875251 0.00024984 1.06807 0.137991 0.939883 0.520151 72.6291 0.000745448 0.00057006 3.70357 21.5577 0.906152 5.14461 
7.93284 8.40942 9.07948 0.0301162 9.07894e-05 3.03598 0.063162 0.0447722 0.0171592 21.5165 1.46595 23.6753 0.0083456 0.0148776 1.55833 47.7369 3.82931 5.51483 
3.18274e-05 2.51267e-05 0.000155415 0.0982434 0.000567901 0.471479 0.000380224 0.938334 0.472974 1.15615 0.222926 20.4093 0.00114553 1.84748e-05 3.07365 38.1239 1.08839 8.16199 
0.00231228 6.36324e-05 0.0167823 0.000673752 5.86931 0.0263606 0.000182771 1.92477 0.186732 0.901817 0.51389 180.534 8.67246e-05 0.00144035 9.66684 5.91136 0.986591 9.84849 
3.85784e-05 0.000367545 1.90189 0.000195164 0.000453183 426.072 0.846099 0.0814066 0.127055 2.49753 2.66351 399.718 0.00423671 2.25265e-05 2.10903 2.25239 1.80569 4.62724 
0.043041 2.14369e-05 3.00219 0.0016283 1.15559 234.657 0.000380169 0.000668705 0.000345071 9.2664 0.0132253 2.25472 7.54344 7.80741e-05 2.45492 43.9677 0.767791 6.01263 
1.2327 0.0505767 1.23557 0.000107204 0.000473005 0.745253 0.0076497 0.0325492 0.0221397 0.196604 0.573607 301.756 0.149951 0.0044512 0.949112 8.04104 2.51417 1.39247 
1.73347 0.380351 1.03448 0.000197884 0.000102545 28.6339 0.00247334 0.467292 0.215677 8.98765 1.77333 334.762 0.00456987 0.000427121 6.13005 11.4594 1.28838 3.31592 
0.597465 0.0132519 0.0710786 0.000358757 0.0257823 6.33931 0.301163 0.298271 0.435442 0.0101811 0.000103179 175.73 0.000803933 0.000188057 1.07696 17.7559 1.41483 1.7002 
1.25879 0.0102924 1.55893e-05 1.01673e-05 7.08911e-05 1716.16 0.00947027 0.0618667 0.0312026 0.0579698 0.131476 345.987 0.00675607 0.000222857 1.05528 7.19826 3.08219 2.11125 
0.348619 0.000219638 3.60668e-05 0.0193855 2.93339e-05 1.7511 2.02426e-05 3.99665 0.321941 2.08795 0.411277 108.965 3.68966e-05 0.000138613 2.67714 43.3651 2.44256 1.41417 
0.000163194 9.89918e-05 1.24395 0.178307 0.000222262 0.413129 0.0115383 9.74484 0.121932 5.60803 4.61983 104.454 4.58957e-05 0.00792751 1.70362 47.1641 0.883163 6.23132 
0.000191973 7.07457 0.991472 5.72184e-05 0.20078 210.499 0.0086703 0.536064 0.384191 1.04185 0.162954 113.278 0.0206039 0.00847672 6.67682 15.8408 1.77355 5.51172 
1.60004e-05 0.0319054 0.000255618 0.00305338 0.000180587 0.915799 0.000742107 1.70545 0.120437 0.465767 0.302755 105.401 0.193424 1.90321e-05 2.4954 36.3658 1.51439 2.18173 
0.0500373 0.00326112 0.00108008 2.7107 0.00957816 0.570003 0.693465 1.18263 0.0380397 0.0276145 0.0539691 283.888 0.769934 2.61141e-05 1.83484 19.0718 2.75888 1.17002 
0.23136 0.0182055 0.398794 0.0543072 0.0444699 0.0258967 0.000248068 3.261 0.293887 0.492431 0.440674 21.7629 0.0318373 0.000212706 0.871647 33.0817 2.11915 3.07296 
0.00177603 0.294417 0.39756 0.184041 0.020335 0.0567225 0.0327768 1.05224 0.00624177 0.0530666 0.493233 292.614 0.00375517 0.000335063 5.56806 16.1708 1.14257 1.08612 
2.34808 0.122771 0.000584053 1.14661 0.902316 0.376985 5.21309 3.73676 0.0706991 5.08341 7.37812 286.655 0.011535 0.000676382 5.00468 38.8519 0.966095 3.92967 
0.0805939 0.00151079 0.00864545 1.0091 0.000628915 0.196084 0.375318 0.000120028 0.0217842 0.741053 0.0222832 41.5296 5.63912 0.000393399 1.96867 48.3278 2.12621 7.66088 
0.000630969 0.000725802 0.000117606 2.02471e-05 0.0590413 178.343 0.000289643 9.47813 0.0214275 0.0746251 0.515067 112.498 1.40559e-05 0.0250317 1.19045 27.0089 1.18485 2.76007 
0.000254468 0.204137 0.6688 0.238187 0.977889 6.53397 0.171002 2.82653 0.0866739 4.44283 1.23133 328.7 0.186786 0.0131043 1.52632 22.434 1.85291 9.26147 
0.00052898 0.0496796 2.17557e-05 0.0670537 0.00238839 4.12494 0.000876655 1.67965 0.127107 14.3256 6.61535 82.4455 6.56543e-05 4.36421e-05 4.30198 38.4751 1.08595 7.04717 
0.255693 0.121628 0.932254 0.0137809 0.0016242 3.88749 5.52484 0.285234 0.0120229 0.17537 5.66133 75.1337 0.0425593 0.0210067 4.31546 39.3827 1.49099 1.7835 
2.31621 0.00577495 8.19414e-05 0.000223702 0.0317417 490.589 0.15485 0.569735 0.661993 0.0550237 0.000301867 187.323 3.66496e-05 4.71567e-05 6.16095 42.9306 1.61731 0.553831 
0.00246911 0.704946 0.508569 1.62099 0.000201399 1404.6 0.00437998 5.14407 0.484677 0.029054 0.00906971 153.837 0.000729146 0.000860214 1.7823 12.1073 1.40416 7.86864 
0.46049 0.000539696 0.440411 1.95768e-05 0.0931009 1674.54 0.00149809 0.150773 0.114577 0.0649826 0.0350873 209.477 0.0187953 9.51629e-05 0.986942 11.033 2.60153 3.69484 
1.3427 0.00723581 0.044388 2.81977e-05 6.02049e-05 275.29 7.23293e-05 0.746134 0.19504 45.3254 3.3188 85.9089 0.000131841 0.00306481 0.478133 37.9124 1.87442 9.89815 
0.00151591 0.000544973 3.50166 0.994658 1.13917 480.814 7.68472e-05 0.544772 0.325952 1.93567 0.0887645 255.005 0.0414964 0.000131817 1.50867 19.5779 1.93461 5.97037 
0.0491534 3.99215e-05 0.0212048 0.000344235 0.000118243 46.8571 0.0130042 8.92625 0.0674736 2.51442 0.705948 136.282 0.364565 0.00364241 3.31641 33.9332 1.01253 8.7766 
0.00287981 0.00426654 0.0123335 0.498113 0.000189943 2.05731 0.203514 2.01653 0.0266679 0.0143891 0.466962 55.6714 0.000352587 0.0665009 2.1639 33.167 2.48049 8.69744 
0.137507 0.000984827 0.125405 0.00751055 0.00219286 1.13609 0.968306 3.14799 0.205779 1.52154 0.0316516 196.982 1.01218e-05 0.000613195 2.2722 25.2174 1.93461 2.55192 
1.7581 0.32462 5.22028e-05 0.000207803 0.0133143 2441.77 1.41432e-05 0.0732934 0.374824 5.69344 0.031109 200.519 1.85015e-05 0.00111853 7.539 11.9908 0.777706 2.55475 
5.41091 0.00319744 0.000610266 0.925126 0.123296 1.35176 4.85524e-05 0.668442 0.0513427 0.0361685 0.167578 163.942 0.000277022 0.0688619 1.54194 7.22185 1.67291 8.80971 
1.33233 0.0204246 0.000115193 0.000409134 1.02513 672.567 1.13257e-05 0.106446 0.248624 115.788 2.80995 67.6251 0.175201 0.012472 6.71566 27.2504 1.41232 5.51089 
2.87419e-05 1.57037e-05 0.0703481 2.39963e-05 0.956102 9.97418 0.00854723 1.58086 0.0634964 0.0427446 0.178615 363.46 0.00197839 0.583669 9.90628 8.41563 1.27631 2.86114 
0.000155842 4.34659e-05 2.23961e-05 0.00834083 1.6098e-05 14.76 1.23469e-05 0.111045 0.0158521 1.31693 2.568 117.201 1.48561e-05 0.0323097 2.74577 25.559 1.29675 1.64752 
0.000559983 2.3499 1.68285e-05 2.36377 1.4581 1.04113 0.0230138 3.7487 0.358073 3.41107 0.355937 120.92 0.0192074 0.0180488 0.965687 22.2641 5.82729 6.44458 
0.00244925 1.09886 0.000390468 0.000115368 0.000255973 1.07246 0.872195 1.43262 0.0710744 0.722967 1.19599 416.737 1.00077 2.88021e-05 5.44511 18.4595 1.79391 1.85221 
0.00636808 0.00192775 0.200974 0.100614 1.49679e-05 550.452 0.00102397 0.731053 0.581749 125.203 6.42222 56.2457 1.63833 5.17154e-05 8.85322 43.8171 1.18197 3.05833 
0.000370963 0.0615737 1.20001 0.000211073 0.0342707 0.0399946 1.17982 0.355637 0.525072 6.89514 0.119496 407.63 0.000131424 2.91518e-05 7.38225 9.8021 1.36182 1.55944 
4.45323 0.0286259 0.395867 8.51387 3.37221e-05 1504.56 0.0420015 0.0466076 0.444758 0.487473 0.0127753 156.382 2.43649e-05 0.00138016 0.924548 7.35304 1.95917 4.2972 
1.19278 0.0463467 0.0342187 0.00870316 0.00196079 0.251978 0.0207397 2.641 0.145326 74.9719 5.31552 188.737 0.000674618 0.00179226 0.718676 13.506 3.30453 2.57429 
0.000294699 0.918991 0.00907399 0.255216 0.00861021 0.211575 1.4242e-05 0.890821 0.293433 1.43327 0.00570451 96.4555 0.000215288 0.000687557 4.76112 10.7725 1.07095 4.9265 
7.05558e-05 0.273659 0.697281 0.561983 0.000272676 0.52825 2.29474 0.87613 0.956897 24.8613 0.227587 36.3067 0.00391461 1.14183e-05 0.796553 40.0907 2.25397 1.47355 
0.00154027 1.95738 0.889171 4.73626e-05 0.000742042 4.16882 0.424699 0.242526 0.0399194 0.108202 2.72108 54.3907 0.0697202 0.00014303 3.18314 40.0886 2.02978 1.56105 
0.0218087 0.0848478 0.000375288 6.56798e-05 0.000125988 0.340859 0.00866567 1.96183 0.385942 0.671206 0.215484 329.104 0.215414 0.000743601 5.6384 10.1811 1.287 2.80205 
0.108741 2.53365e-05 4.35952e-05 0.00458854 0.000224555 39.3881 1.04876 0.610585 0.428963 54.258 4.98517 21.4042 0.270098 0.000647499 1.22582 34.4581 1.5188 1.76828 
0.00788102 0.478343 0.000843018 0.000489034 0.0808179 0.178557 0.00100832 5.08992 0.402456 0.15328 0.0145961 144.615 0.0027056 0.000909592 1.71687 16.154 1.57652 6.51014 
0.000118865 0.0246749 4.7537 0.00185301 0.922535 5.08357 7.88463 1.14315 0.560357 0.662996 0.00343688 190.311 0.00281796 3.0935e-05 0.556885 43.8697 1.28231 3.58266 
0.0920088 0.0779924 0.00118998 0.00263726 0.396832 2326.95 0.0225944 3.1797 0.0360573 0.0216186 0.380262 266.702 5.40072e-05 0.00493474 3.63912 11.2548 1.06081 8.45863 
8.74241e-05 0.363875 1.50462e-05 0.000919798 0.0117124 521.806 1.79332e-05 0.66076 0.292138 0.05685 0.00214654 465.97 0.0310593 2.44104e-05 1.0676 6.34531 3.59346 2.37895 
0.0162755 0.000208255 0.240171 0.00675177 0.000368331 288.955 0.00457399 0.59123 0.0169056 0.0770226 0.287885 243.594 0.00261022 0.000129059 1.75433 5.67568 1.02721 4.96041 
0.0723603 0.0011036 8.39865e-05 0.000289861 0.0185524 0.079381 0.0581865 3.90872 0.645275 1.10336 0.0208829 35.2253 0.0636184 0.00148121 0.70271 35.8316 5.59684 9.88734 
0.0363989 0.264148 0.000201672 4.78667e-05 4.64961 4.38048 0.000608483 1.41767 0.840438 9.09349 0.241574 33.2561 0.0472581 1.77111e-05 1.50734 39.2085 1.34819 8.65201 
3.84332e-05 2.43283e-05 2.47823e-05 0.00110404 0.00388911 0.0848539 0.00184768 2.33051 0.123053 4.68882 0.236402 138.878 1.931 0.0156648 2.27649 43.8962 1.51861 2.97426 
0.00535826 2.20355 0.000943076 1.43144 0.00641666 0.0389808 0.000278366 0.225497 0.0247464 0.0110974 0.0226712 225.205 0.425534 0.0404204 1.28737 6.99797 4.18894 9.11639 
2.30433e-05 0.0245003 1.92976 0.0308166 0.00103699 0.0201663 0.0877024 1.12188 0.0526463 3.52757 5.79976 413.194 0.00477293 0.000591981 2.29705 6.27757 1.82826 6.03031 
5.10398 1.04591 5.49748e-05 6.6595 0.00244718 1859.62 0.00569758 0.497068 0.42448 2.97839 0.316403 443.829 0.000506489 0.121663 1.4595 22.4835 6.00765 1.26803 
0.000257318 0.143581 1.89674e-05 0.0472436 0.000447449 82.5856 0.000917599 0.170937 0.000175709 0.557061 0.0281002 0.047567 6.06976 0.000451446 2.38734 45.1725 1.7245 5.5263 
0.112136 2.71409e-05 0.000188003 1.45171e-05 0.0338348 606.391 0.000230787 0.154371 0.0451065 0.430415 0.772991 56.535 0.000112275 0.00247116 1.29821 30.3847 1.14746 3.22856 
1.09536e-05 0.00375287 2.41136e-05 0.00110934 2.25676e-05 631.684 0.000198622 0.833175 0.17327 0.322979 0.690176 117.854 0.000737537 0.000542906 1.98119 7.5512 1.94449 5.63056 
0.00719741 0.000450345 1.55409e-05 0.015982 4.26653 0.960824 5.5428e-05 0.585694 0.0964814 0.0413443 0.00665286 487.454 0.00196676 5.30619e-05 1.58266 25.8138 2.00652 0.240231 
1.21891e-05 7.50423e-05 5.32073 0.0323934 6.11779e-05 137.005 2.62965e-05 3.19577 0.0286484 3.03348 6.29981 421.218 0.0428576 0.00744191 2.2866 14.3209 1.53888 1.20635 
0.00016041 0.519622 0.000158291 0.000706373 0.084507 74.1063 2.23935 6.46957 0.157495 1.87311 0.0819719 110.393 0.0370341 0.0259714 2.56383 11.4068 1.14645 7.53609 
0.00272848 0.0412868 7.51713e-05 4.46249e-05 0.273235 1041.12 0.245714 1.89853 0.333897 44.0585 4.66133 185.283 0.000220435 0.00149726 4.26851 7.23098 1.7628 5.64994 
0.0414551 0.47004 0.0105138 0.00627652 0.567175 8.72272 0.000315357 0.302351 0.734752 1.85151 0.0272374 61.3783 0.483681 3.36538e-05 0.63666 20.1236 2.63837 3.62213 
0.207996 0.0117102 0.000882851 0.00549909 0.00125012 0.251444 0.00331772 0.445032 0.0525089 0.722237 0.276944 76.8399 0.018353 2.18393e-05 4.69656 38.4381 0.828268 6.07337 
5.59902 0.00600351 0.993508 0.00022399 5.17245 0.307594 0.00017809 0.579912 0.00975606 0.0430313 0.334722 208.796 2.10351e-05 0.0444045 0.968312 8.7274 2.99969 7.90485 
0.000405542 0.468779 0.00875856 0.395665 0.0863884 0.01004 1.35969e-05 2.49617 0.0214857 0.0944532 0.725452 31.4856 0.0235944 5.49191e-05 1.23129 22.8607 0.978293 6.5944 
0.0440518 1.55473 0.415202 1.06943 0.00100216 13.5388 0.000684413 0.345895 0.0682256 60.8826 3.85958 116.545 1.70941 0.00635319 2.04778 7.76142 1.48036 7.16862 
4.18136 7.09619e-05 5.34991e-05 0.000132661 6.27934e-05 97.4082 5.28364e-05 4.80325 0.0963421 1.15184 1.18554 112.053 0.000368149 0.000558316 1.35123 26.7487 1.33438 9.27744 
0.00481975 0.689393 0.0792585 0.111928 0.0022247 18.8591 9.30583 0.326189 0.740355 10.9232 0.0987886 122.388 0.00237221 0.144359 1.18844 38.2811 3.3159 0.763474 
1.08633e-05 0.544183 9.54437 7.05315e-05 0.00021538 0.226926 0.00251498 0.0900436 0.0526817 0.331354 0.316286 255.896 2.84712e-05 0.0360895 2.18228 4.21456 1.78146 7.93429 
0.00110921 0.000335713 1.56662e-05 0.000635944 1.13659e-05 1.89672 1.40636e-05 5.86342 0.156469 16.2902 5.93076 198.925 0.000305419 0.000572534 1.95152 30.5998 1.7477 9.10663 
0.000798511 2.01872e-05 0.784649 1.23155 0.486516 0.149684 0.0117222 0.0870963 0.00670655 0.882456 3.83072 25.447 0.000317763 0.00244091 0.6992 35.5289 3.17889 9.64026 
0.000417424 0.00347429 0.00188569 0.000115634 4.00067 2676 0.000565549 0.143455 0.296917 459.528 4.84469 116.027 0.00243731 0.0104687 0.724668 33.6479 3.62269 1.11494 
0.000180378 7.41288 0.356947 0.0731588 0.000227838 8.07581 1.18776e-05 1.34739 0.000125622 3.18712 0.01111 19.5115 9.13436 0.000116808 0.785371 26.143 2.0287 5.96127 
0.485463 0.00206778 4.92325 0.000391831 0.000851531 197.203 3.00975 0.0418576 0.191815 0.331647 0.0257063 484.48 0.826992 0.00381463 7.01652 27.806 1.38028 0.516248 
0.0193685 0.000686695 2.15989e-05 0.000100043 0.0107584 318.508 6.13675 0.2699 0.0360654 0.499805 0.437499 402.328 5.57342e-05 0.019865 1.70393 6.83249 1.78296 2.22031 
0.00171148 0.00141015 0.418583 7.72833 0.000407495 9.13371 0.000511967 1.8107 0.0798245 0.273763 7.71365 87.9207 0.0409488 0.000682845 4.57103 29.883 1.88235 1.58683 
0.000222354 0.052402 2.06456e-05 2.72194e-05 0.0149647 55.136 0.00068073 0.622023 0.502728 5.68623 0.414183 372.135 0.277623 0.151931 2.26648 5.84644 3.48001 3.1943 
0.00720783 0.0101317 0.000208056 0.0460652 2.93264e-05 1752.79 0.224026 2.9393 0.0128816 0.12414 1.78043 412.526 5.74426e-05 3.67996e-05 1.25072 15.3225 2.58223 3.30269 
0.25793 0.0001829 0.00289764 0.00149639 0.0175994 2.01187 0.000700189 1.20593 0.0706991 0.522494 0.483521 65.3612 0.00326855 0.0264695 7.36155 45.6902 0.879734 3.24282 
1.49618e-05 5.23723 0.000475603 0.0834155 3.83122e-05 0.145273 0.883058 0.734488 0.0159854 0.156339 3.18304 116.8 0.0741665 0.00421645 0.840112 49.251 9.55828 4.32457 
0.0156508 5.29774e-05 0.000125272 0.360565 0.211419 1434.97 0.623131 0.125613 0.00577874 0.0789871 0.177617 136.584 0.185734 0.000336118 3.93641 10.0673 1.40921 8.0836 
0.0178867 0.709141 5.02015e-05 0.00204037 0.00507377 7.02049 0.00692039 0.0410657 0.00121803 0.323471 0.00280804 1.4859 7.71545 0.000633269 0.53842 37.2 1.20342 5.03293 
0.00191256 0.000117449 0.0184958 0.391688 1.91304e-05 44.0375 0.000198482 4.9823 0.367033 0.21207 0.0699155 154.662 0.000418871 0.0142859 3.13477 19.7327 1.57806 3.75002 
0.0408841 6.37708e-05 6.52874e-05 6.20577e-05 1.10222 0.0143355 8.09587e-05 2.49545 0.635117 1.70462 0.0527209 115.02 0.754811 0.0107785 1.27843 18.3201 1.19759 1.48834 
1.5822e-05 1.72372 0.000562616 0.000294517 0.007256 0.0167176 0.273274 1.45586 0.0184164 0.150487 1.19102 67.151 0.000131871 0.038491 2.33049 30.065 1.67915 2.54447 
0.274502 0.487491 0.141994 3.74377e-05 0.00493407 5.84078 0.116753 1.14164 0.0316605 1.30183 3.42683 128.134 0.0516832 0.00110454 5.53112 27.6653 1.62146 1.5209 
1.07645e-05 5.24578e-05 0.0282115 6.90497 0.000167109 619.709 0.105396 0.917205 0.020634 0.0699241 6.83931 112.502 0.005386 0.303361 3.23995 21.9752 1.99413 2.45856 
0.000399155 0.0274623 2.29626e-05 0.875549 0.000489128 4.35236 1.14702e-05 0.0151581 0.288038 114.624 0.0677022 52.697 0.0231323 0.00019697 1.1663 48.1365 4.6774 3.53707 
0.403726 2.94454 0.915932 0.11085 1.38904e-05 1097.12 0.175587 0.00880748 0.0673384 11.5839 0.551917 63.5571 0.0036145 0.0303897 2.2334 23.1221 1.62317 3.28949 
0.000122794 6.27221e-05 0.928684 2.91644e-05 1.20065 7.59454 0.786387 0.870927 0.203137 1.87535 0.846467 70.8477 0.786255 4.57879e-05 2.81363 27.751 2.12211 1.46167 
0.305984 0.000467592 0.00292022 1.36334e-05 0.0032841 0.395022 0.0451421 2.08528 0.755641 0.307912 0.00903855 55.9928 0.0704709 0.000345856 1.08934 33.2594 2.18968 2.08511 
2.51556 0.0612682 0.631308 0.00676891 2.1164 1444.55 0.376861 1.19522 0.85401 76.2476 2.11016 363.939 0.186468 0.0605275 6.53107 16.7585 1.7557 1.62348 
0.0018232 0.00279968 2.799e-05 6.184e-05 0.152803 0.166384 0.571007 4.22122 0.282809 4.42808 3.93673 488.047 0.0136679 8.89762e-05 2.56525 4.7397 1.47094 1.17363 
0.948958 5.77426e-05 0.030708 0.0962559 0.00598725 0.0396066 4.59303e-05 0.664097 0.0272273 0.010781 0.259846 118.397 0.0554043 0.00293087 2.2589 16.5438 2.62425 2.44919 
0.000626445 0.00879999 0.00491039 1.77978e-05 0.000346516 1324.26 0.0404429 0.478168 0.614544 37.8635 0.944828 470.108 0.000640387 0.134543 4.34894 48.0544 1.62616 0.255543 
0.00326203 0.687838 1.7683 6.20342e-05 7.73967e-05 0.479828 1.78508e-05 0.39556 0.385203 3.38034 0.0646016 467.21 1.29551 0.00164151 0.967926 7.05787 5.66998 3.38833 
0.0144091 0.00104537 0.0947239 0.000241143 0.00358691 9.2922 1.44008 1.97578 0.414576 0.394409 0.0148676 36.8681 0.00334061 0.000374813 0.514505 37.1755 1.60162 9.61752 
0.153432 0.185731 1.31373e-05 0.0230026 0.00512889 0.0100147 5.29189e-05 6.02335 0.0622703 0.777868 2.33824 40.8164 0.000188928 1.51332e-05 3.53374 40.4758 1.00512 7.0724 
0.0635825 0.00020851 0.105825 0.245767 0.0779425 577.666 0.0673606 2.97394 0.244291 5.89763 1.43316 426.1 0.0262489 0.0348246 4.50075 32.4725 1.567 2.73019 
0.019937 0.0202926 1.55531 0.0741897 0.502908 0.196673 0.000698649 4.77611 0.183723 2.70935 0.684969 491.726 1.12253e-05 0.00026827 5.33096 46.4965 1.75362 0.445345 
0.0116359 0.0118491 0.0156552 0.368113 2.42417 2.74263 1.04871e-05 0.0865958 0.0844656 207.88 4.61874 385.667 0.00539491 0.000137933 0.964687 3.68231 2.10748 3.5268 
0.00458936 0.517192 1.95399 0.0428597 6.87609e-05 7.75549 0.0211442 0.849848 0.712727 0.67264 0.0176933 327.075 3.28175e-05 3.85941e-05 1.13876 36.9456 2.71946 0.654379 
5.8559 5.47291 0.013072 3.68968 2.40453 1.18967 0.00709194 8.35953 0.102617 1.00277 0.177105 306.23 0.000128265 0.000158221 1.20106 14.447 1.06815 2.03152 
3.08294e-05 0.134096 3.50011 0.0704499 0.000416923 1.86272 0.000386626 0.0920975 0.0727418 0.0810931 0.008435 68.319 0.000116769 0.0900769 7.75068 49.1334 1.39518 2.2708 
0.000131905 0.0400231 4.99226 0.000124 2.04441e-05 27.7049 0.000100413 0.234576 0.92281 0.648701 0.00243283 223.778 0.000335727 0.0232789 5.15523 33.4438 1.2296 2.93962 
0.00295286 0.943638 0.862918 0.0385276 0.0484786 103.996 0.26638 3.74076e-05 9.59023e-05 0.918713 0.0165562 420.562 8.23797 0.000406708 0.82012 46.0112 1.93714 7.49292 
0.000677831 0.230055 3.00052 0.512702 7.469 2998.79 0.00106591 0.157847 0.065997 0.184853 0.190223 86.7229 0.0147902 0.000196166 1.28042 47.0339 2.89166 0.729478 
1.92129e-05 0.759345 0.00128561 4.79861 6.34246 0.0884394 0.00240189 1.96056 0.0381098 6.98543 0.572013 225.001 0.00235943 4.15408e-05 2.45506 26.0552 0.925508 1.28881 
0.000307818 0.222206 8.68807e-05 5.08186 0.434746 0.826177 0.00150371 4.1321 0.0203532 2.11333 9.47604 269.766 0.00400124 0.000471352 0.85163 18.7523 2.31821 2.47139 
0.41961 0.89323 0.00213742 1.01269e-05 9.66517 790.459 1.17814e-05 0.728699 0.0740691 0.077645 0.0246021 289.338 0.961425 0.000507781 2.33444 9.94792 1.78923 6.83445 
0.000765828 0.000847509 0.000282222 3.0443e-05 0.000320208 13.7192 0.00162074 0.636799 0.689993 11.4273 0.48876 184.942 6.22753e-05 0.000240266 4.69641 9.74777 0.995459 1.47225 
0.00331919 0.000351807 0.129886 0.0923864 0.907574 16.199 0.00334677 3.58247 0.736089 0.446372 0.0245306 125.754 0.00356176 0.00229058 1.32365 32.9156 1.48751 2.90692 
4.26286 0.000315117 0.00176612 0.000356295 0.0649387 250.703 0.765036 1.45165 0.193719 1.96358 0.506116 218.789 0.0461036 2.73274e-05 1.80009 6.05595 1.04312 7.27976 
0.00198389 0.0267876 0.000302747 4.19203 2.93853 18.573 0.00849233 0.160405 0.146797 0.144017 0.0103212 352.587 0.00013367 3.06383e-05 7.19945 3.69843 1.01891 8.01997 
9.34674 0.00136462 0.0484568 0.022588 0.451663 16.3991 1.30801 0.0974133 0.0258937 0.545373 3.06172 37.425 1.82543e-05 1.34208e-05 1.36658 49.1354 2.81796 1.80414 
0.00200858 0.0622515 0.00136385 1.5561 0.0260067 195.108 0.945651 0.384396 0.113045 43.3112 4.61946 87.4001 1.44971e-05 1.03565e-05 8.82352 27.2882 0.834996 6.04799 
0.0014382 0.7758 0.000130812 2.04588e-05 0.0050109 741.5 0.00908603 0.97711 0.320577 0.0979843 0.00283927 24.2597 2.70642e-05 0.00470334 0.869422 35.8071 3.04492 6.35851 
6.54028 0.913245 0.0280413 0.554891 0.0283115 118.272 0.00028825 1.54004 0.00594004 0.185855 9.80938 255.009 0.0061121 0.164638 1.76854 34.9018 2.58494 1.15265 
0.000137635 3.64056 0.01063 0.00175756 0.000135232 0.559106 5.5395e-05 0.479848 0.000887225 0.623811 0.00183036 0.256664 9.88934 0.000159027 0.848792 30.6817 2.58571 9.72393 
1.62267 0.000196373 0.301417 8.20877e-05 0.0072652 10.4133 0.0454324 0.794024 0.0644743 23.5356 4.61077 450.528 0.000220785 0.00132086 1.22541 4.27927 2.64711 4.33127 
3.82333 4.50837e-05 0.000118741 0.000118388 0.00650923 360.787 3.32976e-05 1.62073 0.632762 182.467 0.539629 301.564 0.323295 9.37256e-05 1.76481 28.1449 1.74235 3.67055 
0.000446731 0.000119325 2.33866e-05 1.03968 0.929136 0.020702 0.0380587 0.564658 0.0495698 5.34508 0.0935359 70.7814 5.82138e-05 1.11426e-05 3.76096 22.9715 0.821974 4.53463 
3.27219e-05 0.00917723 0.0430015 0.0461431 0.121407 1279.75 0.325265 0.763347 0.0865427 0.0694488 0.226057 100.944 0.00220066 0.000123122 2.08122 36.4725 1.94012 1.25359 
2.90603 8.88794e-05 9.09275e-05 4.11858e-05 2.69566 0.396873 0.543448 1.66265 0.16387 1.87602 0.907277 126.977 0.00590194 0.0264098 1.73442 7.24559 1.42828 7.15046 
0.0607967 0.00254984 3.852e-05 0.139371 0.000127023 0.252907 0.000119187 0.0402225 0.126545 0.0369168 0.0137502 76.8988 0.0504565 0.00755648 1.06598 27.9733 3.40077 1.84451 
0.0038305 0.622214 1.239 1.66082e-05 4.73153e-05 5.0535 0.00202533 0.258259 0.219898 21.2846 2.28309 58.3211 0.0357665 0.00903478 1.98719 22.1181 1.36923 4.48122 
0.785805 1.34954e-05 0.000308464 0.0441148 0.00146398 2.87859 0.622875 0.153691 0.110345 0.0526185 0.00861137 27.1714 0.000231895 5.24872e-05 0.935165 44.2187 1.28277 2.77517 
0.887819 0.000124138 0.0686087 0.454093 0.0048103 32.3952 0.000428167 1.71624 0.596917 2.92205 0.152158 146.062 0.00555793 2.21448e-05 1.59619 28.0624 2.87953 0.876979 
0.0213937 0.00371725 0.0064997 0.0112036 0.00105197 22.6352 0.00658674 0.251526 0.00913794 0.0171634 0.391854 45.4848 0.00554143 0.00172795 2.6691 49.8626 2.21781 1.48322 
9.29166e-05 0.0579357 0.652311 2.28841e-05 0.00102693 1681.02 0.000304024 0.182801 0.0115238 0.0466676 2.72631 156.799 2.05126e-05 0.0057529 2.66674 9.51829 1.25979 1.73318 
0.354613 0.00131194 0.0472655 0.0226258 0.278398 6.49875 0.0125463 1.27809 0.00580711 1.59445 6.63733 70.9992 0.000124947 0.00181857 2.75043 30.267 0.985462 6.78994 
0.000885087 0.000988518 2.41649e-05 0.0904028 0.000194654 0.764917 0.00910516 0.42003 0.00534494 5.54249 0.020413 0.325978 6.53705 0.000187093 1.01745 31.5485 1.77848 7.57374 
2.03176e-05 0.000212841 0.00179003 1.11877 0.03546 0.478976 9.2335e-05 0.573815 0.064743 8.00425 1.00998 9.3619 1.3397e-05 0.0282184 1.67067 38.3692 1.17167 8.59544 
0.00915782 0.555236 0.00763862 0.00206082 5.41743 18.282 0.00990577 1.65016 0.0728071 0.705119 2.39987 273.832 0.00259317 1.37798e-05 1.29892 20.8617 3.70906 0.953831 
0.00532927 0.269522 1.3723e-05 0.204286 0.000234926 0.321807 0.0210638 9.63521 0.0681131 1.48513 1.88685 186.847 0.00711733 0.000371424 0.893209 18.7312 2.13274 4.38531 
0.0201822 0.536473 5.47147 1.94208e-05 0.130446 1054.43 0.0147572 0.115431 0.384401 52.0953 1.35932 132.325 0.0123836 1.22141e-05 1.00343 19.8581 2.21787 2.45814 
9.94566e-05 0.0193887 0.366694 0.3034 0.010559 0.174826 5.00046e-05 0.415205 0.0496919 19.1131 6.1751 78.8586 0.0136642 5.76414e-05 1.38751 18.8582 3.19741 5.55744 
0.0400134 0.00219534 3.46114e-05 0.000206983 0.00087398 2590.8 8.98979 2.35767 0.261888 0.046884 0.000457154 90.4643 0.000100674 3.38495e-05 1.08624 12.1934 2.23838 3.88487 
0.0607849 0.0110186 0.116874 0.463171 1.08067e-05 7.8575 0.00203929 0.962759 0.00952787 0.438744 7.17569 203.597 0.322709 4.45393e-05 1.82336 3.4715 1.41812 4.4963 
0.000217512 8.44442 0.550594 8.27943 0.00113874 13.3902 0.000115972 0.464813 0.151817 0.220069 0.0127604 85.8703 2.47134e-05 0.000534001 1.39956 48.9115 1.54185 0.57706 
0.0123843 0.0380362 0.00391999 0.00256619 0.00328781 5.818 9.3412 0.950183 0.232866 0.128078 0.0156615 120.814 0.000175319 3.74055e-05 1.77773 11.7454 1.60362 3.99956 
3.57469e-05 1.96857e-05 2.28198e-05 0.253012 2.86671e-05 2.64877 0.143149 3.42438 0.0737381 4.5187 0.545725 401.091 2.53475e-05 2.1702e-05 7.25185 35.9327 1.27002 1.33 
0.118715 1.53589 0.0640779 4.97453 0.0414259 517.205 0.0017891 2.16212 0.505437 15.2167 0.669466 161.392 0.0298663 0.000308917 2.14632 13.1921 1.71462 1.55451 
0.00530246 4.1642 0.473631 3.64241e-05 1.83174e-05 0.463046 0.000678508 1.58777 0.15064 0.0818567 0.00200405 49.8846 0.00346061 0.000448014 0.842012 19.5641 2.32098 5.09277 
0.000804048 0.963705 0.101888 1.9839 0.479645 19.6246 0.101545 3.70683 0.0240335 0.0141176 1.27827 295.549 0.000606426 0.109055 7.7761 31.7522 1.07278 1.16073 
0.0260904 8.60658 0.002404 6.7732 1.41768 0.11317 0.0843483 0.784458 0.334807 15.2104 0.612499 35.1592 1.32062e-05 0.0254695 2.57747 29.516 1.96851 9.59112 
0.00203528 2.60648 4.55269e-05 0.000242524 0.523319 270.032 2.63726e-05 0.599856 0.0398663 1.37587 0.899717 52.0607 0.00400552 0.0111174 1.37523 26.8585 2.19981 3.02457 
0.00740477 0.00400765 0.00642336 0.524441 7.21772 0.125633 0.257912 2.38276 0.396884 1.81874 0.0339614 40.6527 3.34133e-05 0.018505 1.42843 23.207 2.93623 7.68553 
0.000188601 0.16658 2.30452 0.0298585 1.12195e-05 0.032794 1.61045e-05 0.485882 0.00602978 0.0105458 0.248238 162.12 0.000257099 0.000173102 0.986017 31.5842 2.1885 0.601987 
0.331975 0.322401 0.283511 0.144081 0.000162852 654.833 0.000155154 5.18337 0.0354912 136.738 4.00783 172.542 2.46489e-05 0.0146161 0.773558 27.0603 1.32259 6.21677 
0.0233919 3.65868 1.89929 0.0129441 0.0145124 1969.96 3.79763e-05 4.86258 0.0530945 1.68925 1.97151 89.9266 0.00271306 5.00045e-05 0.810123 24.8106 1.79326 6.80214 
0.00103975 3.19059e-05 0.0347846 0.019752 0.541814 0.662255 0.0814525 3.00113 0.165085 49.1403 2.19579 35.3527 0.000236212 0.00139412 2.71211 23.2796 1.01968 7.09058 
0.000305099 1.03324e-05 0.476772 4.64762e-05 0.000741999 0.609669 0.0424662 0.469327 0.0135782 0.115461 0.318986 92.1528 0.000141284 0.000224592 0.938193 13.8051 1.24775 4.23991 
2.61791 0.00102721 0.018084 0.00439668 0.0769226 141.311 1.40402e-05 0.138862 0.0849288 1.53415 0.0305362 41.3585 0.109871 0.000340095 0.922287 24.9025 2.48008 7.73575 
0.000140808 3.25997e-05 3.35099e-05 0.000472164 0.00712757 2.08539 0.00928047 0.493277 0.92508 4.32438 0.00178399 23.0631 9.99031e-05 1.31783e-05 1.30364 38.446 1.59003 6.18168 
0.00483399 0.000292672 1.03358e-05 0.000261792 0.0576636 96.8613 0.0613955 0.756537 0.819371 3.03386 0.019535 241.15 0.00559046 0.00117574 1.20165 18.0214 2.21332 0.791375 
0.00798323 0.989042 0.00346458 5.7797e-05 0.0315756 14.6142 1.83374 0.140077 0.00387082 0.0409758 5.67576 40.59 0.000144941 0.00469184 4.5373 44.3606 1.18028 2.28832 
0.000160302 0.629469 0.015104 0.00159021 1.1774 53.9516 0.000553489 1.6835 0.195097 183.573 3.94545 116.634 0.136241 0.0453861 1.02549 35.578 2.54563 0.640592 
0.0267858 3.5664 0.00332902 4.26022 0.0628546 1235.88 0.00234111 2.30404 0.0105544 0.0144235 0.217683 393.27 0.0272815 0.010304 1.35264 3.26668 1.92494 5.68924 
2.53679e-05 1.09877 0.0203402 0.00195665 0.0136693 0.0116262 0.000182183 1.13329 0.0257284 0.290979 0.62454 163.506 0.000128478 0.0184746 1.01357 15.4918 2.41186 1.95445 
0.894202 0.740133 0.000516091 0.0283987 1.39346e-05 1059.54 2.13338e-05 0.65346 0.276457 370.39 2.32586 12.6464 0.0212561 0.000235721 1.35941 38.1971 0.97242 4.48805 
1.84365e-05 0.95176 0.213096 0.125083 2.7024 21.5064 3.75482e-05 3.07291 0.0942858 24.131 1.69749 33.7335 0.000483839 2.12845e-05 1.50047 23.3713 1.36162 6.93401 
