0.000731327 1.61218e-05 0.000356912 0.000264286 0.0119605 27.076 2.06069 0.000727366 0.199575 2.04409 0.0051778 9.09274 1.63098 1.08464e-05 3.28402 41.8405 0.803724 5.89106 
0.00165789 0.000290668 0.595735 3.56835e-05 0.000403989 30.5569 0.0868889 0.00608679 0.913463 349.665 0.000132923 0.107782 1.0198e-05 0.0312194 0.499847 31.1533 0.826113 8.256 
1.29163 0.000720484 0.188786 0.133319 0.000121742 1.81984 3.55252e-05 0.020416 0.00414352 0.0714942 1.20299 0.982316 0.409126 0.0721094 1.68465 31.0173 4.01407 7.72755 
0.000769216 0.0264671 0.0803349 0.0369152 0.00598968 44.3018 0.000129385 0.00552047 0.0305973 7.07387 0.0571314 0.0460073 1.9983e-05 0.309875 1.71797 42.7684 4.70763 8.24063 
5.31665e-05 0.0504446 0.00122681 0.658228 0.010289 94.5678 5.79735e-05 0.0521438 0.0172526 0.0601177 0.0163048 92.0458 0.0001021 0.00293864 0.364689 31.0998 4.94217 8.2865 
0.0923435 0.000358712 0.00101298 0.000313685 0.0179389 282.052 1.07906e-05 0.418964 0.0168443 1.07851 1.00145 42.8629 1.42864e-05 0.00165897 2.71557 15.9937 0.969225 2.58417 
5.47655 0.141435 0.00118393 0.383055 0.0117832 0.498666 3.68094e-05 0.340148 0.19554 10.6133 1.05551 55.2553 0.000207143 0.0167636 2.08211 16.9051 1.60665 1.15611 
0.000110465 0.36632 0.616232 0.0791086 0.0817545 9.79198 2.70562 0.153333 0.000300266 89.0534 1.46695 368.715 5.58225 0.000164614 3.49373 40.1091 1.74649 6.89598 
0.0254516 0.00301072 5.25396 0.000367724 1.94106e-05 0.0654234 0.0152012 6.49947e-05 5.99241e-05 45.3056 1.89907e-05 0.195936 0.00100031 0.155871 1.79624 42.0194 2.781 6.7127 
2.49197 5.16149 0.00503498 0.112568 0.0217852 2.21427 0.000646817 0.83572 0.0057806 2.2571 0.000259192 0.0436437 0.221434 0.0860427 1.36129 24.6653 1.01644 9.56105 
3.13371e-05 3.38664e-05 0.269814 2.53103 0.0214343 0.850361 0.000743057 1.64319 0.0356078 0.421703 0.769186 0.0181252 0.000451371 0.374989 2.09613 35.3601 3.01013 7.10577 
0.00144677 0.0294086 0.00281961 0.0299213 8.52037e-05 72.0965 6.74005 9.21822e-05 0.880261 0.153095 0.0157598 0.0330592 0.00382806 0.110994 5.10524 45.0398 0.746746 9.68668 
0.190235 0.000441524 0.000121879 0.174175 1.11774 834.255 0.0012845 0.219423 0.02025 2.80973 0.115841 312.586 0.00298663 0.0113508 3.24438 11.1255 1.65496 1.43186 
0.00136475 1.37188e-05 2.52037 0.000225989 0.0207764 41.375 0.765568 0.000308791 0.00325997 17.471 0.0851298 13.7068 2.74919e-05 0.0712403 1.88728 28.9218 0.835306 5.56977 
0.0218823 0.101289 0.000330471 1.82707e-05 0.666446 0.428917 2.93389 0.000780868 0.00157368 6.02671 0.00892719 0.508563 4.42563 0.0691657 0.579692 45.4647 0.970688 4.25599 
2.75789e-05 0.00040455 0.00906949 1.07123e-05 4.44209e-05 9.41972 2.08384 2.91195 0.148533 0.0600463 1.82717 3.62021 0.154017 0.000750422 3.97266 40.0717 0.858353 6.49216 
7.24636e-05 0.136879 0.000288752 0.00189424 2.96228e-05 721.891 0.00287807 2.14152 0.00606829 0.014061 0.166822 177.626 0.000196157 0.48149 3.16178 44.4235 2.84031 3.30481 
6.26151e-05 0.000919517 1.71794e-05 3.02356 0.962036 18.0587 0.00249257 0.0610155 0.00290577 330.884 5.65646e-05 470.762 2.91932e-05 0.134766 1.58753 26.0464 1.04194 8.56931 
0.302395 0.00351194 6.41347e-05 0.437202 0.00560039 1311.81 0.709652 2.64969e-05 3.83438e-05 76.3152 0.0194603 184.25 1.45657e-05 0.266037 1.21679 24.5001 1.95821 3.70741 
0.000698649 4.39122e-05 0.00134136 5.19447e-05 0.000615414 7.33764 0.000649475 0.0129527 0.51199 1.23011 3.25826e-05 0.5834 2.80619e-05 0.0632584 0.432333 36.7145 1.13876 8.55572 
0.00379685 0.000128365 0.00254811 7.00907 0.000998749 0.615676 1.25317 9.11291 0.0735077 0.0727793 8.4318 3.67135 1.87145e-05 0.00855454 3.87671 31.1453 1.14177 4.88027 
9.24516e-05 0.0729166 0.0378052 6.01363e-05 0.00430397 11.2845 0.000124477 0.000230067 0.143623 23.1534 0.000374747 0.886903 0.0616256 0.0768108 0.979912 34.7693 0.686621 7.55067 
0.0140457 4.02015 2.2606e-05 5.12998 6.5066e-05 0.0805225 0.00769687 0.147959 0.000364135 0.10661 0.0677723 4.3291 9.83224 0.0473051 3.01063 34.6582 4.93506 4.92897 
0.0750716 0.0012927 0.00408466 0.0115222 0.00327491 0.0623528 0.00256701 4.21451 0.130401 0.331559 0.0650361 295.085 0.990563 0.000226389 0.603595 3.15839 4.58018 7.24913 
0.556462 0.00777967 0.0356987 7.49655 1.63517e-05 0.0108881 5.11363 0.00121885 0.00995987 0.398819 0.0719043 0.0156636 0.137528 0.245865 1.05204 28.8954 3.7667 9.44095 
0.000532309 0.000651796 0.000269087 0.0433803 0.00239617 932.11 0.00246439 1.34442e-05 0.00658004 1.45457 0.00759498 2.93547 0.00223736 0.329542 2.2924 46.5379 2.4193 7.76944 
0.154907 0.484833 0.0111872 2.05185 0.00317831 19.6877 0.00175415 0.00125415 0.354221 43.5454 3.26754e-05 2.23896 0.343625 0.176382 0.813034 48.1039 2.0484 9.85035 
3.88653 0.0226449 4.12313e-05 0.0165734 0.000142778 0.171488 0.0252677 0.229392 0.416369 452.228 2.71948 117.162 0.508319 0.00111797 5.7332 13.132 0.485775 3.74141 
2.40946e-05 1.01236 0.341168 2.81876 0.000351351 8.85036 0.000508582 0.251619 0.42908 0.623792 0.00237894 286.631 0.0402207 0.182463 6.98619 13.5801 5.10169 6.41088 
0.000147799 3.08839 0.00115176 0.00373097 0.119485 0.337515 0.477348 0.390973 0.000607246 30.455 6.60153 0.0993071 0.818842 0.0620597 1.31364 30.6513 1.68622 5.46351 
0.000259606 0.216482 0.441607 0.168361 0.05417 0.0347188 1.82594e-05 0.239429 0.00301281 69.6378 0.0604908 0.027674 0.00128523 0.220829 2.15368 46.193 1.73712 5.54822 
0.0210484 0.0282585 0.000296949 0.00208335 0.0335713 0.0584591 0.0104743 0.00724177 0.0129589 0.0166317 0.0295456 47.3799 1.45977 0.00011313 1.18663 28.1697 2.04854 7.70229 
0.00217895 0.133845 5.16517 2.04047 0.00141292 393.413 0.00971844 0.00810095 1.9138e-05 0.024557 4.15847 0.0201744 0.205292 0.000551525 2.68458 24.3018 1.22095 8.30768 
0.102709 0.00125984 2.46464 6.83897e-05 1.8418 6.87138 0.00159709 0.0031819 6.99835e-05 0.820956 0.00969587 7.36662 0.000186054 0.134032 2.49025 28.5401 0.916577 4.46746 
7.264e-05 0.913433 9.29394e-05 0.009049 0.219025 0.204252 0.0114948 4.73741 0.0196504 1.94253 0.336297 343.108 1.12012 0.000906421 3.51738 21.1293 2.06158 2.48633 
0.771488 0.00220962 7.81632 0.0103578 2.28987 15.4431 0.593932 0.000523935 0.174492 1.02873 0.000446775 0.0405349 1.33297 0.140157 0.643715 32.9802 3.02166 7.53034 
1.69142e-05 0.000950815 0.0872336 6.04642e-05 0.000611654 0.0180494 0.0149716 0.372828 0.220628 39.4408 1.90804 48.3113 0.0539913 0.000302405 2.09048 20.5284 1.60629 1.56395 
2.20384 0.00349119 7.92493e-05 0.117791 1.33302 0.018929 0.0121661 0.000856749 0.00456729 0.0591364 0.741129 0.181086 0.0850569 7.56511e-05 1.20068 26.7546 1.08981 5.06453 
0.0186554 2.76343e-05 0.00112265 0.00321979 7.64227 34.036 0.17462 2.08649e-05 0.229504 9.58214 0.000428077 159.847 0.000611205 0.190912 2.47275 39.0178 2.62596 4.1937 
0.00343812 0.000302322 4.94622e-05 0.288062 0.00404173 108.368 0.0361136 0.284044 0.096372 0.0897645 0.00475221 167.435 2.35675e-05 0.00424587 6.67594 28.9706 0.898534 4.96246 
0.214703 0.0120115 1.18586 7.75865e-05 3.71221e-05 2602.79 0.104198 0.0729369 0.00108416 0.01895 0.99355 103.146 0.000228086 0.0626629 0.849021 30.8347 5.49373 1.57088 
0.0795576 0.0219595 0.000647418 0.297206 0.0013573 0.0496915 1.41481 5.9756e-05 0.031737 1.0986 0.00608807 1.99523 0.0555733 0.187701 5.37514 31.2643 0.792497 9.74975 
0.135344 4.63985 0.0982568 5.20466 1.32973e-05 0.0733001 5.64671e-05 0.0367332 0.00116936 0.100403 1.08998 172.56 1.41987e-05 0.00309926 7.59064 12.9121 0.991443 6.79652 
0.000355565 0.9623 4.06655e-05 2.38761 0.000272554 0.0330193 0.000594765 2.48844e-05 0.000904009 0.101772 0.00401894 6.3323 0.00091725 0.138508 1.59105 41.0142 0.981014 5.50729 
0.000377717 0.00057023 4.04395e-05 0.0118412 0.000368399 0.020296 4.33009e-05 0.000357825 0.000838477 0.0415592 1.4515e-05 0.0136199 0.283566 0.322676 4.27204 47.9927 2.11696 4.00797 
0.000463681 0.914978 0.0346723 0.00194893 0.000104475 26.3335 0.000128512 0.364228 0.00179566 29.4735 0.186448 170.978 6.35373 0.304989 1.70043 33.163 2.34249 3.16877 
0.164509 1.01648 3.53888e-05 0.00402502 4.95104 926.415 0.00585417 0.217111 0.0767021 1.68624 0.54181 96.1212 0.388102 0.0280827 1.88851 5.68624 1.08896 5.22446 
0.236527 9.21125e-05 0.265268 8.65144e-05 7.30079e-05 3.65111 0.972469 1.1444 0.302858 41.7805 0.68109 123.987 7.8251 0.000210711 1.98931 10.9298 2.55237 2.34029 
0.0010224 0.0128514 0.000425401 0.0616841 0.000862887 1.57325 1.33144 0.000208718 0.000138495 59.9966 0.115345 0.50487 5.82524 0.0355586 0.234667 33.3966 1.64736 7.82636 
0.011542 0.000110816 0.00589758 0.0681572 0.000336322 0.0122168 0.681514 1.91528e-05 0.00869073 0.010212 0.000207667 25.29 0.000877765 0.0370946 0.489701 44.1289 0.954602 9.03663 
0.000427663 0.101532 5.8934 1.28489e-05 0.392501 244.674 0.0056307 3.2337 0.0643347 0.0179942 0.257784 415.601 0.00292345 0.000214571 0.618965 33.6266 0.528713 7.42317 
1.84566 1.16025e-05 0.00271937 0.0544933 2.06989e-05 1.20966 5.46762 0.137534 0.0335054 189.818 2.93407 90.3152 1.06513 2.65526e-05 0.686361 26.4249 2.80149 4.31199 
3.90508 0.0417197 0.19223 0.000596416 0.365853 147.57 0.000693522 5.71221e-05 9.4399e-05 38.1167 1.46811 414.457 0.0407273 0.466613 4.89912 39.0028 2.33792 3.92841 
0.401069 0.304814 0.0183844 0.297487 0.00246852 0.0829989 1.83905e-05 8.22428e-05 0.00466696 6.37666 0.0213581 21.2741 0.000253571 0.492339 4.23958 26.6297 1.92416 8.56014 
0.000214192 0.00316444 0.465083 0.000573288 0.000187158 66.0569 0.000452317 0.402551 0.502219 0.0104202 0.171333 0.449983 0.000330692 3.21756e-05 1.18961 41.3122 1.35736 8.31056 
0.0556962 1.0978 0.000100817 6.29866 0.000726015 7.1893 0.00290851 0.00692364 0.0101336 100.252 2.05006 12.7754 0.0979048 9.42955e-05 2.13274 19.356 0.753797 4.34754 
0.384474 5.55258e-05 0.00212511 0.000298945 0.501833 85.9511 0.0126442 0.136222 0.00130314 7.71403 0.611538 0.34883 6.70382 0.000142401 3.19412 27.9772 1.81595 5.31677 
6.73818e-05 9.92978 0.181877 5.94951 0.11391 1245.75 0.0333934 0.0115019 0.0159196 0.120863 0.0259441 43.1351 0.844213 5.05316e-05 1.88074 38.1408 5.80088 4.43977 
4.13003e-05 0.00318089 6.28281e-05 0.000507343 0.000192003 19.4517 0.000188105 0.2085 0.000497907 38.2671 0.402728 2.54735 5.12187 0.0427245 0.371969 37.4561 3.79986 9.14002 
6.68534e-05 0.0398573 0.00213821 5.57787e-05 0.00903593 2539.31 7.66895 0.00382018 1.40763e-05 60.0763 0.570637 3.68666 7.80621e-05 0.328614 7.45658 41.721 1.70558 6.82604 
2.33167e-05 3.84408e-05 0.0253414 0.00889835 1.32431 183.457 3.87252 6.00995 0.000494975 2.30446 2.5329e-05 0.24307 0.0921457 0.181166 4.08397 30.5678 1.01736 3.82253 
4.09551 0.129915 4.18312e-05 2.69329 2.60469 9.97994 0.000519081 0.0167817 0.00122684 467.267 9.41572e-05 6.03872 0.000739685 0.0278851 0.149322 48.1474 1.60654 9.58285 
0.371381 0.00336448 0.00938205 0.00116164 0.083068 0.588194 0.00998898 0.522405 0.000300997 190.626 0.64436 35.4572 0.0884195 0.214972 0.941324 23.2156 2.3159 7.48286 
1.01979 0.0636213 0.027694 1.03724 8.57011 0.143286 7.98177e-05 3.54541 0.424634 56.4779 0.233135 12.8479 0.00109825 2.45664e-05 0.774685 23.3568 0.892645 8.3435 
0.51172 7.79341e-05 0.000987359 0.731487 0.0151832 25.6024 1.92108 0.130068 0.00610384 280.589 0.00807036 84.0787 0.0223385 0.059505 0.42919 45.8484 0.986581 9.08536 
0.000177475 3.46015 0.236069 0.00308148 5.41493 10.3945 0.0161802 2.34608 0.000602021 0.747853 0.0133739 26.1297 0.000285914 0.0956863 0.841418 27.0825 1.53355 4.65183 
0.0410703 0.377537 3.46635e-05 8.31906e-05 3.36682 0.086791 5.49956 0.000279804 8.65997e-05 5.96968 2.23314 1.87384 0.00528621 0.269184 2.76481 46.1007 1.76387 1.73831 
9.97184 0.000905011 0.476825 4.49777e-05 0.833296 0.283592 0.00134369 1.42068e-05 0.000374288 2.13126 0.379935 24.0277 2.8769 0.00244371 0.762502 42.5818 1.5533 7.73045 
0.0686054 0.000194041 9.97971e-05 0.102768 0.736371 25.373 5.8884e-05 0.0640954 0.00742763 14.2182 0.198084 3.02351 2.3053e-05 0.32385 1.09184 41.3581 5.84232 7.23525 
0.422308 3.60789e-05 0.832327 3.16356 5.6642e-05 0.0243884 0.347579 1.9514 1.12981e-05 0.0746557 0.000633238 0.167768 0.039875 0.146905 1.42693 29.7179 1.12357 9.04524 
0.0388736 0.0015476 0.0169259 0.00798549 0.0114731 0.017021 0.481165 0.139003 0.0132696 0.832357 0.0756565 366.698 0.000983697 0.00494432 1.77344 48.1269 8.07126 2.04989 
0.900886 0.372469 0.719506 0.0711186 0.0566118 0.388234 0.011452 0.197942 0.366582 0.546623 0.137763 2.59637 0.207944 0.00020998 1.23069 41.3733 2.48645 6.10472 
5.3547e-05 0.00012682 0.00138857 9.59454 2.6799e-05 921.888 1.91012 5.39536 0.0134699 0.0292006 0.00260269 46.7699 0.000305775 0.0619262 0.414741 39.2472 3.26091 8.66484 
0.000184741 1.73174e-05 0.000121248 3.39226e-05 0.365235 334.013 7.6391e-05 2.20723e-05 0.00164835 0.0160259 0.0279157 0.235019 0.000104453 0.0497074 1.16756 30.1609 0.629457 8.3484 
0.00454419 0.0759011 4.10774 2.87579 6.73965e-05 142.028 0.0570415 0.000107523 0.158414 0.0259339 0.000207445 1.44368 0.00228496 0.272732 2.95449 36.4402 1.54381 4.09331 
0.000128362 0.00269428 0.000705858 6.61021e-05 1.10381e-05 0.971435 1.21075e-05 0.00199607 0.00973579 14.6837 7.29768 0.23825 0.000643238 0.345147 3.95617 40.2665 3.28202 5.71622 
0.0387869 0.000229515 0.012177 0.000437092 0.0118728 2.46392 4.37306 1.03689 0.0245757 26.2262 0.141843 102.466 0.000960755 0.0131663 2.27389 20.0905 1.38068 1.84921 
0.0330826 0.0115733 2.1858e-05 0.0185456 0.599122 1030.13 0.00328966 0.0138928 0.00383245 0.0943593 0.217059 174.452 1.11867 1.98676e-05 8.66039 12.9287 1.41181 5.61768 
0.000674772 0.995164 0.616151 8.69778 0.0375193 1.70007 2.72239e-05 0.0910247 0.6688 0.758283 0.00311757 403.518 0.00872769 4.52245e-05 0.670526 9.30102 4.65259 9.25095 
1.8954 1.57728 0.00178899 0.00319197 1.9428e-05 342.616 0.00133391 0.000901783 0.328909 0.0154655 2.66278e-05 14.9643 0.454795 0.386467 2.80423 23.8316 2.06253 4.84121 
0.276531 0.000420106 0.000240878 0.000300499 0.000173862 733.521 0.502269 1.35659 0.0648627 0.0243699 0.235176 32.2469 0.00499469 0.0186021 0.347052 44.0401 1.9231 5.3492 
1.51548 0.00200875 0.00158362 0.855822 0.00151251 56.2512 1.68913e-05 0.0002773 0.0336424 0.326901 0.0823225 0.0147743 0.0001163 0.163802 1.51487 24.8618 1.04248 4.10702 
0.000122021 0.65333 6.64147e-05 0.000132875 6.45187e-05 3.01205 0.0128107 9.9217 0.17883 0.48762 0.00237672 10.9578 0.000659894 0.261048 4.20596 34.8594 1.22041 9.82189 
0.002158 1.38662 3.27323e-05 0.00177703 0.195021 122.131 1.94166e-05 1.40423 0.000160374 54.5026 2.83692 6.73743 0.105222 0.0812233 0.448677 47.0163 3.77525 8.24345 
0.000846655 0.0041314 0.028087 0.57019 0.000130346 0.378473 0.0340133 0.000754339 0.00224263 68.4463 3.83609e-05 0.0593905 0.131359 0.0279445 1.36201 45.6928 0.679359 6.25111 
4.15246e-05 0.00071301 5.88569e-05 9.97591 8.91855e-05 0.577356 0.140129 0.000170705 2.96615e-05 2.25392 0.000474848 19.1646 0.0233445 0.629694 9.05762 43.5542 2.15716 9.81081 
6.3678 1.88961 4.79058e-05 0.01133 0.00159766 247.303 0.00179333 1.03279e-05 0.186285 1.13475 0.00147914 16.8723 5.7889 0.229022 0.996208 31.0021 2.78341 5.72316 
0.446217 0.0130638 1.6313e-05 2.03699e-05 0.192773 0.691769 1.4286 0.0142122 0.000254129 0.0162043 0.053184 6.19523 0.000340371 0.243312 2.22356 28.859 0.945283 3.15047 
4.976 0.000457692 0.312905 0.00627877 0.0045357 14.4513 0.0652647 5.97275 0.000101793 9.9936 4.17477 0.154915 0.289594 0.00123819 0.541384 45.6494 0.739612 4.57235 
0.790461 1.16873e-05 0.000318514 8.96144e-05 1.98034e-05 7.94792 2.7649 0.754665 0.000442137 112.989 0.102508 114.459 0.0505489 0.111524 2.1914 35.684 0.62283 9.07845 
0.000578945 0.000177124 0.00274802 0.00152761 0.00188936 0.523517 0.00348686 0.271964 0.195004 0.765656 0.00131178 311.407 0.0282992 0.000441303 8.12012 25.3149 4.30946 5.07027 
4.39779 2.07259e-05 6.16997e-05 0.168885 2.87722 0.0267882 0.088293 0.0490079 0.985107 4.31788 0.00332559 83.8009 0.5898 0.0256364 2.56688 32.9012 2.26495 7.48946 
0.0221636 0.00137682 1.31759 0.000191929 0.142317 618.548 0.00429828 0.039592 0.848385 74.1977 4.07868 73.2145 6.98711e-05 0.000209473 1.75085 31.3866 3.21037 3.02092 
1.70708 2.07005 0.430775 0.258694 0.000785642 0.0170799 6.35845e-05 0.00248264 0.033461 7.96459 0.256788 23.9888 4.66577 0.00276274 1.01906 46.961 1.49537 7.84945 
8.07451 0.0648625 0.000108128 0.00874642 0.00269695 863.44 0.000880843 1.39511e-05 0.0399058 283.086 0.000165447 0.0210215 0.0102351 0.172187 2.53598 31.2266 2.52936 9.65271 
0.011166 0.00795967 0.722119 0.0954064 0.00167113 14.1101 0.000730611 0.000310959 0.000214964 60.0836 0.000417728 0.0809044 0.00156324 0.0396106 0.796475 45.0833 1.20246 4.53549 
0.138195 0.000115849 0.0225935 0.268329 0.0150668 1359.51 0.000137422 2.99942 0.000544751 0.115068 0.562356 0.208251 0.0194479 0.191508 3.59562 30.1482 1.01638 4.91221 
2.79425e-05 0.33602 0.371893 0.0216302 3.96428 4.20486 6.71628e-05 3.00428 0.0135199 221.373 0.041458 213.833 2.54797 0.224878 1.53201 35.7484 1.85231 3.41822 
0.00817373 0.00982437 0.00131841 0.000119548 2.32444e-05 0.456555 0.0406666 1.37256 0.195867 328.664 0.849293 263.018 0.000337192 0.1868 2.91735 39.1803 5.88652 7.22982 
0.132909 0.167419 2.04357e-05 0.0143143 0.0131263 882.579 0.000260937 0.242044 0.00349679 0.147495 0.0506775 306.731 0.103449 0.00579634 1.20117 18.1655 4.40948 2.16925 
3.76318e-05 0.0225582 6.8335 0.00196242 3.13325e-05 0.143325 0.000335282 2.24163 0.00109023 0.109871 0.162797 92.2063 0.828966 0.00245506 1.43272 22.6783 1.66626 9.49745 
7.57716e-05 3.35479 0.0819685 0.330973 0.00239331 0.0322769 1.18152e-05 4.78228 0.0399616 0.0276982 0.00342568 261.59 0.00104041 0.000241142 1.37428 45.9855 1.00694 5.48218 
0.00013484 0.0545382 0.00136492 0.829147 1.1684 4.26725 4.00251e-05 9.6169 0.371192 1.36211 0.0307985 126.321 0.0428785 0.000417536 5.4671 36.5655 3.80121 7.07011 
0.0114386 0.000291149 0.00510093 0.729456 0.000129096 1211.8 0.0507598 0.725985 0.0352412 0.588352 0.00828215 51.4697 0.0792884 0.0550057 2.29283 37.483 1.05598 9.52946 
0.000955919 0.00155098 0.318654 0.00139393 3.107 1.7176 1.39549e-05 0.000376263 8.54907e-05 206.973 0.43275 3.14519 0.300866 0.0823818 0.965529 33.2249 1.16164 7.81224 
1.42648 1.17519 0.240845 0.33345 0.000587008 6.64046 0.00120028 0.129674 0.0158386 10.3792 2.37947 41.43 2.59013e-05 0.00259128 2.1956 14.4462 1.48372 8.83754 
0.00983297 0.000344584 8.15694e-05 0.000650278 0.00209021 0.328789 0.0638372 0.0164488 0.0469307 103.581 1.25358e-05 0.247845 0.00190507 0.484822 3.34947 18.4693 1.9574 6.35312 
4.20983 6.15978 0.00039662 5.08086 0.00513838 2795.6 0.000206188 0.000216199 1.67837e-05 0.0180571 0.00598817 5.51915 1.56924 0.02237 3.42552 39.4868 1.1201 9.26604 
0.934922 1.80353 0.89284 0.000627321 0.0225987 1.44125 1.54363 0.593158 0.0228772 0.455426 0.955075 360.813 0.0804926 0.0247991 2.8587 3.99019 1.21029 3.01496 
4.72506 0.0474067 0.000103601 0.286246 0.398335 0.681034 0.00044579 0.641642 0.00222507 0.0142063 0.0709354 0.553511 1.29556e-05 0.0575214 0.252929 40.3864 1.57941 5.38445 
0.00108738 0.00456307 0.849411 0.0653658 1.41532 210.895 0.000219471 0.120883 0.00164791 0.0323013 1.48295 260.312 0.000233684 0.000368176 3.13813 10.997 2.20126 3.57602 
0.363072 0.000614604 2.16753 1.22662e-05 7.07359 0.965812 0.00624748 0.00191288 0.210523 286.951 2.40403 265.622 0.326441 0.000245574 0.838305 29.4505 8.09675 2.26246 
1.13436e-05 0.215095 6.27304e-05 0.033736 0.00781476 0.133328 0.176905 0.145652 0.00830017 19.2485 5.27347 114.301 1.8576e-05 0.10477 3.16029 18.7944 1.14437 2.10079 
0.0540922 1.74906 0.000605655 1.11086 3.95236e-05 0.0145201 1.23713 0.117389 0.0385717 28.1761 0.0027724 2.16425 1.39321 0.190451 2.38613 37.3402 2.38188 8.405 
3.97276 0.000176926 0.074101 5.13225 3.42535e-05 0.60838 0.0154587 0.000106537 1.83339e-05 11.4805 0.0293546 0.0180296 8.22661 0.167923 5.29901 37.9084 1.12836 9.59678 
3.99111 1.74515e-05 8.82063e-05 4.80229e-05 2.322e-05 21.2749 0.000555688 0.00578863 0.0258856 0.455821 1.36002 0.81332 0.4523 0.000743178 2.39239 43.586 2.0105 4.07278 
3.24063e-05 1.39227 0.00042658 0.287758 4.01852e-05 0.835671 0.000410682 9.88007e-05 0.00423804 9.53277 0.00105518 0.569879 0.212852 0.00638339 0.395643 48.4351 0.942072 7.54043 
0.000108769 0.0124571 0.220688 0.013786 0.239183 1.53519 0.00173425 9.41389 0.0193554 0.330561 0.0164736 205.088 0.09214 4.54144e-05 0.648246 24.2273 1.1772 6.40446 
1.25031e-05 0.00106373 0.0229406 0.0190039 0.00719389 0.106307 0.896001 0.0373534 2.75936e-05 0.160631 0.00953943 0.0172724 2.23881e-05 0.566561 2.30774 39.2722 3.56204 2.54091 
1.48112 9.07863 0.0169505 0.0154061 7.63518e-05 0.0597448 0.173245 2.21834 0.233049 1.10101 0.0109465 210.505 0.529322 0.353766 1.94314 16.4747 2.31821 2.33012 
4.29635 0.166912 0.0683455 0.824867 0.0326208 5.07559 1.52937e-05 0.0854206 0.015172 0.365584 0.0102141 37.9205 0.0859735 1.61695e-05 7.43943 45.5745 3.075 8.37559 
0.000439631 0.000353226 5.12963 0.00260221 0.0380061 4.26512 0.00190933 0.00753297 0.00601802 0.318955 0.160006 383.478 0.000596557 0.00152244 3.93415 7.01094 1.99318 6.366 
0.959251 0.0555038 4.71391 0.00491528 0.352633 0.0125758 0.515559 0.221713 0.00189762 0.12666 0.195555 125.491 3.22673 0.463803 6.44363 23.45 3.97707 7.02232 
6.54367 0.000142365 0.000173806 0.00626211 7.31683e-05 1814.45 0.000307016 2.33859 0.0643411 2.68951 0.0123555 103.375 4.27881 0.0231299 2.27154 44.8735 0.902254 7.34944 
3.71868e-05 0.0636121 0.161207 0.0073723 0.00309112 1.71753 3.04813e-05 6.73279e-05 0.000185207 0.330461 0.682154 9.30528 0.00075668 0.000118141 2.19137 31.0929 1.73885 6.35031 
0.00163907 0.0539278 0.0334355 0.00567089 0.157733 1918.99 0.0035274 0.00887652 0.459745 0.475524 0.0155952 245.59 0.00218123 7.34575e-05 1.23058 8.61436 3.59854 2.20477 
0.498568 9.77616 0.147375 0.00281582 2.54431 2.73982 8.9752e-05 1.03575 0.0590552 12.7367 0.474775 373.368 0.390821 0.00701113 0.742225 5.10204 3.98568 3.46797 
1.97823 0.00259839 0.0626428 0.129957 0.114453 225.756 2.05286 0.191778 5.96437e-05 4.39868 9.92135e-05 15.8105 8.23016 0.329913 2.54873 24.1024 2.39242 6.8539 
2.91303 2.14937e-05 0.0226051 0.00600167 0.00136972 577.789 0.00309513 0.0145237 0.0147238 0.0387484 0.000568023 31.5025 0.044049 0.0458843 1.13552 45.9122 2.16327 8.28178 
2.87646 9.38901 1.83072 0.223834 0.0532365 0.186546 0.0321206 8.68677e-05 0.00565577 0.421188 0.0017316 2.35124 6.01815e-05 0.257843 7.49968 31.1409 1.23811 9.69236 
0.0186109 0.0416184 1.041e-05 1.68164e-05 0.00181793 2.98148 0.526223 0.224728 0.110721 8.56882 0.0939193 1.3155 0.000533121 0.299405 1.3399 35.6129 3.56811 5.5527 
1.03548 0.000300779 0.0248502 9.32598 0.444338 0.216466 0.0557448 0.0792888 0.0401356 3.16534 0.00112038 250.905 8.84803 0.00101806 1.77486 49.0992 0.89408 7.76164 
1.96873 0.00011602 2.79208e-05 0.318091 0.000380409 0.0136306 3.57156e-05 7.21296 0.0682079 4.81111 0.126011 56.4673 0.44006 0.00439414 0.354621 36.406 0.617477 8.40987 
2.95781 0.0452728 0.00268034 6.25924 1.01002e-05 0.241381 7.11605e-05 0.120842 0.0342345 0.177681 0.0166392 33.897 0.995008 0.00344744 0.62316 27.5174 2.68989 8.76544 
0.000321563 5.88664 0.844852 0.00556197 1.1906e-05 0.0318157 0.0647498 0.000877178 0.693683 1.50615 3.30275e-05 0.0795826 0.50619 0.174194 3.2459 24.4793 0.737449 6.95909 
0.502081 0.125655 0.000136567 3.60096e-05 0.0688798 32.2023 0.0059675 0.000256432 0.099712 10.413 0.00292296 42.1686 7.1355e-05 0.0970324 0.965039 46.3515 1.20516 1.91276 
0.000369981 5.45603 0.879332 0.0868048 0.00403806 2.29321 0.014917 1.37502 0.0326382 0.069464 0.0162877 345.518 5.9646e-05 0.000121518 0.473441 47.039 4.01504 1.22298 
5.60789 0.294035 1.90313 0.00290012 0.687049 29.9935 3.57523e-05 0.0116889 0.000173557 1.38645 7.07769 315.872 0.0280232 0.109674 0.680975 32.8495 2.11925 8.04835 
0.00346037 0.00327553 3.97204e-05 0.00181771 0.0020997 1.96381 5.93344e-05 0.0404831 0.135488 14.0413 1.23296 22.9167 0.00282543 0.0975778 1.7529 23.3716 3.8334 7.70445 
0.00368491 2.37536e-05 0.00327807 1.91948 8.44883 837.72 5.3644 0.259543 0.18098 0.0966452 0.126617 169.283 0.0108477 0.000922458 5.3032 42.2286 0.910485 3.8893 
0.000391078 9.40029e-05 9.43877e-05 0.000831633 0.0605826 573.47 0.000302691 0.172938 0.139543 310.004 0.240534 465.209 0.00133775 2.24582e-05 2.40731 17.8868 6.61998 1.62656 
0.0362707 4.3962e-05 3.77198 1.56657e-05 0.000692288 68.5677 0.156046 2.31976 0.00136703 335.211 0.00231983 0.413982 0.0196613 0.105644 1.06067 32.0485 1.19763 5.95465 
0.00243833 8.85165e-05 0.00272194 0.000175972 0.0185801 495.155 0.000365307 0.000537986 0.0062942 3.56085 4.74074 11.1721 9.35596e-05 0.00098238 4.79287 42.6118 0.834663 6.43262 
2.60822e-05 0.949398 0.644201 0.000122197 0.000154064 0.35488 0.012893 0.0106379 1.3297e-05 472.128 0.000892357 21.5244 0.000212087 0.516164 3.96768 28.068 2.07382 5.32371 
0.000415732 0.000296268 0.0260168 3.71533e-05 0.209067 11.8789 7.59366 0.00979765 0.000148825 1.04269 3.47601 191.919 1.26813e-05 0.102578 0.786865 46.5057 0.78557 4.84294 
0.0197509 3.74601e-05 0.00116849 0.00271374 1.0078 81.4357 1.01126 1.10406 0.0295902 0.247639 0.014746 249.849 1.99432 2.40476e-05 1.81281 17.4815 1.01911 9.1415 
3.01496 0.387201 0.0133274 0.295907 0.191524 220.034 4.00532e-05 0.354934 0.00132477 0.223177 3.40428 341.018 0.485242 0.00328152 1.30461 6.6282 4.80877 6.26146 
0.540171 5.17107 1.60385e-05 0.000896702 4.29345e-05 1.93781 0.149983 0.0956889 0.00870057 17.3312 2.51184 262.908 0.00598642 0.00979996 7.36706 17.9541 2.59667 8.29064 
0.0458821 2.57501e-05 0.000108944 5.65028 0.323077 0.253618 0.000110795 0.110262 0.00280333 408.532 2.25419e-05 123.498 0.0221423 0.424627 2.34679 36.6328 3.35585 9.72972 
0.0129664 3.65248 0.00210901 1.15443 1.21645e-05 1577.94 0.003633 7.71443 0.103071 2.88477 1.05707 109.839 2.1011e-05 0.00133649 5.51354 45.7632 1.30668 2.62901 
2.00424 0.000895693 0.00182188 0.000385323 0.0178754 309.855 0.0895358 0.00360432 0.168583 0.0285904 0.00625801 0.0562248 3.56066 0.0231821 0.44989 39.4194 1.21124 8.31427 
8.38262e-05 0.0783418 5.01099 0.000101364 0.0083302 23.3515 0.717442 0.00556417 0.014528 0.0172288 0.000158454 0.336702 3.45989 0.0104909 1.80137 38.217 1.45293 7.5779 
0.112017 0.013129 0.0676864 0.0427809 0.000998764 5.38182 0.0260934 4.9743 0.269503 2.24002 0.393755 134.461 0.0330608 0.000467653 8.84721 25.5705 2.8797 7.11524 
0.812442 0.243881 0.0354718 4.00182e-05 3.45951 74.521 0.222161 0.964367 0.0445239 72.9076 2.57557 320.922 0.0372441 0.000199957 9.21881 46.169 1.64856 2.00112 
2.94367 0.632051 1.38845 1.08689e-05 0.000387702 54.3026 0.0126753 0.00968973 0.511587 37.9106 0.386852 12.9778 1.14031 0.00430296 2.18785 27.588 2.97704 6.22182 
0.000402228 0.0174837 0.0245441 1.77012e-05 1.62603e-05 0.0676692 0.143597 0.000100453 0.00111356 2.79867 0.00606789 73.1195 4.97471 0.00126755 1.78529 44.5014 2.32879 9.89535 
0.000988813 8.64288 0.015705 0.014022 0.00622817 542.64 0.0125142 0.0309252 0.00222402 0.814173 7.34099 218.86 0.0363862 0.264862 0.699854 5.87355 2.07041 6.59311 
0.00305027 0.00232061 0.000391079 7.07916 0.269117 0.386968 1.8347 8.3833e-05 0.000363959 57.3977 0.000262814 4.52874 0.0433465 0.0478425 0.307231 47.489 2.12781 9.25695 
0.000178109 0.0236019 4.34436e-05 7.84162e-05 0.000316211 0.0973647 7.19949e-05 5.60166 7.79488e-05 28.195 0.15264 1.32212 0.00139304 0.150652 1.05948 44.0549 1.26988 8.18122 
0.0866276 0.636886 0.0237636 9.89997e-05 0.181448 470.641 1.26856 5.63105e-05 5.40288e-05 381.152 3.68548 0.629649 1.9196e-05 0.096664 1.57319 26.955 0.984539 9.02778 
0.00354659 0.000127072 0.111122 0.0205878 0.00207464 47.0935 0.0033798 0.0010485 0.318671 1.54694 0.00020586 17.9719 3.39279e-05 0.262948 6.15182 43.3303 1.29257 4.30938 
0.392266 4.92127e-05 6.2798 0.00302286 0.00818951 1.28701 0.145673 0.861499 0.561312 24.2838 3.14474e-05 1.99137 0.0333493 0.26842 2.30101 16.3562 2.07979 8.74656 
0.000164302 0.0413756 0.434494 0.406875 5.01929e-05 91.5617 0.000342881 0.0145688 0.174356 5.73625 0.0214697 121.494 0.00278894 0.00055254 1.87273 20.4085 3.10197 3.29225 
2.61192e-05 0.113491 0.000166562 0.00012277 0.686875 1710.39 4.55285e-05 0.00802801 0.000605034 148.129 9.83095e-05 0.629241 0.00956797 0.261868 1.53122 40.4401 2.38457 9.90506 
2.4294 0.000483087 0.519631 0.0111576 0.00997057 2.83709 0.97216 8.68761e-05 1.35052e-05 2.19443 7.17164e-05 0.0747011 0.0154209 0.29885 3.19821 29.8953 1.55374 8.16981 
0.0225389 0.00855932 4.86682e-05 0.00915923 0.000749724 6.16705 1.26222 0.000435453 0.171425 3.30629 0.31026 0.545083 0.669625 0.18537 3.59929 44.4261 1.24152 9.42649 
1.09656 0.15232 0.0550646 0.0360605 0.000201084 0.184062 0.0253622 1.04573e-05 0.0552752 0.70253 0.054669 2.03105 0.00780476 0.000158988 1.59875 41.243 0.774335 5.20216 
0.560139 1.10941 0.00540427 0.000988053 4.49628e-05 328.484 2.42363e-05 0.0510134 2.54089e-05 4.34911 1.03875 17.8538 1.18421e-05 0.214188 3.00121 39.6227 2.18002 6.66521 
0.000957999 0.0941149 0.105954 7.34008e-05 9.72588e-05 0.0206546 0.255229 3.02719 0.0552729 50.8247 2.94321 345.664 0.00191797 0.00103341 2.68676 7.63387 1.1751 3.91374 
0.0335145 2.74547 1.85217 0.0110398 3.68108e-05 3.70923 0.0126767 1.92775 0.386349 1.31301 0.094988 51.1728 9.34176 0.000646601 9.25424 22.8819 0.803942 9.1203 
7.55825 0.0695193 1.07998e-05 1.87491 0.000168103 1.77789 8.17876 0.000235201 0.0623043 1.49965 0.000329203 83.5875 3.00193 0.173042 1.80784 49.4935 1.94067 2.33606 
8.74263e-05 0.149008 0.0770284 0.00204295 0.0193455 69.341 0.0100275 5.08926e-05 5.29489e-05 0.0914952 0.000514729 0.0113943 0.0019966 0.39118 8.58104 40.4692 1.51428 7.32794 
2.57899 1.26631e-05 0.00148926 0.00174473 0.00160431 767.334 0.00898411 0.223665 0.413038 2.36243 0.000122413 0.0331199 0.00638329 0.125005 1.75321 33.1541 0.830791 5.84269 
0.341177 0.00618317 0.00150788 0.172788 0.000200817 0.0864425 0.160148 0.0306148 2.83432e-05 17.8453 0.104279 1.09226 9.27143 0.203502 1.65028 37.9797 1.92672 4.34082 
7.81522 3.67629e-05 0.000207537 3.4607e-05 0.0568084 0.690127 0.00035839 0.238242 0.0743565 0.0288499 2.49561 496.303 1.58399e-05 0.0187187 5.07718 9.57805 1.58344 4.27625 
4.94136 0.00160329 0.000212526 1.72726e-05 1.52777 2.84804 0.00931281 0.121724 0.0941532 23.0187 0.780722 264.79 0.015025 2.45651e-05 3.55834 31.2663 0.750826 0.688469 
0.000401391 1.75066e-05 4.85479e-05 0.314159 0.000655714 291.153 0.00212925 0.136285 0.0147715 2.25507 0.23098 249.525 3.03863 0.000121098 1.32157 29.7329 4.78779 5.29728 
1.18188 0.000316728 0.0231256 0.000134383 0.0153706 0.517808 0.00025315 0.00041067 6.05145e-05 1.00134 1.71212e-05 0.388028 0.000121101 0.0337391 0.531405 48.0681 1.28435 9.673 
3.52166 0.000605596 0.000372747 0.278182 0.0338811 433.082 0.00199629 2.95369 0.182305 0.0509254 1.02551 4.33717 4.53242e-05 0.00442211 2.13216 45.9411 1.92037 8.0767 
0.00903414 0.789376 4.72177e-05 8.6108 0.00127061 4.21369 3.38832e-05 0.0546008 0.0546602 1.10737 0.096369 43.6526 0.0125596 0.151173 1.03272 16.9159 2.72466 7.85865 
0.183185 0.0883034 0.00342945 1.19183e-05 0.659516 0.153747 0.00219777 1.4233 0.931979 0.110894 0.0932021 174.484 0.464705 0.000905993 9.44598 23.1593 1.53603 4.11709 
1.31617e-05 0.000117292 0.00158198 4.53323e-05 7.183e-05 7.34142 0.00105823 3.689e-05 0.030336 2.31807 0.00155411 286.13 4.93236e-05 0.122024 1.93882 39.991 2.035 8.42274 
3.11993e-05 0.0707093 2.54207 0.0395575 0.00363408 26.3714 1.20771 0.0467163 0.101847 1.22459 0.183805 63.9748 0.00945156 2.22347e-05 7.83832 34.5259 0.839215 1.24053 
7.8152e-05 0.0145884 4.81622 2.91141e-05 1.64343 131.429 0.676689 0.291667 0.0717114 0.0475089 0.0636617 30.632 0.815083 0.00128055 1.81202 44.4207 1.25141 3.99671 
0.00046109 0.0107972 1.79024 0.0120413 0.0308127 0.0501071 0.0105761 0.0609783 0.369292 0.086543 0.0477738 83.6814 2.11415e-05 0.000882084 0.715219 45.3205 6.46515 5.68632 
3.15158 0.00106949 0.000171659 2.7629e-05 0.00898758 22.9655 0.000769148 0.486692 0.000717173 0.0171893 0.00918888 10.378 0.374466 0.0319309 1.84752 49.3029 1.66846 8.51923 
1.33377e-05 0.135715 3.86794e-05 0.852052 0.000495417 3.06872 0.00211578 0.0196496 0.000330858 28.7441 1.16499 219.861 3.8195 0.00015225 2.52364 34.4305 0.745818 8.15561 
0.000121476 0.031593 0.00030481 0.000119057 0.00221226 4.62187 0.013033 1.39314 0.000114086 96.6373 5.9433 4.22041 2.66212 2.9842e-05 1.38903 22.937 0.880863 6.92625 
0.000246975 4.58946e-05 0.183355 0.0262163 0.000137898 1.22793 0.141371 0.406331 0.033711 0.36315 0.146993 168.876 0.0207198 0.000478425 0.334124 33.3515 3.20174 3.20685 
1.27468 1.03116e-05 5.21461e-05 0.00152473 0.000631556 25.3775 1.27267e-05 0.0863538 0.0753793 2.58764 0.00362202 112.883 0.191023 0.297154 1.53085 42.5931 3.38788 3.3718 
2.98274e-05 0.000352247 0.0127314 0.00010976 0.258633 2128.88 0.000457936 0.000182123 0.00471283 0.159149 1.41492 1.66431 0.11807 0.0031898 1.97888 28.2825 0.922366 8.9641 
1.85271e-05 0.000926797 0.00145203 0.134838 3.49823 5.75862 8.74057 0.000148345 3.71465e-05 0.0197543 1.43686 59.0456 0.0584608 0.239851 2.24708 43.1433 1.61072 3.78148 
0.00122329 4.0114 0.0036239 0.846316 0.0001423 1669.38 2.49655 0.00304615 0.000284804 57.5333 0.0385392 0.0886293 0.0640806 0.192377 3.3354 28.5235 1.39363 9.88974 
4.06597e-05 4.18798 0.0705913 1.23919e-05 0.0320968 17.7092 6.49584e-05 0.281252 0.000105868 4.00365 1.14082 1.19344 2.73817 4.36463e-05 4.91411 22.1208 1.03692 8.31903 
0.00439494 0.000554623 0.000342425 0.00158508 0.00722871 1983.8 0.239041 0.0376123 0.647627 389.019 8.04071 297.231 0.338053 0.000235074 5.50924 9.20351 3.552 4.61501 
8.40013e-05 0.0936308 0.00032337 0.000714422 2.35578e-05 548.205 0.00163563 0.513332 0.000178957 0.296845 8.13326e-05 0.0803847 4.44274e-05 0.412839 1.87041 40.873 3.62061 4.00845 
0.000696035 6.28862e-05 0.000469322 0.000891464 2.5335 0.0117361 0.000195918 9.8595 0.575308 61.1278 0.00618441 278.699 2.11497 0.000596959 0.707942 21.7491 1.99512 4.21033 
0.000859368 0.000827817 0.0153974 4.47645e-05 4.57386e-05 0.189126 0.000873254 9.87136 0.0807781 0.280925 1.69186 106.136 0.00340564 5.41891e-05 1.57567 32.8216 1.33764 1.09575 
0.0292533 1.38913 0.000161068 4.97899 0.656682 13.4955 0.000120345 0.000786987 0.00192473 26.0834 3.46035e-05 0.241518 0.000979677 0.0896647 1.00076 40.0664 1.72299 6.52705 
0.000291112 0.015948 0.157519 0.000781301 0.000161661 0.336461 3.1264 0.0231737 0.623166 35.4863 0.389153 193.5 8.55259 0.00212625 2.21835 39.7417 1.2219 2.78521 
0.000545949 0.103919 3.98259e-05 0.285739 0.0858225 5.41515 4.4254 0.159209 0.0380516 477.547 0.322381 494.328 9.17415 0.0690899 2.01383 44.0693 0.785818 6.40152 
0.000962892 0.0474812 0.0595747 3.66942 0.0202452 211.51 0.0175863 7.1915e-05 1.61177e-05 0.772105 7.84801e-05 20.1309 2.17044e-05 0.150848 2.41212 29.3234 0.877498 9.79676 
0.015483 0.000211961 2.31883e-05 0.438755 6.27541e-05 27.9096 0.000263789 0.0598911 0.0104216 0.228776 5.25008 177.866 0.130275 0.000191763 2.29005 7.79034 6.21916 9.32506 
0.0125048 3.20667e-05 0.000108636 0.121983 0.283219 1.68169 2.35786 0.00740273 0.00632159 4.16885 7.55806 14.3201 8.87311e-05 0.00792223 1.85809 25.5594 2.25418 8.12475 
8.31527e-05 0.000682717 0.186798 1.45125e-05 0.0265049 52.1642 0.000960129 0.00740128 0.0339727 0.0967084 0.00164669 0.183382 2.86542 0.034852 0.407304 40.6374 1.81982 5.35961 
0.00189254 0.0049626 0.000149705 0.00191955 0.0335318 3.02419 7.51426 0.217752 0.0190496 0.0204667 0.0509104 0.0763443 0.358192 0.178539 2.92073 40.0753 2.14186 3.71627 
0.000547254 0.0378221 0.115384 0.00358341 0.00619922 2.66302 0.00020978 0.0148507 0.007194 0.073447 0.0696983 365.673 0.385862 0.175734 9.43184 31.1203 1.99462 0.603955 
0.280561 5.80129 0.000374489 0.00473259 0.215569 2071.38 0.00607106 0.013573 0.00894697 0.648533 0.19896 14.3067 1.84681 4.08284e-05 2.0016 35.9512 0.808706 5.81605 
0.126052 0.000226469 0.317777 1.06701e-05 1.45404e-05 4.11896 1.42964e-05 8.79384e-05 0.000113336 150.896 1.05103e-05 5.79659 0.203797 0.301362 1.54295 44.6326 5.39621 9.48182 
0.000903508 0.635109 1.2701 0.000239809 0.255622 1000.77 0.0502006 0.00468733 0.000181763 172.24 2.59491e-05 3.96706 0.082281 0.0399492 2.04146 49.3008 1.31847 8.73264 
0.00205861 2.08088 0.00855623 9.281 0.0004001 192.382 1.56855 1.1421 0.0270771 1.71388 0.000603276 369.475 2.17967 0.204738 3.53591 23.8217 0.958276 7.26557 
8.35284 1.2437e-05 0.0143998 0.0003548 8.95708e-05 0.540841 0.0224861 0.254729 0.0243668 0.171486 0.26139 5.19154 1.79977e-05 0.0094781 0.710208 48.4115 1.18587 5.35612 
5.22757e-05 9.97165 0.0796464 0.427522 9.82619 92.2239 0.00415051 0.446654 0.0335915 25.5 0.744974 28.892 2.2808 0.085558 2.21563 26.5278 1.07487 7.30449 
8.98465 9.20795e-05 1.93507e-05 0.00768541 0.00333887 55.0336 2.641e-05 1.6993 0.338286 3.40386 0.000159292 0.0518748 0.386676 0.452035 4.43196 35.5806 2.18843 9.08508 
0.666042 1.04711e-05 0.00289171 3.57825 4.19698e-05 0.0595472 0.0028446 0.868452 0.211386 16.3146 0.735846 0.0203741 1.28063e-05 0.390139 3.30566 21.8086 1.50013 7.71224 
0.00209753 0.000585706 0.00836924 2.12536 0.000561682 224.976 0.485831 0.00154564 0.00867379 0.182303 5.61357 109.841 0.00305573 0.000224904 0.357718 11.3333 3.04207 6.29594 
5.29261 0.00304786 0.00021032 0.000129304 0.237101 275.992 0.100726 0.00325036 0.0344511 3.93651 0.00597939 0.993683 0.00174328 0.171906 0.934111 33.6427 2.41647 8.49708 
0.475574 0.00784709 0.0526874 0.786907 0.000488905 2.82765 1.59665 3.71201e-05 3.56329e-05 3.3269 0.00109231 76.9659 2.08967e-05 0.0230044 0.390722 48.557 0.90398 9.90359 
0.000248583 0.00342603 2.88457e-05 6.02225 0.00102579 483.27 0.000205964 0.000657722 0.000769759 0.0278125 0.0859789 0.0108057 0.54265 0.0655589 2.88649 35.6591 0.848141 6.88206 
0.000260918 1.61751e-05 1.67693e-05 8.58786e-05 0.657777 91.5364 0.000236578 0.0845631 0.0562017 148.105 0.186386 167.725 0.000953554 1.68089e-05 9.25211 26.4108 1.89146 1.93039 
1.52016 4.85466 0.000333667 0.0745356 0.0867721 374.533 0.243659 4.25246 0.00356394 0.0256847 0.650706 0.200827 0.117721 2.23101e-05 1.67399 37.0842 1.15694 3.42915 
0.453392 0.00280687 9.81406e-05 0.0770623 6.18033e-05 0.470427 4.20857 0.00233134 0.116148 4.45695 0.000105515 0.309536 0.151732 0.216647 2.55718 29.2996 1.72439 6.03772 
0.616862 4.73207e-05 0.000170034 0.0018609 8.59657e-05 2.84152 0.00069704 7.76015 0.0677881 0.108292 0.140443 170.935 0.000122308 3.17005e-05 0.622061 45.8415 5.65833 6.03775 
0.00433308 1.22508 0.000352921 0.000303022 0.000241409 26.8826 1.33037e-05 3.68969e-05 0.0663894 11.1994 0.224674 0.0478724 0.0248537 0.0435623 0.637065 46.7363 0.811388 4.95856 
0.00013461 0.000859003 0.000625198 0.133174 0.00125705 5.97632 4.55775e-05 4.27219e-05 1.84256e-05 0.0119955 0.00139974 6.77737 0.891083 0.200985 1.23177 28.7982 1.59741 8.43108 
0.449302 0.0403057 0.00194658 0.00252699 0.00521902 1.62671 0.000641753 0.0354731 0.0688036 153.222 1.66619 394.258 4.82315 0.00022942 0.554805 7.46175 4.2557 3.82095 
0.000310641 0.817737 1.22839 2.52238e-05 0.611502 0.0132251 0.0591238 1.26606 0.111643 52.5638 0.0392807 0.89573 0.00283656 0.0881692 2.58457 48.9183 0.656765 5.67326 
9.18277 0.00608649 1.62666e-05 3.25362 1.13198e-05 0.172779 5.75667e-05 0.797097 0.0725857 1.80391 0.0773993 92.557 0.000337632 1.78941e-05 1.12973 11.7495 1.15339 6.75184 
0.0445632 0.0290623 9.81214e-05 0.00142543 0.000867977 0.0216648 4.92632e-05 1.27698 0.0564434 4.13602 0.0411732 51.84 0.000280536 0.000112407 1.61564 49.1233 5.46533 3.72123 
1.34208 9.08023e-05 0.000984912 0.00602331 0.000582486 2.5137 4.27335e-05 0.0328688 0.107555 5.10046 1.28284 23.393 2.02533e-05 0.389188 1.73184 46.7412 3.65709 5.28712 
0.00184487 0.676671 0.302653 0.103708 0.0154908 32.3278 0.00359157 0.100686 0.180653 0.717842 1.18268 230.939 3.76369e-05 0.482614 1.57528 6.76843 2.42759 5.72062 
4.90522 0.000932492 0.00103285 1.03187e-05 0.001572 8.14682 5.04442e-05 0.00208816 2.94485e-05 0.155674 1.83446 2.41671 0.166835 0.000754431 2.56764 40.4062 0.619913 5.38548 
1.45466e-05 0.00714401 0.0794235 0.237266 0.0334741 22.4892 0.0105422 2.31637 0.000287869 0.191048 2.81522 229.725 0.559481 2.44316e-05 1.09162 47.2792 6.63052 9.23032 
0.000438061 0.418718 0.000786021 0.105159 5.9465 0.0133403 0.00263264 3.92166 0.613061 11.3349 3.34937 219.029 0.0095401 0.000179023 5.72138 33.149 0.973882 3.85463 
0.227727 0.634553 8.35049 7.75073 0.00146403 399.893 0.0130482 0.028785 0.000173472 0.0182521 8.73349 208.515 0.0015852 0.00215019 3.94605 10.5509 0.699229 9.02378 
0.0295756 0.174981 3.70604 0.0127184 0.0169329 107.711 0.00273986 0.0145624 0.0850411 2.73711 6.10076 173.968 0.000206598 0.0011393 3.63999 33.8756 4.85589 3.42019 
0.00691477 0.00427399 2.80202 0.000605887 0.0218844 0.0112124 2.43669e-05 0.0518731 0.0538316 24.158 0.561128 108.667 0.00133242 5.30344e-05 1.58803 10.6864 0.893703 5.93487 
0.000501167 4.37677 0.000366222 0.000446475 7.02053e-05 115.101 0.0215596 1.14498e-05 1.31164e-05 6.4329 4.19208 0.0430148 2.14659 0.0217727 6.52964 32.0522 1.41031 5.90081 
2.548e-05 1.20466e-05 9.90373e-05 0.167049 0.00103322 0.0274713 0.0125715 0.000319701 0.000841251 159.202 0.000130868 0.0164668 0.0124058 0.101237 1.32137 42.2911 1.31848 6.74282 
1.39707 0.000299745 2.81555e-05 0.000140702 0.175641 0.0335701 3.23388e-05 0.08906 3.54323e-05 0.361878 0.0208783 0.0638398 0.557736 0.245833 2.64612 30.1246 1.20388 4.95788 
0.00126589 0.00226491 2.32967e-05 0.000305648 0.844129 666.783 1.98244 1.60548 0.151096 1.65047 0.0013666 15.4216 1.05065 0.421541 6.26401 40.284 1.82434 7.83999 
0.644558 0.15813 0.0103756 0.0589414 0.00498739 73.1737 0.00183279 0.127049 0.126121 0.0375673 0.0127426 483.315 2.53239e-05 1.49007e-05 2.40932 7.9521 2.52976 4.69787 
9.48833 0.00139999 0.000421062 1.48594 5.48436 0.145338 0.000280069 0.022154 0.0283306 1.32675 0.466248 0.471645 0.0587981 0.100318 0.966185 41.0942 1.89078 4.00121 
1.42543e-05 0.00012943 0.000503981 0.00368333 0.00567135 0.321037 0.00178674 5.58483 0.154461 0.61131 4.43103 19.1062 0.000345006 0.00552062 2.02322 31.4185 0.851332 6.96243 
0.000156942 0.000417312 0.00579817 1.95743 0.278674 0.637236 3.21271e-05 0.325749 0.101135 0.048714 0.019576 212.261 1.11478e-05 0.000112979 5.42942 14.261 4.13656 2.2257 
3.78565e-05 0.00782161 6.27091 6.88933e-05 0.000102513 0.222505 0.108795 0.0349772 0.0169496 0.0533409 0.0330138 338.367 0.790375 0.00723763 1.79458 15.8754 9.75754 5.22267 
0.00402594 0.00214172 0.00469856 0.0191978 0.00347965 9.68566 0.694385 0.019085 0.00072706 0.0145161 7.14648 128.586 1.29199e-05 0.846673 1.20887 21.3417 3.04766 4.82296 
5.2614 1.18392e-05 0.00660848 0.00017146 4.23469e-05 0.429199 0.000122814 6.91419 0.661292 4.90411 0.223915 91.6729 0.0805159 0.00453598 1.76262 48.1661 5.97047 6.70527 
0.000868151 0.000148871 0.0477767 0.00694578 0.000284068 534.802 0.0032604 0.242936 0.399477 0.43976 0.00444271 38.7605 0.000290264 0.0783309 1.10533 40.7374 5.10011 8.8364 
0.000116274 1.41553 0.00326718 0.000232159 0.0910377 10.7794 0.0433213 0.283688 9.5726e-05 0.120565 0.0168555 0.515171 0.281796 0.0766932 2.19212 47.2324 0.861219 8.09092 
4.12805e-05 0.000378005 0.231227 0.1666 0.00470032 230.761 0.000293942 0.3869 0.0114118 0.175135 1.00191 131.537 0.000253472 0.131542 9.70213 23.1003 0.962989 3.05651 
1.24923 1.3948e-05 0.000458907 0.00305247 0.0116044 1802.92 0.00485997 0.000111366 0.006756 36.7652 0.591576 0.396953 0.00873945 0.308649 1.80222 27.0809 2.45569 8.97224 
0.00452851 0.219229 1.82787 0.00274913 0.799053 2.8154 0.0673039 0.224587 0.0417361 2.13968 0.315909 229.566 1.39252 0.000197376 5.63015 20.1408 1.47994 2.70488 
3.57841e-05 6.57481 0.0682291 0.000944843 0.000141525 0.116248 3.8834e-05 0.196782 0.379735 2.03018 0.128058 98.7321 0.295778 2.58588e-05 3.13671 40.698 3.52346 1.85785 
0.00419216 5.19786e-05 0.00831839 3.73998e-05 0.000522981 1334.57 0.00938504 0.561893 0.058107 0.148825 0.00430042 12.677 5.4583e-05 4.51117e-05 5.15321 48.9364 0.819182 3.70685 
0.0523329 2.46441 0.815399 0.026446 1.54236 337.331 5.85951e-05 0.0259477 0.0924425 4.82029 6.33138 7.05622 0.000741699 0.000671149 2.41449 32.151 2.54666 8.01345 
0.00840677 0.00172795 3.33059 1.59192 0.258838 41.8811 0.0138593 5.71978e-05 0.143803 9.33861 0.00627436 5.79985 6.75267 0.000125751 1.28605 25.2212 2.00771 6.47527 
0.0479331 0.22086 0.00332651 0.736399 7.12326 35.1849 0.896809 0.437474 1.50284e-05 0.444116 2.71588 10.0422 0.346177 0.00164379 1.45414 45.5003 1.79664 5.34348 
0.068695 0.000203445 2.15989e-05 0.000713531 0.0112348 21.2783 1.45972e-05 3.07875 0.00438273 0.0220144 0.202719 382.407 0.000528443 0.0721265 9.22345 21.0424 0.723899 2.25211 
0.336282 0.000177704 7.38045 0.0498174 0.0332192 0.0602877 0.334229 0.0923138 0.0949744 0.382067 0.24155 227.997 0.000128244 0.00069248 9.54048 41.1519 2.21633 2.12258 
0.074051 0.0461341 7.85493 0.000396588 0.0375338 0.0180774 0.000999088 1.20705e-05 0.0020352 0.587051 0.000612746 163.684 0.853448 0.0168675 0.56743 36.9686 0.701519 9.80571 
0.221005 3.32466 1.29374 0.000106038 0.000186977 37.1393 1.58044 1.07835 0.000588017 0.76223 2.26144 18.2785 0.450376 0.00150402 1.16808 40.0717 2.20477 4.70181 
0.00101855 0.512917 0.00430201 0.0616743 0.20558 839.488 1.60002 0.00156826 0.000134542 1.01002 2.2314 33.601 6.29656e-05 0.112691 1.4507 49.668 2.00492 8.57159 
7.9531e-05 0.0360069 0.0427355 0.00255911 0.0195002 2.27002 7.76148e-05 1.00687 0.363678 9.40931 0.0553556 101.206 0.968952 3.38382e-05 1.26479 39.7804 1.8264 0.501115 
7.00388e-05 4.05312e-05 0.0013218 2.18312 0.800979 1733.24 0.00294135 0.0816984 0.0186463 0.241205 0.0849841 229.25 0.0643748 3.24731e-05 1.99817 3.79512 0.694321 7.98574 
0.00103047 0.000144636 0.000629739 0.000235223 0.000369911 30.5244 0.0213695 0.0041796 0.013723 0.047495 0.104016 0.0357611 0.0651861 0.221554 1.28429 40.9157 2.84281 7.27639 
4.05127 0.00209083 0.04247 0.00667473 1.17267e-05 0.142509 1.67953e-05 0.596312 0.133287 1.91442 0.0439376 351.19 5.46442 0.000740496 3.35648 33.93 0.861703 4.3958 
0.00118998 0.000231086 1.95147e-05 0.351146 0.000127949 25.8118 0.0398674 3.02286 0.539831 1.52958 0.0302376 3.62614 8.00405 0.0229958 2.14087 32.6674 0.818296 3.30767 
0.0067989 3.20411e-05 4.6401e-05 0.185781 0.0010335 0.0884932 0.321812 0.52397 0.00908537 0.27781 2.30743 132.646 0.00134458 0.00267922 1.20826 29.0542 1.79362 1.74196 
0.0116082 0.0116676 7.16899e-05 0.0490316 1.79551e-05 248.488 0.994319 0.189939 0.00138597 0.0198753 1.53872 167.805 0.028286 0.000415636 6.06787 9.90479 1.95268 7.92952 
0.000151285 0.0679172 0.363276 0.000744711 1.75171 843.876 4.82195 1.84647 0.0120959 0.0490671 0.222365 75.4568 3.63014e-05 0.0111482 0.888974 21.4365 3.09223 5.30991 
0.000157168 1.89569 2.40192 0.00206845 1.93191 1.03087 4.12169 1.15392 1.01188e-05 0.072294 0.00105975 205.169 1.06706e-05 0.365418 4.6856 23.3543 1.59935 8.52593 
0.381766 0.00692996 0.00109365 6.12558 0.0017229 8.88987 0.0103863 0.00197967 0.000333332 0.159698 0.00023715 0.436018 0.281487 0.424506 4.37078 41.57 2.58035 8.39842 
1.31246 1.33117 0.014148 0.00504726 2.34723 0.0347099 0.0026038 0.0541644 0.0818346 156.592 0.00237123 135.535 4.12891 0.0976841 1.50678 38.7698 1.93331 8.58528 
1.03054 0.000184977 1.08184e-05 1.22311e-05 0.005898 0.234619 2.25754e-05 0.774632 0.376264 0.786621 0.598296 32.8648 3.41851e-05 1.29798e-05 4.93645 33.0578 1.55468 2.83601 
0.15748 0.206536 0.00129912 1.3451 0.000513283 0.0101935 5.4211e-05 0.0269606 0.0447276 43.797 3.93948 8.45852 0.00449769 0.435356 3.97031 44.3989 3.93507 9.28882 
0.158788 0.483971 0.00354308 0.0016388 0.0560508 1.68917 0.268548 0.15499 0.00760882 0.0225697 3.20806 80.0849 0.0014173 0.000673336 3.47651 12.4058 0.848428 4.12975 
7.05277 0.00737261 0.00283522 0.0195682 0.00207606 80.2409 0.000855755 3.03276 0.000491624 97.0954 0.00453547 175.908 5.43736e-05 0.0940555 0.459789 47.596 1.41967 5.78352 
8.34121 0.0596121 5.12702e-05 0.0177824 0.00519396 0.0262594 8.93926 8.46605 0.136725 7.03083 0.0544648 101.817 3.38517 0.0142878 3.72489 35.0687 2.9404 3.88915 
0.289279 1.54533 0.0191366 5.24406e-05 2.27935 7.30973 0.000743507 1.89593 0.000117252 0.0329374 0.0156793 0.325166 2.08167 1.48441e-05 1.84807 45.3173 1.19694 8.51668 
0.29602 6.07102e-05 3.25101 1.43761 0.328575 35.4098 0.00239633 0.291356 0.000407039 3.72625 1.59734 133.222 1.19435 0.000143148 2.98881 40.9504 1.64503 3.22066 
0.926809 0.47833 1.34678 1.60343e-05 9.96921 167.42 0.000177958 2.47152 0.114466 13.4178 0.345305 335.786 4.56904 0.0107625 3.2636 15.8573 3.02922 7.9627 
0.0292869 0.00029395 1.46078 0.248869 0.704556 1349.57 0.000601609 0.000107372 0.00161533 85.7078 0.00741687 30.3354 3.22077 0.0983188 2.34166 42.3652 0.868392 7.97913 
0.00957547 0.000239816 1.06781e-05 0.012426 0.00886626 407.957 0.0109713 0.850082 0.220729 4.84454 0.166099 291.778 0.0243731 0.00379147 2.29979 3.65409 2.55365 7.33903 
1.45586 0.00461838 1.31432e-05 0.0368239 0.0121095 2869.25 0.000123128 0.197209 0.900102 0.0123234 0.00232402 34.3303 8.42052e-05 0.0119037 4.01173 29.0976 0.670629 8.07832 
0.000521139 0.0591592 1.23392e-05 0.00194514 0.00934751 55.3081 2.48528 0.911517 0.158836 0.0538171 0.845757 96.0575 0.00412641 0.00048867 2.42296 16.9209 3.74025 6.62822 
0.00101794 0.0338729 0.00115857 0.00138523 0.124383 228.838 0.0578374 0.0431695 0.360209 0.0459421 0.00174011 235.457 0.00107079 0.000171023 6.46717 5.5632 2.39478 7.91259 
0.000138762 1.03512e-05 0.00294193 0.000664539 0.00194867 0.0118656 0.371306 0.000171266 0.000153927 39.6955 2.54881 0.0807036 0.000720408 0.351026 4.58614 40.4771 1.79285 9.46068 
0.034166 1.76336 0.00947673 0.165077 1.44238 874.576 1.0528e-05 0.0106514 0.169509 57.2918 0.0711015 194.048 0.0238513 0.357662 5.93382 12.8209 1.75142 4.82523 
0.0458966 0.00348906 1.89428e-05 0.314944 0.000563163 0.408044 1.10397e-05 0.307414 0.0400013 0.0744619 0.0025269 106.111 0.000562665 0.00321811 3.49882 27.7454 2.49075 7.8553 
0.00260014 1.88527 2.39582 0.00201721 0.70764 0.0548349 1.30583 0.59787 0.744958 21.9041 0.838794 202.71 0.0156759 0.000386901 4.23581 38.8777 1.10242 2.32788 
0.0026335 0.00133458 3.66708 0.0218903 0.675217 0.439191 0.000236636 5.34459 0.000899867 4.31204 0.0153972 4.02479 9.64012 0.000227694 1.77039 30.0306 1.47738 6.95203 
0.000460166 4.1084e-05 0.000366211 0.27532 4.3816e-05 7.65123 0.0619869 0.681938 0.869527 9.67851 0.257586 111.481 0.00266504 1.04876e-05 1.60326 29.6645 0.683245 5.94158 
0.00396363 0.0120593 0.795213 7.88414e-05 0.0869818 0.409107 9.15301e-05 0.0390168 0.107634 0.0198234 0.000924415 347.291 0.0101251 0.0924325 0.996649 4.78263 3.02139 3.59872 
9.91553 4.89947 1.02223e-05 1.28683 9.33828 0.0359082 0.00985658 0.00190679 0.0170389 0.0679965 0.000999386 0.0109958 0.198893 0.238901 3.75629 26.5214 1.20339 6.0373 
4.88029e-05 0.00312661 2.29329 0.000416532 0.000452528 1.41032 0.000541837 0.0147839 0.0949745 0.0202625 0.191972 92.273 2.50036 1.99614e-05 5.56794 12.213 5.19674 9.96609 
0.123176 0.688086 3.05369 0.237069 1.84809e-05 228.204 6.29616e-05 0.10605 0.12014 0.955989 0.00360104 280.868 1.23134 5.10649e-05 0.542491 10.101 4.05716 5.41409 
0.249029 9.59773e-05 0.00818246 1.71429e-05 0.00322219 1.50387 0.000182377 0.0178207 0.0274401 0.253695 0.0357567 29.4128 0.00033407 0.00208334 0.866897 31.5411 2.60959 5.18278 
0.00124375 0.00375318 1.7512e-05 0.107602 1.34787 1821.68 0.024638 0.0834153 0.0177118 0.0714843 0.0252544 51.8505 0.647821 4.23198e-05 3.83494 37.498 0.724147 2.80906 
0.00725505 9.77879 0.0274718 0.000531902 0.00118487 904.351 0.0133975 2.05209 0.00451583 58.3232 0.237682 0.0112941 7.58376 0.00012461 2.43032 36.3012 0.872164 9.28539 
0.000145638 1.49644e-05 0.000658526 1.22942 1.3648 0.263616 1.1138e-05 0.522367 0.974452 0.0554847 0.00208188 2.3951 0.053769 0.00109316 0.700348 49.9096 1.0961 9.67447 
0.000551227 0.000449146 1.03228e-05 0.0161548 1.24002 256.944 1.32412 0.837378 0.049289 0.45959 1.45237 116.977 0.0081084 0.000308954 1.69874 5.34835 0.88978 8.33772 
3.17641e-05 2.36775e-05 0.708768 0.000382651 0.00120677 759.247 0.000706666 4.55334e-05 0.0826024 0.0571622 0.0541602 3.00276 1.7964 0.00024616 5.09252 47.2088 0.776192 9.57168 
8.54351 0.0130095 0.0815178 2.1308 0.000216085 1.46398 0.00429917 0.074044 0.00713075 0.0142903 0.447723 482.522 0.0206217 0.157523 1.26665 6.03355 2.48651 2.13883 
0.000576882 4.68631e-05 0.912375 0.000337007 0.0608186 1.38353 2.77173e-05 0.011865 0.00532911 0.0162375 1.32666 309.11 0.000306502 0.000777347 2.23303 10.4116 5.12929 7.8894 
6.5992e-05 0.186995 0.00136933 2.29029 0.0119524 0.0596749 3.34695 0.00186867 0.00572267 286.22 0.0779317 4.34441 0.000207266 0.235399 2.38749 41.3291 3.37196 6.20512 
0.00124656 0.0923787 0.00230368 0.164334 0.149941 168.124 1.09683 3.96024 0.0714803 0.956723 1.3265 328.774 3.96582e-05 0.0898511 0.645685 11.1876 2.10147 2.70606 
3.16997 2.49452e-05 0.437814 0.000343923 0.00103605 0.0605573 0.000139736 0.00051787 0.927288 169.433 0.000153163 0.729878 0.0102289 0.167414 2.71017 26.164 0.990083 9.70622 
0.00293473 2.78242 0.00643387 0.0904952 2.54571e-05 357.934 0.978835 0.348317 0.00403967 37.8813 0.000224165 14.0081 0.740186 0.185203 2.51485 41.1144 2.17094 8.53546 
5.42086e-05 0.00426803 1.49858 0.0220946 0.000158058 85.1627 1.18557e-05 0.831948 0.0795603 0.219664 3.6194 20.9646 0.000104972 0.00153693 0.506217 29.6717 1.90195 4.05008 
0.0150289 7.41847e-05 0.0261245 0.000719892 4.90406e-05 2128.83 0.0570684 0.442124 0.0301141 0.509353 0.0125807 351.914 0.0243392 0.00457962 0.652401 36.7424 3.52572 2.71012 
1.51589 0.651548 1.32346 3.67371 3.21982 0.1252 0.659296 4.47061 0.344961 30.5206 0.110224 292.501 0.000190114 0.0142575 6.50848 22.6415 0.668957 5.31634 
1.04916 0.342419 0.121745 8.41318e-05 0.00406137 1326.88 1.12682e-05 0.543806 0.0479609 0.010818 0.000490499 54.0984 4.63652 0.00058267 4.09935 35.2524 1.21399 2.73437 
0.00741166 1.39966e-05 0.00250298 7.15993e-05 0.00733641 3.78809 0.10736 0.945127 0.0126193 0.120607 0.0823701 0.68452 3.67365 0.0173748 9.66386 43.8076 1.77997 7.27074 
0.0111645 0.000328488 6.50861 0.00323844 3.96022 0.627897 0.125982 1.09645 0.245787 10.2173 0.562691 39.2519 0.00018251 1.02572e-05 0.625702 33.7135 7.03901 6.81138 
1.13166 4.09973 3.51001 2.96394e-05 0.30344 0.0152504 0.00318478 6.91517 0.000105904 25.019 0.00189618 0.0345618 4.2329 0.147318 1.33907 46.2062 1.78064 6.58197 
0.000237493 0.000421165 0.062239 0.000151576 0.016825 3.53282 0.715686 0.184932 0.160477 0.0579696 0.000543506 117.646 0.000240737 0.0281123 2.39109 49.4769 2.09852 0.985337 
1.26106 1.18821 0.258591 0.0771282 0.145025 0.484931 7.20962e-05 0.114405 0.339826 0.0860726 2.33764 0.0307485 0.00489891 0.405414 2.27386 30.4067 1.58538 7.35061 
0.000184524 4.20792 0.314328 0.00238784 0.276842 0.0223229 8.74076e-05 0.00036352 0.0815156 0.137912 0.0636884 1.52111 0.00209867 0.0804698 3.06934 39.8428 1.29546 7.14297 
9.59039 9.99704 0.0108769 0.00674735 0.00368729 0.0520271 3.50984 1.63705e-05 0.0150674 0.177968 0.0299507 1.48072 2.70595 0.00168734 1.87921 23.9986 1.37698 4.57984 
0.025962 1.16612 0.0351964 0.3342 0.00489435 8.98178 0.000104244 0.359501 0.0556029 0.0152003 0.0490042 198.034 0.0783638 1.85353e-05 0.806395 36.0662 4.41482 4.94227 
4.07878e-05 2.77318 6.40429e-05 7.60592 0.00122185 0.143566 3.21388e-05 0.0211208 0.000858733 0.261954 2.84367e-05 0.0625976 0.08192 0.167149 3.18128 43.1031 0.844978 9.16776 
3.55051e-05 0.0290207 0.00209406 0.121757 0.00416095 61.0036 0.0294238 2.3203 0.00158893 0.0750049 0.00132342 228.908 0.00485923 0.0428159 0.441947 46.1251 1.47543 5.59859 
0.000140252 0.000322092 0.209777 0.00199988 0.0885999 662.15 7.5093e-05 3.90149e-05 9.29257e-05 162.16 0.0167912 450.931 0.000949844 0.0938062 1.04822 29.8306 0.812766 8.57886 
3.84193 0.0201453 0.0114898 1.49326e-05 0.000163222 0.0639482 0.0083659 0.0492785 0.000144209 1.14823 0.0568481 0.937429 1.16303 0.0627981 1.34857 45.2278 1.63819 9.62765 
0.00272641 0.160375 1.68321e-05 0.00190786 0.18526 2.82521 0.00305066 0.185086 0.0848111 0.0131997 0.195463 365.415 1.26833e-05 0.0752595 4.25792 7.34133 1.54415 4.65401 
0.382871 1.0679 0.000118269 0.00300715 0.0197494 1.77505 9.26489e-05 5.10604e-05 9.38738e-05 0.0282744 0.0472707 16.052 5.61888e-05 0.267635 7.52521 45.7725 1.43854 9.6148 
0.402892 2.63276e-05 0.000224854 0.0657315 0.00380546 0.0466664 7.68789e-05 0.428481 0.0213196 41.6953 0.00045008 0.533185 0.00141595 0.197389 1.80389 42.146 1.2757 3.24545 
9.12443 0.00407034 3.46681e-05 5.22426 0.010907 0.0225135 0.00591391 0.00287302 0.00783016 0.018134 4.26301e-05 4.05028 1.33168e-05 0.113244 3.2725 45.2772 0.968654 6.9083 
0.296268 4.19254 0.875141 0.0086231 0.0453385 1296.21 0.0433327 0.000205493 0.00156309 16.2674 0.0133317 10.8099 0.282957 0.0714381 1.26175 49.6526 0.838928 3.56448 
0.000318836 0.0721823 2.02731e-05 5.75422 0.000445428 658.979 1.33256 4.35753 0.0256434 34.9053 3.25715 225.733 0.000338531 0.00183668 1.06942 37.546 2.54006 2.12419 
0.0106479 0.375039 0.0408183 1.90565 0.0231523 0.418199 0.000602862 0.128718 0.335848 0.0135153 0.00554694 394.168 0.000223404 0.00138068 7.33205 15.7138 7.41169 3.36428 
0.00010853 6.63765 0.0862218 2.56775e-05 0.344197 11.8202 0.0146606 0.000314015 0.0769417 35.4325 0.00151853 0.549529 3.75694e-05 0.194387 4.21433 42.7457 1.19487 8.79323 
0.0146139 0.00398756 0.000632975 4.00655e-05 0.031249 7.16137 0.0862014 0.369447 0.0973626 0.0748133 0.000383 0.301817 6.8701 0.297034 2.57881 47.6374 2.11851 2.51094 
0.319475 0.130384 1.73468e-05 0.000147964 0.0014233 113.736 0.00217188 2.24206 0.0175427 0.117729 0.0269765 250.861 0.0894764 0.00804074 0.458477 15.3971 3.87153 5.36928 
0.383569 0.0186516 0.0233676 0.00592764 1.10387 624.361 0.0991257 0.00322667 0.0717619 3.28283 2.5225e-05 5.83666 0.000939858 0.0581083 3.53545 46.138 0.720396 9.91177 
2.61142e-05 0.16146 0.000169294 0.388589 0.000419048 1.10121 6.63274 2.29093 0.000797036 44.0439 0.00034897 8.82209 7.94603e-05 0.0680697 1.76355 47.9285 0.706233 9.19657 
0.00238665 4.58714 0.235495 0.021522 0.000287499 0.023285 0.274017 0.000729223 0.0014978 0.0493168 0.0112827 12.2198 2.41682 4.70876e-05 0.885124 49.9951 0.714276 8.57726 
0.00301399 0.00120951 0.0124941 0.000350358 0.0175071 0.042666 0.27346 0.0683783 0.530514 3.28759 0.00786236 290.44 2.18494 0.00794416 2.7892 12.0375 1.67882 1.26367 
0.00590648 2.46689 0.118388 0.057567 0.00186133 12.8806 1.36718 0.438104 0.153454 4.82471 6.09478 100.426 0.0348952 0.00372121 3.21594 14.6756 4.04511 3.43901 
0.0258823 2.33057e-05 0.00015526 0.000146037 0.000346089 6.38918 0.594018 0.070347 0.18152 0.0459817 0.00639262 29.0416 0.00886563 0.00016458 4.83823 41.4672 5.3474 8.57812 
0.335009 0.000697336 0.0393534 0.00539236 0.000214616 0.880093 1.92626 0.000237201 0.00107876 0.0137628 0.00160629 18.3203 0.173908 0.211046 1.55495 45.0603 3.78332 6.78349 
0.0235026 0.0314852 0.254302 0.000156465 0.00189438 15.3435 2.90426 8.66638 0.345345 5.13748 7.31044 315.731 0.000600205 0.000186844 7.98897 12.6853 0.798068 4.80941 
0.568771 0.0284603 0.838682 0.0872907 0.110236 0.333065 0.00065068 0.164436 0.357932 0.902149 0.000501767 97.545 0.183074 0.00020114 2.51105 33.8223 3.48497 6.56652 
0.000922493 0.209365 0.124993 0.00251463 0.126954 6.83468 0.00237969 0.00618309 0.00364644 3.465 0.158641 66.3877 5.18471 0.0126781 0.862384 38.87 1.86521 8.99721 
0.541939 0.00943158 0.00109761 0.000112946 0.000726254 0.0883341 0.00495818 0.503137 0.0410935 0.670459 0.2587 337.858 0.00280964 2.67796e-05 1.60227 5.33505 3.72005 2.86649 
0.00198893 0.00115984 1.6971e-05 0.00195227 0.0265758 17.1068 6.99492e-05 1.18944e-05 1.19768e-05 1.1825 2.97759 8.55279 1.21412e-05 0.174123 2.75002 45.1432 1.21227 5.7327 
0.00038419 0.000795958 0.00338515 0.000576583 0.000631776 187.761 2.0727e-05 1.58604 2.57041e-05 0.0463104 2.16979e-05 63.9514 0.000891891 0.0883101 2.3036 45.5992 1.1879 6.25387 
0.0512239 0.000310026 2.08895 0.00157952 0.00278381 5.66232 7.28228 0.00165497 0.000629521 2.22121 0.0016641 0.0164887 0.00144852 0.320749 3.14799 44.2956 2.28136 8.96122 
3.34828e-05 0.00107931 0.144179 3.08244 3.85691 0.0530536 3.13238 0.00829486 0.000493035 1.2987 1.49896e-05 203.809 8.51414 0.143344 1.75076 35.2086 1.48295 8.90553 
0.000225578 0.0067541 0.00245998 4.90265e-05 0.000277964 0.369011 0.174229 0.0221457 0.0922547 1.58819 0.144452 55.8104 2.14647e-05 8.05097e-05 0.759299 26.8909 4.68429 6.28709 
6.2121 3.05543e-05 0.174526 0.00327984 0.758264 238.902 0.0861361 0.436885 0.000735328 0.0688523 3.00894 56.7798 0.000594576 0.00192485 3.12328 44.4721 1.4863 4.51201 
4.53194 0.0272638 1.21594e-05 2.01276e-05 0.00260839 0.618007 0.178876 3.31585 0.0916663 0.481475 0.000132141 0.0192469 0.0327328 0.13681 1.29154 37.7811 1.14779 7.56734 
2.92017e-05 3.89165e-05 0.035415 0.0227082 0.00226498 390.364 0.00426762 0.240986 0.0325998 0.0189972 0.646007 105.328 0.00258496 0.00298033 0.611152 20.776 5.82676 9.56476 
0.0146562 7.75197 1.15051e-05 0.00124925 2.02735e-05 76.505 4.54712e-05 0.00163842 5.97636e-05 116.314 0.000235082 180.738 0.00245505 0.0455763 1.60939 49.9942 1.03733 5.65877 
3.14763e-05 0.00133443 3.47114 1.11583e-05 0.000592132 1.27499 0.000506449 0.913923 0.457248 4.37105 0.227901 392.435 0.0103322 0.00500231 0.605154 25.1652 8.01039 5.07096 
3.42351e-05 0.0095113 0.221513 0.00015324 3.49841 854.015 0.000148552 0.746942 0.311416 56.4778 0.0012527 316.255 0.527665 0.204262 3.24891 44.0958 1.20344 3.34642 
0.00477462 0.469923 2.02017e-05 0.00013245 0.124529 33.6332 0.00541823 1.35449 0.673032 9.13691 0.0202844 409.331 0.0936887 5.31348e-05 4.91618 17.3878 3.36867 2.27225 
0.0885383 0.000699654 0.577223 1.21626e-05 0.401882 0.113352 0.00199794 1.84798 0.00265337 1.38303 1.17066 47.0294 1.27102e-05 0.11954 2.42554 32.2608 1.00775 8.33114 
0.0134088 0.000785585 4.1124e-05 1.43645 0.191027 2955.88 0.00170535 3.57763 0.247394 0.0276708 0.059964 74.5204 1.18613e-05 0.0106814 1.42949 37.1862 1.06249 3.18272 
0.00542714 0.00274594 0.00185193 0.000267947 0.000244786 1.38162 0.739037 0.000269799 0.0855256 15.8301 0.000525447 0.0626041 0.00340023 0.102319 1.46477 41.3459 2.38084 9.27344 
3.18043e-05 0.000279942 0.0295109 0.00017418 0.0176638 0.0620667 0.00259687 0.00217347 0.137737 8.62634 0.00888086 1.82981 9.59579 0.00768673 0.539284 41.5598 1.31831 6.06919 
0.00141249 0.0043952 0.236888 0.000683629 2.56777e-05 0.0592443 0.000422617 0.00411181 0.000693444 0.541393 3.99423 253.999 2.53859e-05 1.22519e-05 0.92567 12.4359 3.80901 1.77147 
0.00585529 0.0584558 1.72414e-05 0.118112 0.01791 0.292429 0.0719023 0.0297142 0.0626204 3.04681 3.43389 89.1063 0.900194 0.0618705 1.61627 12.645 2.35937 4.31999 
0.000227898 0.0416067 0.287778 0.000545584 2.90779e-05 90.6836 0.00284846 0.937752 0.103534 0.0614059 0.000743762 101.378 5.88032e-05 0.0702014 0.883504 49.3937 1.21016 4.73136 
3.35458 0.00237444 0.203029 8.18443 0.00631382 2.86861 0.000118682 0.0154562 0.00142739 44.0991 0.0536752 9.2306 3.06622 0.0868457 2.99351 38.305 0.829942 8.80743 
0.00463042 0.00128984 4.25316e-05 1.9508 1.32547e-05 505.565 0.0568132 0.314013 0.573618 23.1907 2.74483 412.646 3.60492e-05 0.000179375 3.62504 19.9645 2.44458 2.1232 
1.05645e-05 0.0050978 0.987795 0.588859 0.00142708 2.36036 2.21466e-05 6.66142 0.349608 0.04966 0.00929268 481.96 0.0319904 0.000413388 3.86781 39.8773 0.629286 3.36173 
2.84376 0.00639835 6.01434e-05 0.000584817 0.0131499 1.68842 6.19331e-05 3.26508 0.166352 0.0112267 0.133718 127.379 0.281547 0.0521825 4.03071 32.1546 2.88645 1.91545 
0.0187845 0.000233553 6.62255e-05 1.63658e-05 0.000839355 594.29 0.000159184 0.00043375 0.000291051 1.02537 0.079593 56.8732 3.30641 0.000742185 1.79212 47.265 0.747185 3.23019 
0.00211824 0.0462669 0.000150641 0.0188354 0.0659326 0.181316 0.0017858 0.0499924 0.0770216 0.0246139 0.0140746 127.587 0.0964609 7.88034e-05 2.97534 32.513 3.3216 1.79041 
3.66627e-05 1.25315e-05 0.000421565 0.000541099 0.000240382 1623.55 0.00082036 1.18566e-05 0.0233794 94.9313 5.79681e-05 0.0142338 0.0304906 0.232839 3.85665 38.6324 1.54837 8.8439 
2.03399e-05 9.0062 0.000567292 0.413231 0.72142 7.25647 0.125316 0.0160401 0.00169076 0.631917 0.131998 2.32088 1.61627 3.70906e-05 0.646413 49.7563 3.66509 8.86994 
1.02977e-05 0.000979918 1.72792 0.0173994 3.6742 14.0328 2.14212e-05 0.0237486 0.301045 0.48471 0.0589953 0.0132058 0.0563863 0.137006 0.72625 44.9007 3.0203 9.93901 
8.20681 0.000128077 0.00137857 0.000518777 0.00383981 79.1903 0.0198803 8.43259e-05 0.0228161 46.2861 1.2284e-05 7.48175 0.0251611 0.0794112 0.497921 45.9344 1.01984 8.03481 
6.21825e-05 6.1953 3.98002e-05 0.0206923 0.000147925 0.400262 0.396803 4.4999 0.00831529 22.7737 0.262515 115.907 1.37855 0.0373927 2.15285 36.3938 0.665844 9.58796 
4.12809 0.000270909 0.00643219 0.000184282 0.29546 15.9289 0.0924853 0.15414 0.0200133 0.258751 0.0211551 1.07691 9.46851 0.0246407 1.38421 37.1976 1.19504 9.07886 
0.00037379 0.00165897 7.03444 0.00759018 0.043679 0.0112409 0.0126547 0.365429 0.0142199 0.159491 0.643264 71.3126 4.09357e-05 4.21343e-05 0.744994 46.5648 5.06196 2.37132 
0.766838 0.00728641 0.0620566 0.0010504 0.00386679 13.2811 0.318674 0.397037 0.27383 131.522 7.01571 62.5181 0.000165356 4.65909e-05 7.77361 49.614 1.19937 2.00062 
0.256308 0.327907 0.0341724 0.0377157 7.40746 7.86615 0.00198313 0.664534 0.0132348 2.68134 8.394 408.163 0.0216768 0.067147 8.45818 27.7989 1.60437 1.28457 
3.00721e-05 0.00146284 6.14899 0.374082 9.04286 0.0130647 1.72891e-05 8.07477 0.000482003 0.705763 0.5564 1.04527 1.09727 0.155744 4.38578 37.4903 1.70046 6.57452 
0.000371932 2.80435e-05 5.60895 0.0191875 4.78423e-05 5.06153 0.797418 0.735915 0.0828496 2.58801 0.000233287 0.0593279 1.88328e-05 0.189248 2.87906 49.2293 1.08171 4.30286 
1.09118e-05 2.21255 0.0210187 3.20472e-05 0.0059773 15.9061 0.070784 0.160641 0.00301977 0.025759 0.240734 229.938 0.0178772 0.591751 4.94726 43.7109 4.3631 1.88895 
0.373374 0.00597192 0.621756 0.00581882 9.04852 2.77087 0.0477429 1.41967 0.00140147 24.9216 0.00145774 11.6573 0.359506 0.205834 2.74791 39.6579 1.8357 8.64577 
0.00019052 0.19589 0.00267262 9.04749e-05 6.43487e-05 0.0721722 1.13009e-05 0.00277272 0.000944461 2.24847 0.00200547 2.83786 7.10469 0.0698462 1.0878 40.7452 1.57653 9.79067 
1.6171 2.09153 0.0621486 0.651066 0.000117 0.534486 0.0122977 0.00280684 0.000179136 8.70583 2.36989e-05 8.90769 1.07816 0.131356 1.19782 33.9999 1.28158 7.64975 
1.24956e-05 0.90607 7.82312 0.00021201 3.21983e-05 2.26426 0.9835 0.0745141 0.0500115 0.0259474 2.35581 49.3241 0.0444663 0.0086726 1.3279 9.5371 2.42968 4.50651 
0.000143174 0.00238241 0.00343924 0.0116649 0.000357454 1.39261 0.00343633 7.35147e-05 0.00237214 0.128445 0.0238999 84.2197 7.7926 0.32438 3.51693 34.9985 3.19438 6.84483 
9.54471 0.000282957 0.163098 0.00129396 0.000829205 86.629 4.92646e-05 0.00442268 0.0661408 0.091258 0.000554156 142.756 3.44755 0.000256034 5.58502 32.058 3.75528 2.57943 
0.000526967 0.0104124 0.000308291 0.260698 0.00245665 121.525 0.00269096 4.31205 0.339243 3.10496 0.0983801 177.286 0.00186603 0.0340339 3.39096 27.3044 0.677908 4.35188 
0.695492 3.04565 0.000338187 1.92962e-05 0.0291792 103.342 0.000299453 2.11598 0.73152 11.0887 0.455564 321.448 1.90843e-05 0.0425576 0.437322 28.3705 1.86936 4.03896 
0.00633435 0.00209212 2.55541e-05 0.208789 0.0492343 118.432 0.15538 1.1975 0.0740127 0.950703 2.92613 228.373 0.00269908 0.00722193 0.639651 12.4991 1.61483 4.16652 
0.0861995 0.0167351 0.0254863 8.06209e-05 0.0848284 0.404287 0.234512 0.311866 0.0998184 0.326091 0.0084378 0.177734 9.52007 0.134202 4.14138 36.4597 2.08454 9.49201 
0.000249484 0.0559992 0.0021878 0.103055 0.00139717 0.0537588 1.71241e-05 0.0967118 0.249232 53.526 1.44613 141.62 0.97681 0.0486794 5.56691 13.1296 0.711948 9.89703 
0.000163964 0.00708436 0.0182553 0.000699292 3.80747 0.0151185 0.000152235 0.00120136 0.00147697 5.88728 2.43209 24.7126 0.0669797 0.240627 3.48741 37.7727 2.08039 9.86756 
1.00799e-05 0.487646 0.00190813 0.000117867 0.00120056 18.0677 0.00124415 0.00193419 0.225621 6.439 0.000262885 19.075 0.000121405 0.111176 1.23755 40.0253 1.72377 8.43679 
5.18903 0.000828122 0.000757568 0.000127262 0.0072276 0.758762 0.0165045 1.69364 0.174138 0.127838 0.00570771 405.582 0.000189641 0.00189905 0.937813 8.05343 2.25786 1.04947 
5.75621e-05 0.581642 0.325616 0.000358663 0.776033 0.509535 0.00024986 2.85959 0.653189 6.41884 0.0778435 224.022 0.642059 8.1195e-05 0.809504 4.97318 1.30817 2.62724 
0.00906264 0.000106933 0.000791723 0.988056 0.00146767 55.298 1.83944 6.14032 0.0206419 0.038474 8.05198 41.9591 4.724e-05 0.308964 0.542781 30.0206 2.37333 5.17072 
2.24956 0.00121746 0.262593 0.0810935 0.479698 5.53159 0.0166522 1.08602 0.193064 1.29185 0.138467 62.6415 3.09718e-05 0.000282506 1.08981 24.0828 1.80083 7.57945 
0.000100923 0.0199721 0.0226635 7.26611e-05 0.000672283 2.04153 0.000135197 0.0445075 0.123472 0.105148 0.115892 154.762 3.92016e-05 0.00233907 3.44675 6.66689 3.8886 9.61936 
0.00014523 0.000166389 2.51464e-05 5.57225 0.203734 0.0216194 3.03708e-05 0.192748 0.30024 0.0656162 0.00679706 135.716 0.0835864 3.17839e-05 2.61654 43.9308 9.07761 7.58394 
0.00088491 0.000103278 1.68276 0.0120434 0.68755 0.0128818 0.002434 2.8073 0.0370996 0.724185 9.6814 60.6802 0.000653837 0.00202581 1.76401 20.8654 1.67494 1.90313 
0.0113469 7.85751 0.000403417 6.31892 2.55574e-05 0.719539 0.000642764 0.297309 0.000140043 311.263 0.000233989 0.0122053 2.18202e-05 0.0967418 3.10144 39.9337 0.878471 9.13201 
0.0465169 3.05017e-05 0.0763675 0.813934 0.00337712 0.105175 0.403971 9.15404 0.14779 0.0423007 0.0187706 114.684 0.000321213 1.89458e-05 1.98341 22.7296 2.09078 1.55835 
0.000222957 0.0317168 0.0382055 0.718797 0.000327515 8.31485 7.31677e-05 1.09228 0.148722 25.6447 2.45622 184.005 0.796991 1.22736e-05 3.97664 28.3129 0.921004 6.52266 
0.0643105 0.00198013 0.00899995 0.307963 0.000681193 0.0136661 0.239377 0.98212 0.470129 6.52828 0.777959 100.377 0.0523338 0.02605 4.96053 25.0774 4.17969 4.27195 
0.0441591 3.27992 3.76675e-05 0.26326 4.17003e-05 1.4831 0.0105945 0.0988008 0.709048 86.2307 1.43865 11.9099 0.0147619 4.40776e-05 0.625615 34.2218 2.04919 9.6112 
4.74558e-05 0.0388641 0.00102629 0.0039345 0.000176731 0.0242212 0.012146 0.0488993 0.216692 0.139965 0.0454352 27.1369 0.214423 5.77245e-05 1.7219 37.3642 1.46997 6.07033 
0.0257457 1.23267e-05 0.992429 0.959521 0.000103542 10.0055 0.000768358 1.39773 0.347053 0.692153 0.975977 488.61 0.0403571 0.0891807 2.02638 27.2302 2.18367 8.9952 
0.104006 0.000141762 0.000484341 0.00020989 0.000129969 224.228 0.304224 2.20753 0.0309257 0.0271791 0.0242959 323.205 0.131015 0.000389884 0.733488 49.0718 1.3933 2.93935 
4.35974e-05 1.06297e-05 0.0160357 0.290019 0.0687725 0.0806448 0.0073227 1.61752 0.992716 3.3551 0.0887297 2.24406 2.79155 2.37958e-05 0.712801 28.9076 1.54263 7.79681 
0.00606254 0.795441 0.000445422 0.000421312 0.297807 1007.11 0.27674 1.24 0.0201501 13.2498 1.30035 236.195 0.422476 0.00088579 0.254866 38.3343 1.33748 7.94834 
1.18111 0.0186891 1.09645 0.0464112 1.13341e-05 1081.24 0.0240087 0.00052476 0.0224317 4.73603 0.0159206 0.0755908 8.15228 5.45412e-05 0.998506 49.1766 1.19625 4.61575 
0.206844 0.000103301 1.47195 2.5398e-05 0.000331452 2.68785 0.00105894 0.0279612 0.00448542 0.0218989 1.67271 0.121194 0.0064357 0.327051 1.14756 47.3081 2.62207 8.70182 
0.0570258 0.000739235 0.06268 0.086616 7.80856e-05 9.59972 0.00639034 0.0549125 0.030666 0.0251329 0.0234714 97.5555 0.0272035 0.303066 6.55075 44.5329 2.61423 2.62582 
0.00035899 0.111741 0.0034406 0.0013185 0.0299466 0.925322 4.8378e-05 0.657428 0.496982 0.0121363 0.00579228 292.661 6.74072 7.40792e-05 5.34128 32.1811 2.01639 1.21952 
0.00076808 0.000550529 0.000687467 8.62019 0.161182 0.0134383 0.185631 0.91842 0.444886 0.0295682 0.00816494 155.032 5.18415e-05 0.294682 5.86866 49.3101 4.99451 2.90213 
2.2153 0.0490419 0.525 4.14369 0.00795097 31.9453 0.0221865 1.87989 0.923037 0.0110103 0.00547527 235.019 0.000214652 0.000178517 2.03524 13.9051 4.67309 5.91088 
0.00060481 0.000216851 0.00091065 0.00420807 0.000517687 1154.92 0.000936393 0.880686 0.914753 1.34814 0.263011 386.559 0.0237485 0.202389 6.44744 8.36039 1.87701 1.25089 
0.00033489 0.000374225 0.0126372 0.0661892 0.434875 585.558 0.00029644 0.418946 0.174523 0.383953 0.449762 16.7382 0.00550452 0.133546 2.97113 25.0329 1.50225 4.34759 
0.000226377 4.75297e-05 4.62766e-05 3.15324e-05 0.000492555 24.0304 0.180223 0.04286 0.048087 0.131659 0.829132 98.7374 0.000187836 0.00684832 5.71739 7.95145 1.69599 5.96443 
0.00142911 1.325e-05 8.12925 0.345847 0.000197071 1026.13 0.000601053 2.45429 0.192859 0.0222556 0.0708593 172.298 0.000486356 1.49546e-05 0.826657 29.5145 2.61606 2.52294 
0.216519 0.00201099 0.876911 0.000678753 0.984397 324.644 0.00020679 2.09735 0.425825 0.14003 1.60318 379.37 5.25731e-05 8.73923e-05 1.93409 6.64359 4.36331 9.44676 
4.52218e-05 0.000470635 0.00436447 0.00311051 4.99726e-05 1.51868 0.235019 8.11504 0.17145 0.148771 0.101997 210.865 0.000424905 0.0596653 2.2545 27.9681 3.95836 1.89002 
0.798103 0.849077 0.000326582 0.0555518 1.69265e-05 1.04793 0.127952 0.0366133 0.084673 0.0793833 0.00676991 428.698 0.0261834 0.348858 6.30433 8.09297 1.27601 1.56556 
1.24483e-05 1.81004 0.000855821 0.661629 0.00199173 153.535 2.46933 0.890968 0.0182556 0.0113992 3.90964 58.5852 0.00048469 0.00157129 7.05674 49.593 3.49772 5.50328 
0.0793892 0.0871562 0.000967848 0.000369094 0.00336565 0.0871156 0.0136963 0.367023 0.00549524 0.0649096 0.522432 489.1 0.702786 0.0362047 9.65864 9.81714 1.94553 9.09966 
0.00537321 0.52188 0.00689254 8.64167e-05 0.0544465 1.00722 5.09824e-05 0.247383 0.402613 7.33958 0.246895 468.599 1.22421e-05 2.67603e-05 8.78648 5.33248 1.37366 5.85194 
0.0395228 0.80268 9.49389e-05 1.25674 0.0192567 475.399 6.58241e-05 0.0566257 0.0170288 0.244415 1.28739 92.555 0.0024498 0.0803694 4.49765 49.7869 4.06753 2.59698 
0.489041 0.279032 3.3363e-05 0.0137237 6.16239e-05 5.93428 5.57199e-05 0.158563 0.839088 0.238144 0.0725635 165.617 0.127558 0.00034095 1.77264 13.4835 3.4209 2.91902 
0.8017 0.106567 2.85104e-05 0.000410294 0.00266511 148.264 3.05769e-05 0.810996 0.0106602 0.162228 3.16935 85.0938 0.117283 0.00833613 0.984625 22.6075 1.65105 4.2851 
0.717169 4.35658 2.15094 0.0118293 4.01206 0.178736 0.155803 3.27645 0.220902 0.259297 0.245944 289.992 1.34646e-05 7.46127e-05 1.90388 32.239 3.26236 2.36815 
0.681735 0.0002669 6.40518e-05 1.03241 0.00165401 82.9194 0.000109609 4.40908 0.720152 6.38078 0.641627 203.269 0.000561892 0.190625 3.60327 17.6776 3.25804 2.59466 
0.00190341 0.000106264 0.000382453 0.00252916 1.58642e-05 0.236205 0.102589 1.53026 0.264634 0.956382 0.869402 359.431 7.13689e-05 6.48078e-05 3.7656 14.7055 0.88876 9.75175 
0.000534041 0.0399172 0.0662793 0.00149854 0.000635247 737.542 0.0195602 0.104353 0.114145 54.3736 2.72199 131.152 0.000139318 0.00394852 2.54444 17.6243 2.0194 4.14427 
0.000403061 1.69647e-05 0.00177527 0.471245 4.39562e-05 42.3828 0.000194564 0.154915 0.0178043 0.0398295 8.86672 212.544 0.337546 5.18754e-05 9.56785 5.23321 1.40839 4.50092 
0.0150417 0.0887206 0.0127851 0.0155157 1.16201 742.592 1.25518e-05 1.13103 0.432471 1.29103 0.298189 22.5326 8.39226e-05 0.102975 1.67217 41.4605 2.10046 8.70644 
0.113125 0.171202 2.8318 2.45481 0.0506013 0.668027 3.82372e-05 1.54606 0.492376 1.53708 3.86294 208.176 0.00437343 0.0036064 2.87983 13.1332 3.72931 7.19805 
0.229191 0.00159619 0.0107893 0.0695407 0.021843 2262.37 0.0286131 3.44044 0.235314 0.181574 0.0485582 252.719 0.000566085 0.0130716 5.76348 15.9184 0.754565 2.2283 
2.92714e-05 0.00219283 0.0734783 0.234428 8.60294e-05 9.24386 4.73744e-05 1.5735 0.24392 0.0402358 0.00191062 191.907 0.0460113 0.335185 9.59075 42.0793 2.54547 2.0177 
0.00140777 0.00142605 0.367406 2.54589 0.0072322 2.17874 0.619386 2.61539 0.200751 47.0598 0.931331 16.7331 6.53915e-05 0.000613368 0.298815 46.4473 3.45079 9.55375 
0.0546091 0.0434189 0.000407038 0.778781 0.000157947 0.109527 0.000592269 2.48994 0.00874634 0.241238 0.00910942 0.0573513 8.34499 0.000273723 0.768597 38.3496 1.18212 2.87522 
0.000714315 0.0095401 2.25624 0.00129555 0.0624561 2.65544 0.000731299 0.0763985 0.182888 1.55374 0.0122628 388.78 0.0145946 0.878652 4.93389 29.0045 8.61926 4.27777 
0.00227179 2.43948 0.00320788 1.36995 4.71865e-05 1.04402 0.011463 0.890671 0.573927 5.94739 0.0988966 148.821 2.39991 3.90757e-05 2.13972 24.4308 1.89043 4.89307 
0.613119 4.42588e-05 0.172109 0.0179238 0.109895 4.01592 0.0237529 0.462642 0.00707433 1.66339 5.60006 293.133 7.6397e-05 0.00858726 1.91596 12.3316 1.57029 1.13988 
0.15049 0.521901 0.00478933 0.00027145 0.000184147 0.757942 1.3594e-05 0.616237 0.577622 1.22053 0.280437 229.269 0.000956321 0.000758352 6.1654 18.1359 2.60892 5.57698 
5.18378e-05 0.000447136 0.0030694 0.471201 0.828656 16.4799 0.0438046 5.921 0.028494 0.168958 0.230754 219.83 1.44345e-05 0.180094 1.5608 26.887 8.18993 8.97028 
0.00163248 1.07003e-05 0.0107505 0.00106396 2.39504e-05 1.6691 0.000795819 0.505776 0.586609 0.292869 0.00581407 153.519 0.647104 0.000686826 3.13048 9.81907 5.26199 9.98355 
0.000246499 1.22737e-05 0.00103203 0.0510391 0.000257742 47.1945 9.61523e-05 0.373783 0.169596 10.5156 0.335935 174.459 0.0051746 0.014469 7.94647 27.0697 2.48256 4.4214 
8.03668e-05 0.0986529 0.863938 0.000251087 1.24378e-05 279.441 0.00109948 0.0429762 0.216042 81.3976 5.10188 378.245 3.11136 0.000219672 4.6686 6.29817 2.39834 2.84704 
9.37518 4.6906 0.000594096 0.000123141 0.000416301 366.403 1.67549e-05 0.0227182 0.503434 0.0146638 0.00498482 0.245593 1.94707e-05 0.0414877 0.480461 48.4211 1.33352 9.7303 
5.97432e-05 0.804268 0.00923919 1.70781 0.155911 1131.56 5.18709e-05 4.44631 0.117698 0.0880596 0.49165 47.4183 0.000101833 0.000910349 2.41285 45.9895 1.05842 2.85502 
0.00424449 1.55844e-05 0.495044 5.53888e-05 0.000309132 2.64931 0.102249 0.0161042 0.00383493 0.46358 0.0140258 0.588308 6.94321 0.000205047 0.935604 38.8231 4.43477 9.117 
0.00456854 0.0111102 0.0368499 1.25482 0.519954 0.0143581 0.000581838 0.000500646 1.75277e-05 0.109092 0.299081 21.3146 0.00673669 0.10589 1.81273 39.7661 1.32831 9.8152 
2.05957e-05 0.0167492 7.2862e-05 0.428872 0.59988 0.530785 0.0195014 1.83349 0.912851 1.81592 0.304585 200.188 0.0937859 0.00143158 4.59125 13.7485 2.80862 4.57838 
0.518215 0.00387824 0.177856 0.000913738 0.0312454 0.917851 0.00404684 1.09004 0.0566793 1.69198 2.04088 162.935 0.35596 0.000664413 1.62064 42.9229 1.26616 4.01583 
0.148836 0.0184409 2.18439 0.271545 2.40898 21.9869 0.0131776 2.65173 0.156424 2.61379 0.206467 77.3022 3.96477 0.00981451 3.65182 45.4216 1.52785 4.7445 
0.00230441 0.0531255 0.0020528 0.16582 0.00707826 2478.18 0.0147899 0.024322 1.79454e-05 1.15487 2.32517e-05 124.474 6.298 0.0761935 1.99132 37.3831 1.22584 5.57846 
0.232355 0.006585 0.000112658 0.00368412 0.00184095 0.014485 0.305525 1.09291 0.0277517 0.0130565 4.03426 202.51 0.0196938 0.520107 7.87665 13.6182 2.5589 9.3412 
0.143914 0.000933924 0.00311733 0.0001128 0.0243192 26.8279 0.0149999 3.11398 0.222925 3.10576 1.11384 468.328 0.00615049 0.00332439 1.56288 30.4418 0.984054 1.08797 
3.00243e-05 2.26816 0.000111663 0.124176 3.55711e-05 2770.82 4.16857 2.64037 0.231869 0.311342 0.632685 107.187 0.000786833 0.000343247 2.52006 11.3977 1.04561 6.88558 
0.86009 0.0459203 0.138666 1.75659 0.315563 0.0707482 1.17438e-05 0.270362 0.193401 0.750984 0.10027 169.101 2.35963 0.0312519 1.36621 30.5905 9.01016 8.80666 
2.23265e-05 0.00204919 0.00022273 6.37454 0.761702 1.52605 9.48107 0.786134 3.57551e-05 0.818485 0.0423498 0.0103748 7.64057 0.001399 0.78566 42.4973 3.88504 8.16755 
0.000104313 0.00340907 0.109447 0.317863 0.0275316 688.358 0.00020926 0.340083 0.347938 10.0438 0.956857 79.8748 0.00126092 0.000760955 6.64097 33.3058 2.08496 6.62371 
1.33026e-05 6.84698 6.27375e-05 0.000274523 0.000163838 1.59148 0.000208067 2.48831 0.519877 0.0103068 0.0084727 167.724 0.126708 0.00082166 8.83197 39.0144 1.53401 3.52567 
0.0545228 0.000364664 0.00377701 0.000244366 0.00307812 0.0262045 3.00296e-05 5.32644 0.616507 0.0911857 0.0203049 181.812 0.00033081 0.0281066 3.07112 21.4042 0.843089 1.70024 
0.096532 0.905192 0.545277 0.00474196 0.00686659 1623.37 0.000730216 0.00256208 0.0134344 0.505905 0.0414981 0.105085 0.834713 0.00245277 2.09102 47.2217 1.08147 9.12825 
0.000288651 0.133444 9.68517 0.00268864 3.28044 0.433411 0.00137115 9.72527 0.378603 0.277919 0.192226 419.982 0.00015594 0.00102409 7.04869 23.5607 1.18764 2.66449 
0.00273102 0.631683 0.0044261 6.34077 1.01845e-05 0.826526 0.000111422 0.161446 0.820482 138.11 1.34299 10.3415 0.24545 2.91981e-05 0.48758 44.1679 1.4706 8.20123 
0.000172198 0.00332079 1.82797e-05 0.00350658 0.108435 0.813219 1.07965e-05 0.97664 0.21074 0.0489433 0.00199381 167.01 0.00034324 0.0422505 7.82568 21.3169 1.36604 5.38108 
0.0451032 0.00233961 0.00847972 9.1303e-05 7.66878e-05 0.154857 0.11177 1.18967 0.538535 0.118331 0.039034 37.8562 1.06033 9.19169e-05 1.86914 25.8027 1.61437 3.50255 
1.47132e-05 0.0749515 1.32213e-05 1.6807e-05 0.322438 260.415 0.00375242 0.00251007 0.00274619 0.463239 0.00228359 290.233 5.21435 0.0612562 3.04929 45.7424 1.23558 3.28468 
0.000132496 5.08459 2.54578 0.000784232 0.0162582 1.50568 0.00779134 2.0079 0.345925 0.650063 0.0065038 22.9078 0.00500019 1.76863e-05 0.455484 36.492 1.65243 4.91091 
0.0131102 0.00165804 0.00304466 0.000392576 0.942795 2625.57 0.173988 0.708514 0.28872 4.08798 2.18324 186.429 0.0103796 0.000507422 1.9352 19.9649 2.05897 2.75131 
0.00313352 8.34879e-05 5.41739e-05 0.970542 0.000276537 0.18333 0.00048495 9.60795 0.0346317 1.27389 7.2759 393.59 1.09214e-05 0.000309703 1.02727 32.8095 1.1358 3.52276 
0.0775686 5.93966 0.0124455 5.23322 9.44841e-05 1.28811 1.60739e-05 0.995379 0.402988 14.0084 3.97952 22.7813 0.473798 0.000274933 2.15902 49.6892 4.86979 6.12377 
5.9229 0.0555681 0.358047 0.0247241 0.00264899 16.1304 3.04218 0.165652 0.0104381 0.0107358 5.56665 335.539 0.0705539 0.00477336 1.02089 32.5901 6.93906 6.32462 
0.958475 0.000449435 0.00035193 0.00977221 0.139192 0.192201 0.00613231 8.30488 0.00924804 0.0162932 1.59054 25.9978 0.00402572 0.000256543 0.300231 38.2259 2.47267 9.27947 
0.000459264 0.306436 0.0022794 0.000878568 0.00207924 0.127909 0.0125401 3.14119 0.53944 40.5506 3.59715 98.4775 0.000298804 2.45716e-05 2.64509 37.1094 2.22566 6.98964 
0.00118266 0.022954 1.92796 0.00290377 0.00859158 329.282 0.855502 0.159728 0.469333 0.422207 0.00850142 61.0225 4.77678e-05 0.000118348 0.513015 16.5667 2.53433 9.2066 
0.000732287 0.000400598 0.0511232 0.00137034 0.636289 80.8906 0.00049207 0.281122 0.321282 9.29037 2.33171 319.22 7.56383 0.0180123 4.64958 36.4238 9.3935 2.5879 
7.72046e-05 0.110896 6.64478 0.569916 0.357134 2.64526 0.000434515 1.02758 0.0375664 0.0763259 0.159126 463.884 1.27417e-05 1.60263e-05 1.9342 13.156 2.79029 1.75081 
0.000307213 0.753504 0.000980346 3.45948 0.379736 6.41327 4.07917e-05 0.593083 0.238104 0.0234808 0.00164031 107.136 4.78576 0.000128816 2.28104 39.8492 6.64125 4.61223 
0.000181097 0.0102616 0.000197327 3.27033 0.00186513 389.185 1.42026e-05 0.315699 0.0393562 0.24577 0.127268 92.8768 8.9587e-05 1.64343e-05 5.30053 27.9068 1.90347 2.8301 
0.103363 1.77933 0.000901818 0.666997 0.463251 0.0115716 0.0501095 6.47599 0.0157948 0.0474715 2.02899 466.855 1.33977e-05 0.00266802 2.54785 14.227 1.9264 2.7207 
0.289213 2.72588 0.000136895 0.069285 0.220771 21.5722 0.00436215 4.08735 0.13934 0.0344704 0.0130498 135.541 0.000214767 0.000149458 1.03132 34.9014 1.3485 1.64484 
0.0352662 0.000178408 0.542686 3.04156 0.00276027 202.223 0.00342578 0.221353 0.00504276 0.193039 8.48999 126.624 0.00139173 0.000181923 3.65041 10.5948 0.743345 9.65436 
0.00120138 0.00181032 0.156635 0.000146142 0.0229764 0.0379244 0.00438581 0.140058 0.453753 1.06856 0.00933725 119.635 0.06572 4.22492e-05 2.1393 10.7832 2.09561 4.81312 
0.0204762 6.15472e-05 0.000543041 0.000255628 4.05681 885.387 0.523611 3.06915 0.234189 7.35438 1.45696 410.793 0.000336103 1.25803e-05 2.2258 11.2591 0.857071 3.93393 
7.93284 8.40942 9.07948 0.0301162 9.07894e-05 3.03598 0.063162 0.0447722 0.0171592 21.5165 1.46595 23.6753 0.0083456 0.0148776 1.55833 47.7369 3.82931 5.51483 
1.2327 0.0505767 1.23557 0.000107204 0.000473005 0.745253 0.0076497 0.0325492 0.0221397 0.196604 0.573607 301.756 0.149951 0.0044512 0.949112 8.04104 2.51417 1.39247 
2.87419e-05 1.57037e-05 0.0703481 2.39963e-05 0.956102 9.97418 0.00854723 1.58086 0.0634964 0.0427446 0.178615 363.46 0.00197839 0.583669 9.90628 8.41563 1.27631 2.86114 
0.00636808 0.00192775 0.200974 0.100614 1.49679e-05 550.452 0.00102397 0.731053 0.581749 125.203 6.42222 56.2457 1.63833 5.17154e-05 8.85322 43.8171 1.18197 3.05833 
0.0162755 0.000208255 0.240171 0.00675177 0.000368331 288.955 0.00457399 0.59123 0.0169056 0.0770226 0.287885 243.594 0.00261022 0.000129059 1.75433 5.67568 1.02721 4.96041 
0.0440518 1.55473 0.415202 1.06943 0.00100216 13.5388 0.000684413 0.345895 0.0682256 60.8826 3.85958 116.545 1.70941 0.00635319 2.04778 7.76142 1.48036 7.16862 
0.0193685 0.000686695 2.15989e-05 0.000100043 0.0107584 318.508 6.13675 0.2699 0.0360654 0.499805 0.437499 402.328 5.57342e-05 0.019865 1.70393 6.83249 1.78296 2.22031 
0.0635825 0.00020851 0.105825 0.245767 0.0779425 577.666 0.0673606 2.97394 0.244291 5.89763 1.43316 426.1 0.0262489 0.0348246 4.50075 32.4725 1.567 2.73019 
4.26286 0.000315117 0.00176612 0.000356295 0.0649387 250.703 0.765036 1.45165 0.193719 1.96358 0.506116 218.789 0.0461036 2.73274e-05 1.80009 6.05595 1.04312 7.27976 
0.000140808 3.25997e-05 3.35099e-05 0.000472164 0.00712757 2.08539 0.00928047 0.493277 0.92508 4.32438 0.00178399 23.0631 9.99031e-05 1.31783e-05 1.30364 38.446 1.59003 6.18168 
