-1.79769e+308
-1.79769e+308
-1.79769e+308
-1.79769e+308
-5.88486e+06
-5.16948e+06
-3.01419e+06
-2.42794e+06
-1.99064e+06
-1.52085e+06
-1.06779e+06
-920238
-825303
-747159
-591985
-591985
-591985
-591985
-591985
-591985
-591985
-591985
-591985
-591985
-591985
-591985
-591985
-591985
-591985
-591985
-591985
-591985
-591985
-591985
-591985
-591985
-591985
-591985
-591985
-591985
-591985
-591985
-591985
-591985
-591985
-591985
-591985
-591985
-591985
-591985
-591985
-591985
-591985
-591985
-591985
-591985
-591985
-591985
-591985
-591985
-591985
-591985
-591985
-591985
-591985
-591985
-591985
-591985
-591985
-591985
-591985
-591985
-591985
-591985
-591985
-591985
-591985
-591985
-591985
-591985
-591985
-591985
-591985
-591985
-591985
-591985
-591985
-591985
-591985
-591985
-591985
-591985
-591985
-591985
-591985
-591985
-591985
-591985
-591985
-591985
-591985
-591985
-591985
-591985
-591985
-591985
-591985
-591985
-591985
-591985
-591985
-591985
-591985
-591985
-591985
-591985
-591985
-591985
-591985
-591985
-591985
-591985
-591985
-591985
-591985
-591985
-591985
-591985
-591985
-591985
-591985
-591985
-591985
-591940
-591940
-591940
-591748
-591748
-591723
-591720
-591188
-591180
-591180
-591154
-591010
-591000
-589147
-589147
-589147
-589122
-589122
-588976
-587968
-581125
-573128
-573128
-573103
-570897
-566651
-566532
-564435
-557467
-557464
-557458
-557458
-557458
-557432
-556723
-555106
-545713
-543177
-539324
-537533
-537272
-537262
-537262
-537228
-537206
-535662
-535396
-535390
-534616
-530744
-528981
-525803
-524523
-524379
-523110
-519336
-516910
-516715
-513776
-513766
-512279
-511289
-507129
-506523
-504543
-504339
-503845
-500299
-500297
-500281
-500108
-499828
-498837
-497197
-496778
-496064
-494604
-494442
-494138
-493744
-492664
-492004
-486512
-485673
-482948
-482374
-482072
-481619
-477913
-477653
-477651
-476873
-474913
-474619
-471441
-470698
-470653
-468815
-467062
-463380
-463317
-462814
-462064
-451402
-447341
-443778
-443744
-443175
-441306
-439514
-439401
-436974
-436836
-436758
-434881
-434341
-434292
-433254
-432118
-431244
-430989
-430915
-429841
-429835
-428636
-427979
-427342
-425474
-421946
-421828
-420838
-418059
-416847
-415984
-415908
-414793
-408993
-408747
-408081
-407585
-404164
-402643
-396673
-395234
-395223
-395220
-391465
-391223
-390462
-390331
-389307
-388627
-387753
-383215
-381889
-381686
-381122
-381077
-380897
-380661
-379764
-377656
-377608
-376417
-376218
-375492
-374414
-373595
-372060
-370838
-370491
-370081
-369488
-369474
-368916
-368063
-367619
-365745
-365736
-363675
-363624
-363004
-361677
-360496
-358725
-358281
-358216
-357083
-356664
-356474
-355614
-354352
-354347
-352225
-351059
-350518
-350116
-349773
-348812
-348473
-347371
-346962
-346886
-345288
-345227
-344198
-344099
-343556
-343481
-342963
-342009
-341632
-339212
-338939
-338526
-338497
-338215
-337363
-336930
-336115
-335652
-335382
-335236
-335097
-335078
-334861
-334300
-333799
-333521
-333347
-331142
-331035
-329226
-328898
-328682
-328028
-327983
-327149
-326223
-323688
-323432
-318548
-318108
-317218
-315055
-314911
-314246
-314215
-314092
-314086
-314083
-313951
-313103
-312993
-312908
-312513
-310846
-310828
-310504
-310061
-309830
-309555
-308631
-306404
-305937
-305569
-304132
-303780
-303494
-303003
-302999
-302673
-302423
-301107
-299948
-299937
-298357
-297944
-297141
-296721
-295853
-295011
-294987
-294842
-293919
-293610
-291895
-291857
-291442
-290881
-287951
-287262
-285927
-285769
-285664
-285606
-285270
-285073
-284215
-282465
-281161
-279802
-279766
-279654
-278560
-278501
-277861
-277753
-277104
-277014
-276422
-276195
-276187
-275522
-274179
-273648
-273463
-273081
-271426
-271052
-269907
-269718
-268426
-268366
-267310
-267135
-267115
-266946
-266941
-266656
-266128
-263736
-263616
-263521
-262523
-262330
-262156
-260563
-260254
-257055
-256991
-256910
-256289
-256279
-255839
-254674
-254377
-252882
-252396
-252197
-252005
-251722
-251137
-250342
-250207
-249656
-249563
-249201
-248568
-248059
-247292
-247195
-247006
-246966
-246847
-246499
-245039
-244901
-244615
-243881
-243831
-242862
-242799
-242131
-241977
-241886
-241821
-241575
-241405
-240804
-240487
-239778
-238959
-238005
-237820
-237605
-237011
-235886
-235859
-235523
-235263
-235084
-234784
-234663
-234449
-234177
-234024
-233360
-232080
-231092
-230519
-229675
-229261
-228840
-228009
-227785
-227378
-227329
-227310
-227303
-227047
-226920
-226694
-226154
-226112
-225988
-225269
-224991
-224642
-224576
-224521
-224143
-223869
-223826
-223177
-223118
-223088
-222256
-222025
-221185
-220945
-220574
-220404
-220305
-220294
-220196
-220156
-219465
-219226
-218970
-217965
-217256
-217093
-216857
-216119
-215911
-215605
-215179
-214722
-214717
-214242
-214149
-214135
-214056
-213767
-212948
-212811
-212729
-212344
-211180
-210574
-210493
-209971
-209818
-209755
-208021
-207911
-207563
-207162
-205837
-205614
-204080
-203353
-203089
-202654
-202493
-201760
-201419
-200640
-200327
-199743
-199359
-199181
-198964
-198277
-198151
-197348
-197315
-197309
-197084
-197072
-196625
-196245
-196139
-195569
-194235
-194022
-193912
-193911
-193673
-193033
-192734
-192032
-191759
-190765
-190645
-189544
-189069
-188963
-188644
-188180
-187845
-187153
-186754
-186728
-186605
-186473
-185965
-185760
-185674
-185225
-184577
-183611
-183604
-183541
-183124
-183059
-182991
-182951
-182729
-182347
-182223
-181706
-181623
-181516
-181508
-180517
-180193
-179856
-179730
-179104
-178993
-178516
-178311
-178134
-177161
-177157
-177050
-176762
-176559
-176549
-176310
-176100
-175983
-175923
-175711
-175184
-174488
-174256
-173962
-173918
-173903
-173895
-173451
-173434
-173313
-172894
-172511
-171977
-171668
-171652
-170976
-170889
-170629
-170512
-169686
-169469
-168958
-168944
-168563
-168195
-168194
-167973
-167579
-167287
-167285
-167245
-167108
-166959
-166831
-165199
-164618
-164524
-164263
-164136
-164125
-163144
-163044
-163020
-162682
-162671
-162452
-162323
-162260
-162116
-162115
-161581
-161480
-161253
-161139
-161067
-160962
-160641
-160469
-160206
-159552
-159510
-159245
-158976
-158552
-158482
-157568
-157317
-156669
-156486
-156483
-156289
-155825
-155810
-155570
-155517
-155490
-154956
-154362
-153835
-153668
-153655
-153158
-153031
-152829
-152104
-151490
-149799
-149266
-149034
-148995
-148581
-148505
-147822
-147820
-147743
-147668
-146900
-146853
-146828
-146494
-146268
-146089
-145700
-145479
-145401
-144794
-144614
-144335
-143850
-143617
-143551
-143439
-142311
-142067
-141931
-141871
-141616
-141475
-141355
-141168
-140951
-140873
-140650
-140476
-140192
-140121
-139916
-139337
-139328
-139279
-139277
-139067
-138704
-138650
-138073
-137732
-137367
-137234
-137001
-136028
-135798
-135746
-135718
-135438
-135005
-134862
-134848
-134778
-134641
-134555
-134467
-134346
-134313
-134301
-134249
-133896
-133201
-132698
-132610
-132511
-132395
-132273
-132230
-131542
-131435
-131357
-130983
-130825
-130511
-130503
-130352
-130318
-130308
-130125
-129936
-129915
-129822
-129815
-129605
-129528
-129465
-129449
-129366
-129154
-128905
-128341
-128144
-127825
-127665
-127602
-127352
-127298
-127293
-127003
-126677
-126462
-126459
-126237
-126105
-125886
-125739
-125228
-125052
-124766
-124765
-124468
-123817
-123723
-123210
-122565
-122452
-122283
-122192
-121591
-121566
-121311
-121295
-121265
-120672
-120480
-120280
-120204
-120093
-120004
-119878
-119851
-119784
-119720
-119306
-119212
-119200
-119052
-119031
-118531
-118449
-117979
-117823
-117736
-117657
-117642
-117627
-117563
-117379
-117201
-117194
-116889
-116715
-116700
-116626
-116521
-116100
-115986
-115965
-115437
-115184
-114888
-114821
-114736
-114655
-114578
-114576
-114520
-114356
-114070
-113817
-113641
-113492
-112708
-112623
-112544
-111890
-111399
-111351
-111315
-111115
-111083
-110979
-110943
-110674
-110643
-110439
-110217
-110006
-109886
-109844
-109620
-109594
-109223
-108858
-108818
-108766
-108756
-108593
-108560
-108133
-107965
-107934
-107778
-107777
-107528
-106765
-106665
-106393
-106373
-106369
-106255
-106238
-106167
-105834
-105501
-105338
-105031
-104990
-104814
-104483
-104284
-104246
-104090
-103918
-103835
-103730
-103698
-103532
-103321
-103220
-103194
-103151
-102749
-102730
-102050
-101778
-101468
-100992
-100712
-100697
-100647
-100606
-100561
-100262
-100182
-100098
-99977.9
-99760.4
-99557.5
-99522.1
-99334.7
-99081.5
-98906.9
-98532.7
-98377
-98332.5
-98249.5
-97609.4
-97258.7
-97194.1
-97107
-97094.1
-97045.2
-97001.4
-96970.6
-96965.3
-96875.6
-96788.8
-96618.3
-96459.8
-96448
-96083.7
-96028.8
-96026.8
-96008.4
-95556.5
-95492.6
-95253
-95252.2
-95197.1
-94994.5
-94675.8
-94672
-94579.7
-94431.3
-94297.3
-94294.7
-94270.2
-94240.6
-94234.8
-94111.1
-94054
-94047.4
-94022.9
-93909.7
-93815.5
-93814.7
-93772.8
-93739.3
-93718
-93663.4
-93366.3
-93215.2
-93206.8
-92932.2
-92324.4
-92240.1
-92179.6
-92102.9
-91926.4
-91864
-91712.1
-91536.8
-91425.3
-91397.1
-91295.3
-91247.5
-91189.8
-91154.7
-91116.8
-91068.9
-91005.4
-90989.5
-90896.2
-90876.2
-90718.2
-90517.4
-89993.2
-89749.7
-89666.6
-89466.9
-89422.8
-89359.2
-89256.7
-89089.4
-88977.1
-88851.9
-88745.1
-88397.8
-88389.3
-88335.3
-88230.8
-88152.1
-87909
-87883.2
-87702.9
-87660.4
-87635.7
-87559.2
-87512.7
-87448.5
-87422.7
-87316.4
-87229.9
-87178.5
-86769.1
-86516.6
-86317.5
-86265.9
-86244
-86170.9
-86160.3
-86148.5
-85998.3
-85891.4
-85880.1
-85870.2
-85710.5
-85500.7
-85387.2
-85225.7
-85212.6
-85168.1
-85112.6
-85089.3
-84902.9
-84702.9
-84583.1
-84554.9
-84325.1
-84321.1
-84299.1
-84101.8
-84020.5
-83975.4
-83966.4
-83811.1
-83550.3
-83485.7
-83426.2
-83314.8
-83258.1
-83255.7
-83211.3
-83154.9
-83001.2
-82984
-82779.1
-82746.8
-82580.3
-82547.1
-82530.8
-82364.8
-82333.7
-82304.1
-82256.8
-82152.4
-82054.2
-81979.4
-81976.2
-81886.8
-81821.8
-81737
-81732.3
-81681.4
-81629
-81568
-81520.3
-81449.8
-81301.7
-81157.5
-80857.5
-80798.6
-80796
-80705.9
-80635.6
-80563.8
-80525.3
-80470.9
-80422.4
-80398.5
-80129.7
-80100.6
-80060.4
-79992.6
-79964.2
-79750.8
-79743.2
-79603.3
-79471.5
-79292.8
-79213.1
-79161.4
-79099.8
-79047.8
-78926.9
-78879.2
-78853.5
-78808.2
-78782.4
-78758.4
-78699.7
-78616.1
-78508.9
-78476.8
-78202.5
-77982.5
-77979.7
-77848.7
-77816
-77803.7
-77799.7
-77770.7
-77759.6
-77679.2
-77558.3
-77468.9
-77410.7
-77401.4
-77328.5
-77298.1
-77177.3
-77154.6
-77081.1
-76950.7
-76915.7
-76845.8
-76663.8
-76631.6
-76597.3
-76578.6
-76528
-76520.2
-76422
-76257.5
-76235.8
-76151.3
-76095.6
-76035.3
-76031.4
-75924.9
-75852.4
-75724.4
-75691
-75687.3
-75671.3
-75606.5
-75576.4
-75495.4
-75484.6
-75290.4
-75220.2
-75219.5
-75211.8
-75182.1
-74899.6
-74889.6
-74752.1
-74627.6
-74600.6
-74389.2
-74387.4
-74342.1
-74311
-74303
-74190.7
-74145
-74133.3
-73976.6
-73858.3
-73817.5
-73798.8
-73711.8
-73685.7
-73487.4
-73443
-73365.7
-73364.5
-73355.1
-73216.4
-73137.6
-73136.3
-72873
-72644.4
-72633.5
-72455.2
-72454.7
-72450.3
-72299.2
-72239
-72228
-72126.5
-72083.5
-71981.2
-71749
-71567.2
-71414.3
-71339.1
-70752.9
-70727.9
-70660.8
-70619.6
-70427.2
-70369.1
-70367.2
-70229.3
-70082.4
-69947.9
-69817.2
-69749.1
-69639.2
-69638.6
-69552.4
-69534.4
-69483.3
-69413.3
-69237.9
-69150
-69133.8
-69031.4
-69024.4
-68851.6
-68851.4
-68836.9
-68835.7
-68753
-68230.7
-68228.9
-68155.6
-68024.3
-68000.1
-67912.6
-67873
-67852.7
-67805.9
-67750.8
-67717
-67644.6
-67496.7
-67479.4
-67439.7
-67410
-67332.4
-67289
-67224.3
-67194.9
-67161.7
-67140.3
-67087.8
-67075.6
-67061.3
-66939.9
-66896.8
-66870.5
-66860.9
-66835.7
-66777.4
-66742.3
-66629.2
-66593.2
-66534.9
-66403.7
-66388.4
-66379
-66350
-66286.9
-66278.2
-66266.2
-66233.8
-66133.3
-66050
-66041.1
-65975.9
-65877.4
-65580.4
-65578.2
-65532.5
-65527.2
-65375
-65298.3
-65286.6
-65269.2
-65248.6
-65215.9
-65117.3
-65064.3
-65042.1
-64861.2
-64775.8
-64744.9
-64662.3
-64613.5
-64452.7
-64426.1
-64380
-64343.9
-64256.1
-64174
-64137.5
-64134
-64084.5
-64058
-63910.5
-63854.4
-63840.8
-63826.6
-63737.3
-63630
-63547
-63500.3
-63461.4
-63384.9
-63372.6
-63316.3
-63292.3
-63102.6
-63099.9
-63085.2
-63039
-63031.5
-62875.4
-62848.5
-62840.4
-62828
-62796.1
-62773
-62746
-62722.6
-62649.3
-62626.6
-62601.2
-62455.3
-62340.6
-62236.9
-62229
-62222.3
-62127.8
-62126.7
-62048.2
-62027.7
-61864.1
-61812.4
-61808.8
-61705.2
-61685
-61645.1
-61621.1
-61613.6
-61469.5
-61429.8
-61428.1
-61327.4
-61285.1
-61217.4
-61022.3
-60834.8
-60832.6
-60824.5
-60744.4
-60683.8
-60658
-60645.5
-60578.3
-60489.9
-60455
-60298.8
-60296.4
-60192.3
-60115.3
-60042.8
-60013.8
-59999.9
-59772.3
-59680.8
-59668.4
-59617.5
-59555.1
-59544.4
-59345.2
-59269.4
-59189.3
-59123.2
-58970.9
-58935
-58922.7
-58900.8
-58866.3
-58863.4
-58841.3
-58626.2
-58611.6
-58560.1
-58498.8
-58476.1
-58466.2
-58321.3
-58258.3
-58245.9
-58229.6
-58182.8
-58180.7
-58103.4
-58085.3
-58027.3
-57935.7
-57926.6
-57879.7
-57826.2
-57817.6
-57668.1
-57495.3
-57488.9
-57484.1
-57307.5
-57287.5
-57179.5
-57076
-57065.2
-57037.7
-57009.3
-56882.5
-56842.6
-56787.5
-56785.4
-56660
-56609.4
-56591.4
-56576.4
-56457.3
-56421
-56416.1
-56173.4
-56125.3
-56095.1
-56071.3
-56037.1
-56035.5
-56015.2
-55974.6
-55918.3
-55856.8
-55826
-55824.2
-55809.1
-55790.9
-55790.1
-55786.3
-55755
-55737.8
-55728.3
-55723.8
-55717.8
-55696
-55660.5
-55650.2
-55643.7
-55556.9
-55470
-55466.7
-55413.6
-55406.6
-55396.7
-55388.9
-55379.7
-55364.9
-55362.5
-55355.3
-55340.1
-55290
-55252.7
-55179.1
-55035.4
-55025.6
-54992.9
-54984.4
-54947.9
-54899.6
-54898.4
-54893.1
-54808.2
-54742
-54722.5
-54685.3
-54649.7
-54604.6
-54579.9
-54549.9
-54532.3
-54343.5
-54340.3
-54215.8
-54141.2
-54107.4
-54086.2
-53938.6
-53839.1
-53823.8
-53654.4
-53627.6
-53622.4
-53612
-53575
-53563.9
-53554.3
-53552.3
-53528.7
-53510.6
-53335.5
-53319.8
-53314.7
-53159.5
-53105.2
-52905.8
-52846.1
-52791.4
-52783.9
-52783.7
-52767.4
-52742.7
-52704
-52692.2
-52691.7
-52642.2
-52632.1
-52618.5
-52594.9
-52566.6
-52544
-52525.7
-52523.4
-52514.4
-52438.9
-52403.3
-52334.4
-52303.3
-52298.4
-52238
-52224.9
-52178.5
-52161.7
-52100.2
-52097.9
-52088.9
-52011.3
-52008.3
-51954.9
-51902.1
-51824.7
-51820.5
-51796
-51612.5
-51426.8
-51402.6
-51297.7
-51272.4
-51262.1
-51141
-50890.4
-50802.1
-50801
-50769
-50765.3
-50755
-50683.6
-50682.5
-50631.6
-50626.8
-50567.3
-50523.2
-50505.2
-50496.1
-50406.9
-50344.3
-50335.1
-50247.3
-50247
-50242.2
-50170.9
-50161.2
-50144.2
-50068.7
-50065.2
-50057.9
-50040.9
-50038.9
-49916.7
-49904.2
-49891.2
-49841.5
-49727
-49714.6
-49627
-49595
-49593.4
-49563.4
-49536.3
-49534.3
-49371.2
-49320.7
-49314.2
-49312.3
-49232.3
-49210
-49188.8
-49185.5
-49153.5
-49151.6
-49096.8
-48954.5
-48945.2
-48903.7
-48893.5
-48878.5
-48850.4
-48841.6
-48795.8
-48689
-48447.8
-48397.7
-48342.3
-48318.8
-48305.4
-48304.3
-48250
-48176.3
-48095.2
-48084.2
-48073.1
-47993.7
-47941
-47913
-47895.4
-47845
-47838.7
-47834.1
-47820.6
-47715.5
-47697.6
-47687
-47684.7
-47597.2
-47591.1
-47548.2
-47542.3
-47450
-47418
-47389.5
-47357.6
-47312.8
-47263.9
-47219.9
-47187.8
-47138
-47089.8
-47078.2
-47043.7
-47028.7
-47025.8
-46980.2
-46792.2
-46773.6
-46734.1
-46652.2
-46613.2
-46608.4
-46588.2
-46547.3
-46540.7
-46483.5
-46462.7
-46461.2
-46424.8
-46418
-46344.9
-46340.9
-46303.4
-46297.3
-46260.4
-46229
-46227
-46151.9
-46123.6
-46101.5
-46036.4
-45960
-45898.9
-45888.8
-45829.8
-45817.1
-45816.2
-45766.6
-45651.8
-45642
-45612.8
-45610.3
-45563.4
-45556.7
-45506.2
-45499.3
-45464.3
-45444.7
-45444.1
-45416.4
-45416
-45412.3
-45401.1
-45366.6
-45346.9
-45300.7
-45248.6
-45231.8
-45197.1
-45132
-45127.8
-44982.9
-44936
-44923.2
-44917.8
-44869.4
-44846.8
-44843.2
-44801.7
-44783.8
-44759.5
-44747.6
-44741.2
-44725
-44722.9
-44701.2
-44697.8
-44680.8
-44658.2
-44637.7
-44637.6
-44632.8
-44620.1
-44615.6
-44613.8
-44608.8
-44596.4
-44562.2
-44561.5
-44546.7
-44542.4
-44472.1
-44465.2
-44443.6
-44425.8
-44403.6
-44371.3
-44360.9
-44345.9
-44333.1
-44331.7
-44309.7
-44306
-44304.8
-44284
-44214.4
-44169.5
-44160.8
-44136.3
-44127.5
-44113
-44105.9
-44091.3
-44090.9
-44081.4
-44052.4
-43980.8
-43954.2
-43932.9
-43920.5
-43917.5
-43909.4
-43880.8
-43867.5
-43742.3
-43719.7
-43679.1
-43658.9
-43647.2
-43611.9
-43601.5
-43600.3
-43590.9
-43547.6
-43528.6
-43443.7
-43435.7
-43363.3
-43360.1
-43330.5
-43328.2
-43294.9
-43272.2
-43222.2
-43209.1
-43168.8
-43121.7
-43119.9
-43024
-43023.9
-42996.9
-42977.7
-42973.6
-42940.1
-42874.5
-42869.6
-42806.1
-42756.7
-42721.7
-42707.1
-42700.1
-42692.4
-42679.2
-42678.3
-42677.5
-42649.1
-42640.3
-42602
-42579.9
-42535.5
-42527
-42495.3
-42485.2
-42411.8
-42399.3
-42371.7
-42363
-42356.7
-42342.4
-42265
-42250.4
-42222.2
-42216
-42202.8
-42163
-42162.4
-42139.4
-42118.2
-42114.1
-42083
-42076
-42064.8
-42050.7
-41994.7
-41990.5
-41951.3
-41917.5
-41907.7
-41875.3
-41760.9
-41734.6
-41729.2
-41724
-41704.1
-41683
-41650.5
-41632.1
-41588.5
-41569.7
-41545.2
-41461
-41387.6
-41355.6
-41306
-41271
-41224.8
-41223.6
-41160
-41152.4
-41112.4
-41051.2
-41026.6
-41020.7
-41017.8
-40970.9
-40916.3
-40751.6
-40736.7
-40735.4
-40564.2
-40556.8
-40526.7
-40513.3
-40502.8
-40445.2
-40438.9
-40418.2
-40396.7
-40391.2
-40384.2
-40363.8
-40349.9
-40342.7
-40256.6
-40250.5
-40117.5
-40092.5
-40053.9
-40017.6
-39989.7
-39964.8
-39949.3
-39888.9
-39880.8
-39789.6
-39745.7
-39737.6
-39706.2
-39701
-39700.3
-39697.6
-39695.3
-39680.3
-39652.2
-39596
-39586.7
-39566.1
-39525.5
-39514.6
-39471.5
-39443.8
-39417.3
-39405.6
-39239.4
-39235
-39202.4
-39195.9
-39184.4
-39176.7
-39175.9
-39170.5
-39155.1
-39114
-39052.2
-39042.1
-39038.3
-38952.3
-38942.9
-38806.6
-38801.2
-38778
-38776.5
-38770.2
-38750.4
-38732.3
-38722.9
-38698.5
-38690.1
-38683
-38676.5
-38676.1
-38638.5
-38580.9
-38576.4
-38521.8
-38513.2
-38500.1
-38439.5
-38428.3
-38427.6
-38420.9
-38397.7
-38394.7
-38376.7
-38368.4
-38355.5
-38295.9
-38279.6
-38240.5
-38209.9
-38163.9
-37988.9
-37980.5
-37944.4
-37917.6
-37892.6
-37859.5
-37805.2
-37801.6
-37794.1
-37786.3
-37752.1
-37725.6
-37713.4
-37685.5
-37658
-37639.7
-37627.3
-37621.2
-37619.1
-37615.1
-37602.4
-37585.4
-37529.8
-37511.6
-37484.6
-37482.4
-37452.8
-37450.1
-37402.5
-37387.9
-37372.6
-37368.6
-37340.9
-37337.6
-37332.8
-37320.8
-37304.2
-37282.7
-37240.8
-37173.4
-37170.8
-37154.2
-37111.8
-37099.9
-37067.6
-37043.9
-37023.7
-37008.6
-36988.3
-36969
-36958.4
-36953.7
-36912.4
-36910.4
-36910.2
-36850.3
-36783.9
-36682.5
-36681.4
-36669.7
-36664.3
-36663.1
-36645.2
-36620.5
-36589
-36581.1
-36554.5
-36550.6
-36520.9
-36508.2
-36469.3
-36442.8
-36414.5
-36379.6
-36267.3
-36267.1
-36232.9
-36232.1
-36190.8
-36113.8
-36088.8
-36086.5
-36027
-35921.1
-35914
-35882.7
-35874.7
-35873
-35863.2
-35850.8
-35811.2
-35757.6
-35734.7
-35702.8
-35674.8
-35629.5
-35583.8
-35543.6
-35519.5
-35511.8
-35490.8
-35482.3
-35482.3
-35421
-35392.4
-35390.4
-35324.4
-35247
-35245.3
-35234.6
-35221.4
-35215.8
-35191.7
-35178.6
-35173.2
-35093.3
-35078.8
-34999.7
-34996
-34968.8
-34912.4
-34909.3
-34898.9
-34898.3
-34864.4
-34843.6
-34804.3
-34794.1
-34775.6
-34766.3
-34766
-34765.3
-34723.1
-34692.8
-34690.3
-34689.8
-34663.4
-34656
-34635.7
-34613.4
-34575
-34554
-34549.2
-34520.2
-34514.4
-34494.6
-34452.6
-34451
-34407.9
-34339.2
-34295.6
-34277.5
-34274.3
-34266.6
-34261.6
-34229.1
-34213.8
-34211.3
-34199.1
-34196.8
-34184.2
-34180.8
-34111.2
-34107.9
-34076.8
-34055.3
-34011.5
-33964.5
-33916
-33904
-33900.2
-33897.9
-33893.4
-33879.8
-33877.7
-33869.8
-33833.4
-33830.9
-33818.1
-33794.4
-33767.2
-33746.6
-33745.7
-33737.3
-33735.3
-33722
-33698.1
-33645.7
-33604.4
-33581.2
-33545.2
-33483.1
-33464.8
-33460.6
-33451.3
-33450.9
-33445.9
-33441.2
-33421.2
-33416.4
-33377.1
-33370
-33364.2
-33362.5
-33320.1
-33319.3
-33260.6
-33226.4
-33219
-33166.4
-33147.9
-33141.5
-33140.6
-33128
-33087.9
-33070.6
-33063.4
-33063.2
-33022.9
-33012.1
-33005.1
-32984.5
-32982.5
-32975
-32925.2
-32885.9
-32875.4
-32868.5
-32850.1
-32821.6
-32758.2
-32713.7
-32710.4
-32702.3
-32691.1
-32685
-32625.3
-32620.2
-32613.8
-32569.3
-32565.5
-32542
-32530.1
-32525.2
-32518.5
-32504.9
-32499.9
-32497.3
-32494.6
-32488.5
-32483.8
-32482.9
-32471.7
-32459.3
-32420
-32393.1
-32387.3
-32363.9
-32283.1
-32276.3
-32264.2
-32248.1
-32236.4
-32218.2
-32214.4
-32177.5
-32161.5
-32090.6
-32087.1
-32065.4
-32049.5
-32043.5
-31971.6
-31935
-31918.7
-31899.7
-31887.5
-31866
-31831.1
-31823.8
-31773.6
-31769
-31706.2
-31680.7
-31670.8
-31591
-31590
-31582.9
-31582.8
-31578.7
-31545.4
-31513.1
-31490.9
-31488.1
-31478
-31447.1
-31436.4
-31423.1
-31396.5
-31364.5
-31360.4
-31336.1
-31316.9
-31296.1
-31295.8
-31281.4
-31233.5
-31217.4
-31212.9
-31173.3
-31157.9
-31150.8
-31140.3
-31135.6
-31109.1
-31104.3
-31092.1
-31015.3
-31010.8
-31010.2
-31008.6
-30991.9
-30905.3
-30901.4
-30896.5
-30893.6
-30892.5
-30881.3
-30872.2
-30870.9
-30868.2
-30803.6
-30789
-30773
-30771.4
-30740.2
-30722.8
-30702.3
-30690.7
-30623.7
-30619.3
-30600.9
-30576.5
-30571.2
-30567.2
-30540.4
-30536.1
-30520
-30509.9
-30421.1
-30393.8
-30369.6
-30353.8
-30352.8
-30348.8
-30320
-30297.8
-30274
-30235.8
-30175.5
-30086.4
-30078.1
-30045.7
-30035
-30033.1
-30015.4
-29989.5
-29975.9
-29972.5
-29961
-29949.8
-29909.5
-29822.6
-29804.9
-29764.1
-29763.5
-29761.4
-29722.2
-29698.6
-29667
-29631.7
-29610
-29582.9
-29573.4
-29558.2
-29481.4
-29412
-29410
-29374
-29358.7
-29352.3
-29347.2
-29299.5
-29244.8
-29237.5
-29217.8
-29215.5
-29202.2
-29111.1
-29104.4
-29101.6
-29089
-29084.1
-29031.7
-28951.9
-28908.8
-28906.9
-28902.9
-28857.1
-28845
-28830.4
-28823.9
-28806.2
-28796.4
-28732.2
-28720.5
-28708.1
-28639.9
-28627.6
-28618.5
-28601.1
-28584.9
-28584.1
-28543.7
-28540.9
-28520.4
-28457
-28452.8
-28438.9
-28403.9
-28393.8
-28363.4
-28350.8
-28333.4
-28328.6
-28305.1
-28228.5
-28184.2
-28178.2
-28167.1
-28160.2
-28153.4
-28093.9
-28049.2
-28027.9
-28012.9
-27980.9
-27955.6
-27952.2
-27951.9
-27914.7
-27912.8
-27875.7
-27867
-27857.8
-27848.7
-27841.3
-27834.9
-27819.7
-27809.6
-27791.7
-27781.4
-27780.6
-27766.2
-27762.4
-27754.2
-27744.1
-27667
-27641.7
-27630.9
-27614
-27605.7
-27602.3
-27557.2
-27519.6
-27516
-27504.6
-27478.6
-27472.7
-27440.1
-27437.2
-27379.7
-27366.1
-27320.1
-27319.1
-27306.7
-27298.3
-27285.7
-27282
-27277.6
-27271.7
-27228.5
-27220
-27198.2
-27162.5
-27150.9
-27131.5
-27116.9
-27113.1
-27088
-27057.8
-27042.8
-27037.7
-27036.4
-27014.6
-26997.1
-26971.1
-26954.5
-26925.3
-26922.1
-26905.8
-26904.4
-26896.7
-26852.6
-26814.1
-26793.3
-26754.6
-26742.6
-26734
-26719.6
-26697.9
-26688.6
-26687.4
-26621.2
-26597.1
-26593.4
-26516.2
-26512.5
-26499.4
-26495.6
-26474.5
-26447.2
-26441.8
-26434.2
-26419.5
-26411.3
-26410.8
-26369.9
-26316.7
-26302.2
-26296.9
-26296
-26281
-26280.9
-26268.4
-26258.5
-26251.1
-26219.3
-26160.2
-26149.6
-26141.8
-26123
-26113.1
-26112.2
-26100.1
-26094
-26075.9
-26072.8
-26024.3
-26003.2
-25994.9
-25989.6
-25977.1
-25969.1
-25944.3
-25918.2
-25910.3
-25893
-25891.3
-25890.6
-25865.1
-25864.4
-25850.9
-25836.8
-25832.2
-25818.6
-25795.7
-25765
-25759.8
-25703.6
-25687
-25684.8
-25676.3
-25627.4
-25626.9
-25616.9
-25544.7
-25506.4
-25498.7
-25482.7
-25480.9
-25470.4
-25467.2
-25411.4
-25379
-25376.3
-25330.9
-25320.9
-25264.7
-25249.1
-25223.4
-25222.3
-25219.9
-25189.6
-25169.5
-25148.1
-25117.2
-25056.3
-25005.8
-24986.2
-24944.2
-24938.8
-24925.1
-24924.4
-24852.2
-24793.2
-24769.9
-24733.1
-24728
-24714.2
-24699
-24681.1
-24655.8
-24622.2
-24620.1
-24564.2
-24544.2
-24513.3
-24512.3
-24505.8
-24497.3
-24449.1
-24395.2
-24361
-24352.6
-24311.7
-24299
-24252.7
-24252.6
-24238
-24230.7
-24230.3
-24229.1
-24203.2
-24199.9
-24193.9
-24174.5
-24143.9
-24138.8
-24119.6
-24092.3
-24091
-24076.1
-24075.9
-24074.1
-24065.1
-24064.9
-24064.1
-24061.7
-24056.7
-24048.7
-24020.5
-24015.4
-23999.2
-23992.1
-23961.8
-23932.3
-23914.6
-23913.7
-23898.4
-23885
-23865.7
-23859.9
-23843.5
-23841.3
-23837.5
-23826.6
-23821.5
-23722.3
-23713.3
-23707
-23695
-23694.4
-23692.5
-23685.7
-23671.6
-23666.3
-23621.2
-23611.9
-23610.7
-23609.6
-23589.5
-23589
-23577.1
-23574.7
-23540.3
-23530.6
-23482.8
-23478.8
-23467
-23410.8
-23409.9
-23327.6
-23286.6
-23283
-23185.4
-23177
-23158.5
-23153.1
-23147.1
-23131.5
-23122.4
-23105.1
-23096.8
-23093.8
-23071.4
-23019.9
-23011.2
-22985.2
-22981.8
-22971.9
-22948.1
-22915
-22894.2
-22883.9
-22864.8
-22859
-22849
-22810.4
-22741.6
-22729.9
-22729.7
-22728.4
-22705.1
-22674.8
-22667.2
-22649.6
-22618.4
-22617.5
-22603.8
-22583.7
-22580.2
-22579.1
-22565.9
-22550.8
-22544.2
-22495.1
-22492.4
-22491.1
-22455.3
-22426.8
-22425.2
-22327.7
-22313.1
-22309.4
-22304.2
-22280.2
-22260.9
-22259
-22209.1
-22180.5
-22157.4
-22133.9
-22128.8
-22119.2
-22116
-22090.5
-22074.3
-22069.3
-22068.7
-22015.3
-22003.6
-21939.2
-21853.9
-21817.6
-21811.8
-21809.8
-21803.5
-21767.4
-21758.5
-21754.3
-21728.3
-21727.4
-21722.7
-21705.6
-21704.1
-21670.6
-21664.2
-21627.2
-21593.6
-21555.4
-21543.3
-21537.4
-21534.6
-21527.3
-21493.3
-21483.6
-21469.3
-21451.9
-21449.6
-21406.7
-21389.8
-21386
-21383.2
-21378.8
-21334.1
-21327
-21322
-21255.4
-21247.1
-21244
-21194.4
-21184.5
-21166.7
-21164.3
-21148.6
-21112.2
-21059.3
-21057.2
-21032.8
-21025
-21011.5
-21004.2
-21003.6
-20996.6
-20980.4
-20946.4
-20926.9
-20917.8
-20887.8
-20872.3
-20868.9
-20834.3
-20810.8
-20800.9
-20762.8
-20712.3
-20661.3
-20658.9
-20635.6
-20608.6
-20581.7
-20578.4
-20562.1
-20559.6
-20556.9
-20553.6
-20550.1
-20473.1
-20457.9
-20443.9
-20425.6
-20400
-20393.2
-20392.2
-20374.8
-20362.4
-20343.4
-20329.1
-20308.1
-20291.5
-20270.9
-20267.2
-20264.8
-20260.3
-20252.5
-20192.3
-20164.7
-20133
-20121.9
-20106.4
-20076
-20065.3
-20048.1
-20043.2
-20042.5
-20027.1
-20018.2
-20013.6
-20007.1
-19981.6
-19974.9
-19969.3
-19963.4
-19941.1
-19917.5
-19900.7
-19897
-19803.2
-19791.5
-19790.6
-19780.7
-19779
-19754.4
-19753.9
-19747.8
-19741.9
-19716.3
-19703.6
-19695
-19689.6
-19672.8
-19669.6
-19664.9
-19620.2
-19533
-19524.3
-19519.2
-19504.5
-19491
-19489.2
-19487.8
-19464.1
-19462.9
-19448.8
-19389.9
-19387.5
-19374.6
-19359.6
-19345.3
-19304.6
-19273.8
-19260.3
-19245
-19223.5
-19211.9
-19208.4
-19202.1
-19169.2
-19114.3
-19104.4
-19099.2
-19081.5
-19076.4
-19051.5
-19042.1
-19032.4
-19026.4
-18993.6
-18975.4
-18945.6
-18923.9
-18916.8
-18908.8
-18836.8
-18824.5
-18770.6
-18769.9
-18747.7
-18734.1
-18710.4
-18699.3
-18698.4
-18647.3
-18639.5
-18612.5
-18605.6
-18603.6
-18546
-18534.2
-18481.6
-18472.8
-18472.8
-18449.1
-18400
-18399.6
-18384.3
-18379.5
-18364.6
-18352
-18345.6
-18260.7
-18247.5
-18204.6
-18182
-18168.8
-18118.6
-18113.6
-18099.5
-18091.4
-18087
-18082.1
-18074.5
-18062.2
-18045.3
-18023
-18012.2
-17959.6
-17954.5
-17916.5
-17910.6
-17901.5
-17870
-17867.5
-17863.1
-17843.3
-17825.2
-17825
-17817
-17813
-17798.2
-17788.3
-17750.6
-17748.8
-17715.8
-17707.2
-17703.9
-17671.1
-17662.7
-17642.1
-17641.7
-17629
-17595.3
-17582.9
-17575.7
-17570
-17535.8
-17517.7
-17514.8
-17512.8
-17487.7
-17484.7
-17459.2
-17453.6
-17446.2
-17406.2
-17397.6
-17393.3
-17380.6
-17361.6
-17343.8
-17343.1
-17337.9
-17331.7
-17290.2
-17262.3
-17245.3
-17232.6
-17230.5
-17220.6
-17195.8
-17191
-17178.6
-17139.3
-17114.1
-17102.7
-17102.2
-17096.7
-17090.9
-17081.5
-17032.4
-17030
-16958.9
-16943
-16933.6
-16916.6
-16907.3
-16892.7
-16877.8
-16875
-16871.9
-16870.4
-16867.1
-16820.5
-16813.2
-16785
-16771.7
-16745.1
-16712.2
-16709.2
-16655.6
-16639
-16624
-16622.9
-16620.7
-16599.5
-16591.2
-16588.3
-16582.5
-16568.2
-16564.5
-16554.3
-16532.9
-16513.3
-16511.6
-16500.4
-16489.2
-16482.6
-16464.6
-16456.5
-16445.4
-16437.5
-16416
-16408.1
-16356.1
-16321.7
-16309.8
-16309.2
-16308.8
-16292.7
-16288.5
-16286.3
-16281.6
-16256.8
-16253.2
-16210.9
-16185.2
-16122.3
-16110.1
-16096.4
-16051.4
-16043.9
-16036.8
-16002.2
-16001.6
-15997.9
-15987
-15953.2
-15951.5
-15938.8
-15918.1
-15916.3
-15914.5
-15908.5
-15876.6
-15875.1
-15855.7
-15848.2
-15847.7
-15840.3
-15834.2
-15827.6
-15826.6
-15819.8
-15809.2
-15800.5
-15769.9
-15762.6
-15758.7
-15756.5
-15755.7
-15754.9
-15747
-15731.4
-15709.6
-15706.3
-15660
-15658
-15657.6
-15651
-15636.3
-15636.1
-15618.1
-15612.3
-15602
-15582.9
-15568
-15532.8
-15511.8
-15491.3
-15485.7
-15485.5
-15484.1
-15456.2
-15417.1
-15399.8
-15393.1
-15387.8
-15380
-15351.4
-15351.2
-15349.3
-15335.8
-15313.8
-15298.2
-15293.7
-15255.4
-15249
-15242.2
-15240.4
-15236.7
-15212.2
-15172.6
-15171.9
-15167.8
-15152.3
-15102.1
-15050
-14987
-14976.3
-14973.8
-14960.2
-14955.6
-14880.3
-14824.7
-14824.1
-14803.1
-14801.5
-14736.3
-14735.7
-14734.6
-14719.1
-14718.3
-14680.7
-14668.2
-14660.3
-14642.7
-14642.3
-14621.9
-14613.2
-14601
-14595.5
-14587.2
-14566.6
-14554.5
-14551.4
-14544.8
-14528.3
-14520.2
-14516.1
-14499.5
-14487.9
-14484.8
-14480.4
-14479.1
-14468.3
-14461.8
-14456.3
-14454.3
-14440.6
-14432.4
-14430.5
-14406.4
-14406
-14390.2
-14383.7
-14381.6
-14377.6
-14375.5
-14372.3
-14324.5
-14311.2
-14295.6
-14284.3
-14276.3
-14271.5
-14264.6
-14260.9
-14244
-14214.5
-14202.3
-14191.9
-14191.3
-14190.5
-14184.3
-14171.7
-14161
-14157.4
-14149.9
-14142.5
-14129.2
-14106.5
-14054
-14049
-14046.7
-14029.8
-14001.2
-13984.1
-13962.7
-13953.3
-13922.2
-13867.9
-13860.4
-13851.2
-13843.2
-13810.9
-13798.9
-13788.3
-13788.3
-13768.4
-13753.9
-13731.3
-13728.6
-13721.2
-13713.3
-13701
-13700.5
-13689.2
-13687.7
-13678.9
-13620.3
-13588.2
-13587.1
-13583.7
-13582.3
-13556.7
-13535.1
-13534.9
-13471
-13470.3
-13461.4
-13452.1
-13438.3
-13428.1
-13391
-13374.3
-13366
-13351.5
-13337
-13320.6
-13316.3
-13302.3
-13269.5
-13258.6
-13252.8
-13246.9
-13244.2
-13241.6
-13235.6
-13224.6
-13214.1
-13208.8
-13199.7
-13190.9
-13148.9
-13141.5
-13138.4
-13135.8
-13114.7
-13102.5
-13081.5
-13073.3
-13054.1
-13051.6
-13039.5
-13020.5
-13016.7
-13008.2
-12994.6
-12980.3
-12978
-12970.9
-12960.7
-12939.5
-12934.5
-12908.5
-12891.6
-12882.1
-12836.6
-12829.1
-12825.9
-12817.4
-12808.1
-12797.9
-12791
-12780.3
-12774.8
-12722.2
-12718.2
-12676.7
-12670
-12647.4
-12639.3
-12610.8
-12548
-12547.5
-12528.2
-12483.2
-12482.5
-12481.4
-12471.6
-12470.9
-12468.6
-12451.8
-12432.8
-12422.5
-12414.9
-12410.8
-12406.9
-12403.8
-12385.5
-12384.9
-12379.9
-12362.1
-12353.8
-12344
-12341
-12329
-12323.9
-12315.3
-12303
-12288.4
-12277.2
-12256.1
-12243.6
-12232.9
-12211.4
-12209.3
-12206
-12202
-12171.3
-12154.4
-12153.9
-12152.5
-12152.2
-12143.2
-12140.8
-12132.5
-12128.6
-12111.2
-12084.5
-12073.3
-12063.5
-12051.2
-11967.3
-11964.3
-11961.9
-11953.7
-11947.2
-11927
-11921.3
-11900.7
-11899.3
-11896.2
-11869.1
-11844.3
-11842.2
-11812
-11806.7
-11798.9
-11790.8
-11785.5
-11784.1
-11770.9
-11767.5
-11757.3
-11757.1
-11756.8
-11733.6
-11722.8
-11708.2
-11703.1
-11701.6
-11701.2
-11700.7
-11697
-11673.2
-11650.1
-11629.3
-11602.2
-11593.8
-11587.5
-11586.6
-11575.8
-11560.1
-11543.6
-11530.7
-11528.2
-11521.3
-11516.5
-11502.4
-11498.5
-11494.6
-11422.4
-11409.7
-11398.2
-11396
-11373.4
-11371.5
-11337.1
-11335
-11332.6
-11328.1
-11327.3
-11320.2
-11320.1
-11317.6
-11274.5
-11266
-11258.5
-11252.4
-11245.3
-11243.4
-11239.1
-11232.3
-11199
-11191.1
-11187.3
-11186.7
-11185.6
-11177.4
-11156
-11139.4
-11139
-11127.4
-11123.8
-11110.2
-11104.3
-11099.4
-11096.4
-11086.3
-11061
-11059.5
-11059.2
-11050.4
-11036.3
-11031.1
-11029.1
-11026.7
-11024
-11022.2
-11018.5
-11010.8
-11004.9
-11001.6
-10999.4
-10986.4
-10977.3
-10952.4
-10944
-10924.8
-10909
-10895
-10894.5
-10890.8
-10888.3
-10842.8
-10840.7
-10831.5
-10831
-10817.5
-10805.9
-10777.4
-10760.8
-10755.2
-10751.1
-10748.3
-10746.2
-10743.1
-10712.9
-10700.3
-10698.6
-10687.1
-10683.2
-10658.1
-10640.3
-10628.7
-10619.3
-10608.7
-10605.5
-10599.9
-10570.3
-10564.7
-10559.7
-10556.3
-10536.8
-10531.7
-10523
-10508.7
-10508.6
-10487.2
-10439.9
-10419.8
-10412
-10408.8
-10397.8
-10390.9
-10388.4
-10377.7
-10372.2
-10365.6
-10350.4
-10349.3
-10344.5
-10344.4
-10337.4
-10337.2
-10335.1
-10334.5
-10314.1
-10313.5
-10312.4
-10309.8
-10304
-10292.4
-10274.8
-10267.5
-10265
-10263.9
-10253.1
-10240
-10232.4
-10226.3
-10219.5
-10201.4
-10189.1
-10155.6
-10154.5
-10154.2
-10148.2
-10141.2
-10122
-10084.9
-10082.5
-10072.6
-10068.3
-10044
-10031.2
-10003.9
-9989.11
-9986.48
-9976.39
-9967.45
-9957.58
-9951.15
-9882.19
-9877.92
-9863.56
-9862.77
-9849.44
-9804.11
-9787.95
-9782.38
-9780.86
-9767.68
-9755.29
-9745.62
-9731.36
-9728.31
-9725.56
-9691.86
-9670.04
-9665.47
-9656.1
-9645.29
-9639.2
-9624.84
-9598.55
-9594.06
-9584.46
-9576.9
-9576.89
-9575.92
-9533.32
-9525.8
-9520.5
-9480.35
-9451.82
-9445.34
-9433.92
-9420.37
-9404.51
-9390.72
-9378.05
-9350.42
-9341.11
-9334.98
-9309.84
-9290.93
-9272.16
-9267.59
-9265.12
-9241.15
-9173.25
-9171.24
-9159.16
-9156.5
-9134.93
-9115.2
-9104.59
-9080.59
-9064.17
-9053.48
-9044.58
-9040.07
-9039.84
-9003.36
-8995.49
-8994.38
-8956.17
-8929.38
-8919.99
-8917.16
-8908.26
-8905.09
-8882.27
-8877.39
-8876.15
-8874.1
-8873.82
-8865.35
-8830.62
-8811.4
-8807.24
-8772.15
-8731.55
-8709.05
-8706.62
-8691.19
-8682.48
-8652.62
-8645.93
-8624.68
-8615.34
-8613.58
-8605.32
-8557.47
-8551.82
-8542.33
-8539.62
-8538.32
-8532.34
-8513.16
-8494.48
-8487.68
-8486.18
-8468.39
-8447.93
-8439.07
-8429.63
-8406.27
-8400.36
-8395.87
-8376.36
-8371.69
-8354.53
-8346.57
-8344.88
-8316.34
-8314.61
-8313.25
-8310.6
-8308.43
-8296.92
-8274.3
-8270.53
-8265.86
-8261.23
-8223.36
-8206.16
-8189.71
-8165.67
-8157.1
-8140.6
-8136.05
-8123.52
-8121.43
-8085.15
-8081.65
-8063.74
-8049.69
-7979.17
-7938.24
-7927.81
-7920.67
-7916.25
-7911.76
-7891.06
-7856.16
-7832.98
-7823
-7784.45
-7780.63
-7774.17
-7768.84
-7744.26
-7729.92
-7699.01
-7694.78
-7690.15
-7654.89
-7619.3
-7604.12
-7598
-7597.61
-7588.95
-7585.75
-7559.67
-7553.82
-7538.48
-7527.11
-7526.55
-7520.41
-7502.64
-7496.86
-7481.4
-7481.01
-7478.26
-7468.26
-7466.6
-7414
-7405.96
-7400.72
-7372.31
-7369.68
-7363.69
-7346.31
-7340.53
-7338.57
-7335.95
-7326.04
-7325.97
-7304.17
-7301.79
-7300.27
-7296.21
-7291.52
-7290.62
-7278.14
-7267.17
-7252.1
-7245.07
-7239.91
-7219.29
-7194.39
-7178.99
-7167.37
-7159.92
-7158.3
-7155.81
-7145.87
-7114.88
-7114.47
-7113.41
-7111.64
-7107.5
-7102.48
-7090.71
-7080.08
-7078.25
-7076.51
-7072.1
-7068.56
-7058.33
-7013.37
-6984.61
-6984.41
-6970.47
-6970.34
-6951.08
-6940.54
-6920.66
-6917.62
-6916.45
-6916.13
-6914.75
-6882.82
-6876.58
-6870.4
-6868.27
-6867.56
-6861.36
-6861.01
-6857.58
-6840.04
-6836.18
-6797.05
-6768.62
-6735.62
-6731.45
-6718.22
-6709.42
-6706.88
-6703.71
-6699.72
-6692.39
-6689.34
-6684.22
-6666.52
-6660.5
-6640.48
-6611.11
-6608.66
-6583.24
-6578.51
-6568.1
-6563.4
-6517.9
-6501.95
-6501.61
-6489.32
-6488.76
-6466.09
-6452.84
-6450.87
-6437.28
-6414.08
-6411.64
-6383.13
-6378.68
-6374.48
-6364.53
-6357
-6355.24
-6342.44
-6292.17
-6262.8
-6258.03
-6242.46
-6241.41
-6234.52
-6230.5
-6185.77
-6164.74
-6158.79
-6153.89
-6150.85
-6145.89
-6140.79
-6127.99
-6112.7
-6100.29
-6084.6
-6078.57
-6047.38
-6044.1
-6017.28
-6014.31
-6007.23
-6004.01
-6003.62
-5994.32
-5971.09
-5952.29
-5948.04
-5946.87
-5943.94
-5931.17
-5928.68
-5902.15
-5898.96
-5892.17
-5870.65
-5860.68
-5858.81
-5857.31
-5839.03
-5794.15
-5747.7
-5739.04
-5737.48
-5737.33
-5728.53
-5726.18
-5708.3
-5705.65
-5684.77
-5666.69
-5658.43
-5655.26
-5646.57
-5642.16
-5632.48
-5625.17
-5572.37
-5563.56
-5539.48
-5532
-5516.64
-5507.13
-5505.54
-5499.82
-5494.87
-5465.83
-5458.89
-5431.2
-5429.81
-5426.43
-5424.68
-5414.89
-5412.66
-5405.34
-5399.92
-5390.38
-5385.15
-5383.26
-5374.06
-5367.92
-5358.58
-5334.65
-5333.84
-5328.98
-5316.26
-5311.86
-5294.75
-5287.29
-5285.7
-5272.11
-5271.87
-5256.8
-5255.11
-5246.91
-5210.74
-5209.8
-5208.43
-5208.37
-5178.46
-5177.99
-5174.17
-5169.21
-5168.83
-5165.78
-5136.54
-5135.29
-5114.17
-5105.87
-5093.02
-5050.92
-5048.85
-5048.02
-5034.42
-5029.02
-5024.4
-5022.72
-5015.65
-5010.64
-5008.3
-4986.65
-4983.97
-4973.31
-4955.99
-4948.72
-4947.27
-4929.5
-4921.82
-4918.49
-4912.65
-4908.97
-4879.32
-4867.21
-4848.56
-4840.92
-4832.08
-4810.24
-4797.81
-4795.77
-4783.49
-4760.97
-4756.85
-4756.23
-4755.94
-4740.89
-4720.75
-4711.24
-4707.7
-4704.34
-4686.07
-4685.58
-4666.15
-4646.98
-4643.81
-4636.07
-4636.02
-4626
-4624.88
-4595.99
-4593.4
-4588.81
-4586.96
-4581.69
-4578.67
-4576.59
-4559.78
-4556.69
-4548.65
-4547.2
-4546.17
-4545.5
-4544.24
-4527.73
-4520.99
-4518.45
-4506.24
-4503.63
-4497.01
-4490.72
-4485.69
-4464.99
-4461.03
-4444.47
-4432.24
-4425.27
-4422.03
-4410.49
-4409.53
-4409.1
-4400.01
-4370.07
-4367.05
-4347.93
-4340.6
-4333.07
-4322.28
-4296.53
-4292.86
-4284.69
-4279.01
-4278.94
-4270.44
-4265.55
-4199.91
-4194
-4167.28
-4164.55
-4140.42
-4139.69
-4138.27
-4137.89
-4136.47
-4124.28
-4108.72
-4101.32
-4101.04
-4090.45
-4086.55
-4082.53
-4067.66
-4064.75
-4058.54
-4042.57
-4039.02
-4032.92
-4028.97
-4023.62
-4012.43
-4003.58
-4002.2
-3982.85
-3980
-3978.49
-3976.56
-3963.84
-3950.4
-3938.37
-3935.95
-3929.23
-3924.53
-3921.41
-3916.46
-3916.02
-3904.79
-3897.03
-3893.27
-3881.59
-3881.14
-3881.09
-3879.97
-3870.79
-3832.19
-3827.4
-3800.46
-3779.78
-3777.73
-3757.06
-3755.92
-3728.3
-3724.29
-3718.42
-3714.4
-3706.26
-3702.56
-3700.95
-3700.92
-3697.95
-3688.69
-3686.19
-3669.4
-3661.02
-3652.41
-3642.57
-3637.81
-3633.59
-3627.67
-3627.42
-3598.32
-3592.44
-3556.32
-3554.83
-3550.1
-3543.17
-3540.26
-3532.86
-3529.5
-3525.27
-3521.77
-3511.59
-3505.63
-3500.85
-3493.23
-3490.67
-3456.3
-3441.26
-3438.72
-3435.98
-3435.78
-3428.37
-3408.41
-3399.42
-3376.68
-3370.18
-3370.01
-3365
-3357.27
-3327.52
-3318.41
-3318.39
-3316
-3310.56
-3303.54
-3294
-3288.25
-3286.69
-3274.53
-3257.55
-3256.91
-3252.92
-3246.61
-3239.31
-3236.34
-3232.36
-3223.49
-3216.81
-3214.52
-3200.86
-3200.57
-3197.85
-3193.75
-3190.32
-3189.69
-3183.7
-3174.8
-3171.54
-3162.48
-3149.07
-3140.07
-3127.25
-3118.49
-3116.87
-3114.29
-3110.98
-3110.64
-3109.18
-3108.44
-3102.38
-3099.27
-3091.07
-3089.65
-3061.54
-3053.11
-3050.04
-3043.01
-3033.27
-3023.63
-3019.65
-3018.69
-3007.65
-3003.53
-2998.27
-2986.72
-2979.42
-2969.74
-2969.57
-2968.13
-2954.19
-2949.06
-2946.99
-2933.42
-2926.42
-2921.4
-2904.15
-2890.46
-2869.55
-2869.17
-2868.22
-2866.42
-2856.28
-2853.34
-2848.66
-2845.28
-2836.41
-2823.58
-2822.22
-2822.15
-2817.56
-2810.07
-2808.02
-2807.62
-2789.3
-2784.89
-2784.81
-2783.04
-2778.36
-2778.04
-2778.02
-2777.94
-2777.68
-2776.19
-2767.27
-2755.68
-2753.74
-2753.49
-2740.51
-2735.56
-2733.16
-2731.36
-2718.1
-2707.94
-2697.42
-2692.27
-2687.65
-2686.03
-2684.52
-2675.72
-2660.2
-2658.27
-2658.25
-2640.2
-2639.08
-2632.71
-2632.11
-2630.31
-2618.42
-2611.4
-2603.59
-2592.13
-2586.69
-2582.75
-2571.62
-2567.64
-2563.96
-2557.78
-2551.28
-2543.42
-2539.79
-2536.05
-2524.04
-2521.53
-2520.26
-2507.94
-2506.05
-2499.52
-2494.26
-2491.9
-2491.76
-2487.94
-2487.39
-2484.68
-2478.64
-2478.27
-2475.48
-2463.45
-2462.61
-2461.81
-2458.19
-2448.8
-2422.56
-2418.88
-2415.94
-2409.47
-2396.45
-2391.2
-2390.14
-2388.34
-2373.7
-2368.79
-2355.56
-2349.11
-2344.56
-2343.89
-2342.6
-2340.22
-2336.48
-2326.7
-2318.13
-2312.99
-2306.51
-2303.16
-2298.21
-2296.94
-2292.2
-2290.72
-2283.54
-2282.25
-2274.23
-2271.54
-2269.39
-2268.62
-2240.87
-2230.54
-2216.49
-2204.79
-2200.77
-2196.89
-2181.34
-2168.13
-2157.74
-2154.36
-2151.98
-2150.2
-2145.48
-2143.88
-2134.87
-2132.16
-2126.72
-2125.81
-2125.37
-2122.8
-2122.77
-2116.94
-2106.21
-2105.26
-2105.1
-2104.73
-2097.52
-2097.19
-2096.72
-2092
-2091.25
-2090.88
-2089.85
-2088.32
-2086.83
-2084.34
-2068.06
-2064.56
-2043.97
-2042.43
-2042.13
-2040.63
-2031.82
-2023.58
-2016.13
-2015.91
-2012.19
-2005.3
-1996.3
-1974.07
-1972.45
-1972.33
-1967.91
-1966.89
-1960.38
-1958.09
-1954.35
-1953.14
-1949.47
-1943.15
-1939.52
-1937.41
-1935.62
-1930.01
-1929.84
-1925.71
-1923
-1920.59
-1914.51
-1912.79
-1911.91
-1911.7
-1909.35
-1900.43
-1890.25
-1888.8
-1886.61
-1874.74
-1869.39
-1866.44
-1864.54
-1862.56
-1860.9
-1860.74
-1859.31
-1858.98
-1858.21
-1856.5
-1851.57
-1849.13
-1848.92
-1848.9
-1839.17
-1835.31
-1833.09
-1833
-1830.59
-1830.16
-1830.12
-1829.17
-1825.8
-1825.11
-1824.25
-1819.16
-1817.69
-1814.32
-1808.87
-1807.53
-1802.54
-1801.83
-1798.79
-1796.2
-1795.48
-1785.75
-1781.46
-1779.1
-1776.71
-1771.2
-1770.2
-1766.07
-1764.17
-1761.5
-1757.07
-1749.4
-1746.61
-1745.79
-1734.42
-1731.37
-1718.33
-1717.85
-1717.38
-1713.73
-1712.94
-1709.82
-1707.73
-1705.79
-1702.83
-1702.35
-1698.33
-1693.99
-1691.56
-1685.17
-1683.96
-1677.89
-1673.9
-1672.81
-1671.65
-1669.05
-1667.09
-1661.96
-1661.24
-1657.59
-1657.13
-1654.68
-1650.65
-1649.26
-1648.87
-1647.34
-1646.57
-1640.27
-1635.95
-1635.5
-1632.02
-1630.18
-1627.76
-1611.58
-1609.68
-1599.03
-1595.97
-1593.76
-1592.39
-1592.15
-1589.41
-1586.1
-1585.68
-1584.94
-1580.61
-1577.49
-1576.95
-1573.35
-1573.2
-1573.16
-1552.82
-1541.86
-1538.47
-1535.25
-1526.14
-1525.39
-1525
-1523.92
-1518.45
-1513.21
-1512.64
-1512.04
-1505.74
-1502.94
-1498.99
-1498.96
-1498.79
-1495.77
-1495.21
-1492.93
-1492.7
-1492.53
-1483.19
-1482.22
-1475.65
-1472.33
-1468.88
-1468.65
-1466.37
-1464.47
-1462.66
-1461.32
-1455.98
-1454.43
-1449.04
-1444.2
-1433.25
-1432.51
-1432.5
-1432.12
-1429.04
-1427.61
-1417.13
-1417.05
-1410.44
-1406.97
-1404.85
-1397.36
-1394.57
-1386.74
-1385.44
-1384.05
-1379.83
-1378.31
-1375.13
-1368.29
-1357.88
-1349.7
-1348.32
-1345.65
-1345.53
-1345.21
-1343.63
-1341.49
-1340.8
-1339.74
-1337.88
-1335.95
-1335.14
-1325.62
-1322.51
-1317.28
-1316.86
-1309.09
-1305.8
-1305.6
-1301.23
-1299.45
-1295.97
-1286.66
-1284.55
-1283.15
-1280.96
-1277.69
-1276.48
-1267.46
-1266.81
-1266.73
-1265.29
-1263.59
-1260.91
-1259.91
-1254.81
-1254.04
-1251.47
-1249.13
-1248.36
-1247.08
-1241.57
-1240.12
-1238.62
-1237.77
-1237.3
-1232.02
-1230.21
-1229.34
-1229.1
-1227.32
-1226.57
-1220.51
-1211.27
-1208.09
-1205.13
-1204.12
-1200.31
-1200.25
-1196.88
-1196.65
-1193.44
-1193.41
-1190.95
-1188.83
-1188.34
-1183.51
-1177.46
-1174.63
-1168.7
-1167.13
-1164.44
-1164.3
-1161.41
-1156.36
-1155.17
-1153.84
-1152.54
-1152.17
-1143.53
-1137.24
-1137.12
-1135.12
-1134.59
-1126.4
-1126.23
-1124.69
-1124.27
-1119.82
-1119.7
-1119.21
-1119.13
-1118.95
-1116.55
-1115.34
-1114.94
-1114.87
-1114.17
-1110.46
-1100.73
-1094.08
-1090.15
-1082.01
-1081.94
-1080.31
-1074.74
-1074.01
-1073.92
-1072.93
-1071.52
-1069.2
-1068.19
-1066.22
-1041.79
-1041.65
-1040.48
-1039.66
-1038.08
-1036.35
-1032.03
-1030.39
-1027.99
-1024.71
-1024.65
-1024.62
-1018.46
-1014.94
-1006.61
-1005.16
-1004.07
-997.751
-996.926
-995.814
-987.851
-987.734
-985.468
-977.967
-976.659
-975.195
-974.745
-972.565
-972.311
-963.895
-958.693
-957.37
-955.587
-955.201
-950.633
-945.432
-941.662
-940.492
-932.871
-932.184
-931.111
-930.45
-929.13
-928.721
-928.439
-925.503
-924.834
-922.191
-919.132
-916.782
-914.888
-913.397
-912.944
-909.653
-905.121
-903.713
-903.712
-903.464
-902.7
-902.011
-899.282
-895.488
-893.727
-893.045
-892.933
-892.843
-889.955
-889.223
-889.128
-886.47
-884.879
-884.226
-882.481
-880.234
-879.763
-877.913
-877.277
-871.923
-871.37
-870.722
-870.27
-868.216
-868.057
-867.227
-865.237
-863.401
-859.943
-858.011
-856.723
-852.768
-843.969
-842.115
-841.854
-838.295
-830.97
-828.169
-826.736
-824.535
-824.23
-821.007
-820.109
-818.225
-817.431
-815.799
-815.581
-814.233
-809.92
-808.901
-805.738
-804.698
-804.449
-803.27
-796.978
-795.728
-794.704
-791.567
-788.39
-787.136
-784.365
-781.115
-779.685
-779.524
-778.551
-776.601
-776.095
-770.03
-768.049
-766.924
-766.254
-765.322
-762.921
-762.109
-759.872
-759.366
-758.027
-757.136
-756.437
-755.631
-752.75
-748.624
-747.554
-747.549
-743.876
-743.304
-741.144
-731.765
-728.367
-728.219
-727.464
-724.574
-723.911
-720.776
-718.675
-718.288
-717.322
-717.057
-713.324
-708.44
-706.251
-702.266
-701.697
-700.725
-699.364
-696.646
-696.282
-695.512
-694.174
-690.593
-685.948
-685.188
-684.097
-681.586
-678.784
-675.53
-674.079
-673.281
-673.025
-671.523
-666.828
-665.282
-664.588
-664.491
-663.124
-662.136
-661.344
-654.549
-653.344
-653.235
-651.182
-650.888
-650.724
-649.083
-646.687
-645.807
-643.418
-643.079
-642.409
-641.441
-637.966
-636.151
-636.116
-634.354
-633.954
-633.605
-633.018
-631.593
-630.077
-629.815
-629.71
-628.518
-627.232
-627.192
-627.102
-622.708
-622.258
-620.494
-619.481
-618.09
-617.834
-616.278
-614.462
-614.13
-612.49
-612.043
-610.489
-606.753
-606.047
-602.537
-598.912
-596.276
-593.442
-593.17
-592.88
-592.592
-592.436
-589.19
-588.89
-588.512
-584.148
-583.844
-583.613
-583.608
-583.394
-581.939
-581.77
-580.098
-579.516
-576.531
-575.816
-575.2
-568.75
-568.172
-567.615
-567.317
-565.895
-564.829
-564.64
-562.996
-562.85
-559.42
-556.939
-555.799
-553.511
-552.663
-552.495
-551.653
-548.312
-548.085
-544.346
-543.398
-542.972
-541.293
-541.067
-540.894
-540.428
-539.794
-538.228
-536.784
-534.77
-534.288
-534.204
-532.788
-531.738
-531.402
-530.812
-530.288
-530.184
-530.063
-528.699
-528.675
-528.577
-527.824
-527.234
-526.271
-525.879
-525.844
-525.751
-525.595
-525.07
-522.546
-520.995
-518.794
-518.733
-517.388
-517.294
-515.298
-513.931
-512.543
-507.216
-504.762
-504.283
-503.181
-502.292
-501.093
-500.87
-500.403
-500.07
-498.129
-495.677
-495.601
-493.249
-493.174
-492.427
-491.26
-487.168
-487.019
-485.665
-485.491
-485.388
-479.466
-478.773
-478.463
-476.199
-476.076
-474.438
-473.366
-472.743
-471.424
-470.841
-470.584
-469.671
-469.647
-468.231
-467.288
-464.792
-462.902
-462.768
-462.372
-461.597
-461.592
-461.218
-459.209
-457.638
-456.782
-456.391
-456.293
-454.353
-453.661
-453.267
-452.516
-452.21
-451.917
-448.569
-447.154
-447.078
-445.588
-444.583
-443.256
-443.029
-441.903
-441.339
-438.917
-438.901
-438.581
-437.259
-436.776
-436.654
-435.298
-434.463
-433.995
-433.888
-433.576
-433.448
-431.18
-430.704
-430.699
-429.673
-429.651
-429.524
-429.45
-428.793
-427.938
-426.814
-426.447
-424.579
-423.779
-422.624
-421.833
-419.923
-419.668
-418.186
-418.023
-416.978
-416.426
-416.365
-415.307
-413.366
-413.087
-413.073
-411.706
-411.338
-410.975
-410.811
-407.463
-405.769
-405.031
-405.026
-404.291
-402.812
-400.059
-400.021
-399.513
-399.269
-398.276
-396.871
-396.443
-395.254
-393.624
-393.036
-392.177
-392.169
-390.849
-390.694
-390.454
-390.225
-389.773
-388.965
-388.882
-388.297
-385.998
-383.918
-383.423
-382.951
-382.47
-382.312
-379.593
-379.39
-378.758
-378.563
-376.986
-375.757
-373.14
-371.464
-370.296
-370.101
-369.805
-369.607
-367.816
-367.513
-366.024
-364.787
-362.168
-359.164
-356.502
-355.97
-355.865
-355.455
-353.698
-353.495
-352.987
-352.966
-352.64
-352.431
-351.152
-350.63
-350.305
-350.27
-349.769
-349.312
-345.614
-343.699
-343.297
-343.027
-342.533
-341.492
-341.246
-340.171
-339.555
-339.071
-338.227
-337.439
-335.224
-335.177
-334.533
-334.453
-333.749
-333.087
-332.739
-332.565
-331.326
-330.91
-330.231
-329.719
-328.019
-326.828
-326.404
-324.976
-322.949
-321.276
-319.76
-318.924
-318.49
-317.879
-316.692
-316.516
-315.496
-315.325
-314.035
-313.74
-313.451
-311.116
-311.049
-310.603
-310.586
-310.178
-309.581
-308.956
-308.437
-307.941
-307.824
-307.527
-306.227
-304.859
-304.72
-304.539
-304.258
-302.79
-301.25
-300.89
-300.523
-300.089
-299.181
-298.852
-298.733
-298.031
-297.837
-297.241
-295.21
-294.422
-293.156
-292.925
-292.577
-291.91
-291.173
-289.511
-289.344
-289.082
-288.903
-288.014
-287.887
-287.842
-287.796
-287.407
-286.788
-286.405
-286.198
-286.067
-285.578
-285.569
-285.408
-285.375
-285.275
-285.254
-284.525
-284.31
-282.55
-282.394
-282.101
-281.505
-281.333
-281.15
-281.042
-281.032
-280.968
-280.755
-280.375
-280.076
-279.096
-278.813
-278.578
-278.437
-278.173
-277.588
-277.407
-276.762
-276.752
-276.41
-274.818
-274.785
-274.765
-274.474
-273.996
-273.806
-271.74
-271.731
-271.431
-271.245
-269.29
-269.134
-269.07
-268.91
-268.71
-268.246
-268.031
-267.892
-267.793
-265.717
-264.302
-264.168
-264.166
-263.941
-263.753
-263.726
-262.572
-261.302
-260.46
-259.541
-259.342
-259.206
-259.034
-258.824
-258.559
-258.298
-257.943
-257.91
-257.638
-256.192
-254.956
-254.911
-254.578
-254.449
-254.358
-253.811
-253.4
-253.307
-253.239
-252.723
-252.635
-251.91
-251.713
-250.527
-250.096
-249.888
-249.188
-247.396
-247.1
-247.04
-246.814
-246.774
-246.64
-246.509
-246.274
-246.054
-245.908
-245.852
-245.369
-244.964
-244.936
-244.017
-243.789
-243.686
-243.432
-242.84
-241.934
-241.718
-240.918
-240.062
-239.986
-239.522
-239.39
-239.144
-239.004
-238.787
-238.664
-238.578
-238.252
-238.039
-237.869
-236.942
-236.733
-236.181
-235.901
-235.75
-235.556
-235.339
-235.249
-235.229
-234.73
-234.69
-234.322
-234.248
-234.168
-234.084
-233.873
-233.326
-233.318
-233.305
-232.604
-232.462
-232.222
-232.208
-232.162
-232.138
-231.599
-231.218
-231.03
-230.964
-230.883
-230.745
-230.339
-230.291
-229.765
-229.315
-229.185
-229.031
-228.882
-228.338
-227.996
-227.937
-227.684
-227.633
-227.601
-227.295
-226.956
-226.676
-226.428
-226.153
-226.08
-225.494
-225.492
-225.324
-224.983
-224.976
-224.898
-224.707
-224.505
-224.147
-223.858
-223.768
-223.265
-223.253
-223.179
-222.808
-222.588
-222.566
-222.556
-222.518
-222.297
-222.282
-221.93
-221.575
-221.428
-220.828
-220.779
-220.687
-220.626
-220.38
-219.855
-219.795
-219.723
-219.721
-219.639
-219.558
-219.297
-218.848
-218.704
-218.547
-218.495
-218.03
-217.922
-217.393
-217.068
-217.026
-216.803
-216.581
-216.35
-216.313
-216.218
-216.128
-216.123
-215.816
-215.743
-215.61
-215.468
-215.4
-214.966
-214.875
-214.856
-214.688
-214.487
-214.176
-214.14
-214.08
-214.054
-213.124
-213.049
-212.836
-212.615
-212.352
-212.234
-212.188
-212.131
-212.049
-211.954
-211.216
-211.193
-211.052
-210.926
-210.82
-210.753
-210.636
-210.514
-210.469
-209.691
-209.532
-209.488
-209.433
-209.229
-209.128
-208.892
-208.38
-208.281
-208.188
-208.13
-207.864
-207.792
-207.687
-207.656
-207.649
-207.543
-207.21
-207.185
-207.137
-206.924
-206.506
-206.489
-206.255
-206.227
-206.163
-206.142
-206.069
-206.048
-205.978
-205.895
-205.894
-205.703
-205.646
-205.351
-205.321
-205.278
-205.105
-205.032
-204.925
-204.849
-204.766
-204.414
-204.166
-204.09
-203.877
-203.851
-203.831
-203.629
-203.544
-203.362
-202.944
-202.942
-202.86
-202.855
-202.476
-202.463
-202.381
-202.248
-202.248
-202.148
-202.11
-202.053
-201.966
-201.934
-201.934
-201.841
-201.774
-201.69
-201.599
-201.596
-201.443
-201.399
-201.217
-201.165
-200.905
-200.737
-200.724
-200.672
-200.604
-200.558
-200.488
-200.341
-200.21
-200.172
-200.102
-199.989
-199.768
-199.74
-199.713
-199.654
-199.606
-199.53
-199.522
-199.517
-199.505
-199.132
-199.099
-199.027
-199.011
-199.006
-198.784
-198.739
-198.729
-198.663
-198.419
-198.417
-198.396
-198.319
-198.186
-198.163
-198.126
-198.086
-198.073
-198.044
-197.901
-197.809
-197.781
-197.688
-197.541
-197.54
-197.488
-197.377
-197.364
-197.359
-197.357
-197.337
-197.3
-197.065
-197.045
-197.003
-196.924
-196.887
-196.877
-196.849
-196.799
-196.791
-196.767
-196.733
-196.618
-196.458
-196.369
-196.34
-196.335
-196.145
-196.068
-196.054
-196.003
-195.847
-195.767
-195.733
-195.718
-195.702
-195.691
-195.599
-195.572
-195.495
-195.369
-195.317
-195.227
-195.195
-195.178
-195.042
-194.935
-194.93
-194.922
-194.87
-194.853
-194.852
-194.789
-194.61
-194.607
-194.271
-194.268
-194.148
-194.11
-194.031
-194.027
-194.027
-194.011
-194.003
-193.935
-193.925
-193.852
-193.806
-193.786
-193.666
-193.665
-193.658
-193.657
-193.646
-193.616
-193.409
-193.407
-193.403
-193.392
-193.366
-193.049
-192.939
-192.904
-192.897
-192.855
-192.846
-192.787
-192.76
-192.729
-192.725
-192.712
-192.609
-192.585
-192.37
-192.281
-192.277
-192.259
-192.008
-191.939
-191.931
-191.907
-191.815
-191.757
-191.71
-191.607
-191.596
-191.543
-191.538
-191.427
-191.317
-191.265
-191.233
-191.197
-191.171
-191.132
-191.121
-191.087
-191.079
-191.05
-191.049
-190.985
-190.757
-190.753
-190.75
-190.629
-190.565
-190.548
-190.515
-190.491
-190.47
-190.449
-190.441
-190.367
-190.324
-190.304
-190.278
-190.249
-190.159
-190.101
-190.084
-190.073
-190.047
-190.039
-190.016
-189.976
-189.921
-189.909
-189.906
-189.888
-189.871
-189.862
-189.629
-189.51
-189.484
-189.465
-189.456
-189.444
-189.437
-189.437
-189.432
-189.423
-189.341
-189.275
-189.191
-189.148
-189.122
-189.116
-189.067
-189.056
-188.962
-188.961
-188.935
-188.913
-188.862
-188.843
-188.818
-188.721
-188.713
-188.703
-188.627
-188.573
-188.523
-188.518
-188.486
-188.443
-188.44
-188.35
-188.305
-188.3
-188.173
-188.155
-188.155
-188.117
-188.116
-188.111
-188.069
-188.037
-188.023
-187.775
-187.746
-187.736
-187.707
-187.687
-187.668
-187.666
-187.556
-187.418
-187.415
-187.403
-187.345
-187.339
-187.285
-187.234
-187.206
-187.165
-187.165
-187.074
-187.068
-187.062
-187.05
-186.952
-186.902
-186.871
-186.751
-186.73
-186.674
-186.625
-186.613
-186.563
-186.561
-186.531
-186.513
-186.445
-186.426
-186.388
-186.306
-186.295
-186.272
-186.268
-186.245
-186.222
-186.216
-186.177
-186.173
-186.171
-186.144
-186.137
-186.112
-186.112
-186.109
-186.107
-186.04
-186.039
-186.038
-186.012
-186.01
-185.981
-185.973
-185.957
-185.928
-185.918
-185.916
-185.901
-185.889
-185.882
-185.839
-185.827
-185.821
-185.799
-185.789
-185.716
-185.708
-185.695
-185.667
-185.641
-185.636
-185.6
-185.501
-185.493
-185.453
-185.444
-185.439
-185.397
-185.374
-185.372
-185.323
-185.31
-185.305
-185.304
-185.284
-185.274
-185.227
-185.214
-185.214
-185.21
-185.139
-185.138
-185.103
-185.084
-185.073
-185.062
-185.048
-184.996
-184.989
-184.986
-184.932
-184.928
-184.905
-184.904
-184.856
-184.822
-184.795
-184.763
-184.757
-184.746
-184.743
-184.734
-184.706
-184.682
-184.663
-184.633
-184.616
-184.531
-184.521
-184.513
-184.494
-184.481
-184.439
-184.424
-184.277
-184.258
-184.251
-184.237
-184.23
-184.193
-184.175
-184.165
-184.148
-184.136
-184.12
-184.116
-184.096
-184.073
-184.056
-184.049
-184.042
-184.026
-183.975
-183.974
-183.941
-183.905
-183.89
-183.881
-183.86
-183.802
-183.752
-183.741
-183.732
-183.729
-183.72
-183.709
-183.67
-183.666
-183.638
-183.635
-183.614
-183.588
-183.575
-183.565
-183.516
-183.471
-183.447
-183.411
-183.401
-183.39
-183.359
-183.314
-183.308
-183.287
-183.238
-183.199
-183.191
-183.187
-183.086
-183.076
-183.056
-183.045
-183.043
-182.991
-182.981
-182.943
-182.926
-182.862
-182.854
-182.812
-182.808
-182.725
-182.7
-182.684
-182.671
-182.645
-182.64
-182.629
-182.62
-182.61
-182.57
-182.542
-182.53
-182.52
-182.519
-182.512
-182.511
-182.506
-182.506
-182.506
-182.452
-182.448
-182.423
-182.41
-182.389
-182.367
-182.355
-182.335
-182.288
-182.265
-182.252
-182.223
-182.216
-182.21
-182.189
-182.172
-182.16
-182.057
-182.044
-182.032
-182.021
-182.015
-182.013
-182.012
-182.012
-181.991
-181.975
-181.963
-181.946
-181.945
-181.91
-181.888
-181.887
-181.86
-181.851
-181.817
-181.809
-181.786
-181.781
-181.778
-181.737
-181.723
-181.675
-181.633
-181.625
-181.582
-181.565
-181.548
-181.526
-181.524
-181.524
-181.523
-181.506
-181.497
-181.488
-181.481
-181.48
-181.46
-181.459
-181.458
-181.437
-181.423
-181.416
-181.406
-181.399
-181.391
-181.389
-181.388
-181.386
-181.379
-181.373
-181.365
-181.32
-181.276
-181.273
-181.273
-181.268
-181.265
-181.255
-181.252
-181.25
-181.249
-181.231
-181.181
-181.159
-181.158
-181.142
-181.101
-181.101
-181.082
-181.047
-181.047
-181.042
-181.022
-181.021
-180.964
-180.947
-180.91
-180.903
-180.897
-180.888
-180.887
-180.884
-180.877
-180.874
-180.871
-180.856
-180.853
-180.831
-180.807
-180.778
-180.776
-180.761
-180.748
-180.724
-180.697
-180.695
-180.69
-180.67
-180.667
-180.667
-180.661
-180.653
-180.641
-180.615
-180.595
-180.588
-180.583
-180.581
-180.561
-180.557
-180.557
-180.544
-180.528
-180.508
-180.491
-180.484
-180.47
-180.465
-180.451
-180.424
-180.419
-180.415
-180.407
-180.399
-180.39
-180.377
-180.366
-180.359
-180.359
-180.344
-180.34
-180.338
-180.322
-180.32
-180.317
-180.309
-180.297
-180.293
-180.293
-180.28
-180.278
-180.273
-180.272
-180.258
-180.255
-180.239
-180.223
-180.219
-180.218
-180.199
-180.184
-180.17
-180.159
-180.142
-180.14
-180.079
-180.068
-180.064
-180.007
-180
-179.996
-179.995
-179.984
-179.983
-179.965
-179.965
-179.96
-179.941
-179.935
-179.91
-179.903
-179.895
-179.872
-179.844
-179.837
-179.789
-179.758
-179.749
-179.749
-179.704
-179.701
-179.7
-179.636
-179.634
-179.633
-179.629
-179.624
-179.622
-179.585
-179.573
-179.539
-179.529
-179.519
-179.503
-179.494
-179.447
-179.439
-179.424
-179.422
-179.417
-179.415
-179.395
-179.375
-179.332
-179.323
-179.315
-179.31
-179.307
-179.288
-179.267
-179.265
-179.263
-179.262
-179.261
-179.26
-179.252
-179.227
-179.225
-179.223
-179.206
-179.206
-179.203
-179.189
-179.187
-179.176
-179.173
-179.116
-179.113
-179.113
-179.102
-179.078
-179.078
-179.062
-179.038
-179.03
-179.01
-179.003
-178.98
-178.968
-178.963
-178.961
-178.95
-178.932
-178.929
-178.923
-178.898
-178.891
-178.87
-178.831
-178.808
-178.776
-178.743
-178.731
-178.728
-178.717
-178.714
-178.71
-178.703
-178.642
-178.637
-178.629
-178.619
-178.616
-178.613
-178.595
-178.571
-178.544
-178.526
-178.52
-178.497
-178.493
-178.493
-178.462
-178.462
-178.417
-178.415
-178.405
-178.402
-178.399
-178.381
-178.378
-178.357
-178.348
-178.33
-178.327
-178.309
-178.297
-178.278
-178.277
-178.264
-178.256
-178.245
-178.242
-178.231
-178.22
-178.208
-178.207
-178.204
-178.195
-178.189
-178.184
-178.161
-178.132
-178.118
-178.116
-178.112
-178.106
-178.093
-178.091
-178.068
-178.064
-178.061
-178.045
-178.037
-178.028
-178.024
-178.011
-177.997
-177.983
-177.977
-177.977
-177.967
-177.95
-177.933
-177.932
-177.928
-177.861
-177.849
-177.845
-177.843
-177.842
-177.84
-177.83
-177.808
-177.799
-177.799
-177.788
-177.783
-177.779
-177.752
-177.747
-177.732
-177.704
-177.687
-177.657
-177.632
-177.625
-177.581
-177.581
-177.56
-177.556
-177.521
-177.479
-177.477
-177.475
-177.472
-177.456
-177.421
-177.414
-177.412
-177.402
-177.391
-177.37
-177.344
-177.333
-177.315
-177.312
-177.31
-177.309
-177.295
-177.267
-177.267
-177.245
-177.239
-177.235
-177.211
-177.207
-177.182
-177.178
-177.172
-177.166
-177.162
-177.154
-177.145
-177.141
-177.129
-177.115
-177.115
-177.113
-177.11
-177.084
-177.074
-177.07
-177.05
-177.044
-177.036
-176.996
-176.979
-176.942
-176.936
-176.934
-176.932
-176.899
-176.886
-176.881
-176.877
-176.877
-176.871
-176.847
-176.834
-176.829
-176.812
-176.811
-176.809
-176.799
-176.791
-176.768
-176.74
-176.737
-176.736
-176.727
-176.714
-176.713
-176.683
-176.673
-176.655
-176.649
-176.643
-176.613
-176.61
-176.606
-176.602
-176.598
-176.596
-176.583
-176.578
-176.577
-176.575
-176.561
-176.55
-176.546
-176.545
-176.528
-176.528
-176.523
-176.499
-176.493
-176.483
-176.481
-176.457
-176.426
-176.418
-176.395
-176.375
-176.372
-176.361
-176.353
-176.32
-176.294
-176.281
-176.279
-176.274
-176.268
-176.264
-176.262
-176.251
-176.242
-176.229
-176.223
-176.2
-176.196
-176.163
-176.15
-176.147
-176.146
-176.139
-176.137
-176.13
-176.11
-176.104
-176.077
-176.072
-176.06
-176.06
-176.056
-176.054
-176.048
-176.047
-176.041
-176.04
-176.03
-176.02
-176.006
-176.005
-176.003
-175.988
-175.982
-175.962
-175.957
-175.953
-175.945
-175.943
-175.922
-175.917
-175.899
-175.89
-175.88
-175.878
-175.876
-175.863
-175.859
-175.848
-175.846
-175.844
-175.833
-175.829
-175.824
-175.818
-175.813
-175.81
-175.805
-175.782
-175.78
-175.771
-175.767
-175.742
-175.717
-175.706
-175.706
-175.697
-175.688
-175.686
-175.684
-175.645
-175.631
-175.631
-175.627
-175.622
-175.619
-175.617
-175.606
-175.597
-175.583
-175.575
-175.564
-175.56
-175.544
-175.538
-175.532
-175.531
-175.527
-175.527
-175.521
-175.511
-175.505
-175.502
-175.496
-175.461
-175.46
-175.459
-175.444
-175.441
-175.431
-175.427
-175.426
-175.424
-175.422
-175.408
-175.408
-175.408
-175.393
-175.39
-175.386
-175.374
-175.371
-175.37
-175.354
-175.353
-175.353
-175.348
-175.347
-175.347
-175.334
-175.333
-175.329
-175.321
-175.31
-175.309
-175.306
-175.302
-175.296
-175.285
-175.27
-175.259
-175.241
-175.237
-175.236
-175.223
-175.217
-175.215
-175.215
-175.21
-175.209
-175.193
-175.183
-175.175
-175.171
-175.17
-175.134
-175.13
-175.122
-175.108
-175.107
-175.104
-175.1
-175.094
-175.067
-175.058
-175.055
-175.045
-175.042
-175.041
-175.037
-175.034
-175.033
-175.031
-175.03
-175.025
-175.013
-175.01
-175.005
-175.002
-174.992
-174.984
-174.976
-174.969
-174.963
-174.953
-174.943
-174.923
-174.909
-174.899
-174.892
-174.863
-174.863
-174.861
-174.854
-174.852
-174.845
-174.841
-174.828
-174.827
-174.808
-174.792
-174.755
-174.747
-174.736
-174.733
-174.729
-174.726
-174.716
-174.701
-174.699
-174.694
-174.687
-174.675
-174.67
-174.663
-174.65
-174.65
-174.647
-174.631
-174.621
-174.618
-174.612
-174.61
-174.61
-174.606
-174.589
-174.577
-174.572
-174.571
-174.57
-174.568
-174.558
-174.558
-174.556
-174.555
-174.543
-174.534
-174.506
-174.505
-174.498
-174.492
-174.49
-174.483
-174.483
-174.475
-174.471
-174.466
-174.46
-174.456
-174.448
-174.444
-174.436
-174.429
-174.423
-174.419
-174.415
-174.408
-174.408
-174.4
-174.399
-174.388
-174.386
-174.382
-174.367
-174.359
-174.355
-174.353
-174.351
-174.35
-174.342
-174.341
-174.329
-174.317
-174.316
-174.311
-174.298
-174.292
-174.278
-174.259
-174.25
-174.249
-174.242
-174.233
-174.232
-174.231
-174.224
-174.219
-174.217
-174.216
-174.214
-174.211
-174.209
-174.207
-174.195
-174.193
-174.166
-174.163
-174.159
-174.138
-174.12
-174.119
-174.104
-174.097
-174.092
-174.088
-174.086
-174.085
-174.081
-174.061
-174.042
-174.03
-174.03
-174.028
-174.021
-174.015
-174.012
-174.007
-174.005
-173.981
-173.972
-173.966
-173.957
-173.952
-173.944
-173.931
-173.915
-173.91
-173.903
-173.899
-173.885
-173.88
-173.877
-173.876
-173.87
-173.864
-173.857
-173.84
-173.836
-173.834
-173.834
-173.833
-173.832
-173.83
-173.824
-173.815
-173.812
-173.803
-173.797
-173.795
-173.787
-173.783
-173.777
-173.772
-173.767
-173.763
-173.76
-173.751
-173.75
-173.75
-173.749
-173.749
-173.74
-173.734
-173.728
-173.712
-173.703
-173.702
-173.697
-173.68
-173.676
-173.671
-173.67
-173.668
-173.661
-173.66
-173.654
-173.65
-173.647
-173.645
-173.635
-173.633
-173.631
-173.613
-173.609
-173.605
-173.598
-173.594
-173.594
-173.592
-173.592
-173.589
-173.586
-173.583
-173.574
-173.572
-173.571
-173.561
-173.561
-173.558
-173.549
-173.548
-173.547
-173.535
-173.529
-173.502
-173.49
-173.488
-173.474
-173.458
-173.451
-173.445
-173.435
-173.422
-173.422
-173.417
-173.417
-173.41
-173.41
-173.398
-173.387
-173.375
-173.36
-173.335
-173.332
-173.319
-173.316
-173.303
-173.299
-173.291
-173.289
-173.283
-173.276
-173.275
-173.266
-173.264
-173.264
-173.259
-173.253
-173.252
-173.251
-173.25
-173.24
-173.238
-173.226
-173.205
-173.203
-173.201
-173.187
-173.186
-173.18
-173.178
-173.177
-173.174
-173.149
-173.149
-173.132
-173.121
-173.12
-173.12
-173.119
-173.108
-173.1
-173.099
-173.094
-173.092
-173.075
-173.064
-173.059
-173.049
-173.046
-173.045
-173.044
-173.036
-173.031
-173.025
-173.024
-173.023
-173.019
-173.016
-173.013
-173.01
-173.008
-173.005
-173.001
-173
-172.996
-172.976
-172.975
-172.973
-172.971
-172.967
-172.958
-172.955
-172.95
-172.949
-172.946
-172.946
-172.935
-172.928
-172.916
-172.911
-172.903
-172.902
-172.897
-172.89
-172.887
-172.882
-172.881
-172.873
-172.868
-172.867
-172.857
-172.852
-172.851
-172.85
-172.848
-172.848
-172.794
-172.786
-172.784
-172.781
-172.761
-172.76
-172.753
-172.749
-172.745
-172.743
-172.739
-172.719
-172.706
-172.705
-172.704
-172.698
-172.696
-172.683
-172.682
-172.682
-172.663
-172.654
-172.64
-172.626
-172.624
-172.623
-172.618
-172.6
-172.6
-172.592
-172.589
-172.589
-172.587
-172.577
-172.57
-172.557
-172.555
-172.554
-172.547
-172.539
-172.53
-172.52
-172.515
-172.513
-172.51
-172.475
-172.47
-172.461
-172.459
-172.457
-172.442
-172.437
-172.435
-172.431
-172.428
-172.423
-172.423
-172.421
-172.419
-172.416
-172.411
-172.401
-172.395
-172.388
-172.385
-172.379
-172.378
-172.368
-172.365
-172.355
-172.352
-172.345
-172.343
-172.334
-172.332
-172.332
-172.329
-172.328
-172.327
-172.318
-172.312
-172.302
-172.282
-172.28
-172.278
-172.277
-172.274
-172.266
-172.26
-172.243
-172.241
-172.241
-172.24
-172.24
-172.235
-172.226
-172.226
-172.225
-172.211
-172.208
-172.204
-172.2
-172.2
-172.188
-172.179
-172.17
-172.164
-172.159
-172.156
-172.148
-172.143
-172.139
-172.139
-172.131
-172.131
-172.128
-172.123
-172.117
-172.113
-172.107
-172.1
-172.099
-172.095
-172.09
-172.089
-172.08
-172.075
-172.069
-172.069
-172.066
-172.064
-172.056
-172.055
-172.055
-172.051
-172.05
-172.044
-172.035
-172.026
-172.026
-172.023
-172.017
-172.016
-172.005
-172.001
-171.996
-171.993
-171.989
-171.988
-171.982
-171.979
-171.978
-171.967
-171.964
-171.962
-171.951
-171.944
-171.936
-171.93
-171.918
-171.916
-171.91
-171.905
-171.9
-171.899
-171.898
-171.895
-171.886
-171.883
-171.862
-171.861
-171.861
-171.857
-171.842
-171.838
-171.835
-171.833
-171.833
-171.83
-171.829
-171.821
-171.817
-171.813
-171.802
-171.8
-171.799
-171.782
-171.762
-171.761
-171.759
-171.755
-171.754
-171.753
-171.748
-171.744
-171.742
-171.742
-171.741
-171.74
-171.736
-171.727
-171.725
-171.725
-171.722
-171.721
-171.711
-171.706
-171.7
-171.691
-171.688
-171.688
-171.676
-171.673
-171.671
-171.663
-171.655
-171.654
-171.652
-171.633
-171.632
-171.626
-171.626
-171.623
-171.62
-171.612
-171.61
-171.602
-171.593
-171.585
-171.585
-171.577
-171.561
-171.558
-171.555
-171.551
-171.547
-171.528
-171.526
-171.51
-171.499
-171.493
-171.488
-171.481
-171.477
-171.476
-171.476
-171.469
-171.468
-171.467
-171.454
-171.445
-171.444
-171.443
-171.441
-171.435
-171.408
-171.407
-171.406
-171.401
-171.4
-171.395
-171.392
-171.391
-171.388
-171.387
-171.384
-171.382
-171.38
-171.376
-171.375
-171.371
-171.371
-171.366
-171.359
-171.352
-171.352
-171.344
-171.34
-171.334
-171.326
-171.325
-171.318
-171.311
-171.301
-171.301
-171.286
-171.285
-171.285
-171.275
-171.272
-171.269
-171.265
-171.263
-171.257
-171.252
-171.244
-171.242
-171.241
-171.237
-171.234
-171.233
-171.233
-171.23
-171.228
-171.224
-171.224
-171.214
-171.21
-171.208
-171.205
-171.194
-171.188
-171.182
-171.18
-171.179
-171.177
-171.174
-171.167
-171.151
-171.149
-171.145
-171.144
-171.143
-171.141
-171.132
-171.114
-171.11
-171.105
-171.105
-171.1
-171.097
-171.095
-171.089
-171.088
-171.087
-171.084
-171.083
-171.082
-171.079
-171.078
-171.074
-171.073
-171.07
-171.07
-171.069
-171.067
-171.065
-171.062
-171.047
-171.04
-171.039
-171.036
-171.024
-171.006
-170.998
-170.995
-170.994
-170.993
-170.992
-170.989
-170.989
-170.988
-170.981
-170.98
-170.976
-170.972
-170.968
-170.962
-170.96
-170.956
-170.956
-170.955
-170.952
-170.952
-170.95
-170.95
-170.948
-170.941
-170.939
-170.929
-170.928
-170.923
-170.916
-170.907
-170.901
-170.899
-170.885
-170.885
-170.88
-170.878
-170.877
-170.872
-170.866
-170.854
-170.849
-170.841
-170.831
-170.827
-170.826
-170.825
-170.81
-170.809
-170.808
-170.799
-170.797
-170.782
-170.775
-170.775
-170.77
-170.768
-170.764
-170.757
-170.755
-170.755
-170.746
-170.742
-170.739
-170.735
-170.728
-170.723
-170.718
-170.71
-170.709
-170.708
-170.707
-170.705
-170.694
-170.691
-170.69
-170.69
-170.684
-170.676
-170.668
-170.655
-170.643
-170.633
-170.621
-170.61
-170.607
-170.606
-170.593
-170.589
-170.585
-170.578
-170.574
-170.572
-170.561
-170.556
-170.55
-170.547
-170.539
-170.533
-170.523
-170.519
-170.517
-170.515
-170.51
-170.51
-170.509
-170.504
-170.503
-170.502
-170.49
-170.489
-170.488
-170.487
-170.48
-170.471
-170.47
-170.461
-170.461
-170.459
-170.456
-170.456
-170.448
-170.447
-170.447
-170.445
-170.443
-170.439
-170.436
-170.429
-170.427
-170.427
-170.42
-170.414
-170.405
-170.404
-170.402
-170.398
-170.395
-170.394
-170.391
-170.388
-170.381
-170.379
-170.361
-170.347
-170.347
-170.341
-170.337
-170.335
-170.322
-170.32
-170.319
-170.314
-170.306
-170.305
-170.302
-170.298
-170.298
-170.296
-170.294
-170.289
-170.284
-170.275
-170.272
-170.271
-170.27
-170.259
-170.258
-170.256
-170.247
-170.24
-170.229
-170.226
-170.224
-170.217
-170.213
-170.212
-170.205
-170.201
-170.191
-170.187
-170.183
-170.183
-170.174
-170.165
-170.159
-170.158
-170.156
-170.143
-170.143
-170.139
-170.134
-170.131
-170.129
-170.126
-170.125
-170.125
-170.121
-170.111
-170.111
-170.11
-170.102
-170.101
-170.079
-170.075
-170.063
-170.053
-170.05
-170.049
-170.039
-170.037
-170.033
-170.025
-170.023
-170.022
-170.02
-170.018
-170.017
-170.013
-170
-169.998
-169.997
-169.984
-169.977
-169.974
-169.974
-169.969
-169.969
-169.962
-169.962
-169.957
-169.955
-169.953
-169.95
-169.949
-169.948
-169.945
-169.945
-169.945
-169.939
-169.937
-169.928
-169.928
-169.927
-169.926
-169.923
-169.921
-169.919
-169.914
-169.911
-169.906
-169.904
-169.902
-169.899
-169.898
-169.897
-169.887
-169.886
-169.885
-169.885
-169.885
-169.885
-169.884
-169.879
-169.878
-169.876
-169.876
-169.873
-169.858
-169.853
-169.852
-169.852
-169.85
-169.837
-169.835
-169.833
-169.832
-169.83
-169.827
-169.825
-169.815
-169.815
-169.814
-169.812
-169.809
-169.803
-169.803
-169.796
-169.794
-169.794
-169.782
-169.774
-169.773
-169.772
-169.771
-169.768
-169.762
-169.76
-169.749
-169.747
-169.745
-169.735
-169.735
-169.734
-169.734
-169.733
-169.731
-169.728
-169.723
-169.72
-169.72
-169.718
-169.718
-169.718
-169.717
-169.711
-169.705
-169.702
-169.701
-169.7
-169.699
-169.698
-169.697
-169.696
-169.693
-169.693
-169.692
-169.69
-169.687
-169.686
-169.685
-169.681
-169.678
-169.671
-169.667
-169.664
-169.654
-169.647
-169.643
-169.635
-169.631
-169.63
-169.63
-169.625
-169.625
-169.624
-169.624
-169.62
-169.619
-169.616
-169.606
-169.598
-169.597
-169.59
-169.588
-169.586
-169.583
-169.582
-169.578
-169.577
-169.574
-169.569
-169.56
-169.557
-169.555
-169.554
-169.553
-169.548
-169.547
-169.546
-169.533
-169.533
-169.531
-169.529
-169.524
-169.523
-169.522
-169.52
-169.515
-169.512
-169.512
-169.511
-169.498
-169.498
-169.497
-169.497
-169.494
-169.489
-169.468
-169.468
-169.466
-169.462
-169.453
-169.452
-169.447
-169.446
-169.436
-169.43
-169.423
-169.417
-169.415
-169.412
-169.406
-169.404
-169.403
-169.403
-169.402
-169.397
-169.394
-169.388
-169.387
-169.387
-169.387
-169.376
-169.376
-169.373
-169.369
-169.368
-169.359
-169.359
-169.359
-169.356
-169.355
-169.354
-169.349
-169.347
-169.347
-169.345
-169.34
-169.339
-169.338
-169.337
-169.333
-169.332
-169.33
-169.33
-169.326
-169.322
-169.321
-169.321
-169.321
-169.32
-169.317
-169.316
-169.315
-169.313
-169.306
-169.303
-169.3
-169.298
-169.296
-169.295
-169.29
-169.288
-169.287
-169.283
-169.279
-169.276
-169.274
-169.273
-169.267
-169.267
-169.264
-169.263
-169.262
-169.256
-169.254
-169.244
-169.238
-169.235
-169.232
-169.232
-169.225
-169.216
-169.215
-169.211
-169.207
-169.202
-169.182
-169.181
-169.181
-169.179
-169.178
-169.177
-169.175
-169.174
-169.173
-169.165
-169.161
-169.159
-169.158
-169.155
-169.152
-169.151
-169.14
-169.135
-169.132
-169.128
-169.114
-169.111
-169.107
-169.095
-169.094
-169.089
-169.088
-169.084
-169.084
-169.082
-169.082
-169.082
-169.079
-169.077
-169.075
-169.074
-169.073
-169.053
-169.052
-169.051
-169.05
-169.047
-169.044
-169.044
-169.042
-169.04
-169.04
-169.038
-169.034
-169.033
-169.032
-169.032
-169.031
-169.03
-169.029
-169.028
-169.028
-169.02
-169.017
-169.01
-169.009
-169.008
-169.003
-169.003
-168.997
-168.996
-168.99
-168.987
-168.984
-168.971
-168.964
-168.962
-168.961
-168.958
-168.95
-168.949
-168.949
-168.942
-168.941
-168.941
-168.94
-168.938
-168.935
-168.934
-168.934
-168.934
-168.934
-168.932
-168.927
-168.925
-168.92
-168.917
-168.915
-168.915
-168.914
-168.907
-168.903
-168.9
-168.897
-168.895
-168.892
-168.891
-168.891
-168.887
-168.885
-168.88
-168.88
-168.879
-168.878
-168.87
-168.865
-168.864
-168.86
-168.86
-168.858
-168.855
-168.853
-168.853
-168.844
-168.839
-168.837
-168.836
-168.833
-168.833
-168.827
-168.821
-168.821
-168.815
-168.815
-168.811
-168.81
-168.805
-168.804
-168.802
-168.801
-168.801
-168.801
-168.799
-168.791
-168.788
-168.786
-168.785
-168.783
-168.777
-168.774
-168.774
-168.772
-168.77
-168.77
-168.768
-168.766
-168.764
-168.749
-168.748
-168.747
-168.746
-168.745
-168.74
-168.739
-168.733
-168.731
-168.729
-168.729
-168.727
-168.727
-168.725
-168.725
-168.719
-168.719
-168.715
-168.715
-168.714
-168.713
-168.711
-168.701
-168.699
-168.698
-168.693
-168.69
-168.689
-168.684
-168.681
-168.676
-168.671
-168.667
-168.666
-168.665
-168.659
-168.658
-168.654
-168.646
-168.642
-168.64
-168.64
-168.635
-168.634
-168.633
-168.632
-168.625
-168.625
-168.624
-168.622
-168.619
-168.615
-168.612
-168.604
-168.604
-168.6
-168.595
-168.592
-168.592
-168.589
-168.589
-168.584
-168.583
-168.583
-168.579
-168.578
-168.569
-168.566
-168.565
-168.564
-168.562
-168.559
-168.553
-168.551
-168.551
-168.551
-168.548
-168.548
-168.546
-168.542
-168.538
-168.529
-168.527
-168.52
-168.509
-168.508
-168.507
-168.506
-168.502
-168.5
-168.497
-168.494
-168.489
-168.488
-168.487
-168.479
-168.468
-168.467
-168.465
-168.46
-168.458
-168.457
-168.457
-168.453
-168.453
-168.449
-168.447
-168.446
-168.441
-168.436
-168.433
-168.42
-168.42
-168.418
-168.414
-168.413
-168.411
-168.401
-168.4
-168.394
-168.383
-168.382
-168.378
-168.375
-168.374
-168.373
-168.373
-168.371
-168.366
-168.366
-168.365
-168.364
-168.363
-168.362
-168.361
-168.359
-168.359
-168.359
-168.356
-168.352
-168.352
-168.351
-168.349
-168.348
-168.341
-168.338
-168.332
-168.332
-168.332
-168.329
-168.328
-168.326
-168.325
-168.323
-168.323
-168.321
-168.321
-168.309
-168.308
-168.305
-168.298
-168.297
-168.297
-168.291
-168.287
-168.286
-168.278
-168.275
-168.272
-168.27
-168.27
-168.268
-168.266
-168.263
-168.255
-168.254
-168.25
-168.25
-168.25
-168.248
-168.242
-168.241
-168.241
-168.241
-168.239
-168.238
-168.238
-168.237
-168.232
-168.232
-168.229
-168.224
-168.223
-168.22
-168.22
-168.216
-168.214
-168.213
-168.213
-168.21
-168.208
-168.208
-168.207
-168.201
-168.198
-168.188
-168.183
-168.178
-168.177
-168.169
-168.161
-168.161
-168.157
-168.153
-168.153
-168.152
-168.15
-168.149
-168.149
-168.143
-168.143
-168.142
-168.14
-168.138
-168.134
-168.132
-168.128
-168.126
-168.121
-168.121
-168.114
-168.112
-168.11
-168.108
-168.106
-168.104
-168.102
-168.102
-168.099
-168.097
-168.094
-168.086
-168.085
-168.083
-168.076
-168.072
-168.065
-168.059
-168.058
-168.057
-168.053
-168.047
-168.046
-168.044
-168.039
-168.038
-168.033
-168.029
-168.023
-168.023
-168.021
-168.019
-168.019
-168.014
-168.014
-168.005
-168.004
-168.003
-167.998
-167.997
-167.995
-167.995
-167.993
-167.992
-167.99
-167.987
-167.977
-167.974
-167.971
-167.969
-167.968
-167.962
-167.961
-167.961
-167.96
-167.959
-167.959
-167.957
-167.957
-167.949
-167.947
-167.943
-167.942
-167.94
-167.94
-167.94
-167.937
-167.934
-167.933
-167.932
-167.926
-167.924
-167.924
-167.924
-167.923
-167.922
-167.922
-167.92
-167.911
-167.906
-167.905
-167.897
-167.893
-167.893
-167.891
-167.888
-167.887
-167.885
-167.884
-167.88
-167.879
-167.877
-167.874
-167.869
-167.868
-167.867
-167.863
-167.858
-167.853
-167.849
-167.846
-167.846
-167.838
-167.833
-167.829
-167.826
-167.826
-167.825
-167.824
-167.823
-167.822
-167.822
-167.821
-167.818
-167.812
-167.812
-167.811
-167.81
-167.805
-167.805
-167.804
-167.798
-167.796
-167.793
-167.79
-167.789
-167.782
-167.781
-167.776
-167.776
-167.775
-167.77
-167.77
-167.767
-167.762
-167.762
-167.761
-167.761
-167.754
-167.75
-167.747
-167.746
-167.746
-167.744
-167.742
-167.74
-167.735
-167.723
-167.719
-167.714
-167.706
-167.705
-167.702
-167.701
-167.701
-167.699
-167.697
-167.693
-167.69
-167.687
-167.683
-167.682
-167.677
-167.664
-167.662
-167.662
-167.661
-167.66
-167.657
-167.652
-167.65
-167.647
-167.646
-167.642
-167.641
-167.639
-167.638
-167.634
-167.634
-167.632
-167.63
-167.629
-167.623
-167.615
-167.613
-167.611
-167.607
-167.605
-167.605
-167.605
-167.601
-167.599
-167.598
-167.597
-167.595
-167.593
-167.591
-167.591
-167.59
-167.587
-167.587
-167.585
-167.582
-167.581
-167.572
-167.572
-167.57
-167.57
-167.569
-167.567
-167.566
-167.565
-167.562
-167.561
-167.561
-167.559
-167.558
-167.556
-167.554
-167.553
-167.553
-167.548
-167.544
-167.543
-167.543
-167.539
-167.537
-167.534
-167.533
-167.532
-167.528
-167.526
-167.525
-167.522
-167.519
-167.515
-167.513
-167.509
-167.503
-167.502
-167.5
-167.496
-167.496
-167.493
-167.492
-167.491
-167.49
-167.49
-167.486
-167.486
-167.482
-167.479
-167.479
-167.475
-167.471
-167.469
-167.469
-167.463
-167.457
-167.457
-167.454
-167.451
-167.443
-167.441
-167.44
-167.433
-167.431
-167.427
-167.426
-167.414
-167.414
-167.413
-167.41
-167.404
-167.403
-167.4
-167.397
-167.392
-167.386
-167.38
-167.373
-167.37
-167.367
-167.363
-167.36
-167.355
-167.351
-167.338
-167.337
-167.333
-167.333
-167.33
-167.326
-167.323
-167.323
-167.319
-167.312
-167.308
-167.305
-167.305
-167.303
-167.302
-167.295
-167.295
-167.288
-167.286
-167.283
-167.282
-167.277
-167.277
-167.277
-167.275
-167.275
-167.268
-167.265
-167.265
-167.261
-167.257
-167.251
-167.249
-167.247
-167.241
-167.24
-167.239
-167.239
-167.236
-167.228
-167.228
-167.225
-167.218
-167.212
-167.208
-167.206
-167.204
-167.202
-167.202
-167.198
-167.198
-167.192
-167.188
-167.186
-167.186
-167.185
-167.184
-167.183
-167.18
-167.164
-167.164
-167.159
-167.156
-167.153
-167.146
-167.138
-167.136
-167.133
-167.126
-167.125
-167.125
-167.123
-167.123
-167.118
-167.113
-167.1
-167.099
-167.094
-167.088
-167.086
-167.085
-167.084
-167.08
-167.08
-167.079
-167.079
-167.073
-167.072
-167.072
-167.071
-167.067
-167.067
-167.066
-167.066
-167.066
-167.063
-167.063
-167.056
-167.056
-167.054
-167.05
-167.049
-167.046
-167.045
-167.039
-167.029
-167.025
-167.023
-167.019
-167.002
-166.996
-166.994
-166.99
-166.988
-166.966
-166.96
-166.959
-166.958
-166.955
-166.954
-166.952
-166.949
-166.944
-166.94
-166.939
-166.933
-166.921
-166.917
-166.916
-166.913
-166.911
-166.91
-166.908
-166.9
-166.899
-166.895
-166.892
-166.872
-166.872
-166.864
-166.863
-166.86
-166.858
-166.855
-166.853
-166.852
-166.852
-166.849
-166.849
-166.841
-166.84
-166.839
-166.831
-166.831
-166.829
-166.826
-166.824
-166.822
-166.82
-166.818
-166.816
-166.815
-166.811
-166.806
-166.804
-166.799
-166.799
-166.798
-166.796
-166.792
-166.783
-166.781
-166.779
-166.778
-166.773
-166.762
-166.76
-166.754
-166.753
-166.752
-166.747
-166.745
-166.742
-166.742
-166.736
-166.729
-166.727
-166.723
-166.722
-166.721
-166.703
-166.697
-166.678
-166.668
-166.668
-166.663
-166.65
-166.648
-166.644
-166.635
-166.634
-166.624
-166.62
-166.616
-166.609
-166.603
-166.596
-166.582
-166.574
-166.572
-166.571
-166.559
-166.556
-166.549
-166.542
-166.538
-166.525
-166.524
-166.521
-166.52
-166.514
-166.513
-166.507
-166.501
-166.5
-166.494
-166.494
-166.47
-166.469
-166.461
-166.459
-166.453
-166.45
-166.434
-166.434
-166.423
-166.423
-166.42
-166.42
-166.417
-166.413
-166.409
-166.405
-166.4
-166.4
-166.398
-166.397
-166.394
-166.389
-166.385
-166.378
-166.375
-166.365
-166.356
-166.337
-166.337
-166.336
-166.324
-166.302
-166.3
-166.293
-166.291
-166.286
-166.286
-166.281
-166.276
-166.26
-166.258
-166.25
-166.248
-166.244
-166.231
-166.221
-166.213
-166.208
-166.194
-166.176
-166.172
-166.171
-166.166
-166.165
-166.163
-166.157
-166.156
-166.134
-166.131
-166.119
-166.099
-166.096
-166.088
-166.08
-166.07
-166.062
-166.054
-166.051
-166.047
-166.037
-166.037
-166.037
-166.03
-166.028
-166.023
-166.022
-166.016
-166.007
-166.006
-166
-165.98
-165.965
-165.939
-165.934
-165.927
-165.923
-165.919
-165.914
-165.913
-165.912
-165.899
-165.88
-165.872
-165.871
-165.869
-165.869
-165.869
-165.861
-165.854
-165.838
-165.814
-165.808
-165.806
-165.794
-165.792
-165.78
-165.769
-165.755
-165.739
-165.737
-165.732
-165.722
-165.712
-165.688
-165.679
-165.666
-165.654
-165.651
-165.64
-165.631
-165.601
-165.598
-165.592
-165.586
-165.586
-165.571
-165.505
-165.502
-165.473
-165.454
-165.441
-165.43
-165.425
-165.36
-165.359
-165.334
-165.331
-165.324
-165.313
-165.292
-165.288
-165.279
-165.268
-165.233
-165.216
-165.212
-165.212
-165.199
-165.192
-165.154
-165.053
-165.032
-165.02
-165.019
-164.969
-164.87
-164.855
-164.816
-164.752
-164.666
-164.655
-164.623
-164.609
-164.606
-164.597
-164.576
-164.525
-164.5
-164.409
-164.342
-164.25
-164.115
-163.985
-163.932
-163.921
-163.733
-163.504
-163.461
-163.293
-163.091
