5.44319e-05 0.101047 0.53903 0.337343 6.95084e-05 10.5414 0.000126471 0.068324 0.00229767 0.634303 0.0860543 0.792922 0.151994 0.0156971 0.00994514 8.1644 1.96616 6.33132 
1.90965e-05 0.0672057 3.02341 0.00191408 0.000247056 980.52 0.00239117 0.000302494 0.00675224 0.739355 2.31521 0.0762039 0.00873423 0.000495419 0.144947 25.9954 0.670614 1.20526 
3.07903 8.86696e-05 0.000728218 0.390965 0.0206467 0.185407 0.000719015 7.55496 1.16582e-05 432.813 0.000616827 106.64 0.000181163 0.455729 1.81266 7.0148 1.6725 1.05618 
0.618602 7.98696 0.35014 0.00021697 0.000174194 12.0861 0.00563655 0.203295 0.887731 11.9393 0.0024107 48.1214 0.000349346 0.250947 4.58633 5.03568 0.181058 1.96059 
0.000257148 0.19559 7.1437e-05 1.86042 0.506259 0.107779 0.0461501 0.258641 5.1182e-05 0.729956 1.55963e-05 216.437 0.0030259 0.578698 0.0353023 1.30913 1.59443 8.45738 
8.73378e-05 0.00778948 6.39295 0.797778 0.00108951 116.411 0.0418938 4.57161e-05 0.0153015 0.0201712 0.000458772 1.19093 9.04067 0.000454849 0.0206517 5.62428 1.8195 0.700678 
1.64148e-05 0.000582505 3.50983 0.000888079 8.78799e-05 522.327 1.07761e-05 1.2257 0.736002 0.0645364 4.95362e-05 0.203423 0.0023695 0.000215482 0.00222614 16.9994 0.157656 5.18698 
0.000818105 0.00996646 0.121114 0.420365 1.27852 477.074 0.842227 3.50736e-05 0.0919482 106.09 1.83567 4.25757 2.1033e-05 0.630432 9.82916 10.6446 0.137532 1.10376 
2.66456 0.189035 1.59406 0.14299 2.06612e-05 5.20538 0.00183298 0.000942747 0.34692 396.624 0.000195597 18.7557 0.0241854 0.272618 0.00632475 2.01678 2.77691 5.38385 
1.1523 0.000713474 0.976445 0.000556166 0.00706069 36.2122 0.796456 3.5941 0.000144619 1.42003 0.00154041 401.948 0.0698491 0.164215 0.000465082 2.09839 1.21095 7.34441 
0.000544229 0.0269754 2.53024e-05 4.18357 0.274485 0.284997 1.50534 0.0011989 0.0935766 23.538 0.000132826 3.0419 2.50257e-05 0.325314 0.00034198 3.19748 1.43417 0.844688 
1.38232 0.000165878 0.00119657 0.76737 0.00205262 191.838 0.00118237 0.0740736 0.000284054 0.0473879 0.0023874 3.46913 0.202778 0.000497063 1.80736 42.9929 0.117012 1.97838 
0.000254896 0.000128808 0.000298201 0.00527136 0.0850714 1596.46 0.0406725 0.0090259 0.00275919 22.9516 0.0334795 2.86492 1.45212 0.854895 0.377184 5.42842 0.91219 0.155611 
0.161949 6.08778 0.435955 0.00262129 1.77159e-05 8.29161 0.0300434 0.0418085 0.000616333 110.319 1.2662e-05 28.8197 2.99261 0.0460181 0.00199594 10.3745 2.00936 2.30027 
0.702849 0.52575 0.000426316 0.0710184 4.63933 5.27312 0.317635 0.44773 0.0249127 0.262966 0.000286861 0.434114 1.80816 0.0140347 0.266547 19.7864 0.423331 5.82124 
0.000520746 0.00707607 0.00961943 4.28605e-05 0.000654361 136.535 0.039539 0.000782553 0.0901916 5.90792 0.171203 0.137556 2.22186e-05 0.0611355 5.43132 10.9282 0.0361296 3.31691 
1.97097 3.6021 2.41217e-05 5.99375e-05 0.000403173 3.71451 0.547582 3.2369 0.103315 109.291 2.97537e-05 76.5426 0.808472 0.000696788 0.0899586 17.1628 0.372391 1.36393 
0.0573019 2.7405e-05 2.39958 0.0006143 0.201695 177.55 0.000616325 0.0504597 0.00197629 0.185983 1.17658 0.143446 0.000483746 0.000279709 2.63442e-05 28.0702 0.266843 5.46203 
0.0402211 0.0153491 0.000762729 1.21024e-05 0.00150996 6.14354 0.21614 0.000153489 0.000482077 1.14792 0.000363374 0.0983993 9.75358 0.0481458 9.90198 22.4818 0.0304347 6.6414 
0.316836 2.77365e-05 0.0258021 4.65722e-05 3.21049e-05 0.219273 0.1536 0.0684256 0.442091 117.04 6.86717e-05 6.14166 5.89104 0.0282993 4.78938e-05 3.80513 0.450684 7.89029 
0.321827 0.74146 1.78703e-05 0.000459833 0.0110209 3.94863 0.0490859 0.000461171 0.00143373 0.019986 0.177212 0.278245 5.29387e-05 0.513821 2.96176 16.3736 0.276514 0.261844 
0.0172515 0.062834 1.98602 0.000145737 0.00987111 0.328865 1.11214e-05 2.52215e-05 0.000217573 1.41373 2.05267e-05 0.569986 0.00694778 5.90449e-05 0.0298238 37.1447 0.0277762 5.67515 
0.227209 0.011719 0.0220016 0.0130353 0.0054434 8.23029 0.0130421 0.0758412 0.0017527 0.0118465 2.57478 0.216391 1.52053 0.000283513 0.2765 6.64383 5.39149 2.3852 
0.0953752 0.383087 0.0363851 0.0154486 1.50235e-05 28.4585 0.139004 7.56131 0.00884947 2.05838 0.000107063 137.184 0.0238229 0.0339956 0.00127974 6.88575 1.04148 1.31426 
0.00970271 0.000787705 1.41166 0.0391434 0.000987479 0.181867 0.0477682 0.713727 0.0193315 115.564 0.0179334 4.88757 0.200624 0.00151452 4.85424e-05 21.3742 1.09698 2.48968 
0.0432529 0.186574 0.000189272 0.00088861 0.0458561 3.66213 0.0479062 4.49212 0.000132407 63.881 0.281303 0.100065 0.320274 0.00721778 0.00019454 40.2216 0.819497 0.241969 
0.00849585 2.80113e-05 0.0231526 0.32342 0.0442731 0.0791054 4.96938e-05 0.000497454 0.00551052 18.726 0.135863 0.162316 0.000246158 0.0187578 4.65626e-05 34.1421 1.27055 0.600647 
0.000157337 0.0598397 0.131225 0.0132005 0.000779097 0.0249639 1.9099 0.00076142 9.13599e-05 55.8544 1.70426 0.0494115 0.000847702 0.021591 0.576175 6.70312 0.138111 4.9099 
2.43896e-05 0.218174 0.573243 0.0970395 0.000107994 334.887 0.0993452 4.98856e-05 0.0664088 41.2748 0.469938 0.534411 0.000280048 0.293596 1.22152 7.49204 0.424649 0.855816 
0.00072351 0.00767278 0.000128134 6.27569 0.0171028 10.1223 0.138912 2.86521e-05 0.000109216 0.0765532 0.192435 26.4295 1.28181e-05 0.0181882 0.00436485 10.3566 0.534841 1.43665 
2.11534e-05 3.23327e-05 2.31599e-05 0.000724982 0.72532 46.466 0.0173691 0.00266072 0.558386 6.66901 0.000348221 0.024175 0.968947 0.00175496 0.6144 19.7155 0.0451539 8.08877 
2.2761 1.01253e-05 0.00623868 4.23342e-05 0.635498 495.176 0.173539 0.443747 3.6467e-05 2.31937 0.212958 3.00699 2.06752 0.0378204 1.90629 18.2953 0.276936 0.181236 
0.530409 1.3125 1.8804 0.0151368 0.161775 1466.96 0.280584 0.0140374 4.10407e-05 42.0772 0.96875 1.15994 7.07263e-05 0.189187 7.73218e-05 1.48704 0.840566 4.88187 
0.239967 3.30206 0.00018248 0.203414 0.0204578 40.2258 2.66749 0.00135913 0.032915 0.0216794 0.000109553 1.01099 4.59189e-05 0.0559534 0.00222973 19.9926 1.1252 0.591713 
0.000371861 0.00115599 9.40119e-05 0.000110722 0.0424394 0.0931602 0.00152528 6.09785e-05 0.000533453 5.36997 5.71413 0.674973 0.459477 0.105325 0.00857985 16.9285 1.80222 0.462551 
3.88496e-05 0.00059834 0.324117 0.000500012 3.10554 1544.97 0.000244551 5.00054e-05 0.0325978 5.60657 0.000811146 69.7246 0.628084 0.14141 0.897466 18.2408 4.01321 3.00218 
0.000356214 0.0313397 0.00074931 2.33582e-05 0.177663 0.0718496 0.00303724 0.00152032 3.95337e-05 0.138676 0.0152013 201.653 4.30175e-05 0.00304305 0.0333361 24.6935 0.535023 2.77367 
0.142685 0.220832 0.110154 0.00176372 0.0210177 1016.13 0.0886712 9.81079 0.299018 0.0582055 1.35998 380.115 0.00376114 0.1059 0.00058377 1.16242 7.3136 6.40335 
0.0489527 0.052232 0.00725938 0.0142892 0.000160297 4.84464 0.000987234 0.908023 0.0137335 1.31494 0.00251462 82.2366 2.08678 0.00210986 0.486129 0.483695 0.0504104 8.19554 
2.19287 0.000133825 0.0209238 0.000156235 0.00294062 239.244 0.293555 9.38614 0.000766001 0.0377327 6.99126 0.0658475 2.38127e-05 0.00420027 0.0308516 48.715 0.626819 2.00825 
0.605581 0.0160047 0.0003054 1.48576e-05 0.464486 140.305 0.501752 5.27189 0.000174559 1.19835 0.15631 1.99827 7.65046e-05 0.162891 0.0781453 21.5258 1.62511 0.312176 
0.0450966 0.00747282 3.57067e-05 0.286705 1.00838e-05 141.321 0.00216308 0.252395 0.240297 429.954 5.99644e-05 1.84238 0.00593726 0.104264 0.00309057 5.07568 2.35357 4.09959 
0.000116508 0.00179144 1.12218e-05 0.000128005 0.00562541 1.89421 0.000473711 3.59687e-05 0.0214709 0.169809 0.000364809 0.165072 3.08707 0.0254233 0.00029458 3.44559 0.555326 9.51461 
0.0490252 9.83857 6.21517 0.168689 4.76436e-05 20.6545 0.000148083 0.969256 0.805031 34.9108 0.00447492 159.61 1.55465 0.0498031 0.0607407 1.58259 1.98241 7.19633 
1.36424e-05 2.76077e-05 0.199482 0.0857327 9.05497e-05 0.117092 2.49294 0.458117 3.24444e-05 369.663 2.72011e-05 77.2136 6.09692 0.125567 0.00272115 38.3932 3.67921 1.82216 
4.73329 0.171153 9.14743 0.0216187 1.94294 0.017717 0.11046 0.0152762 0.000139707 52.0409 0.00360122 53.3896 0.00035691 0.00797844 0.0819375 20.3959 0.588665 0.665238 
0.00186671 3.49405 0.00603414 0.572956 0.180437 26.2907 0.950787 0.0545107 0.000388603 162.081 2.84734e-05 23.6576 1.56923e-05 0.0309198 0.000210139 42.4914 5.79595 2.83632 
0.389919 0.309376 2.49096 0.00700436 0.0609193 5.36179 0.00106016 2.69012 7.16754e-05 274.052 5.00951 113.243 0.000478981 0.220811 1.57071 1.62023 0.218103 5.82435 
0.271179 0.0438524 0.0276085 0.000970278 1.75555e-05 21.6138 1.40547 0.00126909 0.00538315 2.65169 2.57463e-05 4.3807 4.5428 0.169986 0.563149 10.22 0.39087 0.164995 
1.2528 4.06918e-05 0.000139167 0.00111338 4.72114 0.0107003 0.00117933 0.00670582 0.00176275 0.0603102 0.118736 0.984934 0.0815891 0.0208673 1.92497 6.73026 0.185001 5.61792 
1.951e-05 0.000286841 1.02129 0.788311 1.24742 0.0358364 2.62537e-05 0.00335677 0.000117879 0.190004 0.000345721 0.45439 0.00455571 0.001381 0.00010028 9.73502 0.376872 4.27549 
3.52304 3.4092 1.53572e-05 4.91313e-05 0.0544625 0.0741122 0.00463601 3.45719 0.413123 26.1391 0.00193069 110.61 0.000130503 0.21895 0.00494172 2.67306 1.09261 2.05205 
2.86991e-05 0.690017 8.49553e-05 0.309141 0.032034 792.742 5.43517 0.00149663 0.0254117 0.0946123 2.76077e-05 133.541 1.61375 0.000547033 0.303782 47.2634 0.718793 6.05722 
4.8702 4.23803 1.12905 0.000163844 1.14381 17.1296 0.000114986 0.000498835 0.000772587 86.5344 3.96254e-05 0.302029 0.0534134 0.166471 1.47046e-05 7.86324 3.70508 2.00407 
1.00751e-05 0.000441734 0.0315446 0.317528 0.00920218 25.4125 1.86702e-05 0.00356214 0.0150585 37.9603 0.308733 0.030807 0.00178956 0.313287 1.13192 7.8543 0.469107 0.242666 
0.0271734 0.077439 0.195126 0.0150114 0.00317119 2.21441 5.71699 1.39011e-05 0.286146 0.209541 0.000358743 5.43347 0.000100273 0.173928 0.0400837 11.6432 1.32854 0.515915 
0.00178427 0.203897 0.000609657 0.000540904 0.000271084 14.7088 0.0632444 0.0124273 0.160231 1.25338 0.0118885 0.018916 1.34595 0.0222381 7.69723e-05 16.4465 6.32448 6.19721 
0.205132 0.0745671 1.74287 2.47226 0.344532 7.72371 0.469553 0.076456 0.00027913 56.9851 0.0283156 6.62319 5.6023 0.00917443 0.00933795 7.62694 1.32737 7.01773 
3.53025e-05 0.00506258 0.000220505 0.564231 0.203486 96.3581 0.0177291 2.03038 0.000875603 69.1314 0.000160315 5.42972 0.000546701 0.00487337 0.00227027 16.1983 1.64303 5.25347 
0.0937576 0.838376 0.0116327 0.000212834 1.3208 6.11999 0.000156935 2.26057 0.000272034 0.0543148 2.0596 172.379 0.0433114 0.00769507 0.11948 7.06395 2.02512 0.833533 
0.00027343 6.69537 0.0182792 0.224589 4.88082 933.867 0.000221349 0.000381094 0.000302179 6.79912 6.66491e-05 0.0473623 0.362065 0.0259061 0.000355925 22.7588 4.27278 3.26011 
0.000282367 0.000116628 2.78041e-05 0.000908432 0.0043102 234.339 0.0017712 0.00959921 0.496294 2.82908 0.00159148 10.0735 3.10193 0.0933516 1.15796 14.1611 0.143623 9.945 
1.07139 0.0110247 7.4574 1.32638 0.0228708 0.326895 5.05848 0.128279 1.02473e-05 41.125 0.00343469 11.3753 0.000210853 0.000546395 0.568409 14.9165 0.109315 9.73846 
0.00483275 0.000115456 0.00135423 0.0440491 0.00248344 0.0273072 0.00243924 3.62374 0.0439514 85.772 3.31558e-05 0.146076 1.62367e-05 0.0363088 1.45427 8.99438 0.0735504 3.39993 
0.00027774 1.15307 0.00626492 7.27412 0.000422975 0.0435131 0.281578 0.209892 0.104789 43.162 2.96323e-05 0.245873 5.69386 0.312289 0.000794631 6.78248 1.73225 0.421278 
0.963151 1.87141e-05 6.77527 0.0414315 0.0346321 0.0432373 1.06951e-05 0.150959 0.000470867 2.26383 0.00202565 4.99947 6.17026 0.081625 0.0113964 29.507 3.08482 0.820506 
0.438212 0.771814 3.23678 0.00195432 1.23434 6.59188 6.62941e-05 0.420795 0.036794 0.326855 0.029555 282.984 0.0557112 0.00606045 0.000649181 6.13879 3.24045 2.64269 
0.0123881 0.694124 0.100926 0.00502441 0.296298 0.1587 2.63757 0.499682 0.00173933 13.2253 0.0182982 41.4135 2.34452 1.6768e-05 0.000588425 14.5268 0.302087 0.927398 
1.13946e-05 0.0591717 1.00634 0.814378 1.00107 0.621922 1.29524 0.60049 0.00141378 0.0719434 0.0223858 0.0166799 0.0122151 0.611944 0.799487 1.42539 1.42074 8.64891 
0.000285656 0.148043 6.32836e-05 4.58851 0.00108116 8.7224 0.082465 1.19168e-05 0.0245548 99.3164 3.31782 17.7781 0.00104235 0.0245993 0.153967 40.4473 8.40147 1.1615 
0.097102 0.0198379 0.00504644 0.490108 0.0472742 0.0726166 0.28939 0.0844456 0.000250428 0.354093 0.0292453 0.0153644 0.00235466 0.0242526 0.0928635 13.2469 0.829772 1.05443 
0.010652 0.00253301 0.000246348 0.00502379 5.26771 0.153166 0.00159992 1.87108 0.0361611 65.8315 0.275497 23.7035 0.00946935 0.012319 1.60074e-05 22.0723 0.834592 3.63466 
4.72277 0.000301385 5.75057 0.000167094 0.525943 218.769 2.1218 0.678955 0.000616732 323.419 1.11517 0.333345 9.74153 0.219312 0.0240516 10.7925 3.9555 2.71133 
0.309151 4.38466 1.98197 0.0846043 0.00111876 43.8862 0.0015609 0.506664 0.0164969 1.66154 0.00118619 8.49903 0.000299146 0.299735 0.0991036 12.2716 1.35362 0.230532 
3.60552 0.3813 2.02133 7.71502e-05 6.56603e-05 0.0507116 0.000118211 1.22756 0.000145945 10.4285 4.03675 304.653 0.000285201 0.000187875 0.000394373 48.2962 0.383887 3.14136 
0.00347928 0.00138674 1.21293e-05 0.00168952 0.00160731 4.92243 0.0886993 0.00487844 0.000106326 3.80145 0.00867764 25.0019 3.25956 0.0313265 0.00265939 4.02434 0.548398 7.48104 
0.697399 1.33567 0.000126765 0.000144652 0.117384 1948.99 6.4002e-05 0.000126892 0.282214 52.0908 0.000623498 0.0249266 0.00414921 0.238055 8.84691 13.3848 0.056968 7.91191 
4.95558 2.08918 7.824 0.00159167 0.0396712 354.877 0.0770774 0.000377526 0.0221746 12.3951 0.000902965 0.558077 4.52492 0.0520863 7.26651 17.078 0.0169302 8.06724 
0.000457406 0.026163 0.00172968 2.9588 0.284172 0.142093 0.00193457 3.34886e-05 0.00108549 0.73115 0.23683 0.583982 0.218062 0.118032 0.980501 6.95332 0.240642 2.60792 
7.10249e-05 0.998135 2.39979e-05 0.000130932 5.77625 10.1611 0.00874761 6.45248e-05 0.00165948 0.057467 0.189355 1.14646 0.979949 0.000365394 1.55827 15.3857 2.8647 1.81241 
1.18977e-05 4.49809e-05 0.00648597 2.488e-05 0.206846 5.54496 2.04217 0.377073 0.0105155 0.0290216 4.80607e-05 0.0331167 0.00194468 0.000199649 9.1294e-05 12.8876 0.263888 7.75599 
0.0481936 0.0380636 0.0731056 0.242623 0.00109472 8.34387 0.000659229 2.42679 0.00225018 0.77295 0.278213 0.027623 0.298202 0.00181666 1.32788e-05 4.87234 1.50122 7.7508 
0.00313379 0.000156374 0.0162045 0.025392 5.86159e-05 11.2613 1.40131e-05 0.0214277 4.62847e-05 0.0351832 0.0104414 8.34524 0.134815 9.10025e-05 0.255505 19.7408 0.307381 1.61344 
0.000345784 0.404943 0.0328409 0.00296919 1.0593e-05 0.34544 0.182196 0.232418 0.000328392 0.0239017 0.00105911 5.29897 0.000878288 0.450254 2.85305e-05 3.60735 2.34155 1.30747 
2.31144e-05 2.04425e-05 0.161923 0.0314485 0.762524 17.2573 0.000961591 0.00013794 0.000132311 393.024 1.0917 4.97865 6.1953e-05 0.0797278 0.000207677 11.8244 3.04371 1.81958 
0.000244466 9.00296e-05 0.00566282 0.0323235 7.77499 0.0122911 0.00260526 0.560261 0.00193185 179.374 0.0483019 3.40476 0.000346036 0.000367768 0.000180826 31.6677 0.393307 8.60875 
0.375341 0.25658 0.0166333 3.28545e-05 0.000735889 0.0692155 3.57606 3.69092 7.09041e-05 124.716 0.677372 0.387952 0.439725 0.00022672 0.00256294 43.8308 4.76372 7.5557 
0.000435018 0.0948363 2.11369 0.0140039 2.195e-05 138.1 1.13531 3.99576 0.560927 206.431 7.29628 0.015194 0.00198842 0.00634838 0.451487 21.5203 0.0361819 8.98191 
2.07518e-05 8.81261e-05 0.105754 0.00190334 7.78824e-05 0.256021 0.000859353 9.70481e-05 1.44824e-05 0.0763112 2.37696 423.522 0.96939 0.050433 0.80769 5.29335 3.30739 2.08959 
0.0358462 1.36889e-05 0.00642277 6.48706 0.000891946 1797.28 3.35989e-05 0.00122272 0.281704 260.597 5.27161e-05 0.715997 0.000275322 0.00459576 0.0170208 12.097 0.3318 3.04524 
3.08624e-05 0.0063953 0.0307074 0.000338389 7.15635e-05 31.1179 0.565091 1.03783e-05 2.39176e-05 0.0906408 0.780631 0.344204 0.00024895 0.151537 2.0461 6.42906 0.113752 1.84956 
0.145769 0.281277 0.0370342 0.255639 0.0859347 0.119162 0.000557661 0.012021 0.00058949 11.5484 2.90947 0.104829 0.00118128 0.000156635 0.000791182 12.3078 0.165191 9.61595 
2.68815 9.02419e-05 0.070956 0.64094 0.00488691 2551.56 0.002488 2.24535e-05 0.146053 40.8194 0.524462 0.549552 0.0165424 0.253532 1.55186 9.39084 0.344673 4.4559 
7.5296e-05 0.0460222 0.481683 0.09325 0.00128418 27.9883 0.000159465 0.00113325 2.41671e-05 0.015554 0.00891356 0.0574168 0.0008489 0.00102124 0.000184167 24.4016 0.334779 1.57717 
0.00664391 0.0284493 0.410622 0.0249495 9.57591 0.0587518 4.35542 0.00115907 0.000307683 0.125991 0.7581 0.0117397 2.38031e-05 0.00834357 0.043189 7.41924 0.606451 5.85255 
9.91865e-05 0.115631 0.000215387 0.00037337 0.000315879 0.206403 6.86995 0.281213 0.0349504 214.376 0.252121 3.50412 0.0781508 0.0314765 2.01552 28.9792 0.100576 0.435067 
0.00844969 0.0099597 0.0808658 4.14711e-05 1.08634e-05 213.01 0.000363779 0.290329 0.00072727 51.0904 3.90226e-05 0.0604986 0.238395 0.0130026 0.114237 13.9755 1.14883 4.30503 
0.000908602 0.00472438 0.259015 0.0217526 2.46067e-05 887.937 2.47221 1.37421e-05 0.0452984 0.863204 0.000884179 9.69499 5.65963 0.0429321 0.136203 3.34932 0.658936 8.92569 
1.2589e-05 1.1154e-05 0.755673 0.0170564 0.00117407 55.9389 2.4405e-05 1.4027 0.0166923 0.39136 0.00820824 0.0665442 1.7527 0.0301293 9.4736e-05 11.3772 0.961127 0.678924 
0.00252456 0.255098 1.68609 3.08481 1.11725e-05 1085.21 0.000140363 7.55271e-05 0.00238002 0.274358 0.284882 0.0629533 0.000389206 5.72281e-05 0.193064 27.798 0.0262221 7.06727 
0.00387225 1.39672e-05 0.000610402 3.68214e-05 1.63158 0.0399796 0.348458 0.17587 0.00488815 0.39614 0.878309 0.189485 3.97105 0.00153003 1.12786 37.4098 3.04658 1.51366 
6.25511e-05 1.19796 0.563668 9.05345 0.000381397 1.72873 5.82885 0.0024103 0.00086411 33.5978 0.0661783 53.7315 1.96064e-05 0.188765 0.950077 6.89148 0.418427 0.328013 
0.00784968 0.0673202 0.00522799 4.58374 0.456786 104.351 2.49639e-05 1.37938e-05 0.00820858 1.98139 0.0037807 0.0135015 1.55277 0.000378739 0.000904899 6.89641 1.45367 5.92694 
0.561769 0.0680079 1.45869e-05 1.15895 0.0156293 0.231662 0.0185205 3.19336 4.94888e-05 4.76317 0.00159732 11.595 0.00398378 0.00842567 0.000446582 8.73493 0.393821 4.33324 
5.56295 3.30938e-05 0.000181475 0.00505064 0.00169938 21.8914 0.000404983 1.96242 0.56892 0.313846 7.95318 0.161413 0.00120748 4.76483e-05 4.02575e-05 30.3968 0.748327 3.80676 
0.457524 0.000616734 1.32523e-05 0.0130422 0.00179687 0.556969 0.000684099 2.40719 0.488964 96.7859 0.0456127 0.0150544 3.89146 0.0174729 0.00278984 20.9785 1.12011 3.67075 
0.00247449 8.99538 0.170882 6.03059e-05 0.000444645 0.512944 0.892776 0.312333 2.43429e-05 119.245 2.59481 0.0310336 0.109432 0.0203983 8.98005e-05 26.787 1.90745 6.50256 
0.00244906 0.000717841 3.20938 0.00124969 0.000276758 72.7974 0.000710429 0.00303734 0.0999117 0.634603 0.0819616 149.276 0.000240179 0.0529269 5.74865 3.18879 3.58004 5.58839 
0.000234318 7.41165 0.0290759 0.00165968 0.00268501 1.47514 0.00231765 3.23028e-05 0.192442 1.89553 0.0360436 0.0577861 3.2678 3.96261e-05 0.00408331 2.1078 0.579401 5.99544 
0.00147659 1.52104e-05 0.00218921 0.00704673 0.19972 710.107 1.77338e-05 0.373637 0.0583322 47.2988 1.43812e-05 0.0847921 0.24843 0.130132 0.0466091 4.25273 0.999165 2.10751 
0.000299487 3.21648 5.25692 4.92395 0.00395517 0.0183148 0.526518 0.000306611 0.00034665 0.0282444 9.58429e-05 4.85651 0.350065 0.0329917 1.05222 7.26953 0.199188 7.89327 
0.00549549 0.00129695 2.19734e-05 7.26635e-05 0.00040687 7.51666 0.000377522 2.37544 0.00316933 445.89 0.00756182 4.11203 0.00432348 0.256282 1.85379 19.888 1.14809 0.37292 
0.375505 0.000503598 0.345861 0.0193998 0.406351 1394.53 0.000844687 0.000255255 3.50514e-05 0.0416474 0.00038651 0.650458 0.624343 0.694638 0.00032755 9.28985 3.86708 0.743157 
0.000154735 0.00831026 0.0111027 4.92181e-05 0.000203546 0.47316 3.51251e-05 0.00139837 0.691978 3.14842 1.69406e-05 32.2439 3.57555 0.000983399 0.263251 36.9074 0.0647029 7.23014 
1.64244 0.0497951 5.19449 0.00073968 0.000416975 6.38293 0.0001715 2.91571 0.605169 4.99446 0.0434974 87.1598 0.0249786 0.0422202 4.32951 30.6001 0.569535 0.936545 
0.58339 0.867121 1.39973e-05 0.286714 3.69623e-05 0.616215 1.50192e-05 0.000228664 5.16781e-05 0.0687067 0.00390905 0.123962 1.35793e-05 0.000749071 1.41269 27.7222 0.0330883 4.75628 
5.16409 0.00463891 1.14274e-05 6.81064e-05 0.411029 74.8267 8.78152 1.83698 0.0166025 293.921 1.16133 1.54604 3.24161 0.00418892 0.0805912 26.1191 0.428554 0.343301 
7.29633 0.000434841 0.0121878 0.000362777 0.00095074 570.151 1.61368 0.000495835 0.000112366 4.13657 0.00108052 0.28742 9.8803 0.0409686 0.457656 2.72888 0.246519 9.12601 
0.0161476 0.00101439 1.16711 0.208653 0.000559809 1986.79 0.00618084 0.00140107 0.000642223 271.321 1.49416e-05 0.115716 8.85162e-05 0.000448782 2.14224 39.8094 0.0705254 5.123 
5.94348e-05 5.51982 0.00367733 0.0093819 0.0515109 6.85479 0.00494033 0.00048041 0.164191 2.07597 0.0106731 44.7114 0.0360396 0.229494 7.40009 4.6169 0.851763 2.29725 
9.19668e-05 0.112415 4.53422e-05 0.00451437 0.000137236 881.444 0.0414902 3.03853 0.00133694 43.8852 0.0113862 201.506 0.0339641 0.0382507 0.000621803 41.8583 3.26643 2.94952 
0.973766 0.0245818 0.0474533 1.17855 0.428789 1194.84 0.0334082 2.50319 0.000135533 57.2427 0.00124039 0.101503 2.4543 0.00604537 0.00530944 23.9344 0.679232 2.94114 
0.14856 0.026262 0.0393116 0.000259605 2.61143 0.0624622 0.00217343 0.94547 2.34171e-05 1.05264 0.229048 1.55234 0.204994 3.89218e-05 0.154025 28.2538 0.41457 0.648989 
8.06355 4.83784e-05 0.0154618 0.00136449 0.000290851 0.889066 1.19793e-05 0.00141241 0.00098161 38.8614 0.89165 1.2855 6.35523 0.213398 0.0119023 6.26404 6.13091 5.35493 
0.000801532 0.00516423 0.0121324 0.714324 0.0106983 0.0236388 0.0365328 2.53929 0.0190886 43.2015 1.85793 224.805 8.08402e-05 0.125627 0.00963339 1.87304 0.892179 0.731069 
0.000111006 0.000229724 1.43519e-05 7.2653e-05 0.0273386 1336.14 2.00379e-05 0.335262 0.000108836 139.685 0.319979 2.82849 0.00587479 0.000199641 1.0701e-05 22.572 0.237193 8.21736 
0.0142112 2.66161 0.378766 1.01091e-05 0.000199562 1.09959 7.40513e-05 1.96824e-05 0.147089 36.006 0.0667388 0.0474451 0.154432 0.000569965 0.104112 48.9074 1.90551 2.39566 
0.0140569 0.0126055 0.00405847 1.71392e-05 0.979314 58.7703 2.38783e-05 0.000984037 0.00149182 0.369939 0.103243 1.74303 0.000793104 0.381101 0.00458336 1.65294 1.39798 2.89003 
0.00841688 0.000643201 2.63701e-05 0.02061 0.000142299 0.0220128 0.253353 0.611649 0.319525 314.318 0.00545368 0.151878 0.00492594 0.0713716 5.08088 18.2608 0.0648251 3.28482 
0.777245 0.00999234 0.00887247 0.0134825 0.00190418 31.7683 0.00565911 4.21294 0.000445238 264.895 8.80103e-05 0.0425798 0.0251593 0.00670852 0.00199346 8.73005 0.453024 6.92736 
1.14389 0.000207091 0.0052673 3.79895e-05 0.00273113 22.9953 5.46753 2.20151e-05 3.18452e-05 173.048 0.00346022 46.9894 0.00109844 0.686631 0.0423124 1.56589 3.68756 4.23767 
0.0016188 1.42051 0.024713 0.00903479 0.11432 0.0355243 1.11717 0.0764313 0.0568558 0.0142685 0.000168142 201.739 0.00100115 0.0334316 0.000137593 4.31994 0.928716 9.68372 
0.000375013 0.677106 0.308783 0.0813488 0.0556347 0.0113627 0.00139816 0.00735135 0.000726447 0.125849 8.7566 0.984868 0.0371686 0.0159372 0.00101825 4.87784 0.619182 1.75176 
0.284203 0.000307104 0.308131 0.00425075 0.00201796 0.0306788 0.00466736 1.07032 0.0245847 5.78268 0.000593377 1.64544 3.27487 0.12876 0.000458025 10.233 5.45632 8.70883 
0.00235775 6.43232 7.20139 0.00210846 4.87144e-05 32.0537 0.746487 0.000771175 0.00068041 37.1105 0.00611629 8.01625 0.000409522 0.50807 4.23638e-05 16.8601 4.42247 0.739005 
1.8505e-05 0.345263 0.000467273 0.00207012 0.0050198 9.87203 0.0182463 0.00963863 9.11063e-05 0.365993 0.0346396 0.0135142 6.33714 0.115683 2.07407e-05 6.72701 3.77634 3.28517 
0.000781223 1.23061e-05 0.00103561 2.95476e-05 3.8628 0.41991 0.000223363 0.00588674 0.000565877 0.587942 1.29355e-05 0.0610541 0.000672704 0.0440048 0.291036 8.01426 0.364579 1.23097 
0.300191 0.0371467 0.00116318 0.00108944 1.76473e-05 7.51254 0.033474 0.00539356 0.929654 386.59 0.590487 0.135456 2.13207 0.00044394 0.000165633 19.0998 2.00758 2.22173 
0.00898717 3.95931 0.000361452 4.82712 0.00758856 1.10616 0.0357084 0.621899 4.33866e-05 0.199464 0.00033308 170.814 0.00638068 0.0356781 6.42629 17.1436 0.138512 4.90354 
0.000113624 0.176931 0.006867 0.0542891 0.00888698 59.059 0.249819 0.460123 0.00289312 5.01914 0.00117605 0.0349721 0.0704769 0.00295162 0.568593 10.634 0.04527 4.06281 
0.000158637 0.00430796 0.0948828 0.0092167 0.000350749 0.0372312 0.15978 0.497633 2.68483e-05 1.20278 1.08963 0.116013 3.43939e-05 1.41478e-05 0.00044539 38.64 0.924005 8.02032 
0.00837357 8.83865 1.08073 0.000604247 0.00306638 55.2147 0.0208601 5.50895 0.0113749 188.74 8.17018 0.0109645 2.56895e-05 0.00170957 0.00846338 8.29829 0.268605 5.79681 
0.201952 0.180022 0.28094 6.24669e-05 0.128449 1807.59 0.0109868 1.63086 0.175669 18.4442 0.331852 0.125921 1.83325e-05 0.000878225 3.16249 24.1785 0.0553302 6.68162 
0.00660953 0.000154212 9.93923 7.65742e-05 0.220059 85.0708 4.03046e-05 2.59128e-05 0.024206 0.343907 0.00356471 4.16951 0.00294299 0.16744 6.88139 7.42502 0.04454 8.95834 
0.222044 6.26782e-05 0.00021899 0.0546607 2.2761 0.0561595 1.5347 0.000306815 0.00171314 474.563 0.00682684 51.4378 0.000574049 0.0187712 3.82449e-05 35.9071 1.6812 6.29171 
1.55729e-05 2.72978 0.00533226 2.88015e-05 3.32784 0.707532 0.00838187 2.06309 6.47387e-05 0.744524 0.00169931 0.0309012 0.0557925 0.0247754 0.0251634 9.16821 0.868705 1.7442 
0.0106798 2.49802e-05 0.00753025 0.000248609 0.0259139 0.112964 0.00134161 0.0933969 0.000133595 0.0304591 0.00964821 1.92098 0.000125338 9.82385e-05 0.000163401 44.3575 0.443792 6.40903 
3.57093e-05 4.27997e-05 0.000136266 4.63338e-05 0.000608232 2841.87 5.17785e-05 0.00359095 0.00181784 0.0213626 0.481727 2.97661 0.0894252 0.000987275 0.000128607 7.04015 1.05879 5.96756 
0.00213321 0.000383459 0.054495 1.4304 1.17489e-05 500.511 1.3065e-05 0.107935 0.000224808 16.2427 1.3041e-05 1.66705 0.0371464 0.00140904 0.000293126 22.8994 0.25627 3.78168 
1.88353e-05 2.42272e-05 0.00331898 0.000110769 0.538041 191.703 0.0223934 1.95733 0.0052147 45.8272 0.182987 4.45286 0.027849 0.00116966 0.000408975 28.196 0.386108 1.99575 
0.00388841 0.00319368 0.00661683 0.0228326 0.032275 245.589 0.00205749 0.000383428 0.402352 0.726092 4.11416e-05 82.0838 0.000620572 0.246308 0.070927 2.10463 1.10429 1.83521 
0.198289 0.000173761 0.00434619 0.000249205 0.000314059 0.660795 6.31211 0.0523037 0.0104202 1.88231 0.0956482 1.00541 0.00684888 0.173583 7.78781e-05 2.91347 2.84467 6.0626 
0.060725 2.37444 0.00401537 0.0237881 0.426133 2.6315 0.0031349 1.29906e-05 0.000841928 13.4782 2.45851 10.6914 0.000584635 0.068014 0.452893 5.16181 1.62425 1.87143 
3.69118e-05 0.00348999 7.98143e-05 0.0409327 0.536034 0.199288 0.00990871 0.0556079 0.000186194 19.4353 0.00169396 0.243287 0.744481 0.000117034 0.00169657 30.9536 0.22516 1.17461 
0.0277537 0.000869859 0.254107 2.87614e-05 1.01664e-05 191.765 0.0102776 0.0653604 0.000455676 3.70318 0.00467826 0.429564 0.000587094 0.0248075 0.00380167 25.4894 0.768388 1.0714 
0.492055 0.0219876 0.0305375 0.0119038 0.0108489 2.11451 0.000715742 0.000355895 0.000129415 0.342634 0.133035 92.5446 0.0606476 1.40507e-05 0.00357476 11.9514 1.34371 7.20146 
1.85267 0.0207675 0.000339353 0.000438393 0.00471733 192.952 0.00114412 1.52091 0.000111202 14.611 2.8082e-05 1.24373 0.00241855 0.00337865 0.000104216 7.82484 0.479505 5.0457 
2.42672e-05 8.70377e-05 0.217356 0.0319589 0.000962149 0.159488 3.9624e-05 1.18648e-05 0.000466436 11.047 2.79516e-05 5.49446 0.0400768 0.318982 0.00142222 9.93931 2.75623 0.679536 
0.0224813 1.38054e-05 8.90539 2.47436e-05 0.000359367 114.363 0.000212602 0.000751675 0.174887 0.220098 2.96378e-05 11.2961 0.00401306 0.00358957 0.00251214 22.4154 1.36187 2.84929 
9.4125e-05 1.26411 2.61954e-05 6.92426e-05 0.000585047 0.0124103 0.000915449 0.504263 0.000122115 0.45075 0.00307221 13.4989 0.00312857 0.0132581 0.387797 40.503 0.413226 2.16016 
0.00020509 8.57313e-05 4.22361e-05 0.00138522 0.000225657 1619.32 0.386088 0.0256693 7.05182e-05 0.0232217 0.000575422 0.0955799 0.353306 0.0213021 4.29561 26.6233 1.20595 5.79697 
0.00204522 1.2279 1.41921e-05 5.0641 0.0998175 0.0676589 8.90383 0.000166292 1.24873e-05 409.688 0.000554352 0.0473649 0.917156 0.00181547 0.0157883 19.6353 0.415541 7.10022 
0.00499914 0.000242277 0.00356079 0.0015264 0.000434815 1.64536 4.58066 4.0675e-05 0.0554169 19.8545 0.000584534 0.025396 2.49987e-05 0.0014702 0.0142526 19.9812 0.191027 3.8195 
0.00401598 0.000492783 2.16763e-05 8.64121 8.24095e-05 0.837558 0.000230423 4.5543 1.61261e-05 0.109338 0.000924775 0.251495 0.00290956 0.0011051 0.000450731 33.0351 1.32359 1.53317 
1.92727 9.27498 0.000195719 1.21752 0.0747228 3.50281 0.136318 0.161323 0.133175 0.0531983 1.81762 0.19322 0.0513187 0.00112422 8.8064e-05 47.0133 6.16225 8.68498 
0.803057 0.00278829 3.44411 0.00190636 2.98562e-05 4.52944 0.0151041 9.01856 0.00167924 0.0559681 1.55236 0.0466762 7.59205e-05 0.00235316 1.25824 23.8762 0.106302 3.91999 
2.58688 0.000749102 0.0359621 0.0896493 0.0285471 93.8265 0.00451192 8.72345 0.0173011 3.36913 0.146917 0.969521 1.00604 5.39002e-05 0.113993 5.14033 0.440751 7.99028 
0.00103893 0.0685088 0.000539908 1.51668 5.00842e-05 0.200006 0.0754954 0.000207709 0.00914354 0.01913 0.00627544 0.0642633 3.16236 0.00328311 0.219744 5.86322 1.70484 1.12403 
0.164806 0.0753147 0.000230478 1.34704e-05 2.39021 503.806 1.35232e-05 0.199353 0.00249953 380.91 0.0022872 52.0055 0.00824404 0.0983919 0.456327 12.6027 0.500162 0.676045 
0.372311 0.367301 4.35043e-05 0.0167933 0.000809781 110.454 0.0673526 3.44981e-05 0.00781855 26.9272 7.47674 5.24886 0.000166867 0.281075 0.0404235 9.55315 5.34542 4.12178 
0.00734842 0.628881 0.000418283 2.77575e-05 0.0368962 7.9626 0.0308254 0.000802582 0.00758226 10.0406 0.131523 0.0245612 0.00119961 0.000436446 0.0948576 42.7821 0.33743 3.06054 
0.00431615 3.98396e-05 0.113905 0.0167207 0.0621405 0.32584 0.00535446 0.0102749 0.0104675 0.348651 0.0481329 106.127 2.38954e-05 0.420217 0.12263 22.2689 1.43972 0.0763537 
0.0072701 9.23453 0.00247689 1.91091e-05 0.129385 61.9928 0.191299 0.00074081 0.00149548 12.3482 7.32719 0.0630569 0.180162 8.91381e-05 0.00673885 24.1927 0.984507 1.21156 
0.0376818 0.000494043 0.0197697 3.64437e-05 0.000110251 1912.09 0.00548306 0.000424171 0.00884676 95.3414 0.0299 106.815 0.000469202 0.00418519 1.30525e-05 49.5474 0.593376 0.93314 
0.001319 0.502103 0.462033 1.82047e-05 0.0350441 0.900156 0.000254088 0.00202023 0.27894 0.0497691 0.0695219 0.0275244 0.0111954 0.0798504 0.873442 17.1819 0.657838 0.344918 
0.0124649 3.30485e-05 0.000127961 0.289156 0.900141 0.0838143 9.57434e-05 2.38276 0.00317857 145.503 0.00287289 4.17167 0.000131621 0.0262353 0.0127341 23.7527 0.890773 0.3873 
0.00204397 0.0225196 2.11394e-05 0.050454 0.00497226 14.9472 0.00138986 0.00630367 0.00271058 13.0757 1.86461 5.29846 1.98877 0.00015493 0.0143129 3.66864 1.35064 6.56449 
0.0146478 0.000382294 2.93432 0.0110617 0.421385 25.7969 3.30636 0.57683 0.000175724 49.7409 0.00252777 4.2738 2.01985 0.000355726 0.0400709 37.9202 0.08508 6.31716 
0.0364923 1.38377 0.000204206 6.98749e-05 0.00155494 2.54711 0.00235953 1.75654 0.000143316 139.907 0.158758 4.8354 0.0847154 0.00646356 0.034046 45.0984 0.327418 0.281481 
0.111445 0.10085 2.10933e-05 0.000938767 0.28315 9.71793 1.12608e-05 0.0254987 0.209168 247.165 2.11736 0.0439434 4.64469 0.000150521 1.14778e-05 35.6304 3.91776 6.07903 
0.635916 1.21316 0.580127 2.40283 0.0152813 15.6324 4.41545 0.142345 7.5224e-05 128.157 0.0337203 457.564 5.44631e-05 0.806833 1.74316 1.4192 0.851727 1.86728 
0.529904 0.0193103 0.0883109 1.19022e-05 1.35515e-05 0.133372 0.0207144 7.80141 0.0509299 10.0468 1.28013e-05 0.191665 3.9707 0.00837622 0.0273572 8.76467 0.654124 7.3381 
0.000125219 0.000768224 7.00769e-05 0.0174992 0.0101241 77.3466 0.00114068 1.46459e-05 0.00154802 0.256179 0.00789202 73.7214 0.000854363 0.900796 0.0484022 2.57331 3.79701 1.42535 
0.000100169 2.99652e-05 0.135103 7.80236 0.00183748 384.8 2.83786 0.00027578 0.113416 0.675263 7.54312 0.354476 0.00570805 3.10064e-05 1.1098 7.90322 0.293679 5.10486 
0.0152144 0.000230381 2.81233 0.264766 0.16409 0.0641177 7.96779 0.451989 0.0113549 2.66295 0.0286212 0.0226741 0.000157851 0.140926 1.28436 8.82028 0.295606 0.673202 
3.30163 6.46354 0.111707 0.0226945 0.0106884 0.498917 0.320094 5.93901 2.38308e-05 1.54158 0.016748 38.4542 1.8271 0.00475128 0.000442091 30.9844 2.29759 2.92041 
0.00722237 0.317165 0.0651883 0.101333 0.000479357 0.492646 0.001038 5.40661 0.00010294 3.55687 0.000311038 0.0571524 0.120952 0.0435516 1.31472e-05 35.2504 3.31701 3.2746 
0.000399952 7.47501e-05 2.99001e-05 7.33657e-05 7.32761 16.5642 0.000144635 0.0696223 0.836473 0.102008 0.0801909 2.10406 1.41137 0.0116274 7.84649 8.29485 0.163891 2.97125 
0.243116 0.000709227 0.00154474 0.000233232 0.000702402 214.37 0.000433869 0.000842901 0.000558554 4.26936 0.00128362 3.9951 0.000385409 0.479083 2.67134 3.68293 0.900858 1.57122 
1.71163e-05 0.000134664 1.3176e-05 0.133786 4.0383 0.0767258 9.21304e-05 0.0197843 0.00204208 0.404628 0.298347 0.796158 0.148532 0.0331103 0.0173696 11.8247 1.00196 3.62235 
3.29784e-05 0.0600426 0.000816283 0.0372229 1.43503e-05 644.085 0.000373214 0.35402 0.000307751 130.371 0.082944 2.03329 2.27079e-05 0.000399898 0.0036335 9.44344 0.189754 7.73737 
0.0400249 0.0039502 0.0109626 0.000360198 0.000526063 53.2497 0.584528 3.08454 2.47408e-05 0.0383735 1.63834e-05 8.19856 0.00752475 0.0883408 0.000232908 16.4328 1.8181 0.360189 
0.00441177 1.28618e-05 0.293051 0.0497897 0.000136624 611.917 0.000999051 0.000712015 0.215489 10.7944 0.00073877 2.37177 0.00428757 0.00816986 7.78623e-05 43.7173 1.43666 0.583654 
0.245563 0.000343462 1.72306 2.88839 8.56031e-05 0.143821 0.20617 2.51185 0.0536994 1.79323 1.21572 284.618 7.17648e-05 0.0101284 0.00146515 27.7342 8.9995 5.07743 
0.000244799 0.000582937 0.488266 0.000158737 0.0700515 0.69067 6.50846e-05 0.00304407 1.2446e-05 189.238 7.12003e-05 35.1156 0.0966379 0.512263 0.0625728 6.61527 3.73966 1.01448 
0.00616013 1.83717e-05 6.76889 6.20792e-05 3.20597e-05 1.03052 0.000928634 0.000182956 0.000123515 7.41194 0.174169 0.95959 6.34271e-05 0.3422 0.0810503 1.89197 1.22349 7.17936 
0.0394058 0.000105171 6.81868e-05 0.0292272 0.000111802 0.181233 0.0131381 0.00304845 0.596892 57.2825 0.00167426 0.0243144 0.178055 0.0167629 0.380222 4.51057 0.149138 7.50238 
0.451356 0.00788513 0.174664 0.0365506 0.00225099 13.0231 0.132377 0.01547 0.00109917 0.180442 0.00337283 0.162666 2.35401 0.00319728 0.000156608 5.28266 0.937296 3.32212 
0.125847 0.01545 0.951282 6.34231e-05 0.0090067 2.19994 4.58207e-05 0.0162101 3.95332e-05 0.331864 7.82377 0.129907 0.0004538 0.0330955 3.01204 32.1671 1.24725 2.26531 
7.38824 0.0217447 0.00260158 0.137826 1.07376 9.11691 5.77042 1.31366e-05 0.00107894 0.0154745 0.110368 0.27602 2.16433e-05 0.0134215 0.00224321 13.8581 2.21477 5.11166 
3.74397e-05 6.70315 5.62622e-05 0.36301 0.0213995 24.2543 0.000143991 0.295173 0.000272238 2.96432 0.00156567 0.0122657 0.000665014 0.231055 0.0670339 14.0737 2.92326 1.51967 
0.000897126 0.137095 0.087798 0.0389007 0.00384264 0.935871 0.237636 0.0804443 0.428823 196.056 0.255762 11.2109 0.0268721 0.001953 1.34475 3.84874 0.284659 3.98867 
1.36517 2.43898e-05 0.0800192 3.27891e-05 0.000148994 3.15873 0.0346628 1.27102e-05 0.00315627 0.131076 0.000149476 68.8594 0.303482 0.00165817 0.106141 32.195 0.307988 2.86372 
2.92218 0.0124436 0.416435 1.25577 0.0388935 0.281618 7.51831e-05 0.714423 4.03538e-05 2.70331 5.33678 0.0816892 0.0748489 0.163181 1.88321 11.4318 0.195445 6.46218 
0.193689 0.51309 1.50364e-05 8.44104e-05 0.00102532 0.713309 0.715701 0.000447973 0.00385004 1.46179 0.0884413 0.843484 0.00080928 0.195873 0.00415002 38.3369 2.47353 0.246074 
0.00280708 0.00240033 1.48296e-05 8.45887 0.0287829 1531.19 0.00728752 8.47089e-05 0.000911663 0.229691 0.000525259 4.26371 1.15602 0.0223669 0.0021054 15.9962 0.802323 0.635539 
5.56259 0.00287603 0.0155523 7.15703 1.33106e-05 0.633412 0.00700429 0.00103962 0.00935347 0.102111 7.36567e-05 53.037 0.0477022 0.0486333 0.0117133 40.6994 2.56439 4.69959 
0.000503251 0.157603 1.4511e-05 0.00100119 2.36024e-05 0.015364 0.00537656 2.06212 0.00356689 221.254 0.0011365 0.190199 9.31746e-05 0.0059554 0.00337798 11.0285 0.303088 4.40776 
3.91466e-05 1.06734 0.000110824 0.000838223 0.088048 614.703 1.0388e-05 0.00128809 0.000144013 0.969713 0.0415226 0.101609 0.000500574 0.02636 0.539422 37.3964 0.184964 2.74227 
0.000431434 3.80485e-05 0.0189019 0.00113099 0.127321 1085.26 7.28593 1.51859e-05 0.0173698 44.1426 0.00810796 32.3682 0.00265339 0.04456 0.000654949 27.0139 2.63625 2.63831 
0.0285591 0.727515 2.11284 0.00329626 0.0942145 0.0270869 0.000826145 0.393115 0.000386085 5.69394 4.60236e-05 73.5362 5.88403e-05 0.000908415 0.109284 40.7983 1.03039 4.51414 
1.20965e-05 1.19846 0.573559 3.02922 0.00878299 130.031 0.00830818 0.145841 1.76896e-05 2.94449 0.232937 2.22578 0.000869821 0.223535 2.5088e-05 3.28975 1.82204 7.36808 
0.0342105 0.00122348 4.44698 0.506373 0.0013251 0.0780285 9.31251e-05 2.07451 2.52922e-05 0.360704 0.313254 0.968417 0.00190609 0.159605 2.30736 3.00687 0.10874 6.6532 
0.0640654 0.303911 0.00023672 0.449029 0.0434602 0.106883 1.36401e-05 0.381457 0.000283437 325.714 0.000192587 118.119 0.0135646 0.323356 0.000671108 6.76426 2.20117 1.21274 
2.96024 0.37926 6.26241 8.63596e-05 6.33602e-05 24.2985 0.0154997 0.166603 2.01154e-05 12.7839 0.000115045 0.79847 0.00652189 0.000103131 0.000214483 36.3164 0.633535 2.21326 
0.000146422 0.000602742 0.065264 0.000480887 0.00540708 0.214473 1.51521e-05 0.0057348 0.205167 87.6325 0.000107559 0.173038 0.00370942 0.288375 0.0825942 1.72033 1.39681 2.8801 
1.57088e-05 3.6147e-05 0.00241204 2.99325e-05 0.194913 0.0268067 0.000366092 4.66166 6.31027e-05 1.04149 0.00292005 242.286 0.0889477 0.100688 7.78633 36.7795 0.145964 3.11344 
3.28646 0.0306535 3.17759 0.0100814 0.0157189 4.98339 0.00123665 4.93915e-05 0.0593758 0.203766 1.37619 0.0344151 0.000300058 0.297855 5.57521 12.7371 0.317344 0.736371 
0.000170899 6.92869 3.99565 0.0909388 9.13088e-05 0.723282 1.90709e-05 0.762395 0.00333534 9.92433 1.42451e-05 3.16286 1.20447 0.584516 0.00221773 1.0722 2.25423 7.1886 
0.00797546 0.00983485 3.9081 0.0449967 0.0105339 1.58413 0.46484 0.0230119 1.45489e-05 29.2119 0.0198083 0.0211228 3.62815 0.0205831 0.0405313 10.7523 1.65222 2.78639 
1.00917 0.952648 0.0207838 0.0516094 0.00897445 34.5509 0.000487851 0.568309 0.0204628 26.1079 0.00053499 2.91116 0.293704 0.00139741 0.910776 48.1868 1.55105 9.78387 
5.46036e-05 0.00638951 0.0891747 5.43056 0.138854 1413.23 0.00100545 0.981735 0.00446675 0.132174 0.0183697 27.7921 0.0135238 0.324615 0.0246048 12.6241 4.17622 1.1776 
0.000153573 4.29146 0.000116668 0.00017031 0.003014 1.31699 0.830763 0.0214617 0.916928 7.07558 0.509032 0.0339453 0.00325755 0.281025 0.00272565 13.3896 5.5797 4.74242 
5.48963 0.000272745 1.38095 1.68586e-05 1.76263e-05 25.7654 1.97191 5.8271 0.122193 5.52037 0.000108065 172.72 0.455745 0.217477 0.0625692 1.59792 0.882233 1.88488 
0.0736528 0.0728727 1.85028e-05 0.000204529 6.317 2006.43 1.1761 0.000126281 1.39063e-05 73.5663 0.441127 1.37749 0.00046313 0.0305598 1.95218 16.5154 0.558875 7.70076 
0.555661 0.0012546 0.00087875 0.000242416 9.05959 6.48483 0.002502 0.0638957 5.84489e-05 0.538262 0.000103973 1.20244 0.0329324 0.0177033 0.0199156 17.5907 1.03006 0.905226 
0.00135327 1.21274 0.411481 0.0180953 0.0309636 0.0559025 0.0243688 0.556304 0.0143369 0.195879 7.8265 2.16401 0.0938747 0.000474319 3.90819e-05 2.23532 1.11241 9.97506 
0.00153508 0.00937547 0.000386703 0.00514877 0.000207777 21.5235 0.0115672 0.00305584 0.0248599 288.069 0.00739746 8.47519 1.45557e-05 0.000266127 0.00119802 30.9801 0.352703 1.68956 
0.000681676 0.0103918 0.00380431 0.000515087 0.0042241 0.104024 0.0931068 0.0429133 0.0107062 52.7918 0.130603 0.0144814 0.0305039 0.00313928 3.3587e-05 16.5497 0.6014 9.94456 
0.00064504 0.0310432 0.000162907 0.024541 1.05663e-05 0.135443 0.000123427 8.86042e-05 0.0011052 103.451 0.0668031 0.0138983 5.03562 0.00371379 0.0403386 45.3291 0.583834 0.494472 
0.000141615 0.419705 0.245515 0.0160052 0.00424086 0.623664 0.0250064 0.335036 8.25612e-05 123.375 0.172991 1.03392 1.35539 0.00130211 0.0257389 9.27726 0.294656 3.76685 
0.127796 0.0730123 1.37114e-05 0.000768349 0.000474524 2516.36 0.536949 0.0493328 3.1856e-05 3.66414 0.00234867 4.34101 4.53487e-05 0.227204 0.167814 2.41587 0.957784 5.29527 
0.000188548 0.00470223 0.13262 1.86835e-05 0.000196321 0.0706433 0.000195462 0.000836585 0.0378302 47.6403 0.376332 6.76017 0.1203 0.0523632 0.00248322 3.56714 1.18734 4.58912 
0.000184772 0.000232677 2.24742e-05 0.00551508 0.00227615 92.14 0.686648 1.05567e-05 0.000435447 202.643 0.0966343 0.257249 0.0699402 0.0231353 0.0978553 20.1487 0.677113 0.482678 
0.00468346 0.000311071 0.175845 0.00242467 4.86125 5.4181 0.0416982 0.0350634 6.95716e-05 0.235579 0.0728882 0.17908 0.542097 0.005413 0.00282551 11.8812 1.49697 6.98376 
0.941573 0.954607 0.328919 0.000110031 2.30189e-05 95.1109 0.000145 0.0923671 1.43684e-05 18.6952 0.00260059 3.50878 0.00185717 0.000199871 0.00117704 23.5999 0.191959 7.31841 
0.0371711 1.94752 0.000510273 0.0292116 6.98803e-05 0.0636151 0.255906 0.000280279 0.000256583 17.7403 0.0066249 23.9011 0.000209677 0.00493523 0.000152289 41.1095 3.52522 4.01575 
0.067684 0.000190247 0.00484246 0.00468434 0.00236363 1.8732 0.00307687 0.00198874 0.0107977 1.40804 2.97343e-05 0.0205291 0.000127258 0.0177062 0.171807 12.3553 0.219881 8.45046 
1.63958 0.000232992 0.0137487 0.0101626 2.07641e-05 27.439 4.56937e-05 4.85609 0.000186687 5.0238 0.000232315 0.0172525 6.28568e-05 0.049083 0.55664 25.0961 0.730365 0.474611 
1.2205e-05 0.00444318 0.000782517 0.63425 0.857321 2.96519 0.509698 0.00525166 0.545933 0.506459 0.215856 0.126492 0.00141963 0.0781662 0.00144757 10.4787 3.66759 4.45391 
0.00308562 0.00235997 4.19095 0.398371 0.168722 26.801 0.10198 1.52505 4.17617e-05 0.115946 0.565253 1.76243 0.00203248 0.0590406 2.76264e-05 4.81882 0.979995 4.31408 
0.00178065 0.00792418 0.169527 4.04483 0.00349743 2721.28 0.112131 0.188226 0.000405553 1.6232 0.107777 0.143121 8.16021e-05 0.000364525 1.62811 35.3891 0.0684317 7.68514 
0.00144877 0.000547615 0.00830492 5.26e-05 0.000109786 0.213696 0.00634073 3.46618 0.00478652 34.3974 0.000186774 0.0913408 4.31696 0.000473458 2.06263e-05 49.4411 0.650145 2.79137 
0.0778493 0.000885588 1.97469e-05 0.000278327 0.0147371 23.0955 0.498515 3.38461 0.00119991 0.0761403 0.489776 5.01358 0.00138106 0.000499276 0.0015821 20.8866 0.461738 3.2679 
0.00444695 0.465629 0.0014679 2.91072 1.98576e-05 0.933346 2.19931e-05 0.0011925 0.27531 3.77831 3.0829e-05 0.0440401 1.8295 0.000727352 0.232879 23.2531 1.30734 8.97851 
0.367738 0.000107686 0.17005 0.000134096 2.18469 100.401 0.0009647 0.00992173 0.000141599 0.709491 0.000578177 17.7397 0.011926 0.0398007 0.00985918 14.7559 2.52674 1.9185 
5.04668 0.00235091 0.0642987 0.000192489 0.138371 0.0185703 1.81791e-05 0.00184949 0.144376 81.4241 4.54219 60.4702 0.00380673 0.0368556 5.66823 11.0866 2.83725 1.01422 
0.000230697 5.71188e-05 1.49684e-05 0.00040492 0.34624 121.832 0.000721925 3.57881e-05 5.67306e-05 0.589664 0.00837997 374.301 0.212557 3.65975e-05 5.75033e-05 17.4207 0.905738 2.29027 
3.82697 0.237982 2.69876 1.98397e-05 0.000437729 0.0208784 0.0369065 0.00427726 0.000320903 2.09306 0.00597453 245.886 1.3928 0.0027117 0.0005863 7.22986 0.712617 6.96149 
3.9727e-05 0.000235657 2.10614e-05 0.00314578 9.04773e-05 2379 4.82494e-05 0.000925415 0.000134929 59.6453 0.0599934 82.8072 0.000213285 0.108194 2.3504 25.3927 0.134984 7.47088 
1.75559 0.00205786 1.33306 0.08094 0.000275611 0.161026 0.000328046 0.000204418 0.0975596 3.57812 0.0806764 1.5251 0.321387 0.000258604 0.0645902 7.71759 0.985599 3.20668 
5.78222e-05 0.140306 0.00534283 9.11178 0.00395843 10.8194 0.000240278 5.61999 0.0123651 0.482906 3.91877 0.2603 0.0132876 0.0135078 7.50871e-05 21.8992 1.00593 7.48501 
0.000101229 9.89791e-05 0.00401811 1.08854 0.207088 1.22308 3.28444 0.745866 0.00583577 0.28958 0.0316197 0.0919861 0.00652266 0.261411 0.0458154 6.93758 5.38971 3.81209 
1.09458e-05 0.37412 2.44884e-05 6.80169 0.000268363 182.93 0.069078 0.000225665 0.0146611 0.0106583 0.392027 0.826966 0.000140913 0.160693 2.53149 35.781 1.3127 1.22496 
1.18109 2.18002e-05 0.114277 0.00131912 0.00684678 0.0678939 0.0213481 0.00393272 0.980224 0.0105008 5.76076e-05 0.269504 0.00877928 0.0222045 0.000164474 7.00115 0.940937 8.4702 
0.00814647 0.90767 0.176079 0.000636012 0.809112 0.167643 0.0275617 2.38122e-05 0.200386 0.257597 9.25384e-05 27.3552 0.000184106 0.104774 5.63483e-05 12.8315 3.3371 4.35369 
0.0291097 0.00199893 0.00379232 0.0335272 0.00936403 1.47784 0.0616479 0.103898 1.4915e-05 0.899936 3.00232e-05 147.825 0.000526911 0.0598693 0.000496248 5.31798 1.38541 4.28688 
3.80927e-05 0.00266006 0.00337676 0.00244099 0.030726 1.91119 0.00367874 0.000103082 0.105635 3.89243 0.124171 0.164556 1.39509e-05 0.137874 0.00387434 8.80954 4.51339 6.90446 
1.24433 0.975438 0.419582 1.83563e-05 2.4931 0.109515 0.00246897 1.20457 0.000666037 0.0233206 1.06637 0.0821218 0.0676756 0.000801394 5.6827 42.2311 0.1073 4.15827 
0.000926539 0.000635659 0.465989 0.46508 0.0303458 229.283 0.00201615 5.13783 0.200371 1.58017 0.00141321 50.0318 2.35373 0.0325587 9.95643e-05 20.7653 1.09209 1.12867 
0.146102 0.00132894 0.000404923 6.59937 0.281303 1184.35 3.04206 0.00940647 0.00111539 0.159445 0.00175674 0.0596028 0.278886 0.0150944 0.00422823 45.3611 2.48628 2.18699 
9.47046e-05 0.335555 3.88856e-05 0.00410973 0.0250094 0.0444615 0.00148837 8.43804 0.000475402 2.13284 0.234014 0.330933 0.0805983 0.52472 0.955359 6.36227 1.26067 0.403138 
0.00784461 8.60578 0.000292726 0.00480666 0.0328705 0.0932139 0.00316584 0.000174397 2.5543e-05 3.84294 0.165125 0.207502 1.59131 0.729215 0.1901 4.96989 3.57111 6.95344 
1.58929e-05 0.425343 0.0384012 0.475924 3.19459 76.3054 4.19335 3.20151 0.00648426 0.400523 4.70069e-05 2.27777 0.000324068 0.106163 6.16694e-05 2.25528 1.02162 9.65075 
2.27049e-05 6.96098e-05 0.0174252 0.851915 0.0221743 4.40446 1.11665 0.231165 0.00237911 0.336508 0.00106817 0.120531 0.00127362 0.282414 0.000110615 31.5731 8.2201 1.41537 
6.52961e-05 1.72158 0.00312799 0.219663 1.82832 1.14143 9.84994 0.00174385 0.000606515 0.0616249 0.0074075 257.666 3.07159e-05 0.845575 1.37064 2.48019 0.554007 5.42058 
0.0012234 0.0037918 0.000205959 0.00140445 0.00113546 10.8257 0.259738 4.67531 0.232416 40.0474 0.00377613 0.0459695 8.67251 0.00769738 0.0213365 19.2758 0.602731 2.23993 
0.00177767 2.15743 0.000471224 0.000324365 0.00405904 2.23964 1.43381e-05 8.48137e-05 9.27261e-05 0.392807 0.000267272 0.419776 8.15989 0.00295658 2.70149e-05 25.613 3.25989 2.31204 
7.16476 0.000502766 0.461364 0.000187485 6.69006e-05 1.4739 0.567754 2.76391 0.698728 186.284 1.70395 16.4622 0.0142044 0.00550832 0.301943 41.745 1.16477 1.50776 
0.0583121 1.71363 1.97888 5.27486e-05 1.40674 0.208732 7.25051e-05 0.00229943 0.722561 86.3137 3.22178e-05 0.0548718 0.195753 0.10905 0.0142355 15.2123 2.58521 0.860584 
0.0042457 0.000494845 0.000954778 0.000106608 1.03027 29.5582 0.00264737 5.39015 0.420858 53.5413 0.109357 206.958 0.280646 0.536831 0.0206772 2.89635 5.87441 2.38601 
0.163781 0.000155087 2.00004 8.24736 0.0447923 2131.88 0.00188876 0.00041421 0.11264 40.9157 0.872325 3.8557 0.000708985 0.15024 3.44452 14.7601 0.173559 4.85081 
1.62086e-05 1.34407e-05 0.0124636 0.0062591 0.00225518 0.551707 3.00818e-05 1.25409e-05 0.000114032 48.968 0.000100884 0.516139 0.00104801 4.36276e-05 0.00178994 48.7434 0.727191 1.35741 
6.71183e-05 0.772848 0.140163 0.492126 0.000641221 1596.47 0.000832291 0.000399461 0.14046 0.382273 0.000296589 1.36774 0.132008 0.120281 0.0044525 7.28611 2.10674 2.75123 
0.0105667 0.306138 0.970055 2.13181 1.88044 1006.07 0.913521 0.488421 0.167249 71.2727 2.75145 0.370928 3.44187e-05 0.00660568 0.093279 13.4178 0.482138 8.78676 
5.8269 0.10739 0.000264354 0.00160305 0.000682173 0.014522 0.000235244 0.00938597 0.00339417 69.7763 0.0370856 39.5014 0.031832 0.000287372 0.0767174 32.6011 0.156681 8.07976 
0.000480844 4.83831 0.0023626 0.00234813 5.61776e-05 0.231413 0.000810531 1.00716 0.000888773 0.218597 0.0557226 373.384 0.146756 0.00271785 2.14871e-05 26.8035 4.00923 0.374872 
0.39869 0.00652421 0.16345 5.28159e-05 0.00592383 0.160636 0.0856659 1.99213e-05 4.58424e-05 0.150736 8.77434 1.50627 0.000404089 1.48465e-05 0.000124911 23.2048 0.643271 4.42062 
3.44306 1.14073 0.00700622 0.00266636 0.187996 0.0823736 0.0506042 0.0357393 0.000596136 0.0400862 2.44664 2.86579 0.000375403 0.0760455 0.0407091 36.886 1.34302 0.567307 
7.14423 0.00453087 0.0109419 0.0488852 0.00877982 366.066 3.22815e-05 1.0088e-05 0.000458672 54.0909 2.0246e-05 0.156267 0.00234186 0.117769 0.000171204 10.4986 2.60486 2.11217 
0.178968 5.71358 0.000664351 0.000709784 3.80843e-05 23.5478 6.21785e-05 0.000281629 1.91485e-05 113.366 4.77982e-05 1.82368 0.101129 0.055203 1.13926 16.0245 1.5377 6.70997 
0.00554936 4.55526e-05 2.81829 0.00549055 0.0120397 2064.25 0.480002 1.76494e-05 0.191878 9.98145 0.000270635 0.932682 3.41948 0.128287 1.14764 6.07819 0.49039 1.7013 
0.717441 0.0448299 1.42157e-05 0.000122107 1.37361e-05 309.09 0.000617232 0.0283123 0.0151198 18.4477 1.20983 0.132081 0.0183608 2.05471e-05 6.26599e-05 13.3942 0.619325 5.3379 
0.0165075 0.262251 1.09775 0.000110045 0.000304056 0.224712 0.000836903 1.70876e-05 0.525609 87.2767 0.00442862 122.948 0.00212599 0.552021 1.29853 10.3517 0.661768 0.358673 
0.000479227 0.000202456 3.805 7.24168 0.00622609 14.0928 0.0003681 0.166446 0.0216738 8.68802 1.33187 0.18461 6.76063 0.000792461 5.28223 32.3783 1.06059 0.379582 
0.0180826 0.00135205 1.27302e-05 0.0519807 0.0937854 77.1765 0.190391 1.08014e-05 0.00186683 78.8023 4.50318 0.404599 0.00476044 0.000187948 0.0917176 48.7348 0.447498 7.32121 
0.0129348 0.000411753 0.000136053 9.88101e-05 0.00100701 482.217 0.0414941 0.00126792 8.16007e-05 0.0398683 0.0531838 0.0278906 5.57079e-05 0.0111524 7.70461 37.0321 0.079101 5.7828 
0.000261869 9.1178 0.0472042 0.000904186 0.00909571 0.0114782 0.000143828 0.00195832 0.000720945 0.0488841 1.36875e-05 0.21002 0.444962 0.185853 2.34085e-05 6.99086 3.41301 3.44011 
5.54945 2.69909 0.00620877 0.314523 0.00290146 1249.68 0.00021592 0.000266034 0.000703634 49.8042 0.00379963 0.725611 0.239023 0.000912361 0.000147174 24.5986 0.605147 6.40562 
4.11847 2.47765e-05 0.00104583 0.0125673 0.000191164 0.917773 8.04933 0.319313 0.00464966 0.0853351 1.27436e-05 3.41974 0.0255461 0.808968 7.25996 7.76523 0.311326 0.873116 
5.56647 0.750683 0.00208094 0.288858 0.000514222 5.75005 2.75302e-05 0.0005518 0.000124818 57.4945 0.0548725 0.0122708 0.000105176 0.0560993 0.747008 8.82508 0.350907 8.57431 
0.00040958 1.85029e-05 0.296453 0.00124625 0.000168581 2.44298 0.0402525 0.189872 1.86484e-05 0.075041 2.62132 0.414432 0.000505784 0.0284131 1.74931e-05 15.8167 2.15894 3.89442 
0.0193704 0.000873487 0.0207237 1.61567 1.01906 0.189923 0.00111876 6.49097e-05 0.0185461 0.0147919 0.00863959 486.825 0.637231 0.0048983 0.540701 39.5328 0.21172 5.62918 
2.08066e-05 7.42412 0.00253591 8.37547e-05 0.321585 0.0119371 4.91119e-05 0.00638501 0.0522907 1.42674 0.00983581 0.697534 2.54691 8.63215e-05 0.00631562 49.4265 2.11327 0.806513 
0.000200261 1.08576 0.0128073 0.00133339 6.90989e-05 229.964 2.4437 0.00210712 0.000678441 0.0124384 0.00147092 0.0272961 0.0189913 0.00554115 5.55981 40.8022 0.227486 2.55881 
0.00811703 1.11716e-05 9.58758 6.59989e-05 2.03209 0.0107815 0.0560754 0.000158043 0.000356821 9.03318 0.191497 13.4851 0.00310075 0.042161 5.52724e-05 9.20467 1.01112 1.4333 
5.91284e-05 8.26495e-05 0.00856078 0.00784925 2.45184 0.697045 0.0572633 7.33137 1.87724e-05 51.4105 1.78159e-05 0.506869 0.000371742 0.319889 0.160153 9.31141 4.9154 9.45683 
0.000548936 0.000325796 0.0899177 0.00447504 1.97126e-05 62.327 0.0668718 0.764087 0.162738 4.57594 0.251242 24.4794 0.0412415 7.79619e-05 0.91432 2.3098 0.214387 3.02867 
0.098635 1.90359 6.56593e-05 0.00158633 0.00495456 0.0539989 0.00670827 1.28295e-05 0.000940638 7.45472 0.116694 2.25199 4.17399 0.00220162 0.000248838 10.845 2.63182 5.70922 
0.00118882 0.00454941 1.55203 0.564327 0.00409752 11.4335 0.458224 0.00717716 0.00710185 0.937821 9.03374 0.175583 0.0146054 0.000259441 1.42144e-05 16.0088 1.40795 3.51186 
0.0176419 0.000452496 2.96111e-05 0.000110649 0.00101687 8.39417 1.03031 0.00010123 0.00545366 1.4059 5.68673 6.51458 0.00259211 0.0246175 0.230861 30.8819 2.87963 7.79376 
1.02294 2.53305 0.0299077 0.00139427 0.00178505 0.0528593 0.0106046 0.440351 0.144691 0.138311 0.0018148 28.8842 0.000123508 0.00399437 0.834156 5.83294 0.94996 2.12294 
1.67584 0.729842 0.000804329 0.0209344 0.379443 91.738 0.374403 0.137401 0.00955868 70.9497 0.112996 30.1628 1.1173e-05 0.0434408 0.00716479 35.3439 2.39724 3.484 
1.7951 0.0924958 0.106636 0.176634 0.000283091 1144.31 0.024838 0.00208149 0.000362884 2.4298 3.62826 0.031287 0.00170104 0.00432198 0.101008 46.8883 0.470591 3.04104 
5.42549e-05 0.462254 0.0164043 0.00143224 0.703023 3.06031 6.50275e-05 0.000477336 0.00115327 1.03633 0.00315361 0.124604 0.000873178 0.121823 1.16855e-05 19.6451 7.95441 9.94812 
0.00320607 5.01909e-05 3.78526e-05 0.00027473 1.02638e-05 0.0210668 0.0537657 0.000376001 0.0160316 2.63456 0.000730599 6.74603 0.123205 0.0128702 0.921492 39.1354 0.0971942 8.07789 
0.347046 4.36277e-05 0.114799 0.808287 0.000285499 10.3185 0.0470218 0.00427481 0.00397266 2.90845 0.0027939 0.703697 0.127299 0.103545 0.0629384 26.1089 3.03132 1.43705 
2.09235 1.27686 1.97832 1.08023 0.0233002 0.689091 2.24095 1.03335e-05 0.0190659 0.178433 5.69806 0.241037 0.100915 0.0357042 1.31708 6.44157 0.440909 1.82562 
7.91e-05 0.00422053 0.0289394 0.000128006 2.56226e-05 8.43662 0.000331903 0.817917 0.000198114 0.785264 1.07082 0.111371 0.0255614 1.25066e-05 2.11573e-05 17.8845 0.993423 9.44208 
0.00625203 0.00206856 6.69192e-05 0.479687 0.101259 0.301467 0.00010402 1.95741e-05 0.0105702 0.0694923 0.000258754 0.0675513 1.346e-05 0.000720233 0.717973 48.3148 0.0729759 2.32771 
0.00593163 0.0101336 0.0139358 0.0300396 1.7822 0.124712 0.472611 0.890157 0.000157026 4.54006 0.219888 0.0428239 0.00121926 0.0255949 3.70976e-05 12.7621 1.11224 7.31969 
0.11653 0.00378874 0.00018906 0.140511 0.377261 1.73196 1.57203 5.94933 0.00925201 457.584 0.000443388 6.45435 0.0320611 0.000258087 0.664349 43.5344 0.12418 7.78164 
2.23692e-05 4.75562e-05 1.09644 0.000430052 4.83583e-05 0.0427719 0.000380211 5.12603e-05 0.000259651 14.3505 0.000407039 0.884906 5.98502 0.593142 0.822559 40.4998 1.57373 0.249932 
0.222961 0.0812393 0.0611543 0.00474815 6.93026 331.695 0.00107372 9.64884 0.130014 0.059949 0.201518 3.61429 0.00827791 0.00033163 0.948742 21.6882 0.388721 6.19724 
0.377205 0.0738076 0.00292477 0.00531822 0.000852852 138.758 0.00397295 5.74259e-05 0.00181625 3.26049 0.26565 3.98263 3.76927 0.000749274 0.251355 2.93326 1.26164 1.97489 
0.000590094 0.000203268 0.098289 0.0194896 1.06946 522.379 0.0582498 0.000747107 0.0060162 10.3586 0.00064266 10.8321 4.97334e-05 0.148439 1.49163e-05 38.8563 3.1642 0.433786 
0.415838 0.0121432 0.053914 0.0207597 0.0821531 0.794658 7.98857 0.000307171 0.00413586 2.63657 0.00154551 21.0562 3.408e-05 0.000222213 0.416662 29.7657 0.0976027 7.76947 
0.00142697 0.198929 2.67534e-05 0.000105612 0.00010419 2.06712 0.00528382 0.630328 1.07426e-05 0.010806 0.0358185 152.774 0.0166665 0.0526638 0.436152 26.8153 1.77177 1.24742 
0.490676 0.000162238 0.000471587 0.00240238 0.000244984 1.35984 0.00136074 0.0123446 0.0128098 0.419171 0.000218099 0.150149 1.50664e-05 0.872862 2.87296 8.36463 3.14624 4.1419 
0.43016 0.000191249 0.362774 0.00108692 1.48452 0.0910436 0.109346 1.26413e-05 1.31326e-05 0.628466 0.000419165 10.241 7.79906e-05 0.0480735 0.00108146 12.1489 2.14511 6.48682 
3.09409e-05 0.0963762 0.00635563 0.000147689 0.000110137 70.83 0.00229046 0.000832017 0.0824425 1.03021 0.000133177 0.0335757 6.14011e-05 0.0597483 0.00209398 47.7285 5.92039 5.43034 
0.0315173 0.0245577 0.000267923 0.000452559 8.73216 0.0110308 0.577603 0.0545487 0.00565335 0.114739 0.0621988 0.0292572 0.00206151 0.000853573 0.24631 42.7172 0.159289 6.35804 
4.00947e-05 0.000261184 0.000643013 2.0724e-05 0.0626648 0.115301 4.44615 0.00355779 0.0825038 5.72563 0.00114828 0.0419773 0.109458 4.69181e-05 0.000142088 25.97 0.538477 7.61315 
0.101024 0.0548073 0.244285 0.000896134 0.00506535 69.9757 1.15619 0.00117678 0.00258134 3.3262 0.0337517 0.511056 1.41584 0.0284199 0.0167402 7.64836 1.68702 4.22522 
0.00549345 0.010847 6.67723e-05 0.0081927 0.00209093 0.0305093 4.88671e-05 0.646613 4.97942e-05 191.242 0.000228676 35.4624 0.000119918 0.000793314 0.00015714 32.0871 0.482163 1.5058 
0.130955 0.0541427 0.00326731 0.000190855 0.00507295 252.991 0.294466 0.000442515 0.120793 0.0140542 1.83264 0.523506 0.858856 0.0130021 1.08383 4.04089 1.39703 6.51323 
9.18828 0.000430761 0.23133 7.21213e-05 0.0114518 114.06 0.0336935 0.146197 0.164964 10.4725 0.0032513 246.126 0.063854 0.0384113 3.0884 25.779 0.489395 0.192808 
4.56239e-05 4.74824 0.0908594 0.0794174 0.076095 128.874 0.00049446 0.00154663 0.0538099 457.972 0.0107717 0.0333422 0.125313 0.0143526 0.00516577 46.0151 1.12261 3.28392 
5.23949e-05 0.00030027 0.00471314 0.262703 0.00562485 0.0432024 0.619964 0.0203075 0.000256038 0.130852 3.73431 0.171524 0.000161917 0.287881 8.47891 14.579 0.265928 1.59176 
0.000702309 0.0133595 1.61204 0.00979593 0.284161 0.84697 0.0879386 1.69723e-05 6.56222e-05 0.683719 0.00274222 5.65645 0.391316 0.0005174 0.000711157 9.85179 0.974643 6.55741 
0.270078 3.04403 3.68071 0.0449682 9.14233e-05 0.0250679 0.00130192 0.00512168 0.00385559 16.8222 0.00552008 0.318299 3.31041e-05 0.000239033 0.133147 43.1519 0.24225 9.64568 
2.23108 0.0012978 1.91279e-05 0.889947 0.000891728 6.00312 4.879 0.330893 0.000210243 0.245696 7.15081e-05 17.2252 0.573076 8.9856e-05 0.655205 40.6451 0.428485 4.39249 
0.000326557 0.00117988 2.95942e-05 0.176784 0.153397 1.03341 0.000795269 0.00346704 3.72922e-05 267.625 0.00242612 100.315 0.177758 0.0576723 0.0199782 25.747 1.82017 0.580241 
9.87958e-05 6.02931 0.0305655 0.671193 0.728606 0.0733332 0.00100259 0.000348007 1.0412e-05 0.36258 0.477818 0.350806 0.261931 0.00999689 0.152863 36.3195 5.87645 7.14832 
0.484135 0.353352 4.60945e-05 3.22895 0.134887 81.7915 0.16953 0.884736 0.000460647 385.579 0.0198445 3.84678 0.0827908 0.00968777 0.000193794 48.5545 2.78273 2.61699 
0.0110108 0.000710401 0.000287548 0.00565762 1.5721e-05 0.0932795 0.603136 3.06543e-05 0.0170713 58.4686 0.000412212 74.359 0.335463 0.0325424 0.0282197 44.0353 1.3871 0.229207 
0.0225059 0.0667046 0.000164677 5.84428 0.000977141 3.35867 0.0750114 3.61101e-05 0.00563377 0.0625061 0.048648 33.0053 0.000106204 0.179407 1.70594 22.5939 0.49756 0.186404 
0.00188181 0.00244684 0.000513982 0.000157202 1.91243 7.17687 0.11943 1.52183e-05 0.00422611 0.506453 0.000254152 0.104929 0.000156867 0.0290001 7.72541e-05 40.5626 3.79198 8.34975 
0.111777 0.000675972 0.000268616 3.13121 0.0147996 36.6243 0.000617833 5.80395 2.00592e-05 31.3208 0.0794688 0.0631152 1.16458 7.98416e-05 0.236363 23.3515 0.495613 1.36114 
0.0198229 0.684245 1.31957 0.00721384 0.011509 0.135733 0.00250015 0.000118718 0.0298411 130.396 0.000377207 0.382363 0.00649958 0.0249134 9.83188e-05 15.6663 1.2797 5.8773 
0.340877 0.0395982 0.00993968 0.000275995 0.595405 7.17813 0.0297233 0.0121172 2.3842e-05 0.033615 0.107461 191.333 1.55995e-05 0.29161 4.97389e-05 5.96017 3.61235 5.10142 
0.0286619 1.33474e-05 0.000192748 0.00319562 0.110969 0.041769 2.16324 0.031439 0.000123078 4.23337 0.00225041 1.91555 2.29902 0.00716645 0.00756183 13.5101 1.83107 4.70901 
1.95982e-05 0.0801579 0.0595978 0.00595588 0.0244323 0.0960486 0.904163 0.77142 0.000543647 0.0278762 0.0210936 0.33592 0.000198032 0.0448685 0.22663 11.6384 1.6712 7.4052 
1.44045 0.000350562 0.434251 0.0041215 0.0255969 250.679 0.000712174 0.116829 5.50599e-05 0.0325469 0.00339408 0.153588 0.0383665 0.0125641 0.000772418 33.9006 3.6489 6.69985 
2.28297e-05 0.578837 0.0701282 5.10579 0.143556 0.289055 0.000302845 0.572564 0.00771904 0.451752 0.000238167 352.036 2.00096 0.0120522 6.21516e-05 37.6261 1.98216 3.06696 
7.52375e-05 0.372401 0.00281935 0.0443243 2.03074 104.327 0.0141292 3.14889 0.0533052 0.0178011 2.52438e-05 0.0144326 0.000501734 0.52555 2.16519 3.17528 0.892772 2.1879 
0.000185956 5.81138e-05 0.0706615 0.0731874 0.00378415 0.0878548 3.3132e-05 0.000646266 0.000332443 243.547 0.000256038 347.594 2.19208 0.278428 1.57741 4.04517 0.907927 2.09985 
0.000225019 0.000346883 1.77361e-05 0.000406902 0.318019 207.573 0.129044 7.09778e-05 7.86406e-05 0.0421894 0.0144132 3.5151 9.81542 0.0256216 0.883067 4.80664 0.953286 1.21804 
0.106564 0.000583554 0.252727 0.000902616 7.60287e-05 520.553 0.456058 1.00514 0.000277022 25.853 0.0295701 42.7186 0.000108579 0.233516 0.113105 20.7828 5.4506 1.64002 
6.82377 0.184343 0.52702 6.19465 7.50093e-05 9.08344 5.21943e-05 4.34965 0.088505 0.0725887 0.000102863 40.1281 0.485894 0.0717386 3.17098 23.7897 1.3893 7.56697 
2.69524 6.60017 0.0055912 0.000271367 0.591859 1.22839 0.129322 3.47452 0.51829 0.0167346 0.000608653 5.08913 0.0110775 0.000124606 0.947939 20.9727 0.128672 7.57006 
0.203207 0.0038712 0.0203493 0.000178275 0.000651571 498.541 7.96992e-05 0.327471 0.171084 0.0211611 0.000165755 2.81164 0.0262884 0.525082 0.171675 29.8328 9.98249 2.31247 
0.00447016 0.00030235 0.0710552 4.16555 6.27167e-05 1167.02 0.333051 0.649651 0.00101227 0.0143768 0.000435959 0.188819 0.000126112 0.042914 5.40965 29.4512 0.0934963 8.21923 
0.000238994 0.00694083 0.110996 1.98949e-05 0.145549 1341.03 7.25025 1.2476e-05 1.32764e-05 2.62716 0.0021862 89.5171 1.03036 0.182673 0.44434 3.6361 0.697718 1.22103 
1.67918e-05 0.000311936 1.13619e-05 0.011278 0.000727158 0.015793 0.00397799 0.483636 4.21654e-05 10.8675 0.00312771 12.3402 0.736059 0.00403854 0.000108219 20.2146 0.718453 1.01917 
8.68907 0.00112627 0.00359927 1.43402e-05 0.00329787 2794.39 0.00215664 0.00517774 0.000202592 0.0103175 2.54196 0.0513001 0.0387002 0.951143 0.00466665 20.3128 9.38194 6.76757 
0.0804837 6.20063e-05 0.0292746 1.82624e-05 0.00552624 0.0370485 0.177119 0.0497714 0.00790842 62.1117 2.55129e-05 6.06402 0.000235677 0.15753 7.00435 23.2076 0.125323 6.39959 
0.00260501 0.00380338 0.00214926 0.0580183 7.99355e-05 0.11392 5.65665e-05 1.48697 1.64251e-05 0.944479 3.49373e-05 0.630623 0.000598097 0.041604 1.7554e-05 20.2306 2.58143 3.27258 
0.000568549 0.043009 3.76499 0.000612227 0.00470104 0.0157577 0.0005262 1.75752 0.183053 10.4343 0.00255782 131.537 0.00433626 0.0656201 0.000258109 10.8062 1.35462 2.27865 
1.98167 0.000535762 0.101925 0.000102714 0.103616 0.173424 0.0060179 0.00316757 1.08988e-05 7.24744 0.0020192 0.0937222 0.1536 0.00368233 0.0799057 38.6173 0.532156 4.69535 
0.0137872 0.000660142 1.48722 0.00400093 0.00548895 25.7966 0.588553 0.0280063 0.0718705 40.049 0.467052 38.294 9.46708e-05 0.602616 2.46929 3.76572 1.23598 5.94157 
0.386919 0.422147 0.00118804 0.000264093 8.62458e-05 255.922 0.00763515 0.260429 0.032205 203.203 0.00852587 108.735 1.09461 0.0268333 2.18365 26.9815 0.110928 5.97717 
1.59028e-05 0.0474988 0.461313 0.797879 0.000251469 0.103199 0.00335099 0.00519994 0.000457302 334.27 8.11014e-05 39.0565 0.327905 0.0193358 0.0954723 39.4801 0.684728 2.67351 
0.0390547 0.00877902 0.0318624 1.71181 8.67137e-05 2.84425 1.93936e-05 0.0130962 1.89833e-05 2.77881 0.000364747 0.131145 2.45004 0.00193936 0.0676879 5.11846 0.258565 6.27595 
1.45886e-05 0.0255406 1.68349 0.903427 0.138227 814.641 2.44942e-05 0.00198453 0.0519375 301.602 0.00104952 14.4765 0.0012635 0.014011 0.22132 11.9767 1.0118 3.55798 
0.0107688 0.000667951 1.78814e-05 0.000333235 0.00167489 1996.34 0.339959 2.36952e-05 0.87502 6.42951 0.221822 0.0144297 0.000863418 0.903149 0.13999 4.37982 3.34925 2.31767 
0.450326 2.58463 0.00264544 0.000242519 0.000132743 409.897 8.72397 0.00154525 0.00114634 0.453124 4.37672 33.3344 0.00109227 0.00182 0.0223041 13.34 2.95054 3.02784 
0.0165933 0.031676 1.39905 0.000130005 0.116255 101.832 0.012549 0.000150022 0.115037 103.048 0.674822 14.7948 0.116775 0.0693651 6.68015 44.8394 0.452775 3.25473 
0.00581911 1.07289 0.202635 7.14233e-05 0.0660631 455.074 0.0464302 0.501418 0.67445 0.0412143 0.00077295 0.202952 0.000743669 0.00483955 0.0021413 19.7562 1.60796 4.91496 
0.00637264 0.000151225 0.0115572 7.57128 1.97367e-05 0.0114418 4.28171e-05 7.18428e-05 0.247245 2.61947 2.29909e-05 218.814 0.0599394 0.00571565 0.0374568 34.9344 0.723864 0.683871 
0.00476142 0.7717 2.29017 0.296412 0.107065 8.91387 0.00527129 0.0143707 0.923985 0.943682 5.49566e-05 0.252504 3.74891e-05 0.0956713 0.00637553 12.4444 2.57158 3.30156 
0.149608 2.99672e-05 0.48628 0.000172916 0.000125131 0.149421 1.56713e-05 0.000602632 0.000569083 1.70201 3.30921e-05 9.02718 0.207446 0.00122699 0.0551292 49.573 0.755611 2.08344 
0.0161876 0.00821436 2.97232e-05 7.55504e-05 3.31377 870.655 6.77062e-05 0.246229 0.000968081 0.0940155 0.100942 68.2053 0.0660518 0.00429485 0.0204465 27.5301 2.64696 3.16292 
0.00192568 0.000138639 0.722626 1.62491e-05 0.00332581 6.06825 0.0106458 0.230988 0.000709247 0.0130304 0.0608887 22.9522 0.0157549 0.0149815 9.85426e-05 17.7538 4.41234 2.17983 
8.95347 0.000272244 0.0029885 0.000419493 0.00756638 4.54129 6.45665e-05 0.0241408 0.000222008 43.1491 0.698629 0.228737 3.34619e-05 0.0228393 0.646488 39.296 0.111118 8.81003 
0.00541631 1.69275e-05 9.53471e-05 1.54647e-05 5.35656e-05 0.0736402 0.102743 0.176966 0.0253714 155.04 0.00824971 2.47888 0.00985963 0.0319954 0.000365386 37.0691 5.71688 8.26459 
2.54286e-05 1.93235 2.85715e-05 1.51049 0.0297648 53.7554 2.29224e-05 0.000116188 0.000288616 0.600198 0.00104888 2.17876 0.00571544 0.00274813 0.0138913 38.0093 0.780115 3.59695 
0.661481 1.02348 0.00732385 0.0601781 0.0509578 2.1782 0.000158611 0.0309219 6.81123e-05 1.2715 0.000198959 0.0360044 7.30559 0.000268235 0.326077 21.0808 0.407439 5.44718 
0.0167322 2.77616e-05 1.50382 0.000539645 0.00030504 0.0914039 0.000545122 3.14373e-05 0.0794732 0.690237 6.20834e-05 29.7913 0.419092 0.00452982 0.0293252 48.9982 1.75693 3.71957 
1.54986 0.0293027 6.5339 0.123424 0.00696918 661.168 0.0342534 0.0607283 0.892623 0.528547 7.77776e-05 0.429277 1.63943 0.0536489 0.593352 17.03 0.922565 1.12653 
0.00914037 1.89506 0.00030342 1.11089 4.97033e-05 0.30351 0.000285552 0.297192 0.00230815 0.073034 0.489351 17.2472 0.000100623 0.157804 0.220407 14.648 2.59187 1.11155 
8.0589 0.0195325 0.483908 0.000220649 1.0932 0.367428 0.217981 0.00099951 0.421091 3.56425 0.00231166 26.8256 0.225427 0.0144052 1.10645 14.2917 0.403949 2.35136 
0.0951926 7.31111 0.00721705 3.68024e-05 9.58929e-05 0.296659 0.00262345 0.000109283 0.0711277 0.622956 0.0835518 44.4577 0.490319 0.000149483 9.81493 24.1485 2.05971 0.629324 
0.872383 0.0444985 0.191205 0.0143777 2.02804 0.084087 1.00225e-05 7.40961e-05 0.000120414 0.860125 0.000430043 0.438874 0.87667 0.0530822 0.571357 35.658 0.286108 4.8103 
0.000259741 0.00540087 1.77742e-05 1.27668e-05 0.000312278 1.85115 2.35245 0.000125788 0.00156206 3.9609 0.00349791 0.0166964 0.0460949 0.108125 0.218459 7.44639 1.09917 1.21583 
1.93738e-05 6.19061e-05 0.0146773 0.0241171 0.00781738 0.0807632 3.35005 1.53401 0.00938059 9.10614 0.00983954 13.3913 2.89027 7.18516e-05 0.0094686 12.9241 1.1686 6.99931 
1.12294 9.71991 0.00631995 3.08914 2.1511e-05 1.44084 1.61295 0.205292 0.00037952 0.022952 0.170912 0.478403 0.00020834 0.108695 0.125817 17.8039 1.54974 0.891472 
0.0438069 0.62858 0.0040409 0.00569365 0.0824259 0.0268853 0.121598 0.0423153 0.00438251 1.75128 0.0118523 31.1534 9.05805e-05 0.00541278 1.6295e-05 25.7876 1.09856 1.55531 
0.0145326 5.34384 0.00748588 0.68062 0.151053 0.0151679 0.00574239 6.5155e-05 0.00116764 0.0145698 1.75093 1.16709 0.152072 0.000103261 2.58224 44.2244 0.29921 7.01757 
0.000148549 0.0284531 0.00555527 0.00449921 0.000606073 1738.26 5.29352 4.79794 0.016451 0.0240359 5.50292 29.876 0.0238159 0.079324 0.0423501 9.82167 2.5199 1.43364 
0.00167387 0.425472 0.129797 0.0103975 4.92252e-05 7.06651 0.00141043 0.277718 0.327345 0.966544 0.461206 9.43801 0.154831 1.43517e-05 0.0105816 5.84355 2.27132 2.50017 
0.00926112 0.514064 3.81765 0.0261145 0.0639376 687.624 0.0122635 0.0563371 0.309192 291.427 0.0714382 84.7871 0.0198228 0.20233 0.000230842 5.47586 4.8043 3.76787 
0.000137836 2.17474 0.000922755 0.00302666 2.21743 9.32714 0.00100435 0.350431 0.000953452 41.5655 3.3009e-05 247.698 0.403935 0.218174 0.0845668 2.86033 1.63505 9.38706 
0.00427927 4.15652e-05 9.35093 0.000998793 0.000235021 66.2779 0.00141105 0.0408234 0.000117738 5.23438 0.00476412 3.2887 0.0575747 0.0443914 5.41936 47.8181 0.147418 4.65828 
0.000471934 0.00131864 0.0539619 0.00392768 2.907e-05 13.0092 0.0126028 0.572906 0.00077648 0.0454582 0.00181712 21.9666 0.00390844 0.000989599 0.000443651 35.3542 1.53095 4.03999 
0.0324665 0.00317853 1.98016 0.107242 4.51284e-05 0.325997 0.000309281 0.0296409 0.000269686 35.4259 0.00196337 0.0211406 0.017304 0.0831382 0.0451806 9.2152 1.85963 6.82752 
0.0474442 0.0536978 6.62098 0.00178785 0.361711 0.467179 0.000291561 0.0276456 0.000359382 0.873472 0.000117186 0.288752 1.21673e-05 0.000110836 0.00235571 39.3245 0.349042 3.58784 
0.0527085 0.00015203 0.00107733 1.85885e-05 2.69105 2376.77 0.0191006 2.14464 0.626072 3.78189 0.0188514 3.67407 9.13959 0.0533422 1.85598e-05 24.1174 6.04929 2.09562 
0.100848 3.36997e-05 1.47402 0.00630701 0.0102694 0.022093 0.00128353 1.48304e-05 0.00520002 5.94955 0.00153175 25.0145 8.14694e-05 0.0101809 0.345275 27.7748 0.699203 3.67745 
0.00225534 0.0108005 4.6846e-05 0.250364 0.289415 0.0544036 0.000117132 2.2868e-05 1.77878e-05 1.74915 0.00992666 40.2992 1.66165 0.04906 3.94514 41.6279 0.84921 1.27835 
1.22521e-05 0.00214003 1.79593 0.000881868 0.814697 15.6936 0.0448501 0.000275813 0.00160463 1.7501 0.121064 3.51132 0.00214309 6.73068e-05 0.104783 41.4235 3.37675 4.74959 
0.00053542 0.00225213 0.00241267 0.368347 0.000193428 12.7588 0.000326573 0.0438657 0.0300408 10.7605 0.0537683 389.174 1.21695 0.211425 0.204999 6.16595 3.43248 3.02191 
1.29502e-05 1.55362 0.849472 0.0430297 0.00331637 1603.43 3.35646 0.0756793 0.00271323 1.05157 0.0327086 8.00268 0.676349 0.156072 0.751925 41.1796 5.901 2.88013 
0.00019125 0.0156631 1.694e-05 0.000293082 0.00390574 21.8314 1.82311e-05 0.00110854 1.55102e-05 250.45 0.00340059 12.3407 0.000694976 0.00297366 0.0647343 35.949 1.02977 7.52212 
1.01529 0.139136 0.525536 0.133783 0.10839 1.89328 9.30829 0.433546 0.00340487 1.68137 0.001076 1.54519 0.00098327 0.419128 1.77627 3.59509 0.425879 5.80447 
4.30282e-05 5.85694e-05 1.39414e-05 0.251216 0.446674 19.0617 0.00244622 0.0010634 0.0209836 1.23898 0.00050013 25.445 0.0145388 0.00221931 2.29842e-05 48.2427 1.44835 2.21123 
0.00235016 1.56441 0.000319157 0.00133148 9.59595e-05 781.077 0.219282 0.0139707 2.20452e-05 116.876 0.00550168 0.857458 4.96092 0.00062134 0.145672 41.5931 0.310991 6.44001 
0.000124971 0.00437042 0.00689221 0.255071 4.12092e-05 2175.43 0.0193773 0.0798111 0.443155 10.379 7.41823 96.6854 0.000450128 0.0467055 5.75729 2.60335 0.728182 0.36882 
7.08862 1.22727e-05 0.0214416 2.40912 0.00109028 1477.23 1.50276e-05 1.30374 0.000351889 1.53957 0.258637 16.1976 4.06026e-05 0.0227751 4.06651e-05 30.0317 3.70607 1.34839 
1.04865e-05 0.424622 0.000825443 0.166471 1.02161e-05 13.66 6.07651 0.00689454 0.00743688 17.4664 0.010022 5.43587 1.99946e-05 0.00852845 4.2552 44.868 0.508131 9.08424 
3.30638 0.000107143 0.000182099 5.34369e-05 1.2826 3.35622 0.235884 0.000100732 0.165706 0.646852 0.00471988 0.0144286 0.286517 4.17785e-05 0.244995 28.4204 0.811649 4.67996 
0.123342 2.65824e-05 0.00810293 0.413683 8.0452e-05 0.0677647 0.167367 0.00121377 2.51828e-05 2.34811 0.256672 6.71064 5.22196 0.0189855 1.6158 4.09923 0.372036 5.54364 
0.000622287 0.00217631 0.000209837 0.0793499 5.05327e-05 293.501 0.101522 8.42572 0.330723 3.77724 3.01615 0.0443034 0.138046 0.00307615 0.000407008 42.8776 3.91318 5.91122 
0.897769 0.0871399 1.34441e-05 2.95736 1.32872 0.0109165 0.024365 0.253816 6.44104e-05 0.0579419 0.168483 4.34072 2.24105 0.15735 0.493091 43.3585 7.91702 2.4078 
7.25834 0.000553472 0.0150986 5.07351e-05 0.000816199 113.626 0.0160407 0.00187841 0.000242338 1.23328 3.95099e-05 0.255131 0.0318107 0.000182338 0.000757285 43.1901 1.03332 3.27761 
1.85174 0.00548001 0.251286 0.259348 9.54499e-05 92.2197 0.0016844 0.15475 0.00704428 262.275 0.0481556 67.099 2.38133e-05 0.0109046 0.000142766 19.688 1.59976 6.14323 
0.0149313 6.78027e-05 0.367938 0.000100096 0.00084661 0.269716 0.000741606 0.0301329 0.583481 0.0501176 0.00539251 0.669815 3.37547 0.0796014 0.304142 28.0229 2.39788 0.926248 
1.26948e-05 5.81256 2.34999e-05 0.160594 0.0353486 0.22108 0.000240371 0.298169 0.0270859 31.5818 1.72556 409.042 0.00117564 0.0340121 0.052945 1.18805 4.74204 3.03672 
0.624207 0.135047 0.019926 0.0001022 7.72106 0.23107 0.0121815 0.0784777 0.870202 0.689612 1.46472 0.11281 0.987238 0.000114534 1.76586 25.5783 0.868697 1.89505 
0.00860972 0.00224634 3.28453e-05 0.0308264 0.0431114 0.0823244 0.000314842 0.000195185 0.0100829 3.76537 1.5351 19.2218 4.87475e-05 0.230173 1.75151 37.8257 0.634676 2.70415 
0.00262649 0.086992 0.534026 0.1055 0.018503 2.48763 0.0854314 0.666952 1.51196e-05 2.42624 0.388927 0.0216622 0.0103339 0.190789 3.39043 10.2788 0.284907 5.35756 
4.75368 0.359985 2.06403 0.195142 4.39745e-05 21.0782 0.246137 0.0026809 0.0249306 2.65458 0.57529 0.0999462 9.59628e-05 0.494055 1.40882 31.2103 6.59408 3.94636 
0.229192 1.42326e-05 0.0101234 0.000474362 2.35768 42.8868 0.00229416 0.186877 0.160841 0.726089 0.0781599 0.0745018 0.00813975 0.0148436 0.00841435 47.4321 2.39746 1.57105 
0.00256104 0.00683756 0.24328 9.49344 0.492147 3.59532 1.0298e-05 4.11079 0.0851958 0.760939 0.00236182 0.174579 0.000436764 0.0128945 2.12057e-05 37.1424 2.56528 7.92189 
0.288112 7.5647 0.0251688 0.75766 5.33314e-05 0.324931 0.000559488 1.16354 0.0128479 0.105882 0.127883 2.82894 1.86585 5.77105e-05 2.0038 34.2375 0.774403 4.06237 
0.00147846 0.598975 2.71038 1.97944e-05 2.18001e-05 137.252 0.00932887 0.000177918 0.000219369 1.19905 0.109456 1.6355 4.07868e-05 0.268433 1.0139 5.44345 0.64703 3.7354 
0.000133284 0.0289304 1.68236e-05 0.000313889 0.000134528 0.506703 0.0436757 7.12588e-05 0.0972126 14.5455 0.098815 21.9079 0.0305666 0.000826843 0.915436 44.7918 3.71604 0.951445 
1.24526e-05 0.00317335 9.25591e-05 0.160857 0.0222716 885.446 0.248914 0.000412786 0.000856314 0.82712 1.84276e-05 0.0778555 0.00131492 0.0124037 0.259468 39.6052 0.705681 2.1541 
3.63682e-05 0.0117434 3.52905e-05 0.000624784 0.0065332 9.89109 4.05798e-05 0.0305631 0.00177654 0.0361204 0.00287283 1.69163 0.000892989 0.0941083 4.37735 41.6904 2.62771 7.81979 
0.451191 0.0308996 1.85352e-05 0.015834 0.0467858 21.0116 0.0027172 0.00147183 0.000110417 0.839346 0.000448026 0.021793 3.72375 0.00200759 0.00155614 5.03835 0.955731 8.27964 
0.0934623 0.000813707 5.71105 7.74104e-05 0.0145023 16.4113 1.30493 0.0374573 0.00965664 10.0674 1.70141e-05 470.079 0.179079 0.0418272 3.93548 19.3971 0.520397 7.95485 
3.7174 0.00794169 1.60582e-05 0.000702953 0.000189387 689.712 3.76819e-05 0.0291623 0.000429343 0.193049 0.00166215 41.9424 1.19364 0.0189655 1.62127 45.7251 2.5474 3.40247 
0.0559995 0.00175529 0.0373831 0.399621 5.52346 0.812477 0.00217506 0.00759052 0.000163175 131.257 0.02264 0.0548765 0.0130311 0.000263255 7.92735e-05 29.5559 0.635143 6.91665 
0.0712945 0.59305 0.0703317 0.000170847 0.113327 0.829273 6.77229 0.000535287 0.0410314 2.88061 0.0395727 37.6564 0.020185 0.00677591 0.460108 15.4567 5.80843 2.59544 
8.49503 0.398785 5.79271e-05 0.891363 2.37804 0.0375548 0.00509241 0.717953 0.000444867 0.923259 0.709397 0.262954 0.00309768 0.642497 1.63693 16.4082 3.06586 1.4991 
0.481597 6.01027e-05 0.00565014 0.00239569 0.00173517 438.761 2.44261 0.000537248 0.000126178 9.42715 0.265807 19.0274 0.0278012 0.00059646 7.8045e-05 26.407 0.873274 7.8218 
0.0658106 3.30603e-05 4.69018 7.20997e-05 0.0248703 1.3059 1.15153 0.000398141 0.000190894 106.266 3.12701e-05 0.0206472 0.0741661 0.0093009 0.0229162 21.7759 0.737634 1.58874 
0.00373552 6.50158 0.27606 0.0955664 0.0336609 929.961 0.00550387 0.0157164 0.00420632 0.035797 0.00287333 11.9326 2.23111e-05 0.406391 0.499705 4.90865 1.29823 0.910946 
0.00115519 0.00593841 0.00219566 0.0378739 0.0164427 10.9797 0.000723055 0.00125828 0.00107981 0.433768 0.000203483 0.028733 0.00180288 0.407276 1.37578 23.7005 1.14736 0.251448 
1.85215 0.00118473 0.000120148 0.000237599 0.00199679 4.97689 0.760388 1.86903e-05 0.0125018 0.097194 2.65406e-05 312.628 1.33609e-05 0.241342 4.11345 44.9968 0.58036 0.953952 
0.17318 3.19172 2.46382e-05 1.97484 0.0182158 0.0787211 0.209641 0.000416697 1.20419e-05 206.523 0.00762199 23.7173 0.226865 0.0830785 2.29002 36.8097 0.521531 0.651122 
4.81705 0.00921847 0.163593 0.519657 0.0076249 692.177 0.00670823 0.0012099 0.0128834 0.0144514 0.237425 11.6465 0.587222 0.000742363 7.25241 42.5834 1.43082 1.53692 
0.00357982 4.97671e-05 3.62492e-05 0.000203103 5.22144 0.742579 0.000632459 0.00242485 0.000758413 0.797229 0.000980706 1.92942 0.239734 0.241051 0.211519 18.611 6.14566 6.77482 
0.000176731 0.838724 5.80111e-05 9.31835e-05 1.97979 0.210469 2.40993 0.000230878 0.278566 5.74414 0.000252516 0.0947597 3.04344 0.175118 0.480258 22.8052 5.58463 6.87876 
1.12152e-05 0.367278 0.00135094 0.000310561 8.28328e-05 0.0135606 0.0400477 0.000117444 0.189829 19.8793 5.60102e-05 84.8504 0.00906345 0.411264 0.346893 39.7305 4.33269 0.7158 
0.000236656 1.94866e-05 0.000325474 2.51667e-05 0.000149636 327.394 0.00032281 0.143865 0.00906008 343.674 2.59088 95.6355 1.95046e-05 0.0436422 0.506731 33.5634 2.53696 1.53858 
0.00151178 0.00311955 0.020949 0.0618549 0.094949 52.161 2.68373e-05 5.35597 0.000141517 4.90339 0.347786 0.19594 0.00445164 0.113859 0.349516 37.5244 1.71834 0.472954 
0.000377404 0.0069822 0.000436088 0.0391101 0.00028817 51.7874 0.433041 0.0566925 0.072519 0.643019 6.59556 111.271 1.08826 8.75288e-05 9.8483 4.17447 0.699322 9.76157 
2.49062e-05 0.55703 1.58266 0.256032 0.0140144 0.284341 3.82912 7.19779e-05 0.00125799 0.432386 0.376627 342.728 0.432889 5.7129e-05 1.27664 33.7573 0.308014 4.1158 
0.00478733 1.00649 0.000165591 3.52839 0.0500188 713.438 5.41014e-05 1.40012e-05 0.0168726 2.30069 0.0602192 0.0322622 2.39788e-05 0.905381 0.724293 7.14705 2.22954 1.26167 
9.52397e-05 1.04895 0.000129671 0.742328 0.00757723 0.642829 0.00035031 0.17717 0.0849497 169.143 0.240172 0.91083 0.00175375 0.112003 2.85369 34.2436 0.252986 4.79081 
0.00684307 0.0371024 0.00671567 1.42675 2.07105e-05 0.558759 0.000102893 1.47917e-05 0.000489497 1.58336 0.161591 16.4872 0.00013845 0.277897 0.726673 43.8456 1.38099 0.2357 
3.47381e-05 0.226916 0.0878086 0.00578681 0.0144192 80.312 4.01316e-05 0.113253 0.0652539 16.687 7.53846 303.127 0.0441743 0.137089 2.28047 3.66124 2.14379 0.607637 
2.14837 3.46778 0.00867253 0.9907 0.98952 0.219203 0.00307672 4.56717e-05 0.0357468 0.51573 0.0128751 0.433767 0.0721951 0.0170592 0.117649 44.0102 3.45885 7.70708 
4.02153e-05 5.46971e-05 0.00030111 2.97922 8.39446e-05 9.13444 0.999539 0.21096 0.436288 1.13886 0.306382 0.352608 4.70962 0.000941747 0.722381 19.6418 7.27426 4.49087 
0.00168764 0.00106326 0.174699 1.06045 1.62239e-05 150.939 0.0251163 3.33994 4.47291e-05 0.676248 9.99269 1.89116 5.64262 0.00318955 4.36431 2.8661 1.02894 1.81483 
3.17425e-05 0.052031 0.581909 0.0249488 5.25586e-05 32.2042 0.250451 2.58968 0.0041365 16.2071 0.313214 0.448212 0.93679 0.00107908 0.0518549 37.4298 4.18596 8.68412 
0.00585861 0.0280625 0.00179089 0.575648 0.00665743 0.148015 0.657574 3.0955e-05 5.53765e-05 4.7057 0.183884 0.169706 0.00391572 0.178864 1.15927 34.6562 0.964981 0.328842 
0.000887573 0.0378643 6.21849e-05 1.08725 0.00050502 241.827 0.017076 0.356209 0.00252594 0.084847 0.0887759 50.9246 0.0112291 0.000578898 2.46127 10.5184 0.252328 6.7264 
0.924481 0.184023 0.00355714 0.0248442 2.97918e-05 0.272279 0.0240043 4.81187 0.000220401 1.068 0.886818 0.0425223 7.28916 0.305087 7.64962 10.8889 0.767784 1.19534 
0.000149573 0.0128427 0.146384 0.0212557 0.0146265 0.291604 0.0660864 8.35443 0.0160713 33.9201 0.318415 422.129 5.27606e-05 0.000250584 3.69466 9.86728 0.804006 0.819461 
0.00103503 4.41856e-05 0.000892677 0.420229 0.0962799 395.827 8.24868e-05 0.00119224 0.379307 2.52102 0.00279565 0.0389946 0.000951467 0.0442164 1.10696 17.89 0.339033 8.25032 
0.000911349 0.32456 0.0367396 0.00146746 0.000259018 0.253479 1.63651 3.34122 0.00364711 0.258286 0.313851 431.076 0.00904846 0.000686396 6.86193 6.31265 0.608126 1.32097 
3.64637e-05 0.000151649 0.000137117 0.00332981 6.68155e-05 43.2358 0.00244959 0.0890714 0.0119858 0.677027 0.307603 4.03883 0.00833562 0.0628612 6.19331 45.9059 0.730918 4.14319 
0.20448 4.33079e-05 0.00543609 8.13226e-05 2.47307e-05 38.3002 0.158931 0.0046782 6.20997e-05 0.395829 1.5605e-05 0.0446955 4.73555 0.168429 1.92946 23.61 2.30386 4.45314 
0.042356 0.772531 2.40163 0.00628387 0.00292678 2705.83 0.835621 0.617452 0.0104793 72.0977 0.509983 33.9372 0.0051941 0.000149918 0.00183654 13.4129 2.77868 4.00548 
0.000344059 2.4472e-05 3.71934e-05 0.000120121 0.00014776 375.772 0.00290404 3.36419e-05 0.00428695 29.5782 5.18347 45.6986 0.149593 0.0134918 0.782929 35.3992 0.394559 5.71268 
3.50538e-05 3.16092 4.35788e-05 0.731231 4.15777 860.66 8.15317 7.15335e-05 0.87653 31.5242 0.0375905 24.5499 0.000996706 0.155038 8.98486 23.2588 1.02855 1.48219 
0.162391 1.41242 0.002898 4.08373 0.02027 0.270615 0.308553 4.85778e-05 2.06759e-05 281.677 0.31562 0.266906 0.00238184 0.206463 3.3174 37.7378 0.615079 1.7215 
0.00640238 0.395761 0.0002652 0.499127 0.000235475 49.7848 0.0564002 0.923527 0.0531065 22.4654 0.265204 0.0176746 1.88844 0.391139 0.981906 28.9596 1.69455 0.274428 
2.40309e-05 0.203996 0.0779753 0.88591 0.408894 0.960867 0.228633 0.00992301 0.00107642 0.0121258 0.465984 1.51264 4.25631e-05 0.141201 0.279627 29.2699 2.49399 3.13747 
0.0371176 2.04907e-05 0.00611027 0.000206028 1.59981e-05 0.508767 1.53201e-05 0.0144406 0.00527947 23.6693 3.18875 0.110723 2.60067e-05 0.718756 0.997171 12.092 3.13715 2.06537 
0.0686389 0.000222461 0.841004 0.000145622 0.00653615 99.6654 0.00458666 0.0379331 9.89898e-05 0.0660404 0.53511 1.62379 0.273931 2.57408e-05 0.515645 30.9893 2.16943 2.30686 
0.0148729 0.00148063 0.107453 2.38301e-05 7.60202 27.7011 2.83762e-05 0.0201035 0.0156865 1.95056 0.00120563 0.146865 0.194634 0.0328909 0.177663 36.6363 0.37529 8.67706 
0.0495386 0.00581736 4.37365e-05 1.47975e-05 1.69086e-05 0.305338 0.000186083 0.000959381 0.00983563 481.519 0.16313 1.22656 0.668898 0.0690418 0.783411 24.1082 2.25044 6.11491 
1.53776 2.39939e-05 8.28606e-05 0.000106258 6.85076e-05 1692.29 0.119692 0.000547775 8.09724e-05 84.1538 0.0386566 0.285459 0.0261764 0.900413 6.35246 14.3559 1.76947 5.58506 
0.149652 0.000628003 0.0845783 0.76214 0.230554 16.4929 6.78278 0.000481201 0.0158704 0.0975386 2.95278 3.85541 0.179388 0.110616 5.03879 43.2068 0.980255 6.59388 
0.399938 0.577583 0.00025607 0.000149391 1.74068 0.111667 0.656624 0.00370877 0.000231104 0.021707 0.0436972 20.7377 0.00691021 0.00686554 0.513033 33.114 0.492935 9.5046 
0.00237129 2.6701 0.0327391 2.04144 2.35707 0.72329 0.0843288 0.0178261 0.000574986 0.575563 0.296817 0.313144 0.231722 0.00197608 2.57949 31.6394 0.423851 5.96727 
0.00608967 3.72686 0.0371675 8.99943e-05 0.0046412 617.684 0.319261 0.845666 0.0023435 3.71688 0.00142394 4.71909 0.000999909 0.116486 0.544257 18.1732 1.14651 5.07179 
0.0688495 0.0231658 2.8966e-05 0.000406316 1.20455 39.104 0.202097 2.27673e-05 0.0589969 231.365 0.165278 12.5331 0.00409885 0.116207 2.15103 48.2612 0.319232 7.36842 
0.001115 1.43566 2.69039 1.1841e-05 8.95398e-05 0.0369702 0.000130364 0.000492494 0.114082 2.07082 0.00613784 0.121189 0.00480872 0.0354329 1.17206 49.38 0.286567 6.58709 
0.172468 0.156656 0.00328774 0.0775133 0.0015532 430.579 0.00581866 0.0105434 0.000303425 11.6424 0.00250026 113.126 3.05119 0.677965 4.94294 21.3091 1.49604 1.51656 
0.921708 0.864674 2.39557 8.15803e-05 0.00354193 1.70112 0.154647 3.89185 0.00103209 0.0194327 1.28504e-05 0.477616 7.33493e-05 0.218573 1.28435 44.3092 1.36241 2.10244 
2.48504e-05 0.0714492 0.0200091 2.7207e-05 0.0277851 0.835926 0.0155637 0.000958579 0.00272419 16.1953 0.00583385 46.5066 3.63589 0.000130786 1.06833 40.205 0.978405 6.267 
8.09784e-05 1.44324 0.000337388 5.35556 2.15118 309.336 0.60202 2.58779 0.000157369 0.272936 1.35554 0.506277 0.000657096 0.116103 0.428333 39.7852 3.26466 6.946 
2.32691e-05 3.37339 0.00423183 1.74387 1.94579 0.743501 0.00589416 0.0545322 0.0323966 0.259529 1.34893e-05 7.46493 0.00046916 0.868854 3.81594 33.9893 2.43671 1.06205 
0.00199968 0.934197 0.0441471 6.52084e-05 5.30082e-05 1798.18 2.08013 0.124964 0.00343423 0.512195 0.0191808 0.629577 6.26621 3.88796e-05 2.66785 48.9883 1.36941 1.35406 
0.32278 0.00196037 0.0666725 3.47469 0.311597 0.673392 2.91265 0.00236778 0.00262093 5.74077 8.7053 3.52899 0.173466 0.00232264 3.9255 41.8553 0.394013 8.83749 
0.000408333 7.078 1.11235 0.014789 2.53313e-05 0.0989415 0.805931 0.0284225 0.0048638 16.2229 0.134737 437.152 0.59343 0.00223151 5.38934 9.83016 1.35404 1.4252 
0.0711428 0.0365829 0.000199263 0.349425 0.162728 305.285 1.74671 0.00707133 0.197446 191.143 0.0906072 92.6028 0.238416 0.0768791 2.81517 34.3127 5.40617 5.66713 
0.0188021 0.012332 0.344863 0.000469424 0.0142203 2283.05 0.000980868 0.0298379 0.0123646 0.0329673 0.129419 50.3139 0.619616 0.000317016 3.63983 11.4261 0.514488 8.5048 
6.66663 0.30361 1.42912e-05 2.87712 0.0330924 27.7212 0.00228648 0.880549 5.93882e-05 0.52159 1.28314 0.062927 0.85541 0.000190862 1.83929 33.7839 1.07064 4.80849 
0.000209079 0.00138371 0.0367816 2.88555e-05 0.69387 2804.82 0.000727089 0.00188743 0.117667 6.27242 0.0637033 0.0513028 0.924753 0.206612 0.997 16.0466 1.43757 8.59207 
7.42431e-05 0.00164511 0.686746 0.000151915 0.536615 18.5784 0.000321641 0.193865 0.559919 241.236 0.846687 326.171 0.000607572 0.347349 8.46799 21.1185 1.73287 3.67501 
0.000150549 0.00101736 0.0505426 2.48948e-05 2.22753 1.31937 0.0806882 0.0305022 0.0169474 0.0628726 0.000387233 108.308 0.0105013 0.044997 0.31945 40.9038 1.29268 6.56406 
0.00422059 0.000678691 0.977067 0.00260807 0.00033097 44.9759 0.112888 0.00515508 9.13426e-05 0.253676 0.0242132 0.507291 1.88262 0.0234931 1.19532 24.3878 2.18213 5.84956 
0.102709 0.00125984 2.46464 6.83897e-05 1.8418 6.87138 0.00159709 0.0031819 6.99835e-05 0.820956 0.00969587 7.36662 0.000186054 0.134032 2.49025 28.5401 0.916577 4.46746 
0.00346037 0.00327553 3.97204e-05 0.00181771 0.0020997 1.96381 5.93344e-05 0.0404831 0.135488 14.0413 1.23296 22.9167 0.00282543 0.0975778 1.7529 23.3716 3.8334 7.70445 
0.695492 3.04565 0.000338187 1.92962e-05 0.0291792 103.342 0.000299453 2.11598 0.73152 11.0887 0.455564 321.448 1.90843e-05 0.0425576 0.437322 28.3705 1.86936 4.03896 
