-2491.898578
-2491.757066
-2487.936054
-2487.385744
-2484.679173
-2478.642908
-2478.272787
-2475.483653
-2463.452532
-2462.612032
-2461.811645
-2458.1862
-2448.797775
-2422.555896
-2418.884464
-2415.937943
-2409.466183
-2396.450513
-2391.195043
-2390.140379
-2388.337735
-2373.702625
-2368.788467
-2355.560377
-2349.107932
-2344.555114
-2343.886016
-2342.600586
-2340.218734
-2336.480869
-2326.704635
-2318.131087
-2312.986571
-2306.514574
-2303.157822
-2298.210683
-2296.938543
-2292.204734
-2290.724215
-2283.542272
-2282.253642
-2274.232331
-2271.535665
-2269.393449
-2268.615081
-2240.86757
-2230.54464
-2216.494115
-2204.794209
-2200.770095
-2196.885967
-2181.335939
-2168.131274
-2157.744318
-2151.976261
-2150.204613
-2145.482033
-2143.880523
-2132.16016
-2126.717563
-2125.370577
-2122.799943
-2122.772084
-2116.935133
-2106.206677
-2105.097523
-2104.727955
-2097.522723
-2097.190958
-2096.716098
-2092.001693
-2091.253359
-2090.877599
-2089.84903
-2088.323053
-2086.831657
-2084.342868
-2068.064708
-2043.965094
-2042.434802
-2042.12782
-2040.629119
-2031.823735
-2016.12918
-2012.191336
-2005.301661
-1996.298118
-1974.072132
-1972.450506
-1972.329008
-1967.913328
-1966.893559
-1960.378516
-1958.088218
-1954.35
-1953.138653
-1949.473231
-1943.146514
-1937.413967
-1935.622658
-1930.013483
-1929.84262
-1925.706507
-1923.004527
-1920.588028
-1914.507674
-1912.794295
-1911.905138
-1911.703789
-1909.351893
-1890.254909
-1888.800718
-1874.735057
-1864.543655
-1862.558177
-1860.898346
-1860.735193
-1859.312249
-1858.981251
-1858.214226
-1856.500802
-1851.57355
-1849.127662
-1839.166772
-1835.312837
-1833.089669
-1830.587847
-1830.155376
-1830.123944
-1825.105918
-1824.248425
-1819.155599
-1817.686188
-1808.87484
-1807.532889
-1802.543656
-1798.793763
-1796.204684
-1795.483298
-1785.745215
-1781.46452
-1779.096326
-1770.203901
-1766.074114
-1764.173534
-1761.498868
-1757.07018
-1749.397963
-1746.613971
-1745.786628
-1717.849105
-1717.379419
-1713.730197
-1712.944704
-1702.832777
-1698.330695
-1693.994831
-1691.555828
-1677.889783
-1672.813393
-1671.645525
-1669.05129
-1661.956628
-1661.235643
-1657.593996
-1657.130581
-1654.676642
-1650.650414
-1649.259968
-1648.871189
-1647.335117
-1640.269696
-1635.954918
-1630.183167
-1627.756499
-1611.581069
-1609.679422
-1595.967539
-1593.764222
-1592.389561
-1592.154845
-1580.614884
-1576.954807
-1573.156711
-1541.864139
-1538.46631
-1535.250253
-1526.144037
-1525.385195
-1525.003386
-1513.206997
-1512.644405
-1512.04073
-1505.743642
-1502.935732
-1498.993218
-1498.962344
-1498.790607
-1495.767612
-1492.934308
-1492.695659
-1492.531568
-1483.189303
-1482.216366
-1475.649027
-1466.371521
-1462.660843
-1461.322379
-1455.975082
-1454.430661
-1449.042197
-1432.509624
-1432.495435
-1432.116871
-1406.967833
-1404.84724
-1397.361461
-1394.570491
-1386.738327
-1385.43767
-1384.052662
-1379.831573
-1375.130097
-1368.292628
-1345.652441
-1345.213087
-1341.486792
-1340.804125
-1335.137148
-1325.615677
-1305.598098
-1301.230861
-1299.45029
-1284.552944
-1277.690881
-1267.46316
-1266.812454
-1260.911102
-1254.040039
-1251.468467
-1248.364144
-1238.616658
-1237.768768
-1237.299718
-1232.018087
-1230.20562
-1229.343465
-1229.099656
-1226.565226
-1211.270775
-1204.120756
-1200.307472
-1196.878141
-1190.950358
-1188.340199
-1177.464549
-1174.634053
-1167.130754
-1161.406186
-1156.364181
-1155.17271
-1152.54203
-1152.173597
-1135.118585
-1134.585249
-1126.403377
-1126.231582
-1124.690247
-1124.272754
-1119.209164
-1115.342678
-1114.944913
-1114.87358
-1110.463825
-1094.077391
-1082.012196
-1081.938509
-1074.742486
-1073.9228
-1072.932565
-1069.197325
-1066.221947
-1041.65002
-1040.4773
-1039.65889
-1036.353445
-1024.708804
-1018.461007
-1005.161134
-1004.070662
-997.7513726
-987.7339609
-985.4677112
-977.9670496
-976.6594011
-975.1954921
-974.7448391
-972.3105403
-963.8954884
-958.6928903
-940.4921013
-916.781816
-913.3974413
-909.6532296
-905.1214131
-903.7116276
-902.6998965
-895.4877114
-893.0454621
-892.8433614
-889.1282401
-884.8789873
-879.7628898
-877.9134194
-870.2695398
-868.2157548
-868.0572313
-865.2368888
-858.0113434
-856.7233457
-852.7680087
-824.230375
-815.798671
-815.5811872
-814.2327993
-809.9202049
-804.698262
-804.4485221
-803.2699684
-796.9776132
-787.1358026
-779.5239514
-776.6011689
-768.0493976
-762.9209686
-759.3661941
-758.0270488
-756.4366025
-728.2185485
-723.9107038
-717.0573737
-700.7252671
-695.5116688
-694.1743941
-685.1880831
-684.097155
-681.5861877
-666.828063
-662.1357018
-650.8876948
-650.7240241
-646.687371
-645.8068702
-637.9659524
-633.9537556
-631.5925511
-627.2317309
-627.1922693
-622.7076539
-616.2784301
-614.4623825
-614.130358
-612.490171
-606.7530018
-596.2764091
-592.4358505
-588.8897416
-580.0979905
-552.4951486
-538.2282611
-534.2881188
-531.7381354
-531.4023178
-530.2883528
-528.6745369
-528.5767082
-526.2706576
-525.7507452
-522.5461972
-518.7939849
-517.2937692
-504.2829061
-501.0928232
-495.676599
-491.2604357
-485.3876564
-476.0761715
-474.4379681
-469.6711876
-467.2879458
-462.9021723
-462.768001
-461.5965069
-461.5916249
-461.2176233
-453.2665018
-443.0291117
-441.3393612
-421.8334537
-418.1858345
-416.4261226
-410.8110368
-405.7694359
-405.030914
-404.2913127
-392.1688185
-388.2966952
-385.9978526
-369.8051242
-362.1683435
-353.4947651
-350.2698524
-339.5550671
-335.22391
-334.4526259
-332.738655
-330.2308331
-326.8276972
-318.9235561
-310.603018
-308.4366526
-307.8236206
-304.8592957
-304.2580067
-301.2501841
-300.5227134
-287.8869106
-287.8424061
-286.0672219
-285.3749499
-282.3944044
-282.100626
-278.4366649
-277.5875857
-271.4306018
-268.2463876
-265.7168891
-264.3020457
-259.5407692
-257.943144
-254.911178
-254.5775049
-246.0544625
-240.0621006
-239.5218342
-239.0042034
-238.0387688
-235.2285403
-230.3388633
-229.7652258
-228.8823144
-226.9562029
-226.0801679
-225.4915349
-224.5047887
-224.1466433
-222.5179038
-219.7214401
-219.5575345
-218.8478338
-218.547357
-216.581305
-210.8195033
-209.5317616
-209.4327856
-207.7923915
-206.9235543
-205.6463351
-202.9423144
-202.0528082
-201.5985024
-200.6035938
-199.6541316
-199.605693
-198.6629902
-197.5407247
-197.002739
-196.7332942
-195.8468673
-195.1949659
-195.0417268
-193.6657026
-193.3917869
-192.7123564
-192.2766006
-189.4232654
-188.9353123
-188.7133177
-188.1161681
-186.871128
-186.1067629
-185.7986529
-184.7634794
-183.7323433
-182.9428357
-181.4227046
-178.7030621
-176.9339954
-173.6799938
-172.1586228
