-170.3045797
-170.3022276
-170.2976412
-170.297546
-170.2963667
-170.2941856
-170.2894372
-170.2835521
-170.2745514
-170.272046
-170.2714991
-170.2702614
-170.2585658
-170.2580505
-170.2560483
-170.2468162
-170.2404955
-170.2287123
-170.2262422
-170.2237731
-170.2174697
-170.2128376
-170.2116162
-170.2054704
-170.2009702
-170.1905548
-170.1866492
-170.183324
-170.1832216
-170.1738371
-170.1650626
-170.1588915
-170.1579772
-170.1562677
-170.1428379
-170.1428156
-170.1385136
-170.1343542
-170.1312841
-170.1285933
-170.1257144
-170.1250135
-170.1245603
-170.1208796
-170.1110628
-170.1110415
-170.1096103
-170.101877
-170.101036
-170.0790172
-170.0753262
-170.0634563
-170.052904
-170.0500691
-170.0490972
-170.0391848
-170.0365264
-170.0332866
-170.0254143
-170.0231342
-170.0203226
-170.0178229
-170.0173553
-170.0130288
-169.9999627
-169.9978523
-169.996635
-169.9841463
-169.9765857
-169.9744845
-169.9735692
-169.9692439
-169.9689362
-169.9622714
-169.9620255
-169.9565102
-169.954542
-169.9528039
-169.9496855
-169.9478289
-169.9453213
-169.9452144
-169.9451079
-169.9385569
-169.9374457
-169.9281185
-169.9265015
-169.925981
-169.9225302
-169.9206937
-169.9185056
-169.91358
-169.9113078
-169.9058896
-169.9038049
-169.9023705
-169.8989681
-169.8980195
-169.8969544
-169.8867157
-169.8856725
-169.8853653
-169.8851192
-169.8850321
-169.884685
-169.8788501
-169.8782224
-169.876404
-169.8733585
-169.8581873
-169.8524322
-169.8518278
-169.8498532
-169.8372727
-169.8350701
-169.8324105
-169.829954
-169.8271603
-169.8249189
-169.8154323
-169.8148202
-169.8138579
-169.8089578
-169.8032833
-169.8029671
-169.7963108
-169.7944558
-169.7819776
-169.7740864
-169.7715897
-169.768483
-169.7621276
-169.7597274
-169.7492508
-169.7471872
-169.7353732
-169.7346993
-169.7344548
-169.7341305
-169.7332284
-169.7308171
-169.7201347
-169.7200759
-169.7180369
-169.7178367
-169.7112251
-169.7052213
-169.7021942
-169.7006606
-169.6988731
-169.6963983
-169.6926002
-169.6901437
-169.6859736
-169.6852256
-169.6811108
-169.6706437
-169.6670089
-169.6466393
-169.6429338
-169.6347757
-169.6305915
-169.6297437
-169.6240068
-169.6190263
-169.6162015
-169.605789
-169.5978703
-169.5968386
-169.5898403
-169.5834685
-169.5822561
-169.5777514
-169.5773301
-169.5744815
-169.5603601
-169.5565346
-169.5550916
-169.5544679
-169.5531671
-169.5466107
-169.532867
-169.5312442
-169.5240468
-169.5227266
-169.5224898
-169.5145462
-169.5116959
-169.5112052
-169.4979465
-169.4975264
-169.4966129
-169.4940921
-169.4890979
-169.4675433
-169.4657141
-169.4615659
-169.4519313
-169.4460911
-169.4167609
-169.412313
-169.4040583
-169.4029169
-169.402726
-169.401985
-169.3972797
-169.3865204
-169.3763417
-169.3758342
-169.3692593
-169.3592789
-169.3553796
-169.3543997
-169.3492857
-169.347429
-169.3448462
-169.33337
-169.3317917
-169.3303279
-169.3297862
-169.3223965
-169.3208356
-169.320613
-169.32031
-169.3159543
-169.315054
-169.3131026
-169.306026
-169.3031288
-169.2997851
-169.2975979
-169.2957857
-169.2945339
-169.2897663
-169.276282
-169.274297
-169.2666232
-169.2439863
-169.2382433
-169.235132
-169.2249047
-169.2154072
-169.2114212
-169.1817484
-169.1794599
-169.1768837
-169.1610525
-169.1580114
-169.1524758
-169.1284201
-169.1144368
-169.1065514
-169.0951555
-169.0887171
-169.0842474
-169.0835173
-169.0768743
-169.0732458
-169.0532847
-169.0472989
-169.0441134
-169.0343668
-169.0325992
-169.0324516
-169.0287554
-169.0278257
-169.0092586
-169.0077912
-169.0028455
-168.9966992
-168.9956111
-168.9868733
-168.9844046
-168.9711673
-168.9638154
-168.9610861
-168.9580301
-168.9503434
-168.9488515
-168.9407177
-168.934285
-168.933601
-168.9316745
-168.927366
-168.9247396
-168.919524
-168.9168327
-168.9153336
-168.9146521
-168.9072881
-168.9004488
-168.8966527
-168.8949721
-168.8920125
-168.8798251
-168.8797301
-168.8792367
-168.8779572
-168.859733
-168.8597299
-168.8549656
-168.8367647
-168.8356509
-168.8330908
-168.8327736
-168.8207183
-168.8013222
-168.8011801
-168.7906911
-168.7768157
-168.7738414
-168.7697618
-168.748687
-168.7479121
-168.7451268
-168.7400369
-168.7312598
-168.7289414
-168.7288427
-168.724944
-168.7187096
-168.7186587
-168.7153039
-168.7010601
-168.6986737
-168.6981667
-168.6926098
-168.6904848
-168.6889688
-168.6654481
-168.6584886
-168.6460344
-168.6415585
-168.634316
-168.6320664
-168.625325
-168.6042378
-168.6040329
-168.5945878
-168.5890791
-168.5782941
-168.5655834
-168.5589893
-168.5527112
-168.551162
-168.5508292
-168.5292465
-168.5088164
-168.5067381
-168.5020509
-168.4678047
-168.4578814
-168.4492244
-168.4455301
-168.4413335
-168.4360877
-168.4333718
-168.4138131
-168.4011645
-168.4001441
-168.381997
-168.3740826
-168.3731311
-168.3714183
-168.3654676
-168.3619271
-168.3606805
-168.3413904
-168.3320959
-168.3294833
-168.3247786
-168.3229137
-168.3076217
-168.2982032
-168.2970108
-168.2413909
-168.2410663
-168.2376427
-168.2376323
-168.2324469
-168.2197034
-168.2082749
-168.1775827
-168.1531952
-168.1486789
-168.1335283
-168.1076175
-168.0990182
-168.0974347
-168.0590758
-168.0526267
-168.0471881
-168.032697
-168.0233926
-168.0187211
-168.0137364
-167.9708426
-167.9591668
-167.9434339
-167.9396343
-167.9217449
-167.9061984
-167.9053066
-167.8933598
-167.8865316
-167.8786502
-167.8576816
-167.8208288
-167.7697712
-167.7436966
-167.7353397
-167.6597544
-167.6417219
-167.6391523
-167.6343295
-167.6304491
-167.6047068
-167.597445
-167.5953661
-167.5612446
-167.5560457
-167.5373732
-167.5340593
-167.532574
-167.5258144
-167.5001804
-167.4925532
-167.4788051
-167.4633585
-167.4540732
-167.400084
-167.3666898
-167.3332144
-167.323367
-167.3119415
-167.2881358
-167.2772397
-167.2645329
-167.2568727
-167.2116037
-167.2078998
-167.2041447
-167.1915041
-167.1130409
-167.0993941
-167.093883
-167.0790373
-167.0721775
-166.9958061
-166.9937298
-166.9655749
-166.9576878
-166.8716499
-166.8527564
-166.8313654
-166.8305998
-166.8286265
-166.8262386
-166.8239571
-166.8060985
-166.7604122
-166.7541061
-166.7515847
-166.7465893
-166.7271708
-166.7232802
-166.7028202
-166.6679883
-166.6338844
-166.6160326
-166.6031889
-166.5200965
-166.5136826
-166.4943788
-166.4498621
-166.4338362
-166.4335488
-166.4165213
-166.3999421
-166.394133
-166.3359005
-166.2911238
-166.2761942
-166.2134714
-166.1764066
-166.1631235
-166.0955797
-166.0370391
-165.9339822
-165.7922084
-165.7685471
-165.6007327
-165.4252454
-165.3133585
-165.2675264
-165.0192268
-164.8700411
-164.6547261
-163.9212478
-163.5035904
