-17869.98203
-17867.48377
-17863.07156
-17843.34319
-17825.20984
-17825.0333
-17816.99189
-17813.04752
-17798.15585
-17788.29116
-17750.56768
-17748.80209
-17715.75365
-17707.21572
-17703.92368
-17671.05949
-17662.67676
-17642.10713
-17641.71153
-17629.01054
-17595.25454
-17582.86341
-17575.73635
-17569.97367
-17535.78039
-17517.70768
-17514.82228
-17512.84698
-17487.66059
-17484.73858
-17459.24136
-17453.60501
-17446.20301
-17406.19836
-17397.55959
-17393.27417
-17380.63417
-17361.62071
-17343.84864
-17343.11585
-17337.90822
-17331.69495
-17290.20697
-17262.3467
-17245.2924
-17232.56891
-17230.54023
-17220.56512
-17195.80592
-17190.98121
-17178.61015
-17139.32878
-17114.06165
-17102.69005
-17102.23157
-17096.6639
-17090.89461
-17032.38846
-17030.04822
-16958.8754
-16943.00782
-16933.62469
-16916.60507
-16907.34614
-16892.66605
-16877.76025
-16875.02649
-16871.8956
-16870.44001
-16867.13109
-16820.54688
-16813.24967
-16785.00566
-16771.68931
-16745.13989
-16712.17075
-16709.1819
-16655.61367
-16638.97082
-16624.04773
-16622.88162
-16620.65445
-16599.50805
-16591.23447
-16588.34129
-16582.49456
-16568.18297
-16564.53357
-16554.25195
-16532.888
-16513.26181
-16511.59883
-16500.38978
-16489.21306
-16482.63229
-16464.55394
-16456.50022
-16445.3543
-16437.47907
-16416.0289
-16408.0925
-16356.11171
-16309.75594
-16309.1978
-16308.81259
-16292.73519
-16288.45073
-16286.28658
-16281.59009
-16256.76859
-16210.92173
-16185.19987
-16122.27778
-16096.37536
-16051.40966
-16043.93476
-16036.77676
-16002.20857
-16001.57731
-15997.92266
-15987.00985
-15953.22605
-15938.82675
-15916.33024
-15914.47674
-15875.13746
-15848.18487
-15847.68117
-15840.31122
-15834.16908
-15827.60309
-15826.56464
-15819.77399
-15809.19935
-15769.91157
-15758.66907
-15756.51003
-15755.65007
-15754.8866
-15747.03134
-15731.35643
-15709.59311
-15658.01781
-15636.32951
-15636.07993
-15618.09491
-15612.34557
-15601.9533
-15532.75869
-15511.79144
-15485.48148
-15484.08304
-15417.13589
-15399.75943
-15387.77032
-15379.99306
-15351.35529
-15351.16492
-15349.32718
-15335.84872
-15313.77283
-15298.20936
-15293.74577
-15249.01679
-15242.24542
-15240.36283
-15236.72823
-15172.58716
-15171.91498
-15167.76447
-15152.25727
-15049.95259
-14976.31042
-14973.76705
-14960.16886
-14824.68316
-14803.12393
-14801.50606
-14735.6757
-14718.30662
-14668.19641
-14660.3456
-14642.73744
-14613.21454
-14601.04295
-14595.4642
-14587.24552
-14566.6009
-14554.49884
-14551.42507
-14544.80629
-14528.27714
-14520.17516
-14487.89208
-14484.79748
-14479.12184
-14461.78932
-14454.28173
-14440.56988
-14430.48317
-14390.16887
-14383.65535
-14381.61876
-14372.29624
-14324.54713
-14311.17823
-14284.26103
-14271.53464
-14264.57831
-14260.8593
-14202.26595
-14191.2686
-14190.48812
-14184.31868
-14171.69763
-14142.53171
-14129.18046
-14106.49981
-14048.99828
-14029.80843
-14001.22023
-13953.31799
-13922.22958
-13867.8754
-13851.20545
-13798.92613
-13788.30492
-13768.42819
-13728.57344
-13713.28256
-13700.54872
-13687.73502
-13678.88624
-13535.13166
-13534.89853
-13471.03912
-13470.34216
-13461.37961
-13452.14591
-13438.32931
-13428.08629
-13374.291
-13366.01945
-13316.28597
-13302.33207
-13269.51512
-13246.93117
-13241.62254
-13235.55893
-13214.09232
-13208.80484
-13190.88363
-13102.52151
-13039.4658
-13008.20965
-12977.95137
-12970.88176
-12934.51105
-12891.57257
-12825.93151
-12797.90282
-12790.99198
-12780.31529
-12676.69155
-12647.35587
-12547.4568
-12483.1951
-12481.39378
-12451.81263
-12432.78688
-12414.90016
-12406.89728
-12362.05385
-12343.97507
-12328.98937
-12323.88788
-12243.5637
-12211.40966
-12201.95306
-12171.34296
-12152.5318
-12140.79389
-12128.57883
-12111.17522
-12084.50777
-12073.2808
-11964.29027
-11961.94952
-11900.71719
-11896.24537
-11869.12021
-11844.27593
-11811.96785
-11806.68284
-11798.90974
-11785.54534
-11784.08004
-11767.5052
-11757.33125
-11700.65358
-11673.15881
-11629.25697
-11602.19755
-11587.54816
-11560.11506
-11530.67975
-11528.16533
-11516.50774
-11498.53655
-11422.37444
-11409.70413
-11398.20852
-11335.02332
-11328.12402
-11320.23148
-11320.10122
-11317.61926
-11266.00457
-11258.51903
-11243.40662
-11232.29915
-11186.68145
-11185.57875
-11177.36085
-11127.35395
-11060.96186
-11036.2774
-11026.65555
-11018.52992
-11004.85748
-10986.44132
-10977.26726
-10952.39853
-10890.79232
-10817.53855
-10805.94818
-10748.29423
-10712.89476
-10698.55281
-10687.09226
-10683.1637
-10599.93591
-10559.71837
-10419.83792
-10408.76672
-10390.86538
-10337.3832
-10313.50236
-10312.43517
-10304.03555
-10292.41025
-10253.1003
-10226.31086
-10201.3825
-10148.16736
-10141.21013
-10068.3125
-9989.107247
-9986.475414
-9951.154111
-9877.917382
-9862.774298
-9804.11088
-9787.947258
-9782.378267
-9755.286807
-9731.35882
-9725.558784
-9645.291207
-9624.837235
-9576.897548
-9420.3654
-9404.514437
-9341.110272
-9290.92688
-9080.58697
-8956.165586
-8905.085414
-8882.268574
-8877.394882
-8876.146568
-8874.101888
-8830.616293
-8709.054471
-8691.189497
-8652.618734
-8624.677364
-8613.584922
-8557.468688
-8538.321794
-8487.676321
-8447.932056
-8313.247791
-8310.596326
-8308.429144
-8265.861857
-8261.227424
-8189.7078
-8157.100123
-8140.598861
-8121.433287
-8081.652453
-7916.254841
-7774.169525
-7729.923385
-7598.000353
-7559.669258
-7481.397181
-7466.602049
-7290.617629
-7267.169597
-7219.292815
-7178.990488
-7159.924132
-7158.30301
-7111.641434
-7107.501562
-7102.478866
-7078.249992
-6984.412327
-6970.469531
-6951.07799
-6868.268443
-6867.557724
-6768.617887
-6703.708332
-6684.219835
-6660.498873
-6568.100091
-6501.607919
-6355.238991
-6241.412816
-6158.793066
-6145.8939
-6127.992565
-6044.104929
-6007.228809
-5684.769647
-5666.687485
-5625.169232
-5563.555826
-5385.153488
-5271.872938
-5008.303246
-4986.65429
-4947.265111
-4810.237372
-4686.073933
-4636.065771
-4595.989073
-4556.691559
-4547.200109
-4527.728953
-4520.989357
-4464.987417
-4370.065904
-4340.59644
-4322.278603
-4108.724327
-4064.747543
-4023.618253
-4003.583469
-3921.413247
-3881.087917
-3702.555735
-3490.666432
-3456.295659
-3408.412049
-3109.177958
-3089.646756
-2954.187731
-2866.423815
-2776.189796
-2740.506068
-2543.415412
-2491.898578
-2344.555114
-2290.724215
-1966.893559
-1858.214226
-1502.935732
-1498.790607
-1492.531568
-1406.967833
-1384.052662
-1190.950358
-1167.130754
-1126.231582
-972.3105403
-963.8954884
-893.0454621
-868.2157548
-865.2368888
-804.4485221
-759.3661941
-588.8897416
-461.5916249
-264.3020457
-202.0528082
-197.5407247
