7.84375e-05 0.000565659 0.00026005 0.61536 2.42359 208.528 2.97073 0.0179233 0.00803721 3.7677 0.451784 54.2816 0.00478948 0.152502 9.39542e-05 23.1328 0.000341457 0.000309082 
0.00965316 0.506579 0.0107369 0.327882 1.40579 531.636 0.000403825 1.98191e-05 0.48592 0.0104433 0.000174546 5.26121 0.566696 0.000559742 0.0366211 1.36721 0.0210589 1.12134 
0.655081 6.69877 3.03492 0.871276 6.69502e-05 0.839186 4.09358 5.54175e-05 0.0643534 119.001 0.169546 331.512 1.18065e-05 0.000169369 0.000252031 4.46639 0.00037099 0.000805197 
7.03427e-05 1.86821 0.000111795 0.00249353 0.410042 0.722949 0.187169 0.00145967 0.000984879 6.95484 3.24596 0.0450151 7.14251 0.00140689 1.29645 3.93919 0.000606467 0.213546 
0.742588 5.36767e-05 1.0997 0.000317331 0.00188983 365.376 5.81509 0.623357 0.100372 109.144 0.00322792 0.316689 0.00015267 0.0178313 0.0390481 0.185713 0.00995013 2.70026 
0.429095 0.00040727 2.80541e-05 0.0768048 1.13779e-05 0.022118 0.00632973 0.00030033 3.71288e-05 0.153217 6.89538 14.1645 0.00665671 0.00072249 0.908407 0.514833 3.38442e-05 1.00722 
0.0995251 0.109882 1.36542e-05 1.88718 0.000484005 1096.45 5.45435e-05 0.00629145 0.106064 95.9384 1.32952 4.73661 1.02381e-05 0.0212616 0.0116381 1.26827 1.12488 0.154712 
0.067713 9.5348e-05 0.00101635 2.53028e-05 0.00335515 16.5968 3.89998 6.97924e-05 4.48071e-05 1.43916 2.61236 200.558 0.0180536 1.90049e-05 0.015716 0.353713 0.0127391 2.02175 
3.26383 0.000213186 0.000892902 0.000332333 0.0992103 1712.37 0.0333727 8.47129 0.0429473 16.0507 0.0334898 0.889688 8.28044 0.0188166 0.23378 29.3999 0.0680084 0.146288 
8.49484e-05 2.36011e-05 0.167905 0.000189631 3.63407e-05 244.572 0.00851048 0.00140179 0.176336 0.0239281 0.028651 414.125 7.12519 0.000341851 0.00083174 0.612665 0.038515 0.00288376 
0.00386585 0.00545356 0.189338 8.69099e-05 0.63926 2541.24 0.00696474 0.853766 5.51981e-05 65.2655 5.94106e-05 0.0897642 3.62104 0.00928134 0.00296285 25.3053 6.87538e-05 0.203558 
0.0233347 4.18964 0.0591476 1.23481e-05 0.000339573 2.7038 2.12316 0.0646194 0.00013419 1.12357 6.1985 51.5358 0.00589057 8.75584e-05 0.000671653 7.97178 0.669807 0.302683 
0.00363997 3.10656 0.150558 1.31846 0.0010419 0.131128 0.0133176 3.43918e-05 7.70767e-05 0.63422 1.57682 5.97176 0.140038 4.48001e-05 0.00432379 0.290089 0.306214 1.48561 
4.73941e-05 2.81095e-05 0.0264401 0.000537881 0.00265473 148.071 1.38637 1.6534 0.704766 0.0163131 0.000262619 2.24693 1.34386e-05 0.0146742 0.957681 0.356116 0.00229187 1.74019 
0.00171836 2.79061 0.00250561 0.000631963 0.000209006 1146.09 1.567e-05 0.0265651 0.000541788 9.65285 0.000325201 21.1122 5.62831e-05 0.23471 0.00485018 49.791 0.494809 0.0386355 
0.0005498 2.1026e-05 0.000422167 0.0025785 0.00773454 92.3468 0.000771586 0.0780843 0.00163229 0.0346877 0.00101963 35.4437 0.0172644 0.245451 0.000619687 32.963 1.70925 0.00717392 
0.116586 1.41433e-05 0.000120111 7.28841e-05 0.00115145 0.111215 1.906 0.0811518 1.57105e-05 0.105967 1.63147e-05 2.44092 0.0495555 0.018578 1.19791e-05 0.225094 0.043222 1.13197 
5.72496e-05 0.177753 0.00928488 0.00210527 6.83221e-05 0.0918098 0.020981 0.000300321 0.0168536 5.61118 0.0145985 0.020885 2.00553e-05 0.446285 0.0144031 40.4268 0.436022 0.000482256 
1.05325 0.00166666 0.0236203 0.0055139 0.000193513 4.3886 7.91888 1.02992 0.1411 2.46257 0.00154802 0.0524186 0.148785 0.0166435 0.00483159 1.77845 0.000134443 0.0612464 
5.0531e-05 2.20595e-05 6.24682e-05 0.077861 2.55887 67.8358 1.00157e-05 2.48352e-05 0.000114283 0.831841 0.190082 0.16928 1.06591 1.39879e-05 0.00191335 0.0913289 0.0996443 1.93619 
8.72672 0.000360847 0.00151631 0.213625 8.42769 0.162483 0.00283285 0.00186682 0.0192598 0.12967 3.69518 3.50327 0.0190569 0.0848782 0.120351 35.3024 4.35938e-05 0.000833665 
0.000630206 0.00010903 5.49592e-05 0.174927 0.205632 0.83245 1.5791e-05 1.59857 0.0244468 7.74606 0.150963 0.25506 0.024935 0.627269 0.00121955 0.084623 1.73744e-05 0.0649639 
1.54414 0.0662834 0.000185957 1.79387e-05 1.23979 133.802 0.0030935 0.00135606 1.42267e-05 0.234522 0.475019 0.5634 0.00467159 0.00201315 0.0010216 34.953 0.00445969 1.53459 
0.0072629 0.345981 0.139108 0.0174631 0.0181744 317.07 0.376903 0.0001459 0.124909 5.06481 0.0904206 2.75498 0.0197771 0.236513 0.945718 0.256953 1.1835e-05 0.247765 
1.11145 0.000250308 0.000990967 2.64249 0.0153761 18.3635 0.00181175 0.00031184 0.00157101 1.94805 0.087409 121.474 2.84809e-05 0.0130684 0.0281751 6.4298 0.00304725 0.0201381 
6.57802 5.88445 0.287606 0.0947102 0.0549735 583.403 0.000769331 1.6141 0.131891 0.0111687 1.18033 2.3249 3.7197 0.0142874 0.00787639 0.0188468 0.0232998 0.123305 
1.57591 0.223037 0.427714 0.00156603 0.023094 0.228745 0.0372 0.000192492 0.0395348 10.6695 8.25367e-05 0.0154965 0.0232739 0.00167533 0.000581162 1.03288 0.122869 2.34314 
5.24161 0.0285005 0.00735235 9.26763e-05 0.000141075 6.07677 0.000204915 0.0317186 0.00165451 0.0141906 2.46596e-05 58.0057 0.00131122 0.288183 0.000329568 0.0857622 0.125614 0.533378 
7.41582 0.0581418 0.00763779 0.000151511 3.81579e-05 1.06743 0.00101573 0.332111 0.875246 0.0358839 0.902107 12.9491 2.79297e-05 0.0865647 0.115121 0.0162787 1.1864e-05 0.247391 
3.90324 0.00692061 0.171709 0.000233118 0.154818 594.373 0.000161281 0.0220206 0.000289231 0.0739212 0.00155969 0.0331067 0.065139 0.00940173 0.000231874 11.2119 0.196047 0.0351241 
0.000723699 0.0227026 0.000786478 0.000473647 0.000234812 0.379258 0.723679 0.0247399 0.00390928 242.547 1.76204 10.4249 0.0248173 1.57971e-05 0.00360455 0.958702 1.37588e-05 0.153483 
0.0171409 0.000108492 0.437971 1.87285e-05 9.89031 0.0304629 1.8811e-05 0.581577 0.0145919 3.21384 0.00941449 0.0928382 0.000145697 0.00865085 1.85076 1.82552 0.00342937 0.324129 
1.13491e-05 0.00093944 0.0289513 1.35206 2.0129 2903.73 0.0251813 0.000661705 0.822727 7.58154 0.0788475 183.204 0.000942746 1.23114e-05 0.00547768 0.0820248 0.0107814 0.00900012 
0.000290546 0.0449907 0.127672 0.0237076 0.000672906 5.09358 0.000106294 5.29345e-05 0.522286 0.771209 0.469221 1.0498 6.49424 2.42845e-05 0.0405817 0.679572 0.0277498 0.242915 
0.00100901 1.11581 0.000975687 0.0821448 0.000294453 31.416 0.00035909 0.00696012 0.000396951 8.74324 7.84192e-05 0.540641 0.00127436 0.556775 9.92005e-05 4.16058 0.934534 0.00963864 
0.0384237 0.272047 1.56235e-05 0.963792 0.000657309 262.438 0.00312228 0.000689075 0.240082 7.53447 0.00291838 61.9012 0.000337654 0.000153351 0.00155035 0.300232 1.9141 0.454224 
0.0161537 1.65208e-05 1.25936 2.79221 3.02818 1.53821 1.20142 0.908617 0.0153148 0.0214538 0.000150069 70.9241 0.240267 0.312495 0.0224716 23.1555 2.0262e-05 0.000355064 
4.7212 5.11696e-05 2.39322e-05 0.00130208 0.0108573 30.4399 3.39648 8.20708 1.90187e-05 37.9489 0.000153145 261.648 1.25016e-05 0.0881617 0.000191726 38.2842 0.0316742 0.000927257 
1.02502e-05 0.289551 0.00172215 0.0476803 0.0467052 0.0229737 0.0773713 0.00207569 0.00097952 0.145816 3.17109 0.0334263 3.35695 0.049896 0.107879 0.0873868 0.0893425 0.0294801 
0.0440767 0.000471292 0.00105141 0.000204602 0.106925 12.2396 6.21891e-05 0.0197465 0.465809 0.0376221 0.012415 1.02188 8.43739 0.0343208 0.0231656 0.0249933 0.000114358 3.91615 
5.65497e-05 0.354808 0.0466754 0.0244736 6.08654 1.18276 0.000107981 0.000693862 0.00717728 0.0274345 0.0589832 1.08607 3.90336e-05 0.0793342 0.00140874 1.9145 0.00105795 0.0214311 
0.285389 3.76638 0.0132252 0.35974 2.99384e-05 0.0224812 0.0327027 0.0587117 0.143321 123.458 0.0117063 129.137 0.000605698 0.000453419 0.0016283 10.1205 0.0257433 0.0460382 
0.215907 0.0282354 0.007297 1.00087e-05 1.76952 50.9112 0.0545611 3.5726e-05 0.00942577 0.0567736 0.434179 14.7474 1.33782 0.00989019 0.0106448 0.0317077 2.44065e-05 0.672433 
0.00599921 0.438488 0.0178418 3.38579e-05 0.0148995 485.646 1.624e-05 0.140285 0.000495805 94.1185 0.000211338 4.07414 0.187652 0.000775036 0.00810092 45.8234 0.00448647 0.413732 
7.7939e-05 0.00999359 0.000144804 4.71607e-05 0.000651848 372.567 0.962698 1.47817 0.00456097 0.463387 0.0240517 0.590836 0.00641038 0.0084844 3.80399 2.38935 0.0170434 0.933802 
0.00612555 2.4098e-05 0.0952426 7.60004e-05 0.000771242 0.028957 0.0160599 8.93834e-05 2.51559e-05 0.326008 8.42327 0.309826 9.47259 0.000675591 0.00515657 0.962389 6.12419e-05 0.000499934 
0.469537 9.19684 0.00841357 0.0225281 0.00380833 0.0366553 6.44158 0.00768962 0.000106678 286.466 3.81685 0.393674 0.19259 0.0209826 0.00131276 21.856 0.062583 0.00484903 
4.35404 0.0592672 1.14666e-05 0.00383008 1.51883 2309.82 0.0108192 0.354797 1.46662e-05 15.0948 0.000295927 11.0909 0.0086387 0.0744431 1.72104 2.20351 0.00929193 0.0774121 
1.27199 0.0161447 0.00132266 0.0323879 0.00236344 320.95 0.00147214 9.8781e-05 0.00558934 0.110693 0.149496 23.6915 2.09884 0.0960465 0.0280423 2.5491 0.000235257 0.00336608 
0.00670859 2.30975 0.240587 3.3739e-05 0.843564 1.33465 0.000164464 0.760521 0.0343864 1.06696 0.301849 0.49855 0.000541066 0.861475 0.0149032 0.0523534 0.42111 0.326853 
0.000507292 7.40974 0.00169044 0.000393184 0.000371502 0.0294486 2.26926 0.00107236 0.00697198 6.48484 7.5863 0.0157198 0.182796 0.00113059 2.84835e-05 14.9646 0.000980183 0.00412209 
0.161462 0.000797725 1.21664e-05 2.02779e-05 1.82523e-05 3.62664 0.00306544 0.299478 0.000214302 0.0440232 3.98207e-05 357.79 0.000527162 0.0711106 0.000168968 0.861334 0.14489 0.111878 
1.4719e-05 0.00708949 0.00178211 1.48468e-05 8.17499 87.1777 0.172963 0.0343686 0.000443091 0.0116128 3.19711e-05 0.0109656 0.0134858 0.0033047 0.00119104 0.454724 0.000107381 1.19455 
0.00927487 0.0642497 0.206184 0.160715 2.38397e-05 0.145893 0.000145197 0.000634865 6.68635e-05 86.8771 0.000508195 28.5447 1.1312e-05 0.000692783 3.8247e-05 4.18342 0.0271321 0.176757 
3.38887 0.000142701 0.692863 0.317025 0.0975162 172.644 0.00035456 0.082918 0.00114248 0.0272899 7.69516e-05 17.9364 0.00891391 0.00689993 0.409634 3.97788 0.0386328 0.0727853 
0.000165677 0.0247959 0.00344498 1.86069e-05 4.19025 571.028 0.0105403 2.23011 1.77189e-05 0.179733 9.28839 0.0203531 0.0047703 0.573727 0.23241 2.772 0.000638626 0.212588 
0.0009199 0.0434582 0.0700082 0.00676099 4.82322e-05 14.1571 0.107334 5.48324 0.000463021 13.4476 0.000348268 37.2888 0.103895 0.0562662 0.00102363 3.38655 3.47797e-05 1.77624 
3.86362 0.000338334 5.26945e-05 0.0013984 0.311353 0.112478 2.10418 0.396728 1.26274e-05 206.784 0.228283 151.921 7.29571 0.000298489 1.41593 32.5115 0.00269691 0.00826543 
2.11659 0.000213217 0.000734292 1.19794 0.304469 278.418 0.78288 0.0468372 0.0660863 167.927 0.0138161 0.184789 0.00708501 0.0330639 0.000825919 2.87421 0.00153363 0.0431203 
0.00708621 0.00276425 2.91722 5.03761e-05 4.62721e-05 169.455 0.000443857 0.095558 0.0371539 0.015771 0.00334251 0.268226 0.118363 0.80083 3.76663 0.795729 0.719777 0.538505 
0.00946268 0.561618 1.72448 2.8123 0.0011553 63.3097 0.000806374 0.0196648 0.000610881 3.3455 1.48098 2.88488 1.24729 0.000652688 2.30921e-05 0.16109 0.00146491 0.312116 
0.0606645 1.88869 0.00280318 0.0167764 0.00050324 0.0130013 1.677 1.18118e-05 0.0288808 0.446135 2.36524e-05 186.066 0.00229657 0.663331 0.00696783 9.74124 0.00022352 0.000556384 
0.100634 2.00659 0.0132885 0.00035096 0.110339 85.1711 1.75974e-05 5.24714e-05 0.218021 0.519842 0.0250642 0.336149 0.000822058 0.846281 0.082511 15.5648 0.00439928 0.00937886 
0.000166746 0.00496192 3.58767 6.7046 0.0177307 0.0937601 3.16817 0.00483958 0.000300308 0.162519 0.575977 50.0019 0.00234326 0.012583 0.149718 0.527403 0.0352904 2.06625 
0.001619 2.12323e-05 0.00687545 0.560946 0.000453331 0.248131 1.47085e-05 0.000125089 0.000166697 123.336 1.8963 0.0908848 0.032079 1.83769e-05 8.75629 25.9173 0.0321803 0.365302 
0.042081 1.62008e-05 0.000661501 0.895705 0.050906 0.0188262 0.0849405 0.00380424 0.00112745 1.12702 0.0237797 0.0372716 1.95376e-05 0.722752 0.000364768 33.1868 2.34877 0.00689129 
0.00152721 0.00108333 6.0569 0.000267428 0.00176202 52.393 7.18393 8.32568e-05 0.25194 367.022 0.0165731 0.444621 0.151441 0.00133417 0.00143536 1.79889 0.00500949 0.183844 
2.24307e-05 0.00062184 3.45243e-05 0.108958 4.20693e-05 1031.04 0.131319 0.672332 0.21035 3.2047 6.33814 63.866 7.95622 2.26931e-05 0.00296719 4.8012 6.98718 0.107873 
0.00109942 0.659969 0.358663 0.0869402 0.0709711 24.7352 2.40417e-05 0.000705043 0.0538037 0.2979 0.0277811 20.035 0.00102478 0.000188768 4.91064e-05 21.0083 0.00217158 0.0119945 
0.000189911 0.0261876 0.00308318 0.892104 0.0125406 0.138873 3.30313 0.0176865 0.76902 8.97769 1.71199e-05 0.541714 0.0029604 0.000149195 1.51987 4.48582 4.52544e-05 2.17001 
1.23466e-05 0.000165052 4.19523 0.0981358 0.409796 0.0240927 0.00756353 0.0981971 6.23256e-05 5.54741 7.40385 138.666 0.000513754 4.77642e-05 2.17428 8.48487 1.29548 1.91766 
0.238075 0.000400354 0.00158487 0.00605141 0.248763 0.0442771 8.35237e-05 0.00110968 0.000847553 30.0023 1.50237e-05 0.0453368 2.83385 0.0064922 0.215111 6.76714 1.0238 0.304921 
1.9195 1.98352e-05 0.100274 3.0271e-05 0.00129346 0.0138027 0.00387349 2.49895 0.484493 3.66497 5.47835 0.0160631 0.0268526 0.000166057 0.000113258 0.213087 0.00105717 7.86466 
0.000406718 1.46717 0.0158736 0.0034975 2.20138 0.376876 6.51297e-05 6.85377 0.000121141 110.921 1.32316e-05 0.034663 0.123002 5.80559e-05 1.52647e-05 9.5947 0.000466026 0.997853 
1.53886 2.24901e-05 0.00825143 1.29522e-05 0.000145633 16.4175 0.0323222 1.84046e-05 0.0566227 1.69669 0.00147479 17.7257 0.0160013 0.00323511 0.00874208 0.533207 0.00919319 0.524532 
1.84071e-05 0.000870375 0.160404 7.15601 3.31977e-05 64.6493 0.188535 1.06774e-05 0.011215 2.31565 0.00451841 1.71828 0.00130676 0.785043 1.95347 1.36876 0.0212877 0.0115367 
0.000759581 0.349568 0.0006803 0.0918107 5.35044e-05 1890.77 3.62701e-05 3.57781 0.0869377 3.20461 0.755936 73.41 4.99927 2.54772e-05 2.014e-05 0.0147673 0.00292363 1.91364 
0.0026277 0.20077 1.00508 0.000418537 0.256591 1.75036 4.83437e-05 4.97637 0.000576804 314.151 0.0157813 127.294 0.0201375 0.00436261 0.00211577 0.472654 0.0147231 3.72142 
0.0190453 0.000289833 0.207009 0.00819987 0.000496808 27.586 0.0274215 0.0936832 0.000281393 5.89102 5.56326e-05 1.97037 0.000157443 0.00166307 0.134202 14.3985 0.379464 0.215807 
0.00682708 7.29773 0.000249183 0.000139642 1.34304 0.159712 3.15952e-05 1.32054e-05 0.0124886 0.102446 0.000249005 51.8213 0.000131395 0.0240253 6.17246 3.57303 0.0048273 0.621328 
0.0224275 0.00333432 0.000317554 7.26841 3.05414 129.663 0.000218941 0.106098 1.68202e-05 2.60757 0.165801 300.113 0.0453433 0.533165 0.00316299 34.7268 0.000215371 0.000151362 
1.93787e-05 0.0517344 0.319679 0.0713279 0.000102052 1638.65 0.000231202 0.000848211 0.0504483 2.8733 0.00610956 0.121538 0.206727 0.000141436 6.99977e-05 29.9187 0.0339653 0.0158651 
0.0154793 0.00258863 0.42149 0.000170344 2.2557 0.45977 0.100298 0.00367608 0.00149943 0.0216744 0.000302675 1.41913 0.0448905 0.0106758 0.000443152 4.1785 2.23744e-05 0.0469023 
0.1174 1.37224e-05 4.87004e-05 0.0229261 1.83577 57.1338 0.315695 0.000285386 0.00113182 1.11874 1.62375 133.321 0.00304468 0.368642 0.0284796 1.48552 3.96159e-05 0.00606078 
1.12636 0.00064078 0.000132673 0.790949 0.000364458 54.302 0.000246317 0.139013 0.000473724 0.0187808 0.020909 22.7251 0.000279691 0.00332804 1.7849e-05 26.7568 0.0219536 0.010802 
3.59602e-05 0.00080269 0.0448591 0.0391033 0.00528619 4.42343 0.00253315 1.46894 0.0411083 0.13317 0.0164978 216.991 3.54283 0.0001427 0.334759 5.14642 0.465457 1.95017 
0.309857 8.56605 5.294e-05 0.0106021 0.000101377 0.0164939 0.0194515 8.0407 2.71703e-05 0.0267562 0.678778 139.935 0.000117495 0.324384 0.00038566 4.38589 3.96857e-05 0.109591 
0.432361 0.00676124 0.00114253 4.21304e-05 0.00414974 55.058 0.195002 0.00528868 0.000165091 0.0578263 0.218729 145.996 8.2705 0.030627 4.21651e-05 47.5926 1.11683 0.000307078 
0.585631 0.00298444 0.0259865 0.00234661 0.000553954 16.9168 0.00247835 3.22296 0.000838619 21.0581 0.00791185 1.22131 0.777995 0.504042 2.69779e-05 0.459154 0.0121059 4.3683 
0.309842 0.00272856 3.75851 0.000534793 0.843219 202.435 1.12769e-05 0.000168539 0.541791 0.0413146 0.123512 6.51162 0.00253708 0.0777434 6.36811e-05 1.79771 0.000200322 0.0132071 
0.000275982 9.94834 1.36926 0.00242379 0.257236 1897.82 0.470225 0.044227 0.000439219 0.406646 2.54048e-05 4.78291 0.000161016 0.0135338 0.00149323 7.69753 0.000959483 0.0157182 
0.0253731 0.153787 0.00311499 2.70273e-05 0.000405678 302.862 0.023344 4.63951e-05 0.385042 0.0812411 1.42758 13.9389 0.160685 0.000477023 3.89488e-05 2.64964 0.043425 0.00442824 
0.240849 0.00417932 0.00201232 0.00025729 0.349168 15.0849 0.000728149 7.2874 0.00142993 5.14803 0.392916 1.40128 0.00585457 0.000161562 0.00289582 5.0522 0.000490271 0.268675 
0.662264 0.000755463 0.0158245 0.00418899 6.16646e-05 0.0267223 0.0114072 3.50409e-05 9.28963e-05 1.89124 2.96959e-05 48.4943 0.332005 0.00984907 0.0545197 1.73513 0.0473714 0.250531 
0.378606 7.21775 1.177 2.44355 0.203431 0.156339 0.534175 4.22504 1.67192e-05 54.7994 0.0363634 0.456797 8.76583e-05 0.451346 0.169562 2.69026 0.674421 0.0262203 
0.000408374 4.21277e-05 0.012219 0.143903 0.173341 5.32449 0.00185785 1.41665e-05 0.0224482 187.851 0.069073 127.831 4.15157e-05 0.00281141 0.000292433 9.16857 0.0474309 0.0551743 
2.67323e-05 0.000123522 0.00499288 0.000700048 3.16671 0.347301 0.0796499 3.33004 0.670794 83.551 1.45496 0.243834 0.000208104 0.047782 0.23182 12.4774 0.0273865 0.228694 
0.387858 2.11549 0.0267333 0.0552684 2.74207e-05 0.0403296 0.102757 4.28843e-05 0.00649578 0.477834 0.0260644 0.0362183 0.0540415 0.814365 2.54461 23.0698 0.0348854 0.00103082 
3.09724 0.000319502 0.0120015 0.0343504 0.0758437 665.949 0.00159306 0.00122097 0.000196537 136.34 0.00297927 3.17795 4.07614 0.00525019 0.0319762 1.59266 0.59997 6.46734 
0.0024336 0.013673 0.264036 0.139748 3.06195e-05 49.1555 2.3984 0.0252805 0.000307387 0.178629 0.00119325 187.341 0.125364 0.000150988 1.09859e-05 34.0654 0.000639235 0.0207571 
0.108351 0.104317 0.000358694 0.00103019 0.157935 0.0191635 1.8359e-05 0.000174152 4.71301e-05 2.26734 0.172321 0.0370519 0.00510312 0.624062 0.000264303 0.0151566 0.000762853 2.22856 
1.49212 0.220521 0.011111 1.12448 2.72009 0.0137065 0.901919 0.127107 0.757942 7.4803 0.0311133 175.374 0.00467932 5.729e-05 0.109366 0.0395659 0.000464657 4.57636 
0.748518 7.25861e-05 0.0101134 4.17691e-05 1.51481e-05 23.0704 0.00958088 0.0438511 0.375902 0.203881 0.00153739 42.1192 0.00120311 0.00995242 0.334753 4.55999 0.00166372 0.00232289 
0.0938835 0.000612971 0.00602554 0.104844 0.791983 790.018 0.00493427 1.4328e-05 0.277391 0.0249269 0.0279202 2.34588 0.000114522 0.041137 0.530737 0.249754 0.000409637 1.30395 
1.27056 0.00122074 0.35804 0.0336118 1.56653 0.0407196 2.64205e-05 4.37396e-05 4.00784e-05 0.0264137 0.0186649 0.044618 0.256366 4.58395e-05 3.1769e-05 28.1812 0.481663 0.0183779 
0.0121361 2.528 2.64504e-05 0.000311511 0.0735573 759.991 0.110526 2.91397 0.0870856 0.0207228 1.18306e-05 69.3074 2.46614e-05 0.000277649 0.0147974 2.18884 0.00081155 2.17762 
0.000153964 5.49146 0.000171034 0.0061273 0.00211135 252.989 0.000537967 2.76836e-05 0.00189238 0.0130081 0.358014 0.117901 0.0403748 0.000241575 0.00249824 40.9001 0.455252 0.0109748 
0.218928 0.00236024 0.655973 0.00378905 1.65461 0.37797 0.00135096 0.192568 0.00061907 0.276958 0.0114549 0.956235 5.32063e-05 0.00170757 1.79974 7.40461 0.000298444 0.142191 
1.8515 0.00622305 1.27467e-05 0.000564414 0.199146 0.0164641 0.0110298 0.00432451 0.00841286 46.9221 1.00867 62.3961 0.01666 4.72688e-05 9.51695 1.15675 0.00301896 1.61306 
6.055 0.533956 3.87816e-05 0.0259401 1.16411 0.0268546 3.05386e-05 0.0171635 0.00213792 464.691 3.13267 0.253235 0.219897 0.00463476 0.032188 0.781072 0.189923 2.23048 
5.03164 0.00509648 2.17724e-05 0.00428898 0.000595422 9.30789 0.000118104 0.012963 0.0382197 0.128754 0.15186 21.8095 9.45308e-05 0.0144164 0.00281423 1.43689 0.392903 0.0288258 
0.000554937 0.136886 5.18257 3.50109e-05 0.873041 0.0757328 0.221985 3.77027e-05 0.000234546 49.8268 0.00171138 0.138789 0.00012318 0.229691 0.0435155 23.6836 0.00320782 0.0155253 
0.00140046 0.00541567 0.143383 0.011095 0.0409686 15.5674 1.90895 0.0232565 0.127455 0.421946 0.000403944 0.970877 0.0371863 0.0948389 0.00419192 6.77551 0.000204709 0.153308 
0.0926067 6.28983 0.78871 0.677741 1.10069 0.201888 0.162909 0.0156618 1.18893e-05 3.98638 2.71922e-05 4.64595 0.0128265 0.309702 0.0016997 0.566622 0.065753 0.0472547 
2.04638e-05 0.0113981 0.561808 0.890249 1.11074e-05 371.097 0.136281 0.00229946 0.0516117 0.0782055 0.00260976 343.695 0.00233036 0.00381644 6.60437 0.434783 0.980479 0.497519 
2.27967e-05 2.73799e-05 3.20725 3.66473 1.15961 76.8895 0.000458856 0.000424948 0.000156613 0.0185793 0.0269279 269.566 1.43149 0.000194881 0.000132129 0.108651 0.00274881 1.64455 
0.0202406 0.516323 5.91466e-05 0.0116034 0.661405 0.151581 3.7965 0.0146426 0.0172215 0.0189017 0.0144038 0.0165665 0.306928 0.667796 3.04489e-05 45.6302 0.00171628 0.00281554 
4.23497 0.0102969 2.58722e-05 0.11148 9.32617 779.681 0.000995658 2.59804 1.4914e-05 7.07372 0.00276678 0.20435 0.65934 0.195025 0.000148189 9.8212 0.000587128 0.0510437 
0.00014734 0.753827 0.000466418 0.000152238 0.000930495 0.272502 0.0126964 3.17766 4.07668e-05 0.311446 3.70957 132.571 0.581612 2.31356e-05 8.87039 22.4383 0.00556778 0.00559318 
2.49082 0.000232614 1.57847e-05 0.00278772 0.174481 445.926 0.0022909 5.93513 0.000391552 0.0212343 2.34795e-05 4.15889 0.0953008 5.00338e-05 0.0454867 2.22221 0.000178623 1.36654 
0.000186369 0.00524873 0.724802 2.29394e-05 0.275907 886.993 0.0349824 0.0016051 0.00432376 0.0331209 2.8917e-05 0.0604195 0.000375253 0.000133631 8.09776e-05 21.147 0.0258891 0.0476617 
0.00164415 1.15408e-05 0.352788 3.13036 0.00307843 0.0156126 8.4701e-05 0.0289863 0.719964 9.18436 0.00708731 21.4309 0.000106152 0.0045813 5.09736e-05 0.765214 0.0624055 0.0407503 
0.000109509 0.000206326 0.413315 0.000614055 0.000108927 698.834 0.000243672 5.60346 0.170464 0.0174379 0.0149818 0.0548603 0.0328608 0.0040302 0.0299983 32.936 0.0395974 0.0168155 
0.0109262 1.50675e-05 0.000125495 0.000824687 0.973765 1004.04 0.00113876 0.0520265 0.0326488 13.6736 0.00781444 0.274316 9.40741 0.000142755 0.392377 14.8124 0.00585365 0.0220627 
0.0083237 0.109279 0.0163462 0.147017 3.27787e-05 75.1386 1.6211 0.000347825 0.000764276 4.80717 1.70035e-05 0.0103431 2.17162e-05 0.518893 0.00865061 0.0195327 0.00989826 6.14077 
0.0123021 0.00466827 0.0256803 0.352757 0.0220371 15.1591 1.48191 0.214611 2.20749e-05 3.88865 0.00108417 0.371707 0.119918 0.113082 0.000223252 0.593547 0.701586 0.260312 
0.000638237 7.74107 0.0169501 0.146762 4.83318e-05 7.12349 4.71954e-05 9.86677e-05 0.000717548 2.32443 4.11775e-05 414.371 1.19688 0.0604944 0.00039401 0.738729 1.02976e-05 0.188467 
0.0121921 0.220001 0.0989776 1.35537e-05 1.14055 111.582 4.21529e-05 1.67437e-05 0.141575 1.3394 0.274748 0.298256 0.0159236 0.000340429 3.43836 5.71149 0.00142331 0.359427 
3.30685e-05 0.843264 0.000108685 0.00436208 0.00462689 7.5673 0.0269201 0.0334005 0.000258475 6.41486 0.9908 0.0331053 4.60665 0.295431 0.247613 6.09897 0.054279 0.00217339 
0.374921 2.65678 7.14542e-05 0.0263505 0.000149649 3.11012 0.00280775 3.06995 0.156355 21.6923 8.13048e-05 12.301 2.0936 0.00866044 0.0443746 31.8162 0.0739311 5.96526 
0.0352239 1.33103e-05 9.22585e-05 0.0466319 0.0102911 23.3976 0.0155253 0.000325233 0.0191688 0.772387 1.39662 0.116117 6.84719 2.13903e-05 0.0294789 7.41109 0.00279949 0.000489046 
0.000811907 5.25114e-05 5.63808e-05 0.72016 0.0113837 10.0515 0.143228 0.0161286 0.000953455 17.2006 0.0162002 0.0311511 1.16128 0.000228634 0.340297 0.9628 0.000623613 3.51586 
0.466008 0.000139471 5.98174e-05 0.00119868 2.97101 0.067893 0.0009623 1.80542e-05 0.308444 0.0228286 1.57873 190.357 1.44333e-05 0.345198 0.0552648 0.460989 0.321862 0.000709909 
0.481534 0.227053 0.000210614 0.040242 0.000321715 0.0110902 0.00216321 0.00344375 0.264613 0.0360081 0.00012117 0.0158616 1.28479e-05 0.00163734 0.000204489 29.2121 0.0038521 1.38369 
0.0510274 0.00412607 0.00201915 0.000420022 0.00315933 0.0353241 1.63139 0.0585105 2.44826e-05 2.03471 0.000246265 1.25752 0.292899 0.166365 0.0340509 0.0951103 0.185281 3.79485 
3.13739e-05 9.80847e-05 0.46241 0.000168965 0.00014246 0.0398042 0.000191188 0.487938 0.00585842 12.9202 0.000150033 472.466 7.44602 5.41816e-05 0.000421543 0.789255 0.298222 4.32736 
2.486e-05 0.0678207 6.46167e-05 1.59638 0.00526278 17.2435 0.000174388 8.53218e-05 0.0035363 1.32997 0.0112967 205.231 2.01297 0.00827159 0.00151522 0.427395 0.0184174 0.471961 
0.00172081 0.000427009 0.0120577 0.00327989 6.89045 6.25852 5.34919e-05 0.0394353 0.00293371 52.7748 2.52524e-05 1.70015 0.00460612 0.00878134 1.19873e-05 25.2125 0.956165 0.113079 
0.0301359 4.4254e-05 3.31112e-05 0.000578221 5.34674e-05 20.3095 3.23944 1.04343 0.0625057 22.5795 0.000458981 100.51 0.000353565 0.0351622 0.141847 0.162259 0.00128524 3.06575 
0.00581693 4.39812 0.000731707 1.51005e-05 0.0204077 192.939 0.0294488 2.06079e-05 0.00108061 6.75531 0.0731201 316.903 0.0200591 0.00856274 0.00251361 15.5014 2.70106 0.988918 
0.0847119 1.55445e-05 1.8084 3.51093e-05 0.000190121 487.876 0.000108871 0.00289547 0.340294 2.75938 0.0215608 5.00591 0.321928 6.16641e-05 1.34887 10.2409 0.4579 0.078358 
0.00041076 0.0175622 5.31234e-05 0.972303 0.000834769 144.272 0.00178177 1.776e-05 3.16459e-05 90.6119 0.792059 0.258943 0.000790615 0.658461 0.000720859 34.5723 0.108905 0.000394351 
0.00108354 0.000905462 4.01737 0.00508103 0.00201927 0.227444 1.07139 0.052266 0.000820694 0.176136 6.7206e-05 316.084 0.613311 0.00605645 0.276146 20.3548 0.00626608 0.0211476 
0.0067343 0.318707 0.110745 0.0014136 6.44325 0.30473 3.84923e-05 4.19394 0.0369752 2.69189 0.85334 0.0679025 0.0816658 0.219513 0.693568 16.1034 0.0321681 0.0991628 
0.000177127 5.80486e-05 0.00110909 0.00435095 0.0013501 0.455619 0.00576227 0.0382121 0.0218727 9.78275 2.63217 1.06866 2.73781e-05 0.485879 0.000113743 8.77472 0.0646406 0.00277493 
0.000406594 0.572216 0.000313566 0.00128474 0.0177511 1.65783 0.384873 0.228314 0.133551 1.00206 0.000168353 16.4064 5.06791e-05 0.00201072 0.0132579 0.957033 0.000158787 2.50497 
3.22011e-05 0.000218339 0.987886 0.388014 7.38099e-05 0.0253586 0.040302 1.75331 0.00888189 75.596 0.0191825 0.102122 0.370033 0.0115973 0.000191827 11.8522 0.000464837 7.12303 
0.0390933 0.00014875 2.49664 0.0577306 0.00116338 0.022706 0.838444 0.000200152 0.0241561 0.0108532 0.00429244 3.22995 6.56161 6.02718e-05 0.000792999 2.34423 2.0328e-05 0.277792 
4.50373e-05 0.00513905 3.09868e-05 0.60444 1.26653e-05 0.265656 0.000992095 0.00049499 0.0263308 0.035026 0.000124626 3.21818 0.102797 0.0128171 0.00652976 2.36251 0.193107 0.586188 
0.000898403 0.000320818 0.0182592 0.0661363 0.0212476 0.0776171 0.176751 5.51016e-05 0.00331289 0.0118098 4.19654 11.3756 0.29344 0.0597448 0.00102771 1.33641 0.364719 0.567827 
2.32753e-05 0.0114343 5.49712e-05 0.000904566 0.213818 2.25382 0.00534603 3.58436 0.104882 56.2749 1.34087 0.140009 4.69369e-05 0.0151673 9.01814e-05 17.0507 6.29367 2.78129 
0.35938 0.105271 0.751756 1.20157 1.67535 0.0101415 2.4995 0.119601 0.0311829 111.266 2.08495 149.873 0.0049537 5.31045e-05 4.28107e-05 3.0269 0.00239321 0.00247085 
0.00779481 1.03834 0.000135591 0.000403175 0.00121596 6.72389 3.69323 6.71918e-05 0.128438 0.0339052 0.0108143 68.5988 9.67466e-05 0.648597 0.0161185 1.93802 0.000911705 0.00331688 
1.05601 0.00359598 0.611614 0.0115566 0.000163011 0.0112442 0.561234 5.44452 0.000334009 2.51939 5.7381e-05 1.59586 0.00017442 5.5822e-05 0.337299 15.9838 0.00265257 0.306491 
8.07829e-05 0.00410594 3.09869e-05 4.36552e-05 0.00010739 13.295 0.0512069 0.00645724 0.000918624 6.32472 0.371273 177.329 0.303429 0.0341979 0.000917903 1.12296 0.000682567 0.115906 
0.0121267 1.97618 2.00147e-05 3.23103e-05 0.000383678 2108.75 0.00135455 0.0485265 0.0489978 0.0985789 0.00853754 0.17292 0.0070233 5.51761e-05 0.000127265 10.3204 0.048044 0.708528 
0.000786061 5.02473 0.000173558 0.00225709 0.00125529 137.034 0.000150197 0.00144522 0.000404494 0.0329954 0.00468599 1.53194 0.00417899 0.00768417 3.46257 3.729 0.277245 4.5987 
0.00119097 1.90117e-05 0.0653978 0.189366 0.0107182 0.0108763 3.42788 2.14231 0.671783 14.0049 0.000135623 1.27022 0.080805 0.0606915 3.92128e-05 3.67976 0.00291455 6.89875 
1.04066e-05 9.98438 2.67334e-05 0.00104097 0.0033124 0.0595907 0.0409417 0.00103719 0.00292479 0.625554 0.839141 3.78615 0.390806 0.00469754 0.909817 0.306404 8.67143e-05 0.84988 
4.36623e-05 1.69675e-05 2.43963 0.0621806 0.000190912 49.5765 6.4225 0.0996529 1.9157e-05 0.019939 0.00126547 57.8535 0.00243213 0.0214441 0.00250348 2.25018 0.000485496 0.10153 
0.381708 0.00453769 0.836832 0.121859 0.000200646 0.0759674 0.383124 4.95743e-05 0.0454515 0.0771827 0.22407 5.55405 0.783481 0.0222518 0.0116647 0.0995274 0.429796 3.36968 
0.000173852 0.00101272 0.00275687 0.00163663 0.000161836 0.498459 0.000163054 0.000149502 0.553925 0.0353346 9.0757 69.5048 2.09518e-05 0.212894 0.000216874 0.0889319 4.0547e-05 0.00310221 
0.00223578 5.20159 0.000247917 7.61896 0.00514828 244.096 0.805086 0.233691 0.750275 112.553 4.88427 0.179595 1.62139 1.62043e-05 0.000107078 0.838117 0.924826 0.993458 
0.0133531 0.020589 0.00461431 0.0857466 1.39309 1027.18 0.00124644 0.000462382 2.11598e-05 0.396726 0.739065 25.6697 0.08039 0.00326154 1.1661 5.43833 0.0410752 0.104907 
0.000107096 0.00281655 0.0299362 0.281705 0.114708 73.8596 0.00245558 0.797305 0.0578196 0.0317989 0.523498 17.7724 0.00088709 0.000441179 0.276111 1.16284 4.37034e-05 0.0825746 
0.0124993 0.00440087 3.70222 0.155534 0.00108704 0.0879172 1.83843e-05 0.014656 0.0116166 19.1178 0.515434 0.0680372 0.00433676 0.0947994 0.0922544 0.63807 0.000521134 0.170575 
0.0554477 0.000143045 1.80715 1.8989 2.40225 16.8007 1.02198e-05 5.89599 0.0302141 211.895 0.0904763 0.409464 0.967092 0.119051 1.9315e-05 8.76045 0.362349 0.015697 
6.05382e-05 0.00293999 0.000273245 0.0925239 0.059241 100.441 0.00226087 0.14029 4.17026e-05 0.357753 6.1072e-05 226.728 1.97402e-05 0.0698592 1.12021e-05 0.104492 0.000264225 3.3131 
1.98282 0.0657074 1.59715e-05 0.0607619 0.197061 2804.29 0.920009 0.134811 0.000165171 5.26892 0.177575 0.878287 0.000789517 0.000285797 2.87504e-05 2.5393 0.205415 8.09288 
0.0160574 1.39967e-05 3.52867e-05 0.0945326 0.00778761 0.089836 7.99371e-05 0.0340613 0.000394136 0.0438593 1.37359 4.23968 0.00876924 5.96412e-05 0.00030922 24.9891 3.18691e-05 0.250011 
0.950037 1.6674 5.0325e-05 0.28018 0.000202489 0.104221 6.48855e-05 0.000216221 0.169213 12.5359 7.04928e-05 57.5487 7.19313 0.105577 0.03458 1.35031 0.214081 0.0976003 
0.00586895 4.22082 0.0286752 0.000732361 1.40328 0.0133795 0.000337902 1.21194 2.276e-05 17.098 0.000179812 0.0388119 0.00997662 0.0151523 2.01219 3.17059 0.371883 8.78665 
0.0142678 0.00128841 0.0070411 0.00365244 0.0111489 1.64139 0.211162 0.00371633 1.12753e-05 26.4714 1.69003e-05 0.0488155 0.0155951 0.205364 0.0442017 1.33957 0.0104289 0.0146351 
0.000293041 0.000385246 1.38943e-05 0.000505883 0.00131977 555.911 0.0349842 1.96324e-05 0.00187445 65.2381 2.82003 3.68925 1.52989e-05 0.0157084 2.24736 0.866157 0.0113024 4.38071 
0.000934497 4.36361e-05 0.00192723 0.140769 0.00216409 24.5193 0.00123502 0.00140573 2.99954e-05 6.62317 0.0426838 0.0151213 0.207741 1.73652e-05 0.170871 8.27146 0.000164511 0.2024 
0.00941666 0.0552937 0.0997828 0.014946 3.18351 403.117 0.305979 0.0198389 0.0258992 429.462 0.375691 95.5554 0.00110891 0.152491 0.000254647 36.0803 8.53193 0.330367 
2.15832e-05 4.68753 0.00229741 5.94813 0.00016297 0.0286346 4.45355 0.00190522 5.30855e-05 0.0907146 0.128985 2.20785 1.8939 3.72686e-05 0.00117186 1.39309 0.0179865 0.205671 
4.38793e-05 0.190781 0.00549787 0.142691 0.000286311 0.0245185 1.20261e-05 3.57967 0.277557 0.0311788 0.207042 0.116593 1.34931 0.0388233 0.0237268 0.199026 0.000142491 0.1994 
0.0894273 1.59351 0.000282124 0.0223844 0.00136723 0.168774 1.51669 1.86199e-05 0.00163052 0.198661 0.340749 86.4954 0.00020906 0.000242863 7.8983 21.5024 0.857724 0.0253941 
0.937148 0.0834266 4.42665 0.360591 0.0793842 0.100691 0.00146476 0.0786449 0.0331439 26.8451 2.74021e-05 7.31689 0.0113965 0.148273 6.71247e-05 0.419377 2.46394e-05 0.153098 
0.00294758 0.00105509 0.392211 0.296468 0.000738118 75.1729 4.66898 0.0321341 0.014246 36.7279 2.2704 0.256403 3.26482 0.000197984 0.110262 11.7788 0.00852379 0.0056759 
0.0319181 0.000423558 0.0361848 0.749953 0.0542403 120.548 0.096244 0.498054 0.00867482 64.7757 1.31514 0.519007 9.65806 2.04555e-05 4.20486 41.3055 0.00101752 0.0040297 
6.411e-05 0.000656913 0.000414913 5.65236e-05 0.0320005 25.0197 0.000161087 0.00029789 0.39719 132.128 0.414506 0.119658 2.04029e-05 0.0180373 0.0199932 0.60132 0.241287 2.10932 
1.14391 0.0017149 0.267025 0.338519 0.567395 0.585016 0.0131437 0.0103027 0.545154 14.911 2.15208 0.0604006 0.0174321 0.00190971 0.0146237 4.80808 0.00119952 0.224289 
0.0124718 1.39435e-05 0.00441656 0.0374665 0.0769828 0.0684752 1.28176 2.4714 3.34451e-05 2.20581 0.0382708 0.0100286 5.97723 1.9857e-05 0.0791322 0.744153 0.400965 0.383351 
0.00200215 1.20696e-05 2.24997 0.0815327 0.000743802 2.17638 0.00956568 0.000546753 0.00179136 0.218304 0.0179313 0.0245218 7.19908 0.670119 0.0751141 41.1621 0.17185 0.000320735 
0.021318 1.52242 1.25289 0.00010106 9.13263 14.57 0.0223278 2.1271 9.20498e-05 0.0108027 0.00198409 0.729725 1.02304e-05 0.1934 0.000262655 4.43847 0.0014547 0.0116236 
8.52587 0.000325568 0.269906 2.25875e-05 0.00189766 45.4799 1.13863e-05 0.000137962 0.0179628 0.217618 2.04156e-05 9.547 0.00137223 0.00971445 0.00574551 4.06414 0.000179683 0.0633701 
0.0040178 0.0531606 1.95892e-05 0.1217 0.0153006 21.0128 0.0362519 0.780089 0.0184566 0.7011 0.0168007 0.478823 0.0149392 0.711521 0.0375684 2.77713 0.217707 0.159906 
2.32227e-05 2.49297e-05 0.000136435 0.0252759 1.13628e-05 12.7094 3.76568 0.00530647 0.00149451 1.1623 1.91431e-05 35.0091 2.54096 0.00252412 0.00011302 2.05874 6.01746e-05 0.198018 
0.0127575 0.624815 4.9284e-05 1.29436 7.7293e-05 324.984 0.0642755 0.57592 0.397101 27.2592 2.43375 0.0722964 0.00781627 0.000308772 0.0745472 4.56068 0.00029644 0.278668 
0.00226606 0.163927 0.0239101 0.000603169 0.000369407 0.924433 2.02162 0.000250896 0.338494 0.0971238 0.0645181 0.0643637 0.0674748 0.00160386 0.00125465 37.2023 0.000573009 0.0318324 
1.17154e-05 0.11375 0.0072908 0.00945494 0.00547917 0.17877 0.0173537 8.58606 0.464098 0.209309 0.271147 400.548 7.89547 0.0495502 0.000397378 11.3343 1.24167e-05 0.000308326 
1.98583e-05 0.00923524 1.13551e-05 0.499531 2.32351e-05 1137.05 5.81165e-05 0.0754232 0.117753 6.50131 0.031337 0.385147 0.132746 1.45897e-05 0.0463908 41.6221 0.0785713 0.0246673 
3.34527e-05 9.30691 6.31962e-05 5.54407e-05 0.00178468 0.214046 3.04688e-05 4.95749 0.000197308 3.76841 0.00361795 23.5831 0.13292 0.0365621 0.000181877 16.8798 0.000131497 0.00922552 
2.96706 0.00281811 1.6923e-05 0.268908 1.59983 0.0869872 0.000147139 7.09776 0.00721131 0.135732 0.481584 13.0201 0.0147984 0.118779 0.00526808 42.0325 0.4852 0.0660208 
8.33428e-05 0.000266329 0.000242127 0.23911 8.46792e-05 0.796186 2.04782e-05 0.0300179 0.00495171 0.0920062 0.000527672 0.0219329 7.09407e-05 0.758542 7.7483e-05 0.500273 0.020555 0.306157 
8.82803e-05 0.0110752 8.74365e-05 0.215511 0.419435 0.0187499 0.000121684 5.81447 0.393423 220.24 0.000899201 18.1602 0.0132839 0.00294152 4.82436e-05 3.35358 1.91086e-05 0.218598 
1.02968e-05 0.0735429 0.00609797 0.345807 1.34654 0.798433 5.14961e-05 0.0084318 0.0106015 91.4761 0.000223088 1.55296 1.40287e-05 0.26573 0.00529036 0.329714 0.0348744 0.134573 
2.3674e-05 2.39372 0.00345954 0.00045734 0.0168938 1.12842 8.10568 0.00318857 0.000189849 55.4088 0.000383939 0.413082 4.77479 0.155747 0.00124409 11.5383 0.0162 0.0041739 
0.0118075 0.00419176 7.2528 0.012341 0.00157304 6.38034 4.06294e-05 7.29927 0.000161487 0.298475 9.08075 28.9637 2.00403 2.91789e-05 0.00024993 7.75314 3.09473e-05 0.00350688 
1.00235 0.166832 0.00952042 2.94915 0.0351623 273.515 0.00320809 0.286051 0.000729005 0.0628064 0.00982019 29.6712 0.0768194 0.00445858 0.00119455 1.67726 3.23278e-05 0.867279 
7.20433e-05 2.4658e-05 0.0820463 0.0083739 3.19135e-05 0.666508 5.08192e-05 0.00215096 0.45018 0.0474305 1.09182 307.092 0.00243979 0.00133348 1.90525 0.0609294 0.104045 0.0145188 
0.0191749 0.000112238 2.16234 0.00125974 0.0110363 1.34322 0.0239181 4.0669e-05 0.686254 1.93082 3.41944 0.0230458 0.00084027 0.0448267 2.02264e-05 2.98143 6.44082e-05 0.0810215 
0.000334951 7.68957e-05 0.0495487 0.00351051 3.22608e-05 101.548 0.0192812 1.56e-05 0.00196449 0.0160321 0.022322 306.793 6.47985 0.00688554 0.216757 2.02474 6.10731e-05 0.0209732 
0.000240094 6.83098 1.18583e-05 0.130693 0.268516 53.9854 0.000131524 7.94746 0.0449506 0.166778 3.16586e-05 6.26351 1.89053 0.000219127 1.16058e-05 3.31569 0.00612302 0.645888 
0.00321032 0.000186569 0.968113 1.47779 0.00352421 156.904 6.47515 0.0256054 0.0175899 2.60931 0.0293737 0.0511714 0.12965 0.937539 1.17499 46.0189 0.458104 0.00187659 
4.28152e-05 1.11051 0.00133046 0.0477206 0.77285 24.7597 0.186347 4.1033 0.000720694 0.0157782 0.192227 0.118008 0.0792881 0.000257492 0.000113267 11.0049 0.0914802 0.0355736 
0.000209866 0.237487 0.000427354 7.74669 1.6527 1.46276 7.02404e-05 0.0173327 0.232192 10.9115 0.00242885 440.822 0.551244 0.781208 1.68571e-05 0.0577821 0.000809666 0.303232 
2.09544e-05 0.000166524 2.21144e-05 2.05616 0.133894 26.1306 1.25407e-05 0.0624053 0.0535779 0.306095 0.734004 0.602931 6.37206 1.82341e-05 0.000622071 0.546384 0.00654122 0.0573665 
0.00675643 0.617618 0.335829 0.000853163 9.2091 0.440258 9.48291 0.0106357 0.0357674 0.192612 0.337556 0.0154327 0.0971709 0.00287082 1.48301e-05 5.54459 0.000366136 2.63307 
0.000677688 6.71199e-05 0.000162329 0.00432075 8.84616 18.4877 8.9704e-05 0.0735318 8.10253e-05 22.9774 0.396935 393.463 6.9679 0.00209928 0.000461596 27.167 0.0713667 0.00287292 
0.081108 0.00134134 2.07793e-05 0.000577001 9.20682e-05 0.376892 4.0763 0.00142794 0.000904361 2.57435 0.00197643 317.755 5.27998 0.000480556 0.17068 0.777143 0.0100112 2.79537 
0.638185 0.000654968 7.55561e-05 8.53114 0.146908 19.265 2.50455 9.95562 0.0107508 0.473682 2.67951 0.204616 2.15516 0.000312607 0.000118982 15.6368 0.00822592 0.00108297 
0.0183396 3.63498e-05 0.0858396 0.0461053 7.1842 7.94528 3.1675e-05 0.413399 0.00522143 89.2325 0.000146106 0.0423233 0.124168 0.0109439 0.0021014 4.30199 1.42213 1.06315 
0.0139801 1.47135e-05 0.000116391 1.97822 0.169997 0.0136529 0.00105671 0.0438251 0.561662 32.7672 0.000351453 127.974 0.000147036 0.000140662 0.000504887 8.27896 0.00170937 0.223178 
2.99563 0.160419 0.000812213 7.29371e-05 0.000467556 11.0014 0.00110856 3.00649e-05 0.222632 0.19159 1.59716 0.0142596 0.00978632 0.00617232 0.00175195 3.52975 0.983217 1.06668 
0.00350185 0.00215438 0.00219615 0.0377438 0.00961631 87.2821 3.6666 7.04666e-05 0.000895505 2.45716 0.000353425 0.061063 0.0313964 0.0154866 1.12044e-05 6.4267 0.000104135 4.26948 
0.0135296 4.23959e-05 0.0174263 0.0623902 0.00547763 7.49232 0.751452 0.507993 3.04162e-05 0.184153 0.0772997 0.891535 8.93921 0.809149 0.012955 5.08135 0.00308395 0.00453095 
0.000166065 4.17043 3.42926 4.772e-05 9.05663 0.0195362 6.39681e-05 0.278969 0.115263 176.873 0.120855 0.431208 3.68785e-05 0.0440753 8.12911 1.81445 0.000148205 4.72391 
4.67192e-05 5.53086 0.0225531 0.000126448 0.000552182 0.510635 7.36886 1.46537e-05 0.00109898 3.90185 1.62982 89.5533 3.66616 1.24981e-05 0.221854 3.78553 0.000200239 0.00886326 
0.00252883 0.000820966 6.17322e-05 0.000749021 0.0133246 862.977 0.146666 7.4179 0.000187549 9.78652 2.03505 42.182 4.12704 0.0256916 0.142066 6.7177 3.32583e-05 0.0212939 
0.0324064 0.00196068 1.95726 7.0515 0.126527 125.629 0.0314725 0.000394026 0.000682785 0.121013 0.0812044 133.179 0.198805 0.159351 0.816363 1.63774 0.000444779 0.0513692 
0.000103131 0.00245788 0.0221764 0.000295157 0.0001803 6.60915 0.628052 0.00162909 1.51024e-05 0.0101794 0.000349757 4.50596 0.852138 0.211578 0.0884333 1.97759 0.000778139 0.172393 
0.185428 1.9608 0.0819842 0.000408955 0.00958575 3.47482 0.000162742 0.0236125 0.0339 0.267682 0.000103736 8.90796 0.00169064 0.783882 5.14771e-05 1.1644 5.51629e-05 0.0142477 
0.00643622 0.0447361 0.00592245 0.254153 3.8804 154.14 0.0155883 0.000108973 0.24952 2.07592 0.00205055 0.100537 0.0692123 0.192243 0.0144508 0.879552 0.00548239 2.5068 
0.27845 7.81869e-05 0.36438 1.23198 4.21471e-05 2717.17 6.04295 0.00022834 3.34671e-05 4.02961 0.0746188 0.865333 0.123131 0.91938 3.00173 0.580767 0.249151 0.3266 
0.37567 4.81809 0.209699 0.00059938 1.50178e-05 31.3954 3.2748 5.94197e-05 0.114021 17.2925 0.000212046 0.0840623 0.00182651 0.000281547 0.000102282 3.19506 0.000204471 0.773819 
0.0210186 0.0743287 0.00117385 0.00192037 2.15219e-05 0.0430381 0.0198938 0.115013 0.0222061 0.594743 2.96458e-05 121.657 5.75541 0.00252304 0.00839385 8.49413 0.000962278 0.122719 
0.000187786 0.00205404 0.644096 1.18723e-05 3.1191e-05 542.924 1.0249e-05 0.213914 0.00211215 0.745359 2.43781e-05 326.123 0.00605741 0.00347078 0.0499418 38.1777 0.0772442 1.66431 
0.0014301 1.33714 0.0272125 9.15495 4.76758e-05 0.543291 0.360924 0.000235111 0.194211 18.5832 0.00287415 5.86543 0.643266 0.572044 0.391746 3.80894 9.60923e-05 0.00769958 
0.764451 0.0539471 0.000356019 0.00228784 0.000143539 29.1364 1.2509 0.000541553 0.47402 1.24626 0.00121552 4.671 2.49657e-05 0.000125103 0.00374331 0.486102 0.0133219 2.54414 
0.0741778 0.00435864 0.0359106 0.0319897 1.93169e-05 1852.48 3.89659 0.0038453 1.83031e-05 12.0138 0.00280552 5.56763 0.650408 0.519959 0.00819144 11.8228 0.00217707 0.00774709 
1.0943e-05 0.000137415 9.4861e-05 5.15593 4.64662e-05 0.319172 0.194366 0.000482029 0.012214 0.199668 6.24864 0.150245 0.00869705 0.684912 0.000255584 20.4518 0.0105577 0.00396358 
0.518284 0.124703 2.53006 4.79321 0.0115626 0.311597 0.00740891 5.2931e-05 0.0090343 1.42484 0.00981966 11.5133 0.670998 0.496793 0.105965 0.208039 0.00142837 0.153416 
3.22502e-05 0.00403661 0.00570685 0.00019334 0.090801 0.045834 3.9044 1.83176e-05 0.013825 3.23245 0.313243 2.78961 5.8815e-05 0.174926 0.560204 3.78355 1.13472e-05 0.0241145 
0.355239 7.66184e-05 0.00419922 0.00789807 0.000405204 903.511 0.40352 0.000940931 0.000466177 2.53491 4.06881e-05 6.05827 0.00457268 0.0141805 0.0709133 19.7038 0.00451482 0.0206805 
1.16145 1.55208 0.00591515 3.13394e-05 0.767558 0.151109 1.81808 0.00255103 0.000109397 40.5549 0.00317532 66.8417 6.08325e-05 0.0494686 0.194873 15.0946 0.00121872 0.0151083 
2.96025e-05 0.00531051 2.58054e-05 0.00256176 0.104546 177.006 0.00128524 1.42811e-05 0.131219 0.165178 0.00614274 7.76309 0.0128688 0.612449 0.0126976 30.581 0.000355854 0.000975746 
0.000525894 0.0109931 4.33487 0.000288255 0.0258322 714.02 4.14955 0.00350433 0.144784 0.0117641 0.0494099 0.0396058 1.84606e-05 0.773255 0.00909838 12.2374 0.263705 0.00241854 
0.0074283 0.400531 1.44841e-05 0.0372229 0.000429802 1.35521 0.000324157 0.0865211 0.0460829 1.09047 0.0003391 0.255971 0.000948473 0.000258792 0.117107 2.40415 0.00160707 6.12879 
2.17843e-05 0.0145282 0.000594868 0.101739 5.28631 399.497 0.297035 6.08788e-05 1.42738e-05 0.0164595 0.00294195 7.14117 0.00324468 0.342147 0.000342794 11.6331 0.0133007 0.0159901 
0.503348 0.0642291 4.27631 0.00208989 1.14764 4.06327 0.0261135 8.81673 0.0317509 0.0329803 0.000155096 0.933381 0.0184421 0.700418 0.149688 0.2264 3.44414e-05 0.173031 
0.144244 0.143155 7.24242e-05 0.000139801 6.36383 0.144315 0.199429 0.000100576 0.977031 3.40572 0.111197 10.8856 0.512518 0.442528 0.315518 0.306116 0.000118165 3.0343 
0.522964 0.0128759 0.375215 0.000133652 0.732713 19.7517 2.2561e-05 8.37163e-05 0.00303255 46.3251 9.67182 0.0172818 0.160834 0.259645 0.00522389 7.68035 0.00187026 0.00631157 
1.05333 0.000782731 2.39585e-05 1.19892e-05 0.00132147 64.8964 0.282387 0.0258245 2.40798e-05 1.56372 0.219254 2.80005 0.00134619 0.00041218 0.000399364 1.97748 2.16789e-05 3.7714 
0.277255 0.064653 1.92487 0.000443131 0.0348265 117.493 1.35112 0.000197724 1.71859e-05 114.515 0.046891 114.044 1.63968 0.184328 1.63064 1.14001 0.000144567 0.188425 
0.000797429 0.000679135 0.000182915 9.72461e-05 0.0094814 0.456409 0.00541389 0.00593292 0.000638943 53.2291 0.119928 162.436 0.000367419 0.028238 0.0120466 29.2343 1.52699e-05 0.00879878 
8.22913 2.00355 0.00547258 0.428342 0.0325086 127.879 0.00616129 0.00108007 6.59086e-05 0.0193509 1.16123 0.015422 8.96784 0.0615292 0.00161763 0.423318 0.0297353 0.00763621 
0.142793 0.008345 0.71059 0.705898 0.014292 11.3211 2.17526 0.00240474 0.419959 0.209833 0.000824815 0.822021 0.0203521 0.137992 0.00619541 0.310543 1.23687e-05 0.348456 
0.243327 0.00117336 3.21402 7.25398 0.472466 474.403 0.0258492 0.00357749 9.64157e-05 0.0224697 0.0335289 266.482 2.16643e-05 0.205406 0.0476055 49.8866 0.00818356 0.00152864 
0.114384 0.931655 2.52926 0.000873993 5.54033 0.051845 0.000122098 0.00171384 0.190159 0.213682 2.28922 31.5276 0.00105184 0.537535 1.33879e-05 5.14911 2.56155 0.0779159 
2.42385e-05 0.0330674 0.000880311 0.119561 0.000307291 115.142 0.839518 0.493285 0.00230611 30.6422 0.00257644 96.4755 9.19466 1.62312e-05 0.00828232 0.712767 0.000487842 9.10395 
0.202464 0.0230248 0.0575891 0.181218 0.00113556 0.98186 1.96312e-05 0.105761 3.92123e-05 0.0149026 0.000787805 442.491 8.57114e-05 0.269177 0.0183658 1.17438 0.0808687 1.63918 
0.000167387 2.87476 0.121946 0.000127515 0.0364996 251.733 7.48964 0.359319 0.00917528 9.36578 8.45393 14.7908 0.177239 0.000129438 5.68662 3.27323 0.0670284 0.422334 
1.19584e-05 8.53287 0.000344121 0.00328659 0.13035 0.0765613 1.32392 3.18331e-05 0.000129736 5.45242 1.16191e-05 0.0453582 3.34142e-05 0.811061 0.000347209 0.0258383 0.000264774 4.2981 
0.0300235 0.00345196 0.123276 0.150111 0.0121707 0.0203854 8.76584e-05 7.06329 5.08773e-05 471.811 6.31564 361.157 0.00119795 0.00222174 3.89484 49.5233 0.0659707 0.0924209 
3.95114e-05 3.80462e-05 0.213882 6.54036e-05 0.0211577 0.0341581 0.00113682 0.000151819 0.984966 7.72907 0.130598 12.6642 0.00408335 0.621671 1.76462 17.6579 0.000607195 0.00951937 
1.43502 0.0240299 0.00446723 0.288446 0.000775372 0.0698316 2.16386e-05 0.0152817 0.000124254 0.190952 0.000548215 0.0258828 1.38591e-05 0.309127 2.18968e-05 0.572907 0.0402599 1.85694 
0.0258195 0.0116493 0.134973 0.000670645 0.0750667 2.88228 0.00125123 2.43789 2.97086e-05 0.448628 0.265041 0.0191905 3.7718e-05 0.0100017 0.00171138 0.776089 3.66398e-05 3.74727 
0.0181561 0.00342354 0.0010545 0.00103163 2.68714e-05 0.0219741 0.00636208 1.99554 3.57869e-05 12.8382 0.00999699 3.35675 5.74495 0.00223482 0.00528708 18.6039 0.00366588 0.0263737 
2.85576 0.00332458 0.0276282 7.47454 3.333 8.88529 1.13395e-05 8.71169 0.141358 0.212072 4.31845 370.49 0.0204264 0.124024 0.224694 5.67242 0.105725 0.00109749 
0.71177 0.000880233 0.00907324 0.00482039 0.00180552 9.76311 3.96167 0.200091 0.00144026 0.146583 2.08172e-05 27.3655 0.0132567 0.0295703 7.28054 43.3984 5.16412e-05 0.0363893 
3.49198e-05 0.00659496 2.92235 0.433456 0.340324 3.30459 6.09398 3.09372e-05 2.10543e-05 27.0045 7.25911 54.109 0.927855 0.00401601 0.162584 1.06038 0.00432904 0.14053 
9.37033e-05 0.318854 0.00994767 0.000883023 2.3111 0.23475 0.00305275 0.000302403 1.08652e-05 0.0361369 1.68137e-05 0.0385181 0.0742451 0.350876 0.0388469 44.2067 4.30457e-05 0.00199698 
0.000110068 0.0101768 0.00587666 4.83468e-05 9.47339 0.537512 0.000199624 9.03083e-05 1.13993e-05 2.58789 0.00025961 5.79615 1.17325 0.171542 5.1975e-05 10.1564 0.00119239 0.0334005 
0.298186 0.000101998 6.08833e-05 0.000438416 0.335998 0.0465965 0.00343522 0.329659 0.00543069 0.168687 0.721113 40.2722 0.0122744 0.603817 0.000180115 12.232 3.57607e-05 0.00335725 
5.76291 0.0277059 8.36014 3.28843 0.239157 0.513363 1.52856e-05 0.00060076 0.000954825 0.886594 7.9893 11.1254 1.28736e-05 0.00577197 1.32976e-05 0.258948 0.347889 8.50248 
0.00574681 0.410479 0.223363 0.0174235 0.317942 1.84917 0.0423132 0.000643834 0.00303304 21.3011 0.0635496 1.25064 2.7747 0.0609002 0.0552395 0.20355 0.000195008 8.05325 
9.72852 0.000563043 0.0016958 6.3941 5.61472 11.266 8.14316e-05 0.00164496 0.000303921 224.005 0.0046052 158.17 0.0326181 0.131941 0.00260232 0.600017 0.00320333 0.259619 
1.8259e-05 0.47156 0.00390545 3.84831e-05 0.000510706 0.267424 0.00283148 0.00162335 7.28659e-05 0.0202771 0.0598359 0.0190015 0.0543184 0.137049 0.0391753 21.7067 7.24612e-05 0.00497538 
3.75659 0.00919397 0.000214643 0.00299726 0.000529114 0.0261512 0.0395541 1.59371 0.253457 13.8553 0.000164272 1.51338 0.22857 0.00122508 1.49893e-05 2.88027 0.118265 3.70664 
0.000610459 0.65355 0.000235183 0.924892 0.00165561 67.1471 1.46122 1.71484 7.86887e-05 0.0310696 8.17922e-05 0.0372782 0.335866 0.0280807 1.13867 1.36766 0.000651404 0.661849 
0.0457194 0.0472739 3.24444e-05 0.00263377 8.94666e-05 1297.63 0.0259607 0.383027 0.0721785 380.388 0.00110549 0.0509699 1.05781 0.0353202 0.121258 0.567368 0.000293849 1.98397 
6.15087e-05 0.353913 0.116969 1.00163e-05 0.0310484 0.0857158 1.05423e-05 0.000979021 0.00259261 0.0521679 9.77106 10.5855 0.137116 0.00290161 0.0409275 10.2518 0.153683 0.0947737 
0.000379804 0.00041235 1.88764 0.00044277 0.00652777 0.052364 0.00346034 0.217391 0.0680535 79.5485 0.283797 3.0325 1.55375e-05 0.0334106 0.873611 31.8189 0.00169521 0.0218231 
1.92673e-05 1.38315e-05 0.000177281 1.15711e-05 0.000861863 1.12671 0.0428787 0.00397802 0.180513 0.0878107 6.79025e-05 46.0109 0.0288291 0.106428 0.00565251 8.04478 9.11432e-05 0.0365946 
1.07994 0.475779 0.00534299 0.376618 3.39929e-05 1771.6 1.05818 0.000524485 0.000107888 0.513649 0.0177056 72.6994 0.0226898 0.0263416 0.315654 0.659952 0.0612431 3.40972 
0.000766475 0.00678241 2.38043 1.94935 0.000175433 1146.67 0.00036378 0.121855 0.00209962 0.240916 0.0145508 0.717949 0.0274372 0.000197285 0.00438528 18.4323 0.0126075 0.175345 
0.0836215 0.454554 0.0245792 2.37499e-05 4.98066e-05 209.072 0.000384481 2.38793 0.129733 0.0842839 0.00140266 27.6312 1.67219 0.135661 5.92594 43.2767 9.62715e-05 0.0123859 
0.190395 0.00280573 0.000371711 1.62841 9.65275e-05 6.22372 9.66244 1.8231 0.00470859 420.964 3.46191e-05 0.630081 8.55358e-05 0.093521 0.0190748 1.08161 0.00580541 0.227684 
0.00143873 0.0922462 0.374924 8.49305e-05 0.00159658 1971.89 1.05608 0.000718979 0.0048466 0.614593 0.174127 10.5586 4.26681 0.119086 0.000670162 0.407747 0.00267449 0.609377 
1.30434e-05 4.15604 0.00219852 0.22634 2.79543e-05 0.648534 0.632689 0.0636792 0.390594 181.948 0.00230158 261.267 0.00753751 0.00159945 0.00890737 1.38275 0.000463978 4.62841 
0.671197 0.000283286 0.58579 0.0169481 0.0031176 0.0920302 3.77596 0.146741 0.0128424 270.041 0.00399051 0.0438586 1.72051 0.0676636 0.000743303 2.74113 0.00042664 0.0649698 
0.0582807 0.273049 0.00603833 3.11166 0.00560148 0.23393 1.52304 3.29244e-05 0.0692404 1.75254 0.0666032 17.164 8.14327 0.00116246 6.5086e-05 1.48939 0.00174872 0.0318462 
0.832834 0.00176453 0.117358 0.144256 2.29907e-05 20.4775 0.00200237 0.000536868 1.60128e-05 5.44265 0.00404519 302.196 8.18944e-05 0.00634825 1.27686e-05 4.41853 6.76232e-05 0.23068 
1.26043 0.00260889 2.76937 0.0656372 0.000821084 921.081 0.511148 0.00139673 0.132947 44.9406 0.0298316 231.509 7.88881 0.000112021 1.18051e-05 0.639049 0.43697 0.0345953 
0.376568 0.410918 0.00830904 0.000246553 9.98732 1.35013 3.37507e-05 0.00430507 0.000116431 0.0241928 0.942998 0.137271 0.110892 0.121434 0.000139212 1.05653 0.0615331 1.21575 
2.19655 0.0124515 0.0032734 0.000396225 0.00895682 2916.16 0.13001 1.33827e-05 8.37961e-05 9.68178 0.000127282 0.454563 0.00879426 0.0686292 0.00899254 0.75281 0.000695733 0.534234 
1.2335e-05 0.261492 0.00142553 0.000559504 6.40945e-05 140.491 0.005444 0.000233492 0.040543 113.763 0.000556578 13.1399 0.000339911 0.615678 0.0592162 22.4778 1.70934 0.0113967 
5.86531e-05 2.73691e-05 4.08286 0.0101101 0.00500852 102.702 0.865827 0.13564 0.907636 34.0721 0.100842 3.2838 0.0588631 0.0116072 0.00326696 11.1324 6.59426 5.26134 
0.00807389 0.00081227 0.000341782 2.62095e-05 0.000720243 84.7909 0.00627263 0.0738317 3.92723e-05 0.593828 6.99348e-05 3.11207 0.0549881 0.00034956 0.00641302 2.27652 5.01096e-05 8.7293 
2.61424 0.128649 0.00141351 0.000155869 0.00583112 42.2545 5.90953e-05 0.00493078 0.0665016 0.0366539 0.213098 5.28111 0.000240542 1.09076e-05 0.0641951 5.42637 2.27098 0.427889 
4.22713e-05 0.00162121 8.50921e-05 3.86266e-05 0.01053 7.27116 2.34951 3.48458 0.000101665 42.1365 0.0002236 12.5705 0.132175 1.40898e-05 0.0454761 16.0943 1.74775e-05 0.271475 
0.00843583 0.989287 0.245609 8.77123e-05 9.77137 0.0641855 0.330767 3.04777e-05 0.191046 0.106066 4.64769e-05 0.011275 8.16614 0.0111461 0.000271838 8.82965 1.24644e-05 3.84295 
1.31148 2.72068e-05 0.000337911 0.000690916 0.00602935 57.3073 3.94856 0.108575 5.13406e-05 0.0279681 0.0181472 0.668781 7.53632 6.28059e-05 0.780975 0.589608 2.04915e-05 0.486516 
0.000134577 5.40972 4.01314e-05 0.000157984 0.00150021 3.09115 0.0635551 0.000284028 0.000107011 1.17253 0.096315 0.0275461 0.0734549 3.20898e-05 0.189436 1.08021 0.00347134 5.00666 
5.58137 0.00370491 4.10083e-05 0.10394 0.0275786 10.0665 1.40128 3.98997e-05 0.0967277 1.55557 0.158607 0.158993 0.0250173 0.66274 0.0639407 0.120935 0.000251885 0.259319 
7.34229e-05 0.0949493 0.0102087 0.220515 1.74005 259.534 2.59088e-05 3.26354e-05 0.287027 0.0328343 6.98386e-05 2.55172 0.00107296 0.061905 0.224151 3.45319 5.02511e-05 0.0976367 
2.3667 0.00926972 0.401391 2.268e-05 0.106075 364.322 0.00213034 0.000131254 0.313102 0.115547 0.000414914 0.0701151 0.0977285 0.000102995 0.0259055 1.76427 2.52883e-05 6.58924 
0.000239671 0.000499854 0.72465 0.000660794 0.00189008 51.0075 0.128474 0.0845662 0.223877 0.0633566 0.000550156 0.092607 2.58468e-05 0.0740167 0.00447913 1.60625 0.0106959 0.497491 
0.000302003 0.0002711 0.0153347 0.000135171 0.000167505 1249.13 7.428e-05 1.70814 0.00142087 2.10004 7.01614 0.490327 0.17203 0.235306 0.0114651 0.261871 0.0611929 0.341904 
1.54363 0.030627 0.0756188 0.000425898 0.104995 2722.8 2.24271e-05 0.354942 5.92843e-05 0.11417 0.0135833 1.50775 0.0518954 0.103332 2.84529e-05 6.94976 0.0140195 0.0544532 
1.98934 0.0107628 0.0134635 0.000654019 1.39622e-05 356.296 0.184716 0.00067892 0.0854238 0.0214003 9.68218e-05 0.149611 1.09626e-05 0.0114953 8.91309 5.28669 0.008287 3.2133 
0.0145431 0.0120817 1.51621e-05 0.000328423 0.0532294 8.12665 9.90541 0.000175209 0.00045619 0.45258 8.95447 0.389646 0.00193014 0.0794672 0.000132476 0.304287 3.3522e-05 9.84259 
0.00176676 0.000358406 0.00301715 1.28228e-05 0.00149875 1532.51 0.0913764 0.0346195 0.0111144 12.3899 0.000373042 15.1772 1.95007e-05 0.962893 0.150877 3.3665 0.0252146 0.0276835 
0.00134148 0.0229008 0.0365601 0.198279 0.866502 2.98282 0.000398759 0.00112408 0.0301292 182.211 5.27884 79.7005 2.24325e-05 0.329911 0.00394188 0.267585 0.757133 1.29103 
8.27289 0.0103554 0.727712 0.014484 3.75654e-05 1.33922 0.000642309 1.97823 0.000309621 1.08614 0.00103133 15.4552 0.00126615 0.0808993 0.000388231 13.2701 0.000144101 0.0279283 
1.90679e-05 0.0236274 0.000433823 0.000448315 0.00090378 42.6301 2.71579 0.0586187 0.0784173 0.0174907 4.93871 71.9812 1.44576 7.6667e-05 2.4632 0.188228 0.000396544 0.0524543 
5.59575 0.0479994 1.03918e-05 0.000374891 0.0019322 8.68334 0.00354188 0.000363774 0.0983323 0.144805 0.00416135 0.127688 0.0385294 0.0217526 2.56743 39.0482 2.16896e-05 0.0331487 
0.879763 0.0145331 0.00248791 0.00657032 0.00167117 196.944 5.79868 0.000650525 0.0183827 14.1829 0.00256446 236.432 0.0299364 0.0710974 0.00727053 1.04151 9.64099e-05 0.215935 
0.227062 1.04755 0.120599 0.19892 8.51006 0.0101604 7.66798 1.59655e-05 0.000173911 0.0789843 0.0685573 57.94 0.143768 6.89345e-05 0.115049 11.037 6.83505e-05 0.713682 
0.0734325 0.0859179 5.20336 0.0155166 0.00120417 503.323 0.000146665 3.90292 0.000796257 0.0839654 0.554945 6.20822 0.0447798 1.44025e-05 0.000127408 16.1842 0.206719 1.0979 
0.196544 0.00486366 0.334468 0.048824 0.26387 0.02359 0.000943445 0.0447007 0.000111905 326.261 7.63757 0.225032 0.0647507 0.000164059 2.84277e-05 23.1119 2.57187e-05 0.0457476 
0.227097 0.0252321 0.000129863 3.56281e-05 6.72194 1.33304 0.119199 0.0303471 0.000451933 0.0138453 7.24097e-05 41.2134 7.08205 8.86403e-05 1.09804 0.975701 0.00442617 1.12421 
0.605907 0.000330201 6.89537 3.11413e-05 0.072155 840.24 2.1308 0.00081373 0.000162365 435.889 2.16561 14.5721 0.000125779 0.430363 0.338284 0.293601 0.000127523 0.544872 
0.0233438 0.0932865 0.00116759 0.000103764 2.93863e-05 0.366361 2.40217e-05 0.000295505 3.92717e-05 42.3929 0.00163736 28.7359 2.89438e-05 0.317051 0.000751267 0.772868 0.0155324 0.1281 
0.00026187 4.98535 0.0239289 3.55525 5.76011e-05 257.17 0.299942 0.00205579 0.00049758 0.0689312 0.0119616 2.75421 4.78073e-05 0.0150225 2.62635e-05 11.6494 0.0162074 5.75223 
0.000114041 6.84293e-05 0.246218 0.000596382 0.00153128 1543.6 0.005957 8.0356e-05 0.00016975 0.818667 0.396817 437.997 0.64588 0.000740011 0.239349 5.79715 0.0226814 0.11001 
1.39752 2.51454e-05 0.0345129 6.07441e-05 0.000251411 88.9591 0.00376275 0.0265709 0.000698078 0.295038 0.000129896 22.4662 0.00207135 0.000107652 6.02108e-05 6.05938 0.194383 2.8707 
1.56043e-05 6.02225 8.06494e-05 0.0318722 2.17713 16.764 0.0512518 1.47388e-05 0.516288 1.58997 0.141868 12.2698 5.24539 0.241605 2.31478 1.13989 4.98707e-05 0.107333 
0.000172568 0.269652 0.0258025 0.00238686 0.00430131 0.389187 1.53664e-05 0.0248073 4.95594e-05 0.0239412 0.000281493 5.77373 0.226878 0.257121 0.000320777 32.0847 0.134846 0.00404269 
0.000241515 0.0951962 7.24969e-05 0.169561 0.0032355 2.61603 0.145453 0.14096 0.0149164 5.23374 0.000218002 0.280866 2.44959e-05 0.000380227 0.844617 2.92578 5.13095e-05 3.50251 
0.0504681 2.16938e-05 0.0389412 0.000171264 0.000118308 0.046392 0.167339 0.0110133 1.15367e-05 0.518608 0.00126204 161.29 0.00059588 0.216786 1.5105e-05 0.271181 0.00316503 0.680725 
0.000201611 0.000111219 0.346879 0.619922 0.000227015 1401.15 1.39764e-05 2.3503e-05 0.0321135 0.0276116 0.791486 0.233273 0.067579 3.0594e-05 0.559498 7.30061 0.00272972 0.248676 
0.372302 0.614487 4.14855e-05 0.000539182 0.000536244 0.0795125 0.000576541 0.000697298 8.65308e-05 9.50141 4.01915e-05 6.40909 1.65248e-05 0.00039506 0.176147 5.63314 0.00354033 0.951732 
1.93881e-05 0.00605856 3.4584 0.079807 4.69983 2246.98 8.71038e-05 1.04791e-05 0.0187236 361.759 2.66221 79.8627 2.06558 0.843529 3.58825 4.56677 0.0203773 0.523352 
0.307998 0.013117 2.96922 0.0130076 0.009294 0.171015 0.000269251 0.0251586 0.000104098 0.118234 0.0986408 101.942 2.11986 0.129284 0.131202 0.164287 0.00565896 2.5119 
0.215618 0.000182668 4.35786e-05 5.40264e-05 4.53592 1223.65 0.0499428 6.23111 0.000217978 7.4253 0.23368 475.341 0.248925 0.000438008 0.0170306 8.96681 0.0247238 1.70054 
9.49551e-05 2.31312 0.690898 0.0227516 0.0269441 2915.5 0.000464437 0.424377 0.00293925 18.6533 0.0318118 0.079075 0.000116777 0.0692962 0.245222 3.23108 0.00284511 0.161652 
4.79759 2.39748 3.33524e-05 0.000185195 1.56854e-05 2055.55 0.000504626 0.0101523 0.133049 3.51721 5.34704e-05 269.321 0.00236353 0.676706 0.122538 1.85607 0.000157243 0.0405278 
0.0987151 0.193498 0.00968524 0.016427 0.00951913 0.194185 0.000134598 0.0173869 0.000125625 13.727 0.011952 12.0354 0.00441699 0.227168 2.04042e-05 0.374436 0.00340184 0.425047 
0.402145 3.14294e-05 0.0804636 0.0209256 0.950029 0.0443468 0.0239977 3.94766e-05 3.96388e-05 96.2521 0.000587891 0.0620739 6.62728 0.00240343 0.0279718 18.9197 0.000308028 0.107274 
3.18008e-05 0.000820698 0.00794661 0.00102224 0.0137158 30.1967 0.000521262 0.209019 0.000436174 0.322482 0.0829695 5.00822 2.11387e-05 0.00560442 0.0134239 12.6744 0.00939206 0.0666922 
1.67065e-05 0.00752472 3.1481e-05 0.0084372 0.0127626 8.62734 0.619857 0.000147818 1.60067e-05 0.231694 0.00633338 7.64745 0.00059944 0.000192759 0.185993 3.13786 0.000336032 1.90714 
0.0774381 3.62101e-05 8.39458 0.000570842 0.000204776 0.209796 6.40509e-05 0.0268469 0.000200336 6.83226 0.00200766 0.0206066 9.92422e-05 0.00012605 0.00241963 4.68539 0.00435159 1.14925 
0.00430211 0.000217609 0.179916 0.00800239 1.5209 1836.25 0.0002801 0.0117011 0.00278979 0.0169539 1.73347 8.57722 0.000764319 0.000189551 2.0609 16.5061 0.0395726 0.2185 
0.000255185 0.0011184 5.4682 0.0158166 0.0138584 1190.53 6.98208 4.53481 2.12884e-05 0.0327509 2.07916e-05 0.158025 0.00372616 0.218735 1.52754 12.5303 0.508836 0.0569869 
0.000242783 0.0403267 0.00036358 8.20673e-05 0.426471 0.0105799 7.44404e-05 2.27969 4.50718e-05 0.419923 3.36352e-05 0.0701991 0.347964 0.00296945 0.0301852 46.1069 0.00178897 0.0341387 
0.175984 5.34526e-05 1.53452 0.0013644 0.00801051 2785.66 0.177765 5.70762e-05 0.00102407 100.04 0.000134136 0.475051 0.031694 0.000146377 0.000413065 2.71588 0.000222157 8.53027 
0.000966785 0.000785131 1.2771 2.06352e-05 0.000789772 623.195 0.000399764 0.000654685 0.000450547 4.4506 0.0354173 0.0862597 0.01393 9.54532e-05 0.00684472 20.3735 0.00846574 2.78758 
0.428525 0.679564 3.37616 7.39559 0.2428 1697.5 4.03164 0.0772984 0.319199 105.448 0.384963 0.191334 0.017436 0.013369 0.022793 16.5596 0.000707668 0.109959 
9.2373 0.00277743 2.96236 0.000132746 0.00619291 423.871 0.000153728 0.326834 5.63337e-05 200.356 0.0636476 0.553801 0.0938229 0.157819 0.22438 3.01894 0.0117472 0.629188 
0.0065622 0.0161004 0.00734818 2.29249 0.0541259 7.34447 2.5394 0.00217185 0.00109027 9.54312 0.000308364 2.16213 0.000584173 0.0699866 0.011194 1.56119 0.000124687 4.58373 
0.0330235 0.000140891 3.79785 0.362996 2.1334e-05 0.0695377 1.09441 1.84378 0.215814 229.482 9.05782e-05 188.817 3.51379 0.757254 0.022113 23.9565 1.1128 0.0596242 
1.10853 0.186191 0.141094 0.228798 0.0164442 75.0913 0.000273008 7.3811 0.00391341 106.38 3.77605 0.139365 0.00173634 3.43755e-05 0.0012326 15.7161 2.40618e-05 0.575707 
0.00188765 0.224714 0.234248 0.539054 1.78822e-05 0.0142728 0.00037747 0.00940176 0.00244142 0.0498185 1.22159 0.0678848 0.00165159 0.0415246 1.816 3.17807 0.000641081 0.260837 
0.0244456 0.0073898 5.13476e-05 1.63642e-05 1.52029 0.992285 1.40527e-05 0.521443 0.000526582 224.77 0.000211655 0.0493394 0.0495995 0.0193996 0.00112697 6.68383 0.0406747 0.174098 
0.924822 1.20794 2.5011 0.11585 4.92528 0.0112254 0.000806349 1.7587 0.195032 31.436 0.000414125 20.8401 0.570703 0.00202411 0.116271 15.7669 0.705903 2.35265 
0.00101981 0.212592 0.158541 0.253304 0.011062 1032.61 3.01939e-05 0.00775856 0.00260575 3.81383 5.06515 0.0957261 0.387691 0.344261 0.0521505 0.157314 0.00247101 1.43249 
0.000789951 0.000221587 0.000583764 0.00105203 0.000357473 0.0625917 0.000253319 0.579956 0.00176395 0.0511048 0.762997 1.15376 0.00954977 3.4206e-05 0.197387 8.88661 0.00809803 0.260291 
0.00147627 0.000143021 0.00894713 0.443604 2.70994 3.57406 3.41115 0.00025127 0.000275646 1.97633 0.00789527 9.27625 0.0110186 3.0026e-05 0.565277 8.27864 0.000178435 3.86658 
0.00128088 8.4582 0.885528 0.00121078 0.604559 151.457 0.238572 0.130534 0.497539 0.0685281 2.59087 8.77461 0.850599 0.000271772 0.110003 0.0310957 0.00356361 5.03278 
2.06691 0.000308549 0.0135657 0.55383 0.00799209 378.786 0.388214 3.12945 0.00218166 0.0686844 1.86488 4.53854 0.0148746 0.000132537 1.72428e-05 30.079 0.0012834 0.081062 
3.58997e-05 0.0576054 0.167965 0.0829955 1.44387 284.815 0.0313828 0.00118444 0.000189712 24.6006 1.44939 0.0189251 0.000286333 5.39014e-05 0.0245883 31.9266 0.144237 0.133437 
0.115762 2.07745e-05 0.000116848 0.202283 3.17627e-05 0.029533 0.466602 2.95511e-05 8.14472e-05 0.0222325 0.148049 106.251 2.19325 0.000318064 0.0249538 0.108433 9.01672e-05 8.09986 
0.00641839 0.0198551 2.74544e-05 9.65872 0.000201601 11.3772 0.000600776 1.70788e-05 0.000513829 0.410582 0.195467 0.0865598 0.000213447 3.187e-05 0.000214003 20.9867 4.81532e-05 3.699 
0.0161869 0.579385 0.162563 8.64829e-05 0.992511 0.0374141 1.77063e-05 0.345029 0.155232 0.0282861 0.000880092 0.171109 0.0344825 0.00969428 0.431762 4.60342 0.00612237 0.558499 
2.02869e-05 0.000539979 0.00999572 0.00308341 0.221795 0.0163408 0.0023656 8.84597e-05 7.81908e-05 0.086947 0.00360548 1.06822 6.32734 0.00021714 9.17228e-05 17.0966 2.36605 0.0698886 
4.53866e-05 0.0989552 0.000384703 1.18001 2.28962e-05 0.0436914 1.37999 0.00201962 0.00191836 25.6104 0.00010632 5.41699 0.00926457 0.000213167 1.93772e-05 6.6102 0.000807622 0.565767 
2.42366e-05 0.0153502 0.000375646 3.6795 0.623408 287.001 8.35575e-05 3.26096e-05 1.90004e-05 77.3463 7.86895 140.946 0.127609 0.0402423 0.00132169 0.697526 0.00117407 1.09803 
0.00460799 0.293989 3.30542e-05 0.00360776 7.10294e-05 0.0625523 0.0479931 0.0512893 0.66538 163.929 8.0262e-05 18.4035 0.00164926 0.000405193 0.0261808 3.7466 6.62376e-05 2.28716 
0.00391539 3.49061 4.53544e-05 3.93352e-05 1.32896 26.2578 0.0272368 0.0203641 0.0126987 139.811 0.0513234 0.379403 1.33163 0.190258 0.00628053 0.298587 0.0012923 2.23524 
0.000250322 2.91457 0.000634256 0.00355633 2.81817 126.138 1.43815e-05 4.14704 0.000949553 0.134926 0.00505793 0.237088 0.00042198 0.0317336 0.370175 46.1968 0.000151953 0.0397052 
0.00597668 0.00148546 0.527655 0.0616786 0.0202531 58.6852 0.000908957 8.87676e-05 0.00568474 0.254368 1.9808 18.6052 9.72704 4.75783e-05 0.00248204 0.0249804 4.85336e-05 6.17125 
0.000225496 1.52135 1.81988e-05 7.7007e-05 0.078452 0.0141783 0.0292912 0.00627406 0.0143136 0.738377 0.0101156 111.778 0.00412045 0.120106 4.03843 45.7183 0.00106467 0.0156788 
4.10717e-05 0.000285805 0.00064413 0.000309509 0.129909 2.14755 0.0701964 0.000214323 0.0527044 10.4097 0.0641674 201.157 0.000164197 0.000426965 3.51074 1.39891 0.000659853 0.166835 
0.00211428 2.64825e-05 3.19292 0.00699217 0.0117161 0.185154 1.17033e-05 5.58343e-05 0.000206158 0.106244 4.08879e-05 4.9075 0.00212936 0.0414172 0.0379083 4.08189 0.097014 8.91075 
0.00434285 0.000335683 0.000278327 0.000423962 1.80708e-05 0.405821 0.0677995 4.22727e-05 0.361289 0.46914 0.000755261 1.52871 0.00425661 0.000970989 0.00777315 2.06027 1.01699e-05 5.83716 
1.34635e-05 0.12794 0.000223642 0.00629228 0.00130361 275.358 6.97084 0.283235 0.000208061 20.5375 0.115782 0.481087 7.28512 0.097688 0.00653995 0.188161 5.24595e-05 4.41085 
0.000121269 0.0215035 6.3195 0.0706583 0.00474267 36.966 0.155707 2.54315e-05 0.000360478 0.13887 4.78806 26.1276 0.626842 5.61309e-05 0.0203214 4.13524 0.34687 0.103128 
0.00174078 0.0318325 2.17283 5.09364e-05 0.00163136 0.820275 0.336056 0.105339 0.0506546 95.7593 0.00046891 241.622 7.37402e-05 0.00649597 0.0493625 41.2478 0.000532716 0.0522966 
2.49653e-05 2.64e-05 0.0626758 0.0482303 0.000500604 0.270637 0.00034261 0.065662 2.92994e-05 23.1119 0.000145867 115.376 0.00352359 0.404127 1.13901 1.97003 0.0520417 0.116903 
6.08599 0.0685302 3.06439e-05 0.0101282 0.24957 82.2186 0.104189 1.23394 0.00497842 60.4223 1.15229 15.3831 3.95243 0.000156836 0.00016762 0.829383 0.00178905 2.46445 
0.0697346 2.42162e-05 0.884874 7.99355e-05 0.501143 94.4779 0.00135585 2.63325e-05 0.00141173 476.772 0.759464 4.16382 0.0194345 0.264097 0.0151129 0.0985375 0.000160793 9.13251 
7.85388 0.000800493 0.00038802 0.0214094 1.86038 4.76206 0.00144107 0.000279099 0.00010014 0.0179848 0.000221857 0.191429 0.276289 0.000116474 0.978574 34.9185 0.00066622 0.569831 
0.0232225 0.00213596 0.121712 0.000138505 0.00029545 1.63736 0.00588925 3.9393e-05 0.000126237 47.0555 0.000234983 2.40662 0.00679981 0.00913764 1.56694e-05 7.04298 0.000671253 0.858638 
0.000169933 0.0153934 0.0072113 0.00199159 0.0146245 0.0153121 0.073634 0.0014762 0.000956559 251.201 0.0218716 0.0311939 0.379024 0.00175439 0.000264987 17.5672 1.24722e-05 1.98355 
2.26781e-05 0.00036467 0.0543343 0.00466511 0.00650285 3.53629 1.78202 0.0242956 0.000278634 0.161526 0.170328 0.176959 5.64338 1.33377e-05 0.161929 0.170442 1.30492e-05 9.55768 
0.148095 0.00436965 0.0513053 0.00240937 0.136678 290.039 0.533313 0.29968 0.00172057 12.2894 3.71917e-05 0.0385507 0.0744304 0.415056 1.90612 2.2571 4.07758e-05 1.79165 
0.374825 0.000214562 2.22073e-05 0.024664 2.92907e-05 0.207701 4.0133 2.48116e-05 0.00102546 15.7442 0.322859 0.0997476 1.41319 0.0303706 0.907136 8.61713 0.00117743 0.144657 
0.0142948 0.834643 4.86755e-05 1.41097e-05 3.80694 108.813 2.51959 1.48688e-05 0.000128049 123.318 0.410075 0.127414 1.92566e-05 0.000314559 1.54629e-05 8.22132 0.00272057 0.726837 
0.0156104 0.0337404 1.62945e-05 0.927612 0.000267931 56.9906 0.224837 1.2813 4.18573e-05 218.659 5.59934e-05 0.510226 5.30361e-05 0.0326766 0.000103917 47.9574 5.9368 0.851787 
0.000108022 0.0179826 6.97781e-05 2.93746 0.4594 0.0251564 0.103307 0.998277 0.402271 0.150872 0.000143449 9.45596 0.0160127 2.79122e-05 2.60224 10.2644 0.000733897 1.85736 
3.96544 0.0789257 0.0686005 2.13989 4.33078e-05 2.22456 0.00107849 9.23304e-05 0.0500039 0.0824947 2.56452e-05 0.120901 0.03519 0.00737093 0.0498495 3.94941 0.000406472 0.878755 
0.0198363 0.00061129 0.00060106 4.57389e-05 0.000215247 0.0100042 1.19046 0.00354149 0.0215451 11.7214 0.000272987 0.176546 0.0683082 0.501439 0.0039934 0.135095 0.00615288 6.66058 
7.52649e-05 0.172506 1.88746 2.80355 1.56192e-05 15.4751 7.09913e-05 5.35331 0.00567176 0.877938 0.00128438 0.0103398 0.00189941 0.0231126 0.202328 6.53367 0.050604 0.282924 
1.12503e-05 3.15447e-05 1.81914e-05 0.421644 0.049108 0.0512899 9.65979 0.00125948 0.001901 3.13573 0.659976 449.623 0.000104927 2.04358e-05 0.000302226 0.0347346 0.736813 1.32668 
0.104674 0.0685508 0.0365733 0.359054 9.99133e-05 2156.55 2.40792 0.000256508 0.24478 46.9048 0.00577219 93.7025 0.118358 0.00181899 0.000246236 16.893 1.05795 0.00569673 
2.05662 0.112383 0.851308 2.52858 0.00216846 0.0594938 8.13637e-05 0.00722186 0.000220944 15.8692 0.00132846 2.79124 0.00219624 0.00430755 0.00139661 10.6553 0.00982975 0.160689 
3.93356e-05 1.59438 0.0208609 4.14807 6.73505 0.0216197 0.0011927 0.000965711 1.32987e-05 0.0126336 0.000439231 8.79771 0.947936 0.910467 0.138772 0.101261 1.38029e-05 2.5085 
0.0140817 0.0978647 5.53901 1.81162e-05 0.123005 48.5276 0.246136 0.004916 0.129665 5.40563 0.0501916 26.3122 0.00123737 0.000381975 2.86482e-05 2.92308 0.622062 0.180199 
2.84631e-05 0.000706334 7.3804 0.00985268 0.813314 269.52 9.98296e-05 7.91912 0.0174725 0.462301 1.81547 0.68525 0.531098 0.000116626 0.0333188 0.293627 0.250099 4.19912 
0.521223 0.0483448 2.8438e-05 0.000864306 5.7999 18.2766 1.02357e-05 0.787102 1.94203e-05 1.10248 9.32083e-05 0.130483 0.00011809 0.000510039 0.557963 5.26254 0.000115761 5.53065 
8.77046 0.716897 0.00081975 0.0873727 0.00265603 1496.71 0.108315 2.57546e-05 0.00521098 0.0393991 2.66469e-05 8.34066 0.203669 0.000265402 0.000678467 21.6177 0.00780302 0.253528 
3.21389 0.000474611 0.0914558 0.00236882 0.0770992 2782.1 2.08447 8.50544 0.00363682 0.0378445 0.859439 9.63921 0.00111616 0.00833527 0.0022404 5.02625 0.0105914 0.558495 
0.00669119 0.0036024 5.60042 0.00195968 0.000202453 1.79216 0.0929631 0.0177029 1.51835e-05 0.177237 0.00709533 0.0148073 0.000388507 0.319615 0.729911 0.605391 0.000279254 1.0358 
0.00553245 0.00183304 0.0038506 0.000968131 0.00205712 0.0173401 0.00609374 0.126758 0.00171209 347.223 0.000104831 1.59419 0.00233134 0.0131875 0.000754363 1.84123 3.69594e-05 0.781946 
3.95828 0.245551 7.03449e-05 0.757254 5.92961 0.397717 3.21373 0.000601312 2.23822e-05 0.102825 0.0034146 3.60256 3.15455 0.0130304 0.218381 12.2921 0.562095 0.696212 
0.00159886 0.145032 0.0445775 0.00169891 0.00106153 22.7134 0.163765 0.13146 0.00190554 1.43845 0.208938 25.996 0.000155127 0.0237582 0.00522142 0.62734 0.00179319 8.91684 
0.0186992 0.00340422 3.02706 0.000116985 0.0324919 7.84289 0.0141074 0.0357181 0.361613 31.0397 0.000136575 0.163169 0.135649 0.389654 0.00891695 2.3621 0.239107 0.076936 
0.00385078 0.00118015 0.140392 0.00238098 0.000994176 10.2628 2.75836 1.63207 0.0502198 0.0551129 3.24537 0.309019 4.63086e-05 0.0008614 0.00260418 10.6935 0.00375951 0.424235 
0.000941685 0.651042 4.2393e-05 1.18662e-05 0.0155448 0.466035 0.000184467 3.3231 0.006814 297.977 0.0707035 0.0425142 1.33119e-05 0.0010982 1.15483 21.6785 0.00958812 1.01052 
0.000852676 0.332184 1.91902e-05 0.0334429 0.0136859 0.0342646 0.0437423 0.0772003 0.000123704 57.9236 5.72859e-05 3.32656 0.000858694 0.000448455 0.0279826 45.2594 0.00129064 0.489738 
4.09127 0.196146 0.257062 0.000459543 0.190141 0.0200475 0.0283408 0.0109052 0.0564761 0.0786875 0.0145254 2.01157 0.644303 0.310118 3.46442 13.8272 0.000173696 0.0611457 
0.390829 0.000116909 0.166098 0.392719 0.412643 0.633284 0.0883042 2.73741e-05 0.258812 0.0442531 0.0932319 0.014466 2.98072 0.00306081 7.23957e-05 10.0736 2.93429 0.169471 
0.00685354 1.03557e-05 0.218241 4.89706e-05 0.00533563 0.0554608 4.10469e-05 0.000261161 1.76878e-05 2.1025 0.000100041 1.45005 1.02965 0.000258552 6.52344e-05 34.2589 0.0236386 0.502812 
0.00657797 2.38514 0.000720004 0.327279 0.0334727 0.370694 0.0785912 5.07267 0.000758168 0.236723 0.445061 50.2964 1.00418 2.08731e-05 0.917193 0.522037 0.00134387 3.38845 
0.000129772 0.238145 5.2665e-05 0.000921646 0.000277882 341.781 2.04112 0.00922875 0.00731665 0.0340407 3.43763e-05 0.232099 0.057844 0.937382 0.759171 0.0855759 0.0205865 7.90667 
0.00410155 0.00883257 0.0170162 1.05397e-05 0.00187371 0.0215628 1.57147e-05 1.29677 0.236432 0.566795 0.00332254 0.145185 0.00108848 0.00305548 2.20074e-05 10.9583 0.0624572 2.2027 
0.18834 0.00129904 0.000123293 7.10357 0.000208134 0.321624 2.04827e-05 1.90923 1.74573e-05 226.049 0.236459 0.132422 1.65418 0.0643043 0.168958 2.88876 6.81618e-05 4.08518 
4.8616e-05 0.0153205 2.31626 0.430362 6.25697e-05 3.16092 0.157422 0.0130816 0.00134948 46.344 0.00333535 2.86165 1.76736 0.0285251 0.00579417 2.0471 0.0174304 8.66843 
0.614136 0.000203977 5.5521 1.78125e-05 3.33641 60.8236 2.7588 6.79299 0.00071742 0.0339308 0.074498 0.101092 2.6846e-05 0.000480769 0.000126885 32.4185 1.35252e-05 0.571014 
0.0251301 0.0174357 0.848781 1.62668 1.76641e-05 1.0078 0.00213461 0.00163802 2.32145e-05 0.0263542 1.73028e-05 0.816835 8.59396e-05 0.000107005 0.000566756 48.299 0.00100716 0.224979 
0.124213 0.000377 0.0996744 0.00026459 0.323029 1132.57 0.000159525 5.37832e-05 0.0538876 0.0832193 0.00026041 2.03517 0.204478 0.00235796 2.69752e-05 22.9123 0.0214337 0.217207 
0.000355519 0.0251244 1.73827e-05 0.000112453 0.00393092 2.03514 0.896332 0.0230367 0.0573217 0.179879 2.53493 0.97808 0.747742 0.000104546 2.47058 0.500344 0.00079396 3.27068 
5.61786e-05 8.3058 0.149586 0.00386786 0.000193805 104.671 0.772379 1.22121 0.376092 94.3061 0.000102008 295.956 0.0288344 0.00839319 7.66932e-05 0.986768 0.0004493 8.49671 
0.729475 0.000236075 4.99701 0.000231681 1.71693e-05 76.2621 2.14213 4.01935 0.612354 110.776 0.0348369 0.0234939 4.9114e-05 0.000263815 0.0454893 28.26 0.000232037 3.23838 
1.08582e-05 0.0485837 0.125136 5.34297e-05 0.632915 26.0175 0.00255074 0.0906053 0.0117281 344.978 2.6316 2.47623 1.30104 0.000649881 0.000387077 2.12757 0.00136373 2.4702 
0.208866 1.06116 0.0038618 0.0175409 0.00480568 78.5428 4.7771e-05 0.00019869 1.07043e-05 1.25498 0.118593 0.180311 0.0135846 0.00359254 0.770164 6.963 1.93798e-05 1.25134 
9.25288e-05 0.000280275 0.00661495 2.44516e-05 0.0931181 2790.52 3.31459 0.0972063 0.113018 0.0127519 6.36618e-05 0.0214089 0.0949937 0.00630241 0.00627736 6.89586 0.000188248 3.70854 
0.548874 0.0361517 9.33851e-05 3.29422 0.00376719 756.319 0.00441196 0.000128363 0.0194893 42.3328 7.45466e-05 165.332 2.50872 0.971272 1.66972 1.9535 0.121019 0.369331 
4.15581e-05 1.51277 3.12685e-05 2.20641 0.212108 570.811 2.39804 0.000272298 0.00127353 21.5716 7.03709e-05 0.197938 6.2834e-05 0.767206 0.225771 0.752049 0.252884 0.833714 
0.321656 0.000641785 0.00176782 0.892171 0.00277419 4.71654 0.0015204 0.0884563 3.21509e-05 0.0331212 0.224052 0.867625 0.641753 3.29347e-05 0.00931835 4.74026 2.1212 0.604564 
0.0244852 0.0139613 0.00667584 0.00295895 0.0146197 0.0265682 0.0189673 0.000383741 0.000748764 134.188 3.1208e-05 0.142408 3.1363 0.00173255 0.144095 9.91411 0.000325115 2.27735 
0.173033 0.252663 0.000473875 0.000645559 0.00128486 10.918 0.0220599 0.00118283 6.5421e-05 52.5472 2.09909 0.680473 0.00010392 0.00229878 0.000333861 31.9626 4.53213e-05 0.812119 
5.25831e-05 0.00139652 1.59643 0.0498336 0.00548 0.0400729 1.98896e-05 2.76941 0.00082204 1.07294 6.51467 87.8166 1.4095e-05 0.0878838 6.11812 6.3633 0.0137037 0.636 
0.000178991 0.00124907 8.93058 0.00463848 0.00754116 1385.28 3.0287 0.829928 1.20511e-05 35.479 1.55908e-05 0.263913 1.43617 0.00559822 0.00389926 48.3058 0.680673 3.68123 
4.41763e-05 0.000387297 0.152452 0.00538297 6.64379e-05 0.0442281 0.0962598 0.000140272 2.66178e-05 0.0145074 3.0843 1.74909 0.000281189 0.178407 2.12698 2.18156 0.134198 5.43031 
0.000128331 4.51911 6.45597e-05 0.444857 1.12367 0.277408 8.36765 0.00456758 0.000558147 0.0427648 0.0235406 79.6804 1.89737 0.0176186 5.49628e-05 0.704062 0.246214 4.96738 
0.933608 3.29801 5.47593 0.000270917 0.0187916 3.83541 2.00408e-05 8.17852e-05 0.00503745 1.83592 2.64432 0.599604 0.00585064 0.000437738 0.167156 13.8222 0.00150258 3.54149 
0.573672 6.66032e-05 9.26419 0.448371 0.00057386 0.295429 2.87916e-05 1.72358e-05 0.439567 253.886 0.674297 0.0683047 1.16351 0.192037 9.63162 33.2436 0.000446393 0.114548 
0.0177754 2.85522e-05 0.00135538 0.0200116 0.000117965 198.006 0.00136481 5.43687e-05 0.000275135 6.43788 0.0897766 0.526513 2.40241 0.0153648 0.00669586 5.90282 0.233064 8.10656 
1.98086e-05 0.000272259 2.61788e-05 1.16667 0.0832013 57.6201 0.000105733 0.000877818 1.34225e-05 0.0142487 4.19262e-05 0.0499407 0.000999266 0.00518287 1.84319e-05 5.83328 0.000658461 2.03961 
0.548102 0.0966297 4.69987 0.0599713 0.0111781 692.613 2.64097e-05 0.019493 0.00703036 0.0481025 1.36085e-05 33.6542 4.84896e-05 0.0595942 1.19406 12.5653 0.000487571 0.498873 
4.65675 0.444073 2.05446 0.189985 1.6773 0.276269 0.752397 2.075 0.000784735 0.204536 0.473566 0.128145 0.0047651 0.000158231 0.220852 8.8229 0.00245212 2.40917 
0.0099057 2.40296e-05 0.000133011 0.797999 0.839548 85.5621 3.89469e-05 0.511251 2.26472e-05 0.0152055 3.43816e-05 0.535292 0.0667867 0.00314881 0.00057126 9.5183 0.00226642 2.81829 
7.32479 0.00168466 0.00117251 0.000786596 0.000638452 3.04002 0.00043651 0.000345897 0.0138668 84.0665 0.00207904 2.73984 4.41799 0.000103276 0.0230687 49.2761 0.0994101 0.168028 
0.0114384 0.00075849 1.82373e-05 0.00010133 0.0699879 0.0163813 0.00208348 1.07838e-05 0.380869 11.895 0.356655 0.0271905 0.748563 0.771949 1.43897 0.393386 3.66788e-05 0.920451 
0.027472 0.00334619 0.000270888 0.000368693 0.000162818 0.0300323 1.31334 0.000628661 5.28846e-05 5.129 2.76644 0.0166574 0.000223032 0.00438074 2.39301 33.3381 0.000533275 0.275572 
0.213523 2.1736e-05 0.0465726 0.000553448 0.00746226 6.75176 0.0596272 0.00331771 0.00118066 0.0161162 4.50799e-05 0.508491 0.00282753 0.901174 6.41553 4.42395 0.0219922 9.0305 
0.262094 1.12992e-05 0.000325829 3.38636 0.000163995 164.803 3.37632 9.32179 1.54852e-05 135.356 0.0107671 3.79394 0.000178169 0.000598647 0.00094839 11.0898 4.15484e-05 0.851406 
0.000159179 8.99669e-05 0.000107318 0.000189107 0.00493427 0.0677626 0.0159084 2.55928e-05 0.0156257 0.226774 3.35645 0.122577 0.000451402 0.00168193 0.0167506 4.80895 0.00263857 6.89062 
1.90944 6.60213e-05 7.39661 0.667821 8.96977e-05 703.162 0.0274943 1.95775 0.000420533 0.0687347 0.00194436 0.262532 0.00038637 0.9603 0.749908 19.2585 0.77833 0.139412 
1.17375e-05 0.000972811 0.131416 4.74053 3.30228e-05 1.1085 0.0893466 0.0275147 0.00372065 0.188492 2.07155e-05 1.47601 0.000314481 0.0927935 1.40731 5.29316 0.000242756 2.52048 
3.73995e-05 1.70644e-05 0.178077 1.88208e-05 0.135236 0.0213508 2.26332 0.131422 0.00253969 1.00029 0.0101456 22.3529 0.00173661 0.0155167 0.418925 45.5965 1.64471e-05 7.04771 
0.355372 0.00207416 0.29543 1.58733 9.5553 1.65055 1.05337 0.0082984 5.46231e-05 5.04852 0.00192796 115.147 0.019824 0.00184583 0.0057665 24.6428 2.81244e-05 0.517627 
0.0131699 0.0422988 0.000954863 2.9906 2.19241e-05 9.8677 1.66494e-05 0.000691105 0.594214 18.851 0.0194652 4.20486 0.0156826 2.92909e-05 0.00187935 5.79835 0.714561 0.504902 
0.00171614 0.000109172 0.244748 0.000140658 0.00874192 2.52125 0.000125626 0.0131922 0.00012297 0.820095 6.2435 2.31615 3.08874 1.66958e-05 2.90121 0.552178 0.0233221 0.413247 
0.946677 0.000209986 0.0232162 3.80127 1.71489e-05 14.6691 1.17652e-05 1.12177e-05 0.000546922 42.803 0.321377 11.2956 4.71329 0.120383 0.927976 2.98253 0.00130894 4.67112 
0.619065 1.54152 0.0291595 2.1508 3.95698 0.321878 0.00132364 0.000194338 0.00947192 1.80812 0.0147155 1.30543 0.85416 0.00207965 1.57983 39.6555 0.00146687 0.195177 
0.0854252 0.298405 0.17089 0.000616563 0.835997 9.56067 0.000929214 3.38323 0.319276 51.0538 1.03973 2.13077 0.187807 1.17483e-05 0.000902417 3.11921 4.14422e-05 5.71474 
0.0050769 2.97689e-05 0.00676802 3.9863e-05 0.00177801 0.120836 0.00660162 0.656172 0.00242465 4.20479 2.79997e-05 0.651587 0.0190174 0.000253757 0.000252882 11.6639 0.000137293 3.19541 
0.00201134 0.464238 0.000374545 0.151794 0.081094 0.210216 2.3769e-05 1.65373e-05 0.000132232 106.855 1.40242 0.0191039 0.107481 6.46772e-05 0.243312 48.4563 0.000134153 4.90539 
0.992311 4.14094 0.0011666 2.11488 0.206264 0.577977 3.97419e-05 0.355241 0.000460143 179.063 0.0454698 1.11622 2.0556 0.237483 0.0267863 19.3391 3.44809 0.269569 
5.85039e-05 9.1792e-05 5.69114 8.80541e-05 0.0603817 0.0169 0.000759088 0.130015 0.000652829 0.405552 5.0067e-05 1.33047 0.344778 0.00169073 5.76341 31.0217 0.000820725 0.592261 
0.000323479 0.429193 0.0983234 0.246917 6.69621e-05 454.458 4.15857e-05 0.000194507 0.000822976 0.0169816 2.69362 0.42913 0.037198 0.0143566 0.000504425 2.67147 0.216464 7.1937 
0.00528593 0.352318 0.0314497 0.000526365 0.0674259 0.144952 0.00312583 0.00646595 0.0364778 16.607 1.68114e-05 0.420189 0.317808 0.0476977 2.13965 13.1861 0.000767448 5.51305 
3.0479e-05 0.0594611 1.33168 4.01921e-05 7.77187e-05 4.05155 0.00699066 2.11228e-05 9.54032e-05 0.0909466 0.0223278 1.43488 0.0828349 0.0648442 0.000515141 8.74564 0.852509 0.151194 
0.011374 0.000414111 0.39108 2.557 2.01988e-05 6.43987 0.34099 8.29572 0.434592 0.213437 0.000159953 0.02686 0.112144 8.83013e-05 0.00587838 47.4716 0.69554 0.58461 
1.29493 1.43471 0.000269076 0.00404722 0.381933 289.285 0.123767 0.000198264 0.0308618 23.194 7.05671e-05 311.805 5.63574e-05 0.135515 0.00504418 0.575464 0.505197 5.20132 
0.0849743 8.44626e-05 0.00864432 0.000410263 4.49371e-05 5.8795 0.000293206 3.08178e-05 7.24253e-05 430.381 0.0105029 216.758 0.0368831 2.62367e-05 0.00323406 22.6841 0.000580272 0.373886 
5.91075e-05 0.00155847 6.92599e-05 0.000337262 1.82244 0.0103875 2.3135 0.0508457 0.000150104 9.85485 0.583753 0.0175485 1.68062e-05 0.178059 0.204614 48.6678 0.683605 0.0202051 
0.0177474 2.41302e-05 4.60994e-05 0.179689 0.000930508 59.4538 0.0256581 0.000976219 0.483585 0.0699248 0.472222 0.155914 1.72543 2.22813e-05 1.30659e-05 0.94404 1.73261 1.44977 
1.35788e-05 1.72672e-05 0.00381985 8.74602e-05 5.06863e-05 42.2391 0.000467869 0.0362108 0.184715 87.2044 7.41308e-05 6.56356 0.000807775 0.000166694 0.198539 28.9327 0.0273004 1.92109 
6.6923e-05 1.11011e-05 2.34988 5.06794e-05 0.00103082 0.0269106 0.668595 1.10317 0.00020142 0.145504 0.000120547 0.294008 0.000196412 0.00099779 0.0168782 5.43895 0.00186447 4.07418 
0.00115996 0.00380898 0.220551 2.17243e-05 0.0326307 634.251 1.12018 0.0868195 0.0340556 377.452 9.75695 8.50663 1.76367 0.260549 1.45729 1.62397 0.00230395 5.8588 
0.471015 0.00137417 0.00101013 0.000109099 0.001282 141.654 2.24986e-05 0.0185675 0.194867 2.38166 4.85952e-05 1.3304 0.000233714 0.121697 9.82704 21.2596 4.47247e-05 0.253844 
0.00238351 1.69625e-05 0.0192133 0.0182079 1.70871 0.264865 4.78692e-05 0.0561042 7.55739e-05 271.264 0.000112698 0.149441 5.7299e-05 0.000739088 0.145224 8.04785 0.000632352 7.67199 
8.38236e-05 0.000139777 5.2105 0.165376 0.0125819 1.54201 0.00437126 2.90359e-05 3.52816e-05 2.79307 2.82681 0.0158487 0.0173699 0.0442629 7.3978 33.2982 0.00395343 1.69747 
2.33147 0.00583183 0.0441444 3.67427 0.000123013 1.78927 0.000722887 0.00525551 0.00589066 8.71976 0.000542263 0.18492 0.000892486 0.000422597 3.89139e-05 17.3579 0.00784322 6.03592 
0.000797011 0.000653616 0.00170612 2.0815 1.94453e-05 154.799 1.55052e-05 1.31358e-05 0.000252005 0.85353 0.0606202 43.405 0.0628279 5.41736e-05 0.752252 17.6872 0.000187697 9.01612 
0.000318648 0.112984 0.000251231 1.31106 0.00454045 0.19176 3.91273e-05 0.0104502 0.412815 0.282019 0.000106714 5.87895 0.0592359 0.525669 1.34179e-05 2.933 0.903867 0.364246 
0.000189158 5.10338 0.00231254 5.74206e-05 0.00552178 800.188 0.26322 0.000131116 0.0646371 0.305559 0.000349572 14.6517 0.190787 0.0105202 7.57213 34.3798 0.000281632 1.23445 
0.00417798 8.31202e-05 1.3313 0.000266834 0.000139126 0.859247 5.6244 0.0729219 2.65156e-05 0.58991 0.00308021 399.399 8.63359 0.00167813 0.000609998 0.878429 0.338683 2.91532 
0.000268147 3.46846 0.0218244 6.15718 3.64131 71.1671 1.8243 0.00138365 0.0129087 3.8725 0.00783646 0.0135967 0.00192282 0.0013856 2.15727e-05 9.19884 0.000150861 9.05258 
0.0318747 8.88835 2.57697 9.04173 2.47785e-05 23.7329 8.95465 0.00954326 1.94993e-05 129.002 0.440618 0.241741 0.000393903 0.00172526 4.0128 13.5208 0.00607097 6.16697 
0.00358886 0.0001042 0.0177874 0.0100967 0.000140966 0.0110665 1.19655 4.96393 0.0323039 7.49758 0.0179087 277.896 0.00105432 0.00514989 1.57325 5.61784 0.000210061 0.111735 
0.323277 0.162971 3.44426 0.00540873 0.0141233 3.09002 0.000265443 0.253189 9.62759e-05 3.65678 5.96833 18.4432 0.000990365 0.00013634 0.768005 20.0325 0.00114928 0.964586 
0.0311868 3.3348 1.77222 0.00626048 0.211924 0.0308766 6.33256e-05 0.626258 0.000108075 1.11958 0.000818484 0.418455 0.00878081 0.152205 5.3766 3.20176 1.0298e-05 1.8809 
2.11189 0.00114063 9.49755e-05 9.56788 0.0458109 9.81303 0.122588 7.58067e-05 0.00270694 0.0217513 1.46113e-05 0.108099 3.71407e-05 0.0984866 0.0233758 14.5401 1.82663 3.73415 
0.000254099 8.8998 0.000223206 1.91752 0.152297 7.13099 0.972233 3.33436e-05 0.0756141 1.01872 1.30336e-05 93.8342 6.49818e-05 0.0038309 0.000630783 11.1705 0.497712 2.0886 
0.000151176 0.000291848 1.59048 0.0132764 3.51679 1.0963 0.133322 1.7865 0.000447327 0.649397 0.0192059 242.769 5.03121 0.00019519 5.39632e-05 1.27934 0.534686 1.47385 
0.173101 2.16283 0.0230348 4.30503e-05 0.0711963 0.0919769 0.00482248 4.77558e-05 0.511157 100.471 0.8146 0.287851 6.39656 0.00210587 0.385473 2.9982 0.210529 0.95696 
0.000232755 0.109454 0.00107148 7.32066e-05 7.56564 15.5332 3.19513e-05 4.18561 0.000311774 0.0564602 6.73652 0.12609 0.00364172 0.0468448 0.313512 3.49235 0.000119254 9.89436 
1.2202e-05 0.00222775 2.13279e-05 4.59933 8.90085 13.772 0.350413 0.00022674 1.80534e-05 5.9769 2.93099e-05 480.833 2.78994e-05 7.07684e-05 0.0252512 44.5659 0.00570425 6.9271 
0.673256 0.0262107 0.000489153 0.0040794 0.022321 1121.12 0.00555093 0.00195655 7.2759e-05 317.561 0.630109 45.0575 0.00330843 0.166131 7.76923 5.38521 1.24275e-05 8.23639 
0.00962702 6.97088 0.000121203 5.81649 8.84027e-05 0.0486998 9.23023e-05 8.83597 1.25216e-05 0.0174344 0.130594 64.1167 0.00694399 0.000830301 0.790934 31.2264 6.79493e-05 1.12097 
0.00719376 0.00162204 0.000812214 0.0531889 0.000109545 783.71 0.00834223 1.61129 6.36023e-05 2.67332 4.4686e-05 5.61152 0.0173783 0.298595 0.0582961 20.6779 4.39765 2.79837 
8.1557 0.0023054 0.583812 0.000261666 8.9068 19.2701 0.000116587 0.00010339 0.000202633 3.14122 6.55922e-05 0.551957 0.0101629 0.0176848 1.43803 7.57891 0.01293 5.04249 
0.00252263 8.16414 0.0378876 2.03321 0.387785 0.152629 0.0137902 0.000746598 0.00760696 0.175069 0.000796461 14.2507 0.0016729 0.34746 2.91505e-05 4.25978 2.32629 0.538331 
4.59178 1.3783e-05 1.47132e-05 0.00239025 0.398438 236.38 0.0021617 0.000839953 0.00188242 0.272081 0.788745 4.63162 2.25365 0.0962716 0.0081976 5.59602 2.53244 0.92097 
2.72677e-05 0.0274416 4.51438 0.0170214 0.000483696 200.4 0.00170703 0.000166508 0.000233875 89.0539 0.0158229 19.0627 0.00339942 0.000852974 0.147782 19.0683 0.4926 1.39183 
0.0135853 0.000128164 0.00387093 0.305963 0.000351065 0.993778 1.48923e-05 2.48919e-05 2.09478e-05 20.5517 0.0365386 61.3591 2.50433 0.187876 8.08228e-05 2.51793 1.20226 1.53925 
4.73329 0.171153 9.14743 0.0216187 1.94294 0.017717 0.11046 0.0152762 0.000139707 52.0409 0.00360122 53.3896 0.00035691 0.00797844 0.0819375 20.3959 0.588665 0.665238 
0.389919 0.309376 2.49096 0.00700436 0.0609193 5.36179 0.00106016 2.69012 7.16754e-05 274.052 5.00951 113.243 0.000478981 0.220811 1.57071 1.62023 0.218103 5.82435 
0.000435018 0.0948363 2.11369 0.0140039 2.195e-05 138.1 1.13531 3.99576 0.560927 206.431 7.29628 0.015194 0.00198842 0.00634838 0.451487 21.5203 0.0361819 8.98191 
0.000125219 0.000768224 7.00769e-05 0.0174992 0.0101241 77.3466 0.00114068 1.46459e-05 0.00154802 0.256179 0.00789202 73.7214 0.000854363 0.900796 0.0484022 2.57331 3.79701 1.42535 
0.000503251 0.157603 1.4511e-05 0.00100119 2.36024e-05 0.015364 0.00537656 2.06212 0.00356689 221.254 0.0011365 0.190199 9.31746e-05 0.0059554 0.00337798 11.0285 0.303088 4.40776 
5.23949e-05 0.00030027 0.00471314 0.262703 0.00562485 0.0432024 0.619964 0.0203075 0.000256038 0.130852 3.73431 0.171524 0.000161917 0.287881 8.47891 14.579 0.265928 1.59176 
