-337363.1388
-336929.6049
-336115.0853
-335652.0107
-335382.3917
-335235.7274
-335097.3613
-335077.5161
-334861.1561
-334300.3251
-333799.2779
-333521.4095
-333346.6631
-331142.1818
-331034.9761
-329226.0697
-328898.0358
-328681.859
-328028.1981
-327982.7897
-327148.8
-326223.181
-323688.1657
-323431.793
-318548.3133
-318108.1132
-317217.9337
-315054.7396
-314910.5708
-314245.9313
-314214.8151
-314091.7239
-314086.0695
-314083.1717
-313950.8736
-313103.4771
-312993.105
-312907.5794
-312513.1911
-310845.9307
-310828.0627
-310503.9939
-310061.2313
-309830.0892
-309555.1058
-308631.1317
-306404.3874
-305936.704
-305568.7969
-304132.4021
-303779.679
-303494.182
-302998.8475
-302422.9283
-301106.6342
-299947.5302
-299936.5844
-298356.8466
-297943.9675
-297140.8386
-295853.0493
-294987.4027
-294841.7133
-293918.5484
-293609.9344
-291895.4809
-291857.3992
-291441.729
-290880.5744
-287951.0295
-287262.236
-285926.893
-285768.951
-285664.1728
-285072.8267
-284214.592
-281160.5868
-279802.3433
-279766.1791
-279653.6924
-278501.1397
-277860.6712
-277752.9487
-277103.713
-277014.1469
-276421.8363
-276194.7447
-276186.9297
-275521.8264
-274179.08
-273647.7616
-273462.9372
-273080.6537
-271426.4167
-269907.303
-269718.243
-268365.9663
-267135.409
-267115.1857
-266946.4745
-266656.3647
-266127.5284
-263615.5827
-262523.0744
-262156.1222
-260563.321
-260254.4698
-257054.5323
-256991.156
-256289.2167
-256279.4285
-255838.7077
-254674.0917
-254376.5358
-252881.8644
-252196.715
-252005.368
-251721.6024
-251137.2211
-250342.0265
-250207.0131
-249656.2048
-249563.042
-249201.1637
-248059.3338
-247291.9302
-247194.9602
-246847.3156
-245039.397
-244900.6554
-244615.4381
-243880.9168
-243831.2913
-242862.1877
-242131.0185
-241976.5809
-241885.9824
-241821.3136
-241575.4457
-241405.0854
-240803.9505
-240487.0747
-239778.4154
-238959.0119
-238005.406
-237605.4815
-237010.8721
-235263.249
-234177.4494
-234023.9823
-232080.4801
-230519.3763
-229675.0068
-228839.5075
-228009.0883
-227784.8202
-227377.7398
-227329.4387
-227309.6316
-227047.2356
-226153.9265
-226111.9059
-225987.7191
-225268.9817
-224641.6697
-224576.2784
-224520.7391
-224143.1523
-223869.0434
-223826.1535
-223176.5971
-223088.2394
-220944.6382
-220403.7689
-220305.3894
-220294.0198
-220196.3858
-220156.0399
-219464.896
-219226.2641
-218970.4916
-217965.4318
-217256.1416
-217092.7168
-216856.7748
-215910.746
-215605.0174
-215179.1757
-214721.5465
-214134.7713
-214055.7166
-213767.4216
-212947.7599
-212811.3802
-212729.4708
-209971.1708
-209818.4653
-208021.0694
-207562.9294
-207162.0492
-204079.687
-203089.0072
-202654.4988
-201419.2411
-200326.9279
-199359.4133
-199180.5248
-198963.9327
-197315.2583
-197308.8881
-197084.2244
-196244.8978
-196139.1206
-195569.071
-194234.9023
-193912.297
-193911.0492
-193033.3974
-192734.3762
-192031.7837
-191759.4343
-190765.2474
-190644.6704
-189543.9613
-189069.2631
-188963.3063
-188179.7974
-187845.2085
-187152.62
-186754.2341
-186727.8254
-186473.2648
-185965.4935
-185673.8306
-183610.9356
-182991.048
-182950.7957
-181706.3259
-181516.3802
-181507.5198
-179729.8144
-179104.4981
-178993.2095
-178515.9642
-178310.8763
-177160.6282
-177157.4611
-177049.6117
-176100.3744
-175983.3075
-175922.6959
-174487.9885
-173918.2333
-173313.0861
-172894.1921
-171977.0583
-170976.183
-170889.337
-170512.3902
-169685.6152
-168958.0458
-168944.2935
-168194.6247
-167244.6801
-167107.9503
-166958.639
-165199.0014
-164135.7256
-163019.7464
-162682.138
-162670.9776
-162452.302
-162115.5609
-161581.1471
-161479.9597
-161066.5819
-160961.882
-160468.6057
-160205.9576
-159510.345
-159244.6357
-158975.8173
-158481.991
-156668.9638
-156482.925
-156289.32
-155824.8549
-155569.5314
-153668.069
-153157.5031
-153031.299
-152828.8927
-151490.2632
-149033.9781
-148995.1195
-148505.1699
-147821.5927
-147819.9436
-146494.3665
-143616.8991
-143438.8968
-141615.984
-141355.2183
-140950.8053
-140192.1792
-139279.352
-139066.8594
-137233.9569
-137000.7498
-135798.2904
-134861.8481
-134848.3671
-134554.5764
-134312.9654
-133895.8375
-132609.9409
-132394.8562
-132273.3667
-130125.3602
-129936.3819
-129915.0405
-129822.1377
-129815.3927
-129527.576
-129464.9647
-129449.3564
-129366.0199
-129153.8827
-127824.8949
-127665.315
-127002.8465
-126459.4243
-126105.3663
-125228.0536
-124765.2081
-124467.7292
-122282.8788
-121311.4052
-121265.2147
-120671.8725
-119784.447
-119031.4589
-117563.3579
-117194.3279
-116099.9417
-115964.6718
-115437.24
-114888.0438
-114736.492
-114576.0322
-114519.7647
-114070.0992
-112622.8795
-112543.9107
-111315.0116
-111083.3345
-109886.2724
-108755.9819
-108592.9396
-108133.0437
-107964.8491
-107778.0776
-107777.0724
-107528.4229
-105833.559
-104814.3698
-104089.7625
-103834.9173
-103532.2405
-103219.9249
-100712.0202
-99977.90095
-99760.39634
-99522.07219
-99081.48105
-98249.47175
-97258.73278
-96008.3692
-95556.46537
-94994.52007
-94675.80562
-94671.97268
-94111.07624
-94047.37028
-93815.52217
-93739.29617
-93718.02093
-93663.41379
-92179.64247
-91864.03299
-91712.11983
-91068.88947
-91005.40807
-89749.66231
-89466.93809
-89359.18748
-88977.09586
-88745.05986
-87448.52816
-86148.47212
-85891.35176
-85225.67072
-85112.60774
-84902.88135
-84554.88529
-83975.44181
-83811.13347
-83211.31528
-83154.8974
-82983.99988
-82530.81154
-82152.36756
-81157.48867
-79992.62203
-79750.84789
-79603.3081
-79047.75474
-78926.94432
-78782.37425
-78699.68397
-77848.71912
-77328.518
-77298.11897
-77154.60504
-76663.8333
-75852.39218
-75219.52433
-74899.6233
-74889.596
-74752.12999
-74303.00567
-74145.0472
-72228.00397
-71981.23373
-71567.17007
-70369.05879
-69817.15053
-69552.4393
-69534.35226
-68851.55391
-68230.72474
-68000.1382
-67087.77025
-66835.74207
-66378.98602
-65298.27079
-64861.17507
-64662.3054
-64426.1034
-64256.09601
-63384.85836
-63292.29207
-62127.81041
-61327.39174
-58970.86441
-58863.37266
-58626.1855
-58258.32602
-58085.26984
-57076.02244
-56842.6179
-56576.43769
-56037.07586
-55728.29997
-55650.21135
-55025.55316
-54343.53239
-52097.94565
-51820.54172
-50335.11499
-50068.73859
-49312.3276
-47263.9169
-47078.17651
-46734.12004
-46151.91792
-45300.67508
-44982.85101
-44724.95983
-44472.06858
-44443.60219
-44425.78215
-43330.48386
-41951.34908
-41632.05708
-41569.69315
-39737.59285
-38776.49156
-38638.54439
-34690.30698
-34199.09106
-34111.166
-33833.42075
-33604.378
-31866.00128
-31488.13825
-30175.50421
-28584.06934
-21451.92656
-20868.91898
