-22579.11736
-22565.88272
-22550.82983
-22544.16795
-22495.14683
-22492.39044
-22491.09737
-22455.33471
-22426.81736
-22425.2453
-22327.68232
-22313.06348
-22309.42677
-22304.23176
-22280.21613
-22260.92185
-22258.95545
-22209.10363
-22180.46936
-22157.39597
-22133.91148
-22128.82377
-22119.18736
-22115.9732
-22090.50996
-22074.25494
-22069.33184
-22068.7001
-22015.29688
-22003.64796
-21939.18769
-21853.93378
-21817.57052
-21811.84219
-21809.75412
-21803.49689
-21767.39699
-21758.53773
-21754.28667
-21728.26134
-21727.39074
-21722.72971
-21705.56159
-21704.11303
-21670.59161
-21664.1973
-21627.22857
-21593.57548
-21555.42174
-21543.32396
-21537.37564
-21534.56361
-21527.32427
-21493.32234
-21483.64444
-21469.33674
-21451.92656
-21449.58128
-21406.68657
-21389.81215
-21385.96888
-21383.17429
-21378.84955
-21334.09459
-21327.04415
-21321.95904
-21255.35439
-21247.11436
-21243.99518
-21194.37365
-21184.53209
-21166.7244
-21164.33064
-21112.20392
-21059.28423
-21057.22177
-21032.82466
-21024.99663
-21011.54985
-21004.24162
-21003.59684
-20996.64828
-20980.43801
-20946.39659
-20926.94785
-20917.75154
-20887.76167
-20872.26509
-20868.91898
-20834.30179
-20810.78274
-20800.87879
-20762.7916
-20712.30384
-20661.34497
-20658.93535
-20635.5762
-20608.58122
-20581.74263
-20578.44254
-20562.06826
-20559.57912
-20556.94202
-20553.64302
-20550.08158
-20473.13203
-20457.92324
-20443.93582
-20425.55589
-20399.97736
-20393.22694
-20392.16015
-20374.77972
-20362.40365
-20343.35986
-20329.09291
-20308.05188
-20270.91914
-20264.76252
-20260.28558
-20252.46554
-20164.66189
-20133.02777
-20106.35343
-20076.006
-20065.25903
-20048.07405
-20043.16766
-20042.47824
-20018.20915
-20013.57584
-20007.05881
-19981.58054
-19974.85387
-19963.41759
-19941.10528
-19917.4825
-19900.74994
-19897.02412
-19803.21002
-19791.51736
-19790.55397
-19780.65969
-19754.36094
-19753.87085
-19747.75438
-19741.87894
-19716.34067
-19703.63306
-19695.04101
-19689.56466
-19672.75668
-19669.63958
-19620.20849
-19532.99187
-19524.27852
-19491.02438
-19489.23923
-19464.05045
-19448.79703
-19387.51868
-19374.59358
-19345.29763
-19273.80401
-19260.29023
-19244.97594
-19223.50475
-19208.38301
-19169.21149
-19114.31181
-19104.3526
-19099.22589
-19081.49041
-19076.39333
-19051.52841
-19042.0863
-19032.43981
-19026.36288
-18993.61826
-18975.41404
-18945.58441
-18923.87228
-18916.82676
-18836.76509
-18770.6354
-18747.66327
-18710.44869
-18699.31409
-18698.35117
-18639.47692
-18612.49442
-18481.5803
-18472.81245
-18449.09676
-18399.96643
-18399.55779
-18384.27407
-18364.55464
-18352.03462
-18260.708
-18204.59107
-18182.02673
-18113.64392
-18087.00337
-18062.23424
-18045.34231
-18022.99382
-18012.22383
-17959.553
-17916.49562
-17910.57355
-17901.54521
-17863.07156
-17843.34319
-17825.0333
-17813.04752
-17788.29116
-17750.56768
-17748.80209
-17715.75365
-17707.21572
-17671.05949
-17642.10713
-17595.25454
-17582.86341
-17575.73635
-17535.78039
-17484.73858
-17459.24136
-17453.60501
-17446.20301
-17397.55959
-17393.27417
-17380.63417
-17361.62071
-17343.11585
-17337.90822
-17262.3467
-17230.54023
-17220.56512
-17190.98121
-17178.61015
-17139.32878
-17114.06165
-17102.69005
-17102.23157
-17096.6639
-17090.89461
-17032.38846
-17030.04822
-16958.8754
-16907.34614
-16892.66605
-16877.76025
-16785.00566
-16745.13989
-16712.17075
-16709.1819
-16638.97082
-16622.88162
-16620.65445
-16599.50805
-16591.23447
-16582.49456
-16554.25195
-16513.26181
-16511.59883
-16500.38978
-16489.21306
-16464.55394
-16456.50022
-16437.47907
-16408.0925
-16356.11171
-16309.75594
-16309.1978
-16308.81259
-16210.92173
-16185.19987
-16122.27778
-16051.40966
-16043.93476
-16036.77676
-16002.20857
-16001.57731
-15938.82675
-15916.33024
-15914.47674
-15875.13746
-15848.18487
-15847.68117
-15826.56464
-15819.77399
-15809.19935
-15769.91157
-15758.66907
-15754.8866
-15747.03134
-15709.59311
-15658.01781
-15636.07993
-15618.09491
-15612.34557
-15601.9533
-15532.75869
-15511.79144
-15485.48148
-15484.08304
-15351.35529
-15351.16492
-15335.84872
-15293.74577
-15242.24542
-15240.36283
-15236.72823
-15167.76447
-15049.95259
-14976.31042
-14960.16886
-14803.12393
-14718.30662
-14668.19641
-14660.3456
-14613.21454
-14595.4642
-14587.24552
-14554.49884
-14551.42507
-14544.80629
-14528.27714
-14520.17516
-14484.79748
-14479.12184
-14454.28173
-14390.16887
-14383.65535
-14381.61876
-14372.29624
-14260.8593
-14191.2686
-14190.48812
-14184.31868
-14142.53171
-14129.18046
-14029.80843
-13798.92613
-13788.30492
-13728.57344
-13700.54872
-13687.73502
-13678.88624
-13535.13166
-13470.34216
-13461.37961
-13452.14591
-13428.08629
-13366.01945
-13316.28597
-13302.33207
-13269.51512
-13246.93117
-13235.55893
-13208.80484
-13102.52151
-12970.88176
-12891.57257
-12825.93151
-12797.90282
-12647.35587
-12547.4568
-12483.1951
-12481.39378
-12432.78688
-12406.89728
-12211.40966
-12201.95306
-12152.5318
-11964.29027
-11844.27593
-11811.96785
-11806.68284
-11798.90974
-11767.5052
-11757.33125
-11700.65358
-11587.54816
-11560.11506
-11516.50774
-11398.20852
-11335.02332
-11328.12402
-11320.23148
-11320.10122
-11317.61926
-11266.00457
-11243.40662
-11232.29915
-11186.68145
-11127.35395
-11060.96186
-11036.2774
-11026.65555
-11018.52992
-11004.85748
-10986.44132
-10952.39853
-10890.79232
-10817.53855
-10748.29423
-10683.1637
-10559.71837
-10419.83792
-10390.86538
-10337.3832
-10148.16736
-10068.3125
-9989.107247
-9862.774298
-9755.286807
-9645.291207
-9624.837235
-9576.897548
-9404.514437
-9341.110272
-9290.92688
-9080.58697
-8956.165586
-8877.394882
-8876.146568
-8709.054471
-8652.618734
-8624.677364
-8613.584922
-8313.247791
-8308.429144
-8265.861857
-8189.7078
-8121.433287
-8081.652453
-7774.169525
-7729.923385
-7598.000353
-7559.669258
-7481.397181
-7290.617629
-7219.292815
-7159.924132
-7158.30301
-7111.641434
-7107.501562
-7102.478866
-7078.249992
-6984.412327
-6951.07799
-6768.617887
-6703.708332
-6684.219835
-6660.498873
-6501.607919
-6158.793066
-5684.769647
-5666.687485
-5625.169232
-5563.555826
-5271.872938
-5008.303246
-4986.65429
-4947.265111
-4810.237372
-4686.073933
-4595.989073
-4547.200109
-4527.728953
-4370.065904
-4340.59644
-4108.724327
-4003.583469
-3490.666432
-3456.295659
-3408.412049
-3109.177958
-2954.187731
-2866.423815
-2344.555114
-2290.724215
-1966.893559
-1498.790607
-1406.967833
-1384.052662
-1167.130754
-972.3105403
-893.0454621
-865.2368888
-804.4485221
-759.3661941
-588.8897416
-461.5916249
-264.3020457
-202.0528082
-197.5407247
