-63099.89346
-63085.16564
-63039.00447
-63031.4573
-62875.4166
-62848.54045
-62840.44629
-62828.00059
-62796.13358
-62773.03972
-62745.98646
-62722.5951
-62649.28717
-62626.58341
-62601.15208
-62455.32042
-62340.59702
-62236.91945
-62229.00127
-62222.26465
-62127.81041
-62126.71606
-62048.19161
-62027.74866
-61864.08663
-61812.42197
-61808.80737
-61705.20533
-61684.97036
-61645.13878
-61621.12822
-61613.56762
-61469.48106
-61429.84985
-61428.14334
-61327.39174
-61285.0846
-61217.35378
-61022.34199
-60834.84417
-60832.5817
-60824.48287
-60744.35345
-60683.75546
-60658.03307
-60645.49999
-60578.30476
-60489.93743
-60455.01996
-60298.78122
-60296.40347
-60192.26882
-60115.32224
-60042.78374
-60013.77651
-59999.88955
-59772.30696
-59680.8234
-59668.42161
-59617.52006
-59555.13523
-59544.41824
-59345.24134
-59269.39127
-59123.21753
-58970.86441
-58922.73688
-58900.77793
-58866.28672
-58863.37266
-58841.30939
-58626.1855
-58560.13052
-58498.80452
-58476.05499
-58466.20758
-58321.26057
-58258.32602
-58245.90697
-58229.5665
-58182.82882
-58180.74984
-58103.35134
-58085.26984
-58027.30916
-57935.71191
-57879.72925
-57826.24597
-57817.61894
-57668.08187
-57484.145
-57307.5278
-57287.54533
-57179.51312
-57076.02244
-57065.24749
-57037.70487
-57009.32248
-56842.6179
-56787.54414
-56785.41016
-56660.04652
-56609.3563
-56591.36953
-56576.43769
-56421.01308
-56416.14268
-56173.40371
-56125.31523
-56095.13628
-56071.27222
-56037.07586
-56035.51877
-56015.21084
-55974.6139
-55918.253
-55856.84158
-55825.99685
-55824.18809
-55809.12013
-55790.89917
-55790.13554
-55786.25809
-55754.97031
-55737.8127
-55728.29997
-55723.79101
-55695.98969
-55660.48644
-55650.21135
-55643.67942
-55556.88449
-55470.00916
-55466.67516
-55413.57921
-55406.55233
-55396.65591
-55364.93987
-55362.46405
-55355.25656
-55340.0578
-55289.99085
-55252.7444
-55179.07477
-55035.40936
-55025.55316
-54992.88605
-54984.39054
-54947.94441
-54899.59184
-54898.4284
-54893.08162
-54808.21063
-54741.97782
-54685.26598
-54649.72441
-54604.5794
-54549.9282
-54343.53239
-54340.30659
-54141.15327
-54107.38055
-54086.19708
-53938.58054
-53839.10159
-53823.84536
-53654.37413
-53627.61736
-53622.37364
-53575.04596
-53554.30849
-53552.33713
-53528.67884
-53510.57115
-53335.54206
-53314.66322
-53159.47986
-53105.24784
-52846.06975
-52791.39265
-52783.71934
-52767.44458
-52703.98506
-52632.09839
-52618.49684
-52544.00662
-52525.66272
-52514.37437
-52438.86616
-52403.32549
-52334.3776
-52303.33502
-52298.43936
-52224.89113
-52100.22325
-52097.94565
-52008.26617
-51902.13784
-51824.67952
-51820.54172
-51795.9591
-51426.78534
-51402.64694
-51272.3661
-51141.03523
-50802.06479
-50801.04473
-50768.96316
-50765.27798
-50626.76454
-50567.26016
-50505.20179
-50335.11499
-50246.95857
-50170.91872
-50144.17136
-50068.73859
-50065.18178
-50038.89637
-49904.21276
-49891.21304
-49841.5281
-49593.41594
-49563.35945
-49536.31446
-49320.72341
-49312.3276
-49232.25126
-49209.95067
-49151.55865
-49096.78033
-48954.45904
-48903.71282
-48893.51125
-48841.61496
-48795.77341
-48689.03603
-48397.71041
-48342.31814
-48318.79886
-48304.33155
-48250.0428
-48095.18781
-48084.18445
-47941.03309
-47838.65522
-47820.61193
-47697.63975
-47686.99275
-47591.09377
-47548.17989
-47450.04633
-47389.4916
-47263.9169
-47219.92297
-47089.80812
-47078.17651
-47043.66905
-47025.76874
-46792.17187
-46734.12004
-46483.45479
-46462.70913
-46344.85504
-46340.89634
-46260.43906
-46228.96873
-46151.91792
-45829.81568
-45817.13915
-45642.00667
-45612.8381
-45563.41483
-45556.65504
-45506.21923
-45499.27079
-45444.6723
-45444.08464
-45401.05345
-45366.63262
-45300.67508
-45248.62867
-45197.10142
-44982.85101
-44923.22546
-44759.45194
-44724.95983
-44722.93675
-44701.24274
-44697.76963
-44615.57388
-44613.8351
-44608.76092
-44596.43077
-44562.2044
-44472.06858
-44443.60219
-44425.78215
-44345.88225
-44309.67357
-44304.83295
-44169.53199
-44136.30326
-44091.30377
-44081.42516
-43954.15404
-43920.513
-43917.48345
-43880.79744
-43867.5176
-43658.89368
-43611.93135
-43600.29483
-43360.06637
-43330.48386
-43294.85837
-43272.15602
-43209.10351
-42996.85689
-42977.72502
-42940.13529
-42869.56485
-42707.08168
-42678.34336
-42579.90915
-42535.52294
-42356.69515
-42342.40492
-42250.35076
-42216.00292
-42162.97909
-42114.0709
-42083.00178
-42075.96365
-42050.72736
-41951.34908
-41917.46977
-41760.8504
-41704.05986
-41632.05708
-41569.69315
-41545.23486
-41387.60043
-41112.39441
-41051.15324
-41020.74093
-40916.31524
-40751.56418
-40736.73577
-40556.78002
-40396.72295
-40384.20602
-40117.50225
-40092.54091
-40053.92155
-40017.59859
-39888.8836
-39789.64846
-39745.71532
-39737.59285
-39695.26794
-39586.71148
-39405.62835
-39239.35782
-39195.94957
-39175.88078
-39170.54483
-39038.28655
-38952.27901
-38942.92635
-38776.49156
-38732.25491
-38676.14451
-38638.54439
-38576.42932
-38428.31294
-38397.67465
-38355.48708
-38240.46709
-38209.89091
-37980.45509
-37892.62167
-37859.51535
-37786.34121
-37713.42135
-37658.00309
-37639.72854
-37619.06896
-37615.06183
-37387.93914
-37340.91911
-37320.78953
-37304.16619
-37240.84916
-37173.35375
-37170.80945
-37067.61477
-36958.44966
-36589.01102
-36550.55213
-36469.33449
-36379.63715
-36027.04085
-35882.7081
-35674.82492
-35490.80451
-35245.26695
-35221.43186
-35215.80577
-35191.69072
-35178.57346
-34968.82813
-34864.35659
-34843.55476
-34765.98476
-34692.81448
-34690.30698
-34656.03928
-34213.83746
-34199.09106
-34196.82694
-34111.166
-33897.91052
-33833.42075
-33604.378
-33451.25897
-33450.94665
-33226.42026
-33166.36641
-32974.977
-32885.88267
-32850.07051
-32821.64869
-32569.30108
-32419.96944
-32264.22583
-32177.52619
-32087.1144
-31971.55936
-31866.00128
-31831.11575
-31706.23568
-31670.839
-31488.13825
-31423.05118
-31396.52943
-31157.87857
-31150.76576
-31015.28559
-30519.98971
-30320.00194
-30175.50421
-29244.77254
-29088.96812
-28908.79311
-28906.86287
-28584.06934
-28452.77076
-28403.85428
-28167.08953
-27955.55931
-27914.69224
-27379.69395
-27220.03274
-27057.76365
-27036.35354
-26971.07234
-26434.17231
-25977.09904
-25910.2512
-25850.88404
-25480.89362
-24944.19735
-24698.98413
-24544.20295
-24395.18138
-24252.67073
-24237.96877
-24138.8063
-23898.35062
-23837.4812
-23706.99272
-21670.59161
-21451.92656
-20868.91898
-19464.05045
-19208.38301
-17901.54521
-17813.04752
-17139.32878
-17096.6639
-16513.26181
-15758.66907
-15240.36283
-14976.31042
-14587.24552
-13269.51512
-12432.78688
-11243.40662
-9080.58697
