-176.1298857
-176.1095241
-176.1043216
-176.0765777
-176.0724532
-176.0602326
-176.0596964
-176.0556351
-176.0537848
-176.0483589
-176.0468038
-176.0413392
-176.0400078
-176.0298105
-176.0200265
-176.0062363
-176.005418
-176.0026462
-175.9875818
-175.9818578
-175.9622773
-175.9565024
-175.9530063
-175.9449271
-175.9432675
-175.9218736
-175.9172756
-175.8991641
-175.8895803
-175.8800634
-175.8782391
-175.8764956
-175.8628918
-175.8586685
-175.8475936
-175.8455996
-175.8436232
-175.8332957
-175.8293188
-175.8235962
-175.8180954
-175.8133279
-175.8101957
-175.8051042
-175.7821165
-175.7797818
-175.771464
-175.7669439
-175.7418974
-175.7169446
-175.7058445
-175.7056455
-175.697378
-175.6878655
-175.6861776
-175.6448771
-175.6309816
-175.630837
-175.6268517
-175.6215514
-175.6191959
-175.6174036
-175.5967403
-175.5828221
-175.5746987
-175.5644349
-175.5602738
-175.5440043
-175.5380919
-175.5312879
-175.5268607
-175.5267398
-175.5207882
-175.511016
-175.5045501
-175.5017091
-175.4964271
-175.4612187
-175.4604998
-175.4587047
-175.4442396
-175.441478
-175.4309109
-175.4267275
-175.4256931
-175.4239189
-175.4215814
-175.4080499
-175.4079479
-175.407583
-175.3928823
-175.3900557
-175.3858326
-175.3737088
-175.3698981
-175.3540869
-175.3527607
-175.3480606
-175.3473016
-175.3466355
-175.3335777
-175.3332929
-175.3206021
-175.309558
-175.3087495
-175.3063445
-175.3019061
-175.2960663
-175.2849649
-175.2701408
-175.2586378
-175.2407058
-175.2370818
-175.2356506
-175.222963
-175.2172721
-175.2150703
-175.2146746
-175.2103214
-175.2090574
-175.1931592
-175.1826466
-175.174867
-175.1708982
-175.1344493
-175.1304643
-175.1216155
-175.1065187
-175.0995684
-175.0944408
-175.0577027
-175.0549034
-175.0415248
-175.0412106
-175.0332021
-175.0314641
-175.0299185
-175.0254291
-175.0131041
-175.0104648
-175.0054006
-175.0022204
-174.9921274
-174.9758518
-174.9691702
-174.9626566
-174.9525736
-174.9434729
-174.9227515
-174.9086024
-174.8990526
-174.8923433
-174.8631228
-174.8625229
-174.8607047
-174.8520495
-174.8446622
-174.8272589
-174.8077179
-174.7924163
-174.7466045
-174.7362842
-174.7331145
-174.7292524
-174.7257696
-174.6936496
-174.6868238
-174.6754788
-174.6701129
-174.6631103
-174.6501089
-174.6498512
-174.6467228
-174.6306947
-174.6213424
-174.6176448
-174.6117101
-174.610422
-174.6097619
-174.6061533
-174.5773915
-174.572139
-174.5709599
-174.5583838
-174.5581771
-174.5562064
-174.5428229
-174.5339864
-174.5055667
-174.4977744
-174.4919412
-174.4900258
-174.4830203
-174.4751163
-174.4706786
-174.4662242
-174.4438695
-174.4364614
-174.4232324
-174.4188295
-174.4146506
-174.408483
-174.4081603
-174.4000069
-174.3988006
-174.3665683
-174.3592201
-174.3554732
-174.3529638
-174.3514801
-174.3421198
-174.341116
-174.3293853
-174.3161989
-174.3109116
-174.2980709
-174.2917616
-174.2776755
-174.2500379
-174.2329391
-174.2320455
-174.2306916
-174.2109674
-174.2089479
-174.1950066
-174.163089
-174.1202048
-174.1190425
-174.1042498
-174.0968809
-174.0920002
-174.086388
-174.0854349
-174.0813811
-174.061162
-174.0421428
-174.0303523
-174.0298147
-174.0277702
-174.0213576
-174.0153442
-174.0119129
-174.0074683
-173.9805241
-173.9721598
-173.9660615
-173.9517975
-173.943515
-173.9149893
-173.9095504
-173.8846648
-173.8804725
-173.8769512
-173.8763005
-173.8635641
-173.8396403
-173.83627
-173.8323586
-173.8153284
-173.8118967
-173.8031164
-173.7874835
-173.7604346
-173.7502883
-173.7495133
-173.7486741
-173.727793
-173.7120996
-173.7031906
-173.7016939
-173.6968924
-173.6799938
-173.6761701
-173.6698572
-173.6677845
-173.6538676
-173.6504683
-173.6134949
-173.5981872
-173.5937394
-173.5917376
-173.5857813
-173.5741939
-173.5720648
-173.570912
-173.5480879
-173.5471193
-173.4895396
-173.4875615
-173.4737021
-173.4581441
-173.4452841
-173.4352039
-173.4219053
-173.4216186
-173.4174128
-173.4169419
-173.410431
-173.4095836
-173.3981345
-173.387021
-173.3315666
-173.3032153
-173.2911975
-173.2758635
-173.2527233
-173.2516278
-173.2505517
-173.238091
-173.2259141
-173.2048521
-173.2028865
-173.1858145
-173.1318769
-173.1206338
-173.1203907
-173.1201773
-173.0748986
-173.0640599
-173.044984
-173.0313836
-173.0229128
-173.0191957
-173.0078727
-173.0009165
-172.9995231
-172.9760718
-172.9725737
-172.9672144
-172.9503104
-172.9155087
-172.9031999
-172.89656
-172.8683231
-172.8569975
-172.85193
-172.8507551
-172.761193
-172.7525854
-172.7493559
-172.7391957
-172.6959874
-172.6823763
-172.6815415
-172.6540803
-172.6400942
-172.623597
-172.5889298
-172.5865213
-172.5545292
-172.5298259
-172.4612515
-172.4587725
-172.4568808
-172.4421477
-172.3851201
-172.367523
-172.3429355
-172.3272859
-172.3176368
-172.3116257
-172.3015984
-172.2798363
-172.2768075
-172.2655941
-172.2345024
-172.2264106
-172.2253314
-172.2109216
-172.2083523
-172.2002113
-172.2000474
-172.1880719
-172.1586228
-172.1170168
-172.0904694
-172.0796842
-172.0257527
-172.023301
-172.0174372
-171.9933923
-171.9506129
-171.9303117
-171.8827999
-171.8612662
-171.8568643
-171.8418809
-171.834869
-171.8166396
-171.7586141
-171.755227
-171.7479128
-171.7443994
-171.7405464
-171.7213715
-171.7004793
-171.688034
-171.6759615
-171.6535279
-171.6517666
-171.6123592
-171.6101072
-171.5930262
-171.576582
-171.5580478
-171.4807257
-171.4685799
-171.4427023
-171.4075732
-171.4065291
-171.3865912
-171.3750727
-171.3710722
-171.3663028
-171.3263003
-171.3014192
-171.2852988
-171.2716934
-171.2691398
-171.2628267
-171.237286
-171.2331021
-171.2275115
-171.2239388
-171.2053373
-171.1428981
-171.0890917
-171.0704778
-171.0693306
-171.0237239
-170.9601514
-170.9500679
-170.9479887
-170.8993115
-170.8492243
-170.826419
-170.808068
-170.7234842
-170.6333146
-170.5932623
-170.5887075
-170.5852449
-170.5723051
-170.5614884
-170.5230825
-170.5193676
-170.4054967
-170.3194135
-170.2963667
-170.2580505
-170.1650626
-170.0365264
-169.9565102
-169.9496855
-169.9281185
-169.9185056
-169.9038049
-169.8498532
-169.7621276
-169.7597274
-169.5898403
-169.5145462
-169.5112052
-169.3592789
-169.3208356
-169.274297
-169.0835173
-169.0768743
-168.9966992
-168.8327736
-168.8013222
-168.7906911
-168.7697618
-168.7451268
-168.6904848
-168.634316
-168.625325
-168.5945878
-168.5655834
-168.5292465
-168.5088164
-168.4455301
-168.3714183
-168.3619271
-168.0471881
-167.597445
-167.5340593
-167.532574
-167.5001804
-167.400084
-167.323367
-167.2645329
-167.093883
-166.9937298
-166.8313654
-166.6679883
-166.6031889
-166.3999421
-166.2911238
-165.7685471
