-194.0030697
-193.9353189
-193.9247774
-193.8521993
-193.8062628
-193.7857915
-193.6657026
-193.6647331
-193.6579083
-193.6573224
-193.6462399
-193.6162492
-193.4092818
-193.4073299
-193.4029276
-193.3917869
-193.3656101
-193.0489807
-192.9391039
-192.9040751
-192.8973001
-192.8548792
-192.8461096
-192.7866084
-192.7599877
-192.7290247
-192.7251279
-192.7123564
-192.6086941
-192.5854304
-192.3704539
-192.2805508
-192.2766006
-192.2589367
-192.0082866
-191.9387336
-191.9310026
-191.906503
-191.814918
-191.7569115
-191.7096643
-191.6073355
-191.5964844
-191.5431078
-191.5375061
-191.4273456
-191.3173503
-191.2652652
-191.2326471
-191.1968012
-191.170585
-191.132422
-191.1206438
-191.0866663
-191.0793154
-191.0496094
-191.0491423
-190.9853544
-190.7567637
-190.7528107
-190.7502161
-190.6288333
-190.5483956
-190.4912304
-190.4493757
-190.441382
-190.3667376
-190.323859
-190.3041885
-190.2782918
-190.2487058
-190.1008376
-190.0839332
-190.0466043
-190.0389973
-189.9762271
-189.9211142
-189.9088679
-189.9063509
-189.8882816
-189.8711665
-189.6285956
-189.5099328
-189.4837512
-189.4650541
-189.4563949
-189.444443
-189.4371938
-189.4368561
-189.431711
-189.4232654
-189.3411706
-189.2754916
-189.1908882
-189.1479614
-189.1215968
-189.1163578
-189.0673132
-189.0562684
-188.9618176
-188.9605317
-188.9353123
-188.9126576
-188.8617266
-188.8430123
-188.8177596
-188.7133177
-188.7032214
-188.6265743
-188.5734899
-188.5233724
-188.4857872
-188.4428106
-188.4397695
-188.3504596
-188.3045727
-188.3004421
-188.1727184
-188.155418
-188.1552387
-188.1170351
-188.1161681
-188.1108937
-188.0694399
-188.0231991
-187.7754541
-187.7357171
-187.7073022
-187.6872082
-187.6658549
-187.5560686
-187.4181496
-187.4150747
-187.4030999
-187.3452418
-187.3391678
-187.2062891
-187.1649174
-187.1648733
-187.0739114
-187.068492
-187.062047
-187.0500948
-186.9521804
-186.871128
-186.7510126
-186.7295224
-186.6743036
-186.6246846
-186.6131949
-186.5627401
-186.5314085
-186.3879818
-186.2945506
-186.2220956
-186.2155765
-186.1732798
-186.1712218
-186.1441648
-186.1369269
-186.1123963
-186.11188
-186.1067629
-186.0402152
-186.0120325
-186.0100959
-185.981383
-185.9571624
-185.9178812
-185.9158582
-185.9014401
-185.8821046
-185.8272115
-185.8209792
-185.7986529
-185.7894724
-185.7161136
-185.7083231
-185.6952516
-185.6410398
-185.6363307
-185.5996737
-185.5006884
-185.4532295
-185.4435893
-185.374163
-185.3097884
-185.2842649
-185.2266793
-185.2144504
-185.2140162
-185.2103945
-185.1388962
-185.1380015
-185.0731544
-185.0617722
-184.9960191
-184.9855078
-184.9324601
-184.9044333
-184.8564494
-184.8216747
-184.7948121
-184.7634794
-184.7567527
-184.7458431
-184.7429511
-184.5314873
-184.5209829
-184.4944371
-184.4812953
-184.4385689
-184.4235928
-184.2772488
-184.2583372
-184.2505455
-184.2296129
-184.1646751
-184.1480604
-184.1361526
-184.0558102
-184.0489408
-184.0416992
-184.0263495
-183.9414785
-183.8903401
-183.8808189
-183.8601778
-183.7516116
-183.7406159
-183.7323433
-183.7290628
-183.7202335
-183.6663354
-183.637817
-183.6353479
-183.6137779
-183.5749864
-183.5646069
-183.4708618
-183.4472076
-183.3587737
-183.3144584
-183.2866094
-183.2378253
-183.1991373
-183.0761873
-183.0559387
-182.9913468
-182.9428357
-182.9255152
-182.8615907
-182.8537713
-182.6995043
-182.6288942
-182.619727
-182.6100399
-182.5702048
-182.5421419
-182.5119239
-182.5060996
-182.5057528
-182.4232653
-182.4104731
-182.3670611
-182.3352485
-182.2882388
-182.2519786
-182.2162248
-182.1596803
-182.0573678
-182.0148643
-182.0132109
-182.0120938
-181.9753507
-181.9630083
-181.9450896
-181.9101828
-181.886729
-181.8090984
-181.7857805
-181.7775329
-181.7232442
-181.6745904
-181.6326256
-181.6249151
-181.5483103
-181.5261196
-181.524449
-181.4973621
-181.4595062
-181.4577441
-181.4227046
-181.4155028
-181.4055581
-181.3887039
-181.3787841
-181.372584
-181.3202137
-181.2734629
-181.2680406
-181.2553721
-181.2313318
-181.1812162
-181.1586568
-181.15819
-181.1424076
-181.1007494
-180.9467416
-180.8974797
-180.883585
-180.8767164
-180.6904467
-180.670169
-180.6611895
-180.6154247
-180.5882077
-180.5806812
-180.543974
-180.527687
-180.5076073
-180.4243161
-180.418962
-180.4146323
-180.4071222
-180.3594429
-180.3398603
-180.3376871
-180.3201086
-180.2932187
-180.2778772
-180.2729571
-180.2226293
-180.2185758
-180.1992551
-180.1422602
-180.1399037
-180.068041
-179.9957731
-179.9954631
-179.9843755
-179.9646741
-179.9351389
-179.9033664
-179.8372549
-179.6360447
-179.5725315
-179.5285178
-179.5194503
-179.4243165
-179.4215075
-179.4152889
-179.3950749
-179.374667
-179.2674943
-179.2604885
-179.2246951
-179.2028921
-179.1890744
-179.1760196
-179.0779127
-179.061889
-179.029561
-178.9802069
-178.968349
-178.9611913
-178.9323957
-178.9285205
-178.8083912
-178.7760186
-178.7280952
-178.7165662
-178.7095243
-178.7030621
-178.6424435
-178.6288961
-178.5952735
-178.5710908
-178.4966963
-178.3477764
-178.2066761
-178.1122662
-178.0926739
-178.0682556
-178.0608499
-178.0370888
-177.996921
-177.9284101
-177.8430497
-177.7827593
-177.581494
-177.5557248
-177.5211913
-177.4748959
-177.4122692
-177.3436477
-177.3115692
-177.2113143
-177.2074975
-177.1131677
-177.0504661
-176.9339954
-176.9316251
-176.8707199
-176.8287416
-176.7676148
-176.7372388
-176.736431
-176.7274777
-176.649065
-176.6095812
-176.5775658
-176.52774
-176.5233637
-176.4994412
-176.3199951
-176.2619758
-176.2508887
-176.1633566
-176.1095241
-176.0724532
-176.0413392
-175.9565024
-175.9530063
-175.9449271
-175.8586685
-175.8051042
-175.7669439
-175.7056455
-175.6448771
-175.630837
-175.5312879
-175.4267275
-175.3900557
-175.309558
-175.3019061
-175.2701408
-175.2407058
-175.1708982
-175.1216155
-175.1065187
-175.0549034
-175.0314641
-174.9434729
-174.8923433
-174.6467228
-174.5583838
-174.4919412
-174.4000069
-174.3592201
-174.3514801
-174.3421198
-174.341116
-174.3109116
-174.2980709
-174.2320455
-174.2089479
-174.0920002
-174.0854349
-173.8118967
-173.7604346
-173.6799938
-173.6761701
-173.6134949
-173.5720648
-173.4875615
-173.4095836
-173.3032153
-173.1206338
-173.044984
-173.0009165
-172.9760718
-172.9725737
-172.9672144
-172.6540803
-172.5889298
-172.3015984
-172.2345024
-172.2264106
-172.2109216
-172.2002113
-172.1586228
-171.8612662
-171.7443994
-171.7405464
-171.3663028
-171.2716934
-171.2331021
-171.1428981
-170.5932623
-170.4054967
-169.8498532
-168.7906911
-168.7451268
-168.6904848
-168.4455301
-168.3619271
-167.597445
-167.323367
-166.8313654
