-1.79769e+308
-1.79769e+308
-1.79769e+308
-1.79769e+308
-5.88486e+06
-5.16949e+06
-3.0142e+06
-2.42795e+06
-1.99064e+06
-1.52086e+06
-1.06779e+06
-920244
-825310
-747165
-591991
-591991
-591991
-591991
-591991
-591991
-591991
-591991
-591991
-591991
-591991
-591991
-591991
-591991
-591991
-591991
-591991
-591991
-591991
-591991
-591991
-591991
-591991
-591991
-591991
-591991
-591991
-591991
-591991
-591991
-591991
-591991
-591991
-591991
-591991
-591991
-591991
-591991
-591991
-591991
-591991
-591991
-591991
-591991
-591991
-591991
-591991
-591991
-591991
-591991
-591991
-591991
-591991
-591991
-591991
-591991
-591991
-591991
-591991
-591991
-591991
-591991
-591991
-591991
-591991
-591991
-591991
-591991
-591991
-591991
-591991
-591991
-591991
-591991
-591991
-591991
-591991
-591991
-591991
-591991
-591991
-591991
-591991
-591991
-591991
-591991
-591991
-591991
-591991
-591991
-591991
-591991
-591991
-591991
-591991
-591991
-591991
-591991
-591991
-591991
-591991
-591991
-591991
-591991
-591991
-591991
-591991
-591991
-591991
-591991
-591991
-591991
-591991
-591991
-591991
-591991
-591991
-591991
-591991
-591947
-591947
-591947
-591755
-591754
-591730
-591727
-591194
-591187
-591187
-591160
-591016
-591006
-589153
-589153
-589153
-589128
-589128
-588983
-587974
-581131
-573135
-573135
-573109
-570903
-566658
-566538
-564441
-557473
-557470
-557464
-557464
-557464
-557439
-556730
-555112
-545719
-543183
-539331
-537540
-537279
-537269
-537268
-537235
-537213
-535668
-535403
-535397
-534623
-530751
-528988
-525810
-524529
-524386
-523117
-519343
-516916
-516721
-513783
-513772
-512286
-511295
-507136
-506529
-504550
-504346
-503852
-500306
-500303
-500287
-500115
-499835
-498843
-497204
-496785
-496071
-494611
-494449
-494145
-493751
-492671
-492011
-486518
-485680
-482955
-482381
-482078
-481625
-477920
-477660
-477658
-476879
-474920
-474626
-471448
-470704
-470660
-468821
-467069
-463387
-463323
-462821
-462071
-451409
-447348
-443785
-443750
-443181
-441312
-439521
-439408
-436980
-436843
-436765
-434888
-434348
-434298
-433261
-432125
-431251
-430995
-430921
-429847
-429842
-428642
-427985
-427349
-425481
-421953
-421834
-420845
-418066
-416854
-415991
-415915
-414800
-409000
-408754
-408088
-407591
-404171
-402650
-396680
-395241
-395230
-395227
-391472
-391229
-390468
-390338
-389314
-388634
-387760
-383222
-381896
-381693
-381129
-381084
-380904
-380667
-379771
-377663
-377615
-376424
-376225
-375498
-374421
-373602
-372067
-370845
-370498
-370088
-369495
-369480
-368923
-368069
-367626
-365752
-365743
-363681
-363631
-363011
-361684
-360503
-358732
-358288
-358223
-357090
-356670
-356480
-355621
-354359
-354354
-352232
-351065
-350524
-350122
-349780
-348819
-348480
-347378
-346969
-346893
-345294
-345234
-344205
-344106
-343563
-343488
-342970
-342016
-341639
-339219
-338946
-338533
-338504
-338222
-337370
-336937
-336122
-335659
-335389
-335243
-335104
-335084
-334868
-334307
-333806
-333528
-333354
-331149
-331042
-329233
-328905
-328689
-328035
-327990
-327156
-326230
-323695
-323439
-318555
-318115
-317225
-315062
-314918
-314253
-314222
-314099
-314093
-314090
-313958
-313110
-313000
-312915
-312520
-310853
-310835
-310511
-310068
-309837
-309562
-308638
-306411
-305944
-305576
-304139
-303787
-303501
-303011
-303006
-302680
-302430
-301114
-299955
-299944
-298364
-297951
-297148
-296728
-295860
-295019
-294994
-294849
-293926
-293617
-291903
-291864
-291449
-290888
-287958
-287269
-285934
-285776
-285671
-285613
-285277
-285080
-284222
-282472
-281168
-279809
-279773
-279661
-278567
-278508
-277868
-277760
-277111
-277021
-276429
-276202
-276194
-275529
-274186
-273655
-273470
-273088
-271434
-271059
-269914
-269725
-268433
-268373
-267317
-267143
-267122
-266954
-266948
-266664
-266135
-263743
-263623
-263529
-262530
-262337
-262163
-260570
-260262
-257062
-256998
-256918
-256296
-256287
-255846
-254681
-254384
-252889
-252403
-252204
-252013
-251729
-251144
-250349
-250214
-249663
-249570
-249208
-248575
-248066
-247299
-247202
-247013
-246973
-246854
-246507
-245047
-244908
-244623
-243888
-243839
-242869
-242806
-242138
-241984
-241893
-241829
-241583
-241412
-240811
-240494
-239786
-238966
-238013
-237828
-237613
-237018
-235893
-235866
-235531
-235271
-235092
-234791
-234670
-234457
-234185
-234031
-233367
-232088
-231100
-230527
-229682
-229268
-228847
-228016
-227792
-227385
-227337
-227317
-227310
-227055
-226928
-226701
-226161
-226119
-225995
-225276
-224999
-224649
-224584
-224528
-224151
-223876
-223834
-223184
-223125
-223096
-222263
-222032
-221192
-220952
-220581
-220411
-220313
-220301
-220204
-220163
-219472
-219234
-218978
-217973
-217264
-217100
-216864
-216126
-215918
-215612
-215187
-214729
-214724
-214249
-214156
-214142
-214063
-213775
-212955
-212819
-212737
-212352
-211187
-210582
-210500
-209979
-209826
-209762
-208028
-207918
-207570
-207170
-205844
-205622
-204087
-203360
-203096
-202662
-202500
-201767
-201427
-200648
-200334
-199750
-199367
-199188
-198971
-198284
-198159
-197355
-197323
-197316
-197092
-197079
-196632
-196252
-196147
-195577
-194242
-194030
-193920
-193919
-193680
-193041
-192742
-192039
-191767
-190773
-190652
-189551
-189077
-188971
-188651
-188187
-187853
-187160
-186762
-186735
-186613
-186481
-185973
-185768
-185681
-185233
-184585
-183619
-183611
-183549
-183132
-183067
-182999
-182958
-182736
-182355
-182230
-181714
-181631
-181524
-181515
-180525
-180201
-179864
-179737
-179112
-179001
-178524
-178318
-178142
-177168
-177165
-177057
-176769
-176567
-176556
-176318
-176108
-175991
-175930
-175718
-175192
-174496
-174264
-173969
-173926
-173910
-173902
-173459
-173442
-173321
-172902
-172518
-171985
-171676
-171660
-170984
-170897
-170636
-170520
-169693
-169477
-168966
-168952
-168570
-168202
-168201
-167981
-167587
-167294
-167293
-167252
-167116
-166966
-166839
-165207
-164625
-164532
-164271
-164143
-164132
-163151
-163052
-163027
-162690
-162679
-162460
-162331
-162268
-162123
-162123
-161589
-161488
-161261
-161147
-161074
-160970
-160648
-160476
-160214
-159560
-159518
-159252
-158984
-158560
-158490
-157575
-157325
-156677
-156494
-156491
-156297
-155833
-155818
-155577
-155525
-155498
-154964
-154370
-153843
-153676
-153663
-153165
-153039
-152837
-152112
-151498
-149807
-149274
-149042
-149003
-148589
-148513
-147829
-147828
-147751
-147676
-146908
-146861
-146836
-146502
-146275
-146097
-145708
-145487
-145409
-144802
-144622
-144342
-143858
-143625
-143559
-143447
-142319
-142075
-141939
-141879
-141624
-141483
-141363
-141175
-140959
-140881
-140658
-140484
-140200
-140128
-139924
-139345
-139336
-139287
-139285
-139075
-138712
-138658
-138081
-137740
-137375
-137242
-137009
-136036
-135806
-135754
-135726
-135446
-135013
-134870
-134856
-134786
-134649
-134562
-134475
-134354
-134321
-134309
-134257
-133904
-133209
-132706
-132618
-132518
-132403
-132281
-132238
-131550
-131443
-131365
-130991
-130833
-130519
-130511
-130360
-130326
-130316
-130133
-129944
-129923
-129830
-129823
-129613
-129536
-129473
-129457
-129374
-129162
-128913
-128349
-128152
-127833
-127673
-127610
-127360
-127306
-127301
-127011
-126685
-126470
-126467
-126245
-126113
-125894
-125747
-125236
-125060
-124774
-124773
-124476
-123825
-123731
-123218
-122573
-122460
-122291
-122200
-121599
-121574
-121320
-121303
-121273
-120680
-120488
-120288
-120213
-120101
-120012
-119886
-119859
-119793
-119728
-119314
-119220
-119208
-119060
-119040
-118539
-118457
-117987
-117832
-117744
-117665
-117650
-117635
-117571
-117387
-117209
-117202
-116897
-116723
-116708
-116635
-116529
-116108
-115994
-115973
-115445
-115192
-114896
-114829
-114745
-114663
-114586
-114584
-114528
-114364
-114078
-113825
-113649
-113500
-112717
-112631
-112552
-111898
-111407
-111359
-111323
-111123
-111092
-110987
-110951
-110682
-110651
-110448
-110226
-110014
-109894
-109852
-109628
-109602
-109231
-108866
-108827
-108774
-108764
-108601
-108569
-108141
-107973
-107942
-107786
-107785
-107537
-106773
-106673
-106401
-106381
-106378
-106264
-106246
-106175
-105842
-105510
-105347
-105039
-104999
-104823
-104491
-104293
-104254
-104098
-103926
-103843
-103739
-103707
-103541
-103330
-103228
-103203
-103159
-102757
-102738
-102058
-101786
-101476
-101000
-100720
-100705
-100655
-100614
-100570
-100270
-100191
-100107
-99986.2
-99768.7
-99565.9
-99530.4
-99343
-99089.8
-98915.2
-98541
-98385.3
-98340.8
-98257.8
-97617.7
-97267.1
-97202.4
-97115.3
-97102.4
-97053.5
-97009.7
-96979
-96973.6
-96884
-96797.3
-96626.7
-96468.2
-96456.4
-96092.1
-96037.3
-96035.2
-96016.8
-95564.9
-95501
-95261.4
-95260.7
-95205.5
-95002.9
-94684.2
-94680.4
-94588.2
-94439.8
-94305.7
-94303.1
-94278.6
-94249
-94243.2
-94119.5
-94062.5
-94055.8
-94031.3
-93918.1
-93823.9
-93823.1
-93781.2
-93747.7
-93726.4
-93671.8
-93374.7
-93223.6
-93215.2
-92940.6
-92332.9
-92248.5
-92188.1
-92111.3
-91934.8
-91872.5
-91720.5
-91545.2
-91433.8
-91405.5
-91303.7
-91256
-91198.3
-91163.2
-91125.3
-91077.4
-91013.9
-90998
-90904.8
-90884.7
-90726.7
-90525.9
-90001.8
-89758.2
-89675.1
-89475.5
-89431.3
-89367.7
-89265.2
-89097.9
-88985.6
-88860.4
-88753.6
-88406.3
-88397.8
-88343.8
-88239.3
-88160.6
-87917.6
-87891.7
-87711.4
-87668.9
-87644.3
-87567.7
-87521.2
-87457.1
-87431.2
-87324.9
-87238.5
-87187
-86777.7
-86525.1
-86326
-86274.4
-86252.5
-86179.5
-86168.8
-86157
-86006.9
-85899.9
-85888.6
-85878.8
-85719.2
-85509.4
-85395.9
-85234.3
-85221.3
-85176.7
-85121.2
-85097.9
-84911.5
-84711.5
-84591.7
-84563.5
-84333.8
-84329.7
-84307.7
-84110.4
-84029.2
-83984.1
-83975
-83819.8
-83559
-83494.3
-83434.8
-83323.5
-83266.7
-83264.4
-83220
-83163.5
-83009.8
-82992.6
-82787.8
-82755.5
-82588.9
-82555.7
-82539.4
-82373.5
-82342.3
-82312.7
-82265.5
-82161
-82062.9
-81988.1
-81984.8
-81895.4
-81830.4
-81745.6
-81740.9
-81690
-81637.7
-81576.7
-81529
-81458.5
-81310.5
-81166.2
-80866.2
-80807.4
-80804.7
-80714.7
-80644.4
-80572.5
-80534.1
-80479.6
-80431.1
-80407.2
-80138.4
-80109.3
-80069.1
-80001.4
-79973
-79759.6
-79751.9
-79612
-79480.2
-79301.6
-79221.9
-79170.1
-79108.5
-79056.5
-78935.7
-78887.9
-78862.2
-78816.9
-78791.1
-78767.1
-78708.4
-78624.9
-78517.7
-78485.5
-78211.2
-77991.3
-77988.5
-77857.5
-77824.7
-77812.5
-77808.5
-77779.4
-77768.4
-77687.9
-77567.1
-77477.7
-77419.5
-77410.3
-77337.4
-77307
-77186.2
-77163.5
-77090
-76959.5
-76924.5
-76854.6
-76672.7
-76640.4
-76606.2
-76587.5
-76536.9
-76529.1
-76430.9
-76266.3
-76244.6
-76160.1
-76104.5
-76044.1
-76040.3
-75933.8
-75861.2
-75733.2
-75699.9
-75696.1
-75680.2
-75615.3
-75585.2
-75504.2
-75493.5
-75299.3
-75229
-75228.4
-75220.7
-75191
-74908.5
-74898.4
-74761
-74636.4
-74609.5
-74398
-74396.3
-74350.9
-74319.8
-74311.9
-74199.5
-74154
-74142.3
-73985.6
-73867.2
-73826.4
-73807.7
-73720.7
-73694.6
-73496.3
-73451.9
-73374.7
-73373.4
-73364.1
-73225.3
-73146.5
-73145.3
-72882
-72653.4
-72642.5
-72464.2
-72463.7
-72459.2
-72308.1
-72248
-72237
-72135.5
-72092.4
-71990.2
-71757.9
-71576.1
-71423.3
-71348.1
-70761.8
-70736.8
-70669.7
-70628.6
-70436.1
-70378
-70376.2
-70238.3
-70091.4
-69956.9
-69826.1
-69758
-69648.2
-69647.6
-69561.4
-69543.3
-69492.2
-69422.3
-69247
-69159
-69142.9
-69040.4
-69033.5
-68860.6
-68860.5
-68846
-68844.8
-68762.1
-68239.8
-68238
-68164.7
-68033.4
-68009.2
-67921.7
-67882
-67861.8
-67815
-67759.8
-67726
-67653.7
-67505.7
-67488.4
-67448.8
-67419
-67341.4
-67298.1
-67233.4
-67204
-67170.8
-67149.3
-67096.8
-67084.6
-67070.4
-66948.9
-66905.8
-66879.5
-66869.9
-66844.8
-66786.5
-66751.3
-66638.3
-66602.2
-66543.9
-66412.8
-66397.4
-66388
-66359.1
-66296
-66287.4
-66275.3
-66242.9
-66142.4
-66059.1
-66050.3
-65985
-65886.5
-65589.5
-65587.3
-65541.7
-65536.3
-65384.2
-65307.4
-65295.8
-65278.4
-65257.7
-65225.1
-65126.5
-65073.5
-65051.2
-64870.3
-64785
-64754
-64671.5
-64622.6
-64461.8
-64435.3
-64389.2
-64353.1
-64265.3
-64183.1
-64146.6
-64143.1
-64093.7
-64067.2
-63919.7
-63863.6
-63849.9
-63835.7
-63746.5
-63639.1
-63556.2
-63509.4
-63470.6
-63394
-63381.7
-63325.5
-63301.5
-63111.8
-63109.2
-63094.4
-63048.3
-63040.7
-62884.7
-62857.8
-62849.7
-62837.3
-62805.4
-62782.3
-62755.3
-62731.9
-62658.6
-62635.8
-62610.4
-62464.6
-62349.9
-62246.2
-62238.3
-62231.5
-62137.1
-62136
-62057.5
-62037
-61873.4
-61821.7
-61818.1
-61714.5
-61694.2
-61654.4
-61630.4
-61622.8
-61478.7
-61439.1
-61437.4
-61336.7
-61294.4
-61226.6
-61031.6
-60844.1
-60841.8
-60833.7
-60753.6
-60693
-60667.3
-60654.8
-60587.6
-60499.2
-60464.3
-60308
-60305.8
-60201.6
-60124.7
-60052.2
-60023.1
-60009.3
-59781.7
-59690.2
-59677.8
-59626.9
-59564.5
-59553.8
-59354.6
-59278.8
-59198.6
-59132.6
-58980.2
-58944.4
-58932.1
-58910.1
-58875.7
-58872.7
-58850.7
-58635.6
-58621
-58569.5
-58508.2
-58485.4
-58475.6
-58330.6
-58267.7
-58255.3
-58238.9
-58192.2
-58190.1
-58112.7
-58094.6
-58036.7
-57945.1
-57935.9
-57889.1
-57835.6
-57827
-57677.5
-57504.7
-57498.2
-57493.5
-57316.9
-57296.9
-57188.9
-57085.5
-57074.7
-57047.2
-57018.8
-56892
-56852.1
-56797
-56794.9
-56669.5
-56618.8
-56600.8
-56585.9
-56466.8
-56430.5
-56425.6
-56182.9
-56134.8
-56104.6
-56080.7
-56046.6
-56045
-56024.7
-55984.1
-55927.7
-55866.3
-55835.5
-55833.7
-55818.6
-55800.4
-55799.6
-55795.7
-55764.4
-55747.3
-55737.8
-55733.3
-55727.3
-55705.5
-55670
-55659.7
-55653.2
-55566.4
-55479.5
-55476.2
-55423.1
-55416
-55406.1
-55398.4
-55389.1
-55374.4
-55371.9
-55364.8
-55349.6
-55299.6
-55262.3
-55188.7
-55045
-55035.1
-55002.5
-54994
-54957.5
-54909.2
-54908
-54902.7
-54817.8
-54751.6
-54732.1
-54694.8
-54659.3
-54614.2
-54589.5
-54559.5
-54541.9
-54353.1
-54349.9
-54225.4
-54150.7
-54117
-54095.8
-53948.2
-53848.7
-53833.4
-53664
-53637.2
-53632
-53621.6
-53584.6
-53573.4
-53563.9
-53561.9
-53538.3
-53520.2
-53345.1
-53329.4
-53324.2
-53169.1
-53114.8
-52915.4
-52855.7
-52801
-52793.5
-52793.4
-52777.1
-52752.4
-52713.7
-52701.9
-52701.4
-52651.9
-52641.8
-52628.2
-52604.6
-52576.3
-52553.7
-52535.3
-52533.1
-52524.1
-52448.6
-52413
-52344.1
-52313
-52308.1
-52247.7
-52234.6
-52188.2
-52171.4
-52109.9
-52107.6
-52098.6
-52021
-52018
-51964.6
-51911.8
-51834.4
-51830.2
-51805.6
-51622.2
-51436.5
-51412.3
-51307.4
-51282.1
-51271.7
-51150.7
-50900.1
-50811.8
-50810.7
-50778.6
-50775
-50764.7
-50693.3
-50692.1
-50641.3
-50636.6
-50577.1
-50533
-50515
-50505.9
-50416.7
-50354.1
-50344.9
-50257.1
-50256.7
-50252
-50180.7
-50171
-50154
-50078.5
-50075
-50067.7
-50050.7
-50048.7
-49926.5
-49914
-49901
-49851.3
-49736.8
-49724.4
-49636.8
-49604.8
-49603.2
-49573.2
-49546.1
-49544.1
-49381
-49330.5
-49324
-49322.1
-49242
-49219.7
-49198.6
-49195.3
-49163.3
-49161.3
-49106.6
-48964.3
-48955
-48913.5
-48903.3
-48888.3
-48860.2
-48851.4
-48805.6
-48698.9
-48457.7
-48407.6
-48352.2
-48328.7
-48315.3
-48314.2
-48259.9
-48186.2
-48105.1
-48094.1
-48083
-48003.6
-47950.9
-47922.9
-47905.3
-47854.9
-47848.6
-47844
-47830.5
-47725.4
-47707.5
-47696.9
-47694.6
-47607.1
-47601
-47558.1
-47552.2
-47459.9
-47427.9
-47399.4
-47367.5
-47322.7
-47273.8
-47229.8
-47197.7
-47147.9
-47099.7
-47088.1
-47053.6
-47038.6
-47035.7
-46990.1
-46802.1
-46783.5
-46744
-46662.1
-46623.1
-46618.3
-46598.1
-46557.3
-46550.7
-46493.5
-46472.7
-46471.2
-46434.8
-46428
-46354.9
-46350.9
-46313.4
-46307.3
-46270.4
-46239
-46237
-46161.9
-46133.6
-46111.5
-46046.4
-45970
-45908.9
-45898.8
-45839.8
-45827.1
-45826.2
-45776.6
-45661.8
-45652
-45622.8
-45620.3
-45573.4
-45566.7
-45516.2
-45509.3
-45474.3
-45454.7
-45454.1
-45426.4
-45426
-45422.3
-45411.1
-45376.6
-45356.9
-45310.7
-45258.6
-45241.8
-45207.1
-45142
-45137.8
-44992.9
-44946
-44933.3
-44928
-44879.5
-44856.9
-44853.4
-44811.9
-44793.9
-44769.6
-44757.7
-44751.4
-44735.1
-44733
-44711.3
-44707.9
-44690.9
-44668.3
-44647.8
-44647.7
-44642.9
-44630.2
-44625.7
-44623.9
-44618.9
-44606.5
-44572.3
-44571.6
-44556.8
-44552.5
-44482.2
-44475.3
-44453.7
-44435.9
-44413.7
-44381.4
-44371
-44356
-44343.2
-44341.8
-44319.8
-44316.1
-44314.9
-44294.1
-44224.5
-44179.6
-44170.9
-44146.4
-44137.6
-44123.2
-44116
-44101.4
-44101.1
-44091.6
-44062.6
-43991
-43964.4
-43943.1
-43930.7
-43927.7
-43919.6
-43891
-43877.7
-43752.5
-43729.9
-43689.3
-43669.1
-43657.4
-43622.1
-43611.7
-43610.5
-43601.1
-43557.8
-43538.9
-43453.9
-43445.9
-43373.5
-43370.3
-43340.7
-43338.4
-43305.1
-43282.4
-43232.5
-43219.3
-43179.1
-43131.9
-43130.1
-43034.2
-43034.1
-43007.1
-42987.9
-42983.8
-42950.3
-42884.8
-42879.8
-42816.3
-42766.9
-42732
-42717.3
-42710.3
-42702.6
-42689.4
-42688.7
-42687.8
-42659.4
-42650.7
-42612.3
-42590.2
-42545.8
-42537.3
-42505.6
-42495.5
-42422.2
-42409.6
-42382
-42373.3
-42367
-42352.7
-42275.3
-42260.7
-42232.5
-42226.3
-42213.1
-42173.3
-42172.8
-42149.8
-42128.6
-42124.4
-42093.3
-42086.3
-42075.1
-42061
-42005
-42000.8
-41961.7
-41927.8
-41918
-41885.6
-41771.2
-41745
-41739.5
-41734.3
-41714.4
-41693.3
-41660.8
-41642.4
-41598.8
-41580
-41555.6
-41471.3
-41397.9
-41366
-41316.4
-41281.4
-41235.2
-41234
-41170.4
-41162.8
-41122.8
-41061.6
-41037.1
-41031.2
-41028.2
-40981.4
-40926.7
-40762
-40747.2
-40745.8
-40574.7
-40567.2
-40537.2
-40523.7
-40513.3
-40455.6
-40449.3
-40428.6
-40407.1
-40401.7
-40394.6
-40374.2
-40360.3
-40353.1
-40267
-40260.9
-40127.9
-40103
-40064.3
-40028
-40000.1
-39975.2
-39959.8
-39899.3
-39891.2
-39800.1
-39756.1
-39748
-39716.6
-39711.5
-39710.8
-39708
-39705.7
-39690.7
-39662.7
-39606.6
-39597.2
-39576.6
-39536
-39525.1
-39482.1
-39454.3
-39427.8
-39416.2
-39249.9
-39245.5
-39212.9
-39206.5
-39195
-39187.3
-39186.4
-39181.1
-39165.7
-39124.6
-39062.7
-39052.6
-39048.8
-38962.8
-38953.5
-38817.2
-38811.7
-38788.5
-38787
-38780.8
-38760.9
-38742.8
-38733.4
-38709
-38700.6
-38693.5
-38687
-38686.7
-38649.1
-38591.5
-38587
-38532.3
-38523.7
-38510.6
-38450.1
-38438.8
-38438.1
-38431.4
-38408.2
-38405.2
-38387.4
-38379
-38366.1
-38306.5
-38290.2
-38251.1
-38220.5
-38174.5
-37999.5
-37991.1
-37955
-37928.2
-37903.3
-37870.1
-37815.9
-37812.2
-37804.7
-37797
-37762.7
-37736.2
-37724.1
-37696.2
-37668.6
-37650.4
-37637.9
-37631.8
-37629.7
-37625.7
-37613
-37596
-37540.4
-37522.3
-37495.2
-37493
-37463.4
-37460.8
-37413.1
-37398.6
-37383.2
-37379.3
-37351.6
-37348.3
-37343.4
-37331.4
-37314.8
-37293.3
-37251.5
-37184
-37181.4
-37164.8
-37122.5
-37110.7
-37078.4
-37054.7
-37034.4
-37019.3
-36999
-36979.7
-36969.2
-36964.4
-36923.2
-36921.2
-36921
-36861
-36794.6
-36693.2
-36692.2
-36680.4
-36675
-36673.8
-36655.9
-36631.3
-36599.7
-36591.8
-36565.3
-36561.3
-36531.6
-36518.9
-36480.1
-36453.6
-36425.2
-36390.4
-36278.1
-36277.9
-36243.6
-36242.9
-36201.6
-36124.5
-36099.5
-36097.2
-36037.8
-35931.9
-35924.7
-35893.4
-35885.5
-35883.7
-35873.9
-35861.5
-35821.9
-35768.3
-35745.5
-35713.6
-35685.7
-35640.4
-35594.6
-35554.4
-35530.4
-35522.7
-35501.6
-35493.2
-35493.1
-35431.8
-35403.3
-35401.3
-35335.3
-35257.9
-35256.1
-35245.4
-35232.3
-35226.6
-35202.5
-35189.4
-35184
-35104.1
-35089.7
-35010.6
-35006.9
-34979.7
-34923.3
-34920.1
-34909.7
-34909.1
-34875.2
-34854.4
-34815.1
-34804.9
-34786.5
-34777.1
-34776.8
-34776.1
-34733.9
-34703.7
-34701.1
-34700.6
-34674.3
-34666.9
-34646.6
-34624.3
-34585.8
-34564.8
-34560.2
-34531.2
-34525.3
-34505.6
-34463.5
-34462
-34418.9
-34350.1
-34306.5
-34288.5
-34285.3
-34277.6
-34272.5
-34240.1
-34224.8
-34222.2
-34210
-34207.8
-34195.1
-34191.7
-34122.1
-34118.8
-34087.7
-34066.2
-34022.4
-33975.5
-33926.9
-33914.9
-33911.2
-33908.9
-33904.3
-33890.8
-33888.7
-33880.8
-33844.4
-33841.8
-33829.1
-33805.3
-33778.2
-33757.6
-33756.6
-33748.2
-33746.3
-33733
-33709
-33656.6
-33615.3
-33592.1
-33556.1
-33494.1
-33475.9
-33471.6
-33462.3
-33462
-33457
-33452.2
-33432.3
-33427.5
-33388.2
-33381
-33375.2
-33373.5
-33331.2
-33330.3
-33271.7
-33237.5
-33230
-33177.4
-33159
-33152.5
-33151.6
-33139
-33099
-33081.6
-33074.4
-33074.2
-33033.9
-33023.1
-33016.2
-32995.6
-32993.6
-32986
-32936.3
-32896.9
-32886.5
-32879.5
-32861.1
-32832.7
-32769.2
-32724.8
-32721.4
-32713.3
-32702.2
-32696.1
-32636.3
-32631.3
-32624.9
-32580.4
-32576.6
-32553
-32541.2
-32536.4
-32529.7
-32516.1
-32511
-32508.4
-32505.7
-32499.7
-32495
-32494.1
-32482.9
-32470.5
-32431.1
-32404.3
-32398.4
-32375.1
-32294.2
-32287.4
-32275.4
-32259.3
-32247.6
-32229.4
-32225.5
-32188.7
-32172.6
-32101.8
-32098.3
-32076.5
-32060.7
-32054.7
-31982.7
-31946.1
-31929.9
-31910.9
-31898.6
-31877.2
-31842.3
-31834.9
-31784.7
-31780.2
-31717.4
-31691.8
-31682
-31602.2
-31601.1
-31594.1
-31594
-31589.8
-31556.6
-31524.2
-31502.1
-31499.4
-31489.2
-31458.4
-31447.7
-31434.3
-31407.8
-31375.8
-31371.6
-31347.3
-31328.2
-31307.4
-31307.1
-31292.6
-31244.7
-31228.7
-31224.2
-31184.5
-31169.1
-31162
-31151.5
-31146.9
-31120.4
-31115.6
-31103.3
-31026.5
-31022.1
-31021.5
-31019.9
-31003.2
-30916.5
-30912.7
-30907.7
-30904.9
-30903.7
-30892.5
-30883.5
-30882.1
-30879.4
-30814.8
-30800.2
-30784.2
-30782.6
-30751.5
-30734.1
-30713.6
-30702
-30635
-30630.5
-30612.1
-30587.8
-30582.6
-30578.6
-30551.7
-30547.4
-30531.4
-30521.3
-30432.5
-30405.2
-30380.9
-30365.2
-30364.2
-30360.2
-30331.4
-30309.2
-30285.4
-30247.2
-30186.9
-30097.8
-30089.4
-30057
-30046.4
-30044.5
-30026.7
-30000.9
-29987.3
-29983.9
-29972.4
-29961.1
-29920.9
-29833.9
-29816.3
-29775.5
-29774.8
-29772.8
-29733.5
-29710
-29678.4
-29643
-29621.3
-29594.3
-29584.8
-29569.5
-29492.7
-29423.4
-29421.4
-29385.4
-29370.1
-29363.7
-29358.6
-29311
-29256.2
-29249
-29229.3
-29226.9
-29213.7
-29122.6
-29115.9
-29113
-29100.4
-29095.6
-29043.2
-28963.4
-28920.3
-28918.3
-28914.4
-28868.6
-28856.5
-28841.8
-28835.4
-28817.7
-28807.8
-28743.6
-28732
-28719.6
-28651.4
-28639.1
-28630
-28612.6
-28596.4
-28595.5
-28555.2
-28552.3
-28531.9
-28468.5
-28464.2
-28450.3
-28415.3
-28405.3
-28374.8
-28362.2
-28344.9
-28340.1
-28316.6
-28240
-28195.7
-28189.7
-28178.6
-28171.6
-28164.9
-28105.5
-28060.8
-28039.5
-28024.5
-27992.5
-27967.1
-27963.8
-27963.5
-27926.3
-27924.3
-27887.3
-27878.6
-27869.4
-27860.3
-27852.9
-27846.5
-27831.3
-27821.2
-27803.3
-27793
-27792.2
-27777.7
-27774
-27765.8
-27755.6
-27678.6
-27653.3
-27642.5
-27625.6
-27617.3
-27613.9
-27568.8
-27531.2
-27527.6
-27516.2
-27490.1
-27484.3
-27451.7
-27448.7
-27391.3
-27377.7
-27331.7
-27330.6
-27318.3
-27309.8
-27297.3
-27293.6
-27289.1
-27283.3
-27240.1
-27231.7
-27209.9
-27174.2
-27162.5
-27143.2
-27128.6
-27124.8
-27099.7
-27069.4
-27054.5
-27049.4
-27048
-27026.3
-27008.8
-26982.8
-26966.2
-26937
-26933.7
-26917.5
-26916.1
-26908.4
-26864.3
-26825.8
-26805
-26766.3
-26754.3
-26745.7
-26731.2
-26709.6
-26700.3
-26699
-26632.8
-26608.8
-26605.1
-26527.9
-26524.2
-26511
-26507.2
-26486.2
-26458.9
-26453.5
-26445.9
-26431.2
-26423
-26422.5
-26381.6
-26328.4
-26313.9
-26308.5
-26307.7
-26292.8
-26292.7
-26280.2
-26270.3
-26262.9
-26231.1
-26172
-26161.4
-26153.6
-26134.8
-26124.8
-26124
-26111.9
-26105.7
-26087.6
-26084.6
-26036.1
-26015
-26006.7
-26001.4
-25988.9
-25980.9
-25956.1
-25930
-25922
-25904.8
-25903
-25902.3
-25876.9
-25876.2
-25862.7
-25848.6
-25844
-25830.4
-25807.5
-25776.8
-25771.6
-25715.4
-25698.8
-25696.6
-25688.1
-25639.2
-25638.7
-25628.7
-25556.5
-25518.2
-25510.5
-25494.5
-25492.7
-25482.2
-25479.1
-25423.3
-25390.9
-25388.2
-25342.8
-25332.7
-25276.6
-25261
-25235.3
-25234.2
-25231.8
-25201.5
-25181.4
-25160
-25129.1
-25068.2
-25017.7
-24998
-24956.1
-24950.7
-24937
-24936.3
-24864.1
-24805.1
-24781.8
-24745
-24739.9
-24726.1
-24710.9
-24693
-24667.7
-24634.1
-24632
-24576.1
-24556.1
-24525.2
-24524.2
-24517.7
-24509.2
-24461
-24407.1
-24372.8
-24364.5
-24323.6
-24310.9
-24264.6
-24264.4
-24249.9
-24242.6
-24242.2
-24241.1
-24215.2
-24211.9
-24205.9
-24186.5
-24155.9
-24150.8
-24131.6
-24104.3
-24103
-24088.1
-24087.9
-24086.1
-24077.1
-24076.9
-24076.1
-24073.7
-24068.7
-24060.7
-24032.5
-24027.4
-24011.2
-24004.1
-23973.8
-23944.3
-23926.6
-23925.7
-23910.3
-23897
-23877.7
-23871.9
-23855.5
-23853.3
-23849.5
-23838.6
-23833.5
-23734.3
-23725.3
-23719
-23707
-23706.4
-23704.5
-23697.7
-23683.6
-23678.3
-23633.2
-23623.9
-23622.7
-23621.6
-23601.5
-23601.1
-23589.2
-23586.8
-23552.4
-23542.7
-23494.9
-23490.9
-23479.1
-23422.9
-23422
-23339.7
-23298.7
-23295.1
-23197.5
-23189.1
-23170.6
-23165.2
-23159.2
-23143.6
-23134.5
-23117.2
-23108.9
-23105.9
-23083.5
-23032
-23023.3
-22997.4
-22993.9
-22984
-22960.2
-22927.1
-22906.3
-22896
-22876.9
-22871.1
-22861.1
-22822.5
-22753.7
-22742
-22741.8
-22740.5
-22717.2
-22686.9
-22679.3
-22661.7
-22630.5
-22629.6
-22615.9
-22595.8
-22592.3
-22591.3
-22578.1
-22563
-22556.4
-22507.4
-22504.6
-22503.3
-22467.5
-22439
-22437.5
-22339.9
-22325.3
-22321.6
-22316.4
-22292.4
-22273.1
-22271.2
-22221.3
-22192.7
-22169.6
-22146.1
-22141
-22131.4
-22128.2
-22102.7
-22086.5
-22081.5
-22080.9
-22027.5
-22015.9
-21951.4
-21866.1
-21829.8
-21824.1
-21822
-21815.7
-21779.6
-21770.7
-21766.5
-21740.5
-21739.6
-21734.9
-21717.8
-21716.3
-21682.8
-21676.4
-21639.4
-21605.8
-21567.6
-21555.5
-21549.7
-21546.9
-21539.6
-21505.6
-21496
-21481.7
-21464.2
-21461.9
-21419
-21402.1
-21398.3
-21395.5
-21391.2
-21346.4
-21339.4
-21334.3
-21267.7
-21259.4
-21256.3
-21206.7
-21196.8
-21179
-21176.6
-21160.9
-21124.5
-21071.6
-21069.5
-21045.1
-21037.3
-21023.9
-21016.6
-21015.9
-21009
-20992.8
-20958.7
-20939.3
-20930.1
-20900.1
-20884.6
-20881.2
-20846.6
-20823.1
-20813.2
-20775.1
-20724.6
-20673.7
-20671.3
-20647.9
-20620.9
-20594.1
-20590.9
-20574.5
-20572
-20569.4
-20566.1
-20562.5
-20485.6
-20470.3
-20456.4
-20438
-20412.4
-20405.6
-20404.6
-20387.2
-20374.8
-20355.8
-20341.5
-20320.5
-20303.9
-20283.3
-20279.6
-20277.2
-20272.7
-20264.9
-20204.7
-20177.1
-20145.4
-20134.3
-20118.8
-20088.4
-20077.7
-20060.5
-20055.6
-20054.9
-20039.5
-20030.6
-20026
-20019.5
-19994
-19987.3
-19981.7
-19975.8
-19953.5
-19929.9
-19913.2
-19909.4
-19815.6
-19803.9
-19803
-19793.1
-19791.5
-19766.9
-19766.4
-19760.3
-19754.4
-19728.9
-19716.2
-19707.6
-19702.1
-19685.3
-19682.2
-19677.4
-19632.7
-19545.5
-19536.8
-19531.7
-19517
-19503.5
-19501.8
-19500.3
-19476.6
-19475.4
-19461.3
-19402.4
-19400
-19387.1
-19372.1
-19357.8
-19317.1
-19286.3
-19272.8
-19257.5
-19236
-19224.4
-19220.9
-19214.6
-19181.7
-19126.8
-19116.9
-19111.8
-19094
-19088.9
-19064.1
-19054.6
-19045
-19038.9
-19006.1
-18987.9
-18958.1
-18936.4
-18929.5
-18921.4
-18849.4
-18837.1
-18783.3
-18782.5
-18760.3
-18746.7
-18723.1
-18711.9
-18711
-18660
-18652.1
-18625.1
-18618.2
-18616.3
-18558.6
-18546.8
-18494.2
-18485.5
-18485.4
-18461.7
-18412.6
-18412.2
-18396.9
-18392.1
-18377.2
-18364.7
-18358.2
-18273.3
-18260.1
-18217.2
-18194.7
-18181.4
-18131.3
-18126.3
-18112.2
-18104
-18099.6
-18094.7
-18087.2
-18074.9
-18058
-18035.6
-18024.9
-17972.2
-17967.1
-17929.1
-17923.2
-17914.2
-17882.7
-17880.2
-17875.8
-17856.1
-17837.9
-17837.8
-17829.7
-17825.8
-17810.9
-17801
-17763.3
-17761.5
-17728.5
-17720
-17716.7
-17683.8
-17675.4
-17654.8
-17654.4
-17641.7
-17608
-17595.6
-17588.5
-17582.7
-17548.5
-17530.4
-17527.6
-17525.6
-17500.4
-17497.5
-17472
-17466.3
-17458.9
-17418.9
-17410.3
-17406
-17393.4
-17374.4
-17356.6
-17355.9
-17350.6
-17344.4
-17302.9
-17275.1
-17258
-17245.3
-17243.3
-17233.3
-17208.5
-17203.7
-17191.5
-17152.2
-17126.9
-17115.5
-17115.1
-17109.5
-17103.7
-17094.4
-17045.2
-17042.9
-16971.7
-16955.8
-16946.5
-16929.4
-16920.2
-16905.5
-16890.6
-16887.9
-16884.7
-16883.3
-16880
-16833.4
-16826.1
-16797.8
-16784.5
-16758
-16725
-16722
-16668.5
-16651.8
-16636.9
-16635.7
-16633.5
-16612.3
-16604.1
-16601.2
-16595.3
-16581
-16577.4
-16567.1
-16545.7
-16526.1
-16524.4
-16513.2
-16502.1
-16495.5
-16477.4
-16469.3
-16458.2
-16450.3
-16429
-16421
-16369.1
-16334.7
-16322.7
-16322.1
-16321.8
-16305.7
-16301.4
-16299.2
-16294.5
-16269.7
-16266.1
-16223.9
-16198.1
-16135.2
-16123.1
-16109.3
-16064.4
-16056.9
-16049.7
-16015.2
-16014.5
-16010.9
-16000
-15966.2
-15964.5
-15951.8
-15931.1
-15929.3
-15927.4
-15921.5
-15889.6
-15888.1
-15868.6
-15861.1
-15860.6
-15853.3
-15847.1
-15840.5
-15839.5
-15832.7
-15822.1
-15813.5
-15782.9
-15775.5
-15771.6
-15769.5
-15768.6
-15767.8
-15760.1
-15744.4
-15722.6
-15719.4
-15673.1
-15671.1
-15670.7
-15664.1
-15649.4
-15649.1
-15631.1
-15625.4
-15615
-15596
-15581.1
-15545.8
-15524.8
-15504.4
-15498.8
-15498.5
-15497.1
-15469.3
-15430.2
-15412.8
-15406.2
-15400.8
-15393
-15364.4
-15364.2
-15362.4
-15348.9
-15326.8
-15311.3
-15306.8
-15268.5
-15262.1
-15255.3
-15253.4
-15249.8
-15225.3
-15185.6
-15185
-15180.8
-15165.3
-15115.2
-15063
-15000
-14989.4
-14986.8
-14973.2
-14968.8
-14893.5
-14837.8
-14837.3
-14816.3
-14814.7
-14749.5
-14748.8
-14747.7
-14732.2
-14731.5
-14693.8
-14681.4
-14673.5
-14655.9
-14655.4
-14635.1
-14626.4
-14614.2
-14608.6
-14600.4
-14579.8
-14567.7
-14564.6
-14558
-14541.4
-14533.3
-14529.3
-14512.7
-14501
-14498
-14493.5
-14492.3
-14481.4
-14474.9
-14469.4
-14467.4
-14453.7
-14445.5
-14443.6
-14419.6
-14419.2
-14403.3
-14396.8
-14394.8
-14390.7
-14388.6
-14385.5
-14337.7
-14324.3
-14308.9
-14297.5
-14289.6
-14284.8
-14277.8
-14274.1
-14257.2
-14227.8
-14215.5
-14205.2
-14204.5
-14203.7
-14197.6
-14185
-14174.2
-14170.7
-14163.1
-14155.8
-14142.4
-14119.8
-14067.2
-14062.3
-14059.9
-14043.1
-14014.5
-13997.4
-13976
-13966.6
-13935.5
-13881.1
-13873.7
-13864.5
-13856.5
-13824.2
-13812.2
-13801.6
-13801.5
-13781.7
-13767.1
-13744.5
-13741.8
-13734.4
-13726.5
-13714.2
-13713.8
-13702.4
-13701
-13692.1
-13633.5
-13601.5
-13600.5
-13597.1
-13595.6
-13570.1
-13548.5
-13548.3
-13484.4
-13483.7
-13474.7
-13465.5
-13451.7
-13441.5
-13404.4
-13387.7
-13379.4
-13364.9
-13350.4
-13333.9
-13329.7
-13315.7
-13282.9
-13272
-13266.2
-13260.3
-13257.6
-13255
-13248.9
-13237.9
-13227.5
-13222.2
-13213.1
-13204.2
-13162.2
-13154.9
-13151.8
-13149.1
-13128
-13115.9
-13094.9
-13086.6
-13067.5
-13065
-13052.8
-13033.9
-13030.1
-13021.6
-13007.9
-12993.7
-12991.3
-12984.2
-12974.2
-12953
-12948
-12922
-12905
-12895.6
-12850.1
-12842.6
-12839.4
-12830.9
-12821.5
-12811.4
-12804.5
-12793.8
-12788.2
-12735.7
-12731.6
-12690.2
-12683.5
-12660.8
-12652.8
-12624.3
-12561.4
-12560.9
-12541.7
-12496.7
-12496
-12494.9
-12485
-12484.3
-12482.1
-12465.3
-12446.3
-12436
-12428.4
-12424.2
-12420.4
-12417.3
-12398.9
-12398.4
-12393.4
-12375.5
-12367.3
-12357.4
-12354.5
-12342.5
-12337.4
-12328.8
-12316.5
-12301.9
-12290.7
-12269.7
-12257.1
-12246.5
-12225
-12222.9
-12219.6
-12215.5
-12184.9
-12168
-12167.5
-12166.1
-12165.8
-12156.8
-12154.4
-12146.1
-12142.2
-12124.8
-12098.1
-12086.9
-12077.1
-12064.7
-11980.9
-11977.9
-11975.5
-11967.3
-11960.8
-11940.6
-11934.9
-11914.3
-11912.9
-11909.8
-11882.7
-11857.9
-11855.8
-11825.5
-11820.3
-11812.5
-11804.4
-11799.1
-11797.7
-11784.4
-11781.1
-11770.9
-11770.7
-11770.4
-11747.1
-11736.4
-11721.8
-11716.7
-11715.3
-11714.8
-11714.3
-11710.7
-11686.8
-11663.8
-11642.9
-11615.9
-11607.5
-11601.2
-11600.3
-11589.5
-11573.8
-11557.3
-11544.4
-11541.8
-11535
-11530.2
-11516.1
-11512.2
-11508.3
-11436.1
-11423.4
-11411.9
-11409.6
-11387
-11385.2
-11350.8
-11348.7
-11346.3
-11341.8
-11341
-11333.9
-11333.8
-11331.3
-11288.2
-11279.7
-11272.2
-11266.1
-11259
-11257.1
-11252.8
-11246
-11212.6
-11204.8
-11200.9
-11200.4
-11199.3
-11191
-11169.7
-11153.2
-11152.8
-11141.1
-11137.6
-11124
-11118
-11113.2
-11110.2
-11100.1
-11074.7
-11073.3
-11073
-11064.2
-11050.1
-11044.9
-11042.9
-11040.4
-11037.8
-11036
-11032.3
-11024.5
-11018.6
-11015.4
-11013.2
-11000.2
-10991.1
-10966.2
-10957.8
-10938.5
-10922.8
-10908.8
-10908.3
-10904.6
-10902.1
-10856.6
-10854.5
-10845.3
-10844.7
-10831.3
-10819.7
-10791.2
-10774.6
-10768.9
-10764.9
-10762.1
-10760
-10756.9
-10726.7
-10714.1
-10712.3
-10701
-10697.1
-10672
-10654.2
-10642.6
-10633.2
-10622.6
-10619.4
-10613.8
-10584.2
-10578.6
-10573.6
-10570.2
-10550.7
-10545.6
-10536.9
-10522.6
-10522.5
-10501.1
-10453.8
-10433.7
-10425.9
-10422.7
-10411.7
-10404.8
-10402.3
-10391.6
-10386.1
-10379.5
-10364.3
-10363.2
-10358.4
-10358.3
-10351.3
-10351.1
-10349
-10348.4
-10328
-10327.4
-10326.3
-10323.7
-10317.9
-10306.3
-10288.7
-10281.4
-10278.8
-10277.8
-10267
-10253.9
-10246.3
-10240.3
-10233.5
-10215.4
-10203.1
-10169.6
-10168.5
-10168.2
-10162.2
-10155.2
-10136
-10098.9
-10096.5
-10086.6
-10082.3
-10058
-10045.2
-10017.9
-10003.1
-10000.5
-9990.39
-9981.44
-9971.58
-9965.15
-9896.19
-9891.91
-9877.55
-9876.77
-9863.44
-9818.11
-9801.94
-9796.38
-9794.86
-9781.68
-9769.28
-9759.61
-9745.36
-9742.31
-9739.56
-9705.86
-9684.03
-9679.47
-9670.1
-9659.29
-9653.19
-9638.83
-9612.54
-9608.05
-9598.46
-9590.89
-9590.89
-9590.02
-9547.42
-9539.9
-9534.61
-9494.45
-9465.92
-9459.44
-9448.02
-9434.47
-9418.62
-9404.82
-9392.16
-9364.52
-9355.21
-9349.09
-9323.94
-9305.03
-9286.26
-9281.7
-9279.22
-9255.25
-9187.35
-9185.34
-9173.26
-9170.6
-9149.03
-9129.3
-9118.69
-9094.69
-9078.28
-9067.58
-9058.68
-9054.18
-9053.94
-9017.46
-9009.59
-9008.49
-8970.27
-8943.48
-8934.09
-8931.26
-8922.36
-8919.19
-8896.37
-8891.5
-8890.25
-8888.2
-8887.92
-8879.45
-8844.72
-8825.61
-8821.45
-8786.35
-8745.75
-8723.26
-8720.83
-8705.4
-8696.68
-8666.83
-8660.13
-8638.88
-8629.55
-8627.79
-8619.53
-8571.68
-8566.03
-8556.54
-8553.83
-8552.53
-8546.55
-8527.37
-8508.69
-8501.88
-8500.39
-8482.59
-8462.14
-8453.28
-8443.83
-8420.47
-8414.56
-8410.07
-8390.57
-8385.89
-8368.74
-8360.77
-8359.09
-8330.55
-8328.82
-8327.45
-8324.8
-8322.64
-8311.13
-8288.51
-8284.74
-8280.07
-8275.43
-8237.56
-8220.37
-8203.91
-8179.88
-8171.41
-8154.91
-8150.36
-8137.83
-8135.75
-8099.46
-8095.96
-8078.05
-8064.01
-7993.49
-7952.55
-7942.12
-7934.98
-7930.57
-7926.07
-7905.38
-7870.48
-7847.3
-7837.31
-7798.76
-7794.94
-7788.48
-7783.16
-7758.57
-7744.24
-7713.32
-7709.09
-7704.47
-7669.2
-7633.62
-7618.43
-7612.31
-7611.92
-7603.27
-7600.06
-7573.98
-7568.14
-7552.79
-7541.42
-7540.87
-7534.72
-7516.95
-7511.17
-7495.71
-7495.32
-7492.57
-7482.58
-7480.91
-7428.31
-7420.28
-7415.14
-7386.73
-7384.09
-7378.11
-7360.72
-7354.95
-7352.99
-7350.37
-7340.45
-7340.39
-7318.59
-7316.21
-7314.68
-7310.63
-7305.94
-7305.04
-7292.56
-7281.59
-7266.51
-7259.48
-7254.32
-7233.71
-7208.81
-7193.41
-7181.79
-7174.34
-7172.72
-7170.23
-7160.29
-7129.3
-7128.88
-7127.83
-7126.06
-7121.92
-7116.9
-7105.13
-7094.49
-7092.67
-7090.93
-7086.52
-7082.98
-7072.74
-7027.78
-6999.03
-6998.83
-6984.89
-6984.76
-6965.5
-6954.96
-6935.07
-6932.15
-6930.97
-6930.65
-6929.28
-6897.34
-6891.11
-6884.93
-6882.79
-6882.08
-6875.88
-6875.53
-6872.1
-6854.56
-6850.7
-6811.57
-6783.14
-6750.14
-6745.97
-6732.75
-6723.94
-6721.4
-6718.23
-6714.24
-6706.91
-6703.86
-6698.74
-6681.04
-6675.02
-6655
-6625.63
-6623.18
-6597.77
-6593.04
-6582.62
-6577.92
-6532.42
-6516.47
-6516.13
-6503.85
-6503.28
-6480.61
-6467.37
-6465.39
-6451.8
-6428.61
-6426.17
-6397.65
-6393.2
-6389
-6379.05
-6371.63
-6369.87
-6357.06
-6306.79
-6277.43
-6272.66
-6257.09
-6256.04
-6249.15
-6245.13
-6200.4
-6179.37
-6173.42
-6168.52
-6165.48
-6160.52
-6155.42
-6142.62
-6127.33
-6114.91
-6099.23
-6093.19
-6062
-6058.73
-6031.9
-6028.94
-6021.86
-6018.63
-6018.24
-6008.95
-5985.72
-5966.92
-5962.66
-5961.5
-5958.57
-5945.8
-5943.3
-5916.78
-5913.59
-5906.8
-5885.28
-5875.31
-5873.44
-5871.93
-5853.66
-5808.78
-5762.32
-5753.67
-5752.11
-5751.96
-5743.27
-5740.91
-5723.03
-5720.39
-5699.5
-5681.42
-5673.17
-5669.99
-5661.3
-5656.89
-5647.21
-5639.9
-5587.1
-5578.29
-5554.22
-5546.73
-5531.37
-5521.86
-5520.28
-5514.55
-5509.61
-5480.56
-5473.62
-5445.93
-5444.55
-5441.16
-5439.41
-5429.62
-5427.39
-5420.08
-5414.65
-5405.11
-5399.89
-5397.99
-5388.79
-5382.66
-5373.31
-5349.39
-5348.57
-5343.71
-5331
-5326.59
-5309.48
-5302.02
-5300.43
-5286.84
-5286.61
-5271.53
-5269.84
-5261.65
-5225.58
-5224.63
-5223.27
-5223.21
-5193.3
-5192.83
-5189.01
-5184.04
-5183.67
-5180.62
-5151.38
-5150.13
-5129.01
-5120.71
-5107.86
-5065.76
-5063.68
-5062.86
-5049.26
-5043.86
-5039.24
-5037.56
-5030.48
-5025.48
-5023.14
-5001.49
-4998.81
-4988.15
-4970.82
-4963.56
-4962.1
-4944.34
-4936.66
-4933.33
-4927.49
-4923.81
-4894.16
-4882.05
-4863.4
-4855.76
-4846.92
-4825.08
-4812.65
-4810.61
-4798.32
-4775.81
-4771.69
-4771.07
-4770.78
-4755.73
-4735.69
-4726.18
-4722.65
-4719.29
-4701.02
-4700.52
-4681.09
-4661.92
-4658.75
-4651.01
-4650.97
-4640.95
-4639.82
-4610.93
-4608.34
-4603.75
-4601.9
-4596.64
-4593.62
-4591.53
-4574.72
-4571.63
-4563.59
-4562.14
-4561.11
-4560.44
-4559.19
-4542.67
-4535.93
-4533.39
-4521.18
-4518.58
-4511.96
-4505.67
-4500.63
-4479.93
-4475.98
-4459.42
-4447.18
-4440.22
-4436.97
-4425.43
-4424.47
-4424.04
-4414.96
-4385.01
-4381.99
-4362.87
-4355.54
-4348.01
-4337.33
-4311.58
-4307.91
-4299.74
-4294.06
-4293.99
-4285.49
-4280.6
-4214.96
-4209.05
-4182.33
-4179.6
-4155.47
-4154.74
-4153.32
-4152.94
-4151.52
-4139.33
-4123.77
-4116.37
-4116.08
-4105.5
-4101.6
-4097.58
-4082.71
-4079.8
-4073.59
-4057.62
-4054.07
-4047.97
-4044.02
-4038.67
-4027.48
-4018.63
-4017.25
-3997.9
-3995.05
-3993.54
-3991.61
-3978.88
-3965.44
-3953.42
-3951
-3944.28
-3939.57
-3936.46
-3931.51
-3931.06
-3919.84
-3912.08
-3908.42
-3896.74
-3896.29
-3896.24
-3895.13
-3885.94
-3847.34
-3842.55
-3815.62
-3794.93
-3792.88
-3772.22
-3771.07
-3743.45
-3739.44
-3733.58
-3729.55
-3721.41
-3717.71
-3716.11
-3716.08
-3713.1
-3703.84
-3701.35
-3684.55
-3676.18
-3667.56
-3657.72
-3652.97
-3648.75
-3642.82
-3642.57
-3613.47
-3607.6
-3571.47
-3569.98
-3565.26
-3558.33
-3555.41
-3548.02
-3544.66
-3540.43
-3536.93
-3526.75
-3520.78
-3516
-3508.38
-3505.82
-3471.45
-3456.41
-3453.98
-3451.23
-3451.04
-3443.62
-3423.67
-3414.68
-3391.94
-3385.44
-3385.27
-3380.26
-3372.52
-3342.78
-3333.67
-3333.65
-3331.26
-3325.82
-3318.8
-3309.25
-3303.51
-3301.95
-3289.78
-3272.81
-3272.17
-3268.18
-3261.87
-3254.57
-3251.6
-3247.62
-3238.74
-3232.07
-3229.78
-3216.12
-3215.83
-3213.11
-3209.01
-3205.58
-3204.95
-3198.96
-3190.06
-3186.8
-3177.74
-3164.33
-3155.32
-3142.51
-3133.75
-3132.12
-3129.55
-3126.24
-3125.9
-3124.44
-3123.8
-3117.74
-3114.63
-3106.43
-3105.01
-3076.9
-3068.47
-3065.4
-3058.37
-3048.64
-3038.99
-3035.01
-3034.05
-3023.02
-3018.89
-3013.63
-3002.08
-2994.79
-2985.1
-2984.94
-2983.49
-2969.55
-2964.42
-2962.36
-2948.78
-2941.78
-2936.76
-2919.52
-2905.82
-2884.91
-2884.54
-2883.58
-2881.79
-2871.64
-2868.71
-2864.02
-2860.64
-2851.77
-2838.95
-2837.58
-2837.52
-2832.93
-2825.43
-2823.38
-2822.99
-2804.66
-2800.25
-2800.17
-2798.4
-2793.73
-2793.51
-2793.49
-2793.41
-2793.15
-2791.66
-2782.74
-2771.15
-2769.21
-2768.96
-2755.97
-2751.03
-2748.63
-2746.83
-2733.56
-2723.41
-2712.89
-2707.74
-2703.12
-2701.49
-2699.99
-2691.19
-2675.67
-2673.74
-2673.72
-2655.67
-2654.55
-2648.18
-2647.58
-2645.77
-2633.89
-2626.87
-2619.05
-2607.6
-2602.16
-2598.22
-2587.09
-2583.11
-2579.43
-2573.25
-2566.74
-2558.88
-2555.25
-2551.52
-2539.51
-2537
-2535.73
-2523.41
-2521.52
-2514.99
-2509.73
-2507.47
-2507.33
-2503.51
-2502.96
-2500.25
-2494.22
-2493.85
-2491.06
-2479.03
-2478.19
-2477.39
-2473.76
-2464.37
-2438.13
-2434.46
-2431.51
-2425.04
-2412.02
-2406.77
-2405.71
-2403.91
-2389.28
-2384.36
-2371.13
-2364.68
-2360.13
-2359.46
-2358.17
-2355.79
-2352.05
-2342.28
-2333.71
-2328.56
-2322.09
-2318.73
-2313.78
-2312.51
-2307.78
-2306.3
-2299.12
-2297.83
-2289.81
-2287.11
-2284.97
-2284.19
-2256.44
-2246.12
-2232.07
-2220.37
-2216.34
-2212.57
-2197.02
-2183.81
-2173.42
-2170.04
-2167.66
-2165.88
-2161.16
-2159.56
-2150.55
-2147.84
-2142.4
-2141.49
-2141.05
-2138.48
-2138.45
-2132.61
-2121.89
-2120.94
-2120.78
-2120.41
-2113.2
-2112.87
-2112.4
-2107.68
-2106.93
-2106.56
-2105.53
-2104
-2102.51
-2100.02
-2083.74
-2080.24
-2059.64
-2058.11
-2057.81
-2056.31
-2047.5
-2039.26
-2031.81
-2031.59
-2027.87
-2020.98
-2011.98
-1989.75
-1988.13
-1988.01
-1983.59
-1982.57
-1976.06
-1973.87
-1970.13
-1968.92
-1965.26
-1958.93
-1955.3
-1953.2
-1951.41
-1945.8
-1945.63
-1941.49
-1938.79
-1936.37
-1930.29
-1928.58
-1927.69
-1927.49
-1925.14
-1916.21
-1906.04
-1904.58
-1902.4
-1890.52
-1885.17
-1882.22
-1880.33
-1878.34
-1876.68
-1876.52
-1875.1
-1874.77
-1874
-1872.29
-1867.36
-1864.91
-1864.7
-1864.69
-1854.95
-1851.1
-1848.87
-1848.79
-1846.37
-1845.94
-1845.91
-1844.95
-1841.58
-1840.89
-1840.03
-1834.94
-1833.47
-1830.21
-1824.76
-1823.42
-1818.43
-1817.72
-1814.68
-1812.09
-1811.37
-1801.63
-1797.35
-1794.99
-1792.6
-1787.09
-1786.09
-1781.96
-1780.06
-1777.39
-1772.96
-1765.29
-1762.5
-1761.68
-1750.31
-1747.26
-1734.22
-1733.74
-1733.27
-1729.62
-1728.83
-1725.71
-1723.62
-1721.68
-1718.72
-1718.24
-1714.22
-1709.88
-1707.45
-1701.06
-1699.85
-1693.78
-1689.79
-1688.7
-1687.53
-1684.94
-1682.98
-1677.85
-1677.13
-1673.48
-1673.02
-1670.57
-1666.54
-1665.25
-1664.87
-1663.33
-1662.56
-1656.26
-1651.95
-1651.5
-1648.01
-1646.18
-1643.75
-1627.58
-1625.67
-1615.02
-1611.96
-1609.76
-1608.38
-1608.15
-1605.4
-1602.09
-1601.67
-1600.94
-1596.61
-1593.48
-1592.95
-1589.34
-1589.19
-1589.15
-1568.81
-1557.86
-1554.46
-1551.24
-1542.14
-1541.38
-1541
-1539.92
-1534.44
-1529.2
-1528.64
-1528.04
-1521.74
-1518.93
-1514.99
-1514.96
-1514.79
-1511.76
-1511.2
-1508.93
-1508.69
-1508.53
-1499.18
-1498.32
-1491.75
-1488.43
-1484.98
-1484.75
-1482.47
-1480.57
-1478.76
-1477.42
-1472.07
-1470.53
-1465.14
-1460.3
-1449.35
-1448.61
-1448.6
-1448.22
-1445.14
-1443.71
-1433.23
-1433.15
-1426.54
-1423.07
-1420.95
-1413.46
-1410.67
-1402.84
-1401.54
-1400.15
-1395.93
-1394.41
-1391.23
-1384.39
-1373.98
-1365.8
-1364.42
-1361.75
-1361.63
-1361.31
-1359.73
-1357.59
-1356.9
-1355.84
-1353.98
-1352.05
-1351.24
-1341.72
-1338.61
-1333.38
-1332.96
-1325.3
-1322
-1321.8
-1317.44
-1315.66
-1312.17
-1302.86
-1300.76
-1299.35
-1297.16
-1293.9
-1292.69
-1283.67
-1283.02
-1282.93
-1281.49
-1279.79
-1277.12
-1276.12
-1271.02
-1270.24
-1267.67
-1265.34
-1264.57
-1263.29
-1257.78
-1256.32
-1254.82
-1253.97
-1253.5
-1248.22
-1246.41
-1245.55
-1245.3
-1243.53
-1242.77
-1236.72
-1227.48
-1224.29
-1221.33
-1220.33
-1216.51
-1216.45
-1213.08
-1212.85
-1209.64
-1209.62
-1207.16
-1205.03
-1204.54
-1199.82
-1193.77
-1190.94
-1185.01
-1183.44
-1180.75
-1180.61
-1177.72
-1172.67
-1171.48
-1170.15
-1168.85
-1168.48
-1159.84
-1153.55
-1153.43
-1151.43
-1150.9
-1142.71
-1142.54
-1141
-1140.58
-1136.13
-1136.01
-1135.52
-1135.44
-1135.26
-1132.86
-1131.65
-1131.25
-1131.18
-1130.48
-1126.77
-1117.04
-1110.39
-1106.46
-1098.32
-1098.25
-1096.62
-1091.05
-1090.32
-1090.23
-1089.24
-1087.83
-1085.51
-1084.5
-1082.53
-1058.1
-1057.96
-1056.79
-1056.07
-1054.5
-1052.77
-1048.45
-1046.81
-1044.41
-1041.12
-1041.07
-1041.03
-1034.88
-1031.36
-1023.03
-1021.58
-1020.49
-1014.17
-1013.34
-1012.23
-1004.27
-1004.15
-1001.88
-994.382
-993.074
-991.611
-991.16
-988.98
-988.726
-980.311
-975.108
-973.785
-972.002
-971.616
-967.048
-961.847
-958.077
-956.907
-949.286
-948.599
-947.526
-946.865
-945.545
-945.136
-944.854
-941.918
-941.249
-938.606
-935.547
-933.197
-931.303
-929.813
-929.359
-926.173
-921.642
-920.233
-920.232
-919.984
-919.22
-918.531
-915.802
-912.008
-910.247
-909.566
-909.454
-909.364
-906.475
-905.744
-905.648
-902.991
-901.399
-900.746
-899.002
-896.754
-896.283
-894.434
-893.797
-888.443
-887.89
-887.242
-886.79
-884.736
-884.577
-883.747
-881.757
-879.921
-876.464
-874.532
-873.244
-869.288
-860.489
-858.635
-858.374
-854.815
-847.491
-844.689
-843.257
-841.055
-840.751
-837.527
-836.629
-834.745
-833.951
-832.424
-832.207
-830.858
-826.546
-825.526
-822.364
-821.324
-821.074
-819.895
-813.603
-812.354
-811.329
-808.192
-805.015
-803.761
-800.99
-797.74
-796.31
-796.149
-795.176
-793.227
-792.72
-786.655
-784.675
-783.55
-782.879
-781.947
-779.546
-778.735
-776.497
-775.992
-774.652
-773.762
-773.062
-772.257
-769.375
-765.25
-764.179
-764.174
-760.501
-759.93
-757.769
-748.39
-744.993
-744.844
-744.09
-741.199
-740.536
-737.402
-735.3
-735.018
-734.053
-733.788
-730.054
-725.171
-722.981
-718.997
-718.427
-717.456
-716.095
-713.377
-713.012
-712.242
-710.905
-707.323
-702.678
-701.919
-700.828
-698.317
-695.514
-692.261
-690.809
-690.012
-689.756
-688.253
-683.559
-682.013
-681.318
-681.222
-679.854
-678.866
-678.075
-671.28
-670.075
-669.966
-667.912
-667.618
-667.455
-665.813
-663.418
-662.537
-660.148
-659.809
-659.14
-658.171
-654.696
-652.881
-652.847
-651.085
-650.684
-650.44
-649.854
-648.428
-646.912
-646.65
-646.545
-645.353
-644.067
-644.028
-643.937
-639.543
-639.094
-637.33
-636.317
-634.926
-634.67
-633.114
-631.298
-630.966
-629.326
-628.879
-627.325
-623.589
-622.882
-619.372
-615.748
-613.112
-610.278
-610.005
-609.715
-609.427
-609.271
-606.026
-605.725
-605.348
-600.984
-600.68
-600.449
-600.443
-600.23
-598.775
-598.606
-596.934
-596.351
-593.367
-592.652
-592.036
-585.585
-585.008
-584.45
-584.257
-582.835
-581.769
-581.58
-579.937
-579.791
-576.361
-573.879
-572.74
-570.452
-569.604
-569.436
-568.594
-565.253
-565.026
-561.287
-560.339
-559.913
-558.234
-558.008
-557.835
-557.369
-556.735
-555.169
-553.725
-551.711
-551.229
-551.145
-549.728
-548.679
-548.343
-547.753
-547.229
-547.125
-547.004
-545.64
-545.615
-545.517
-544.765
-544.175
-543.211
-542.82
-542.785
-542.692
-542.536
-542.011
-539.487
-537.935
-535.735
-535.674
-534.434
-534.34
-532.344
-530.977
-529.589
-524.261
-521.808
-521.329
-520.227
-519.338
-518.139
-517.916
-517.449
-517.116
-515.175
-512.722
-512.647
-510.295
-510.22
-509.473
-508.306
-504.214
-504.064
-502.711
-502.537
-502.434
-496.512
-495.819
-495.509
-493.245
-493.122
-491.484
-490.412
-489.789
-488.47
-487.887
-487.63
-486.717
-486.693
-485.277
-484.334
-481.838
-479.948
-479.814
-479.417
-478.642
-478.638
-478.264
-476.255
-474.684
-473.933
-473.542
-473.444
-471.504
-470.812
-470.418
-469.667
-469.362
-469.068
-465.72
-464.305
-464.229
-462.739
-461.734
-460.407
-460.18
-459.054
-458.49
-456.068
-456.052
-455.732
-454.41
-453.927
-453.805
-452.449
-451.614
-451.146
-451.039
-450.727
-450.599
-448.331
-447.855
-447.85
-446.824
-446.802
-446.675
-446.601
-445.944
-445.089
-443.965
-443.598
-441.73
-440.93
-439.775
-438.984
-437.074
-436.819
-435.337
-435.174
-434.129
-433.682
-433.621
-432.563
-430.622
-430.343
-430.329
-428.962
-428.594
-428.231
-428.067
-424.719
-423.026
-422.287
-422.282
-421.547
-420.069
-417.315
-417.277
-416.769
-416.526
-415.532
-414.128
-413.7
-412.51
-410.88
-410.293
-409.434
-409.425
-408.105
-407.95
-407.71
-407.481
-407.029
-406.222
-406.138
-405.553
-403.254
-401.174
-400.679
-400.207
-399.726
-399.568
-396.849
-396.646
-396.014
-395.819
-394.242
-393.013
-390.397
-388.72
-387.657
-387.462
-387.166
-386.968
-385.178
-384.874
-383.385
-382.148
-379.53
-376.525
-373.863
-373.332
-373.226
-372.816
-371.06
-370.856
-370.348
-370.327
-370.001
-369.792
-368.513
-367.991
-367.666
-367.631
-367.13
-366.673
-362.975
-361.06
-360.659
-360.389
-359.894
-358.853
-358.607
-357.532
-356.916
-356.432
-355.589
-354.801
-352.585
-352.538
-351.894
-351.814
-351.111
-350.448
-350.1
-349.926
-348.687
-348.272
-347.592
-347.08
-345.486
-344.294
-343.87
-342.442
-340.415
-338.742
-337.226
-336.39
-335.957
-335.346
-334.159
-333.983
-332.963
-332.791
-331.501
-331.207
-330.917
-328.582
-328.515
-328.069
-328.052
-327.645
-327.048
-326.423
-325.903
-325.408
-325.29
-324.994
-323.694
-322.326
-322.187
-322.006
-321.724
-320.256
-318.717
-318.357
-317.989
-317.555
-316.648
-316.319
-316.2
-315.498
-315.304
-314.707
-312.677
-311.888
-310.622
-310.391
-310.044
-309.377
-308.745
-307.082
-306.915
-306.654
-306.474
-305.585
-305.459
-305.414
-305.368
-304.978
-304.359
-303.977
-303.77
-303.639
-303.15
-303.14
-302.98
-302.947
-302.847
-302.826
-302.097
-301.882
-300.121
-299.966
-299.672
-299.076
-298.905
-298.722
-298.614
-298.603
-298.54
-298.327
-297.947
-297.648
-296.667
-296.384
-296.15
-296.008
-295.745
-295.159
-294.978
-294.333
-294.323
-293.982
-292.39
-292.356
-292.336
-292.046
-291.568
-291.378
-289.417
-289.408
-289.107
-288.922
-286.966
-286.811
-286.747
-286.587
-286.387
-285.923
-285.707
-285.568
-285.47
-283.394
-281.979
-281.845
-281.843
-281.618
-281.43
-281.403
-280.248
-278.978
-278.136
-277.218
-277.018
-276.883
-276.711
-276.501
-276.236
-275.974
-275.62
-275.586
-275.315
-273.868
-272.633
-272.588
-272.254
-272.126
-272.034
-271.488
-271.076
-270.984
-270.916
-270.4
-270.312
-269.587
-269.39
-268.204
-267.773
-267.565
-266.97
-265.177
-264.882
-264.822
-264.596
-264.556
-264.422
-264.29
-264.056
-263.836
-263.69
-263.634
-263.151
-262.746
-262.718
-261.799
-261.571
-261.468
-261.213
-260.622
-259.715
-259.5
-258.7
-257.844
-257.768
-257.304
-257.172
-256.926
-256.786
-256.569
-256.446
-256.36
-256.033
-255.821
-255.651
-254.724
-254.515
-253.963
-253.683
-253.532
-253.338
-253.121
-253.031
-253.01
-252.512
-252.472
-252.104
-252.03
-251.95
-251.866
-251.76
-251.213
-251.205
-251.192
-250.491
-250.349
-250.109
-250.095
-250.049
-250.025
-249.486
-249.105
-248.917
-248.851
-248.77
-248.632
-248.226
-248.178
-247.652
-247.202
-247.072
-246.918
-246.769
-246.225
-245.883
-245.824
-245.571
-245.52
-245.488
-245.182
-244.843
-244.563
-244.315
-244.04
-243.967
-243.381
-243.379
-243.211
-242.87
-242.863
-242.785
-242.594
-242.392
-242.034
-241.745
-241.655
-241.152
-241.14
-241.066
-240.695
-240.58
-240.558
-240.549
-240.51
-240.29
-240.274
-239.922
-239.567
-239.42
-238.82
-238.771
-238.679
-238.618
-238.372
-237.847
-237.787
-237.715
-237.714
-237.631
-237.55
-237.289
-236.84
-236.696
-236.54
-236.487
-236.022
-235.914
-235.385
-235.06
-235.018
-234.795
-234.573
-234.342
-234.305
-234.21
-234.12
-234.115
-233.808
-233.735
-233.602
-233.46
-233.393
-232.959
-232.867
-232.848
-232.68
-232.479
-232.168
-232.132
-232.072
-232.151
-231.221
-231.146
-230.934
-230.713
-230.449
-230.331
-230.286
-230.228
-230.146
-230.051
-229.314
-229.291
-229.15
-229.023
-228.917
-228.85
-228.734
-228.612
-228.567
-227.789
-227.629
-227.585
-227.53
-227.326
-227.225
-226.99
-226.477
-226.378
-226.285
-226.227
-225.962
-225.89
-225.784
-225.753
-225.747
-225.64
-225.307
-225.282
-225.234
-225.021
-224.603
-224.586
-224.353
-224.324
-224.261
-224.239
-224.166
-224.145
-224.075
-224.098
-224.096
-223.905
-223.849
-223.554
-223.523
-223.48
-223.308
-223.234
-223.127
-223.052
-222.968
-222.616
-222.369
-222.292
-222.08
-222.053
-222.034
-221.832
-221.747
-221.565
-221.146
-221.145
-221.062
-221.058
-220.679
-220.666
-220.584
-220.451
-220.45
-220.35
-220.312
-220.255
-220.168
-220.137
-220.136
-220.043
-219.976
-219.893
-219.801
-219.798
-219.645
-219.601
-219.42
-219.367
-219.107
-218.939
-218.927
-218.875
-218.806
-218.865
-218.795
-218.649
-218.518
-218.48
-218.409
-218.297
-218.075
-218.047
-218.021
-217.962
-217.913
-217.838
-217.83
-217.825
-217.813
-217.439
-217.407
-217.335
-217.319
-217.313
-217.091
-217.047
-217.037
-216.971
-216.727
-216.725
-216.703
-216.626
-216.493
-216.47
-216.434
-216.393
-216.381
-216.352
-216.208
-216.116
-216.089
-215.996
-215.848
-215.847
-215.796
-215.684
-215.672
-215.666
-215.665
-215.644
-215.608
-215.373
-215.353
-215.415
-215.337
-215.299
-215.289
-215.262
-215.212
-215.204
-215.18
-215.146
-215.031
-214.871
-214.781
-214.753
-214.748
-214.558
-214.48
-214.467
-214.415
-214.26
-214.18
-214.146
-214.131
-214.115
-214.104
-214.012
-213.985
-213.908
-213.782
-213.73
-213.64
-213.608
-213.59
-213.454
-213.348
-213.343
-213.335
-213.283
-213.265
-213.265
-213.201
-213.022
-213.019
-212.683
-212.681
-212.561
-212.523
-212.444
-212.44
-212.439
-212.424
-212.521
-212.453
-212.443
-212.37
-212.324
-212.304
-212.184
-212.183
-212.176
-212.175
-212.164
-212.134
-211.927
-211.925
-211.921
-211.91
-211.883
-211.567
-211.457
-211.422
-211.415
-211.373
-211.364
-211.304
-211.278
-211.247
-211.243
-211.23
-211.127
-211.103
-210.888
-210.798
-210.794
-210.777
-210.526
-210.457
-210.449
-210.424
-210.333
-210.275
-210.228
-210.125
-210.114
-210.061
-210.055
-209.945
-209.835
-209.783
-209.75
-209.715
-209.794
-209.755
-209.744
-209.71
-209.702
-209.673
-209.672
-209.608
-209.38
-209.376
-209.373
-209.252
-209.188
-209.171
-209.138
-209.114
-209.093
-209.072
-209.064
-208.99
-208.947
-208.927
-208.901
-208.872
-208.782
-208.724
-208.707
-208.695
-208.67
-208.662
-208.639
-208.599
-208.544
-208.532
-208.529
-208.511
-208.494
-208.485
-208.252
-208.133
-208.107
-208.088
-208.079
-208.067
-208.06
-208.06
-208.055
-208.046
-207.964
-207.898
-207.919
-207.876
-207.85
-207.844
-207.795
-207.784
-207.69
-207.689
-207.663
-207.641
-207.59
-207.571
-207.546
-207.449
-207.441
-207.431
-207.355
-207.302
-207.251
-207.246
-207.214
-207.171
-207.168
-207.079
-207.033
-207.029
-206.901
-206.884
-206.883
-206.845
-206.844
-206.839
-206.798
-206.765
-206.751
-206.504
-206.474
-206.464
-206.435
-206.415
-206.397
-206.394
-206.284
-206.146
-206.143
-206.131
-206.073
-206.067
-206.013
-205.962
-206.04
-205.998
-205.998
-205.907
-205.902
-205.895
-205.883
-205.785
-205.736
-205.704
-205.584
-205.563
-205.508
-205.458
-205.446
-205.396
-205.395
-205.365
-205.347
-205.278
-205.259
-205.221
-205.139
-205.128
-205.105
-205.101
-205.078
-205.055
-205.049
-205.01
-205.007
-205.004
-204.977
-204.97
-204.946
-204.945
-204.942
-204.94
-204.873
-204.872
-204.871
-204.845
-204.843
-204.815
-204.806
-204.79
-204.761
-204.751
-204.749
-204.735
-204.827
-204.821
-204.778
-204.766
-204.759
-204.737
-204.728
-204.655
-204.647
-204.634
-204.605
-204.579
-204.575
-204.538
-204.439
-204.431
-204.392
-204.382
-204.377
-204.336
-204.313
-204.31
-204.261
-204.248
-204.243
-204.242
-204.223
-204.212
-204.165
-204.153
-204.152
-204.149
-204.077
-204.076
-204.041
-204.022
-204.012
-204
-203.986
-203.934
-203.927
-203.924
-203.871
-203.867
-203.844
-203.843
-203.795
-203.76
-203.733
-203.702
-203.8
-203.789
-203.786
-203.777
-203.75
-203.726
-203.706
-203.677
-203.66
-203.575
-203.565
-203.556
-203.538
-203.525
-203.482
-203.467
-203.321
-203.302
-203.294
-203.281
-203.273
-203.237
-203.219
-203.208
-203.192
-203.18
-203.164
-203.16
-203.14
-203.117
-203.099
-203.092
-203.085
-203.07
-203.019
-203.018
-202.985
-202.949
-202.934
-202.924
-202.904
-202.845
-202.795
-202.784
-202.776
-202.773
-202.764
-202.752
-202.714
-202.71
-202.786
-202.784
-202.762
-202.737
-202.724
-202.713
-202.665
-202.62
-202.596
-202.56
-202.55
-202.539
-202.507
-202.463
-202.457
-202.435
-202.386
-202.348
-202.34
-202.336
-202.234
-202.225
-202.205
-202.194
-202.191
-202.14
-202.13
-202.092
-202.074
-202.01
-202.002
-201.961
-201.957
-201.874
-201.848
-201.833
-201.82
-201.793
-201.789
-201.778
-201.768
-201.759
-201.719
-201.691
-201.679
-201.669
-201.667
-201.661
-201.66
-201.655
-201.76
-201.76
-201.705
-201.702
-201.677
-201.664
-201.643
-201.621
-201.608
-201.589
-201.542
-201.519
-201.506
-201.477
-201.47
-201.464
-201.442
-201.426
-201.413
-201.311
-201.298
-201.286
-201.275
-201.269
-201.267
-201.266
-201.266
-201.245
-201.229
-201.217
-201.2
-201.199
-201.164
-201.142
-201.141
-201.114
-201.105
-201.07
-201.063
-201.04
-201.035
-201.031
-200.991
-200.977
-200.928
-200.886
-200.879
-200.836
-200.819
-200.802
-200.885
-200.883
-200.883
-200.882
-200.865
-200.856
-200.847
-200.84
-200.839
-200.818
-200.818
-200.817
-200.796
-200.782
-200.774
-200.765
-200.758
-200.75
-200.748
-200.747
-200.745
-200.738
-200.732
-200.724
-200.679
-200.634
-200.632
-200.632
-200.627
-200.624
-200.614
-200.611
-200.608
-200.608
-200.59
-200.54
-200.518
-200.517
-200.501
-200.46
-200.46
-200.441
-200.406
-200.405
-200.401
-200.381
-200.38
-200.322
-200.306
-200.269
-200.367
-200.362
-200.353
-200.351
-200.348
-200.341
-200.339
-200.335
-200.32
-200.317
-200.295
-200.272
-200.242
-200.24
-200.225
-200.212
-200.188
-200.161
-200.159
-200.155
-200.134
-200.132
-200.131
-200.125
-200.117
-200.105
-200.08
-200.059
-200.052
-200.047
-200.045
-200.025
-200.021
-200.021
-200.008
-199.992
-199.972
-199.956
-199.948
-199.934
-199.93
-199.915
-199.888
-199.883
-199.879
-199.871
-199.863
-199.855
-199.841
-199.83
-199.929
-199.928
-199.913
-199.909
-199.907
-199.891
-199.889
-199.886
-199.878
-199.866
-199.862
-199.862
-199.849
-199.847
-199.842
-199.841
-199.827
-199.825
-199.808
-199.792
-199.788
-199.787
-199.768
-199.753
-199.739
-199.729
-199.711
-199.709
-199.648
-199.637
-199.633
-199.576
-199.569
-199.565
-199.565
-199.554
-199.553
-199.535
-199.534
-199.53
-199.51
-199.504
-199.479
-199.473
-199.464
-199.441
-199.413
-199.406
-199.358
-199.327
-199.423
-199.423
-199.379
-199.375
-199.374
-199.31
-199.308
-199.308
-199.304
-199.298
-199.297
-199.259
-199.247
-199.213
-199.203
-199.194
-199.178
-199.168
-199.121
-199.113
-199.099
-199.096
-199.092
-199.09
-199.069
-199.049
-199.006
-198.997
-198.989
-198.984
-198.982
-198.962
-198.942
-198.939
-198.938
-198.936
-198.936
-198.935
-198.927
-198.901
-198.899
-198.897
-198.881
-198.88
-198.877
-198.863
-198.862
-198.85
-198.847
-198.79
-198.893
-198.892
-198.881
-198.857
-198.857
-198.841
-198.817
-198.809
-198.79
-198.783
-198.76
-198.748
-198.742
-198.741
-198.729
-198.712
-198.708
-198.702
-198.678
-198.671
-198.65
-198.61
-198.588
-198.556
-198.523
-198.511
-198.508
-198.496
-198.493
-198.489
-198.483
-198.422
-198.416
-198.408
-198.399
-198.395
-198.393
-198.375
-198.351
-198.324
-198.305
-198.3
-198.276
-198.273
-198.272
-198.242
-198.242
-198.197
-198.194
-198.184
-198.287
-198.283
-198.265
-198.263
-198.241
-198.232
-198.214
-198.212
-198.193
-198.181
-198.162
-198.162
-198.149
-198.14
-198.13
-198.127
-198.115
-198.105
-198.092
-198.091
-198.088
-198.08
-198.074
-198.068
-198.046
-198.016
-198.003
-198.001
-197.997
-197.991
-197.977
-197.976
-197.953
-197.949
-197.945
-197.929
-197.922
-197.912
-197.908
-197.896
-197.882
-197.867
-197.862
-197.861
-197.851
-197.835
-197.818
-197.817
-197.813
-197.745
-197.839
-197.834
-197.833
-197.832
-197.83
-197.82
-197.798
-197.789
-197.789
-197.777
-197.773
-197.769
-197.742
-197.737
-197.722
-197.694
-197.677
-197.646
-197.622
-197.615
-197.571
-197.57
-197.55
-197.546
-197.511
-197.469
-197.467
-197.465
-197.462
-197.446
-197.411
-197.404
-197.402
-197.392
-197.381
-197.359
-197.333
-197.323
-197.305
-197.301
-197.3
-197.298
-197.284
-197.257
-197.257
-197.235
-197.229
-197.225
-197.201
-197.197
-197.277
-197.273
-197.267
-197.261
-197.257
-197.249
-197.24
-197.236
-197.224
-197.21
-197.21
-197.208
-197.204
-197.179
-197.169
-197.164
-197.145
-197.139
-197.131
-197.091
-197.074
-197.037
-197.031
-197.029
-197.027
-196.994
-196.981
-196.976
-196.972
-196.972
-196.966
-196.942
-196.929
-196.924
-196.907
-196.906
-196.904
-196.894
-196.886
-196.863
-196.834
-196.832
-196.831
-196.822
-196.808
-196.808
-196.778
-196.768
-196.75
-196.744
-196.843
-196.813
-196.81
-196.806
-196.802
-196.798
-196.796
-196.783
-196.778
-196.777
-196.775
-196.761
-196.75
-196.746
-196.745
-196.728
-196.728
-196.723
-196.7
-196.693
-196.683
-196.681
-196.657
-196.626
-196.618
-196.595
-196.575
-196.572
-196.561
-196.553
-196.52
-196.494
-196.481
-196.479
-196.474
-196.468
-196.464
-196.462
-196.451
-196.442
-196.429
-196.423
-196.4
-196.396
-196.363
-196.35
-196.348
-196.346
-196.339
-196.337
-196.435
-196.415
-196.41
-196.382
-196.378
-196.365
-196.365
-196.361
-196.359
-196.354
-196.352
-196.347
-196.345
-196.335
-196.325
-196.311
-196.311
-196.308
-196.293
-196.287
-196.267
-196.262
-196.258
-196.25
-196.248
-196.227
-196.222
-196.204
-196.195
-196.185
-196.183
-196.182
-196.168
-196.164
-196.153
-196.151
-196.149
-196.138
-196.135
-196.129
-196.123
-196.119
-196.115
-196.11
-196.087
-196.085
-196.077
-196.072
-196.047
-196.022
-196.116
-196.116
-196.108
-196.098
-196.097
-196.094
-196.055
-196.041
-196.041
-196.037
-196.032
-196.03
-196.028
-196.017
-196.007
-195.993
-195.985
-195.975
-195.971
-195.954
-195.948
-195.942
-195.942
-195.937
-195.937
-195.931
-195.921
-195.915
-195.912
-195.907
-195.872
-195.871
-195.869
-195.855
-195.852
-195.841
-195.837
-195.836
-195.834
-195.832
-195.818
-195.818
-195.818
-195.803
-195.8
-195.796
-195.784
-195.781
-195.78
-195.764
-195.868
-195.868
-195.864
-195.863
-195.862
-195.849
-195.849
-195.845
-195.836
-195.825
-195.824
-195.822
-195.817
-195.812
-195.8
-195.786
-195.774
-195.756
-195.753
-195.751
-195.738
-195.733
-195.731
-195.73
-195.726
-195.725
-195.709
-195.698
-195.69
-195.686
-195.685
-195.65
-195.646
-195.637
-195.623
-195.622
-195.619
-195.615
-195.61
-195.583
-195.573
-195.57
-195.561
-195.557
-195.557
-195.553
-195.549
-195.549
-195.547
-195.545
-195.646
-195.634
-195.631
-195.626
-195.623
-195.613
-195.604
-195.596
-195.59
-195.583
-195.573
-195.564
-195.543
-195.529
-195.52
-195.513
-195.484
-195.483
-195.481
-195.475
-195.473
-195.465
-195.462
-195.449
-195.448
-195.428
-195.413
-195.375
-195.367
-195.357
-195.354
-195.35
-195.346
-195.336
-195.321
-195.319
-195.314
-195.307
-195.296
-195.291
-195.284
-195.271
-195.27
-195.267
-195.251
-195.242
-195.238
-195.232
-195.231
-195.23
-195.332
-195.315
-195.303
-195.298
-195.297
-195.296
-195.294
-195.284
-195.284
-195.282
-195.281
-195.269
-195.26
-195.231
-195.23
-195.224
-195.218
-195.216
-195.209
-195.209
-195.201
-195.196
-195.192
-195.185
-195.181
-195.174
-195.17
-195.162
-195.155
-195.149
-195.145
-195.14
-195.134
-195.134
-195.126
-195.125
-195.113
-195.111
-195.108
-195.092
-195.085
-195.081
-195.079
-195.077
-195.076
-195.068
-195.067
-195.055
-195.043
-195.042
-195.142
-195.129
-195.123
-195.109
-195.09
-195.081
-195.08
-195.073
-195.064
-195.063
-195.062
-195.055
-195.05
-195.047
-195.047
-195.045
-195.042
-195.04
-195.038
-195.026
-195.024
-194.997
-194.994
-194.99
-194.969
-194.951
-194.95
-194.935
-194.928
-194.923
-194.919
-194.917
-194.916
-194.912
-194.892
-194.873
-194.861
-194.861
-194.859
-194.852
-194.846
-194.843
-194.838
-194.836
-194.811
-194.803
-194.797
-194.788
-194.783
-194.774
-194.867
-194.851
-194.846
-194.839
-194.835
-194.821
-194.817
-194.813
-194.812
-194.806
-194.8
-194.793
-194.776
-194.772
-194.77
-194.77
-194.77
-194.768
-194.766
-194.76
-194.751
-194.748
-194.739
-194.733
-194.731
-194.724
-194.719
-194.713
-194.708
-194.703
-194.699
-194.696
-194.687
-194.686
-194.686
-194.685
-194.685
-194.676
-194.67
-194.664
-194.648
-194.639
-194.638
-194.633
-194.616
-194.612
-194.607
-194.606
-194.604
-194.597
-194.701
-194.695
-194.692
-194.688
-194.686
-194.676
-194.674
-194.672
-194.655
-194.65
-194.647
-194.639
-194.635
-194.635
-194.633
-194.633
-194.63
-194.627
-194.624
-194.615
-194.613
-194.612
-194.602
-194.602
-194.599
-194.59
-194.589
-194.588
-194.576
-194.57
-194.543
-194.531
-194.529
-194.515
-194.499
-194.492
-194.486
-194.476
-194.463
-194.463
-194.459
-194.458
-194.452
-194.451
-194.439
-194.428
-194.416
-194.401
-194.376
-194.373
-194.465
-194.462
-194.45
-194.445
-194.438
-194.436
-194.43
-194.422
-194.422
-194.412
-194.411
-194.41
-194.405
-194.399
-194.398
-194.397
-194.396
-194.387
-194.384
-194.372
-194.351
-194.349
-194.347
-194.334
-194.332
-194.327
-194.324
-194.323
-194.32
-194.296
-194.295
-194.278
-194.267
-194.267
-194.266
-194.265
-194.254
-194.247
-194.245
-194.241
-194.239
-194.221
-194.21
-194.206
-194.195
-194.192
-194.191
-194.19
-194.183
-194.178
-194.276
-194.275
-194.274
-194.271
-194.268
-194.265
-194.261
-194.259
-194.256
-194.252
-194.251
-194.248
-194.228
-194.227
-194.224
-194.223
-194.219
-194.209
-194.206
-194.202
-194.2
-194.198
-194.197
-194.186
-194.179
-194.167
-194.163
-194.155
-194.153
-194.148
-194.141
-194.138
-194.133
-194.133
-194.124
-194.12
-194.118
-194.108
-194.103
-194.102
-194.102
-194.1
-194.099
-194.045
-194.038
-194.036
-194.033
-194.013
-194.012
-194.004
-194.106
-194.102
-194.1
-194.096
-194.075
-194.063
-194.061
-194.061
-194.055
-194.053
-194.039
-194.039
-194.038
-194.019
-194.011
-193.997
-193.982
-193.98
-193.98
-193.975
-193.957
-193.956
-193.949
-193.946
-193.946
-193.943
-193.933
-193.927
-193.913
-193.911
-193.911
-193.903
-193.896
-193.886
-193.877
-193.872
-193.869
-193.867
-193.832
-193.827
-193.818
-193.815
-193.813
-193.799
-193.793
-193.792
-193.787
-193.785
-193.78
-193.779
-193.883
-193.881
-193.877
-193.873
-193.863
-193.857
-193.85
-193.847
-193.841
-193.839
-193.829
-193.826
-193.817
-193.813
-193.806
-193.805
-193.795
-193.794
-193.793
-193.791
-193.79
-193.789
-193.779
-193.773
-193.763
-193.744
-193.742
-193.74
-193.739
-193.736
-193.727
-193.721
-193.705
-193.703
-193.702
-193.702
-193.701
-193.696
-193.688
-193.688
-193.687
-193.673
-193.67
-193.666
-193.662
-193.662
-193.65
-193.64
-193.632
-193.626
-193.725
-193.722
-193.714
-193.71
-193.706
-193.705
-193.698
-193.697
-193.695
-193.69
-193.684
-193.68
-193.674
-193.667
-193.666
-193.662
-193.657
-193.656
-193.647
-193.642
-193.636
-193.636
-193.633
-193.63
-193.623
-193.622
-193.622
-193.618
-193.617
-193.611
-193.602
-193.593
-193.593
-193.59
-193.584
-193.583
-193.572
-193.568
-193.563
-193.56
-193.556
-193.555
-193.549
-193.546
-193.545
-193.534
-193.531
-193.529
-193.517
-193.511
-193.608
-193.602
-193.59
-193.589
-193.582
-193.577
-193.572
-193.571
-193.57
-193.567
-193.558
-193.555
-193.534
-193.533
-193.533
-193.529
-193.514
-193.51
-193.507
-193.505
-193.505
-193.502
-193.501
-193.493
-193.489
-193.485
-193.474
-193.472
-193.471
-193.454
-193.434
-193.433
-193.431
-193.427
-193.426
-193.425
-193.42
-193.416
-193.414
-193.414
-193.413
-193.412
-193.408
-193.399
-193.397
-193.397
-193.394
-193.393
-193.383
-193.378
-193.478
-193.468
-193.465
-193.465
-193.453
-193.45
-193.448
-193.441
-193.432
-193.431
-193.429
-193.411
-193.409
-193.403
-193.403
-193.4
-193.398
-193.39
-193.387
-193.379
-193.37
-193.363
-193.362
-193.354
-193.338
-193.335
-193.332
-193.328
-193.324
-193.305
-193.303
-193.287
-193.277
-193.27
-193.265
-193.258
-193.254
-193.253
-193.253
-193.246
-193.246
-193.244
-193.231
-193.222
-193.221
-193.22
-193.219
-193.212
-193.185
-193.184
-193.288
-193.283
-193.282
-193.277
-193.275
-193.273
-193.271
-193.269
-193.266
-193.264
-193.262
-193.259
-193.257
-193.253
-193.253
-193.249
-193.241
-193.234
-193.234
-193.226
-193.223
-193.216
-193.209
-193.207
-193.201
-193.193
-193.184
-193.183
-193.169
-193.168
-193.168
-193.157
-193.154
-193.151
-193.148
-193.145
-193.139
-193.135
-193.127
-193.124
-193.123
-193.12
-193.116
-193.115
-193.115
-193.112
-193.11
-193.106
-193.106
-193.096
-193.197
-193.195
-193.193
-193.182
-193.175
-193.169
-193.167
-193.166
-193.164
-193.161
-193.154
-193.138
-193.136
-193.133
-193.132
-193.13
-193.128
-193.12
-193.101
-193.097
-193.092
-193.092
-193.087
-193.085
-193.082
-193.077
-193.075
-193.074
-193.072
-193.071
-193.07
-193.066
-193.066
-193.061
-193.06
-193.058
-193.058
-193.057
-193.055
-193.053
-193.05
-193.034
-193.027
-193.026
-193.023
-193.011
-192.994
-192.986
-192.982
-192.982
-193.086
-193.085
-193.082
-193.081
-193.081
-193.074
-193.073
-193.069
-193.064
-193.061
-193.054
-193.053
-193.049
-193.048
-193.048
-193.045
-193.044
-193.043
-193.042
-193.041
-193.033
-193.032
-193.021
-193.021
-193.016
-193.009
-192.999
-192.994
-192.992
-192.978
-192.978
-192.972
-192.971
-192.969
-192.965
-192.958
-192.947
-192.942
-192.933
-192.924
-192.919
-192.919
-192.918
-192.903
-192.902
-192.901
-192.891
-192.89
-192.875
-192.868
-192.972
-192.968
-192.965
-192.962
-192.955
-192.953
-192.953
-192.944
-192.94
-192.937
-192.933
-192.926
-192.921
-192.916
-192.908
-192.906
-192.906
-192.905
-192.903
-192.891
-192.888
-192.888
-192.887
-192.881
-192.874
-192.866
-192.852
-192.84
-192.831
-192.818
-192.807
-192.805
-192.804
-192.791
-192.786
-192.783
-192.776
-192.772
-192.77
-192.759
-192.753
-192.748
-192.745
-192.737
-192.731
-192.721
-192.717
-192.714
-192.713
-192.708
-192.813
-192.812
-192.806
-192.805
-192.805
-192.793
-192.792
-192.791
-192.79
-192.783
-192.774
-192.773
-192.764
-192.764
-192.762
-192.759
-192.758
-192.751
-192.75
-192.749
-192.748
-192.746
-192.741
-192.739
-192.732
-192.73
-192.73
-192.723
-192.717
-192.708
-192.707
-192.705
-192.701
-192.697
-192.697
-192.694
-192.691
-192.684
-192.682
-192.663
-192.65
-192.65
-192.644
-192.64
-192.638
-192.625
-192.623
-192.622
-192.617
-192.609
-192.713
-192.71
-192.706
-192.706
-192.704
-192.702
-192.697
-192.692
-192.683
-192.68
-192.679
-192.678
-192.667
-192.666
-192.664
-192.655
-192.648
-192.637
-192.634
-192.632
-192.625
-192.621
-192.62
-192.613
-192.609
-192.599
-192.595
-192.591
-192.591
-192.582
-192.573
-192.567
-192.566
-192.564
-192.551
-192.551
-192.546
-192.542
-192.539
-192.537
-192.534
-192.533
-192.533
-192.529
-192.519
-192.519
-192.518
-192.51
-192.509
-192.487
-192.588
-192.577
-192.566
-192.563
-192.562
-192.552
-192.55
-192.546
-192.539
-192.536
-192.536
-192.533
-192.531
-192.53
-192.526
-192.513
-192.511
-192.51
-192.497
-192.49
-192.488
-192.487
-192.482
-192.482
-192.475
-192.475
-192.47
-192.468
-192.466
-192.463
-192.462
-192.461
-192.458
-192.458
-192.458
-192.452
-192.451
-192.441
-192.441
-192.44
-192.439
-192.436
-192.434
-192.432
-192.427
-192.424
-192.419
-192.417
-192.415
-192.412
-192.516
-192.515
-192.505
-192.504
-192.504
-192.503
-192.503
-192.503
-192.502
-192.497
-192.496
-192.495
-192.495
-192.492
-192.476
-192.471
-192.471
-192.47
-192.468
-192.456
-192.453
-192.452
-192.451
-192.448
-192.445
-192.443
-192.434
-192.433
-192.432
-192.43
-192.427
-192.422
-192.421
-192.415
-192.413
-192.412
-192.4
-192.392
-192.392
-192.39
-192.39
-192.387
-192.38
-192.378
-192.368
-192.365
-192.363
-192.354
-192.353
-192.353
-192.458
-192.457
-192.454
-192.451
-192.447
-192.444
-192.443
-192.441
-192.441
-192.441
-192.44
-192.435
-192.429
-192.426
-192.424
-192.424
-192.422
-192.422
-192.421
-192.42
-192.416
-192.416
-192.415
-192.414
-192.411
-192.409
-192.409
-192.405
-192.402
-192.394
-192.39
-192.388
-192.377
-192.37
-192.366
-192.358
-192.354
-192.353
-192.353
-192.349
-192.348
-192.348
-192.347
-192.343
-192.342
-192.34
-192.329
-192.321
-192.32
-192.313
-192.416
-192.414
-192.412
-192.411
-192.406
-192.406
-192.403
-192.398
-192.389
-192.385
-192.384
-192.383
-192.382
-192.377
-192.375
-192.374
-192.361
-192.361
-192.36
-192.357
-192.353
-192.351
-192.351
-192.349
-192.343
-192.34
-192.34
-192.34
-192.326
-192.326
-192.325
-192.325
-192.323
-192.318
-192.296
-192.296
-192.294
-192.29
-192.281
-192.28
-192.276
-192.275
-192.264
-192.259
-192.251
-192.245
-192.244
-192.241
-192.234
-192.233
-192.337
-192.336
-192.336
-192.331
-192.328
-192.321
-192.321
-192.32
-192.32
-192.31
-192.31
-192.306
-192.303
-192.301
-192.293
-192.293
-192.292
-192.29
-192.289
-192.288
-192.283
-192.281
-192.281
-192.279
-192.274
-192.273
-192.272
-192.27
-192.267
-192.265
-192.264
-192.263
-192.259
-192.256
-192.255
-192.255
-192.254
-192.254
-192.25
-192.25
-192.249
-192.247
-192.24
-192.237
-192.233
-192.231
-192.229
-192.228
-192.223
-192.222
-192.325
-192.322
-192.317
-192.315
-192.313
-192.311
-192.306
-192.305
-192.303
-192.302
-192.301
-192.295
-192.292
-192.283
-192.277
-192.274
-192.271
-192.271
-192.264
-192.255
-192.254
-192.25
-192.246
-192.241
-192.221
-192.22
-192.219
-192.218
-192.217
-192.216
-192.214
-192.212
-192.212
-192.203
-192.2
-192.197
-192.197
-192.194
-192.191
-192.19
-192.179
-192.174
-192.171
-192.167
-192.153
-192.15
-192.145
-192.134
-192.133
-192.128
-192.232
-192.228
-192.227
-192.226
-192.226
-192.226
-192.223
-192.221
-192.219
-192.218
-192.217
-192.197
-192.196
-192.195
-192.194
-192.191
-192.188
-192.187
-192.186
-192.184
-192.184
-192.182
-192.178
-192.177
-192.176
-192.176
-192.175
-192.174
-192.173
-192.172
-192.172
-192.164
-192.161
-192.154
-192.153
-192.152
-192.147
-192.147
-192.141
-192.14
-192.134
-192.131
-192.128
-192.115
-192.108
-192.106
-192.105
-192.102
-192.094
-192.093
-192.198
-192.191
-192.19
-192.19
-192.189
-192.187
-192.184
-192.184
-192.183
-192.183
-192.183
-192.181
-192.176
-192.174
-192.169
-192.166
-192.164
-192.164
-192.163
-192.156
-192.152
-192.15
-192.146
-192.144
-192.141
-192.14
-192.14
-192.136
-192.134
-192.129
-192.129
-192.128
-192.127
-192.119
-192.114
-192.113
-192.109
-192.109
-192.107
-192.104
-192.102
-192.102
-192.093
-192.088
-192.086
-192.085
-192.082
-192.082
-192.076
-192.07
-192.175
-192.17
-192.169
-192.165
-192.164
-192.159
-192.158
-192.156
-192.156
-192.155
-192.155
-192.153
-192.145
-192.142
-192.14
-192.14
-192.137
-192.131
-192.128
-192.128
-192.126
-192.124
-192.124
-192.122
-192.12
-192.118
-192.103
-192.102
-192.101
-192.101
-192.099
-192.094
-192.093
-192.087
-192.085
-192.083
-192.083
-192.081
-192.081
-192.079
-192.079
-192.073
-192.073
-192.07
-192.069
-192.069
-192.067
-192.065
-192.055
-192.053
-192.158
-192.152
-192.15
-192.148
-192.143
-192.14
-192.135
-192.13
-192.127
-192.126
-192.125
-192.119
-192.118
-192.113
-192.105
-192.101
-192.099
-192.099
-192.094
-192.094
-192.092
-192.091
-192.085
-192.084
-192.084
-192.081
-192.078
-192.074
-192.072
-192.064
-192.063
-192.059
-192.054
-192.052
-192.051
-192.048
-192.048
-192.043
-192.043
-192.042
-192.038
-192.038
-192.029
-192.025
-192.024
-192.023
-192.021
-192.018
-192.012
-192.011
-192.116
-192.115
-192.113
-192.112
-192.11
-192.107
-192.102
-192.094
-192.091
-192.085
-192.073
-192.072
-192.071
-192.07
-192.067
-192.064
-192.061
-192.059
-192.053
-192.052
-192.051
-192.044
-192.032
-192.032
-192.029
-192.025
-192.022
-192.021
-192.021
-192.018
-192.017
-192.014
-192.011
-192.01
-192.006
-192.001
-191.998
-191.984
-191.984
-191.982
-191.978
-191.978
-191.976
-191.966
-191.965
-191.959
-191.947
-191.946
-191.943
-191.939
-192.044
-192.043
-192.042
-192.041
-192.036
-192.035
-192.035
-192.034
-192.033
-192.032
-192.03
-192.029
-192.028
-192.028
-192.026
-192.022
-192.021
-192.021
-192.018
-192.018
-192.011
-192.007
-192.002
-192.002
-192.001
-191.999
-191.998
-191.995
-191.994
-191.993
-191.993
-191.991
-191.99
-191.979
-191.977
-191.975
-191.968
-191.967
-191.966
-191.961
-191.957
-191.956
-191.948
-191.945
-191.941
-191.94
-191.94
-191.938
-191.936
-191.933
-192.03
-192.029
-192.025
-192.025
-192.024
-192.022
-192.017
-192.016
-192.016
-192.016
-192.013
-192.012
-192.012
-192.012
-192.007
-192.007
-192.004
-191.999
-191.997
-191.995
-191.994
-191.99
-191.989
-191.988
-191.988
-191.985
-191.983
-191.983
-191.981
-191.976
-191.973
-191.963
-191.958
-191.952
-191.952
-191.944
-191.936
-191.935
-191.932
-191.928
-191.928
-191.926
-191.925
-191.923
-191.923
-191.918
-191.918
-191.917
-191.914
-191.913
-192.013
-192.012
-192.008
-192.005
-192.001
-192.001
-191.993
-191.992
-191.99
-191.988
-191.985
-191.984
-191.982
-191.982
-191.979
-191.977
-191.974
-191.965
-191.965
-191.963
-191.956
-191.952
-191.944
-191.939
-191.938
-191.937
-191.933
-191.927
-191.926
-191.924
-191.919
-191.918
-191.913
-191.908
-191.903
-191.903
-191.901
-191.899
-191.899
-191.894
-191.894
-191.885
-191.884
-191.883
-191.878
-191.877
-191.875
-191.875
-191.872
-191.872
-191.975
-191.972
-191.962
-191.959
-191.956
-191.954
-191.953
-191.947
-191.946
-191.946
-191.945
-191.944
-191.944
-191.942
-191.942
-191.934
-191.932
-191.928
-191.927
-191.925
-191.925
-191.925
-191.922
-191.919
-191.918
-191.917
-191.911
-191.91
-191.909
-191.909
-191.908
-191.907
-191.907
-191.905
-191.896
-191.891
-191.89
-191.883
-191.878
-191.878
-191.876
-191.873
-191.872
-191.87
-191.869
-191.865
-191.864
-191.862
-191.859
-191.854
-191.958
-191.958
-191.953
-191.948
-191.944
-191.939
-191.936
-191.936
-191.928
-191.923
-191.919
-191.916
-191.916
-191.915
-191.915
-191.913
-191.913
-191.912
-191.911
-191.908
-191.902
-191.902
-191.901
-191.901
-191.895
-191.895
-191.894
-191.888
-191.886
-191.883
-191.88
-191.879
-191.872
-191.871
-191.866
-191.866
-191.865
-191.86
-191.86
-191.857
-191.853
-191.852
-191.851
-191.851
-191.844
-191.84
-191.837
-191.836
-191.836
-191.834
-191.937
-191.935
-191.931
-191.919
-191.914
-191.909
-191.901
-191.9
-191.897
-191.896
-191.896
-191.894
-191.892
-191.888
-191.885
-191.883
-191.879
-191.877
-191.872
-191.86
-191.858
-191.857
-191.857
-191.855
-191.852
-191.848
-191.845
-191.842
-191.842
-191.837
-191.836
-191.834
-191.833
-191.83
-191.829
-191.827
-191.826
-191.824
-191.818
-191.81
-191.808
-191.806
-191.802
-191.801
-191.8
-191.8
-191.796
-191.794
-191.793
-191.793
-191.894
-191.892
-191.89
-191.889
-191.888
-191.886
-191.886
-191.883
-191.881
-191.879
-191.871
-191.871
-191.869
-191.868
-191.868
-191.866
-191.865
-191.864
-191.86
-191.86
-191.86
-191.857
-191.857
-191.855
-191.852
-191.852
-191.852
-191.846
-191.842
-191.842
-191.841
-191.838
-191.836
-191.833
-191.831
-191.831
-191.827
-191.824
-191.824
-191.82
-191.817
-191.814
-191.812
-191.808
-191.802
-191.8
-191.799
-191.795
-191.794
-191.791
-191.791
-191.789
-191.789
-191.789
-191.785
-191.785
-191.781
-191.777
-191.777
-191.773
-191.77
-191.768
-191.767
-191.762
-191.756
-191.755
-191.753
-191.749
-191.741
-191.74
-191.738
-191.731
-191.729
-191.726
-191.725
-191.712
-191.712
-191.711
-191.708
-191.702
-191.701
-191.699
-191.695
-191.69
-191.685
-191.678
-191.672
-191.669
-191.665
-191.661
-191.658
-191.653
-191.649
-191.636
-191.635
-191.632
-191.632
-191.628
-191.624
-191.622
-191.621
-191.618
-191.61
-191.607
-191.604
-191.604
-191.602
-191.601
-191.594
-191.594
-191.587
-191.584
-191.582
-191.58
-191.576
-191.576
-191.575
-191.574
-191.573
-191.566
-191.563
-191.563
-191.559
-191.555
-191.55
-191.547
-191.546
-191.539
-191.538
-191.538
-191.538
-191.535
-191.527
-191.527
-191.523
-191.517
-191.51
-191.506
-191.504
-191.503
-191.501
-191.5
-191.497
-191.496
-191.49
-191.486
-191.484
-191.484
-191.483
-191.482
-191.481
-191.478
-191.462
-191.462
-191.458
-191.454
-191.451
-191.445
-191.436
-191.435
-191.431
-191.424
-191.423
-191.423
-191.422
-191.421
-191.416
-191.412
-191.398
-191.398
-191.392
-191.386
-191.384
-191.384
-191.383
-191.379
-191.378
-191.378
-191.377
-191.371
-191.371
-191.371
-191.37
-191.366
-191.365
-191.365
-191.364
-191.364
-191.361
-191.361
-191.355
-191.354
-191.352
-191.349
-191.347
-191.345
-191.344
-191.337
-191.328
-191.323
-191.321
-191.318
-191.3
-191.294
-191.292
-191.289
-191.287
-191.264
-191.259
-191.258
-191.256
-191.253
-191.252
-191.25
-191.248
-191.242
-191.238
-191.238
-191.232
-191.219
-191.215
-191.215
-191.211
-191.21
-191.209
-191.206
-191.199
-191.197
-191.193
-191.191
-191.17
-191.17
-191.163
-191.161
-191.158
-191.157
-191.153
-191.151
-191.151
-191.15
-191.148
-191.147
-191.139
-191.138
-191.137
-191.13
-191.129
-191.127
-191.125
-191.122
-191.12
-191.119
-191.116
-191.114
-191.113
-191.109
-191.105
-191.103
-191.098
-191.097
-191.096
-191.095
-191.091
-191.082
-191.079
-191.077
-191.077
-191.072
-191.06
-191.059
-191.053
-191.052
-191.05
-191.045
-191.043
-191.041
-191.041
-191.034
-191.028
-191.026
-191.022
-191.021
-191.02
-191.001
-190.996
-190.976
-190.967
-190.966
-190.962
-190.948
-190.947
-190.943
-190.933
-190.932
-190.922
-190.918
-190.915
-190.907
-190.902
-190.895
-190.881
-190.872
-190.871
-190.869
-190.857
-190.855
-190.848
-190.84
-190.837
-190.823
-190.823
-190.82
-190.819
-190.812
-190.812
-190.806
-190.8
-190.798
-190.793
-190.793
-190.768
-190.767
-190.759
-190.758
-190.752
-190.748
-190.732
-190.732
-190.722
-190.721
-190.719
-190.718
-190.715
-190.712
-190.708
-190.703
-190.699
-190.698
-190.697
-190.695
-190.693
-190.688
-190.683
-190.676
-190.674
-190.663
-190.654
-190.636
-190.635
-190.634
-190.622
-190.601
-190.599
-190.591
-190.59
-190.585
-190.585
-190.579
-190.575
-190.558
-190.556
-190.548
-190.546
-190.542
-190.529
-190.519
-190.512
-190.506
-190.493
-190.475
-190.47
-190.469
-190.465
-190.464
-190.462
-190.455
-190.454
-190.432
-190.43
-190.418
-190.398
-190.394
-190.387
-190.378
-190.368
-190.36
-190.353
-190.349
-190.345
-190.336
-190.336
-190.336
-190.328
-190.327
-190.322
-190.32
-190.315
-190.306
-190.304
-190.298
-190.279
-190.264
-190.238
-190.232
-190.225
-190.221
-190.218
-190.213
-190.211
-190.211
-190.197
-190.178
-190.17
-190.169
-190.168
-190.168
-190.167
-190.159
-190.152
-190.137
-190.112
-190.106
-190.104
-190.093
-190.091
-190.079
-190.067
-190.053
-190.037
-190.035
-190.031
-190.021
-190.011
-189.987
-189.977
-189.965
-189.953
-189.95
-189.939
-189.929
-189.899
-189.896
-189.89
-189.884
-189.884
-189.87
-189.803
-189.8
-189.771
-189.753
-189.74
-189.729
-189.724
-189.659
-189.658
-189.633
-189.629
-189.623
-189.612
-189.59
-189.586
-189.577
-189.566
-189.532
-189.515
-189.51
-189.51
-189.498
-189.491
-189.453
-189.352
-189.331
-189.318
-189.318
-189.267
-189.169
-189.153
-189.115
-189.05
-188.965
-188.953
-188.921
-188.907
-188.905
-188.895
-188.874
-188.823
-188.798
-188.707
-188.641
-188.549
-188.413
-188.283
-188.23
-188.22
-188.032
-187.802
-187.76
-187.591
-187.389
