-114519.7647
-114355.6472
-114070.0992
-113817.0509
-113641.0334
-113492.1334
-112708.4863
-112622.8795
-112543.9107
-111889.6915
-111398.7494
-111350.8683
-111315.0116
-111115.2646
-111083.3345
-110978.797
-110943.2252
-110673.6744
-110643.0983
-110439.4086
-110217.3469
-110005.5782
-109886.2724
-109843.9141
-109620.2451
-109593.6085
-109222.7287
-108857.9594
-108818.4987
-108765.9449
-108755.9819
-108592.9396
-108560.4175
-108133.0437
-107964.8491
-107933.6429
-107778.0776
-107777.0724
-107528.4229
-106765.103
-106664.7999
-106392.9368
-106373.0012
-106369.3882
-106255.3074
-106237.5749
-106167.0021
-105833.559
-105501.3447
-105338.3377
-105030.7128
-104990.2553
-104814.3698
-104483.0931
-104245.7916
-104089.7625
-103917.735
-103834.9173
-103730.4367
-103698.1873
-103532.2405
-103321.2762
-103219.9249
-103194.2939
-103150.6875
-102749.1587
-102730.0759
-102049.8571
-101778.004
-101467.8482
-100991.6229
-100712.0202
-100696.9759
-100646.8674
-100605.6749
-100561.2659
-100262.0993
-100182.389
-100098.3267
-99977.90095
-99760.39634
-99557.54789
-99522.07219
-99334.71557
-99081.48105
-98906.87481
-98532.66461
-98376.98691
-98249.47175
-97609.4063
-97258.73278
-97194.12976
-97107.03035
-97045.20201
-97001.41433
-96970.63846
-96965.31863
-96875.57001
-96618.29112
-96447.98415
-96083.69185
-96028.84379
-96026.80028
-96008.3692
-95556.46537
-95492.58094
-94994.52007
-94675.80562
-94671.97268
-94579.73834
-94431.33687
-94297.31477
-94270.21041
-94240.60881
-94234.77045
-94111.07624
-94054.03486
-94047.37028
-94022.89104
-93909.70753
-93815.52217
-93814.67717
-93772.78156
-93739.29617
-93718.02093
-93663.41379
-93366.31003
-93215.20572
-92932.20961
-92324.43047
-92179.64247
-91926.35342
-91864.03299
-91712.11983
-91536.79368
-91425.33085
-91295.28672
-91154.69232
-91116.75803
-91068.88947
-91005.40807
-90989.45523
-90896.24406
-90876.17721
-90718.18928
-90517.37086
-89749.66231
-89466.93809
-89422.76468
-89359.18748
-89256.66983
-89089.40027
-88977.09586
-88851.90958
-88745.05986
-88389.31939
-88335.29023
-88230.80041
-87883.21495
-87660.36479
-87512.68653
-87448.52816
-87316.39586
-87229.94726
-86769.12279
-86170.9342
-86160.26038
-86148.47212
-85998.32576
-85891.35176
-85880.11303
-85870.16309
-85225.67072
-85168.11079
-85112.60774
-84902.88135
-84702.91413
-84583.07964
-84554.88529
-84299.10225
-84101.75552
-83975.44181
-83811.13347
-83550.32771
-83426.20468
-83211.31528
-83154.8974
-82983.99988
-82779.13793
-82530.81154
-82364.83613
-82256.83929
-82152.36756
-82054.24012
-81979.42701
-81976.20251
-81886.79123
-81732.25023
-81681.40274
-81629.03498
-81567.98353
-81301.73027
-81157.48867
-80798.61577
-80705.94426
-80635.63619
-80563.77339
-80525.34691
-80470.9001
-80100.59162
-79992.62203
-79964.22857
-79750.84789
-79743.20356
-79603.3081
-79471.45935
-79213.14814
-79099.7573
-79047.75474
-78926.94432
-78853.45007
-78782.37425
-78699.68397
-78476.78453
-77982.52021
-77848.71912
-77759.64721
-77401.44197
-77328.518
-77298.11897
-77177.30787
-77154.60504
-76915.67638
-76663.8333
-76520.24936
-76257.46276
-76235.79799
-76095.64541
-76031.40927
-75924.93882
-75852.39218
-75724.3685
-75606.49497
-75290.40508
-75219.52433
-74899.6233
-74889.596
-74752.12999
-74389.16435
-74387.4185
-74342.0925
-74310.95899
-74303.00567
-74190.65194
-74145.0472
-74133.33721
-73798.75064
-73364.47212
-73355.13694
-72873.0482
-72644.44903
-72633.53988
-72455.20523
-72454.71571
-72228.00397
-71981.23373
-71567.17007
-71414.31843
-70369.05879
-70082.40689
-69947.91425
-69817.15053
-69749.06112
-69639.23255
-69552.4393
-69534.35226
-69483.25693
-69413.29999
-69024.41428
-68851.55391
-68753.01113
-68230.72474
-68228.90972
-68155.62156
-68000.1382
-67852.7153
-67750.77665
-67496.65381
-67479.39382
-67332.3711
-67289.02377
-67087.77025
-67075.57143
-66835.74207
-66629.20043
-66388.38847
-66378.98602
-66278.21091
-66233.78049
-65298.27079
-65286.61266
-65248.55194
-65117.31043
-65064.34612
-64861.17507
-64744.86357
-64662.3054
-64426.1034
-64380.02037
-64256.09601
-64057.99338
-63910.53651
-63854.42219
-63384.85836
-63316.31892
-63292.29207
-63039.00447
-62875.4166
-62773.03972
-62626.58341
-62455.32042
-62229.00127
-62127.81041
-61864.08663
-61812.42197
-61645.13878
-61621.12822
-61428.14334
-61327.39174
-61285.0846
-60683.75546
-60645.49999
-60455.01996
-60296.40347
-60013.77651
-59999.88955
-59668.42161
-59555.13523
-59345.24134
-58970.86441
-58922.73688
-58863.37266
-58841.30939
-58626.1855
-58258.32602
-58182.82882
-58085.26984
-57179.51312
-57076.02244
-57009.32248
-56842.6179
-56591.36953
-56576.43769
-56416.14268
-56071.27222
-56037.07586
-55856.84158
-55790.89917
-55786.25809
-55728.29997
-55695.98969
-55650.21135
-55470.00916
-55413.57921
-55406.55233
-55362.46405
-55179.07477
-55025.55316
-54808.21063
-54604.5794
-54549.9282
-54343.53239
-54086.19708
-53938.58054
-53823.84536
-53654.37413
-53528.67884
-53335.54206
-52846.06975
-52783.71934
-52767.44458
-52544.00662
-52334.3776
-52097.94565
-52008.26617
-51820.54172
-51141.03523
-50626.76454
-50335.11499
-50246.95857
-50170.91872
-50144.17136
-50068.73859
-49536.31446
-49312.3276
-49151.55865
-48954.45904
-48095.18781
-47941.03309
-47591.09377
-47548.17989
-47263.9169
-47089.80812
-47078.17651
-46734.12004
-46483.45479
-46462.70913
-46344.85504
-46340.89634
-46151.91792
-45642.00667
-45563.41483
-45366.63262
-45300.67508
-44982.85101
-44724.95983
-44701.24274
-44615.57388
-44613.8351
-44472.06858
-44443.60219
-44425.78215
-44345.88225
-44091.30377
-43920.513
-43600.29483
-43360.06637
-43330.48386
-43272.15602
-43209.10351
-42940.13529
-42869.56485
-42579.90915
-42250.35076
-42216.00292
-42114.0709
-42050.72736
-41951.34908
-41917.46977
-41632.05708
-41569.69315
-41051.15324
-40736.73577
-40017.59859
-39737.59285
-39586.71148
-39038.28655
-38776.49156
-38732.25491
-38638.54439
-38428.31294
-38355.48708
-38209.89091
-37713.42135
-37658.00309
-37619.06896
-37615.06183
-37340.91911
-37304.16619
-37173.35375
-37067.61477
-36550.55213
-36027.04085
-35882.7081
-35215.80577
-35178.57346
-34968.82813
-34690.30698
-34656.03928
-34213.83746
-34199.09106
-34196.82694
-34111.166
-33833.42075
-33604.378
-33166.36641
-32974.977
-32885.88267
-32264.22583
-31866.00128
-31488.13825
-31423.05118
-30320.00194
-30175.50421
-29244.77254
-28584.06934
-25910.2512
-24395.18138
-24252.67073
-24237.96877
-23706.99272
-21451.92656
-20868.91898
-19464.05045
-17901.54521
-17813.04752
-17096.6639
-16513.26181
-14976.31042
-14587.24552
