-185965.4935
-185760.0486
-185673.8306
-185225.3863
-184576.971
-183610.9356
-183603.7983
-183541.1575
-183124.301
-183059.046
-182991.048
-182950.7957
-182728.8058
-182347.3144
-182222.6003
-181706.3259
-181623.1329
-181516.3802
-181507.5198
-180517.2977
-180193.4009
-179856.2744
-179729.8144
-179104.4981
-178993.2095
-178515.9642
-178310.8763
-178134.3739
-177160.6282
-177157.4611
-177049.6117
-176761.7947
-176558.9905
-176548.5767
-176310.2779
-176100.3744
-175983.3075
-175922.6959
-175710.7963
-175183.9764
-174487.9885
-174256.4719
-173961.6535
-173918.2333
-173902.569
-173894.7272
-173451.1039
-173433.9739
-173313.0861
-172894.1921
-172510.5613
-171977.0583
-171668.0506
-171652.3741
-170976.183
-170889.337
-170628.6653
-170512.3902
-169685.6152
-168958.0458
-168944.2935
-168562.7305
-168194.6247
-168193.6692
-167286.6089
-167285.3517
-167244.6801
-167107.9503
-166958.639
-166831.0829
-165199.0014
-164617.5654
-164524.2442
-164263.4343
-164135.7256
-164124.6846
-163143.5103
-163043.8509
-163019.7464
-162682.138
-162670.9776
-162452.302
-162323.3065
-162260.1158
-162115.5609
-162114.9698
-161581.1471
-161479.9597
-161252.9296
-161139.1506
-161066.5819
-160961.882
-160640.6939
-160468.6057
-160205.9576
-159551.9123
-159510.345
-159244.6357
-158975.8173
-158481.991
-156668.9638
-156486.1651
-156482.925
-156289.32
-155824.8549
-155810.2412
-155569.5314
-155517.2555
-155489.8025
-154362.3754
-153835.4611
-153668.069
-153655.057
-153157.5031
-153031.299
-152828.8927
-152104.0172
-151490.2632
-149799.2987
-149266.1338
-149033.9781
-148995.1195
-148581.0464
-148505.1699
-147821.5927
-147819.9436
-147743.012
-147668.2548
-146899.9771
-146852.7067
-146828.2703
-146494.3665
-146267.6234
-145401.055
-144793.9309
-144613.7565
-144334.5431
-143616.8991
-143551.2562
-143438.8968
-142311.369
-141930.6538
-141615.984
-141474.8866
-141355.2183
-140950.8053
-140872.9875
-140649.6223
-140476.3789
-140192.1792
-139337.0954
-139279.352
-139276.68
-139066.8594
-138703.8766
-138073.4709
-137233.9569
-137000.7498
-136028.2929
-135798.2904
-135005.3255
-134861.8481
-134848.3671
-134641.3909
-134554.5764
-134345.8624
-134312.9654
-133895.8375
-132697.9969
-132609.9409
-132510.5509
-132394.8562
-132273.3667
-132229.8796
-131434.5606
-130824.5479
-130510.8424
-130125.3602
-129936.3819
-129915.0405
-129822.1377
-129815.3927
-129527.576
-129464.9647
-129449.3564
-129366.0199
-129153.8827
-128341.0734
-128144.1436
-127824.8949
-127665.315
-127351.8359
-127002.8465
-126677.3949
-126459.4243
-126236.9912
-126105.3663
-125739.0809
-125228.0536
-124765.2081
-124467.7292
-123817.4028
-123210.4558
-122451.8555
-122282.8788
-122192.2886
-121565.6064
-121311.4052
-121265.2147
-120671.8725
-120479.9344
-120279.8106
-119784.447
-119720.1803
-119305.8558
-119031.4589
-117641.7973
-117626.5146
-117563.3579
-117378.791
-117200.754
-117194.3279
-116888.7662
-116099.9417
-115964.6718
-115437.24
-114888.0438
-114820.8226
-114736.492
-114654.8376
-114577.6936
-114576.0322
-114519.7647
-114355.6472
-114070.0992
-113641.0334
-112622.8795
-112543.9107
-111398.7494
-111315.0116
-111083.3345
-110439.4086
-110217.3469
-109886.2724
-108765.9449
-108755.9819
-108592.9396
-108133.0437
-107964.8491
-107778.0776
-107777.0724
-107528.4229
-106664.7999
-106369.3882
-106237.5749
-106167.0021
-105833.559
-105501.3447
-105338.3377
-104990.2553
-104814.3698
-104483.0931
-104089.7625
-103834.9173
-103532.2405
-103321.2762
-103219.9249
-102749.1587
-102049.8571
-101778.004
-100991.6229
-100712.0202
-100262.0993
-100182.389
-100098.3267
-99977.90095
-99760.39634
-99557.54789
-99522.07219
-99334.71557
-99081.48105
-98532.66461
-98376.98691
-98249.47175
-97609.4063
-97258.73278
-97194.12976
-97045.20201
-97001.41433
-96970.63846
-96965.31863
-96875.57001
-96447.98415
-96008.3692
-95556.46537
-94994.52007
-94675.80562
-94671.97268
-94234.77045
-94111.07624
-94047.37028
-93909.70753
-93815.52217
-93739.29617
-93718.02093
-93663.41379
-93215.20572
-92179.64247
-91926.35342
-91864.03299
-91712.11983
-91425.33085
-91116.75803
-91068.88947
-91005.40807
-89749.66231
-89466.93809
-89422.76468
-89359.18748
-88977.09586
-88851.90958
-88745.05986
-88389.31939
-88230.80041
-87883.21495
-87660.36479
-87512.68653
-87448.52816
-87316.39586
-86170.9342
-86160.26038
-86148.47212
-85891.35176
-85225.67072
-85112.60774
-84902.88135
-84554.88529
-84299.10225
-84101.75552
-83975.44181
-83811.13347
-83550.32771
-83211.31528
-83154.8974
-82983.99988
-82779.13793
-82530.81154
-82152.36756
-81301.73027
-81157.48867
-80798.61577
-80705.94426
-80635.63619
-80100.59162
-79992.62203
-79750.84789
-79603.3081
-79471.45935
-79213.14814
-79047.75474
-78926.94432
-78782.37425
-78699.68397
-77848.71912
-77328.518
-77298.11897
-77154.60504
-76915.67638
-76663.8333
-76520.24936
-76257.46276
-75924.93882
-75852.39218
-75290.40508
-75219.52433
-74899.6233
-74889.596
-74752.12999
-74303.00567
-74190.65194
-74145.0472
-74133.33721
-73355.13694
-72228.00397
-71981.23373
-71567.17007
-71414.31843
-70369.05879
-70082.40689
-69817.15053
-69552.4393
-69534.35226
-69483.25693
-68851.55391
-68230.72474
-68000.1382
-67496.65381
-67479.39382
-67332.3711
-67087.77025
-66835.74207
-66388.38847
-66378.98602
-65298.27079
-64861.17507
-64744.86357
-64662.3054
-64426.1034
-64380.02037
-64256.09601
-63854.42219
-63384.85836
-63292.29207
-62229.00127
-62127.81041
-61428.14334
-61327.39174
-60455.01996
-59999.88955
-59668.42161
-58970.86441
-58863.37266
-58626.1855
-58258.32602
-58182.82882
-58085.26984
-57076.02244
-57009.32248
-56842.6179
-56576.43769
-56071.27222
-56037.07586
-55856.84158
-55728.29997
-55650.21135
-55470.00916
-55179.07477
-55025.55316
-54343.53239
-53528.67884
-52846.06975
-52097.94565
-51820.54172
-51141.03523
-50626.76454
-50335.11499
-50068.73859
-49312.3276
-49151.55865
-48954.45904
-47548.17989
-47263.9169
-47089.80812
-47078.17651
-46734.12004
-46483.45479
-46151.91792
-45563.41483
-45300.67508
-44982.85101
-44724.95983
-44701.24274
-44472.06858
-44443.60219
-44425.78215
-44091.30377
-43330.48386
-42940.13529
-41951.34908
-41632.05708
-41569.69315
-39737.59285
-39038.28655
-38776.49156
-38638.54439
-38428.31294
-38209.89091
-37713.42135
-37615.06183
-36550.55213
-35882.7081
-34968.82813
-34690.30698
-34656.03928
-34199.09106
-34111.166
-33833.42075
-33604.378
-33166.36641
-31866.00128
-31488.13825
-31423.05118
-30320.00194
-30175.50421
-29244.77254
-28584.06934
-25910.2512
-23706.99272
-21451.92656
-20868.91898
