4.20547e-05 0.242456 0.00264753 0.000149278 2.4804e-05 83.9367 0.00016717 0.551284 0.000243328 1.97602 0.0087019 1.4234 0.00929184 0.0487718 0.000280503 1.40882 0.000274099 3.24474 
0.0251301 0.0174357 0.848781 1.62668 1.76641e-05 1.0078 0.00213461 0.00163802 2.32145e-05 0.0263542 1.73028e-05 0.816835 8.59396e-05 0.000107005 0.000566756 48.299 0.00100716 0.224979 
2.93808 0.0627729 0.0295723 0.000357832 0.000748778 45.0302 0.0038994 3.46032e-05 0.00624771 3.08829 5.96189e-05 87.0903 0.130469 0.0163275 0.962032 4.8283 0.0419752 0.871903 
2.34439 0.000563691 2.81277e-05 0.000225304 0.180919 12.9596 0.00390544 0.079038 1.22957e-05 0.55266 0.0161905 0.0200146 5.25117 0.0114911 3.87468 5.63009 0.00202788 0.197675 
0.390323 0.402276 3.29362e-05 0.0549998 3.67248 0.835492 3.1839e-05 0.400708 0.00363521 59.4814 0.320128 0.0749692 1.68314e-05 0.0715258 7.01005 16.7908 9.66167e-05 0.266688 
0.649475 0.425767 4.88887e-05 5.17383 0.0379996 34.3577 0.0312737 0.428808 0.0166713 4.37462 5.82022e-05 282.741 0.0135929 0.00693631 0.13152 33.6353 2.63384e-05 0.121559 
0.000554557 0.0150339 3.27349 2.11589e-05 0.199866 26.5326 0.086919 0.000344948 0.624122 70.4898 0.000111381 30.067 2.06849e-05 0.000268529 0.0219288 42.5886 0.00702947 0.515338 
0.142399 0.09254 6.14552 0.00805322 0.000271089 0.279142 0.67087 0.0320152 1.42014e-05 426.236 0.000321812 56.4423 0.000154428 0.00528037 0.00585825 6.62674 6.52132e-05 2.60462 
0.000311997 0.000233218 1.13424e-05 4.65416e-05 6.67591e-05 464.08 5.33079 2.87749e-05 0.120861 7.20732 0.000591666 254.204 4.43837 0.000106404 0.000129564 4.53835 0.000249343 1.33323 
0.000212904 0.756191 2.69232e-05 6.33975e-05 0.000951504 3.28825 4.16231 6.6367e-05 0.120086 0.823903 0.000123815 1.74273 8.16171 0.00780643 1.36437e-05 2.24058 0.00622696 4.73001 
0.0156143 3.33621e-05 0.15825 0.000258744 0.0461008 14.0213 5.72405e-05 0.000788814 0.00898298 0.0197373 0.0337705 0.418094 4.02844e-05 0.57584 2.06988 6.08003 0.0499551 0.082258 
0.124213 0.000377 0.0996744 0.00026459 0.323029 1132.57 0.000159525 5.37832e-05 0.0538876 0.0832193 0.00026041 2.03517 0.204478 0.00235796 2.69752e-05 22.9123 0.0214337 0.217207 
0.000582275 0.00254411 0.037265 0.0258024 0.00264315 2982.88 7.35457 0.137575 0.0168722 8.75853 4.88864e-05 34.9032 0.00175616 9.31902e-05 0.000198902 41.8345 6.67909e-05 3.6479 
3.92802 0.0516193 0.000270111 0.0191033 0.00155451 381.763 0.887655 0.00283442 5.60907e-05 0.153448 0.048951 1.98843 0.538521 1.62291e-05 0.161348 1.20629 0.00080922 2.61277 
0.000144235 0.0025128 2.38847 0.0287783 0.0690526 1.98524 9.65067 0.00758626 0.385858 0.015731 0.000509085 3.66325 2.91625 1.35784e-05 0.19565 0.804397 0.428948 8.21899 
0.000723194 0.115191 1.59372e-05 3.03947 3.69165 1748.11 1.29702 0.228101 0.133065 203.036 0.160645 0.620787 0.000440438 0.0334411 7.62151 7.49708 0.0155599 2.88996 
0.0057215 0.000369922 0.00047412 0.303459 4.71196 9.96039 0.0876921 5.918e-05 0.0140036 0.155441 2.18818e-05 132.879 7.72919 0.000724142 0.000134562 6.18871 3.17678e-05 0.675043 
0.000355519 0.0251244 1.73827e-05 0.000112453 0.00393092 2.03514 0.896332 0.0230367 0.0573217 0.179879 2.53493 0.97808 0.747742 0.000104546 2.47058 0.500344 0.00079396 3.27068 
0.00129112 0.00308283 0.0221498 0.000563962 0.11649 29.2882 1.80218e-05 0.147337 0.984381 1.15362 0.000131551 21.6477 0.000167253 0.0375715 1.03974e-05 2.05322 2.20355e-05 2.34586 
0.00627243 0.000238666 6.78497 0.324556 0.763486 0.0323169 0.717496 0.00363882 0.252489 0.8689 0.000156009 3.1517 3.63357e-05 0.669813 0.0138699 0.325912 0.135013 6.7254 
1.1422e-05 0.000501935 1.02029 0.324067 0.000336958 127.739 0.0448181 0.281115 0.000395397 1.83125 1.19786e-05 1.88574 5.06398 0.024211 0.000117328 3.29276 0.00210587 3.13912 
0.0109776 1.08005e-05 6.82415 0.111479 2.45222e-05 0.214872 1.78085 0.595249 0.00264368 0.123097 0.0227683 1.4464 0.000469111 0.243697 8.5371 3.58426 0.183242 3.88701 
0.000445314 0.168424 0.000174905 1.50581 0.00605716 3.87371 7.3076e-05 4.1219 3.55688e-05 0.0647737 0.494601 134.141 0.0123116 7.70207e-05 0.00214791 33.0736 0.00076835 0.234764 
2.58808 0.379303 1.16385 3.72597e-05 7.52279e-05 302.471 0.123668 0.00249295 0.0352904 6.19859 0.00849864 1.4065 0.0562068 0.00229349 0.0341802 12.565 3.49154e-05 0.762236 
0.128098 2.79024e-05 0.000102617 5.9653 0.167646 86.2953 0.0491544 2.47597 0.0261433 2.90893 0.0206919 95.1205 5.778 0.0400464 0.936427 7.96483 4.86679e-05 0.151258 
5.61786e-05 8.3058 0.149586 0.00386786 0.000193805 104.671 0.772379 1.22121 0.376092 94.3061 0.000102008 295.956 0.0288344 0.00839319 7.66932e-05 0.986768 0.0004493 8.49671 
0.012674 0.11336 1.01252e-05 2.03295 0.000621192 9.78389 0.0384084 0.0385773 0.00139004 19.9162 0.000175786 201.345 0.000670288 0.0220835 0.424801 6.85292 0.152882 0.931312 
6.53648e-05 0.00388894 0.0129789 0.00585481 5.9747 228.632 0.112741 0.00387807 0.0652524 1.68989 0.000198177 0.132174 5.456e-05 0.228004 2.22365 19.3994 0.0019055 6.38684 
1.45454 0.366751 0.000155963 0.000459716 0.011268 30.0851 0.925667 0.000973923 1.28414e-05 0.13743 0.000626977 2.73526 0.00168342 0.05076 0.0579524 5.8272 0.283215 6.00103 
0.00366502 2.769e-05 0.115668 0.000756852 0.000132952 0.903437 0.042075 0.00126425 1.35732e-05 23.3202 0.000373141 0.43741 0.17932 0.0173911 0.00255045 3.24685 0.020312 2.36604 
8.0259e-05 0.000314385 5.10939e-05 0.00130026 0.000176067 147.028 0.0094811 1.26036 0.00836467 0.0145021 0.172172 0.96087 0.00120142 0.0346168 0.000278871 1.51423 1.6036e-05 1.82556 
0.000845213 0.0468181 0.00156773 1.60555 0.00241724 342.456 0.0104007 0.183047 0.0146476 139.056 1.6024e-05 0.0297122 2.95157e-05 0.00324228 0.624023 2.52614 2.75738e-05 3.64733 
0.729475 0.000236075 4.99701 0.000231681 1.71693e-05 76.2621 2.14213 4.01935 0.612354 110.776 0.0348369 0.0234939 4.9114e-05 0.000263815 0.0454893 28.26 0.000232037 3.23838 
0.000246246 5.08188 0.13269 0.35364 5.79852e-05 12.4502 1.44475 0.0342463 0.638377 0.0139201 0.0174327 0.0947332 0.483796 0.139425 2.5571 31.5744 9.37411e-05 0.034033 
0.000544815 0.000320255 0.000337255 0.11047 0.309536 0.0554103 0.280287 0.0532576 0.00935416 0.245469 0.00095951 167.772 0.000935521 0.0228733 0.246569 2.78062 0.0100181 3.01544 
0.00722917 0.00503728 5.6535 4.42993 0.47 0.0362663 0.000524747 7.37718 0.000510126 73.3124 0.000645393 6.87152 1.70593e-05 0.00171311 0.421584 4.10192 0.00461063 9.38602 
0.000179443 0.00231548 0.000115874 0.00510529 0.57482 250.146 0.000297646 5.99448 0.00624716 13.0358 0.0013443 0.0116746 0.00372837 0.7328 1.58819 1.29162 0.000386506 7.64611 
0.0102573 0.000290892 0.16205 1.89028e-05 0.114263 55.3064 3.24638e-05 1.9566 1.53143e-05 0.748836 0.000185814 166.181 0.000790257 0.000924027 2.99231e-05 3.64666 1.72092e-05 7.42139 
2.3373 0.74705 0.0394598 0.00237544 0.243313 0.562641 3.84163e-05 0.00474071 1.30847e-05 71.1724 0.000269014 0.122456 5.27518e-05 0.00026627 0.0285919 9.49227 1.5135e-05 1.2716 
0.789637 6.15736 4.28613e-05 0.000837985 0.000858066 0.337007 0.399038 0.783039 0.057951 10.0844 1.69278e-05 39.9304 0.00948123 0.117254 0.000163467 0.442365 0.0500524 5.86971 
1.08582e-05 0.0485837 0.125136 5.34297e-05 0.632915 26.0175 0.00255074 0.0906053 0.0117281 344.978 2.6316 2.47623 1.30104 0.000649881 0.000387077 2.12757 0.00136373 2.4702 
1.90856e-05 8.39597 3.66859 0.00050799 2.44835 2.72569 0.0051373 0.000275511 0.00770808 0.823437 1.63854 0.135803 0.0378194 1.48725e-05 0.00133593 25.6832 0.178917 1.02731 
0.0046544 3.13392 0.0229465 0.00104901 0.343392 588.406 0.127973 0.438898 0.0158642 119.104 0.0217899 0.0476155 5.84231e-05 0.000111926 0.000149142 5.84384 0.00319569 8.56261 
0.00191468 0.000255729 0.00017982 0.00424418 4.58775e-05 0.0760857 0.00116481 1.01575e-05 0.00628641 0.0168602 0.00050497 0.392292 1.55369e-05 0.0019455 0.00173122 13.2831 0.00947948 0.890653 
0.848621 0.000216642 0.397104 5.53949e-05 0.117145 1992.62 4.25237 0.0217095 0.0233386 0.101433 0.00216954 2.75112 0.00782155 0.0507908 0.00738256 0.387714 3.80983e-05 9.02628 
0.294363 0.0313364 1.82251 0.000708839 1.37775 508.059 1.95742 0.0152798 0.0108543 7.69146 7.97274e-05 1.17288 0.0124376 0.0210366 4.45654e-05 2.12509 0.000129106 2.9605 
0.00160777 0.00207933 0.000165387 0.000912326 0.548128 2817.54 0.0713332 3.43785e-05 5.1916e-05 65.4765 0.0134189 8.53389 3.80902 0.000349252 0.0172824 41.7711 4.08907e-05 0.219322 
0.127212 0.000430378 0.0337353 0.00068372 0.0024573 4.18735 4.75873 0.00217866 8.16986e-05 17.1356 0.0109809 0.120907 0.417041 8.31065e-05 0.034841 5.10981 0.000718574 4.31735 
2.26166 6.39947e-05 1.50104 0.0250445 0.0169875 0.122486 7.31848 0.0285509 0.000108951 16.8745 0.00761139 11.2735 0.000209812 0.400797 1.33575 1.85569 5.12584e-05 1.19095 
0.00117805 1.41399 0.970816 0.00770615 2.86002 6.61995 0.000338425 0.00373174 1.77006e-05 0.0738346 0.0476377 0.24365 0.96152 0.227372 8.10139 19.3295 0.182116 0.0756785 
0.208866 1.06116 0.0038618 0.0175409 0.00480568 78.5428 4.7771e-05 0.00019869 1.07043e-05 1.25498 0.118593 0.180311 0.0135846 0.00359254 0.770164 6.963 1.93798e-05 1.25134 
1.81154e-05 1.30701e-05 0.000628904 4.15964e-05 0.00562613 56.7961 0.348174 3.84143e-05 9.93114e-05 9.54494 0.0307622 194.759 0.0189766 0.175095 0.00309907 0.62791 0.151948 2.51928 
3.94387e-05 0.000150393 0.00031438 1.07966e-05 0.24054 62.5256 0.0191046 2.15891 0.000113191 0.0603903 5.58683e-05 0.29932 7.27125 0.00675911 0.0615064 8.75956 0.0034145 1.00914 
2.64598 0.0045644 1.25502e-05 6.76903 0.0520009 0.0331995 0.000101978 0.0208452 0.0307185 18.4292 0.278127 0.116715 0.00461592 0.00967558 2.44615e-05 5.67918 1.1376 4.25241 
0.0158379 0.0145382 0.321082 0.214707 0.243168 1.03454 0.203496 0.000207257 1.16386e-05 8.56727 0.876358 223.216 0.00752179 4.4807e-05 0.411761 5.8529 0.0526113 3.02334 
9.25288e-05 0.000280275 0.00661495 2.44516e-05 0.0931181 2790.52 3.31459 0.0972063 0.113018 0.0127519 6.36618e-05 0.0214089 0.0949937 0.00630241 0.00627736 6.89586 0.000188248 3.70854 
1.62866 0.000167677 0.000136979 1.75333 0.279634 3.84159 0.0176165 0.203728 0.021443 1.34913 9.13146e-05 0.0324483 0.0346744 0.000460025 1.28813 15.8441 0.00284755 0.463888 
0.256082 0.409657 0.000390725 1.76172 0.0109443 15.3076 0.000533469 0.000421964 0.00050438 1.58094 0.000198184 5.20331 0.00527426 0.000646517 0.000136596 32.4258 0.0004216 0.630126 
1.36116 0.0228521 0.00169507 2.21544 0.747299 0.444146 0.694189 0.705626 0.00379695 18.6118 7.49075e-05 67.2346 1.5712 0.00285716 0.0240283 5.92798 0.00777244 5.13603 
1.79966 0.000319026 1.05363e-05 9.40593 1.1387e-05 0.0128213 2.10283 4.8545 0.00359679 5.91353 1.35883e-05 86.7331 0.206014 0.000455064 3.67443 23.9413 0.142882 2.97568 
4.90338e-05 0.000378934 0.922969 1.61364e-05 0.00107341 415.816 0.227299 0.615786 0.000667698 0.0225791 0.844395 0.175065 0.0026725 0.00242744 0.000545161 9.04511 0.00184784 0.718511 
0.00121399 0.305443 0.0142198 1.53044e-05 1.64437e-05 1.68739 0.00392091 0.192657 0.119609 241.513 2.47296e-05 0.0300372 0.000855878 0.00145509 7.39174e-05 17.6953 0.000341127 0.618808 
0.548874 0.0361517 9.33851e-05 3.29422 0.00376719 756.319 0.00441196 0.000128363 0.0194893 42.3328 7.45466e-05 165.332 2.50872 0.971272 1.66972 1.9535 0.121019 0.369331 
1.84882e-05 0.210644 0.000807279 1.89581e-05 2.26082e-05 0.119739 1.93279 4.50524e-05 0.244984 27.0474 0.0800289 1.23367 1.01994e-05 0.00642429 0.196925 2.95105 4.89496e-05 7.67258 
0.514487 0.0037404 0.0697348 0.0200894 7.53003e-05 15.2308 1.62917e-05 0.0155878 0.0841597 354.213 0.00585794 198.212 0.0836001 0.0492896 1.85915e-05 3.04333 1.38749 3.44794 
0.0607044 0.00121888 0.214121 0.89193 0.208189 124.521 1.24644 0.463666 0.00389114 39.2922 1.51107e-05 443.748 7.95837 0.000946789 5.9588e-05 39.8571 7.88068e-05 0.226843 
1.49429 5.28381e-05 1.55951 0.00028635 0.000158404 0.109666 0.133955 1.1188e-05 0.657007 3.6421 3.30709e-05 9.37188 7.02567e-05 0.000547827 2.84504e-05 9.63723 0.00270671 1.36427 
9.83402e-05 0.000139165 8.06525 2.58436 0.0015453 0.0880848 0.00484788 2.34695e-05 0.0254025 392.222 0.0423054 0.594966 0.665549 6.458e-05 0.00144944 16.0656 0.000103562 4.07132 
2.06983 0.0202164 3.10841e-05 0.00024873 0.0575623 15.2601 0.017811 9.82275e-05 0.00090493 348.352 0.00025929 52.227 0.0281857 0.00309994 3.86328 12.8624 0.00121806 1.22308 
0.00107631 0.000166752 0.0181595 3.20747e-05 0.000330817 11.0356 0.00917223 2.98983 0.0113568 0.0295923 0.00010619 0.567403 2.03992e-05 0.00266682 0.000443222 3.02414 0.0394443 2.93701 
0.0010241 0.000375797 0.0161703 0.0864002 0.0486039 32.7506 0.000277456 1.92704e-05 0.0324523 0.198413 1.63563 0.171456 0.00270448 0.000167251 0.0572901 7.43704 0.00420028 1.09168 
0.00232495 6.32 6.33315 0.00901824 0.0542945 11.4435 0.353677 0.00132102 5.78267e-05 0.0709618 0.000130576 0.246645 0.0138342 0.00157951 0.367363 24.4648 0.00200788 0.160823 
0.00022785 0.0124228 0.000364272 6.10583e-05 0.00092765 2.0377 1.68984 3.10176e-05 0.0167354 452.055 5.29139 0.235936 0.0461646 0.035715 1.75486e-05 2.40829 0.0785142 3.42916 
0.00020755 0.00854923 0.00200912 0.00514934 6.90892e-05 12.1311 1.56081 1.34094 0.0124152 449.778 0.000109002 69.636 0.000349403 0.0278751 0.901044 3.87449 2.42087e-05 0.878801 
0.000488416 0.000830002 0.262955 0.0168871 0.531365 6.80653 0.00858005 0.514416 0.00565931 38.8475 0.540097 0.108839 0.00444704 0.000272059 9.15734e-05 8.72663 0.00455587 1.45836 
4.15581e-05 1.51277 3.12685e-05 2.20641 0.212108 570.811 2.39804 0.000272298 0.00127353 21.5716 7.03709e-05 0.197938 6.2834e-05 0.767206 0.225771 0.752049 0.252884 0.833714 
0.000349445 0.44822 0.00680463 0.0418568 0.0158567 1.39316 5.5379 0.0300222 6.74757e-05 10.1256 0.102288 0.863205 9.30638 0.000930119 4.6644e-05 0.497495 0.422637 3.47859 
1.59432e-05 0.000531361 6.15942e-05 4.27575 0.0240675 29.3865 0.000533005 0.00788988 0.340339 0.162393 0.0142278 1.57421 0.977387 0.000561319 0.0114391 5.16144 0.49159 0.439046 
0.470641 3.07688e-05 0.027932 0.111914 0.0666421 1.22438 0.000345376 1.31759 0.0721047 101.565 0.208342 0.246798 3.34274 0.000166658 0.0412606 2.60292 0.091053 0.869353 
0.537825 1.02156 1.516e-05 0.0312362 0.610281 0.0896681 0.00031784 0.0527167 0.359411 27.2303 0.00254956 3.90369 5.37631e-05 0.00981274 1.22267e-05 4.2839 0.0637958 0.819322 
0.321656 0.000641785 0.00176782 0.892171 0.00277419 4.71654 0.0015204 0.0884563 3.21509e-05 0.0331212 0.224052 0.867625 0.641753 3.29347e-05 0.00931835 4.74026 2.1212 0.604564 
0.00141686 0.460414 0.000333714 0.0452571 0.00641493 0.630729 0.0302642 0.0171845 0.284526 0.88965 0.0283773 0.0281833 4.20404e-05 0.000813121 0.434346 34.2613 0.00294979 1.14238 
1.53756e-05 1.63245e-05 0.000595 8.53185 0.60631 293.957 3.13741e-05 0.224245 0.000288531 23.3865 0.0509589 2.69907 0.0875775 0.00385135 0.000436281 16.0789 0.107492 0.526986 
0.0162749 0.000697503 2.27954e-05 0.00156398 6.26795 2370.9 0.00083518 0.00369385 0.00166619 135.91 0.190423 0.0179015 0.000142137 0.0410547 6.6092e-05 2.83101 1.82509 8.32047 
5.20938 1.6087e-05 0.000205103 0.00135492 0.0630923 0.131339 0.00423828 0.000843625 0.017488 1.53295 0.00396561 0.0376942 1.58097e-05 4.26691e-05 0.000637368 29.0322 1.02129e-05 1.253 
0.236778 0.106608 0.000950869 0.0745193 0.0153365 58.5323 1.78321 0.000236134 0.16415 0.20638 7.2186 0.0202526 0.000768141 0.000470756 0.172733 28.2385 0.0141968 6.63748 
0.0244852 0.0139613 0.00667584 0.00295895 0.0146197 0.0265682 0.0189673 0.000383741 0.000748764 134.188 3.1208e-05 0.142408 3.1363 0.00173255 0.144095 9.91411 0.000325115 2.27735 
0.00732873 0.409381 0.00139038 2.35644 9.7458e-05 1860.55 0.00387551 0.00366896 0.00475044 0.0513626 0.226498 31.1658 0.139359 0.417368 4.42323 3.62663 0.0302532 5.51092 
0.173033 0.252663 0.000473875 0.000645559 0.00128486 10.918 0.0220599 0.00118283 6.5421e-05 52.5472 2.09909 0.680473 0.00010392 0.00229878 0.000333861 31.9626 4.53213e-05 0.812119 
0.00769831 0.0118819 2.13203e-05 0.0551139 0.000359994 0.0919299 1.05473e-05 0.00450356 0.00758138 0.0348704 0.0867496 0.020249 0.0113811 0.000145157 0.270264 21.788 6.29528e-05 0.209084 
0.0109441 0.00739455 6.52088e-05 0.381625 0.291836 482.063 9.64519 0.575242 0.249055 0.041579 6.09388 1.09753 1.195e-05 0.000267734 5.17418 34.148 0.00174819 0.133491 
2.80515 1.1161e-05 0.00015799 0.079377 0.171667 0.0117201 0.00187212 0.0303558 0.00147939 1.2831 2.22205e-05 62.0845 0.000194686 0.0339419 0.000104637 10.6484 0.629907 0.171335 
0.00404864 0.00238996 0.000441952 0.00420722 0.15934 0.022501 1.0154 1.63195e-05 0.000149689 39.0337 0.0838042 0.0290507 9.98312e-05 2.21959e-05 0.000235478 15.8071 0.000324736 6.45828 
1.6152e-05 4.04523 0.000244028 0.0361351 0.00913011 1.98914 5.1636 0.0709695 0.000182666 43.307 0.11389 0.406601 0.51037 0.0115067 0.000433187 8.73853 0.137465 0.646401 
1.43195e-05 0.00661121 0.336214 0.617541 0.00995779 0.0168555 0.0290806 0.299343 0.000264868 6.90184 0.0213857 0.0944958 0.0250705 0.0104056 1.26309e-05 2.14638 0.207416 4.34405 
0.216259 0.0254991 2.45514 6.50134e-05 9.69117e-05 90.477 0.0984827 1.22164 0.0879865 20.4192 0.0980534 0.0643831 0.0682039 0.0136478 0.24017 26.7002 0.000344472 4.32669 
4.78509e-05 0.602547 0.00477546 0.123146 0.057479 1.53828 2.9689 4.08795 0.00460012 0.0241394 4.29328e-05 0.548032 0.000121618 0.000845391 6.7057e-05 31.4605 2.09191e-05 1.41906 
0.413474 0.598165 0.747485 1.31911e-05 3.36176 219.55 0.0246264 0.0117495 0.000222414 0.488521 0.000350965 0.0200492 2.30062e-05 0.0144856 0.0323721 4.46887 0.0634375 1.4181 
2.06011 5.22587e-05 1.76217 0.221707 0.00120352 22.5731 1.33724 2.42394e-05 0.0692301 0.0363974 0.00130323 0.0907998 0.000144572 6.01797e-05 0.000328564 24.3792 0.00325481 4.08838 
5.33273e-05 3.92693e-05 2.45964 0.670851 0.318929 1.0839 0.000369633 0.822624 4.01426e-05 7.43197 4.54998e-05 0.782774 0.709888 0.0159726 0.0206232 48.4261 0.00110776 7.19111 
2.54356e-05 2.18756e-05 3.47514e-05 1.24985e-05 0.000651645 0.836397 0.148405 0.00376454 1.57283e-05 14.3111 5.16031e-05 460.763 0.00784009 0.00514283 0.173273 10.1585 0.00280055 1.03025 
0.167189 0.335012 1.00993 3.94981 1.42139 50.8802 4.23523 1.30929e-05 0.0275723 3.90441 7.38949e-05 73.9282 0.000125632 0.0944195 2.93942 5.35145 0.30258 1.17691 
0.0441414 0.974247 0.0108264 0.0208759 7.75984e-05 0.0130314 0.171148 0.127511 3.5166e-05 0.436711 0.00701631 40.1617 0.000152465 0.00437079 0.0111754 15.1739 0.00406137 3.09337 
0.0389083 5.85413e-05 0.0127338 0.0145599 0.000208163 21.268 0.00132622 0.0106176 4.62236e-05 162.66 0.296804 15.5089 1.41461 0.879927 0.655019 0.214626 0.000606012 1.15783 
0.000118375 0.747351 0.000453353 0.0896724 0.0666138 139.411 0.00245391 0.0011085 0.0298632 8.31129 9.61949 0.994683 7.79846e-05 0.0118661 0.186639 31.425 0.0234019 9.26331 
5.25831e-05 0.00139652 1.59643 0.0498336 0.00548 0.0400729 1.98896e-05 2.76941 0.00082204 1.07294 6.51467 87.8166 1.4095e-05 0.0878838 6.11812 6.3633 0.0137037 0.636 
0.349012 4.89556 0.0452643 0.00883049 8.89915 251.319 1.86969 0.150742 0.000749791 67.1834 0.212609 5.89395 0.00396254 0.429378 3.66952 15.1002 0.0899576 0.141391 
0.000273683 0.0555344 0.047438 0.0318119 0.522189 74.7568 2.62511e-05 8.6724e-05 0.00124376 0.0226134 0.0024881 2.28211 0.0545595 0.000243087 0.00013024 35.7168 0.0135245 0.888864 
0.000218501 1.62946e-05 0.00850596 0.00144975 0.365646 2.62563 0.0924692 1.32528e-05 0.00434413 7.28777 0.0494822 1.51296 0.000789169 0.0142881 0.654497 7.19487 0.201176 0.896811 
0.000155318 0.0444048 3.13323 0.00136997 0.000200856 0.0300396 0.0004933 0.0204234 2.2871e-05 0.689688 0.000814756 16.6182 0.00368773 0.000112492 0.000124645 23.8653 4.47829e-05 4.60381 
7.91322e-05 0.0354238 0.000988243 5.98421e-05 0.00327408 366.449 1.23376 7.38765 1.33619e-05 0.112361 0.00362598 354.911 1.75992e-05 0.105958 0.000299381 1.09931 0.489184 1.81707 
2.77009 0.000343243 0.106705 0.00194127 0.000128664 0.0522236 0.00126666 0.000531435 2.44404e-05 0.0711737 0.000493556 11.771 0.000165976 0.000540537 0.41674 9.63523 0.052516 1.88049 
1.05188 6.07743e-05 1.81093e-05 0.634333 0.552567 532.004 0.000850982 0.0042215 2.48045e-05 355.297 9.23571e-05 0.826503 0.000184125 0.0454349 0.0252965 35.8299 5.33965 1.08051 
1.9564e-05 0.264021 0.0188245 5.92081 1.39982e-05 1.19614 2.07683 8.03984 0.0215751 0.133935 2.01472 1.83414 9.93199e-05 0.00620595 0.0195544 2.72092 0.00891494 4.39262 
0.00199258 0.732772 4.49353e-05 7.2549 0.0279615 0.0161738 0.408057 1.84136e-05 2.776e-05 0.0435466 0.0134298 1.71549 0.00287082 0.0337245 0.00358797 11.8102 3.67713 4.27239 
0.000117477 0.0522911 0.00731153 0.000255136 0.000654396 23.6291 0.001797 2.16939e-05 0.0363231 2.69485 0.0815649 0.0537822 9.93181e-05 8.31475e-05 2.55103e-05 22.8397 0.0013155 1.27612 
0.000406409 3.46831 5.6082 0.00789339 0.0026803 0.0133844 0.00198946 0.000161398 0.000126042 25.5888 0.058142 9.6087 0.44526 0.458809 0.0134642 1.56998 0.713814 1.15488 
2.51435 1.7617 0.00676033 0.000206036 0.406366 22.0684 0.000135476 0.00675736 0.221468 8.83035 0.00136292 0.152697 0.0561232 0.00716094 7.26926e-05 4.03084 0.00739394 8.42577 
0.000178991 0.00124907 8.93058 0.00463848 0.00754116 1385.28 3.0287 0.829928 1.20511e-05 35.479 1.55908e-05 0.263913 1.43617 0.00559822 0.00389926 48.3058 0.680673 3.68123 
4.41763e-05 0.000387297 0.152452 0.00538297 6.64379e-05 0.0442281 0.0962598 0.000140272 2.66178e-05 0.0145074 3.0843 1.74909 0.000281189 0.178407 2.12698 2.18156 0.134198 5.43031 
0.0328188 0.0157501 0.60968 0.0117701 0.512763 0.892625 0.000225163 1.07091 0.162383 24.6329 0.0694016 0.045089 0.0280593 0.00920147 0.0815121 3.2173 0.0800041 3.91192 
0.00117419 5.77977e-05 0.25109 0.210402 0.00180123 54.4165 0.00221763 0.0454435 0.01261 400.248 4.67987 0.0161045 8.45118e-05 0.00141116 0.00227221 3.5341 1.06916e-05 3.5503 
0.0176126 0.000449578 0.000354242 6.611 7.22886e-05 164.88 0.000146474 0.0284465 9.68244e-05 78.5494 0.00407243 0.0219051 0.000623598 0.000392501 0.0333862 29.8174 0.0031466 0.247923 
0.000128331 4.51911 6.45597e-05 0.444857 1.12367 0.277408 8.36765 0.00456758 0.000558147 0.0427648 0.0235406 79.6804 1.89737 0.0176186 5.49628e-05 0.704062 0.246214 4.96738 
4.25166e-05 0.0175256 0.000671568 0.602241 0.000217926 1.35425 0.000945286 0.0010408 5.83666e-05 1.71828 0.000230207 8.77765 5.77628 1.39793e-05 0.0105486 0.632801 0.000112232 4.03548 
6.49153 5.73847e-05 0.455229 0.00356803 4.38337 0.563796 0.00103554 0.926326 0.000104764 0.514638 0.0311032 0.0406455 2.94259 1.19286e-05 0.866386 3.68527 0.00140894 8.71898 
0.933608 3.29801 5.47593 0.000270917 0.0187916 3.83541 2.00408e-05 8.17852e-05 0.00503745 1.83592 2.64432 0.599604 0.00585064 0.000437738 0.167156 13.8222 0.00150258 3.54149 
0.573672 6.66032e-05 9.26419 0.448371 0.00057386 0.295429 2.87916e-05 1.72358e-05 0.439567 253.886 0.674297 0.0683047 1.16351 0.192037 9.63162 33.2436 0.000446393 0.114548 
5.57329e-05 0.0499946 0.218719 0.0217149 3.21273e-05 160.434 0.0027343 0.0599325 4.41534e-05 37.8094 1.83161 0.514206 0.00333206 0.00309717 0.0051136 5.28218 0.000374378 1.59983 
8.23516e-05 0.00273902 0.846549 3.36335 0.0071162 109.117 0.969937 0.0014953 2.57263e-05 0.0243407 0.110309 1.34605 1.35174e-05 0.00528721 0.803329 34.3818 0.000245634 0.232511 
0.000781693 2.28117e-05 2.61475 0.0354428 0.0235214 2.14288 0.00442098 0.000145763 9.7079e-05 0.288591 0.00231864 0.506237 5.61464 0.541299 6.57935e-05 2.16305 3.32447 1.07075 
2.05207 0.0376762 0.147989 1.45047 0.00186811 0.404132 0.00270983 0.000114915 1.37802e-05 5.68586 0.00765669 1.99057 0.000234195 0.419958 1.17725 0.904109 1.87639e-05 0.432348 
0.00104953 0.0195262 0.00495683 0.00157581 0.000991462 0.49444 0.00196492 0.00143471 0.000123461 3.31816 4.64434 0.0183121 0.00352619 0.000136816 0.0047019 33.8359 0.10543 0.507367 
0.0177754 2.85522e-05 0.00135538 0.0200116 0.000117965 198.006 0.00136481 5.43687e-05 0.000275135 6.43788 0.0897766 0.526513 2.40241 0.0153648 0.00669586 5.90282 0.233064 8.10656 
0.112342 3.23095 5.61064e-05 8.50898 1.417e-05 1.96819 1.19754e-05 0.0289453 0.00544358 0.753248 0.00105946 12.6292 0.168956 0.000301084 0.512998 34.9043 0.114276 0.342802 
0.000253486 2.24434e-05 1.21539e-05 0.0499401 0.166267 0.0318991 2.3824 0.463633 0.0635424 77.781 0.0384781 2.56849 0.826825 0.00950831 0.000363757 2.74529 0.00988417 7.1649 
0.997721 0.00269875 0.000884692 8.48963 0.0273813 6.723 0.322626 0.113257 0.00253448 34.0185 1.49492e-05 0.176931 4.79629 0.000303548 0.00263113 26.465 0.00182709 0.253979 
0.0658312 0.0619822 0.548886 0.00689816 0.000150661 0.0210014 0.000572277 0.0879786 0.0134631 0.134216 9.75707 1.90981 0.771036 0.00278028 7.55981 0.775531 0.000693258 3.08816 
0.024689 0.329085 0.00911039 0.103721 0.176847 1.61173 0.418052 7.49529 1.0014e-05 2.47846 1.54014 0.134886 1.39519 0.00262626 2.99787 5.52412 0.000145334 0.603524 
1.98086e-05 0.000272259 2.61788e-05 1.16667 0.0832013 57.6201 0.000105733 0.000877818 1.34225e-05 0.0142487 4.19262e-05 0.0499407 0.000999266 0.00518287 1.84319e-05 5.83328 0.000658461 2.03961 
2.11992e-05 8.53652e-05 0.000165473 0.00101188 2.75765e-05 0.0205335 0.181456 3.9732 0.00014465 0.0476791 0.0124902 0.283626 0.00159768 0.0168476 0.652403 12.3972 1.41832e-05 0.45672 
0.0540091 0.000148701 5.43801 0.000716363 0.63842 0.0360985 0.0020362 0.0673332 2.68289e-05 0.0931322 0.570269 0.75252 0.000680707 0.0103485 0.994919 36.4476 1.8478e-05 0.303294 
6.64379 0.176428 0.000163937 0.0119241 0.000193569 20.8348 0.1948 5.60762e-05 0.00229032 11.4967 0.0463325 12.1824 0.0011475 0.0484403 1.52823 4.26823 0.0982144 1.14339 
0.00043496 0.000245765 3.58971 0.000665912 0.264879 12.2879 0.185979 0.000434584 0.0177155 0.416882 0.0124672 3.40914 0.0390801 0.169536 0.677233 1.57027 0.0176215 0.787658 
6.13127 0.0013057 0.0328348 8.95707e-05 0.0010833 786.737 0.997941 2.01627 4.9117e-05 0.0377242 0.00195995 23.8895 0.666359 3.26574e-05 2.05925e-05 2.72062 0.0867228 4.81673 
7.27306 0.000314408 0.00244819 0.0745522 0.801651 54.2768 4.50988 4.29215 0.00164998 13.9498 0.108394 0.163123 0.000117294 0.707828 0.00357135 0.761845 0.407267 0.320623 
5.77778 0.0350894 0.00609028 8.0052e-05 1.27801 0.0454955 0.0701128 1.61424 0.0296486 89.4196 0.000147543 3.76081 0.00342155 0.176199 6.17416 40.6932 0.00372682 0.108061 
0.178273 0.00457649 0.0224358 0.0131585 0.0010203 137.254 5.09519 0.000126165 0.229136 5.46867 0.00062893 23.4764 0.0567026 0.000113121 1.68248e-05 28.6396 9.3717e-05 3.8339 
5.72656e-05 0.000643469 0.000389713 0.000128236 0.000157654 0.0810434 0.00161333 0.234156 4.92497e-05 7.61103 0.0256644 144.355 0.342268 0.348483 0.000550885 0.376935 1.00423 7.26288 
2.28347 0.308414 0.0705894 0.000802982 0.000799402 0.0387871 0.00171727 0.0354407 0.00483091 212.022 0.176018 3.8548 0.0432012 0.000555659 2.8687 36.1125 7.13603e-05 1.00518 
0.548102 0.0966297 4.69987 0.0599713 0.0111781 692.613 2.64097e-05 0.019493 0.00703036 0.0481025 1.36085e-05 33.6542 4.84896e-05 0.0595942 1.19406 12.5653 0.000487571 0.498873 
0.714161 7.36234e-05 1.02738e-05 1.23773e-05 0.0447889 303.394 0.0211142 0.0114879 0.0801842 0.599281 0.030191 2.91674 0.0220252 0.0259654 2.88847 4.39633 0.00147083 1.95513 
1.75494 0.000464806 0.000365647 0.000289928 2.52199e-05 89.4398 0.585099 0.400635 0.000195832 0.212655 0.131789 0.082576 0.0240408 0.0276497 0.277631 4.47273 9.71301e-05 3.04559 
0.0270579 0.0158193 5.15274 0.00328629 4.68708e-05 0.185716 0.0269239 2.10167 0.000585998 17.5274 1.66728e-05 0.0184889 0.000261933 0.000961602 0.393317 20.0461 0.000195847 1.92061 
0.220492 0.014103 0.000204866 2.50065e-05 0.000400341 22.8028 0.00523705 3.4704 0.0190488 491.191 0.00465126 231.918 3.1129e-05 0.00049159 0.0498157 37.2348 0.000514284 3.69844 
0.0035266 0.00645315 0.00831003 0.1512 0.00210208 2.94137 0.0203386 4.1398 2.22252e-05 0.133121 0.0144331 2.02028 0.153187 0.345344 0.295812 0.23601 2.11729e-05 2.05737 
0.00029034 0.00348997 0.00421531 8.49995 5.53591 37.5565 0.512585 0.222057 0.00459912 269.615 0.0051754 68.942 0.852272 0.000404748 2.30903e-05 22.7523 0.000314891 0.333742 
0.00048471 0.104543 0.684005 0.000401006 0.00141331 274.665 0.654859 0.900909 0.000378031 0.377774 0.649044 4.19248 0.000731489 0.000998486 0.0037959 11.3993 1.83068e-05 2.71862 
1.53842 1.29284 0.000698988 2.75188e-05 0.00160714 0.605504 0.0169123 1.51632 0.0542654 13.5251 5.94715 4.91694 0.00648173 0.00513872 0.00013649 4.5256 0.0390194 0.939471 
4.65675 0.444073 2.05446 0.189985 1.6773 0.276269 0.752397 2.075 0.000784735 0.204536 0.473566 0.128145 0.0047651 0.000158231 0.220852 8.8229 0.00245212 2.40917 
0.00184827 7.94507 5.78998e-05 0.000305021 0.0392674 0.172866 0.00787698 0.155783 0.00819955 0.0405154 1.43032e-05 0.264591 0.000122778 0.018506 0.000389156 2.06844 0.126899 6.09835 
0.0431898 0.0636696 1.00834 0.000205231 0.000343601 0.127492 0.000380091 6.02759 7.57792e-05 0.752258 0.802635 158.669 2.56467e-05 0.0601007 7.91057 6.19697 0.00259632 2.22981 
0.00159466 0.00119837 0.27462 6.78671 1.36223 1.09909 9.29661 0.0188086 0.000177319 0.78324 5.16878e-05 3.83627 0.000791769 0.00146274 0.087868 46.8221 0.00133442 4.27997 
4.62566e-05 0.00761378 0.233417 0.00367038 0.0448819 1.41607 2.43483e-05 7.4756e-05 0.59047 90.2524 0.00193988 0.482818 9.19692 0.00202713 0.10653 48.9904 0.00813578 0.289451 
2.60969 0.554921 6.09576e-05 2.36045e-05 0.0758623 0.0420768 0.0066491 6.25157 0.00358807 0.0417533 0.00159061 0.205358 0.00100823 0.00339923 0.587724 4.12281 0.00890163 5.19382 
0.00106155 0.191171 1.33546 0.000600217 0.00572715 17.3195 0.020006 2.76333e-05 0.335408 2.44435 1.66406e-05 142.053 0.0704402 0.00127906 0.000540635 10.99 0.000362068 0.677943 
0.0176559 0.000637956 1.1447 1.0336e-05 1.14619e-05 146.041 0.00080271 0.00360782 2.18438e-05 244.244 9.27005e-05 0.0230771 0.680724 0.000174973 3.34741e-05 6.01614 0.000147305 6.13822 
3.73171e-05 0.00870848 0.00187218 2.5763 0.000252251 0.416613 0.730683 0.000393845 0.00113117 0.0710861 0.00120727 262.355 0.000261473 4.85957e-05 0.00158288 18.8156 0.000119218 6.09586 
0.0099057 2.40296e-05 0.000133011 0.797999 0.839548 85.5621 3.89469e-05 0.511251 2.26472e-05 0.0152055 3.43816e-05 0.535292 0.0667867 0.00314881 0.00057126 9.5183 0.00226642 2.81829 
7.32479 0.00168466 0.00117251 0.000786596 0.000638452 3.04002 0.00043651 0.000345897 0.0138668 84.0665 0.00207904 2.73984 4.41799 0.000103276 0.0230687 49.2761 0.0994101 0.168028 
0.000353185 3.5413e-05 0.000644019 0.0337422 0.00353253 89.3981 0.004058 0.000154795 0.312231 0.0204966 0.000525635 3.27026 0.0194514 0.158533 4.55314 4.21682 0.00534763 0.830194 
0.490796 0.701569 0.00039725 0.0184111 0.000213162 2413.03 5.10024 0.0345832 0.00221495 98.7406 0.0558281 0.0126087 0.00163993 0.0935012 1.01858 2.96505 0.000992923 0.901549 
0.000161769 0.02567 0.420568 0.00981531 4.22494 2.52757 0.0223593 0.000150388 0.0231282 241.071 0.94967 0.154576 0.0060994 0.0398502 0.00497025 8.1349 0.933577 0.334492 
0.00194013 0.025592 0.476641 1.11649e-05 0.011565 0.0290437 6.53997e-05 0.0808397 0.00192381 76.6892 0.00239943 0.154054 0.0260171 0.00454638 0.000673103 13.1259 0.0714078 1.34316 
0.0114384 0.00075849 1.82373e-05 0.00010133 0.0699879 0.0163813 0.00208348 1.07838e-05 0.380869 11.895 0.356655 0.0271905 0.748563 0.771949 1.43897 0.393386 3.66788e-05 0.920451 
2.248e-05 0.00385366 0.000170907 0.000186984 1.43199e-05 0.0293731 0.0857151 0.0244571 5.16646e-05 0.170407 0.700422 63.0393 0.000295542 0.000135626 0.00381691 9.25746 6.25753e-05 4.84627 
3.92372e-05 0.0148125 2.18236e-05 0.0231028 0.00152896 157.905 0.552287 7.79593e-05 0.0593109 0.579966 3.06436 3.15713 0.0158893 0.0165636 0.00521775 0.856027 1.38178 7.51461 
9.23795 0.239762 0.0038742 0.742481 6.10834 6.86285 0.0034045 0.00151191 0.00215136 16.2228 1.0326 5.04705 0.000491935 0.0215122 0.194137 3.08992 0.0215588 9.40655 
7.80139 6.90187 0.00381307 6.80415e-05 0.581733 0.249526 3.78564 0.000271128 0.00629843 0.0712365 0.000229462 0.813699 0.00505878 0.0886529 0.827788 4.80785 0.00604194 8.7997 
0.027472 0.00334619 0.000270888 0.000368693 0.000162818 0.0300323 1.31334 0.000628661 5.28846e-05 5.129 2.76644 0.0166574 0.000223032 0.00438074 2.39301 33.3381 0.000533275 0.275572 
0.00300846 4.66627e-05 0.000296898 0.00190718 9.6269 1182.41 0.00744256 0.000137712 6.35268e-05 0.0478998 0.210635 2.59928 0.529918 0.505879 0.265874 0.21002 0.00206882 7.80518 
0.213523 2.1736e-05 0.0465726 0.000553448 0.00746226 6.75176 0.0596272 0.00331771 0.00118066 0.0161162 4.50799e-05 0.508491 0.00282753 0.901174 6.41553 4.42395 0.0219922 9.0305 
0.0954859 0.253474 6.28564 3.85048 0.000689348 1.35674 0.000432095 2.50594e-05 1.14137e-05 0.0327994 0.00226081 0.0436529 0.0304389 0.0116719 1.47914 10.9322 0.00101212 1.7363 
0.00294533 0.0153493 0.0108245 0.00339546 0.0519802 353.232 0.00418866 0.00618775 0.231143 62.4274 0.73599 119.476 0.000246006 4.75608e-05 3.38889e-05 18.903 1.29644 6.18403 
1.3351 0.000341403 8.37132e-05 0.000115239 3.90145 36.1122 0.0276685 0.0181833 1.16622e-05 0.0756684 0.000224323 479.561 0.154849 0.00021259 3.73742e-05 20.763 3.20756e-05 0.937592 
0.262094 1.12992e-05 0.000325829 3.38636 0.000163995 164.803 3.37632 9.32179 1.54852e-05 135.356 0.0107671 3.79394 0.000178169 0.000598647 0.00094839 11.0898 4.15484e-05 0.851406 
0.0952736 2.12695e-05 0.00386753 0.128254 0.0709575 3.5223 0.0458922 0.00791751 0.409426 0.946613 0.0186824 57.3945 0.0785854 0.0906832 9.69136 20.2296 0.0169511 3.70547 
0.330802 1.31061e-05 4.4533 0.000104311 3.96565e-05 0.0178556 5.25841e-05 9.67397e-05 0.00044048 0.303256 0.133899 0.546925 0.109616 0.00453335 0.126356 6.63599 0.0119904 3.76943 
3.01321 0.933212 1.54556 0.000170664 0.000402332 1247.83 0.0266185 0.000108448 3.54695e-05 13.9108 3.96741e-05 0.934877 0.186299 0.0351591 0.480685 16.4702 0.000693826 0.191876 
3.74172e-05 0.716749 0.010507 0.000711211 0.00550408 529.248 1.67696 0.105441 0.000992055 0.166215 0.0857688 0.010522 7.37974 0.000197807 2.44197 0.392125 0.0198857 2.59799 
0.0219293 0.0859834 0.0543754 0.0676533 3.20478 6.32704 0.100724 0.0179164 1.09165e-05 432.96 7.23437 17.8471 3.52709 0.00488174 0.00187837 0.688052 0.197516 9.47381 
1.94573 0.000460416 0.0109585 2.18843 0.000944727 1858.03 9.35673 0.119819 3.16251e-05 0.0228795 0.00799979 80.3713 0.0192051 0.00338059 0.00278449 38.2571 0.262064 0.123543 
0.000159179 8.99669e-05 0.000107318 0.000189107 0.00493427 0.0677626 0.0159084 2.55928e-05 0.0156257 0.226774 3.35645 0.122577 0.000451402 0.00168193 0.0167506 4.80895 0.00263857 6.89062 
1.90944 6.60213e-05 7.39661 0.667821 8.96977e-05 703.162 0.0274943 1.95775 0.000420533 0.0687347 0.00194436 0.262532 0.00038637 0.9603 0.749908 19.2585 0.77833 0.139412 
1.17375e-05 0.000972811 0.131416 4.74053 3.30228e-05 1.1085 0.0893466 0.0275147 0.00372065 0.188492 2.07155e-05 1.47601 0.000314481 0.0927935 1.40731 5.29316 0.000242756 2.52048 
0.0241514 3.47932 2.26418e-05 0.651909 0.0809879 466.441 2.21079 0.00656978 0.000268618 2.80988 0.0147921 7.74432 0.00423668 0.00387123 0.442557 6.80174 1.78646e-05 2.93143 
2.64036e-05 0.0001713 0.0588225 0.0956717 0.205719 212.347 0.0800384 4.41842 0.800494 0.0116747 0.00403292 9.70382 0.0932382 0.0889662 0.0457107 42.6271 1.2869 0.0436639 
0.0882786 0.0102568 0.00218469 0.00613713 0.916344 23.064 0.00370354 2.73264 1.7664e-05 7.50252 0.572626 437.42 0.473976 4.11852e-05 1.66949 5.16459 0.00439601 1.7816 
0.116478 0.342848 0.00295049 0.081468 0.0232748 2.10091 0.0926489 0.00285022 0.00071467 0.0831596 0.0088469 1.72461 2.16836 0.561527 1.30233 8.24397 0.571288 7.94643 
0.000107469 5.17349 5.086 1.6052 0.00240732 550.937 0.000799287 1.4492 0.0685649 5.41447 0.000470023 335.099 0.0402984 7.13185e-05 1.17927 18.724 0.000447869 3.2271 
6.10393 0.0550933 0.225715 3.68982 0.000530745 231.574 1.59911e-05 5.56046e-05 0.000341405 0.277726 0.0240068 22.3691 0.000305251 0.167052 9.40502 11.4376 1.24582e-05 0.361797 
1.08613e-05 0.00334617 0.0584911 0.0310588 0.00228027 4.65855 9.6614e-05 2.50452 0.000765825 1.46893 0.000253671 0.126485 0.000486711 0.0430361 6.03132 28.3295 1.46762 6.39698 
2.49447e-05 0.000141581 4.86008e-05 1.37751e-05 0.185093 65.1235 0.00145067 4.64334e-05 0.114091 4.91067 0.00101291 92.7266 5.19416 0.00291056 0.284651 5.80873 2.29812e-05 1.06301 
7.14297e-05 0.00496704 0.0941316 2.53478 0.00183868 44.233 0.0639131 0.0749369 0.0143301 0.0612616 0.00272934 14.081 0.000321389 0.00423119 0.0209968 2.08219 0.0193419 5.20448 
3.73995e-05 1.70644e-05 0.178077 1.88208e-05 0.135236 0.0213508 2.26332 0.131422 0.00253969 1.00029 0.0101456 22.3529 0.00173661 0.0155167 0.418925 45.5965 1.64471e-05 7.04771 
4.1802 1.66804e-05 0.000630282 0.030162 0.498525 5.10767 2.92245e-05 0.0029966 0.00181933 114.203 0.358592 0.702407 0.0250492 0.000284632 0.109501 8.44833 0.000502076 1.95615 
0.730598 0.00470111 0.00738804 0.297708 0.921616 0.138046 2.91989 7.37627 0.00011184 1.14548 0.80744 0.508025 1.00127 0.00194564 0.598399 3.25194 8.02171e-05 8.1087 
0.00086495 0.842194 0.255845 0.000130472 2.01821 4.05726 0.0850763 0.00605854 0.00354789 50.7168 0.026805 0.348389 0.0571392 0.00561085 0.0138207 8.51731 0.00672386 5.87555 
1.22877e-05 0.18475 1.27193 0.00013217 2.49021 0.292622 0.00132576 4.92615 2.5758e-05 0.0261388 0.000103928 0.64014 0.0106182 0.0810616 0.437545 4.18685 0.0527885 0.632244 
0.176288 0.01846 4.6897 0.0135566 0.21324 90.1151 0.000348414 0.00026476 0.0143416 10.5856 0.00137197 0.0117687 0.0012882 1.91991e-05 0.0173424 30.9383 0.00153866 5.33729 
0.021016 0.404922 9.25287 0.00114315 0.753207 0.36461 4.28869e-05 0.573195 7.42887e-05 1.87195 0.412008 17.9692 0.00489684 5.25902e-05 1.01685e-05 6.66774 0.0497455 4.00123 
0.000227524 0.0324966 0.000260006 0.00151356 1.32307 164.202 2.49202e-05 0.0120822 0.0489255 1.17457 3.33745e-05 0.287358 0.00029645 0.0245173 5.25096 48.3269 7.52477e-05 0.145709 
7.22533 0.235076 1.44133 1.55589e-05 0.00040931 516.994 1.0743 0.00289223 0.00968411 355.849 0.0480789 9.34091 0.00711897 0.0052188 0.086493 5.18839 0.000339662 5.77531 
4.78822e-05 0.538253 0.0158643 4.32374 6.38796e-05 0.790976 0.00122 7.5091 0.00302307 0.132754 0.000379022 0.0118808 4.33135 0.0351919 2.33302 3.82402 3.32691e-05 2.95471 
7.40028e-05 0.149492 2.97002e-05 1.00396 0.255119 14.781 5.03746e-05 0.000449055 0.0509261 4.3933 1.75944e-05 0.0101876 0.000537977 0.010509 0.0681996 4.63389 0.144551 2.61376 
1.18571e-05 0.0813661 0.190827 0.0117765 0.00870518 2.01617 0.00288414 0.00587034 0.000101282 0.925526 1.25871e-05 0.021151 0.325268 0.0137096 0.00257642 7.11764 0.205538 1.4118 
0.00612487 0.125671 0.00384014 0.000144036 9.45908 5.04549 0.187958 0.162971 0.00374778 61.6459 6.97478e-05 123.937 0.0404625 0.00365367 0.0243183 31.1756 1.12553e-05 4.8989 
0.355372 0.00207416 0.29543 1.58733 9.5553 1.65055 1.05337 0.0082984 5.46231e-05 5.04852 0.00192796 115.147 0.019824 0.00184583 0.0057665 24.6428 2.81244e-05 0.517627 
0.307291 0.0447659 0.000495016 0.000952692 0.017088 4.34529 0.0001278 4.6686e-05 4.44407e-05 0.0591075 4.34461e-05 0.126647 1.77642 0.0821614 0.0787223 4.28578 0.459967 0.29912 
0.0131699 0.0422988 0.000954863 2.9906 2.19241e-05 9.8677 1.66494e-05 0.000691105 0.594214 18.851 0.0194652 4.20486 0.0156826 2.92909e-05 0.00187935 5.79835 0.714561 0.504902 
0.00171614 0.000109172 0.244748 0.000140658 0.00874192 2.52125 0.000125626 0.0131922 0.00012297 0.820095 6.2435 2.31615 3.08874 1.66958e-05 2.90121 0.552178 0.0233221 0.413247 
0.0445071 6.35735 0.00369801 0.0157419 1.1762e-05 4.92794 0.000188798 0.0703359 0.00295415 408.259 0.0010397 0.804214 6.55633 1.53618e-05 0.000129621 20.0439 0.000188214 7.28357 
0.946677 0.000209986 0.0232162 3.80127 1.71489e-05 14.6691 1.17652e-05 1.12177e-05 0.000546922 42.803 0.321377 11.2956 4.71329 0.120383 0.927976 2.98253 0.00130894 4.67112 
0.619065 1.54152 0.0291595 2.1508 3.95698 0.321878 0.00132364 0.000194338 0.00947192 1.80812 0.0147155 1.30543 0.85416 0.00207965 1.57983 39.6555 0.00146687 0.195177 
0.000797368 9.20436e-05 1.66227 0.000253979 0.030404 0.025862 2.71552e-05 1.43609 0.00140921 1.01766 0.0569699 0.13865 0.0106769 0.000689898 0.239484 13.7368 0.000172007 1.29383 
0.100983 9.76556 0.00685292 0.048783 0.000200227 53.5634 0.0207787 0.00257618 9.50881e-05 3.96732 0.0422919 0.831152 0.951259 0.00140688 1.44981 32.9808 0.000180347 3.34633 
0.513732 2.97429e-05 8.22281 0.635982 0.40432 246.655 0.0548969 4.01214e-05 7.5837e-05 9.14565 0.158832 128.821 0.0221226 0.214207 3.53704 1.97765 1.0538e-05 1.40537 
0.0854252 0.298405 0.17089 0.000616563 0.835997 9.56067 0.000929214 3.38323 0.319276 51.0538 1.03973 2.13077 0.187807 1.17483e-05 0.000902417 3.11921 4.14422e-05 5.71474 
0.000315146 5.16464 0.00140455 0.0230389 0.0064152 0.0323624 9.2921e-05 0.00709264 3.72671e-05 0.302218 7.68672e-05 25.753 0.000118972 0.00027147 0.00202737 4.91999 0.000108829 4.11852 
0.15265 0.00136426 0.000166872 0.155216 0.0845137 132.643 0.00473284 1.28827 2.51076e-05 184.192 3.51174 3.27142 1.91433e-05 0.000553281 0.018455 16.9862 0.000112219 2.63553 
3.12367 0.000558056 1.1163e-05 1.65253 0.651542 157.549 0.000901816 1.1243 0.000121158 0.190049 0.239456 98.3999 0.000583643 0.00118817 2.30138 47.9894 2.10256e-05 0.711589 
0.617905 4.45713e-05 0.10334 0.0167474 0.00123599 1319.07 0.00474533 0.961339 0.0416129 55.2146 1.67281e-05 0.0596109 2.13339e-05 0.00284595 1.42642e-05 8.82186 0.164074 1.40413 
0.815705 0.000662712 2.59708 0.263895 0.0616845 112.991 0.00197008 3.05347 1.04024e-05 294.022 0.0044934 0.164517 0.00187276 0.000388124 0.000910292 6.31662 0.00195207 3.26597 
0.00570603 0.00779737 2.95041 0.000416833 0.525774 0.0275274 0.501192 0.010428 0.00091046 0.337145 4.4506 0.0219913 0.00748284 0.0130285 0.00016881 4.70833 0.101098 2.93387 
0.86093 0.00018346 1.82366 0.0937902 0.000498421 453.892 5.57503 0.162007 0.373442 0.0853 2.82632e-05 0.160045 0.37771 0.0428316 0.000712404 22.1169 0.839075 0.112345 
0.0300824 0.00239976 0.00327638 0.000795025 0.825261 2.62713 0.0270203 0.000669482 4.26097e-05 32.5718 0.00715312 0.569781 0.060061 0.000279176 1.23782e-05 17.6287 0.000137192 1.3509 
0.00296561 0.000715406 5.73473e-05 0.00560273 0.388067 0.02559 0.0367748 4.80413e-05 0.000103855 0.705463 1.10319 24.3962 0.00143609 0.0449142 2.98486 37.0572 0.00162832 9.159 
0.00734254 0.843575 0.0119117 0.00208994 0.767113 0.0495489 0.0720918 1.00518 0.448542 32.3407 0.1414 0.0388152 1.1676 0.000196855 0.622291 13.1079 0.0026475 1.23206 
2.84522e-05 5.75081 0.20751 0.00258214 7.35318e-05 0.40692 7.17064 0.0310227 0.000723295 4.63182 1.31212e-05 0.0142696 0.000416501 0.00805191 5.59281e-05 6.79477 0.14549 1.23324 
0.655464 0.00551563 0.145553 9.32521 0.0108497 0.0763267 0.417956 1.35406e-05 0.00506376 0.0539773 0.00848198 125.542 1.53499 0.335652 2.33067 1.75999 0.000488479 0.97809 
0.0179231 2.99022e-05 0.0269123 0.000273495 0.0012109 1.07284 0.525773 0.0331837 3.22639e-05 74.007 0.000139224 15.6946 1.07283e-05 0.00243643 0.943463 17.3708 0.000149323 0.691771 
0.0050769 2.97689e-05 0.00676802 3.9863e-05 0.00177801 0.120836 0.00660162 0.656172 0.00242465 4.20479 2.79997e-05 0.651587 0.0190174 0.000253757 0.000252882 11.6639 0.000137293 3.19541 
0.0140597 0.369168 0.0012603 0.00152923 3.29965e-05 20.504 5.37221e-05 2.04161 0.544646 0.0173062 1.11118e-05 3.62476 2.62388e-05 0.0149985 1.71075 21.0199 0.00047238 1.83359 
1.47225e-05 0.000230774 0.000198265 0.000373328 0.00335396 15.9394 0.1936 0.00144738 9.38674e-05 101.364 0.00514277 0.0822832 1.99849e-05 0.0204669 7.39333 29.3015 0.000919451 0.485329 
0.00201134 0.464238 0.000374545 0.151794 0.081094 0.210216 2.3769e-05 1.65373e-05 0.000132232 106.855 1.40242 0.0191039 0.107481 6.46772e-05 0.243312 48.4563 0.000134153 4.90539 
0.00910569 0.000133641 9.29493e-05 4.02904 0.000728078 191.426 0.00921984 0.00773398 5.56314e-05 24.5837 0.000144741 0.062937 2.78544 0.421657 1.9598 3.16119 1.8033e-05 9.57014 
0.000673947 0.0555952 1.02857 1.97249 0.0162413 1.83878 1.4644 0.0473297 0.161244 0.560661 1.41619e-05 5.03657 0.0810072 0.00656394 0.805075 19.7314 1.34671e-05 3.24822 
0.992311 4.14094 0.0011666 2.11488 0.206264 0.577977 3.97419e-05 0.355241 0.000460143 179.063 0.0454698 1.11622 2.0556 0.237483 0.0267863 19.3391 3.44809 0.269569 
5.85039e-05 9.1792e-05 5.69114 8.80541e-05 0.0603817 0.0169 0.000759088 0.130015 0.000652829 0.405552 5.0067e-05 1.33047 0.344778 0.00169073 5.76341 31.0217 0.000820725 0.592261 
0.000323479 0.429193 0.0983234 0.246917 6.69621e-05 454.458 4.15857e-05 0.000194507 0.000822976 0.0169816 2.69362 0.42913 0.037198 0.0143566 0.000504425 2.67147 0.216464 7.1937 
0.08336 2.39924 3.70735e-05 0.000533275 2.40697 4.45548 0.10763 0.00346187 8.31188e-05 1.18111 0.0380857 1.1687 0.00135281 0.955916 0.209494 1.41458 1.45829 0.384378 
0.0489985 0.265143 0.0137307 1.58853 1.95169 640.577 0.00341652 3.69178 0.165444 336.886 9.43545e-05 3.2885 0.00944611 0.282196 2.79659 4.09453 0.0092847 5.62795 
0.874031 0.0315798 0.00017655 0.000584314 0.000183509 0.0169046 0.016344 0.00288989 1.95692e-05 16.1603 0.0572886 205.304 0.0732348 0.00797553 1.22693e-05 31.2449 0.57334 0.175349 
3.44582 4.10886 4.16192 0.00557793 0.170607 0.248421 0.171013 0.00613541 0.303041 0.0101592 0.000342829 2.15724 0.000422917 0.234714 0.249532 0.759621 0.303562 1.35242 
0.370825 0.00021554 0.00645509 0.326207 0.285356 0.0221599 0.00139333 0.0131358 0.0386715 1.48271 4.61152e-05 5.14919 0.000266781 0.0396175 1.94354 7.08552 0.00665083 0.735647 
1.91911 0.000442575 0.000297676 2.46739 5.6137 1710.08 2.34399e-05 0.00126545 8.37884e-05 59.5678 2.82091e-05 5.53703 6.55319 0.000222405 0.0265784 17.3869 0.288001 9.74726 
0.00528593 0.352318 0.0314497 0.000526365 0.0674259 0.144952 0.00312583 0.00646595 0.0364778 16.607 1.68114e-05 0.420189 0.317808 0.0476977 2.13965 13.1861 0.000767448 5.51305 
3.0479e-05 0.0594611 1.33168 4.01921e-05 7.77187e-05 4.05155 0.00699066 2.11228e-05 9.54032e-05 0.0909466 0.0223278 1.43488 0.0828349 0.0648442 0.000515141 8.74564 0.852509 0.151194 
0.00737664 0.0438927 7.62655 2.07741e-05 4.33689 61.9222 1.94626 0.253221 0.00134737 2.44037 1.68933 0.230563 0.00384938 0.231495 0.000493068 16.7891 5.69976 0.830893 
0.120878 2.44713e-05 0.0108576 0.849661 9.42351e-05 5.97419 0.00904026 0.00181239 0.100055 0.204609 9.04121e-05 48.3223 1.43859 0.000124322 1.38889 29.2992 0.0188302 0.159257 
1.49869e-05 0.0038606 8.33061e-05 4.18882 0.00606911 4.60939 0.00941296 0.000191145 0.00779695 64.6388 0.000204436 0.324993 4.44665 0.0181959 3.40968 46.2941 0.00294743 0.946064 
0.00192031 6.87177e-05 8.93654 1.08808 0.22731 0.872237 0.00138641 8.553 0.501095 1.70131 1.15298e-05 3.05571 0.000483673 0.000805272 0.000235931 4.19921 0.000105345 8.42743 
2.80467 0.0863116 2.34908 0.0190561 0.000119277 0.0610323 7.16888e-05 0.000655625 0.00411743 0.74747 0.00261896 0.565217 2.67376e-05 0.00944542 5.13694e-05 9.33973 0.235807 1.04365 
0.011374 0.000414111 0.39108 2.557 2.01988e-05 6.43987 0.34099 8.29572 0.434592 0.213437 0.000159953 0.02686 0.112144 8.83013e-05 0.00587838 47.4716 0.69554 0.58461 
4.69908e-05 0.0045379 3.06379e-05 1.24568e-05 5.22823e-05 2047.16 4.91835e-05 0.0377151 3.14196e-05 0.221257 0.0261369 0.0886602 0.421528 0.000206229 2.01178 5.63127 0.00162128 3.06185 
0.527152 4.57254 0.00197147 0.00850435 0.0128788 2510.75 0.000279193 2.79053e-05 0.142641 251.406 0.957022 0.0850089 0.00935007 4.43722e-05 0.262272 16.9511 0.00484221 0.74409 
2.21875e-05 0.00154238 0.138239 2.39824 1.87419 51.4474 6.75987 0.0201112 0.00469606 358.985 0.00136504 0.0488533 0.0369375 0.000214231 0.0594779 6.35382 0.0271395 3.61151 
0.168721 0.00309006 0.0010808 5.3008 0.00130421 4.30339 0.482149 1.42176 0.000286393 1.91526 0.0997351 0.0283128 0.000300437 0.00928548 0.255484 4.99404 0.194771 1.86413 
1.29493 1.43471 0.000269076 0.00404722 0.381933 289.285 0.123767 0.000198264 0.0308618 23.194 7.05671e-05 311.805 5.63574e-05 0.135515 0.00504418 0.575464 0.505197 5.20132 
6.44416e-05 8.23038 0.0015028 9.19775 0.000639904 187.619 3.63589e-05 0.000316274 0.000217685 0.0464743 0.0012339 0.443906 0.063928 0.00123253 0.0329367 20.4957 0.0306382 9.90234 
3.25271e-05 0.00593408 3.69382e-05 3.73783 5.29529 724.776 7.04543e-05 2.38702e-05 0.00100027 1.81364 0.0566951 0.459118 0.00226698 0.000265195 0.0818761 16.3621 0.00019856 2.72348 
0.0154212 1.21133 6.53844e-05 0.0339614 4.10638 2800.59 0.00629347 0.97822 0.00269706 0.0952286 0.00808941 0.075334 0.038123 0.00215345 0.434498 47.4655 0.00112181 5.68039 
0.00297779 4.06634e-05 2.36151 4.23128 0.00144739 18.9612 1.55603e-05 0.041659 0.0767709 229.246 0.00262986 16.9461 0.411136 0.000109949 1.3056e-05 34.0568 0.0481776 0.695963 
0.1937 0.0224889 0.0022341 3.59523e-05 0.00102253 311.081 1.61554 0.711022 2.8473e-05 43.7836 6.16189e-05 304.102 5.21078e-05 0.000569752 0.0155444 11.2178 0.00126506 3.79087 
1.55874e-05 0.000411278 0.00198936 4.38122 1.91056e-05 373.841 3.90767 0.000975965 0.294667 1.72658 0.12698 0.209285 0.000916883 0.000290665 1.60958 32.9488 0.000643933 1.31733 
8.59152e-05 1.39555 0.0137099 0.238556 0.0427482 3.30949 0.00165703 0.378844 0.00609208 317.234 0.0705723 345.762 0.000223128 0.00239109 0.0015544 3.95224 0.0760734 5.75653 
0.000128869 0.020477 0.44378 0.00122202 0.0121244 0.012195 0.250696 2.99017e-05 0.000871881 366.196 3.30664 264.2 0.00744219 0.0162189 0.073446 8.26984 0.000343217 4.93965 
0.0849743 8.44626e-05 0.00864432 0.000410263 4.49371e-05 5.8795 0.000293206 3.08178e-05 7.24253e-05 430.381 0.0105029 216.758 0.0368831 2.62367e-05 0.00323406 22.6841 0.000580272 0.373886 
9.39697e-05 0.973588 0.0166429 1.12691e-05 0.000549183 67.5651 0.000357734 6.49639 0.0138875 5.94871 0.0077141 1.45428 0.277254 0.00634685 0.000228598 3.31477 2.37697e-05 6.12316 
0.00275029 1.24682e-05 0.00304432 0.100022 0.258395 2091.51 3.05331 0.00830948 0.0465242 31.6908 0.000128126 0.0280355 0.00040661 0.0222811 0.268777 3.15892 0.00550871 6.91163 
0.263749 0.0123432 1.60652 7.95989e-05 0.00885269 1.8885 0.862683 0.000249919 0.19853 40.8407 0.0132689 27.2375 0.494376 0.143314 0.189138 4.50189 0.366788 1.6941 
5.91075e-05 0.00155847 6.92599e-05 0.000337262 1.82244 0.0103875 2.3135 0.0508457 0.000150104 9.85485 0.583753 0.0175485 1.68062e-05 0.178059 0.204614 48.6678 0.683605 0.0202051 
0.00163482 0.000260509 1.38009e-05 0.0583456 2.63488e-05 2651.19 0.0332331 2.44413 2.70419e-05 0.413399 0.682774 0.691111 0.00470763 0.000160259 0.00285192 11.2532 0.0460991 9.7254 
0.000127363 0.000346193 0.00126009 0.00903917 0.00199526 23.8967 0.0734903 2.11571e-05 3.15814e-05 432.88 0.0557658 0.023678 0.000433677 0.0617471 1.9269e-05 8.66917 0.566588 0.828031 
5.88984e-05 4.43048e-05 0.000113239 0.116965 0.00024064 26.1911 0.11796 0.190599 0.246978 0.0938715 5.32826 0.132399 0.000457522 0.515979 2.01733 1.55378 0.000159523 1.38102 
4.12523 0.00125015 0.0538212 3.842e-05 9.48418e-05 699.646 4.00293 5.56762e-05 0.00100142 81.7322 0.00075587 28.0335 0.0559537 0.000698794 0.000979293 6.2533 0.0379475 9.76825 
0.0170859 0.00121899 0.00109122 0.023108 0.761042 2.03443 4.58256 4.51964e-05 0.000155436 28.0041 1.47724 0.055043 9.0507e-05 0.00731925 0.0055214 13.4499 2.0044 3.34395 
0.00918414 1.01871 0.00421196 0.000635701 0.0725178 2383.72 9.21434 0.00400052 0.0203806 2.72956 0.114017 41.524 4.41564e-05 0.116243 2.16633 5.32329 0.329574 1.09829 
0.103175 8.51841 0.491089 0.171407 1.61821 19.6608 0.00527135 0.228852 0.0386999 196.758 0.000113474 0.545093 0.38831 9.37127e-05 2.27918e-05 7.55344 0.00063457 2.23315 
0.016798 0.0123545 1.47714e-05 0.00371686 0.00366491 273.263 0.00465709 3.16614e-05 1.07076e-05 75.3616 0.000108035 35.072 0.301086 0.00160439 4.63395 29.2324 0.051776 3.64099 
0.114968 6.64845e-05 2.09474e-05 0.368336 0.00218945 44.9634 2.12799 0.0031927 0.000667724 1.14627 0.0170467 24.3484 0.01154 3.4691e-05 0.0793917 31.5895 0.000258689 0.778879 
0.00051283 3.98792e-05 0.712966 0.0413735 0.000186235 0.0589664 0.0201076 0.000127546 0.0252261 0.173834 0.0251862 0.0447096 1.13932 1.20484e-05 3.20264 40.2761 0.000334947 4.77044 
6.32935 0.00356691 0.00042098 0.000490044 0.00714537 921.756 0.830133 2.36456e-05 0.00215739 12.9589 0.01671 235.914 0.530915 0.000347322 1.068 6.30242 0.000411954 4.53453 
0.0177474 2.41302e-05 4.60994e-05 0.179689 0.000930508 59.4538 0.0256581 0.000976219 0.483585 0.0699248 0.472222 0.155914 1.72543 2.22813e-05 1.30659e-05 0.94404 1.73261 1.44977 
1.92952e-05 0.0012142 0.000124231 0.042138 9.03855e-05 774.696 0.000480714 0.0242049 0.0429423 0.800739 0.418105 0.211435 0.229025 6.17813e-05 1.16199 17.443 0.0180594 4.83448 
6.66324e-05 0.000327358 0.233877 8.04886e-05 6.69408 763.944 0.256127 0.200429 1.32349e-05 0.199712 1.994e-05 0.299064 0.501354 0.000394616 0.000117717 9.48017 0.0774593 3.65606 
0.00238887 1.03839 3.98699e-05 0.00450486 0.000803576 17.813 0.142272 0.000188148 1.60346e-05 16.6089 0.00409276 0.0324935 8.76071 7.76652e-05 2.18805e-05 2.9867 0.0295668 4.49841 
1.35788e-05 1.72672e-05 0.00381985 8.74602e-05 5.06863e-05 42.2391 0.000467869 0.0362108 0.184715 87.2044 7.41308e-05 6.56356 0.000807775 0.000166694 0.198539 28.9327 0.0273004 1.92109 
6.6923e-05 1.11011e-05 2.34988 5.06794e-05 0.00103082 0.0269106 0.668595 1.10317 0.00020142 0.145504 0.000120547 0.294008 0.000196412 0.00099779 0.0168782 5.43895 0.00186447 4.07418 
0.00320696 0.0191247 0.0245631 4.62624 0.255476 10.1555 0.000148122 0.00256398 0.497405 0.788542 1.6761e-05 0.0411308 0.0363013 0.846367 0.578313 4.13036 0.858737 7.3228 
0.0305878 0.000221569 0.000581937 0.970845 7.98517e-05 56.1632 2.87977 0.00295416 4.27383e-05 1.76615 0.0138831 115.616 0.182505 0.000226126 0.462496 38.1945 0.0357209 0.26862 
0.00115996 0.00380898 0.220551 2.17243e-05 0.0326307 634.251 1.12018 0.0868195 0.0340556 377.452 9.75695 8.50663 1.76367 0.260549 1.45729 1.62397 0.00230395 5.8588 
0.0201488 3.87152e-05 0.545956 1.85433 0.742509 3.53633 5.81994 0.97009 0.000115964 3.55469 0.00274524 0.536964 0.264866 0.418778 7.65279 1.32716 0.00216746 8.65542 
0.471015 0.00137417 0.00101013 0.000109099 0.001282 141.654 2.24986e-05 0.0185675 0.194867 2.38166 4.85952e-05 1.3304 0.000233714 0.121697 9.82704 21.2596 4.47247e-05 0.253844 
6.40574e-05 0.245383 0.135001 0.0399859 4.51441 23.82 0.000391603 0.000756831 0.000135404 97.1887 0.00243494 7.80643 0.00293659 0.00407671 2.43541 28.8515 0.0143646 0.338675 
0.000551344 0.000169414 0.659392 0.000449686 0.0062024 25.9 0.0394386 0.00206945 0.000849878 2.81612 0.000203241 1.97526 0.0706658 0.00336637 2.94555 21.5718 0.50199 9.59689 
0.00238351 1.69625e-05 0.0192133 0.0182079 1.70871 0.264865 4.78692e-05 0.0561042 7.55739e-05 271.264 0.000112698 0.149441 5.7299e-05 0.000739088 0.145224 8.04785 0.000632352 7.67199 
6.29925 1.96543e-05 9.27886 0.04349 0.000511004 0.130218 0.925534 0.0320902 0.000216698 0.413946 4.25147e-05 310.408 0.000103156 0.00246074 0.692971 29.5725 0.003897 4.68773 
8.38236e-05 0.000139777 5.2105 0.165376 0.0125819 1.54201 0.00437126 2.90359e-05 3.52816e-05 2.79307 2.82681 0.0158487 0.0173699 0.0442629 7.3978 33.2982 0.00395343 1.69747 
0.000145148 0.228711 1.55033e-05 0.0694233 0.796683 1136.16 0.562311 5.14127e-05 0.00276924 16.7773 2.49854 0.15192 0.00470951 0.0187899 2.40851 30.3776 0.00218658 2.08818 
8.67633e-05 0.000223749 0.000265856 0.142693 0.00623754 4.72661 0.000533383 0.00197044 0.000165957 55.7364 0.0215845 0.684247 6.73192 0.317015 2.387 1.00053 0.100252 6.27501 
9.62464 1.28169e-05 5.67264e-05 0.0169017 0.00592529 410.838 0.00029727 5.54519 0.00205477 0.260553 0.000180356 0.353977 1.15173e-05 0.0036399 4.30755e-05 24.1572 0.214987 1.07919 
1.24887e-05 0.00625791 0.00430158 0.0278389 0.220648 39.3115 2.20318e-05 0.000539795 0.000504432 0.529791 0.297609 0.0248886 1.96318e-05 0.000140229 2.1148 15.6709 1.74754e-05 7.13983 
0.228539 2.76907 0.0221364 0.00017507 1.61596 716.057 1.09089 9.83983e-05 0.257759 94.1171 1.00426 0.0871509 0.00668127 0.125184 2.69938 8.40764 2.00241e-05 0.974669 
2.33147 0.00583183 0.0441444 3.67427 0.000123013 1.78927 0.000722887 0.00525551 0.00589066 8.71976 0.000542263 0.18492 0.000892486 0.000422597 3.89139e-05 17.3579 0.00784322 6.03592 
0.210408 0.261327 5.75836e-05 3.57027 0.423815 0.025173 4.39484 1.68444e-05 0.733549 1.1466 0.80892 0.0111394 1.99082 0.000348319 7.90077 9.40478 3.21265e-05 1.47891 
4.84961 0.0185359 0.0110859 0.00588003 3.12331 2.27043 9.94178 0.00543986 0.00420797 0.706343 0.149745 3.49825 0.00012084 0.00316867 3.44356e-05 45.2377 0.360953 0.197754 
0.000797011 0.000653616 0.00170612 2.0815 1.94453e-05 154.799 1.55052e-05 1.31358e-05 0.000252005 0.85353 0.0606202 43.405 0.0628279 5.41736e-05 0.752252 17.6872 0.000187697 9.01612 
0.000318648 0.112984 0.000251231 1.31106 0.00454045 0.19176 3.91273e-05 0.0104502 0.412815 0.282019 0.000106714 5.87895 0.0592359 0.525669 1.34179e-05 2.933 0.903867 0.364246 
2.49591e-05 0.000288206 0.0813983 0.0120505 0.000748768 108.755 0.33838 1.32003 0.00049951 4.06354 0.000293675 3.50617 0.238584 0.000436474 1.32694 41.1942 0.0114105 0.188373 
1.55099e-05 2.36918 0.000514897 0.10789 0.0016834 3.08956 0.42789 1.74256e-05 0.00123456 202.606 6.73057e-05 11.5951 0.000129956 0.0129606 0.333278 5.21924 1.20938e-05 4.16061 
0.0691427 5.03986e-05 0.0956447 0.586027 7.26658e-05 553.469 0.0253322 2.03545 0.0117043 0.0643954 8.99688 97.6537 0.0139277 1.88495e-05 0.44721 0.418713 0.0553863 0.802805 
1.35512e-05 0.367073 0.00105264 0.000444482 1.16684 0.0607804 0.0313004 0.00476345 0.17179 141.614 0.137621 4.79206 0.781874 0.232835 0.0148304 0.815916 1.31459 6.43034 
0.000759466 0.000504262 2.61835 1.44998e-05 6.00348e-05 3.47356 0.00270338 0.109467 0.0121733 2.1954 0.0574225 20.7038 0.330342 0.00754253 2.72116 7.81586 0.171825 0.208415 
0.119887 0.015472 2.12051 2.40979 0.0322225 10.3673 2.9937 4.72836 0.416256 97.1163 1.03687 32.6787 5.83163e-05 0.0377865 7.13259 24.5551 0.000125256 2.81509 
0.0215959 6.42385 0.000451905 4.68584 0.0328613 1539.15 2.09176 1.57025e-05 0.668184 3.82542 5.90569e-05 0.0590668 0.0282857 3.97987e-05 0.00213693 28.2689 0.0328813 3.4691 
0.0953831 5.18206 6.84414 0.000657674 0.188802 11.6405 1.38935 4.39579 0.147813 4.70644 1.59095e-05 0.0861693 0.790514 0.143159 2.81341 4.13197 8.77325e-05 1.04757 
0.369281 0.0103575 0.0137536 5.81467 0.00471371 272.401 0.00559652 0.130314 4.39153e-05 0.222698 0.0653385 20.7833 0.0209735 6.88352e-05 3.7991e-05 8.048 0.00570895 5.62587 
0.000189158 5.10338 0.00231254 5.74206e-05 0.00552178 800.188 0.26322 0.000131116 0.0646371 0.305559 0.000349572 14.6517 0.190787 0.0105202 7.57213 34.3798 0.000281632 1.23445 
0.39182 0.0481011 2.25761 0.044314 0.0347368 0.0550996 0.00367751 0.000635876 0.000192212 0.738715 7.32731e-05 0.0685913 0.0277481 0.00379744 0.385329 20.3125 5.11307e-05 0.685454 
0.000159722 0.000262157 0.000339911 0.0115968 0.0358388 0.0578212 0.00010273 7.11811e-05 7.01812e-05 19.9731 0.22931 256.145 0.000701525 0.0079368 2.32077 30.6227 1.28327e-05 2.40573 
0.0108752 0.00124883 0.0789989 1.54992e-05 0.523603 0.845373 1.4315e-05 1.08328e-05 4.0825e-05 150.936 2.78503e-05 0.0119801 1.18186 0.000118202 1.40654 18.8265 0.00150065 9.28338 
1.80686 0.747876 0.072547 0.323653 0.000287967 190.65 0.0132612 0.000105998 0.095167 5.44977 0.0115096 1.94944 0.00558325 0.207363 2.36419 1.89048 3.41668e-05 3.74628 
0.000137019 0.000212318 0.269676 0.378705 0.00282999 1.68505 2.16287e-05 0.00349181 0.000710384 29.3907 0.00402503 1.0848 0.217076 0.00427394 0.0660462 6.05727 0.19716 9.52089 
0.00417798 8.31202e-05 1.3313 0.000266834 0.000139126 0.859247 5.6244 0.0729219 2.65156e-05 0.58991 0.00308021 399.399 8.63359 0.00167813 0.000609998 0.878429 0.338683 2.91532 
0.23512 0.00074771 0.017731 0.114122 0.709451 2865 4.64061e-05 9.58787 2.53516e-05 0.100571 3.80053e-05 10.3592 0.00242241 0.00088979 0.133679 11.3576 0.00232433 3.20844 
0.000716632 0.0155217 0.0152265 3.62854e-05 0.0852575 181.905 3.58887e-05 0.203764 0.00523438 7.46155 0.000168459 0.305375 4.25513e-05 0.00516153 1.53097 33.8695 1.57546 4.59535 
0.0787677 0.000449072 7.21513 0.000146112 0.136856 182.532 1.55946 2.4983e-05 0.00757037 8.95187 0.0125749 1.03214 0.0233181 0.186267 0.0310157 1.20838 1.15848 1.74741 
0.00185392 3.88165 0.00126182 0.0475983 0.00492861 1.6378 0.000752931 0.000351962 0.0216434 7.50613 0.00591079 16.6995 0.0389622 0.0427004 0.613215 10.0185 0.000110002 0.510499 
0.000234068 0.521538 0.190088 3.84198 0.0603169 0.0574879 0.00027125 1.04948e-05 0.00695419 10.4458 0.00203543 6.96112 0.000297622 0.0002386 0.605591 10.3783 2.15239e-05 5.05036 
0.00809096 0.204936 0.0911396 0.000622861 0.00634015 2390.27 0.0015605 0.556987 0.000554648 0.25367 9.70595e-05 2.09558 0.0125011 0.567938 5.12244 1.88111 0.0017501 1.36112 
0.000268147 3.46846 0.0218244 6.15718 3.64131 71.1671 1.8243 0.00138365 0.0129087 3.8725 0.00783646 0.0135967 0.00192282 0.0013856 2.15727e-05 9.19884 0.000150861 9.05258 
0.31705 0.000563048 0.00940821 5.63436e-05 0.000238859 57.9594 0.00169793 5.02901e-05 1.04056e-05 0.0237021 0.0156798 0.078366 0.00360862 0.407927 4.68473 1.59491 1.71641e-05 4.69905 
0.42443 2.26052e-05 0.139102 0.357945 0.062101 0.641124 0.0197884 0.000249732 0.00133842 23.6833 2.89458e-05 0.0313834 0.000197898 0.00903723 0.104916 7.36657 0.00770291 4.40855 
0.036201 0.000205213 1.57942e-05 0.0184127 0.0234946 0.0670484 0.000121161 0.136664 0.0240086 40.7407 0.0641914 4.42444 0.0714898 1.2379e-05 0.00763455 24.3104 1.23685e-05 2.83885 
0.140955 0.0126685 0.00385475 0.0314428 0.000427349 132.299 0.000973732 0.000185773 5.33109e-05 111.585 2.03241e-05 0.435693 0.062409 0.000862589 0.115682 24.8905 0.639639 3.90684 
0.246178 0.000115214 0.000434805 0.868238 0.00347091 217.498 0.00228807 4.72656 0.0473156 0.140783 0.00045789 106.022 0.000110177 0.000154279 0.00161889 43.393 0.658973 1.61897 
0.00174654 9.25888e-05 0.000600999 1.04127 0.00228315 14.3564 1.99625 9.09357e-05 0.0270692 0.0221637 0.0015668 25.9687 2.31035e-05 0.0069866 0.127522 4.642 0.0514739 6.23254 
0.00223843 0.000311258 0.001128 0.13368 0.00898533 0.758785 0.00680661 0.0501602 3.82785e-05 0.32906 5.69549e-05 0.0382842 0.727978 0.000596775 1.16639 16.2701 0.000305662 2.53797 
0.108447 1.78909 0.0218856 5.03387 0.000262617 25.3588 0.120967 0.0102161 0.00136499 4.6856 0.0103456 0.0694331 0.0163334 0.367795 3.49828 5.45479 0.0770589 0.396751 
0.00204457 2.46191e-05 0.0301949 3.66514e-05 0.000468661 0.0103841 0.00118531 0.0837964 0.0114392 288.494 4.97523e-05 2.80746 0.000684568 0.0164439 1.15917 8.69064 2.28802e-05 3.70697 
0.000466492 0.481641 5.67189 1.32702 1.11463 16.4892 0.00204832 0.000151379 0.0279701 0.0130971 4.07498e-05 7.0469 0.0450925 0.00336661 0.11531 8.13444 0.0336453 7.22469 
0.0318747 8.88835 2.57697 9.04173 2.47785e-05 23.7329 8.95465 0.00954326 1.94993e-05 129.002 0.440618 0.241741 0.000393903 0.00172526 4.0128 13.5208 0.00607097 6.16697 
0.000134468 0.25906 0.0301182 0.00774143 0.00039453 128.584 0.00192433 0.0566129 1.50375e-05 0.07638 0.000294409 0.844526 0.000817266 0.0543015 0.00305668 1.06774 0.379314 8.42577 
0.00889376 0.301812 1.59325e-05 0.00851166 0.245661 0.173237 0.310552 0.794039 1.17054e-05 32.7437 1.91964 0.0143909 0.00246195 0.0164664 0.000564757 4.63755 0.142529 3.11247 
0.000654218 7.14698 5.48234e-05 0.000103019 0.000197668 0.0109516 0.0457072 0.000629871 0.0604534 0.345905 0.488115 0.179918 0.00249939 0.430321 3.67673e-05 3.03395 1.63378 1.97252 
0.00755053 0.00124643 0.000285693 1.05707e-05 0.013957 461.163 0.282448 0.000369646 0.00342154 1.62641 0.000656002 0.0103929 1.58583e-05 0.00238484 1.50121e-05 9.46555 0.120506 8.44166 
0.0517586 3.82815 4.44545e-05 0.472223 1.04264 15.1399 2.09358 0.000297672 0.0211364 0.667794 0.00294597 23.7667 0.000132317 0.00561115 0.000205478 7.1912 0.872449 3.41999 
2.54209e-05 0.00458103 0.000122873 4.30435 0.0218608 519.318 0.000667639 0.0522064 0.544267 13.8627 0.00283631 195.552 0.00526753 0.0585096 2.31224 0.202488 0.00236142 3.53423 
0.00358886 0.0001042 0.0177874 0.0100967 0.000140966 0.0110665 1.19655 4.96393 0.0323039 7.49758 0.0179087 277.896 0.00105432 0.00514989 1.57325 5.61784 0.000210061 0.111735 
0.323277 0.162971 3.44426 0.00540873 0.0141233 3.09002 0.000265443 0.253189 9.62759e-05 3.65678 5.96833 18.4432 0.000990365 0.00013634 0.768005 20.0325 0.00114928 0.964586 
4.2785 0.000100728 0.00345063 0.0111689 0.190998 83.463 4.62351e-05 4.15295 0.0441352 0.282428 7.01673e-05 77.359 1.19121e-05 0.0403253 0.0121689 4.07971 2.00859 6.53531 
1.81667 0.116979 2.67556e-05 0.00252987 0.00968684 0.0261074 4.87375e-05 0.10307 6.27979e-05 314.154 0.0399988 81.9529 0.000585258 0.000731357 3.30271 17.675 0.00163281 3.61183 
0.0311868 3.3348 1.77222 0.00626048 0.211924 0.0308766 6.33256e-05 0.626258 0.000108075 1.11958 0.000818484 0.418455 0.00878081 0.152205 5.3766 3.20176 1.0298e-05 1.8809 
2.11189 0.00114063 9.49755e-05 9.56788 0.0458109 9.81303 0.122588 7.58067e-05 0.00270694 0.0217513 1.46113e-05 0.108099 3.71407e-05 0.0984866 0.0233758 14.5401 1.82663 3.73415 
9.59319e-05 0.000564284 7.85464e-05 0.000278889 1.09283e-05 4.1766 9.68177 0.000424085 0.000378302 1.30163 0.00327481 0.0149152 6.13087 1.23268e-05 2.15865 27.7442 0.00102197 8.3504 
0.000254099 8.8998 0.000223206 1.91752 0.152297 7.13099 0.972233 3.33436e-05 0.0756141 1.01872 1.30336e-05 93.8342 6.49818e-05 0.0038309 0.000630783 11.1705 0.497712 2.0886 
0.000875396 0.0031661 1.46156 0.0219294 6.1356e-05 82.429 4.80623e-05 1.38766e-05 1.11269e-05 7.8095 1.94164 1.13175 6.43148e-05 0.030209 4.77014 45.7506 0.043809 0.406452 
0.0360061 3.56476e-05 0.615008 0.000224345 3.76831 0.700265 0.0021463 1.2849e-05 0.0617393 0.0688339 0.00109113 15.1679 0.00314299 0.000158962 1.45518 45.5347 0.00039836 4.76652 
5.36414 0.000346718 0.0519428 0.424228 5.74814 0.684675 0.00814196 8.42808e-05 1.93355e-05 2.91394 0.000328945 10.3914 0.000146269 0.00328043 2.60999 16.5642 2.52057e-05 3.1398 
0.000151176 0.000291848 1.59048 0.0132764 3.51679 1.0963 0.133322 1.7865 0.000447327 0.649397 0.0192059 242.769 5.03121 0.00019519 5.39632e-05 1.27934 0.534686 1.47385 
0.00323218 2.0339 0.111969 0.178789 0.135135 0.0313256 6.62618e-05 0.733381 3.77047e-05 0.0774327 0.0153388 152.481 0.0231582 0.0979884 1.55996 2.47829 0.00364391 9.30007 
0.052771 0.000136929 0.379666 0.478976 2.55996 235.147 0.376758 0.000755609 1.99377e-05 1.79854 4.06336e-05 341.239 1.67511 0.00735849 0.086254 11.6106 0.18133 1.4767 
0.000184113 0.492548 0.000899898 0.00142833 0.000422148 0.0466549 7.44884e-05 3.67505e-05 0.000100102 208.903 1.0541 2.80466 0.000336947 0.0315233 0.365915 3.50585 0.00257662 4.93635 
0.173101 2.16283 0.0230348 4.30503e-05 0.0711963 0.0919769 0.00482248 4.77558e-05 0.511157 100.471 0.8146 0.287851 6.39656 0.00210587 0.385473 2.9982 0.210529 0.95696 
0.00480104 1.14504e-05 8.66144e-05 0.0533232 0.00130001 0.0103485 1.11523 0.0199362 0.000148281 0.0109187 0.27165 0.151445 0.00967311 0.127559 4.22678 13.6644 0.035231 0.279213 
0.00942681 0.00327273 0.0246528 0.000222758 0.00604606 7.49864 0.0864278 0.0307901 0.000112509 286.817 1.83984 0.425317 2.71451 0.967034 7.44559e-05 0.279706 0.83887 1.61038 
1.73652 3.77127 0.00643686 8.64837e-05 0.00028336 0.0356229 0.0403547 0.0218467 4.53535e-05 1.79732 2.81526e-05 0.031226 0.00111332 0.000822867 0.68422 35.4645 0.000814335 1.0517 
0.000232755 0.109454 0.00107148 7.32066e-05 7.56564 15.5332 3.19513e-05 4.18561 0.000311774 0.0564602 6.73652 0.12609 0.00364172 0.0468448 0.313512 3.49235 0.000119254 9.89436 
0.000572187 0.0884387 2.78674 0.0102226 0.0884598 240.433 0.197076 0.000866644 0.00174401 277.524 1.32856 0.0386422 0.00352185 0.141538 1.14901 2.74753 0.00176659 5.23128 
0.0916797 0.237411 0.296929 0.000456806 0.0891301 232.347 3.51122 0.000135539 0.0164029 11.4718 0.000155932 15.6461 4.78578 0.000371523 0.0139316 29.6816 1.32124 4.27936 
0.108636 0.555161 5.2244 1.96743e-05 0.354498 1725.32 0.000129279 8.77443 0.000175346 0.180523 0.000175341 1.48853 0.000256659 0.000139269 0.000193768 25.0362 0.775277 6.09664 
0.114594 1.14814 2.36369e-05 0.0741522 0.000187372 0.370171 0.56928 0.0207091 2.37443e-05 4.55657 0.0125799 0.636795 0.0338138 0.00161752 9.83875e-05 13.2699 0.218587 0.798941 
0.00626597 0.841261 0.0114888 0.146128 1.68814e-05 0.0328268 0.00692743 0.0153408 0.0737604 250.383 1.84092 0.123511 0.00537581 0.0129859 0.199012 8.67944 0.355701 5.79861 
4.0275e-05 5.53485 0.000919459 2.6262 0.0154407 5.58976 5.97536e-05 0.444346 0.6669 67.2036 0.0129677 0.014111 0.240321 0.00090627 0.502503 17.6642 0.0359019 1.85293 
0.405998 0.0115211 0.000650941 4.49134e-05 0.198647 0.0364537 0.00576589 0.0041936 0.000986544 0.0803611 0.000415545 11.3286 0.038621 0.0417397 1.57314 5.52979 0.0728831 2.24795 
0.177194 0.514022 0.00304379 9.50608e-05 0.423865 2966.47 0.000228686 0.00120997 0.000266316 12.284 2.98356 0.0102053 4.29945e-05 0.000111153 0.773663 27.8491 0.00101041 1.38526 
0.880267 0.00252109 1.82691 0.502819 0.00899491 0.410576 9.43508e-05 0.000455807 0.000197511 34.7061 5.31004e-05 174.331 0.0129053 0.202079 1.77954e-05 2.41586 0.940068 6.31401 
3.64972e-05 0.000827907 0.00229784 0.0230407 3.30444 0.101502 0.786711 3.65426e-05 3.00885e-05 1.46579 0.00395897 14.0749 0.0041697 0.000764662 0.412118 10.444 0.0006346 7.95325 
7.44674e-05 0.00087046 1.20229 0.0236401 0.238234 932.551 0.160695 2.42964e-05 0.00123837 1.32665 0.00964254 7.83027 7.93461e-05 0.014282 2.14612 11.6171 0.217874 2.23502 
0.0214648 0.0944749 0.00348862 1.5681e-05 0.718049 40.9909 0.000119644 1.90184 0.00480418 0.227833 0.00145242 2.79755 2.51517 0.00208549 2.61266 15.7028 0.0368619 3.15325 
1.2202e-05 0.00222775 2.13279e-05 4.59933 8.90085 13.772 0.350413 0.00022674 1.80534e-05 5.9769 2.93099e-05 480.833 2.78994e-05 7.07684e-05 0.0252512 44.5659 0.00570425 6.9271 
0.000171301 1.46373 1.08039 0.000196513 1.78729e-05 1227.61 0.00131924 0.00914052 0.000172994 2.24361 0.000420423 0.13233 0.00293227 0.000496054 0.0115747 13.0271 0.000210299 6.21514 
1.29834 0.0115375 0.0636771 0.00287736 1.24461 1.91564 0.787513 0.0115584 0.00334381 344.952 0.186552 15.4506 0.000152954 0.0183642 8.81357 42.6706 8.43012e-05 0.992346 
0.00164429 0.0727508 0.00212868 0.112289 1.17842e-05 67.4534 0.930296 1.09168 0.70592 141.007 9.62314e-05 42.8116 0.000219202 0.804979 1.9168 0.928731 0.0609203 2.14696 
0.673256 0.0262107 0.000489153 0.0040794 0.022321 1121.12 0.00555093 0.00195655 7.2759e-05 317.561 0.630109 45.0575 0.00330843 0.166131 7.76923 5.38521 1.24275e-05 8.23639 
3.81393 0.000211752 0.0011078 4.96921e-05 0.172867 50.0242 0.00105379 0.105955 1.74197e-05 0.0107136 7.51025 0.421349 0.000337747 0.209363 3.08809 6.07323 4.00367e-05 5.33196 
8.69317e-05 0.773307 1.21533e-05 0.00590354 0.00115836 0.0121853 0.150512 3.56232e-05 0.000210486 1.3228 0.107254 300.287 4.8392e-05 0.309244 0.00271149 1.46649 0.880289 1.99557 
9.97068 0.0124909 6.30673e-05 1.24575e-05 2.44206 0.0736473 0.244524 0.0483949 0.327452 0.0535111 4.77731e-05 2.82113 0.506337 0.0782747 0.00812478 38.3567 4.88974 8.3449 
2.16447e-05 0.000687031 0.621467 0.00151871 4.09733e-05 0.0612856 0.964008 0.000116703 0.0929415 0.156522 2.397 0.09236 1.21887 0.000160222 9.51278 2.24267 0.000754171 3.13439 
2.75086e-05 3.11427 0.00896207 0.60059 0.000154503 0.51145 0.0857589 0.0172344 8.94152e-05 4.93109 2.11979e-05 1.06594 3.25438 0.825767 0.0649791 0.343566 1.72304 8.36321 
0.00962702 6.97088 0.000121203 5.81649 8.84027e-05 0.0486998 9.23023e-05 8.83597 1.25216e-05 0.0174344 0.130594 64.1167 0.00694399 0.000830301 0.790934 31.2264 6.79493e-05 1.12097 
9.15281 0.0967997 2.30677e-05 0.451901 0.000102838 62.187 0.37027 0.19553 0.0348607 29.7675 0.000118825 0.0706512 0.409554 0.000165454 0.0519674 17.5842 3.35054e-05 8.3491 
0.00719376 0.00162204 0.000812214 0.0531889 0.000109545 783.71 0.00834223 1.61129 6.36023e-05 2.67332 4.4686e-05 5.61152 0.0173783 0.298595 0.0582961 20.6779 4.39765 2.79837 
0.000680635 0.00706715 0.35284 5.46287e-05 0.00890076 27.5953 0.072766 4.42138 6.4358e-05 5.30527 0.00075143 18.2558 0.0286136 0.00375228 3.03106 12.4475 0.059693 9.10451 
0.00105901 2.83568e-05 0.234369 0.0339869 0.00610836 1242.32 0.000545325 0.00524376 0.00105416 15.7665 0.172841 0.440744 0.0233367 0.0070503 1.01488 7.22419 1.45719e-05 8.26823 
2.772 2.27367e-05 0.00557247 0.00680198 0.598959 14.8425 0.00120867 0.00793223 0.079505 0.317557 0.00113429 1.10412 0.00399966 0.362091 0.0199216 0.542484 1.01884 5.98815 
3.15177e-05 0.00101793 0.140481 0.000263642 0.00145042 0.174773 4.04201e-05 0.0193073 0.00410109 0.0776311 0.00501554 0.106587 0.0403477 0.000647551 1.24826 30.6634 7.35925e-05 4.17684 
0.000119597 0.000154451 4.47508e-05 0.0886137 1.23434e-05 8.96724 0.000256438 0.0903205 0.00443429 0.0145283 0.277238 0.176513 0.0187503 0.0289078 1.772e-05 4.59158 0.705346 1.40633 
0.00177797 6.45743e-05 0.0309132 0.0381359 4.39703 104.85 6.13969e-05 2.77518e-05 4.33335e-05 1.3824 0.00053697 2.00679 0.000694157 0.00563495 6.99122 28.4585 2.33808e-05 3.45011 
8.96163 0.420081 0.00046625 7.39542 0.127494 2.07932 0.778395 5.50679 0.0662716 0.0172447 0.0664471 0.148089 0.00622498 0.0110986 2.79679 9.42991 0.035072 7.07633 
0.953486 0.017399 0.000153554 2.97169e-05 0.000493095 62.0637 0.192058 4.29244 0.799786 0.124601 4.33391e-05 11.973 5.33089 0.0130715 0.227823 5.90047 0.00979285 3.98903 
0.00148137 9.41559 2.94888e-05 0.0941562 0.00249846 280.316 0.32509 0.00260142 0.0103506 0.320358 0.240547 0.385194 0.000924721 0.00685304 1.72648e-05 4.19647 0.346873 8.64225 
6.87941e-05 0.0445613 0.000165555 0.354192 0.000100049 0.121189 9.43776 9.60654 0.11298 116.9 0.000705271 14.5304 0.00390658 0.00478237 6.36932 41.4417 0.000739425 2.20554 
0.000119007 0.129491 0.237292 1.13335e-05 0.000559043 0.011068 1.44282e-05 0.00124228 4.67928e-05 3.55784 0.246051 0.018776 4.25146e-05 0.00343075 2.52643 30.175 0.00197452 6.011 
2.0201e-05 0.00086513 0.000658575 0.613216 3.77861e-05 13.2735 4.4057 0.509628 0.0368695 363.042 0.018036 0.0192977 8.51136 0.0590342 0.00146203 8.76554 0.885732 6.54385 
0.40544 0.0238396 0.00153101 5.65962 0.000331887 6.36669 0.000421182 0.00133038 3.66981e-05 0.276306 0.00104762 43.184 0.000373056 0.0342224 1.20967 7.84051 0.000140298 8.45462 
4.37284e-05 5.54244 0.0301796 1.32548e-05 0.326206 0.438551 8.58498 0.000161411 1.37346e-05 11.5841 0.434628 0.394357 0.0475828 0.00231534 0.10394 43.5588 0.213475 0.228015 
8.1557 0.0023054 0.583812 0.000261666 8.9068 19.2701 0.000116587 0.00010339 0.000202633 3.14122 6.55922e-05 0.551957 0.0101629 0.0176848 1.43803 7.57891 0.01293 5.04249 
0.00252263 8.16414 0.0378876 2.03321 0.387785 0.152629 0.0137902 0.000746598 0.00760696 0.175069 0.000796461 14.2507 0.0016729 0.34746 2.91505e-05 4.25978 2.32629 0.538331 
0.376923 1.7476 0.0074686 4.91052e-05 0.00254341 0.187945 0.286232 0.0339101 0.000616573 0.0509066 6.88026e-05 1.77254 0.00111397 0.000989164 0.000211773 13.6059 0.101899 5.98406 
0.00137384 0.000389413 0.00272852 0.00776711 0.0139818 5.50555 0.00119433 0.483483 0.00254226 6.42005 0.000706511 0.916983 1.39235 0.0081083 4.70471 40.8983 0.000733126 0.330183 
0.00126043 0.166582 0.111119 0.00214718 3.7471e-05 1.3576 5.87148e-05 1.13874 6.53355e-05 1.24298 6.70266 0.0187935 0.000979789 0.000214149 0.762777 37.3674 0.00204673 2.31991 
0.120766 1.7028 0.184706 0.00048515 0.0681724 748.605 0.174447 0.29119 0.0535473 149.351 0.00120859 0.0203219 0.000310292 0.025407 0.951701 20.6233 0.0523762 7.7943 
4.59178 1.3783e-05 1.47132e-05 0.00239025 0.398438 236.38 0.0021617 0.000839953 0.00188242 0.272081 0.788745 4.63162 2.25365 0.0962716 0.0081976 5.59602 2.53244 0.92097 
0.497993 6.31252e-05 0.00147813 8.27036 1.38522 1.31356 0.00260397 0.734675 0.000957553 0.0641215 0.0014163 0.344165 0.0072364 0.0048345 1.21148e-05 35.4891 0.801129 3.23822 
0.0902833 1.05655e-05 0.107687 0.000483053 0.0513824 0.0131751 0.00792527 0.000192447 0.0132644 159.955 4.0058e-05 54.7604 0.0158188 0.000640418 0.198631 10.792 0.143134 3.78502 
3.96348e-05 0.000573892 2.47936 0.000136775 1.44646 1.59219 3.08733e-05 1.23245 0.0020957 2.83583 4.01445 13.7179 3.76318e-05 0.00617513 0.189754 8.45279 0.0876894 2.54394 
2.72677e-05 0.0274416 4.51438 0.0170214 0.000483696 200.4 0.00170703 0.000166508 0.000233875 89.0539 0.0158229 19.0627 0.00339942 0.000852974 0.147782 19.0683 0.4926 1.39183 
0.00137868 0.0002199 1.51416e-05 8.68833 3.16902e-05 0.179119 0.000751748 0.00160445 7.87235e-05 5.10361 0.107741 117.539 2.82156 0.000546442 0.191028 20.9935 0.296712 5.3015 
4.47848e-05 0.00553574 0.367483 4.27938 0.00996558 0.275381 0.000144144 0.459826 0.17912 2.87427 1.66088e-05 82.5662 2.33564 0.357224 0.504966 31.0319 1.8752 1.27904 
0.140561 0.000109335 0.000114874 4.32474 0.0692437 0.033378 0.00427326 0.0871852 0.0126535 0.0180021 0.0264993 1.51633 0.00330656 0.0205629 0.0751283 23.996 0.355175 6.91968 
1.64927 0.000448833 3.93371 4.2428 0.00512992 0.268793 0.0011328 0.719526 0.0891827 0.0247685 0.0195854 0.1916 0.000268268 5.06243e-05 0.0013492 30.054 0.0962453 7.5669 
9.82108e-05 1.08399e-05 0.00089768 5.2227 0.00381732 0.0268742 0.0562995 0.0175557 0.00042281 0.114191 2.14987e-05 24.8404 0.000158324 0.001407 5.65511e-05 18.8115 0.866623 3.16251 
0.000192551 0.00606602 0.00637933 2.85547 0.000268379 0.447488 0.822061 0.000365429 0.0192885 104.057 0.0603955 0.0464705 1.50109e-05 0.000367381 0.160272 28.9818 1.455e-05 4.22589 
0.0158426 5.45426e-05 0.0250281 0.000729973 4.16699 0.294288 6.0322e-05 0.056913 5.9793e-05 1.19118 1.04689 1.08869 0.0127323 0.00398202 1.69502 29.9192 0.0580765 2.72175 
4.44982e-05 7.15054 0.69266 0.297177 0.111705 1917.55 4.54223e-05 1.29591 0.00279624 122.813 0.00043625 0.0223242 1.04138e-05 0.000187092 0.000502718 16.9548 0.174871 4.56272 
0.00312679 2.4135 4.61515e-05 1.79332e-05 4.97936e-05 0.0239814 1.02106 9.78447 0.55636 3.22003 0.00305839 0.216318 2.41965 0.135621 0.476058 8.95803 1.83838 1.07503 
0.120778 0.642131 7.52696e-05 0.324079 0.000101729 0.78928 0.737216 0.000981166 0.00119555 0.545948 0.000481679 2.15401 3.85781e-05 0.00153263 0.134067 18.0452 0.0486568 1.79695 
0.000390319 0.932793 0.352541 6.81331 1.7922e-05 1871.51 2.13333 0.0614166 0.00480374 140.398 4.53175e-05 211.281 0.00552656 0.140216 1.08429e-05 5.68454 1.43706 2.31529 
1.18779e-05 1.91202 0.0187321 1.25518 0.000497358 1800.6 0.598511 1.83101 3.70915e-05 22.7069 2.39945e-05 1.25143 0.000147678 0.0396444 0.00392595 6.45181 2.15171 6.36824 
0.0377352 3.67918e-05 0.0200832 0.00116831 4.32544e-05 4.87184 0.000289754 5.73907 0.00174388 115.147 0.415888 448.093 0.115751 0.000154589 0.20704 20.6542 0.0677224 1.15709 
0.0232132 1.60618 0.0014378 0.00075251 0.600645 1.24366 0.00590396 0.385953 0.000139465 0.33582 5.30569e-05 0.2073 0.00170843 0.072727 6.32288 39.4795 1.66063 3.29996 
0.422942 0.00024076 0.000521393 0.520463 3.0445 922.017 0.000625044 0.0313985 4.64575e-05 1.16923 0.0508477 0.151882 0.00509905 0.0324125 1.88391 8.74885 0.000522993 8.10158 
0.000125966 0.00453164 3.65832 0.0888548 1.00613 0.0554109 3.91299 0.0182266 0.000102617 332.384 0.712058 4.87903 0.205324 0.00202781 1.38717e-05 10.4822 0.430372 3.31058 
0.0309614 2.43994 0.00123711 0.000328277 0.117396 0.014228 0.024771 0.422358 1.11485e-05 34.0124 0.0162089 1.78981 5.69026 0.107645 3.5163 12.9399 0.103946 0.880257 
0.012836 0.0007668 0.00679571 0.000433407 0.58352 1882.72 0.264938 0.0145217 0.00210351 4.50051 0.0067678 4.64474 0.0340694 0.172902 0.498528 14.463 1.34561 0.428874 
0.00135663 0.031739 2.03117e-05 8.7358e-05 0.000330751 0.261496 0.0170079 0.0132416 0.000994359 0.209456 0.393898 0.416288 0.683469 0.00867122 0.00925605 5.78204 3.76157 4.17027 
6.3805e-05 6.93561 0.00424221 0.0350786 0.0034139 1.96234 0.165751 0.00744232 0.00476207 0.0838064 0.000339825 241.999 1.40751e-05 5.5002e-05 8.68266e-05 18.7739 0.291735 4.78128 
0.00788543 0.0401207 0.729897 1.00825e-05 3.2932 703.611 3.10155e-05 0.311433 0.000546151 0.0107952 0.000213076 4.3024 0.00022777 0.00584275 5.0522 47.5481 0.0292089 4.59226 
0.04915 0.00642962 6.3841 0.000204894 0.000722381 137.57 8.13042 0.0013762 0.721203 28.2599 0.000295066 0.610989 0.010299 0.999796 1.62859 3.08468 0.49175 1.21996 
0.0135853 0.000128164 0.00387093 0.305963 0.000351065 0.993778 1.48923e-05 2.48919e-05 2.09478e-05 20.5517 0.0365386 61.3591 2.50433 0.187876 8.08228e-05 2.51793 1.20226 1.53925 
6.83918 4.54091 0.000198929 3.15636e-05 0.0976032 3.48631 1.15633e-05 0.00237409 0.00131626 0.26999 1.46298 0.035488 1.85465 0.239272 4.61659 2.42059 0.0877102 3.63753 
3.58025e-05 0.000171468 2.05601e-05 0.00185206 0.0200484 3.39747 0.00156884 0.013882 1.39041e-05 3.31082 1.93928 0.0107869 0.00015785 0.306873 1.07201 14.4152 0.421817 6.50588 
1.5615 0.0321033 0.000240302 1.48683e-05 0.310736 2817.56 0.000114948 0.465079 0.0122025 100.692 1.01627 14.6151 4.99853e-05 0.0751559 0.029579 2.48045 1.16977 6.68149 
3.07903 8.86696e-05 0.000728218 0.390965 0.0206467 0.185407 0.000719015 7.55496 1.16582e-05 432.813 0.000616827 106.64 0.000181163 0.455729 1.81266 7.0148 1.6725 1.05618 
0.0402211 0.0153491 0.000762729 1.21024e-05 0.00150996 6.14354 0.21614 0.000153489 0.000482077 1.14792 0.000363374 0.0983993 9.75358 0.0481458 9.90198 22.4818 0.0304347 6.6414 
0.0172515 0.062834 1.98602 0.000145737 0.00987111 0.328865 1.11214e-05 2.52215e-05 0.000217573 1.41373 2.05267e-05 0.569986 0.00694778 5.90449e-05 0.0298238 37.1447 0.0277762 5.67515 
2.43896e-05 0.218174 0.573243 0.0970395 0.000107994 334.887 0.0993452 4.98856e-05 0.0664088 41.2748 0.469938 0.534411 0.000280048 0.293596 1.22152 7.49204 0.424649 0.855816 
0.000371861 0.00115599 9.40119e-05 0.000110722 0.0424394 0.0931602 0.00152528 6.09785e-05 0.000533453 5.36997 5.71413 0.674973 0.459477 0.105325 0.00857985 16.9285 1.80222 0.462551 
0.605581 0.0160047 0.0003054 1.48576e-05 0.464486 140.305 0.501752 5.27189 0.000174559 1.19835 0.15631 1.99827 7.65046e-05 0.162891 0.0781453 21.5258 1.62511 0.312176 
4.73329 0.171153 9.14743 0.0216187 1.94294 0.017717 0.11046 0.0152762 0.000139707 52.0409 0.00360122 53.3896 0.00035691 0.00797844 0.0819375 20.3959 0.588665 0.665238 
0.389919 0.309376 2.49096 0.00700436 0.0609193 5.36179 0.00106016 2.69012 7.16754e-05 274.052 5.00951 113.243 0.000478981 0.220811 1.57071 1.62023 0.218103 5.82435 
0.00178427 0.203897 0.000609657 0.000540904 0.000271084 14.7088 0.0632444 0.0124273 0.160231 1.25338 0.0118885 0.018916 1.34595 0.0222381 7.69723e-05 16.4465 6.32448 6.19721 
4.95558 2.08918 7.824 0.00159167 0.0396712 354.877 0.0770774 0.000377526 0.0221746 12.3951 0.000902965 0.558077 4.52492 0.0520863 7.26651 17.078 0.0169302 8.06724 
0.00313379 0.000156374 0.0162045 0.025392 5.86159e-05 11.2613 1.40131e-05 0.0214277 4.62847e-05 0.0351832 0.0104414 8.34524 0.134815 9.10025e-05 0.255505 19.7408 0.307381 1.61344 
0.000435018 0.0948363 2.11369 0.0140039 2.195e-05 138.1 1.13531 3.99576 0.560927 206.431 7.29628 0.015194 0.00198842 0.00634838 0.451487 21.5203 0.0361819 8.98191 
0.145769 0.281277 0.0370342 0.255639 0.0859347 0.119162 0.000557661 0.012021 0.00058949 11.5484 2.90947 0.104829 0.00118128 0.000156635 0.000791182 12.3078 0.165191 9.61595 
0.00844969 0.0099597 0.0808658 4.14711e-05 1.08634e-05 213.01 0.000363779 0.290329 0.00072727 51.0904 3.90226e-05 0.0604986 0.238395 0.0130026 0.114237 13.9755 1.14883 4.30503 
0.000111006 0.000229724 1.43519e-05 7.2653e-05 0.0273386 1336.14 2.00379e-05 0.335262 0.000108836 139.685 0.319979 2.82849 0.00587479 0.000199641 1.0701e-05 22.572 0.237193 8.21736 
0.00837357 8.83865 1.08073 0.000604247 0.00306638 55.2147 0.0208601 5.50895 0.0113749 188.74 8.17018 0.0109645 2.56895e-05 0.00170957 0.00846338 8.29829 0.268605 5.79681 
0.0376818 0.000494043 0.0197697 3.64437e-05 0.000110251 1912.09 0.00548306 0.000424171 0.00884676 95.3414 0.0299 106.815 0.000469202 0.00418519 1.30525e-05 49.5474 0.593376 0.93314 
0.001319 0.502103 0.462033 1.82047e-05 0.0350441 0.900156 0.000254088 0.00202023 0.27894 0.0497691 0.0695219 0.0275244 0.0111954 0.0798504 0.873442 17.1819 0.657838 0.344918 
0.000125219 0.000768224 7.00769e-05 0.0174992 0.0101241 77.3466 0.00114068 1.46459e-05 0.00154802 0.256179 0.00789202 73.7214 0.000854363 0.900796 0.0484022 2.57331 3.79701 1.42535 
0.451356 0.00788513 0.174664 0.0365506 0.00225099 13.0231 0.132377 0.01547 0.00109917 0.180442 0.00337283 0.162666 2.35401 0.00319728 0.000156608 5.28266 0.937296 3.32212 
0.000503251 0.157603 1.4511e-05 0.00100119 2.36024e-05 0.015364 0.00537656 2.06212 0.00356689 221.254 0.0011365 0.190199 9.31746e-05 0.0059554 0.00337798 11.0285 0.303088 4.40776 
0.00308562 0.00235997 4.19095 0.398371 0.168722 26.801 0.10198 1.52505 4.17617e-05 0.115946 0.565253 1.76243 0.00203248 0.0590406 2.76264e-05 4.81882 0.979995 4.31408 
5.78222e-05 0.140306 0.00534283 9.11178 0.00395843 10.8194 0.000240278 5.61999 0.0123651 0.482906 3.91877 0.2603 0.0132876 0.0135078 7.50871e-05 21.8992 1.00593 7.48501 
1.24433 0.975438 0.419582 1.83563e-05 2.4931 0.109515 0.00246897 1.20457 0.000666037 0.0233206 1.06637 0.0821218 0.0676756 0.000801394 5.6827 42.2311 0.1073 4.15827 
5.8269 0.10739 0.000264354 0.00160305 0.000682173 0.014522 0.000235244 0.00938597 0.00339417 69.7763 0.0370856 39.5014 0.031832 0.000287372 0.0767174 32.6011 0.156681 8.07976 
0.00811703 1.11716e-05 9.58758 6.59989e-05 2.03209 0.0107815 0.0560754 0.000158043 0.000356821 9.03318 0.191497 13.4851 0.00310075 0.042161 5.52724e-05 9.20467 1.01112 1.4333 
5.91284e-05 8.26495e-05 0.00856078 0.00784925 2.45184 0.697045 0.0572633 7.33137 1.87724e-05 51.4105 1.78159e-05 0.506869 0.000371742 0.319889 0.160153 9.31141 4.9154 9.45683 
0.377205 0.0738076 0.00292477 0.00531822 0.000852852 138.758 0.00397295 5.74259e-05 0.00181625 3.26049 0.26565 3.98263 3.76927 0.000749274 0.251355 2.93326 1.26164 1.97489 
0.415838 0.0121432 0.053914 0.0207597 0.0821531 0.794658 7.98857 0.000307171 0.00413586 2.63657 0.00154551 21.0562 3.408e-05 0.000222213 0.416662 29.7657 0.0976027 7.76947 
0.00142697 0.198929 2.67534e-05 0.000105612 0.00010419 2.06712 0.00528382 0.630328 1.07426e-05 0.010806 0.0358185 152.774 0.0166665 0.0526638 0.436152 26.8153 1.77177 1.24742 
5.23949e-05 0.00030027 0.00471314 0.262703 0.00562485 0.0432024 0.619964 0.0203075 0.000256038 0.130852 3.73431 0.171524 0.000161917 0.287881 8.47891 14.579 0.265928 1.59176 
0.340877 0.0395982 0.00993968 0.000275995 0.595405 7.17813 0.0297233 0.0121172 2.3842e-05 0.033615 0.107461 191.333 1.55995e-05 0.29161 4.97389e-05 5.96017 3.61235 5.10142 
0.000238994 0.00694083 0.110996 1.98949e-05 0.145549 1341.03 7.25025 1.2476e-05 1.32764e-05 2.62716 0.0021862 89.5171 1.03036 0.182673 0.44434 3.6361 0.697718 1.22103 
0.000568549 0.043009 3.76499 0.000612227 0.00470104 0.0157577 0.0005262 1.75752 0.183053 10.4343 0.00255782 131.537 0.00433626 0.0656201 0.000258109 10.8062 1.35462 2.27865 
0.00581911 1.07289 0.202635 7.14233e-05 0.0660631 455.074 0.0464302 0.501418 0.67445 0.0412143 0.00077295 0.202952 0.000743669 0.00483955 0.0021413 19.7562 1.60796 4.91496 
0.00476142 0.7717 2.29017 0.296412 0.107065 8.91387 0.00527129 0.0143707 0.923985 0.943682 5.49566e-05 0.252504 3.74891e-05 0.0956713 0.00637553 12.4444 2.57158 3.30156 
0.0161876 0.00821436 2.97232e-05 7.55504e-05 3.31377 870.655 6.77062e-05 0.246229 0.000968081 0.0940155 0.100942 68.2053 0.0660518 0.00429485 0.0204465 27.5301 2.64696 3.16292 
2.54286e-05 1.93235 2.85715e-05 1.51049 0.0297648 53.7554 2.29224e-05 0.000116188 0.000288616 0.600198 0.00104888 2.17876 0.00571544 0.00274813 0.0138913 38.0093 0.780115 3.59695 
0.0474442 0.0536978 6.62098 0.00178785 0.361711 0.467179 0.000291561 0.0276456 0.000359382 0.873472 0.000117186 0.288752 1.21673e-05 0.000110836 0.00235571 39.3245 0.349042 3.58784 
1.22521e-05 0.00214003 1.79593 0.000881868 0.814697 15.6936 0.0448501 0.000275813 0.00160463 1.7501 0.121064 3.51132 0.00214309 6.73068e-05 0.104783 41.4235 3.37675 4.74959 
4.30282e-05 5.85694e-05 1.39414e-05 0.251216 0.446674 19.0617 0.00244622 0.0010634 0.0209836 1.23898 0.00050013 25.445 0.0145388 0.00221931 2.29842e-05 48.2427 1.44835 2.21123 
0.229192 1.42326e-05 0.0101234 0.000474362 2.35768 42.8868 0.00229416 0.186877 0.160841 0.726089 0.0781599 0.0745018 0.00813975 0.0148436 0.00841435 47.4321 2.39746 1.57105 
1.12152e-05 0.367278 0.00135094 0.000310561 8.28328e-05 0.0135606 0.0400477 0.000117444 0.189829 19.8793 5.60102e-05 84.8504 0.00906345 0.411264 0.346893 39.7305 4.33269 0.7158 
0.162391 1.41242 0.002898 4.08373 0.02027 0.270615 0.308553 4.85778e-05 2.06759e-05 281.677 0.31562 0.266906 0.00238184 0.206463 3.3174 37.7378 0.615079 1.7215 
0.0148729 0.00148063 0.107453 2.38301e-05 7.60202 27.7011 2.83762e-05 0.0201035 0.0156865 1.95056 0.00120563 0.146865 0.194634 0.0328909 0.177663 36.6363 0.37529 8.67706 
