-8811.402509
-8807.244597
-8772.14601
-8731.545785
-8709.054471
-8706.621665
-8691.189497
-8682.475122
-8652.618734
-8645.925721
-8624.677364
-8615.340057
-8613.584922
-8605.324591
-8557.468688
-8551.818338
-8542.334634
-8539.623038
-8538.321794
-8532.339585
-8513.162747
-8494.484917
-8487.676321
-8486.18097
-8468.387317
-8447.932056
-8439.073955
-8429.625321
-8406.266012
-8400.357338
-8395.867568
-8376.364381
-8371.685428
-8354.529432
-8346.565097
-8344.878871
-8316.340403
-8314.607862
-8313.247791
-8310.596326
-8308.429144
-8296.921405
-8274.303167
-8270.532493
-8265.861857
-8261.227424
-8223.355903
-8206.15819
-8189.7078
-8165.67027
-8157.100123
-8140.598861
-8136.048645
-8123.519354
-8121.433287
-8081.652453
-8063.737829
-8049.693924
-7979.173133
-7927.805288
-7920.667323
-7916.254841
-7911.758273
-7891.063422
-7832.983208
-7822.998331
-7784.452371
-7780.62541
-7774.169525
-7768.844776
-7744.260069
-7729.923385
-7699.00911
-7694.780214
-7690.153152
-7654.887681
-7619.303521
-7604.117745
-7598.000353
-7597.609152
-7588.952819
-7585.745122
-7559.669258
-7553.823871
-7538.475621
-7520.411913
-7502.640511
-7496.85505
-7481.397181
-7481.008347
-7478.259719
-7468.264895
-7466.602049
-7413.996875
-7405.963861
-7400.719553
-7372.308692
-7363.691148
-7346.306854
-7340.532399
-7326.036343
-7325.972727
-7304.172433
-7301.794368
-7300.265224
-7296.207912
-7291.524525
-7290.617629
-7278.138417
-7267.169597
-7252.097113
-7245.065139
-7239.907116
-7219.292815
-7194.389093
-7178.990488
-7167.371663
-7159.924132
-7158.30301
-7155.814374
-7145.871991
-7114.881847
-7111.641434
-7107.501562
-7102.478866
-7090.712657
-7080.075486
-7078.249992
-7076.514133
-7072.099694
-7068.55878
-7058.326467
-7013.365494
-6984.412327
-6970.469531
-6970.338603
-6951.07799
-6940.54444
-6920.656135
-6917.623639
-6916.449216
-6914.752475
-6876.582994
-6870.402513
-6868.268443
-6867.557724
-6861.35689
-6857.575616
-6840.039946
-6836.176149
-6768.617887
-6735.61718
-6731.447173
-6718.224971
-6709.422097
-6706.877672
-6703.708332
-6699.72064
-6692.389409
-6689.335917
-6684.219835
-6660.498873
-6640.479464
-6611.111004
-6608.660585
-6578.513952
-6568.100091
-6563.399587
-6517.897057
-6501.94898
-6501.607919
-6489.322836
-6466.087249
-6452.843937
-6437.279968
-6414.083206
-6383.13045
-6374.477028
-6355.238991
-6342.43504
-6292.166226
-6262.803955
-6258.02923
-6242.458499
-6241.412816
-6234.520199
-6230.503836
-6164.741742
-6158.793066
-6153.893251
-6145.8939
-6140.790337
-6127.992565
-6112.69839
-6084.600491
-6047.376231
-6044.104929
-6014.308573
-6007.228809
-6003.616479
-5952.291
-5946.874707
-5943.941896
-5931.17
-5928.677076
-5898.963858
-5892.169503
-5858.807731
-5857.305758
-5839.030933
-5794.152339
-5747.69584
-5739.044958
-5737.334443
-5728.532913
-5726.178464
-5708.299685
-5705.653267
-5684.769647
-5666.687485
-5642.161044
-5632.477525
-5625.169232
-5572.371219
-5563.555826
-5539.482791
-5532.001966
-5507.131618
-5499.815257
-5465.83099
-5429.813265
-5424.679775
-5390.380298
-5385.153488
-5383.258839
-5334.65401
-5333.836239
-5328.981271
-5311.858645
-5294.750027
-5271.872938
-5210.744639
-5208.42871
-5208.367945
-5177.991581
-5165.777853
-5135.290934
-5114.170057
-5093.019596
-5050.9187
-5029.018396
-5015.645902
-5010.639269
-5008.303246
-4986.65429
-4983.972656
-4973.314653
-4955.98611
-4947.265111
-4929.499183
-4867.21097
-4810.237372
-4783.485387
-4756.232431
-4711.237475
-4686.073933
-4685.579406
-4636.065771
-4595.989073
-4581.693028
-4576.586087
-4556.691559
-4547.200109
-4545.498995
-4527.728953
-4520.989357
-4497.013505
-4464.987417
-4461.032058
-4432.237019
-4409.525237
-4409.097726
-4400.012084
-4370.065904
-4347.925856
-4340.59644
-4333.071161
-4322.278603
-4296.531606
-4270.441786
-4194.002267
-4139.692979
-4137.893029
-4108.724327
-4086.547575
-4067.664716
-4064.747543
-4058.539459
-4042.56813
-4023.618253
-4003.583469
-4002.198982
-3978.493743
-3976.559195
-3950.395796
-3938.374672
-3935.946829
-3929.232097
-3921.413247
-3916.460358
-3904.787608
-3881.087917
-3879.973224
-3724.286697
-3706.258128
-3702.555735
-3669.399083
-3642.565857
-3633.594852
-3592.444253
-3556.319441
-3550.103102
-3540.255921
-3493.230502
-3490.666432
-3456.295659
-3438.717066
-3408.412049
-3376.677144
-3370.01218
-3310.559194
-3303.542926
-3286.688549
-3140.065411
-3118.491367
-3114.291626
-3109.177958
-3099.267945
-3089.646756
-3061.535032
-3053.107092
-3023.627847
-3019.647637
-2969.736409
-2954.187731
-2949.058313
-2926.418039
-2890.458356
-2869.545252
-2868.220157
-2866.423815
-2856.276997
-2823.582047
-2810.071223
-2784.885741
-2778.016637
-2777.94344
-2776.189796
-2753.736842
-2740.506068
-2697.420835
-2692.272472
-2675.723656
-2632.712443
-2630.30536
-2618.421715
-2543.415412
-2524.038151
-2520.259912
-2499.517755
-2491.898578
-2491.757066
-2478.642908
-2475.483653
-2463.452532
-2448.797775
-2349.107932
-2344.555114
-2342.600586
-2306.514574
-2303.157822
-2290.724215
-2283.542272
-2268.615081
-2240.86757
-2204.794209
-2151.976261
-2150.204613
-2126.717563
-2105.097523
-2089.84903
-2088.323053
-2042.12782
-1966.893559
-1925.706507
-1862.558177
-1858.214226
-1825.105918
-1807.532889
-1798.793763
-1693.994831
-1691.555828
-1671.645525
-1657.593996
-1640.269696
-1595.967539
-1593.764222
-1580.614884
-1535.250253
-1526.144037
-1502.935732
-1498.790607
-1495.767612
-1492.531568
-1461.322379
-1455.975082
-1454.430661
-1432.495435
-1406.967833
-1394.570491
-1384.052662
-1375.130097
-1341.486792
-1284.552944
-1260.911102
-1254.040039
-1232.018087
-1230.20562
-1226.565226
-1204.120756
-1200.307472
-1196.878141
-1190.950358
-1174.634053
-1167.130754
-1161.406186
-1156.364181
-1135.118585
-1126.403377
-1126.231582
-1074.742486
-1073.9228
-1066.221947
-977.9670496
-972.3105403
-963.8954884
-958.6928903
-940.4921013
-893.0454621
-889.1282401
-884.8789873
-879.7628898
-877.9134194
-868.2157548
-865.2368888
-858.0113434
-815.798671
-804.698262
-804.4485221
-768.0493976
-762.9209686
-759.3661941
-723.9107038
-645.8068702
-633.9537556
-614.4623825
-614.130358
-596.2764091
-588.8897416
-580.0979905
-528.5767082
-517.2937692
-504.2829061
-491.2604357
-476.0761715
-474.4379681
-461.5916249
-461.2176233
-410.8110368
-332.738655
-304.8592957
-287.8869106
-285.3749499
-268.2463876
-264.3020457
-254.911178
-246.0544625
-235.2285403
-229.7652258
-228.8823144
-226.0801679
-224.5047887
-218.547357
-202.0528082
-197.5407247
-193.6657026
-192.2766006
-186.871128
-178.7030621
-173.6799938
