-189.1908882
-189.1479614
-189.1215968
-189.1163578
-189.0673132
-189.0562684
-188.9618176
-188.9605317
-188.9353123
-188.9126576
-188.8617266
-188.8430123
-188.8177596
-188.7209321
-188.7133177
-188.7032214
-188.6265743
-188.5734899
-188.5233724
-188.5178279
-188.4857872
-188.4428106
-188.4397695
-188.3504596
-188.3045727
-188.3004421
-188.1727184
-188.155418
-188.1552387
-188.1170351
-188.1161681
-188.1108937
-188.0694399
-188.0367123
-188.0231991
-187.7754541
-187.7456577
-187.7357171
-187.7073022
-187.6872082
-187.6684877
-187.6658549
-187.5560686
-187.4181496
-187.4150747
-187.4030999
-187.3452418
-187.3391678
-187.2848829
-187.2338349
-187.2062891
-187.1649174
-187.1648733
-187.0739114
-187.068492
-187.062047
-187.0500948
-186.9521804
-186.9024681
-186.871128
-186.7510126
-186.7295224
-186.6743036
-186.6246846
-186.6131949
-186.5627401
-186.5314085
-186.5134243
-186.4447771
-186.4261076
-186.3879818
-186.3060565
-186.2945506
-186.2721462
-186.2682172
-186.2445669
-186.2220956
-186.2155765
-186.1732798
-186.1712218
-186.1441648
-186.1369269
-186.1123963
-186.11188
-186.1067629
-186.0402152
-186.0379819
-186.0120325
-186.0100959
-185.981383
-185.9728836
-185.9571624
-185.9178812
-185.9158582
-185.9014401
-185.8885031
-185.8821046
-185.8272115
-185.8209792
-185.7986529
-185.7894724
-185.7161136
-185.7083231
-185.6952516
-185.6410398
-185.6363307
-185.5996737
-185.5006884
-185.4925817
-185.4532295
-185.4435893
-185.3974792
-185.374163
-185.3097884
-185.3047276
-185.3037076
-185.2842649
-185.2266793
-185.2144504
-185.2140162
-185.2103945
-185.1388962
-185.1380015
-185.102624
-185.0731544
-185.0617722
-185.0478875
-184.9960191
-184.9855078
-184.9324601
-184.9044333
-184.8564494
-184.8216747
-184.7948121
-184.7634794
-184.7567527
-184.7458431
-184.7429511
-184.6331088
-184.6163449
-184.5314873
-184.5209829
-184.5125504
-184.4944371
-184.4812953
-184.4385689
-184.4235928
-184.2772488
-184.2583372
-184.2505455
-184.2296129
-184.1646751
-184.1480604
-184.1361526
-184.0962036
-184.0732742
-184.0558102
-184.0489408
-184.0416992
-184.0263495
-183.9754783
-183.9741995
-183.9414785
-183.9054961
-183.8903401
-183.8808189
-183.8601778
-183.8018159
-183.7516116
-183.7406159
-183.7323433
-183.7290628
-183.7202335
-183.7087097
-183.6663354
-183.637817
-183.6353479
-183.6137779
-183.5749864
-183.5646069
-183.4708618
-183.4472076
-183.4010528
-183.3902505
-183.3587737
-183.3144584
-183.2866094
-183.2378253
-183.1991373
-183.0761873
-183.0559387
-182.9913468
-182.9428357
-182.9255152
-182.8615907
-182.8537713
-182.8082113
-182.6995043
-182.6710385
-182.6288942
-182.619727
-182.6100399
-182.5702048
-182.5421419
-182.5119239
-182.5060996
-182.5057528
-182.4515766
-182.4232653
-182.4104731
-182.3670611
-182.3352485
-182.2882388
-182.2519786
-182.2162248
-182.2099226
-182.1885601
-182.1596803
-182.0573678
-182.0148643
-182.0132109
-182.0120938
-181.9753507
-181.9630083
-181.9450896
-181.9101828
-181.886729
-181.8090984
-181.7857805
-181.7775329
-181.7232442
-181.6745904
-181.6326256
-181.6249151
-181.581718
-181.5483103
-181.5261196
-181.524449
-181.4973621
-181.4595062
-181.4577441
-181.4227046
-181.4155028
-181.4055581
-181.3887039
-181.3787841
-181.372584
-181.3202137
-181.2755237
-181.2734629
-181.2680406
-181.2553721
-181.2313318
-181.1812162
-181.1586568
-181.15819
-181.1424076
-181.1007494
-181.081643
-180.9467416
-180.9027001
-180.8974797
-180.8867052
-180.883585
-180.8767164
-180.8744292
-180.7606404
-180.6904467
-180.670169
-180.6674779
-180.6611895
-180.6528129
-180.6154247
-180.5882077
-180.5806812
-180.5570269
-180.543974
-180.527687
-180.5076073
-180.4243161
-180.418962
-180.4146323
-180.4071222
-180.3904209
-180.3594429
-180.3592012
-180.3398603
-180.3376871
-180.3219659
-180.3201086
-180.3171302
-180.2932187
-180.2778772
-180.2729571
-180.2226293
-180.2185758
-180.1992551
-180.1422602
-180.1399037
-180.068041
-179.9957731
-179.9954631
-179.9843755
-179.9646741
-179.9351389
-179.9033664
-179.8719071
-179.8372549
-179.6360447
-179.6240612
-179.6221859
-179.5725315
-179.5389983
-179.5285178
-179.5194503
-179.4465965
-179.4243165
-179.4215075
-179.4172758
-179.4152889
-179.3950749
-179.374667
-179.3073978
-179.2674943
-179.2604885
-179.2246951
-179.2028921
-179.1890744
-179.1760196
-179.0779127
-179.061889
-179.029561
-178.9802069
-178.968349
-178.9611913
-178.9323957
-178.9285205
-178.8083912
-178.7760186
-178.7280952
-178.7165662
-178.7095243
-178.7030621
-178.6424435
-178.6288961
-178.5952735
-178.5710908
-178.4966963
-178.4623815
-178.3477764
-178.255611
-178.2307277
-178.2066761
-178.1122662
-178.0926739
-178.0682556
-178.0608499
-178.0370888
-177.996921
-177.9284101
-177.8430497
-177.7827593
-177.581494
-177.5604203
-177.5557248
-177.5211913
-177.4748959
-177.4122692
-177.3913565
-177.3436477
-177.3115692
-177.2113143
-177.2074975
-177.177835
-177.1131677
-177.1095445
-177.0504661
-176.9339954
-176.9316251
-176.8707199
-176.8469285
-176.8287416
-176.7676148
-176.7372388
-176.736431
-176.7274777
-176.649065
-176.6095812
-176.5775658
-176.52774
-176.5233637
-176.4994412
-176.3199951
-176.2619758
-176.2508887
-176.1633566
-176.1095241
-176.0765777
-176.0724532
-176.0413392
-175.9565024
-175.9530063
-175.9449271
-175.8586685
-175.8051042
-175.7669439
-175.7056455
-175.6861776
-175.6448771
-175.630837
-175.5312879
-175.4267275
-175.3900557
-175.309558
-175.3019061
-175.2701408
-175.2407058
-175.2172721
-175.2150703
-175.2146746
-175.1708982
-175.1216155
-175.1065187
-175.0549034
-175.0314641
-174.9691702
-174.9434729
-174.8923433
-174.7466045
-174.6631103
-174.6498512
-174.6467228
-174.5583838
-174.4919412
-174.4000069
-174.3592201
-174.3514801
-174.3421198
-174.341116
-174.3109116
-174.2980709
-174.2320455
-174.2089479
-174.0920002
-174.0854349
-173.83627
-173.8118967
-173.7604346
-173.6799938
-173.6761701
-173.6134949
-173.5720648
-173.4875615
-173.4581441
-173.410431
-173.4095836
-173.3315666
-173.3032153
-173.2048521
-173.1206338
-173.044984
-173.0009165
-172.9760718
-172.9725737
-172.9672144
-172.9031999
-172.6540803
-172.5889298
-172.3272859
-172.3015984
-172.2345024
-172.2264106
-172.2109216
-172.2002113
-172.1586228
-172.0904694
-171.8612662
-171.7443994
-171.7405464
-171.4065291
-171.3865912
-171.3663028
-171.2716934
-171.2628267
-171.237286
-171.2331021
-171.1428981
-170.5932623
-170.4054967
-169.9281185
-169.8498532
-168.7906911
-168.7451268
-168.6904848
-168.4455301
-168.3619271
-167.597445
-167.323367
-167.2645329
-166.8313654
