0.83434 0.00370933 0.343372 0.0155658 0.000137734 2384.52 0.000206879 0.0570225 0.61825 51.1684 0.00276836 0.816632 0.383166 0.356555 7.23825 31.4323 0.981616 5.29667 
5.9739e-05 0.0034256 0.282397 0.0127989 0.0659487 1.40273 1.70202e-05 0.000440225 0.000523768 1.42482 0.00515566 9.00989 0.0241105 0.292355 2.5755 38.3168 1.08596 5.97604 
0.000167779 0.000387911 7.35929 0.0042949 2.40011 0.377094 0.0674998 2.41544e-05 0.00010987 28.3663 0.0106981 0.077252 1.51063e-05 0.0992397 1.67075 41.9227 0.705142 8.68933 
0.000127078 4.50372e-05 0.00262449 3.1331e-05 0.0120352 1730.9 0.00704639 2.12016e-05 0.00156741 1.18941 0.4769 7.75886 0.0293956 0.0622758 1.83684 41.7915 0.468257 9.94547 
0.361175 0.020272 7.07701 0.00158114 0.128024 452.791 0.000691887 0.0391785 0.144044 0.0120332 0.0177031 160.066 0.000521621 0.00344087 0.458657 37.6723 3.61946 3.27564 
0.0176969 0.000420279 0.000276305 6.58818e-05 2.51771e-05 0.305584 1.59173 0.000517536 0.0946184 0.220059 0.370844 0.139194 1.64323 1.16988e-05 2.73406 38.8093 2.10889 4.66401 
0.767555 0.00268978 0.00216886 0.00625745 1.35956e-05 18.4566 0.803647 0.020585 0.000454135 0.946912 0.0319595 0.0165827 0.327126 0.216765 1.32024 33.5366 3.09033 3.54281 
2.3149 0.000208539 0.00130755 8.87664 0.197093 164.681 0.00954371 2.84749 0.0152302 97.9764 2.62345 309.611 0.0077271 0.000163247 0.273355 18.6217 4.43369 5.75362 
0.247443 1.37787 9.64233 0.0348669 0.0409022 0.190565 9.84033 0.000963805 0.079565 3.85233 0.00416577 2.28536 0.0198818 0.241478 1.71448 15.2754 1.04459 5.86745 
0.00472244 2.89514 3.08848 0.409487 0.00897 0.252354 4.29444e-05 0.733326 0.729459 0.533362 0.0363077 62.2856 3.26774e-05 0.0682257 5.79527 7.29063 1.34426 3.60539 
7.42431e-05 0.00164511 0.686746 0.000151915 0.536615 18.5784 0.000321641 0.193865 0.559919 241.236 0.846687 326.171 0.000607572 0.347349 8.46799 21.1185 1.73287 3.67501 
0.0224888 0.635934 0.511884 0.0143557 0.00326768 12.0659 0.611982 0.222209 0.197372 1.52537 0.166238 25.2078 4.24075e-05 0.00015295 3.55722 14.1133 0.898683 9.82825 
0.000516836 0.000270574 0.000238725 0.000143388 0.00046313 17.4791 0.00285496 0.000760697 9.73096e-05 0.0295192 0.02277 17.6746 0.0041141 0.209756 0.936191 31.2763 2.55156 8.03088 
0.000131184 0.585826 0.178255 0.126943 0.000100802 466.649 0.80333 0.606912 0.00238992 11.8753 0.000607497 45.5494 9.99357 0.335931 1.94479 47.4496 3.31404 2.38549 
0.711184 6.46198 0.00388725 0.000246653 0.631747 3.68879 8.13888 3.55766 0.0717064 80.2011 0.0214402 363.66 0.00274993 0.0633216 2.28407 32.796 1.10897 5.02633 
0.0861196 0.000863415 4.82007 0.0081571 0.0683369 1.22425 0.0627986 0.0576846 0.209034 0.648354 4.87539e-05 3.93073 0.0017386 0.558653 5.14848 40.5426 2.47945 8.47086 
0.00010355 0.00735996 0.0201374 0.0172692 0.0185538 157.103 0.000892477 0.0727226 1.59332e-05 1.62109 2.38395 150.52 0.000544022 0.191752 7.63867 34.8127 0.744667 6.42969 
0.0215239 1.11335 5.10509 0.0023493 0.00297905 57.7136 0.0361572 2.70061e-05 0.000138645 9.33576 0.0180696 0.163894 4.23728 0.000256588 2.03524 33.982 0.696783 9.39314 
0.0687457 6.99824e-05 0.0183495 1.29531e-05 0.00216294 0.0809211 0.000120597 0.0107854 0.000792281 0.0368651 6.30218e-05 0.0969197 0.00703547 0.0822012 1.20963 38.9051 0.683172 4.94112 
0.21631 0.103067 0.0126759 8.0931 1.41136e-05 0.0835367 0.000100154 0.00100798 0.000604256 8.79107 0.653246 0.164195 0.603025 0.69546 4.89469 24.6499 2.72931 6.58633 
0.157119 0.00493591 0.000164711 0.000217731 0.000107374 3.95322 1.37244e-05 0.00209501 0.0019063 0.122031 7.24138e-05 9.15959 1.0966e-05 0.163916 6.26992 43.0144 0.852287 5.09485 
0.0012165 5.60601e-05 1.4513 0.0136345 0.000623926 402.109 1.41516 0.0195015 0.673515 111.033 0.200169 13.1642 1.3569e-05 0.299964 2.71096 27.3161 1.2874 4.65035 
1.60181 0.0182769 6.55253e-05 0.0500261 0.000519141 11.7725 0.00133944 0.611278 0.0047434 0.66099 0.0209658 0.0214143 4.88907 0.00255847 0.56846 34.8129 4.64939 5.70558 
0.00028563 8.63378 8.02371 0.312124 4.15377e-05 3.82727 0.00213881 0.0774386 0.208757 14.3149 0.0104954 236.665 2.3672 0.000271573 0.312561 6.01516 4.20967 8.85587 
0.0916221 7.68655e-05 5.70755e-05 2.12923 2.51782 195.405 0.00174973 1.70591e-05 0.00442745 3.24299 7.60153 0.203146 0.00052694 0.45234 3.99488 21.3715 1.21285 7.88178 
0.297237 0.000714494 0.000178594 0.579256 4.37045e-05 0.0188951 6.03457 0.00639356 0.000734558 0.491676 0.930712 0.382548 0.00471907 0.317206 5.74954 23.5413 0.892889 9.20874 
0.10472 0.00119241 0.0332878 7.41637 0.14201 1361.31 0.00578377 0.000781734 0.00018416 0.0696353 0.000208261 0.0301612 0.00228302 0.979656 5.89281 30.6164 3.00255 6.13174 
0.0696124 7.36019 0.0348713 5.40188e-05 2.71301 0.0773415 0.050094 0.000455865 1.44262e-05 0.063778 2.42255 0.32108 0.000354724 0.858025 2.02878 23.6858 3.60947 7.42826 
0.00563839 0.00240797 0.000120915 1.181e-05 0.13955 0.355236 0.0205466 0.000131509 6.37189e-05 2.82373 0.332786 0.625757 2.28832 0.767726 4.241 27.8223 3.18502 8.46015 
0.000419963 0.00453501 2.77219 7.25494 0.026784 2761.24 0.0148398 0.00732125 0.0870789 6.94451 0.5724 6.51924 0.00546167 0.0233557 3.41766 42.7005 1.60988 7.78391 
0.0757602 0.000490903 0.899186 0.000608884 0.0488068 6.31247 0.0162033 5.64678 0.00357213 1.34386 0.419275 188.384 0.0986276 0.0328526 2.71048 32.5522 0.784814 5.61534 
0.00049969 0.924087 0.118706 0.00665138 0.266396 0.445684 9.15578 0.0600444 0.00257971 0.13423 0.0451225 60.4553 6.01537 1.40677e-05 3.49642 45.9193 2.69379 1.2079 
0.000765893 6.38557e-05 0.00558675 0.0010889 0.0933255 8.27926 0.747186 0.668352 0.00304186 0.0162248 0.440704 13.0735 0.00784408 0.0268408 0.426585 31.8083 1.40191 8.75098 
0.133105 0.0201631 0.000414444 0.0402234 0.0018116 0.0356038 0.411177 0.000170342 0.22582 0.144113 1.79417 0.0352265 3.08087e-05 0.0403351 0.331945 42.9486 2.621 9.26917 
2.20003e-05 0.00839062 1.24565 0.841403 0.341323 2002.46 0.00591143 0.0012886 4.76257e-05 2.85253 0.000215065 117.891 0.0623125 0.495166 2.99439 26.5825 2.68406 5.79155 
1.0684e-05 0.0670018 0.319186 0.000107922 0.0161756 255.019 6.88129 0.293286 0.0481524 23.3253 0.745261 176.66 3.64902 0.00264977 0.537639 10.1594 4.86731 3.98692 
2.24123 2.68132 0.189201 0.000687736 0.795848 24.742 0.407461 1.20835e-05 0.0011925 0.0584215 2.2214e-05 11.3435 0.349123 0.18698 1.55883 48.2324 2.83666 3.29248 
0.000949517 0.000365357 0.121185 3.63012e-05 0.00159365 1886.82 0.000396384 0.410757 0.0166869 0.0497464 2.02025 76.1152 0.00198895 0.000905821 1.05925 15.5805 1.27059 9.66441 
0.99657 0.00401825 6.65866e-05 0.0312499 0.0102255 1242.21 0.000727637 0.000608764 0.00332475 5.62945 0.487142 2.51688 0.00260497 0.102268 1.08163 42.6234 1.24759 7.56781 
0.0865532 0.373783 2.80133 1.11632 0.15768 304.048 5.7793e-05 0.0272419 0.351934 4.89023 1.2294 230.904 0.000836932 0.489606 1.17282 15.1925 8.4826 2.47046 
0.0841868 0.0121639 1.33823 0.317353 7.02248e-05 0.371762 8.08783e-05 0.00216483 0.0340886 5.6166 1.52208e-05 314.513 0.531681 0.311845 4.12123 26.2959 1.17171 8.60551 
3.25095 0.129349 0.000970837 1.18505 2.07471e-05 0.0178969 3.66959 0.000393044 7.01669e-05 0.177871 0.0071849 0.0141953 2.0866e-05 0.671616 3.7203 37.7278 2.70132 3.76893 
0.000818627 0.676144 1.90036e-05 2.81466e-05 0.45019 0.265205 0.0124507 5.46745 0.0187373 0.0600161 0.445444 78.9832 0.169189 8.4358e-05 9.15772 24.0936 0.767816 4.7159 
0.00136544 0.00059724 0.871789 0.00868062 0.0755646 0.0290752 0.260685 4.4471 0.00673394 10.2428 0.00856697 0.136373 0.0541108 0.276462 2.47778 29.5896 1.88101 7.314 
0.000798274 0.0240978 0.0254436 0.341814 0.0197454 1.06727 3.6803e-05 0.000218637 8.02461e-05 0.0943638 0.267084 61.735 0.194156 0.0522428 2.00602 31.5651 1.05289 9.72037 
7.19794 0.527231 1.84184e-05 6.78634e-05 0.00204158 0.953556 1.47137 0.000149455 0.0270121 409.798 0.000435111 86.8274 1.75599e-05 0.186063 1.48902 46.329 1.63263 3.11505 
0.853152 0.513438 1.42107 2.13521 5.52379e-05 5.88678 0.0401261 0.714311 0.00126251 0.360496 6.14442 157.865 0.352604 0.0567977 4.83186 26.0268 0.994629 1.31299 
0.303461 0.303225 0.0179186 0.000170798 0.00534712 0.0369675 0.0182262 0.284025 0.0415593 0.0220226 0.115114 58.2268 0.521322 0.105376 1.48378 3.52896 1.75249 6.39287 
4.80902e-05 0.000157952 1.41621e-05 1.86927 2.11945 20.7807 0.00424612 0.363347 0.000209166 468.707 0.000386626 3.45728 0.000351833 0.302432 3.76089 39.7514 1.46265 1.816 
0.000113771 1.75397e-05 2.56287e-05 0.259906 0.00687853 540.94 0.0975918 0.0460549 1.327e-05 1.57103 0.0323313 52.7268 1.55767 0.0825587 0.868947 30.6572 1.06715 3.11615 
4.05167e-05 9.27033e-05 0.000531264 0.000412785 0.249018 0.342285 0.0059881 6.98505 0.0669073 429.27 6.72307 396.506 1.63167 0.00144517 0.292232 45.46 2.38759 1.84447 
0.0471327 1.65647e-05 6.64595e-05 0.000227401 0.797057 808.611 1.41882 0.00470092 0.0361264 7.11693 0.0533052 297.724 1.93388e-05 4.97146e-05 1.96554 46.4193 6.59222 3.80936 
0.000521865 0.00112128 3.34218 0.126795 0.118337 0.171413 5.29958e-05 0.000510682 7.06681e-05 0.524704 1.05584e-05 39.7084 5.23122e-05 0.0516736 0.700893 30.9264 0.811748 8.80051 
0.000530962 0.592348 0.000595205 0.368311 0.000478222 0.0269874 0.380303 0.319392 2.88688e-05 297.5 0.0228259 86.9614 3.69465e-05 0.210009 5.67398 30.5768 1.2486 9.43984 
0.000952219 0.00430984 0.150638 0.00188135 0.0868974 23.2971 0.00668099 2.1304 0.017074 0.120073 9.88474 14.6871 0.0480289 0.00388399 3.57392 42.954 0.557122 5.06794 
0.000255205 1.74144e-05 3.04173 0.00207026 0.448054 0.0897979 0.000979967 0.054685 0.00688967 27.0883 1.19795e-05 0.0596624 0.00294048 0.0768676 2.38924 44.0894 1.48547 3.52858 
0.0473601 0.0579922 0.0124339 0.00399752 0.0172121 0.226814 0.00410495 8.68962 0.00625335 1.34924 0.0310575 0.235154 1.32419 0.0966482 1.52056 25.783 1.03401 4.60838 
0.000150549 0.00101736 0.0505426 2.48948e-05 2.22753 1.31937 0.0806882 0.0305022 0.0169474 0.0628726 0.000387233 108.308 0.0105013 0.044997 0.31945 40.9038 1.29268 6.56406 
4.89598e-05 0.00264249 0.0271535 0.000545689 0.0379589 0.0226962 1.28e-05 6.12566 2.51219e-05 0.0595947 0.014032 0.564759 1.73151e-05 0.330932 4.20553 30.4927 1.78833 4.18884 
0.100917 0.000189181 0.128942 0.00117111 0.0850127 0.0479821 0.000352152 3.57013 0.817003 62.5067 1.00419 58.8349 1.04553e-05 0.00384337 0.784845 28.2727 4.85835 4.5619 
0.00218206 0.397854 4.67285 0.770684 0.341234 1627.02 0.000384284 0.205917 0.00556664 0.134836 0.21649 172.149 0.00886889 0.00205813 6.48906 15.3849 0.670747 3.29079 
0.0129196 5.92275e-05 0.4976 0.0941413 0.00528911 410.359 8.32415e-05 0.00022255 3.38781e-05 18.9584 0.00907623 0.0403987 1.13585e-05 0.206801 2.30041 38.6356 1.10156 4.60518 
0.108176 0.0655905 1.22982 0.000717025 0.00346347 14.0987 6.54473e-05 0.000459575 1.32932e-05 38.1934 0.783845 54.1309 0.000699151 0.105642 1.53905 26.8213 1.17387 4.71302 
2.16076e-05 0.807235 0.000199928 0.300353 0.0440603 8.30009 2.29084 0.000130422 0.120291 0.0137029 3.94952e-05 0.337901 0.0283818 0.0470961 1.06233 35.523 0.6905 9.96798 
0.0119515 0.00249148 0.0169888 0.00318952 0.00645806 0.458944 2.7904 1.19793e-05 0.00890229 2.40278 0.00036516 0.160558 1.67336e-05 0.0849561 0.962899 24.3107 0.969286 6.02403 
0.0382909 0.0411422 0.00440273 0.139761 0.00149399 0.0556826 0.00045789 0.0353905 0.0454589 271.398 0.0546486 38.7484 0.0772924 0.0179831 2.68885 16.2373 1.81688 4.91135 
0.0129514 1.1013e-05 3.9241e-05 1.77448 0.0423443 618.155 0.0322391 0.000271878 0.00152298 100.986 1.06156e-05 8.6248 4.73023e-05 0.136641 0.813685 39.3817 2.75207 2.49501 
0.000328406 0.000846369 0.000175875 0.137905 0.000128257 0.0167339 0.00121466 0.85459 0.000853194 39.6028 0.000497008 148.716 0.0454123 0.193041 4.22473 47.5515 1.61316 3.41192 
8.57763e-05 0.0225988 0.764262 1.07267 0.00658552 1.38772 0.000462518 0.687893 0.0113116 104.271 0.00452169 8.8414 0.455976 0.400503 3.30117 35.533 2.32438 7.41497 
3.83766 7.35499e-05 0.00404343 4.40779e-05 0.000253496 0.0238724 1.43096e-05 0.0621717 0.0796824 84.9316 2.38952 134.666 2.04159e-05 0.0633079 2.32771 30.3681 2.42381 2.85845 
0.154309 0.00316183 0.378137 0.101404 2.49975e-05 4.7932 0.0092616 0.000403756 0.00140434 9.37209 0.00598352 0.0234901 0.00136987 0.0752175 3.54487 36.1021 0.983698 9.59032 
0.501771 0.000403687 0.00558376 0.890849 0.393074 0.109673 0.169263 5.46469 0.163712 0.0171129 0.000346243 15.2472 0.000140181 0.164543 1.4963 25.8659 1.30188 2.26848 
1.37665e-05 0.000276487 0.00432645 2.86366 4.69804e-05 371.29 0.11939 9.45875 0.0103203 8.72528 0.360603 144.913 0.000769315 0.573014 1.64607 14.1427 4.04241 9.37709 
0.0006799 0.339862 1.82439e-05 0.0950211 0.0181925 4.94048 1.41661 0.00246614 0.00514794 0.0128629 1.39212e-05 0.0254177 0.014441 0.0270174 0.36337 44.3842 1.0127 8.67675 
0.0426786 3.7802 0.0468265 0.0778923 9.95495e-05 5.03954 0.142412 1.53317 0.0666323 0.0851661 0.231539 286.101 0.000131318 3.90303e-05 3.52613 29.7734 0.567736 1.72676 
2.7838 0.045279 0.00423663 0.306036 0.00206246 69.8866 3.81413 0.0602897 2.02939e-05 0.212347 0.00120291 0.514406 0.0114009 0.103086 1.92355 42.8493 0.945139 4.0421 
0.0637785 1.07476e-05 7.42424 3.96146 0.0154281 15.7324 0.00741376 0.288684 0.000169418 0.138596 0.00135264 23.4782 0.0227774 0.0101657 0.197799 46.7829 0.846522 8.0441 
0.0225991 0.0271333 4.65755 0.000204212 0.0266348 1.09477 2.91288 0.0372572 0.0148269 419.758 0.710217 345.847 0.00101891 0.0361118 0.511004 36.0003 0.603102 5.02737 
0.00422059 0.000678691 0.977067 0.00260807 0.00033097 44.9759 0.112888 0.00515508 9.13426e-05 0.253676 0.0242132 0.507291 1.88262 0.0234931 1.19532 24.3878 2.18213 5.84956 
0.0517106 0.830527 0.0151981 2.16269 0.0687914 0.33548 0.188105 8.01923e-05 0.012017 158.585 1.94395 8.49599 2.32663e-05 0.423962 1.75166 18.2209 2.50177 4.21857 
0.900352 0.013481 0.000420138 0.489966 0.00239792 1.48736 1.27243e-05 0.00617706 0.000616585 181.99 7.87132 0.1407 5.86838 6.42154e-05 1.73354 17.2487 1.06418 7.54773 
0.00170468 0.00152599 1.13802 0.46862 2.50403e-05 1901.27 0.000856181 7.1548 0.0398468 0.821522 0.330347 11.6456 0.0110223 0.000415279 2.10712 45.3258 0.983568 6.59817 
0.0919935 0.0380983 3.51382e-05 1.45024e-05 0.00207434 207.798 0.00525293 0.0249356 0.00327692 0.75862 0.0490331 106.396 0.148953 0.286747 4.94361 27.2883 1.69528 3.13628 
0.000119219 0.249442 2.30196e-05 6.48469e-05 0.006379 104.156 0.00093679 1.2676e-05 0.116101 49.494 5.47432e-05 10.599 5.67063 0.0250294 2.17934 44.2528 0.466621 8.73225 
1.01759e-05 0.000331664 0.000131934 0.00260367 1.59488e-05 157.946 0.000134331 5.12019 0.0139154 0.0183542 0.0105565 444.148 0.142984 0.000138734 0.651988 15.0051 1.14873 6.84094 
0.00765311 0.000660842 0.110648 4.19421e-05 0.00443437 1.14042 0.000289921 0.0159937 0.754861 0.053967 0.00278032 245.529 0.00177589 0.0522337 2.45913 23.1931 6.55713 3.23862 
0.0149489 1.65246 0.500313 0.0253877 0.0140401 0.0104671 0.00259631 0.000629855 0.0169672 1.83209 0.279768 0.620166 0.072027 0.272057 1.35416 42.0343 1.96009 6.5432 
3.05997 0.00092261 0.002891 0.0200907 4.02401 707.789 0.000399483 5.15028e-05 5.33095e-05 1.32436 0.00243156 21.6616 0.157305 0.238265 1.31675 22.8627 2.8331 6.47145 
0.268869 0.0030542 0.008144 0.00287867 6.5551e-05 462.889 0.000250209 2.79439 8.55904e-05 293.203 0.0034399 0.0447491 0.0146577 0.386694 2.83533 15.0097 1.85752 6.83538 
0.000266444 9.83833 0.84188 2.23989 1.0483 714.286 3.32917e-05 0.716794 0.550771 0.0250626 0.000508368 50.0929 0.000473375 0.14226 1.77536 23.4761 1.30916 8.53972 
2.97505 8.38919 0.000897421 0.00281118 0.00419799 240.573 2.32108 0.0707922 0.0313539 1.00426 1.82947 6.29701 0.00127047 0.0137593 1.14838 36.6693 0.770263 8.40588 
0.000158456 0.00362601 0.000118977 0.00523579 1.43111e-05 36.8988 2.05253 0.492034 0.0832306 0.0370503 0.000257007 6.75685 0.00102693 0.123609 1.47676 33.6864 0.816075 8.49978 
0.119349 1.47587e-05 0.302052 1.3858 0.000177123 764.273 0.000913898 1.40184e-05 0.0105613 0.010361 0.046159 21.9204 0.000732318 0.00184272 2.98702 29.3302 1.80538 4.72709 
0.000683585 0.000151237 7.32019e-05 0.0011832 0.000160076 2.66077 0.000659189 0.0111986 0.0222846 2.28786 0.0222469 0.351085 0.193634 0.16385 1.73036 27.7648 1.43743 7.36842 
0.000169115 6.33974 0.00395183 4.5658 6.63885 896.927 0.0247312 0.000243926 0.00196804 0.029224 0.417009 0.716989 0.11577 0.52243 7.99907 34.9891 1.5894 6.79801 
0.0511962 9.84518 1.12164e-05 0.0007422 0.000130132 0.345602 0.000121357 0.011596 0.0264746 0.834165 0.0621557 0.164583 3.97781 3.34321e-05 0.638858 42.3775 0.761506 4.08499 
1.9096e-05 0.800004 0.00359367 1.85778e-05 0.224686 0.402945 7.48918 0.0331134 0.000211511 0.174987 7.07651e-05 57.0585 0.00199316 0.508413 2.19832 18.5423 1.71905 5.29214 
0.00109532 0.000435074 0.0167242 0.034912 1.76268e-05 358.803 1.36499e-05 0.00590882 0.000981773 0.0622195 3.78303 0.971557 0.146056 1.39464e-05 0.596455 20.7632 2.36519 7.33995 
0.000122417 0.000108908 0.00508204 5.856e-05 0.41374 37.6863 0.321984 8.77606e-05 4.43509e-05 82.2041 0.0255597 42.9646 2.24283e-05 0.275864 2.6741 23.9892 1.42624 5.60689 
0.000101042 0.000525758 0.00156909 4.81739 0.00082096 44.2886 0.000334054 0.0810481 0.0100344 0.171095 0.00373231 112.396 2.49844 2.62981e-05 3.62212 31.3546 1.34851 5.4202 
2.80402e-05 3.26783 0.963381 0.698399 0.000124299 179.663 0.000349092 5.4607e-05 0.00733053 0.533645 0.00241026 20.0557 1.68454e-05 0.162519 0.915065 34.0474 1.56158 5.55466 
0.00215894 0.354988 0.0204417 1.16949e-05 0.054808 1.13474 0.00229923 0.0973018 0.000971283 1.10971 2.30792 21.9743 0.298335 4.14529e-05 0.697717 47.1799 1.61652 3.4794 
0.00315383 5.14503 0.000493598 0.000816216 0.0181051 1.87549 0.00021733 0.202012 0.137328 0.309681 4.7148 0.365738 0.812249 0.0323569 4.01519 27.4549 2.88909 8.04286 
0.00456418 1.42245e-05 4.0799e-05 0.00080427 0.00669087 669.302 1.08866e-05 2.14049 0.291928 0.996759 0.00706979 33.8407 0.078719 0.000125558 0.609502 42.2648 3.30233 4.82997 
0.000131084 0.000365486 0.621055 0.0316805 8.70851 394.311 0.00432966 0.000306427 0.0732068 26.2521 0.20837 9.02378 0.0439022 0.0494004 3.03847 40.0418 1.69365 4.63916 
0.0632397 0.000215867 2.60658 0.000145104 0.015141 0.0374899 3.01957 0.00062622 0.000775614 0.0799463 4.22887 2.25144 0.000130061 0.37055 0.675531 20.1085 1.2419 8.44916 
0.057356 6.7732 3.61095 0.00666369 0.000260027 0.557205 3.50766e-05 0.00764917 3.00149e-05 20.8538 0.00092113 0.494926 3.50399e-05 0.191867 2.42658 23.9241 1.16651 8.54157 
0.0726532 0.000207161 6.30098e-05 0.00011917 0.00607561 0.548973 2.1686e-05 1.18884 0.427209 0.0288091 0.0176478 0.23066 0.310519 0.213857 2.36294 22.6444 1.62145 6.81077 
1.85387e-05 0.000166667 0.00012547 0.0876433 0.000898245 0.35041 0.00241625 0.000725336 2.70978e-05 1.83598 0.00355122 0.770012 0.00100227 0.079409 1.61497 48.3513 1.04102 3.76021 
0.000579667 1.47876e-05 0.00410176 3.84289e-05 8.25836e-05 0.228967 0.0321953 0.00170241 0.327909 10.8761 0.581012 0.0151643 0.000136635 0.075444 3.81527 48.0599 0.585458 8.55956 
0.00378105 0.00655602 0.055614 0.00231803 0.00517505 0.0577364 6.24637e-05 0.260452 0.105679 0.303964 0.010398 186.92 0.000414145 0.00283669 0.42038 4.301 3.19956 9.93843 
6.45203 0.000953839 5.56092 0.0970907 1.0759 226.182 0.00019152 0.000239497 0.304336 2.07864 0.00417788 0.0217172 3.21948 0.0564523 0.432944 47.9291 2.27721 4.07958 
0.197757 0.00872524 0.00254697 0.199752 0.883725 29.8845 0.0333416 1.1144 0.759131 4.6981 5.93793 0.172523 0.118687 0.367898 2.56158 42.2784 2.01826 2.2983 
0.0511492 0.00816994 0.00540672 0.0256333 0.244479 0.0298864 0.0174877 0.090378 0.00143519 1.6877 6.54203 24.4717 6.07221e-05 0.0268668 3.47606 14.7773 0.50513 5.75516 
0.452431 0.110596 0.00228245 0.0070613 2.87473 0.0133711 1.09882 0.735108 0.000118686 75.9058 0.000588263 0.0633732 0.00427125 0.204526 2.89105 40.1602 1.19489 2.71288 
3.9846e-05 3.71119e-05 0.0117838 0.209963 6.68137 3.59709 0.127189 0.00171496 0.00519777 0.0851232 0.0129912 482.871 9.29571 6.79623e-05 5.34553 25.6425 1.5535 9.46008 
0.0397434 5.88456 0.16764 0.000326947 0.00386109 645.047 0.0240253 0.0992679 0.00212955 0.0247737 1.43441 0.0152702 0.0760138 0.0385524 1.16845 36.3123 1.41097 6.80047 
3.45363e-05 0.201104 0.000209003 0.00236067 1.29781 0.508681 0.0523906 0.253589 0.00582564 0.0963995 2.78261 49.6744 0.049075 9.04882e-05 3.27135 37.4102 0.923706 1.14968 
0.000134693 0.057094 0.304682 0.050939 0.000335573 0.869279 0.000284799 0.000255266 0.200865 0.586999 0.00256329 0.171124 0.0215418 0.0458524 1.71662 48.7436 0.513351 9.9629 
0.00140898 0.16242 4.91479 0.67298 0.940108 12.9511 0.00375737 0.0405105 0.00240807 0.012932 0.241812 47.8612 0.455692 1.13093e-05 1.36085 33.8755 2.97468 4.26985 
0.000197696 0.0578796 0.0845333 0.00916949 5.78378 1.24546 0.000549584 0.112815 0.174528 0.0100882 0.0148334 433.069 0.00999112 0.0840663 0.629076 21.3034 6.63076 5.54891 
2.41019 0.214242 0.000285855 0.0338944 9.01496 2141.94 1.40099 0.635406 0.399645 0.0270082 9.57998e-05 4.01214 0.978013 0.0568001 4.16236 39.6804 1.00209 8.4253 
0.00372039 0.000468267 1.12201 0.0125036 0.0772867 222.302 0.0119158 2.00058e-05 3.65593e-05 4.83 1.22158 171.385 0.0368461 0.0787215 3.18158 37.801 1.34652 9.54262 
1.30443e-05 0.000330204 0.000216262 0.000261898 1.2171e-05 35.1264 8.49462e-05 0.141965 0.0165653 0.0523116 9.38594e-05 0.0329682 0.00515699 0.108108 1.03665 28.2695 1.08491 8.77202 
0.0244624 0.000150218 0.00930571 1.00998e-05 3.44869 274.875 0.0379052 0.156883 0.0259152 0.0379653 9.63254e-05 0.399658 0.0124972 0.0926027 2.46656 46.6406 0.84015 3.29539 
0.000121684 0.000250748 2.91142 2.48283 0.165903 0.0510883 8.30946e-05 5.12925 0.818808 3.20862 0.0608075 10.2754 2.36071 0.000200589 4.92823 30.4287 0.576936 4.0049 
0.000208781 9.11315e-05 0.000623044 2.35494e-05 5.59538e-05 0.194353 1.28444e-05 0.0472529 0.000130827 0.401438 0.00100472 42.3267 0.00184261 0.0436763 0.706782 41.8278 1.70182 6.49729 
0.0109348 0.875168 0.0651768 6.31395e-05 4.1763 0.0447768 0.168758 0.00196675 0.0189572 331.781 1.98204e-05 81.9694 0.00332528 0.301665 3.51431 27.9464 2.36816 8.31598 
0.141588 1.51534e-05 5.33734e-05 0.114754 5.76776e-05 633.234 0.000647164 0.157265 0.392259 7.3009 4.08737 138.534 3.70243e-05 0.00364412 2.38144 7.98392 2.19688 2.09467 
0.0796973 1.99133 0.0145798 0.0231867 0.0104349 0.103321 0.000191593 1.16558 0.937096 8.73069 0.0390731 230.596 0.00153878 0.00021932 0.605588 10.202 2.29149 1.44556 
0.000410817 0.000723236 1.4271 0.30107 1.94967e-05 1.51722 7.53019 0.0605556 0.000277381 0.0345115 0.000873422 0.0486911 0.0126895 0.183725 2.04561 42.918 1.59905 3.85414 
0.0113472 0.374356 0.0258324 0.000639874 8.37713 3.85937 1.32147 0.000216557 0.00220867 10.2074 0.00200888 18.0053 6.66129 0.139819 4.2924 49.0218 0.739544 3.35439 
1.17045 0.000245263 4.63917 0.86009 0.000133679 5.26411 0.0217996 3.94324e-05 0.0161851 10.4811 0.00300261 4.55755 2.18943e-05 0.022275 0.449149 40.3928 0.730992 5.70351 
0.00283735 0.00923937 0.00142989 0.045722 0.000851083 0.471646 0.000123858 0.218542 0.121667 216.42 6.87214 403.607 0.0101256 0.0201448 7.3586 16.5441 2.90928 6.13355 
1.53714e-05 9.06334 2.91496 0.0251957 0.0321819 0.528031 1.34426e-05 0.121786 0.0236631 3.73948 0.595964 74.0641 1.77528e-05 0.0506108 1.66308 43.5455 3.42906 2.05114 
0.796073 9.84174 0.0275208 0.000154826 0.00103916 1.9206 2.86316 0.000171682 0.0042994 0.0516897 0.0541988 0.0212513 9.09718 0.000503395 6.55721 30.1645 3.04209 3.31276 
0.000731327 1.61218e-05 0.000356912 0.000264286 0.0119605 27.076 2.06069 0.000727366 0.199575 2.04409 0.0051778 9.09274 1.63098 1.08464e-05 3.28402 41.8405 0.803724 5.89106 
0.00165789 0.000290668 0.595735 3.56835e-05 0.000403989 30.5569 0.0868889 0.00608679 0.913463 349.665 0.000132923 0.107782 1.0198e-05 0.0312194 0.499847 31.1533 0.826113 8.256 
1.29163 0.000720484 0.188786 0.133319 0.000121742 1.81984 3.55252e-05 0.020416 0.00414352 0.0714942 1.20299 0.982316 0.409126 0.0721094 1.68465 31.0173 4.01407 7.72755 
5.31665e-05 0.0504446 0.00122681 0.658228 0.010289 94.5678 5.79735e-05 0.0521438 0.0172526 0.0601177 0.0163048 92.0458 0.0001021 0.00293864 0.364689 31.0998 4.94217 8.2865 
0.0923435 0.000358712 0.00101298 0.000313685 0.0179389 282.052 1.07906e-05 0.418964 0.0168443 1.07851 1.00145 42.8629 1.42864e-05 0.00165897 2.71557 15.9937 0.969225 2.58417 
5.47655 0.141435 0.00118393 0.383055 0.0117832 0.498666 3.68094e-05 0.340148 0.19554 10.6133 1.05551 55.2553 0.000207143 0.0167636 2.08211 16.9051 1.60665 1.15611 
0.000110465 0.36632 0.616232 0.0791086 0.0817545 9.79198 2.70562 0.153333 0.000300266 89.0534 1.46695 368.715 5.58225 0.000164614 3.49373 40.1091 1.74649 6.89598 
0.0254516 0.00301072 5.25396 0.000367724 1.94106e-05 0.0654234 0.0152012 6.49947e-05 5.99241e-05 45.3056 1.89907e-05 0.195936 0.00100031 0.155871 1.79624 42.0194 2.781 6.7127 
2.49197 5.16149 0.00503498 0.112568 0.0217852 2.21427 0.000646817 0.83572 0.0057806 2.2571 0.000259192 0.0436437 0.221434 0.0860427 1.36129 24.6653 1.01644 9.56105 
3.13371e-05 3.38664e-05 0.269814 2.53103 0.0214343 0.850361 0.000743057 1.64319 0.0356078 0.421703 0.769186 0.0181252 0.000451371 0.374989 2.09613 35.3601 3.01013 7.10577 
0.00144677 0.0294086 0.00281961 0.0299213 8.52037e-05 72.0965 6.74005 9.21822e-05 0.880261 0.153095 0.0157598 0.0330592 0.00382806 0.110994 5.10524 45.0398 0.746746 9.68668 
0.190235 0.000441524 0.000121879 0.174175 1.11774 834.255 0.0012845 0.219423 0.02025 2.80973 0.115841 312.586 0.00298663 0.0113508 3.24438 11.1255 1.65496 1.43186 
7.24636e-05 0.136879 0.000288752 0.00189424 2.96228e-05 721.891 0.00287807 2.14152 0.00606829 0.014061 0.166822 177.626 0.000196157 0.48149 3.16178 44.4235 2.84031 3.30481 
6.26151e-05 0.000919517 1.71794e-05 3.02356 0.962036 18.0587 0.00249257 0.0610155 0.00290577 330.884 5.65646e-05 470.762 2.91932e-05 0.134766 1.58753 26.0464 1.04194 8.56931 
0.302395 0.00351194 6.41347e-05 0.437202 0.00560039 1311.81 0.709652 2.64969e-05 3.83438e-05 76.3152 0.0194603 184.25 1.45657e-05 0.266037 1.21679 24.5001 1.95821 3.70741 
0.000698649 4.39122e-05 0.00134136 5.19447e-05 0.000615414 7.33764 0.000649475 0.0129527 0.51199 1.23011 3.25826e-05 0.5834 2.80619e-05 0.0632584 0.432333 36.7145 1.13876 8.55572 
0.00379685 0.000128365 0.00254811 7.00907 0.000998749 0.615676 1.25317 9.11291 0.0735077 0.0727793 8.4318 3.67135 1.87145e-05 0.00855454 3.87671 31.1453 1.14177 4.88027 
9.24516e-05 0.0729166 0.0378052 6.01363e-05 0.00430397 11.2845 0.000124477 0.000230067 0.143623 23.1534 0.000374747 0.886903 0.0616256 0.0768108 0.979912 34.7693 0.686621 7.55067 
0.0140457 4.02015 2.2606e-05 5.12998 6.5066e-05 0.0805225 0.00769687 0.147959 0.000364135 0.10661 0.0677723 4.3291 9.83224 0.0473051 3.01063 34.6582 4.93506 4.92897 
0.154907 0.484833 0.0111872 2.05185 0.00317831 19.6877 0.00175415 0.00125415 0.354221 43.5454 3.26754e-05 2.23896 0.343625 0.176382 0.813034 48.1039 2.0484 9.85035 
2.40946e-05 1.01236 0.341168 2.81876 0.000351351 8.85036 0.000508582 0.251619 0.42908 0.623792 0.00237894 286.631 0.0402207 0.182463 6.98619 13.5801 5.10169 6.41088 
0.000259606 0.216482 0.441607 0.168361 0.05417 0.0347188 1.82594e-05 0.239429 0.00301281 69.6378 0.0604908 0.027674 0.00128523 0.220829 2.15368 46.193 1.73712 5.54822 
0.0210484 0.0282585 0.000296949 0.00208335 0.0335713 0.0584591 0.0104743 0.00724177 0.0129589 0.0166317 0.0295456 47.3799 1.45977 0.00011313 1.18663 28.1697 2.04854 7.70229 
0.102709 0.00125984 2.46464 6.83897e-05 1.8418 6.87138 0.00159709 0.0031819 6.99835e-05 0.820956 0.00969587 7.36662 0.000186054 0.134032 2.49025 28.5401 0.916577 4.46746 
7.264e-05 0.913433 9.29394e-05 0.009049 0.219025 0.204252 0.0114948 4.73741 0.0196504 1.94253 0.336297 343.108 1.12012 0.000906421 3.51738 21.1293 2.06158 2.48633 
0.771488 0.00220962 7.81632 0.0103578 2.28987 15.4431 0.593932 0.000523935 0.174492 1.02873 0.000446775 0.0405349 1.33297 0.140157 0.643715 32.9802 3.02166 7.53034 
1.69142e-05 0.000950815 0.0872336 6.04642e-05 0.000611654 0.0180494 0.0149716 0.372828 0.220628 39.4408 1.90804 48.3113 0.0539913 0.000302405 2.09048 20.5284 1.60629 1.56395 
2.20384 0.00349119 7.92493e-05 0.117791 1.33302 0.018929 0.0121661 0.000856749 0.00456729 0.0591364 0.741129 0.181086 0.0850569 7.56511e-05 1.20068 26.7546 1.08981 5.06453 
0.0186554 2.76343e-05 0.00112265 0.00321979 7.64227 34.036 0.17462 2.08649e-05 0.229504 9.58214 0.000428077 159.847 0.000611205 0.190912 2.47275 39.0178 2.62596 4.1937 
0.00343812 0.000302322 4.94622e-05 0.288062 0.00404173 108.368 0.0361136 0.284044 0.096372 0.0897645 0.00475221 167.435 2.35675e-05 0.00424587 6.67594 28.9706 0.898534 4.96246 
0.214703 0.0120115 1.18586 7.75865e-05 3.71221e-05 2602.79 0.104198 0.0729369 0.00108416 0.01895 0.99355 103.146 0.000228086 0.0626629 0.849021 30.8347 5.49373 1.57088 
0.0795576 0.0219595 0.000647418 0.297206 0.0013573 0.0496915 1.41481 5.9756e-05 0.031737 1.0986 0.00608807 1.99523 0.0555733 0.187701 5.37514 31.2643 0.792497 9.74975 
0.135344 4.63985 0.0982568 5.20466 1.32973e-05 0.0733001 5.64671e-05 0.0367332 0.00116936 0.100403 1.08998 172.56 1.41987e-05 0.00309926 7.59064 12.9121 0.991443 6.79652 
0.000377717 0.00057023 4.04395e-05 0.0118412 0.000368399 0.020296 4.33009e-05 0.000357825 0.000838477 0.0415592 1.4515e-05 0.0136199 0.283566 0.322676 4.27204 47.9927 2.11696 4.00797 
0.000463681 0.914978 0.0346723 0.00194893 0.000104475 26.3335 0.000128512 0.364228 0.00179566 29.4735 0.186448 170.978 6.35373 0.304989 1.70043 33.163 2.34249 3.16877 
0.0010224 0.0128514 0.000425401 0.0616841 0.000862887 1.57325 1.33144 0.000208718 0.000138495 59.9966 0.115345 0.50487 5.82524 0.0355586 0.234667 33.3966 1.64736 7.82636 
0.000427663 0.101532 5.8934 1.28489e-05 0.392501 244.674 0.0056307 3.2337 0.0643347 0.0179942 0.257784 415.601 0.00292345 0.000214571 0.618965 33.6266 0.528713 7.42317 
1.84566 1.16025e-05 0.00271937 0.0544933 2.06989e-05 1.20966 5.46762 0.137534 0.0335054 189.818 2.93407 90.3152 1.06513 2.65526e-05 0.686361 26.4249 2.80149 4.31199 
3.90508 0.0417197 0.19223 0.000596416 0.365853 147.57 0.000693522 5.71221e-05 9.4399e-05 38.1167 1.46811 414.457 0.0407273 0.466613 4.89912 39.0028 2.33792 3.92841 
0.0556962 1.0978 0.000100817 6.29866 0.000726015 7.1893 0.00290851 0.00692364 0.0101336 100.252 2.05006 12.7754 0.0979048 9.42955e-05 2.13274 19.356 0.753797 4.34754 
0.384474 5.55258e-05 0.00212511 0.000298945 0.501833 85.9511 0.0126442 0.136222 0.00130314 7.71403 0.611538 0.34883 6.70382 0.000142401 3.19412 27.9772 1.81595 5.31677 
6.73818e-05 9.92978 0.181877 5.94951 0.11391 1245.75 0.0333934 0.0115019 0.0159196 0.120863 0.0259441 43.1351 0.844213 5.05316e-05 1.88074 38.1408 5.80088 4.43977 
6.68534e-05 0.0398573 0.00213821 5.57787e-05 0.00903593 2539.31 7.66895 0.00382018 1.40763e-05 60.0763 0.570637 3.68666 7.80621e-05 0.328614 7.45658 41.721 1.70558 6.82604 
2.33167e-05 3.84408e-05 0.0253414 0.00889835 1.32431 183.457 3.87252 6.00995 0.000494975 2.30446 2.5329e-05 0.24307 0.0921457 0.181166 4.08397 30.5678 1.01736 3.82253 
4.09551 0.129915 4.18312e-05 2.69329 2.60469 9.97994 0.000519081 0.0167817 0.00122684 467.267 9.41572e-05 6.03872 0.000739685 0.0278851 0.149322 48.1474 1.60654 9.58285 
1.01979 0.0636213 0.027694 1.03724 8.57011 0.143286 7.98177e-05 3.54541 0.424634 56.4779 0.233135 12.8479 0.00109825 2.45664e-05 0.774685 23.3568 0.892645 8.3435 
0.51172 7.79341e-05 0.000987359 0.731487 0.0151832 25.6024 1.92108 0.130068 0.00610384 280.589 0.00807036 84.0787 0.0223385 0.059505 0.42919 45.8484 0.986581 9.08536 
0.0410703 0.377537 3.46635e-05 8.31906e-05 3.36682 0.086791 5.49956 0.000279804 8.65997e-05 5.96968 2.23314 1.87384 0.00528621 0.269184 2.76481 46.1007 1.76387 1.73831 
9.97184 0.000905011 0.476825 4.49777e-05 0.833296 0.283592 0.00134369 1.42068e-05 0.000374288 2.13126 0.379935 24.0277 2.8769 0.00244371 0.762502 42.5818 1.5533 7.73045 
0.0686054 0.000194041 9.97971e-05 0.102768 0.736371 25.373 5.8884e-05 0.0640954 0.00742763 14.2182 0.198084 3.02351 2.3053e-05 0.32385 1.09184 41.3581 5.84232 7.23525 
0.422308 3.60789e-05 0.832327 3.16356 5.6642e-05 0.0243884 0.347579 1.9514 1.12981e-05 0.0746557 0.000633238 0.167768 0.039875 0.146905 1.42693 29.7179 1.12357 9.04524 
0.0388736 0.0015476 0.0169259 0.00798549 0.0114731 0.017021 0.481165 0.139003 0.0132696 0.832357 0.0756565 366.698 0.000983697 0.00494432 1.77344 48.1269 8.07126 2.04989 
0.900886 0.372469 0.719506 0.0711186 0.0566118 0.388234 0.011452 0.197942 0.366582 0.546623 0.137763 2.59637 0.207944 0.00020998 1.23069 41.3733 2.48645 6.10472 
0.000184741 1.73174e-05 0.000121248 3.39226e-05 0.365235 334.013 7.6391e-05 2.20723e-05 0.00164835 0.0160259 0.0279157 0.235019 0.000104453 0.0497074 1.16756 30.1609 0.629457 8.3484 
0.00454419 0.0759011 4.10774 2.87579 6.73965e-05 142.028 0.0570415 0.000107523 0.158414 0.0259339 0.000207445 1.44368 0.00228496 0.272732 2.95449 36.4402 1.54381 4.09331 
0.0330826 0.0115733 2.1858e-05 0.0185456 0.599122 1030.13 0.00328966 0.0138928 0.00383245 0.0943593 0.217059 174.452 1.11867 1.98676e-05 8.66039 12.9287 1.41181 5.61768 
0.000674772 0.995164 0.616151 8.69778 0.0375193 1.70007 2.72239e-05 0.0910247 0.6688 0.758283 0.00311757 403.518 0.00872769 4.52245e-05 0.670526 9.30102 4.65259 9.25095 
1.8954 1.57728 0.00178899 0.00319197 1.9428e-05 342.616 0.00133391 0.000901783 0.328909 0.0154655 2.66278e-05 14.9643 0.454795 0.386467 2.80423 23.8316 2.06253 4.84121 
0.276531 0.000420106 0.000240878 0.000300499 0.000173862 733.521 0.502269 1.35659 0.0648627 0.0243699 0.235176 32.2469 0.00499469 0.0186021 0.347052 44.0401 1.9231 5.3492 
1.51548 0.00200875 0.00158362 0.855822 0.00151251 56.2512 1.68913e-05 0.0002773 0.0336424 0.326901 0.0823225 0.0147743 0.0001163 0.163802 1.51487 24.8618 1.04248 4.10702 
0.000122021 0.65333 6.64147e-05 0.000132875 6.45187e-05 3.01205 0.0128107 9.9217 0.17883 0.48762 0.00237672 10.9578 0.000659894 0.261048 4.20596 34.8594 1.22041 9.82189 
0.002158 1.38662 3.27323e-05 0.00177703 0.195021 122.131 1.94166e-05 1.40423 0.000160374 54.5026 2.83692 6.73743 0.105222 0.0812233 0.448677 47.0163 3.77525 8.24345 
6.3678 1.88961 4.79058e-05 0.01133 0.00159766 247.303 0.00179333 1.03279e-05 0.186285 1.13475 0.00147914 16.8723 5.7889 0.229022 0.996208 31.0021 2.78341 5.72316 
0.446217 0.0130638 1.6313e-05 2.03699e-05 0.192773 0.691769 1.4286 0.0142122 0.000254129 0.0162043 0.053184 6.19523 0.000340371 0.243312 2.22356 28.859 0.945283 3.15047 
0.790461 1.16873e-05 0.000318514 8.96144e-05 1.98034e-05 7.94792 2.7649 0.754665 0.000442137 112.989 0.102508 114.459 0.0505489 0.111524 2.1914 35.684 0.62283 9.07845 
0.000578945 0.000177124 0.00274802 0.00152761 0.00188936 0.523517 0.00348686 0.271964 0.195004 0.765656 0.00131178 311.407 0.0282992 0.000441303 8.12012 25.3149 4.30946 5.07027 
0.0221636 0.00137682 1.31759 0.000191929 0.142317 618.548 0.00429828 0.039592 0.848385 74.1977 4.07868 73.2145 6.98711e-05 0.000209473 1.75085 31.3866 3.21037 3.02092 
1.70708 2.07005 0.430775 0.258694 0.000785642 0.0170799 6.35845e-05 0.00248264 0.033461 7.96459 0.256788 23.9888 4.66577 0.00276274 1.01906 46.961 1.49537 7.84945 
8.07451 0.0648625 0.000108128 0.00874642 0.00269695 863.44 0.000880843 1.39511e-05 0.0399058 283.086 0.000165447 0.0210215 0.0102351 0.172187 2.53598 31.2266 2.52936 9.65271 
0.011166 0.00795967 0.722119 0.0954064 0.00167113 14.1101 0.000730611 0.000310959 0.000214964 60.0836 0.000417728 0.0809044 0.00156324 0.0396106 0.796475 45.0833 1.20246 4.53549 
2.79425e-05 0.33602 0.371893 0.0216302 3.96428 4.20486 6.71628e-05 3.00428 0.0135199 221.373 0.041458 213.833 2.54797 0.224878 1.53201 35.7484 1.85231 3.41822 
0.132909 0.167419 2.04357e-05 0.0143143 0.0131263 882.579 0.000260937 0.242044 0.00349679 0.147495 0.0506775 306.731 0.103449 0.00579634 1.20117 18.1655 4.40948 2.16925 
7.57716e-05 3.35479 0.0819685 0.330973 0.00239331 0.0322769 1.18152e-05 4.78228 0.0399616 0.0276982 0.00342568 261.59 0.00104041 0.000241142 1.37428 45.9855 1.00694 5.48218 
0.00013484 0.0545382 0.00136492 0.829147 1.1684 4.26725 4.00251e-05 9.6169 0.371192 1.36211 0.0307985 126.321 0.0428785 0.000417536 5.4671 36.5655 3.80121 7.07011 
0.0114386 0.000291149 0.00510093 0.729456 0.000129096 1211.8 0.0507598 0.725985 0.0352412 0.588352 0.00828215 51.4697 0.0792884 0.0550057 2.29283 37.483 1.05598 9.52946 
0.000955919 0.00155098 0.318654 0.00139393 3.107 1.7176 1.39549e-05 0.000376263 8.54907e-05 206.973 0.43275 3.14519 0.300866 0.0823818 0.965529 33.2249 1.16164 7.81224 
1.42648 1.17519 0.240845 0.33345 0.000587008 6.64046 0.00120028 0.129674 0.0158386 10.3792 2.37947 41.43 2.59013e-05 0.00259128 2.1956 14.4462 1.48372 8.83754 
0.00983297 0.000344584 8.15694e-05 0.000650278 0.00209021 0.328789 0.0638372 0.0164488 0.0469307 103.581 1.25358e-05 0.247845 0.00190507 0.484822 3.34947 18.4693 1.9574 6.35312 
0.934922 1.80353 0.89284 0.000627321 0.0225987 1.44125 1.54363 0.593158 0.0228772 0.455426 0.955075 360.813 0.0804926 0.0247991 2.8587 3.99019 1.21029 3.01496 
4.72506 0.0474067 0.000103601 0.286246 0.398335 0.681034 0.00044579 0.641642 0.00222507 0.0142063 0.0709354 0.553511 1.29556e-05 0.0575214 0.252929 40.3864 1.57941 5.38445 
0.00108738 0.00456307 0.849411 0.0653658 1.41532 210.895 0.000219471 0.120883 0.00164791 0.0323013 1.48295 260.312 0.000233684 0.000368176 3.13813 10.997 2.20126 3.57602 
0.363072 0.000614604 2.16753 1.22662e-05 7.07359 0.965812 0.00624748 0.00191288 0.210523 286.951 2.40403 265.622 0.326441 0.000245574 0.838305 29.4505 8.09675 2.26246 
1.13436e-05 0.215095 6.27304e-05 0.033736 0.00781476 0.133328 0.176905 0.145652 0.00830017 19.2485 5.27347 114.301 1.8576e-05 0.10477 3.16029 18.7944 1.14437 2.10079 
0.0540922 1.74906 0.000605655 1.11086 3.95236e-05 0.0145201 1.23713 0.117389 0.0385717 28.1761 0.0027724 2.16425 1.39321 0.190451 2.38613 37.3402 2.38188 8.405 
3.97276 0.000176926 0.074101 5.13225 3.42535e-05 0.60838 0.0154587 0.000106537 1.83339e-05 11.4805 0.0293546 0.0180296 8.22661 0.167923 5.29901 37.9084 1.12836 9.59678 
3.99111 1.74515e-05 8.82063e-05 4.80229e-05 2.322e-05 21.2749 0.000555688 0.00578863 0.0258856 0.455821 1.36002 0.81332 0.4523 0.000743178 2.39239 43.586 2.0105 4.07278 
0.000108769 0.0124571 0.220688 0.013786 0.239183 1.53519 0.00173425 9.41389 0.0193554 0.330561 0.0164736 205.088 0.09214 4.54144e-05 0.648246 24.2273 1.1772 6.40446 
1.25031e-05 0.00106373 0.0229406 0.0190039 0.00719389 0.106307 0.896001 0.0373534 2.75936e-05 0.160631 0.00953943 0.0172724 2.23881e-05 0.566561 2.30774 39.2722 3.56204 2.54091 
1.48112 9.07863 0.0169505 0.0154061 7.63518e-05 0.0597448 0.173245 2.21834 0.233049 1.10101 0.0109465 210.505 0.529322 0.353766 1.94314 16.4747 2.31821 2.33012 
4.29635 0.166912 0.0683455 0.824867 0.0326208 5.07559 1.52937e-05 0.0854206 0.015172 0.365584 0.0102141 37.9205 0.0859735 1.61695e-05 7.43943 45.5745 3.075 8.37559 
0.000439631 0.000353226 5.12963 0.00260221 0.0380061 4.26512 0.00190933 0.00753297 0.00601802 0.318955 0.160006 383.478 0.000596557 0.00152244 3.93415 7.01094 1.99318 6.366 
6.54367 0.000142365 0.000173806 0.00626211 7.31683e-05 1814.45 0.000307016 2.33859 0.0643411 2.68951 0.0123555 103.375 4.27881 0.0231299 2.27154 44.8735 0.902254 7.34944 
3.71868e-05 0.0636121 0.161207 0.0073723 0.00309112 1.71753 3.04813e-05 6.73279e-05 0.000185207 0.330461 0.682154 9.30528 0.00075668 0.000118141 2.19137 31.0929 1.73885 6.35031 
0.00163907 0.0539278 0.0334355 0.00567089 0.157733 1918.99 0.0035274 0.00887652 0.459745 0.475524 0.0155952 245.59 0.00218123 7.34575e-05 1.23058 8.61436 3.59854 2.20477 
1.97823 0.00259839 0.0626428 0.129957 0.114453 225.756 2.05286 0.191778 5.96437e-05 4.39868 9.92135e-05 15.8105 8.23016 0.329913 2.54873 24.1024 2.39242 6.8539 
2.87646 9.38901 1.83072 0.223834 0.0532365 0.186546 0.0321206 8.68677e-05 0.00565577 0.421188 0.0017316 2.35124 6.01815e-05 0.257843 7.49968 31.1409 1.23811 9.69236 
1.96873 0.00011602 2.79208e-05 0.318091 0.000380409 0.0136306 3.57156e-05 7.21296 0.0682079 4.81111 0.126011 56.4673 0.44006 0.00439414 0.354621 36.406 0.617477 8.40987 
0.000321563 5.88664 0.844852 0.00556197 1.1906e-05 0.0318157 0.0647498 0.000877178 0.693683 1.50615 3.30275e-05 0.0795826 0.50619 0.174194 3.2459 24.4793 0.737449 6.95909 
0.502081 0.125655 0.000136567 3.60096e-05 0.0688798 32.2023 0.0059675 0.000256432 0.099712 10.413 0.00292296 42.1686 7.1355e-05 0.0970324 0.965039 46.3515 1.20516 1.91276 
0.000369981 5.45603 0.879332 0.0868048 0.00403806 2.29321 0.014917 1.37502 0.0326382 0.069464 0.0162877 345.518 5.9646e-05 0.000121518 0.473441 47.039 4.01504 1.22298 
5.60789 0.294035 1.90313 0.00290012 0.687049 29.9935 3.57523e-05 0.0116889 0.000173557 1.38645 7.07769 315.872 0.0280232 0.109674 0.680975 32.8495 2.11925 8.04835 
0.00346037 0.00327553 3.97204e-05 0.00181771 0.0020997 1.96381 5.93344e-05 0.0404831 0.135488 14.0413 1.23296 22.9167 0.00282543 0.0975778 1.7529 23.3716 3.8334 7.70445 
0.00368491 2.37536e-05 0.00327807 1.91948 8.44883 837.72 5.3644 0.259543 0.18098 0.0966452 0.126617 169.283 0.0108477 0.000922458 5.3032 42.2286 0.910485 3.8893 
0.00243833 8.85165e-05 0.00272194 0.000175972 0.0185801 495.155 0.000365307 0.000537986 0.0062942 3.56085 4.74074 11.1721 9.35596e-05 0.00098238 4.79287 42.6118 0.834663 6.43262 
0.000415732 0.000296268 0.0260168 3.71533e-05 0.209067 11.8789 7.59366 0.00979765 0.000148825 1.04269 3.47601 191.919 1.26813e-05 0.102578 0.786865 46.5057 0.78557 4.84294 
0.0197509 3.74601e-05 0.00116849 0.00271374 1.0078 81.4357 1.01126 1.10406 0.0295902 0.247639 0.014746 249.849 1.99432 2.40476e-05 1.81281 17.4815 1.01911 9.1415 
3.01496 0.387201 0.0133274 0.295907 0.191524 220.034 4.00532e-05 0.354934 0.00132477 0.223177 3.40428 341.018 0.485242 0.00328152 1.30461 6.6282 4.80877 6.26146 
2.00424 0.000895693 0.00182188 0.000385323 0.0178754 309.855 0.0895358 0.00360432 0.168583 0.0285904 0.00625801 0.0562248 3.56066 0.0231821 0.44989 39.4194 1.21124 8.31427 
8.38262e-05 0.0783418 5.01099 0.000101364 0.0083302 23.3515 0.717442 0.00556417 0.014528 0.0172288 0.000158454 0.336702 3.45989 0.0104909 1.80137 38.217 1.45293 7.5779 
0.112017 0.013129 0.0676864 0.0427809 0.000998764 5.38182 0.0260934 4.9743 0.269503 2.24002 0.393755 134.461 0.0330608 0.000467653 8.84721 25.5705 2.8797 7.11524 
0.812442 0.243881 0.0354718 4.00182e-05 3.45951 74.521 0.222161 0.964367 0.0445239 72.9076 2.57557 320.922 0.0372441 0.000199957 9.21881 46.169 1.64856 2.00112 
2.94367 0.632051 1.38845 1.08689e-05 0.000387702 54.3026 0.0126753 0.00968973 0.511587 37.9106 0.386852 12.9778 1.14031 0.00430296 2.18785 27.588 2.97704 6.22182 
0.000402228 0.0174837 0.0245441 1.77012e-05 1.62603e-05 0.0676692 0.143597 0.000100453 0.00111356 2.79867 0.00606789 73.1195 4.97471 0.00126755 1.78529 44.5014 2.32879 9.89535 
0.00305027 0.00232061 0.000391079 7.07916 0.269117 0.386968 1.8347 8.3833e-05 0.000363959 57.3977 0.000262814 4.52874 0.0433465 0.0478425 0.307231 47.489 2.12781 9.25695 
0.0866276 0.636886 0.0237636 9.89997e-05 0.181448 470.641 1.26856 5.63105e-05 5.40288e-05 381.152 3.68548 0.629649 1.9196e-05 0.096664 1.57319 26.955 0.984539 9.02778 
0.00354659 0.000127072 0.111122 0.0205878 0.00207464 47.0935 0.0033798 0.0010485 0.318671 1.54694 0.00020586 17.9719 3.39279e-05 0.262948 6.15182 43.3303 1.29257 4.30938 
2.61192e-05 0.113491 0.000166562 0.00012277 0.686875 1710.39 4.55285e-05 0.00802801 0.000605034 148.129 9.83095e-05 0.629241 0.00956797 0.261868 1.53122 40.4401 2.38457 9.90506 
0.0225389 0.00855932 4.86682e-05 0.00915923 0.000749724 6.16705 1.26222 0.000435453 0.171425 3.30629 0.31026 0.545083 0.669625 0.18537 3.59929 44.4261 1.24152 9.42649 
1.09656 0.15232 0.0550646 0.0360605 0.000201084 0.184062 0.0253622 1.04573e-05 0.0552752 0.70253 0.054669 2.03105 0.00780476 0.000158988 1.59875 41.243 0.774335 5.20216 
0.560139 1.10941 0.00540427 0.000988053 4.49628e-05 328.484 2.42363e-05 0.0510134 2.54089e-05 4.34911 1.03875 17.8538 1.18421e-05 0.214188 3.00121 39.6227 2.18002 6.66521 
0.0335145 2.74547 1.85217 0.0110398 3.68108e-05 3.70923 0.0126767 1.92775 0.386349 1.31301 0.094988 51.1728 9.34176 0.000646601 9.25424 22.8819 0.803942 9.1203 
7.55825 0.0695193 1.07998e-05 1.87491 0.000168103 1.77789 8.17876 0.000235201 0.0623043 1.49965 0.000329203 83.5875 3.00193 0.173042 1.80784 49.4935 1.94067 2.33606 
8.74263e-05 0.149008 0.0770284 0.00204295 0.0193455 69.341 0.0100275 5.08926e-05 5.29489e-05 0.0914952 0.000514729 0.0113943 0.0019966 0.39118 8.58104 40.4692 1.51428 7.32794 
2.57899 1.26631e-05 0.00148926 0.00174473 0.00160431 767.334 0.00898411 0.223665 0.413038 2.36243 0.000122413 0.0331199 0.00638329 0.125005 1.75321 33.1541 0.830791 5.84269 
0.341177 0.00618317 0.00150788 0.172788 0.000200817 0.0864425 0.160148 0.0306148 2.83432e-05 17.8453 0.104279 1.09226 9.27143 0.203502 1.65028 37.9797 1.92672 4.34082 
7.81522 3.67629e-05 0.000207537 3.4607e-05 0.0568084 0.690127 0.00035839 0.238242 0.0743565 0.0288499 2.49561 496.303 1.58399e-05 0.0187187 5.07718 9.57805 1.58344 4.27625 
0.000401391 1.75066e-05 4.85479e-05 0.314159 0.000655714 291.153 0.00212925 0.136285 0.0147715 2.25507 0.23098 249.525 3.03863 0.000121098 1.32157 29.7329 4.78779 5.29728 
1.18188 0.000316728 0.0231256 0.000134383 0.0153706 0.517808 0.00025315 0.00041067 6.05145e-05 1.00134 1.71212e-05 0.388028 0.000121101 0.0337391 0.531405 48.0681 1.28435 9.673 
3.52166 0.000605596 0.000372747 0.278182 0.0338811 433.082 0.00199629 2.95369 0.182305 0.0509254 1.02551 4.33717 4.53242e-05 0.00442211 2.13216 45.9411 1.92037 8.0767 
0.00903414 0.789376 4.72177e-05 8.6108 0.00127061 4.21369 3.38832e-05 0.0546008 0.0546602 1.10737 0.096369 43.6526 0.0125596 0.151173 1.03272 16.9159 2.72466 7.85865 
7.8152e-05 0.0145884 4.81622 2.91141e-05 1.64343 131.429 0.676689 0.291667 0.0717114 0.0475089 0.0636617 30.632 0.815083 0.00128055 1.81202 44.4207 1.25141 3.99671 
0.00046109 0.0107972 1.79024 0.0120413 0.0308127 0.0501071 0.0105761 0.0609783 0.369292 0.086543 0.0477738 83.6814 2.11415e-05 0.000882084 0.715219 45.3205 6.46515 5.68632 
3.15158 0.00106949 0.000171659 2.7629e-05 0.00898758 22.9655 0.000769148 0.486692 0.000717173 0.0171893 0.00918888 10.378 0.374466 0.0319309 1.84752 49.3029 1.66846 8.51923 
1.33377e-05 0.135715 3.86794e-05 0.852052 0.000495417 3.06872 0.00211578 0.0196496 0.000330858 28.7441 1.16499 219.861 3.8195 0.00015225 2.52364 34.4305 0.745818 8.15561 
0.000121476 0.031593 0.00030481 0.000119057 0.00221226 4.62187 0.013033 1.39314 0.000114086 96.6373 5.9433 4.22041 2.66212 2.9842e-05 1.38903 22.937 0.880863 6.92625 
0.000246975 4.58946e-05 0.183355 0.0262163 0.000137898 1.22793 0.141371 0.406331 0.033711 0.36315 0.146993 168.876 0.0207198 0.000478425 0.334124 33.3515 3.20174 3.20685 
1.27468 1.03116e-05 5.21461e-05 0.00152473 0.000631556 25.3775 1.27267e-05 0.0863538 0.0753793 2.58764 0.00362202 112.883 0.191023 0.297154 1.53085 42.5931 3.38788 3.3718 
1.85271e-05 0.000926797 0.00145203 0.134838 3.49823 5.75862 8.74057 0.000148345 3.71465e-05 0.0197543 1.43686 59.0456 0.0584608 0.239851 2.24708 43.1433 1.61072 3.78148 
0.00122329 4.0114 0.0036239 0.846316 0.0001423 1669.38 2.49655 0.00304615 0.000284804 57.5333 0.0385392 0.0886293 0.0640806 0.192377 3.3354 28.5235 1.39363 9.88974 
4.06597e-05 4.18798 0.0705913 1.23919e-05 0.0320968 17.7092 6.49584e-05 0.281252 0.000105868 4.00365 1.14082 1.19344 2.73817 4.36463e-05 4.91411 22.1208 1.03692 8.31903 
0.00439494 0.000554623 0.000342425 0.00158508 0.00722871 1983.8 0.239041 0.0376123 0.647627 389.019 8.04071 297.231 0.338053 0.000235074 5.50924 9.20351 3.552 4.61501 
0.000859368 0.000827817 0.0153974 4.47645e-05 4.57386e-05 0.189126 0.000873254 9.87136 0.0807781 0.280925 1.69186 106.136 0.00340564 5.41891e-05 1.57567 32.8216 1.33764 1.09575 
0.0292533 1.38913 0.000161068 4.97899 0.656682 13.4955 0.000120345 0.000786987 0.00192473 26.0834 3.46035e-05 0.241518 0.000979677 0.0896647 1.00076 40.0664 1.72299 6.52705 
0.000291112 0.015948 0.157519 0.000781301 0.000161661 0.336461 3.1264 0.0231737 0.623166 35.4863 0.389153 193.5 8.55259 0.00212625 2.21835 39.7417 1.2219 2.78521 
0.000962892 0.0474812 0.0595747 3.66942 0.0202452 211.51 0.0175863 7.1915e-05 1.61177e-05 0.772105 7.84801e-05 20.1309 2.17044e-05 0.150848 2.41212 29.3234 0.877498 9.79676 
0.015483 0.000211961 2.31883e-05 0.438755 6.27541e-05 27.9096 0.000263789 0.0598911 0.0104216 0.228776 5.25008 177.866 0.130275 0.000191763 2.29005 7.79034 6.21916 9.32506 
0.0125048 3.20667e-05 0.000108636 0.121983 0.283219 1.68169 2.35786 0.00740273 0.00632159 4.16885 7.55806 14.3201 8.87311e-05 0.00792223 1.85809 25.5594 2.25418 8.12475 
8.31527e-05 0.000682717 0.186798 1.45125e-05 0.0265049 52.1642 0.000960129 0.00740128 0.0339727 0.0967084 0.00164669 0.183382 2.86542 0.034852 0.407304 40.6374 1.81982 5.35961 
0.000903508 0.635109 1.2701 0.000239809 0.255622 1000.77 0.0502006 0.00468733 0.000181763 172.24 2.59491e-05 3.96706 0.082281 0.0399492 2.04146 49.3008 1.31847 8.73264 
5.22757e-05 9.97165 0.0796464 0.427522 9.82619 92.2239 0.00415051 0.446654 0.0335915 25.5 0.744974 28.892 2.2808 0.085558 2.21563 26.5278 1.07487 7.30449 
0.666042 1.04711e-05 0.00289171 3.57825 4.19698e-05 0.0595472 0.0028446 0.868452 0.211386 16.3146 0.735846 0.0203741 1.28063e-05 0.390139 3.30566 21.8086 1.50013 7.71224 
5.29261 0.00304786 0.00021032 0.000129304 0.237101 275.992 0.100726 0.00325036 0.0344511 3.93651 0.00597939 0.993683 0.00174328 0.171906 0.934111 33.6427 2.41647 8.49708 
0.475574 0.00784709 0.0526874 0.786907 0.000488905 2.82765 1.59665 3.71201e-05 3.56329e-05 3.3269 0.00109231 76.9659 2.08967e-05 0.0230044 0.390722 48.557 0.90398 9.90359 
0.000248583 0.00342603 2.88457e-05 6.02225 0.00102579 483.27 0.000205964 0.000657722 0.000769759 0.0278125 0.0859789 0.0108057 0.54265 0.0655589 2.88649 35.6591 0.848141 6.88206 
1.52016 4.85466 0.000333667 0.0745356 0.0867721 374.533 0.243659 4.25246 0.00356394 0.0256847 0.650706 0.200827 0.117721 2.23101e-05 1.67399 37.0842 1.15694 3.42915 
0.453392 0.00280687 9.81406e-05 0.0770623 6.18033e-05 0.470427 4.20857 0.00233134 0.116148 4.45695 0.000105515 0.309536 0.151732 0.216647 2.55718 29.2996 1.72439 6.03772 
0.616862 4.73207e-05 0.000170034 0.0018609 8.59657e-05 2.84152 0.00069704 7.76015 0.0677881 0.108292 0.140443 170.935 0.000122308 3.17005e-05 0.622061 45.8415 5.65833 6.03775 
0.00433308 1.22508 0.000352921 0.000303022 0.000241409 26.8826 1.33037e-05 3.68969e-05 0.0663894 11.1994 0.224674 0.0478724 0.0248537 0.0435623 0.637065 46.7363 0.811388 4.95856 
0.449302 0.0403057 0.00194658 0.00252699 0.00521902 1.62671 0.000641753 0.0354731 0.0688036 153.222 1.66619 394.258 4.82315 0.00022942 0.554805 7.46175 4.2557 3.82095 
0.000310641 0.817737 1.22839 2.52238e-05 0.611502 0.0132251 0.0591238 1.26606 0.111643 52.5638 0.0392807 0.89573 0.00283656 0.0881692 2.58457 48.9183 0.656765 5.67326 
9.18277 0.00608649 1.62666e-05 3.25362 1.13198e-05 0.172779 5.75667e-05 0.797097 0.0725857 1.80391 0.0773993 92.557 0.000337632 1.78941e-05 1.12973 11.7495 1.15339 6.75184 
0.00184487 0.676671 0.302653 0.103708 0.0154908 32.3278 0.00359157 0.100686 0.180653 0.717842 1.18268 230.939 3.76369e-05 0.482614 1.57528 6.76843 2.42759 5.72062 
4.90522 0.000932492 0.00103285 1.03187e-05 0.001572 8.14682 5.04442e-05 0.00208816 2.94485e-05 0.155674 1.83446 2.41671 0.166835 0.000754431 2.56764 40.4062 0.619913 5.38548 
1.45466e-05 0.00714401 0.0794235 0.237266 0.0334741 22.4892 0.0105422 2.31637 0.000287869 0.191048 2.81522 229.725 0.559481 2.44316e-05 1.09162 47.2792 6.63052 9.23032 
0.000438061 0.418718 0.000786021 0.105159 5.9465 0.0133403 0.00263264 3.92166 0.613061 11.3349 3.34937 219.029 0.0095401 0.000179023 5.72138 33.149 0.973882 3.85463 
0.227727 0.634553 8.35049 7.75073 0.00146403 399.893 0.0130482 0.028785 0.000173472 0.0182521 8.73349 208.515 0.0015852 0.00215019 3.94605 10.5509 0.699229 9.02378 
0.00691477 0.00427399 2.80202 0.000605887 0.0218844 0.0112124 2.43669e-05 0.0518731 0.0538316 24.158 0.561128 108.667 0.00133242 5.30344e-05 1.58803 10.6864 0.893703 5.93487 
0.000501167 4.37677 0.000366222 0.000446475 7.02053e-05 115.101 0.0215596 1.14498e-05 1.31164e-05 6.4329 4.19208 0.0430148 2.14659 0.0217727 6.52964 32.0522 1.41031 5.90081 
2.548e-05 1.20466e-05 9.90373e-05 0.167049 0.00103322 0.0274713 0.0125715 0.000319701 0.000841251 159.202 0.000130868 0.0164668 0.0124058 0.101237 1.32137 42.2911 1.31848 6.74282 
1.39707 0.000299745 2.81555e-05 0.000140702 0.175641 0.0335701 3.23388e-05 0.08906 3.54323e-05 0.361878 0.0208783 0.0638398 0.557736 0.245833 2.64612 30.1246 1.20388 4.95788 
0.00126589 0.00226491 2.32967e-05 0.000305648 0.844129 666.783 1.98244 1.60548 0.151096 1.65047 0.0013666 15.4216 1.05065 0.421541 6.26401 40.284 1.82434 7.83999 
0.644558 0.15813 0.0103756 0.0589414 0.00498739 73.1737 0.00183279 0.127049 0.126121 0.0375673 0.0127426 483.315 2.53239e-05 1.49007e-05 2.40932 7.9521 2.52976 4.69787 
1.42543e-05 0.00012943 0.000503981 0.00368333 0.00567135 0.321037 0.00178674 5.58483 0.154461 0.61131 4.43103 19.1062 0.000345006 0.00552062 2.02322 31.4185 0.851332 6.96243 
3.78565e-05 0.00782161 6.27091 6.88933e-05 0.000102513 0.222505 0.108795 0.0349772 0.0169496 0.0533409 0.0330138 338.367 0.790375 0.00723763 1.79458 15.8754 9.75754 5.22267 
0.00402594 0.00214172 0.00469856 0.0191978 0.00347965 9.68566 0.694385 0.019085 0.00072706 0.0145161 7.14648 128.586 1.29199e-05 0.846673 1.20887 21.3417 3.04766 4.82296 
0.000868151 0.000148871 0.0477767 0.00694578 0.000284068 534.802 0.0032604 0.242936 0.399477 0.43976 0.00444271 38.7605 0.000290264 0.0783309 1.10533 40.7374 5.10011 8.8364 
0.000116274 1.41553 0.00326718 0.000232159 0.0910377 10.7794 0.0433213 0.283688 9.5726e-05 0.120565 0.0168555 0.515171 0.281796 0.0766932 2.19212 47.2324 0.861219 8.09092 
4.12805e-05 0.000378005 0.231227 0.1666 0.00470032 230.761 0.000293942 0.3869 0.0114118 0.175135 1.00191 131.537 0.000253472 0.131542 9.70213 23.1003 0.962989 3.05651 
1.24923 1.3948e-05 0.000458907 0.00305247 0.0116044 1802.92 0.00485997 0.000111366 0.006756 36.7652 0.591576 0.396953 0.00873945 0.308649 1.80222 27.0809 2.45569 8.97224 
0.00452851 0.219229 1.82787 0.00274913 0.799053 2.8154 0.0673039 0.224587 0.0417361 2.13968 0.315909 229.566 1.39252 0.000197376 5.63015 20.1408 1.47994 2.70488 
3.57841e-05 6.57481 0.0682291 0.000944843 0.000141525 0.116248 3.8834e-05 0.196782 0.379735 2.03018 0.128058 98.7321 0.295778 2.58588e-05 3.13671 40.698 3.52346 1.85785 
0.00419216 5.19786e-05 0.00831839 3.73998e-05 0.000522981 1334.57 0.00938504 0.561893 0.058107 0.148825 0.00430042 12.677 5.4583e-05 4.51117e-05 5.15321 48.9364 0.819182 3.70685 
0.0523329 2.46441 0.815399 0.026446 1.54236 337.331 5.85951e-05 0.0259477 0.0924425 4.82029 6.33138 7.05622 0.000741699 0.000671149 2.41449 32.151 2.54666 8.01345 
0.00840677 0.00172795 3.33059 1.59192 0.258838 41.8811 0.0138593 5.71978e-05 0.143803 9.33861 0.00627436 5.79985 6.75267 0.000125751 1.28605 25.2212 2.00771 6.47527 
0.0479331 0.22086 0.00332651 0.736399 7.12326 35.1849 0.896809 0.437474 1.50284e-05 0.444116 2.71588 10.0422 0.346177 0.00164379 1.45414 45.5003 1.79664 5.34348 
0.068695 0.000203445 2.15989e-05 0.000713531 0.0112348 21.2783 1.45972e-05 3.07875 0.00438273 0.0220144 0.202719 382.407 0.000528443 0.0721265 9.22345 21.0424 0.723899 2.25211 
0.074051 0.0461341 7.85493 0.000396588 0.0375338 0.0180774 0.000999088 1.20705e-05 0.0020352 0.587051 0.000612746 163.684 0.853448 0.0168675 0.56743 36.9686 0.701519 9.80571 
0.221005 3.32466 1.29374 0.000106038 0.000186977 37.1393 1.58044 1.07835 0.000588017 0.76223 2.26144 18.2785 0.450376 0.00150402 1.16808 40.0717 2.20477 4.70181 
0.00101855 0.512917 0.00430201 0.0616743 0.20558 839.488 1.60002 0.00156826 0.000134542 1.01002 2.2314 33.601 6.29656e-05 0.112691 1.4507 49.668 2.00492 8.57159 
7.9531e-05 0.0360069 0.0427355 0.00255911 0.0195002 2.27002 7.76148e-05 1.00687 0.363678 9.40931 0.0553556 101.206 0.968952 3.38382e-05 1.26479 39.7804 1.8264 0.501115 
7.00388e-05 4.05312e-05 0.0013218 2.18312 0.800979 1733.24 0.00294135 0.0816984 0.0186463 0.241205 0.0849841 229.25 0.0643748 3.24731e-05 1.99817 3.79512 0.694321 7.98574 
0.00103047 0.000144636 0.000629739 0.000235223 0.000369911 30.5244 0.0213695 0.0041796 0.013723 0.047495 0.104016 0.0357611 0.0651861 0.221554 1.28429 40.9157 2.84281 7.27639 
4.05127 0.00209083 0.04247 0.00667473 1.17267e-05 0.142509 1.67953e-05 0.596312 0.133287 1.91442 0.0439376 351.19 5.46442 0.000740496 3.35648 33.93 0.861703 4.3958 
0.00118998 0.000231086 1.95147e-05 0.351146 0.000127949 25.8118 0.0398674 3.02286 0.539831 1.52958 0.0302376 3.62614 8.00405 0.0229958 2.14087 32.6674 0.818296 3.30767 
0.0067989 3.20411e-05 4.6401e-05 0.185781 0.0010335 0.0884932 0.321812 0.52397 0.00908537 0.27781 2.30743 132.646 0.00134458 0.00267922 1.20826 29.0542 1.79362 1.74196 
0.000157168 1.89569 2.40192 0.00206845 1.93191 1.03087 4.12169 1.15392 1.01188e-05 0.072294 0.00105975 205.169 1.06706e-05 0.365418 4.6856 23.3543 1.59935 8.52593 
0.381766 0.00692996 0.00109365 6.12558 0.0017229 8.88987 0.0103863 0.00197967 0.000333332 0.159698 0.00023715 0.436018 0.281487 0.424506 4.37078 41.57 2.58035 8.39842 
1.03054 0.000184977 1.08184e-05 1.22311e-05 0.005898 0.234619 2.25754e-05 0.774632 0.376264 0.786621 0.598296 32.8648 3.41851e-05 1.29798e-05 4.93645 33.0578 1.55468 2.83601 
0.158788 0.483971 0.00354308 0.0016388 0.0560508 1.68917 0.268548 0.15499 0.00760882 0.0225697 3.20806 80.0849 0.0014173 0.000673336 3.47651 12.4058 0.848428 4.12975 
7.05277 0.00737261 0.00283522 0.0195682 0.00207606 80.2409 0.000855755 3.03276 0.000491624 97.0954 0.00453547 175.908 5.43736e-05 0.0940555 0.459789 47.596 1.41967 5.78352 
8.34121 0.0596121 5.12702e-05 0.0177824 0.00519396 0.0262594 8.93926 8.46605 0.136725 7.03083 0.0544648 101.817 3.38517 0.0142878 3.72489 35.0687 2.9404 3.88915 
0.289279 1.54533 0.0191366 5.24406e-05 2.27935 7.30973 0.000743507 1.89593 0.000117252 0.0329374 0.0156793 0.325166 2.08167 1.48441e-05 1.84807 45.3173 1.19694 8.51668 
0.29602 6.07102e-05 3.25101 1.43761 0.328575 35.4098 0.00239633 0.291356 0.000407039 3.72625 1.59734 133.222 1.19435 0.000143148 2.98881 40.9504 1.64503 3.22066 
0.926809 0.47833 1.34678 1.60343e-05 9.96921 167.42 0.000177958 2.47152 0.114466 13.4178 0.345305 335.786 4.56904 0.0107625 3.2636 15.8573 3.02922 7.9627 
0.0292869 0.00029395 1.46078 0.248869 0.704556 1349.57 0.000601609 0.000107372 0.00161533 85.7078 0.00741687 30.3354 3.22077 0.0983188 2.34166 42.3652 0.868392 7.97913 
0.00957547 0.000239816 1.06781e-05 0.012426 0.00886626 407.957 0.0109713 0.850082 0.220729 4.84454 0.166099 291.778 0.0243731 0.00379147 2.29979 3.65409 2.55365 7.33903 
1.45586 0.00461838 1.31432e-05 0.0368239 0.0121095 2869.25 0.000123128 0.197209 0.900102 0.0123234 0.00232402 34.3303 8.42052e-05 0.0119037 4.01173 29.0976 0.670629 8.07832 
0.000521139 0.0591592 1.23392e-05 0.00194514 0.00934751 55.3081 2.48528 0.911517 0.158836 0.0538171 0.845757 96.0575 0.00412641 0.00048867 2.42296 16.9209 3.74025 6.62822 
0.0458966 0.00348906 1.89428e-05 0.314944 0.000563163 0.408044 1.10397e-05 0.307414 0.0400013 0.0744619 0.0025269 106.111 0.000562665 0.00321811 3.49882 27.7454 2.49075 7.8553 
0.00260014 1.88527 2.39582 0.00201721 0.70764 0.0548349 1.30583 0.59787 0.744958 21.9041 0.838794 202.71 0.0156759 0.000386901 4.23581 38.8777 1.10242 2.32788 
0.0026335 0.00133458 3.66708 0.0218903 0.675217 0.439191 0.000236636 5.34459 0.000899867 4.31204 0.0153972 4.02479 9.64012 0.000227694 1.77039 30.0306 1.47738 6.95203 
4.88029e-05 0.00312661 2.29329 0.000416532 0.000452528 1.41032 0.000541837 0.0147839 0.0949745 0.0202625 0.191972 92.273 2.50036 1.99614e-05 5.56794 12.213 5.19674 9.96609 
0.249029 9.59773e-05 0.00818246 1.71429e-05 0.00322219 1.50387 0.000182377 0.0178207 0.0274401 0.253695 0.0357567 29.4128 0.00033407 0.00208334 0.866897 31.5411 2.60959 5.18278 
0.00124375 0.00375318 1.7512e-05 0.107602 1.34787 1821.68 0.024638 0.0834153 0.0177118 0.0714843 0.0252544 51.8505 0.647821 4.23198e-05 3.83494 37.498 0.724147 2.80906 
0.00725505 9.77879 0.0274718 0.000531902 0.00118487 904.351 0.0133975 2.05209 0.00451583 58.3232 0.237682 0.0112941 7.58376 0.00012461 2.43032 36.3012 0.872164 9.28539 
0.000145638 1.49644e-05 0.000658526 1.22942 1.3648 0.263616 1.1138e-05 0.522367 0.974452 0.0554847 0.00208188 2.3951 0.053769 0.00109316 0.700348 49.9096 1.0961 9.67447 
0.000551227 0.000449146 1.03228e-05 0.0161548 1.24002 256.944 1.32412 0.837378 0.049289 0.45959 1.45237 116.977 0.0081084 0.000308954 1.69874 5.34835 0.88978 8.33772 
3.17641e-05 2.36775e-05 0.708768 0.000382651 0.00120677 759.247 0.000706666 4.55334e-05 0.0826024 0.0571622 0.0541602 3.00276 1.7964 0.00024616 5.09252 47.2088 0.776192 9.57168 
0.000576882 4.68631e-05 0.912375 0.000337007 0.0608186 1.38353 2.77173e-05 0.011865 0.00532911 0.0162375 1.32666 309.11 0.000306502 0.000777347 2.23303 10.4116 5.12929 7.8894 
0.00124656 0.0923787 0.00230368 0.164334 0.149941 168.124 1.09683 3.96024 0.0714803 0.956723 1.3265 328.774 3.96582e-05 0.0898511 0.645685 11.1876 2.10147 2.70606 
0.00293473 2.78242 0.00643387 0.0904952 2.54571e-05 357.934 0.978835 0.348317 0.00403967 37.8813 0.000224165 14.0081 0.740186 0.185203 2.51485 41.1144 2.17094 8.53546 
5.42086e-05 0.00426803 1.49858 0.0220946 0.000158058 85.1627 1.18557e-05 0.831948 0.0795603 0.219664 3.6194 20.9646 0.000104972 0.00153693 0.506217 29.6717 1.90195 4.05008 
0.0150289 7.41847e-05 0.0261245 0.000719892 4.90406e-05 2128.83 0.0570684 0.442124 0.0301141 0.509353 0.0125807 351.914 0.0243392 0.00457962 0.652401 36.7424 3.52572 2.71012 
1.51589 0.651548 1.32346 3.67371 3.21982 0.1252 0.659296 4.47061 0.344961 30.5206 0.110224 292.501 0.000190114 0.0142575 6.50848 22.6415 0.668957 5.31634 
1.04916 0.342419 0.121745 8.41318e-05 0.00406137 1326.88 1.12682e-05 0.543806 0.0479609 0.010818 0.000490499 54.0984 4.63652 0.00058267 4.09935 35.2524 1.21399 2.73437 
0.00741166 1.39966e-05 0.00250298 7.15993e-05 0.00733641 3.78809 0.10736 0.945127 0.0126193 0.120607 0.0823701 0.68452 3.67365 0.0173748 9.66386 43.8076 1.77997 7.27074 
1.13166 4.09973 3.51001 2.96394e-05 0.30344 0.0152504 0.00318478 6.91517 0.000105904 25.019 0.00189618 0.0345618 4.2329 0.147318 1.33907 46.2062 1.78064 6.58197 
0.000237493 0.000421165 0.062239 0.000151576 0.016825 3.53282 0.715686 0.184932 0.160477 0.0579696 0.000543506 117.646 0.000240737 0.0281123 2.39109 49.4769 2.09852 0.985337 
1.26106 1.18821 0.258591 0.0771282 0.145025 0.484931 7.20962e-05 0.114405 0.339826 0.0860726 2.33764 0.0307485 0.00489891 0.405414 2.27386 30.4067 1.58538 7.35061 
0.000184524 4.20792 0.314328 0.00238784 0.276842 0.0223229 8.74076e-05 0.00036352 0.0815156 0.137912 0.0636884 1.52111 0.00209867 0.0804698 3.06934 39.8428 1.29546 7.14297 
9.59039 9.99704 0.0108769 0.00674735 0.00368729 0.0520271 3.50984 1.63705e-05 0.0150674 0.177968 0.0299507 1.48072 2.70595 0.00168734 1.87921 23.9986 1.37698 4.57984 
0.025962 1.16612 0.0351964 0.3342 0.00489435 8.98178 0.000104244 0.359501 0.0556029 0.0152003 0.0490042 198.034 0.0783638 1.85353e-05 0.806395 36.0662 4.41482 4.94227 
4.07878e-05 2.77318 6.40429e-05 7.60592 0.00122185 0.143566 3.21388e-05 0.0211208 0.000858733 0.261954 2.84367e-05 0.0625976 0.08192 0.167149 3.18128 43.1031 0.844978 9.16776 
3.55051e-05 0.0290207 0.00209406 0.121757 0.00416095 61.0036 0.0294238 2.3203 0.00158893 0.0750049 0.00132342 228.908 0.00485923 0.0428159 0.441947 46.1251 1.47543 5.59859 
0.000140252 0.000322092 0.209777 0.00199988 0.0885999 662.15 7.5093e-05 3.90149e-05 9.29257e-05 162.16 0.0167912 450.931 0.000949844 0.0938062 1.04822 29.8306 0.812766 8.57886 
3.84193 0.0201453 0.0114898 1.49326e-05 0.000163222 0.0639482 0.0083659 0.0492785 0.000144209 1.14823 0.0568481 0.937429 1.16303 0.0627981 1.34857 45.2278 1.63819 9.62765 
0.00272641 0.160375 1.68321e-05 0.00190786 0.18526 2.82521 0.00305066 0.185086 0.0848111 0.0131997 0.195463 365.415 1.26833e-05 0.0752595 4.25792 7.34133 1.54415 4.65401 
0.382871 1.0679 0.000118269 0.00300715 0.0197494 1.77505 9.26489e-05 5.10604e-05 9.38738e-05 0.0282744 0.0472707 16.052 5.61888e-05 0.267635 7.52521 45.7725 1.43854 9.6148 
0.402892 2.63276e-05 0.000224854 0.0657315 0.00380546 0.0466664 7.68789e-05 0.428481 0.0213196 41.6953 0.00045008 0.533185 0.00141595 0.197389 1.80389 42.146 1.2757 3.24545 
9.12443 0.00407034 3.46681e-05 5.22426 0.010907 0.0225135 0.00591391 0.00287302 0.00783016 0.018134 4.26301e-05 4.05028 1.33168e-05 0.113244 3.2725 45.2772 0.968654 6.9083 
0.000318836 0.0721823 2.02731e-05 5.75422 0.000445428 658.979 1.33256 4.35753 0.0256434 34.9053 3.25715 225.733 0.000338531 0.00183668 1.06942 37.546 2.54006 2.12419 
0.00010853 6.63765 0.0862218 2.56775e-05 0.344197 11.8202 0.0146606 0.000314015 0.0769417 35.4325 0.00151853 0.549529 3.75694e-05 0.194387 4.21433 42.7457 1.19487 8.79323 
0.0146139 0.00398756 0.000632975 4.00655e-05 0.031249 7.16137 0.0862014 0.369447 0.0973626 0.0748133 0.000383 0.301817 6.8701 0.297034 2.57881 47.6374 2.11851 2.51094 
0.319475 0.130384 1.73468e-05 0.000147964 0.0014233 113.736 0.00217188 2.24206 0.0175427 0.117729 0.0269765 250.861 0.0894764 0.00804074 0.458477 15.3971 3.87153 5.36928 
2.61142e-05 0.16146 0.000169294 0.388589 0.000419048 1.10121 6.63274 2.29093 0.000797036 44.0439 0.00034897 8.82209 7.94603e-05 0.0680697 1.76355 47.9285 0.706233 9.19657 
0.00238665 4.58714 0.235495 0.021522 0.000287499 0.023285 0.274017 0.000729223 0.0014978 0.0493168 0.0112827 12.2198 2.41682 4.70876e-05 0.885124 49.9951 0.714276 8.57726 
0.00301399 0.00120951 0.0124941 0.000350358 0.0175071 0.042666 0.27346 0.0683783 0.530514 3.28759 0.00786236 290.44 2.18494 0.00794416 2.7892 12.0375 1.67882 1.26367 
0.00590648 2.46689 0.118388 0.057567 0.00186133 12.8806 1.36718 0.438104 0.153454 4.82471 6.09478 100.426 0.0348952 0.00372121 3.21594 14.6756 4.04511 3.43901 
0.0258823 2.33057e-05 0.00015526 0.000146037 0.000346089 6.38918 0.594018 0.070347 0.18152 0.0459817 0.00639262 29.0416 0.00886563 0.00016458 4.83823 41.4672 5.3474 8.57812 
0.568771 0.0284603 0.838682 0.0872907 0.110236 0.333065 0.00065068 0.164436 0.357932 0.902149 0.000501767 97.545 0.183074 0.00020114 2.51105 33.8223 3.48497 6.56652 
0.000922493 0.209365 0.124993 0.00251463 0.126954 6.83468 0.00237969 0.00618309 0.00364644 3.465 0.158641 66.3877 5.18471 0.0126781 0.862384 38.87 1.86521 8.99721 
0.541939 0.00943158 0.00109761 0.000112946 0.000726254 0.0883341 0.00495818 0.503137 0.0410935 0.670459 0.2587 337.858 0.00280964 2.67796e-05 1.60227 5.33505 3.72005 2.86649 
0.00198893 0.00115984 1.6971e-05 0.00195227 0.0265758 17.1068 6.99492e-05 1.18944e-05 1.19768e-05 1.1825 2.97759 8.55279 1.21412e-05 0.174123 2.75002 45.1432 1.21227 5.7327 
0.00038419 0.000795958 0.00338515 0.000576583 0.000631776 187.761 2.0727e-05 1.58604 2.57041e-05 0.0463104 2.16979e-05 63.9514 0.000891891 0.0883101 2.3036 45.5992 1.1879 6.25387 
0.0512239 0.000310026 2.08895 0.00157952 0.00278381 5.66232 7.28228 0.00165497 0.000629521 2.22121 0.0016641 0.0164887 0.00144852 0.320749 3.14799 44.2956 2.28136 8.96122 
3.34828e-05 0.00107931 0.144179 3.08244 3.85691 0.0530536 3.13238 0.00829486 0.000493035 1.2987 1.49896e-05 203.809 8.51414 0.143344 1.75076 35.2086 1.48295 8.90553 
0.000225578 0.0067541 0.00245998 4.90265e-05 0.000277964 0.369011 0.174229 0.0221457 0.0922547 1.58819 0.144452 55.8104 2.14647e-05 8.05097e-05 0.759299 26.8909 4.68429 6.28709 
4.53194 0.0272638 1.21594e-05 2.01276e-05 0.00260839 0.618007 0.178876 3.31585 0.0916663 0.481475 0.000132141 0.0192469 0.0327328 0.13681 1.29154 37.7811 1.14779 7.56734 
0.0146562 7.75197 1.15051e-05 0.00124925 2.02735e-05 76.505 4.54712e-05 0.00163842 5.97636e-05 116.314 0.000235082 180.738 0.00245505 0.0455763 1.60939 49.9942 1.03733 5.65877 
3.14763e-05 0.00133443 3.47114 1.11583e-05 0.000592132 1.27499 0.000506449 0.913923 0.457248 4.37105 0.227901 392.435 0.0103322 0.00500231 0.605154 25.1652 8.01039 5.07096 
3.42351e-05 0.0095113 0.221513 0.00015324 3.49841 854.015 0.000148552 0.746942 0.311416 56.4778 0.0012527 316.255 0.527665 0.204262 3.24891 44.0958 1.20344 3.34642 
0.00477462 0.469923 2.02017e-05 0.00013245 0.124529 33.6332 0.00541823 1.35449 0.673032 9.13691 0.0202844 409.331 0.0936887 5.31348e-05 4.91618 17.3878 3.36867 2.27225 
0.0885383 0.000699654 0.577223 1.21626e-05 0.401882 0.113352 0.00199794 1.84798 0.00265337 1.38303 1.17066 47.0294 1.27102e-05 0.11954 2.42554 32.2608 1.00775 8.33114 
0.0134088 0.000785585 4.1124e-05 1.43645 0.191027 2955.88 0.00170535 3.57763 0.247394 0.0276708 0.059964 74.5204 1.18613e-05 0.0106814 1.42949 37.1862 1.06249 3.18272 
0.00542714 0.00274594 0.00185193 0.000267947 0.000244786 1.38162 0.739037 0.000269799 0.0855256 15.8301 0.000525447 0.0626041 0.00340023 0.102319 1.46477 41.3459 2.38084 9.27344 
3.18043e-05 0.000279942 0.0295109 0.00017418 0.0176638 0.0620667 0.00259687 0.00217347 0.137737 8.62634 0.00888086 1.82981 9.59579 0.00768673 0.539284 41.5598 1.31831 6.06919 
0.00141249 0.0043952 0.236888 0.000683629 2.56777e-05 0.0592443 0.000422617 0.00411181 0.000693444 0.541393 3.99423 253.999 2.53859e-05 1.22519e-05 0.92567 12.4359 3.80901 1.77147 
0.000227898 0.0416067 0.287778 0.000545584 2.90779e-05 90.6836 0.00284846 0.937752 0.103534 0.0614059 0.000743762 101.378 5.88032e-05 0.0702014 0.883504 49.3937 1.21016 4.73136 
0.00463042 0.00128984 4.25316e-05 1.9508 1.32547e-05 505.565 0.0568132 0.314013 0.573618 23.1907 2.74483 412.646 3.60492e-05 0.000179375 3.62504 19.9645 2.44458 2.1232 
2.84376 0.00639835 6.01434e-05 0.000584817 0.0131499 1.68842 6.19331e-05 3.26508 0.166352 0.0112267 0.133718 127.379 0.281547 0.0521825 4.03071 32.1546 2.88645 1.91545 
3.66627e-05 1.25315e-05 0.000421565 0.000541099 0.000240382 1623.55 0.00082036 1.18566e-05 0.0233794 94.9313 5.79681e-05 0.0142338 0.0304906 0.232839 3.85665 38.6324 1.54837 8.8439 
2.03399e-05 9.0062 0.000567292 0.413231 0.72142 7.25647 0.125316 0.0160401 0.00169076 0.631917 0.131998 2.32088 1.61627 3.70906e-05 0.646413 49.7563 3.66509 8.86994 
1.02977e-05 0.000979918 1.72792 0.0173994 3.6742 14.0328 2.14212e-05 0.0237486 0.301045 0.48471 0.0589953 0.0132058 0.0563863 0.137006 0.72625 44.9007 3.0203 9.93901 
8.20681 0.000128077 0.00137857 0.000518777 0.00383981 79.1903 0.0198803 8.43259e-05 0.0228161 46.2861 1.2284e-05 7.48175 0.0251611 0.0794112 0.497921 45.9344 1.01984 8.03481 
6.21825e-05 6.1953 3.98002e-05 0.0206923 0.000147925 0.400262 0.396803 4.4999 0.00831529 22.7737 0.262515 115.907 1.37855 0.0373927 2.15285 36.3938 0.665844 9.58796 
0.256308 0.327907 0.0341724 0.0377157 7.40746 7.86615 0.00198313 0.664534 0.0132348 2.68134 8.394 408.163 0.0216768 0.067147 8.45818 27.7989 1.60437 1.28457 
3.00721e-05 0.00146284 6.14899 0.374082 9.04286 0.0130647 1.72891e-05 8.07477 0.000482003 0.705763 0.5564 1.04527 1.09727 0.155744 4.38578 37.4903 1.70046 6.57452 
0.000371932 2.80435e-05 5.60895 0.0191875 4.78423e-05 5.06153 0.797418 0.735915 0.0828496 2.58801 0.000233287 0.0593279 1.88328e-05 0.189248 2.87906 49.2293 1.08171 4.30286 
1.09118e-05 2.21255 0.0210187 3.20472e-05 0.0059773 15.9061 0.070784 0.160641 0.00301977 0.025759 0.240734 229.938 0.0178772 0.591751 4.94726 43.7109 4.3631 1.88895 
0.373374 0.00597192 0.621756 0.00581882 9.04852 2.77087 0.0477429 1.41967 0.00140147 24.9216 0.00145774 11.6573 0.359506 0.205834 2.74791 39.6579 1.8357 8.64577 
0.00019052 0.19589 0.00267262 9.04749e-05 6.43487e-05 0.0721722 1.13009e-05 0.00277272 0.000944461 2.24847 0.00200547 2.83786 7.10469 0.0698462 1.0878 40.7452 1.57653 9.79067 
1.6171 2.09153 0.0621486 0.651066 0.000117 0.534486 0.0122977 0.00280684 0.000179136 8.70583 2.36989e-05 8.90769 1.07816 0.131356 1.19782 33.9999 1.28158 7.64975 
9.54471 0.000282957 0.163098 0.00129396 0.000829205 86.629 4.92646e-05 0.00442268 0.0661408 0.091258 0.000554156 142.756 3.44755 0.000256034 5.58502 32.058 3.75528 2.57943 
0.695492 3.04565 0.000338187 1.92962e-05 0.0291792 103.342 0.000299453 2.11598 0.73152 11.0887 0.455564 321.448 1.90843e-05 0.0425576 0.437322 28.3705 1.86936 4.03896 
0.00633435 0.00209212 2.55541e-05 0.208789 0.0492343 118.432 0.15538 1.1975 0.0740127 0.950703 2.92613 228.373 0.00269908 0.00722193 0.639651 12.4991 1.61483 4.16652 
0.0861995 0.0167351 0.0254863 8.06209e-05 0.0848284 0.404287 0.234512 0.311866 0.0998184 0.326091 0.0084378 0.177734 9.52007 0.134202 4.14138 36.4597 2.08454 9.49201 
0.000249484 0.0559992 0.0021878 0.103055 0.00139717 0.0537588 1.71241e-05 0.0967118 0.249232 53.526 1.44613 141.62 0.97681 0.0486794 5.56691 13.1296 0.711948 9.89703 
0.000163964 0.00708436 0.0182553 0.000699292 3.80747 0.0151185 0.000152235 0.00120136 0.00147697 5.88728 2.43209 24.7126 0.0669797 0.240627 3.48741 37.7727 2.08039 9.86756 
1.00799e-05 0.487646 0.00190813 0.000117867 0.00120056 18.0677 0.00124415 0.00193419 0.225621 6.439 0.000262885 19.075 0.000121405 0.111176 1.23755 40.0253 1.72377 8.43679 
5.75621e-05 0.581642 0.325616 0.000358663 0.776033 0.509535 0.00024986 2.85959 0.653189 6.41884 0.0778435 224.022 0.642059 8.1195e-05 0.809504 4.97318 1.30817 2.62724 
0.00906264 0.000106933 0.000791723 0.988056 0.00146767 55.298 1.83944 6.14032 0.0206419 0.038474 8.05198 41.9591 4.724e-05 0.308964 0.542781 30.0206 2.37333 5.17072 
0.000100923 0.0199721 0.0226635 7.26611e-05 0.000672283 2.04153 0.000135197 0.0445075 0.123472 0.105148 0.115892 154.762 3.92016e-05 0.00233907 3.44675 6.66689 3.8886 9.61936 
0.00014523 0.000166389 2.51464e-05 5.57225 0.203734 0.0216194 3.03708e-05 0.192748 0.30024 0.0656162 0.00679706 135.716 0.0835864 3.17839e-05 2.61654 43.9308 9.07761 7.58394 
0.00088491 0.000103278 1.68276 0.0120434 0.68755 0.0128818 0.002434 2.8073 0.0370996 0.724185 9.6814 60.6802 0.000653837 0.00202581 1.76401 20.8654 1.67494 1.90313 
0.0113469 7.85751 0.000403417 6.31892 2.55574e-05 0.719539 0.000642764 0.297309 0.000140043 311.263 0.000233989 0.0122053 2.18202e-05 0.0967418 3.10144 39.9337 0.878471 9.13201 
0.0465169 3.05017e-05 0.0763675 0.813934 0.00337712 0.105175 0.403971 9.15404 0.14779 0.0423007 0.0187706 114.684 0.000321213 1.89458e-05 1.98341 22.7296 2.09078 1.55835 
0.000222957 0.0317168 0.0382055 0.718797 0.000327515 8.31485 7.31677e-05 1.09228 0.148722 25.6447 2.45622 184.005 0.796991 1.22736e-05 3.97664 28.3129 0.921004 6.52266 
0.0441591 3.27992 3.76675e-05 0.26326 4.17003e-05 1.4831 0.0105945 0.0988008 0.709048 86.2307 1.43865 11.9099 0.0147619 4.40776e-05 0.625615 34.2218 2.04919 9.6112 
4.74558e-05 0.0388641 0.00102629 0.0039345 0.000176731 0.0242212 0.012146 0.0488993 0.216692 0.139965 0.0454352 27.1369 0.214423 5.77245e-05 1.7219 37.3642 1.46997 6.07033 
0.0257457 1.23267e-05 0.992429 0.959521 0.000103542 10.0055 0.000768358 1.39773 0.347053 0.692153 0.975977 488.61 0.0403571 0.0891807 2.02638 27.2302 2.18367 8.9952 
4.35974e-05 1.06297e-05 0.0160357 0.290019 0.0687725 0.0806448 0.0073227 1.61752 0.992716 3.3551 0.0887297 2.24406 2.79155 2.37958e-05 0.712801 28.9076 1.54263 7.79681 
0.00606254 0.795441 0.000445422 0.000421312 0.297807 1007.11 0.27674 1.24 0.0201501 13.2498 1.30035 236.195 0.422476 0.00088579 0.254866 38.3343 1.33748 7.94834 
0.206844 0.000103301 1.47195 2.5398e-05 0.000331452 2.68785 0.00105894 0.0279612 0.00448542 0.0218989 1.67271 0.121194 0.0064357 0.327051 1.14756 47.3081 2.62207 8.70182 
0.0570258 0.000739235 0.06268 0.086616 7.80856e-05 9.59972 0.00639034 0.0549125 0.030666 0.0251329 0.0234714 97.5555 0.0272035 0.303066 6.55075 44.5329 2.61423 2.62582 
0.00035899 0.111741 0.0034406 0.0013185 0.0299466 0.925322 4.8378e-05 0.657428 0.496982 0.0121363 0.00579228 292.661 6.74072 7.40792e-05 5.34128 32.1811 2.01639 1.21952 
0.00076808 0.000550529 0.000687467 8.62019 0.161182 0.0134383 0.185631 0.91842 0.444886 0.0295682 0.00816494 155.032 5.18415e-05 0.294682 5.86866 49.3101 4.99451 2.90213 
0.00033489 0.000374225 0.0126372 0.0661892 0.434875 585.558 0.00029644 0.418946 0.174523 0.383953 0.449762 16.7382 0.00550452 0.133546 2.97113 25.0329 1.50225 4.34759 
0.00142911 1.325e-05 8.12925 0.345847 0.000197071 1026.13 0.000601053 2.45429 0.192859 0.0222556 0.0708593 172.298 0.000486356 1.49546e-05 0.826657 29.5145 2.61606 2.52294 
0.216519 0.00201099 0.876911 0.000678753 0.984397 324.644 0.00020679 2.09735 0.425825 0.14003 1.60318 379.37 5.25731e-05 8.73923e-05 1.93409 6.64359 4.36331 9.44676 
4.52218e-05 0.000470635 0.00436447 0.00311051 4.99726e-05 1.51868 0.235019 8.11504 0.17145 0.148771 0.101997 210.865 0.000424905 0.0596653 2.2545 27.9681 3.95836 1.89002 
1.24483e-05 1.81004 0.000855821 0.661629 0.00199173 153.535 2.46933 0.890968 0.0182556 0.0113992 3.90964 58.5852 0.00048469 0.00157129 7.05674 49.593 3.49772 5.50328 
0.0793892 0.0871562 0.000967848 0.000369094 0.00336565 0.0871156 0.0136963 0.367023 0.00549524 0.0649096 0.522432 489.1 0.702786 0.0362047 9.65864 9.81714 1.94553 9.09966 
0.0395228 0.80268 9.49389e-05 1.25674 0.0192567 475.399 6.58241e-05 0.0566257 0.0170288 0.244415 1.28739 92.555 0.0024498 0.0803694 4.49765 49.7869 4.06753 2.59698 
0.489041 0.279032 3.3363e-05 0.0137237 6.16239e-05 5.93428 5.57199e-05 0.158563 0.839088 0.238144 0.0725635 165.617 0.127558 0.00034095 1.77264 13.4835 3.4209 2.91902 
0.8017 0.106567 2.85104e-05 0.000410294 0.00266511 148.264 3.05769e-05 0.810996 0.0106602 0.162228 3.16935 85.0938 0.117283 0.00833613 0.984625 22.6075 1.65105 4.2851 
0.717169 4.35658 2.15094 0.0118293 4.01206 0.178736 0.155803 3.27645 0.220902 0.259297 0.245944 289.992 1.34646e-05 7.46127e-05 1.90388 32.239 3.26236 2.36815 
0.00190341 0.000106264 0.000382453 0.00252916 1.58642e-05 0.236205 0.102589 1.53026 0.264634 0.956382 0.869402 359.431 7.13689e-05 6.48078e-05 3.7656 14.7055 0.88876 9.75175 
0.000534041 0.0399172 0.0662793 0.00149854 0.000635247 737.542 0.0195602 0.104353 0.114145 54.3736 2.72199 131.152 0.000139318 0.00394852 2.54444 17.6243 2.0194 4.14427 
0.000403061 1.69647e-05 0.00177527 0.471245 4.39562e-05 42.3828 0.000194564 0.154915 0.0178043 0.0398295 8.86672 212.544 0.337546 5.18754e-05 9.56785 5.23321 1.40839 4.50092 
0.0150417 0.0887206 0.0127851 0.0155157 1.16201 742.592 1.25518e-05 1.13103 0.432471 1.29103 0.298189 22.5326 8.39226e-05 0.102975 1.67217 41.4605 2.10046 8.70644 
0.113125 0.171202 2.8318 2.45481 0.0506013 0.668027 3.82372e-05 1.54606 0.492376 1.53708 3.86294 208.176 0.00437343 0.0036064 2.87983 13.1332 3.72931 7.19805 
0.229191 0.00159619 0.0107893 0.0695407 0.021843 2262.37 0.0286131 3.44044 0.235314 0.181574 0.0485582 252.719 0.000566085 0.0130716 5.76348 15.9184 0.754565 2.2283 
0.00140777 0.00142605 0.367406 2.54589 0.0072322 2.17874 0.619386 2.61539 0.200751 47.0598 0.931331 16.7331 6.53915e-05 0.000613368 0.298815 46.4473 3.45079 9.55375 
0.000714315 0.0095401 2.25624 0.00129555 0.0624561 2.65544 0.000731299 0.0763985 0.182888 1.55374 0.0122628 388.78 0.0145946 0.878652 4.93389 29.0045 8.61926 4.27777 
0.00227179 2.43948 0.00320788 1.36995 4.71865e-05 1.04402 0.011463 0.890671 0.573927 5.94739 0.0988966 148.821 2.39991 3.90757e-05 2.13972 24.4308 1.89043 4.89307 
0.613119 4.42588e-05 0.172109 0.0179238 0.109895 4.01592 0.0237529 0.462642 0.00707433 1.66339 5.60006 293.133 7.6397e-05 0.00858726 1.91596 12.3316 1.57029 1.13988 
0.15049 0.521901 0.00478933 0.00027145 0.000184147 0.757942 1.3594e-05 0.616237 0.577622 1.22053 0.280437 229.269 0.000956321 0.000758352 6.1654 18.1359 2.60892 5.57698 
0.000246499 1.22737e-05 0.00103203 0.0510391 0.000257742 47.1945 9.61523e-05 0.373783 0.169596 10.5156 0.335935 174.459 0.0051746 0.014469 7.94647 27.0697 2.48256 4.4214 
8.03668e-05 0.0986529 0.863938 0.000251087 1.24378e-05 279.441 0.00109948 0.0429762 0.216042 81.3976 5.10188 378.245 3.11136 0.000219672 4.6686 6.29817 2.39834 2.84704 
9.37518 4.6906 0.000594096 0.000123141 0.000416301 366.403 1.67549e-05 0.0227182 0.503434 0.0146638 0.00498482 0.245593 1.94707e-05 0.0414877 0.480461 48.4211 1.33352 9.7303 
5.97432e-05 0.804268 0.00923919 1.70781 0.155911 1131.56 5.18709e-05 4.44631 0.117698 0.0880596 0.49165 47.4183 0.000101833 0.000910349 2.41285 45.9895 1.05842 2.85502 
0.00424449 1.55844e-05 0.495044 5.53888e-05 0.000309132 2.64931 0.102249 0.0161042 0.00383493 0.46358 0.0140258 0.588308 6.94321 0.000205047 0.935604 38.8231 4.43477 9.117 
0.00456854 0.0111102 0.0368499 1.25482 0.519954 0.0143581 0.000581838 0.000500646 1.75277e-05 0.109092 0.299081 21.3146 0.00673669 0.10589 1.81273 39.7661 1.32831 9.8152 
0.518215 0.00387824 0.177856 0.000913738 0.0312454 0.917851 0.00404684 1.09004 0.0566793 1.69198 2.04088 162.935 0.35596 0.000664413 1.62064 42.9229 1.26616 4.01583 
0.00230441 0.0531255 0.0020528 0.16582 0.00707826 2478.18 0.0147899 0.024322 1.79454e-05 1.15487 2.32517e-05 124.474 6.298 0.0761935 1.99132 37.3831 1.22584 5.57846 
0.143914 0.000933924 0.00311733 0.0001128 0.0243192 26.8279 0.0149999 3.11398 0.222925 3.10576 1.11384 468.328 0.00615049 0.00332439 1.56288 30.4418 0.984054 1.08797 
3.00243e-05 2.26816 0.000111663 0.124176 3.55711e-05 2770.82 4.16857 2.64037 0.231869 0.311342 0.632685 107.187 0.000786833 0.000343247 2.52006 11.3977 1.04561 6.88558 
0.86009 0.0459203 0.138666 1.75659 0.315563 0.0707482 1.17438e-05 0.270362 0.193401 0.750984 0.10027 169.101 2.35963 0.0312519 1.36621 30.5905 9.01016 8.80666 
0.000104313 0.00340907 0.109447 0.317863 0.0275316 688.358 0.00020926 0.340083 0.347938 10.0438 0.956857 79.8748 0.00126092 0.000760955 6.64097 33.3058 2.08496 6.62371 
1.33026e-05 6.84698 6.27375e-05 0.000274523 0.000163838 1.59148 0.000208067 2.48831 0.519877 0.0103068 0.0084727 167.724 0.126708 0.00082166 8.83197 39.0144 1.53401 3.52567 
0.096532 0.905192 0.545277 0.00474196 0.00686659 1623.37 0.000730216 0.00256208 0.0134344 0.505905 0.0414981 0.105085 0.834713 0.00245277 2.09102 47.2217 1.08147 9.12825 
0.00273102 0.631683 0.0044261 6.34077 1.01845e-05 0.826526 0.000111422 0.161446 0.820482 138.11 1.34299 10.3415 0.24545 2.91981e-05 0.48758 44.1679 1.4706 8.20123 
1.47132e-05 0.0749515 1.32213e-05 1.6807e-05 0.322438 260.415 0.00375242 0.00251007 0.00274619 0.463239 0.00228359 290.233 5.21435 0.0612562 3.04929 45.7424 1.23558 3.28468 
0.000132496 5.08459 2.54578 0.000784232 0.0162582 1.50568 0.00779134 2.0079 0.345925 0.650063 0.0065038 22.9078 0.00500019 1.76863e-05 0.455484 36.492 1.65243 4.91091 
0.0131102 0.00165804 0.00304466 0.000392576 0.942795 2625.57 0.173988 0.708514 0.28872 4.08798 2.18324 186.429 0.0103796 0.000507422 1.9352 19.9649 2.05897 2.75131 
0.00313352 8.34879e-05 5.41739e-05 0.970542 0.000276537 0.18333 0.00048495 9.60795 0.0346317 1.27389 7.2759 393.59 1.09214e-05 0.000309703 1.02727 32.8095 1.1358 3.52276 
0.0775686 5.93966 0.0124455 5.23322 9.44841e-05 1.28811 1.60739e-05 0.995379 0.402988 14.0084 3.97952 22.7813 0.473798 0.000274933 2.15902 49.6892 4.86979 6.12377 
5.9229 0.0555681 0.358047 0.0247241 0.00264899 16.1304 3.04218 0.165652 0.0104381 0.0107358 5.56665 335.539 0.0705539 0.00477336 1.02089 32.5901 6.93906 6.32462 
0.958475 0.000449435 0.00035193 0.00977221 0.139192 0.192201 0.00613231 8.30488 0.00924804 0.0162932 1.59054 25.9978 0.00402572 0.000256543 0.300231 38.2259 2.47267 9.27947 
0.000732287 0.000400598 0.0511232 0.00137034 0.636289 80.8906 0.00049207 0.281122 0.321282 9.29037 2.33171 319.22 7.56383 0.0180123 4.64958 36.4238 9.3935 2.5879 
0.000307213 0.753504 0.000980346 3.45948 0.379736 6.41327 4.07917e-05 0.593083 0.238104 0.0234808 0.00164031 107.136 4.78576 0.000128816 2.28104 39.8492 6.64125 4.61223 
0.000181097 0.0102616 0.000197327 3.27033 0.00186513 389.185 1.42026e-05 0.315699 0.0393562 0.24577 0.127268 92.8768 8.9587e-05 1.64343e-05 5.30053 27.9068 1.90347 2.8301 
0.103363 1.77933 0.000901818 0.666997 0.463251 0.0115716 0.0501095 6.47599 0.0157948 0.0474715 2.02899 466.855 1.33977e-05 0.00266802 2.54785 14.227 1.9264 2.7207 
0.289213 2.72588 0.000136895 0.069285 0.220771 21.5722 0.00436215 4.08735 0.13934 0.0344704 0.0130498 135.541 0.000214767 0.000149458 1.03132 34.9014 1.3485 1.64484 
0.0352662 0.000178408 0.542686 3.04156 0.00276027 202.223 0.00342578 0.221353 0.00504276 0.193039 8.48999 126.624 0.00139173 0.000181923 3.65041 10.5948 0.743345 9.65436 
0.00120138 0.00181032 0.156635 0.000146142 0.0229764 0.0379244 0.00438581 0.140058 0.453753 1.06856 0.00933725 119.635 0.06572 4.22492e-05 2.1393 10.7832 2.09561 4.81312 
0.0204762 6.15472e-05 0.000543041 0.000255628 4.05681 885.387 0.523611 3.06915 0.234189 7.35438 1.45696 410.793 0.000336103 1.25803e-05 2.2258 11.2591 0.857071 3.93393 
7.93284 8.40942 9.07948 0.0301162 9.07894e-05 3.03598 0.063162 0.0447722 0.0171592 21.5165 1.46595 23.6753 0.0083456 0.0148776 1.55833 47.7369 3.82931 5.51483 
1.2327 0.0505767 1.23557 0.000107204 0.000473005 0.745253 0.0076497 0.0325492 0.0221397 0.196604 0.573607 301.756 0.149951 0.0044512 0.949112 8.04104 2.51417 1.39247 
0.0162755 0.000208255 0.240171 0.00675177 0.000368331 288.955 0.00457399 0.59123 0.0169056 0.0770226 0.287885 243.594 0.00261022 0.000129059 1.75433 5.67568 1.02721 4.96041 
0.0440518 1.55473 0.415202 1.06943 0.00100216 13.5388 0.000684413 0.345895 0.0682256 60.8826 3.85958 116.545 1.70941 0.00635319 2.04778 7.76142 1.48036 7.16862 
0.0193685 0.000686695 2.15989e-05 0.000100043 0.0107584 318.508 6.13675 0.2699 0.0360654 0.499805 0.437499 402.328 5.57342e-05 0.019865 1.70393 6.83249 1.78296 2.22031 
0.0635825 0.00020851 0.105825 0.245767 0.0779425 577.666 0.0673606 2.97394 0.244291 5.89763 1.43316 426.1 0.0262489 0.0348246 4.50075 32.4725 1.567 2.73019 
4.26286 0.000315117 0.00176612 0.000356295 0.0649387 250.703 0.765036 1.45165 0.193719 1.96358 0.506116 218.789 0.0461036 2.73274e-05 1.80009 6.05595 1.04312 7.27976 
