0.310344 0.00049216 0.0081826 0.00211014 0.000816686 68.8051 0.000547978 0.451653 0.332672 27.5394 0.000142007 3.02084 2.9237e-05 0.002559 0.0463411 0.111452 3.86954e-05 1.94309 
0.0370326 2.71136 5.87839 0.175093 0.0452507 0.0164245 0.0118244 1.00523 2.02141e-05 0.404249 0.0948222 456.885 0.35134 0.243743 0.0624463 37.6025 0.0031265 1.59547e-05 
0.00207111 0.243647 0.00159161 0.575765 0.00799848 0.0244551 0.0012986 0.000589187 0.497536 0.077406 8.33986e-05 234.608 0.132172 0.000911091 3.84197 0.136997 0.0492824 0.194099 
0.281408 0.00265706 0.641402 0.10634 0.000158798 15.2378 0.00142155 2.22194 0.00366831 19.2009 0.0249335 0.524122 5.06325 0.000130355 0.00889417 14.3311 1.90498e-05 7.12576 
1.03464e-05 1.1373e-05 0.00359525 0.000142788 0.051709 0.143173 0.00119314 0.000193924 0.00469221 335.495 0.00111121 0.147392 0.000104324 0.348532 1.53472e-05 32.2821 0.00131308 0.0119591 
0.151429 0.00285961 4.34698 0.00323955 5.19274 92.1688 9.4906e-05 0.000178324 0.018115 4.25956 0.0424689 0.083473 4.48106 1.89658e-05 0.00228094 0.0129168 0.162563 6.51085 
0.000145392 0.000125588 1.15253 7.80026 0.463555 73.5097 2.37952 3.25883e-05 0.0268971 3.25744 0.000568282 3.42107 3.30673 0.00143575 0.000181679 0.379955 0.00222151 0.142745 
0.192384 0.0530828 0.00103292 0.00092224 0.765223 370.58 0.00955937 0.114172 0.000958903 0.0146848 2.54044 0.259953 0.893456 0.0916751 1.35579 0.0864045 0.000588142 0.00966701 
1.42234 0.230133 0.0208025 0.0326026 0.133509 72.3252 0.00237754 0.0752926 0.000451827 47.0392 1.37021e-05 3.3346 0.186387 0.811025 9.49154 31.4782 2.22065e-05 0.000164454 
3.62464e-05 0.00113787 0.306168 2.74564e-05 7.87591 54.6603 0.377855 3.00843e-05 0.354519 61.163 2.17649 1.04265 0.000254785 2.46061e-05 0.000846854 15.4115 0.301698 1.12789 
0.0292191 2.58528 0.099519 6.13187 0.812639 1559.31 0.16528 0.740183 0.00768768 0.0281802 0.000536046 3.6008 2.03745 9.80974e-05 0.0912373 29.7873 0.191423 0.000558617 
1.32754 0.00105697 1.69549e-05 0.834274 0.00520496 0.394337 3.68285e-05 5.46084 0.00743372 0.207388 0.37159 0.123931 7.18156 0.151553 2.68586 24.0835 1.56636e-05 3.47359e-05 
3.7573e-05 0.00104719 0.105067 0.000591761 2.0056e-05 6.33515 0.0010457 1.25588e-05 0.581845 19.3916 4.15184e-05 0.320274 0.00500027 2.45251e-05 9.48678e-05 0.717118 2.0223e-05 7.75314 
0.0095127 0.331491 0.0375134 0.00018721 0.000375252 0.0387943 3.12995 0.000144508 0.00306652 0.992765 0.00407063 209.899 0.996548 0.00011108 0.00146074 0.972962 0.29118 0.155793 
0.00127033 0.00775827 3.67414e-05 0.283008 0.0057226 331.988 7.48085e-05 0.000191679 0.000119694 35.8118 0.000315307 4.98056 0.00228997 0.101241 0.0773046 6.92712 0.000224974 0.000487052 
2.64506e-05 0.0359759 0.00290761 0.000167319 3.78623 0.934414 0.0697837 1.35218e-05 0.109677 154.077 0.284795 118.825 0.00256255 0.0226407 0.000574203 0.797013 0.0343225 0.000341909 
0.0232554 0.000729945 0.0234408 7.92254 0.000465844 0.824789 1.60939e-05 7.78289 0.379998 114.608 0.0362645 175.535 0.00044724 1.86042e-05 0.26467 0.272855 0.00203119 0.104122 
2.79419 0.000102782 0.0116281 0.000536251 0.00101664 77.6416 0.0279035 0.00725179 0.000939911 27.924 1.70205 2.15903 0.356139 7.1531e-05 0.000632741 0.11617 0.168352 1.40504 
0.494363 0.0023349 1.84652e-05 7.00075 4.10025e-05 218.924 0.000196115 2.90446 0.000546769 1.43408 0.000256791 1.00341 0.43967 0.000358913 0.00148818 11.8778 0.288382 0.0459382 
0.132545 8.66224e-05 0.00311996 0.00537466 3.86318e-05 2.78487 0.00011828 0.0399336 0.00409065 23.7607 0.240796 88.5281 2.51869 0.00247898 5.44529e-05 0.535461 3.76351e-05 0.0150812 
0.280627 0.00011833 0.203608 2.74494 0.00452821 0.0212828 0.000215204 0.000572657 0.00236297 168.365 0.00278684 1.40258 4.22257e-05 1.7953e-05 0.0163958 48.8944 1.31076e-05 0.743165 
0.0055151 0.0419459 0.000194193 0.00103379 0.0881037 0.259668 4.03546 2.10539 0.00345899 102.932 1.12766 90.4143 0.00157889 4.328e-05 0.00680303 0.0583667 2.51409 2.71928 
0.00039279 0.000554577 0.00891582 4.10654 2.28021e-05 240.198 5.11594e-05 0.00153423 0.00365491 119.187 5.10939e-05 0.0270321 1.52222e-05 0.000876113 0.0777926 45.9041 0.0199074 0.00433268 
7.1027e-05 0.000141164 0.0561358 0.0232281 0.0297709 76.5048 0.0027729 0.000385113 6.47708e-05 0.0521344 0.0147738 22.7712 0.0171334 0.00105449 2.33753e-05 1.34248 0.216224 0.167074 
0.00146263 0.0403699 2.65986e-05 4.07368e-05 0.164509 1.36783 4.4775 0.495732 0.00240247 1.74021 0.000652163 0.17614 0.00022482 0.0036654 0.0027378 21.1147 0.000352328 0.00311782 
8.33097e-05 0.071637 0.0227317 0.824695 0.364747 394.373 0.00199349 4.43769 0.238235 207.399 0.000561736 0.374974 0.0007252 0.174275 0.00262271 0.0111082 0.27112 1.44757 
0.00013855 0.000104137 6.30587 0.000785551 0.0699993 2.98193 0.0126298 0.0232758 0.0142258 3.94689 0.00021092 0.249673 0.000262383 0.0138537 0.0119258 1.49118 0.241315 0.0152896 
4.06552e-05 1.31965e-05 0.000244048 0.000259362 1.867 372.706 0.192327 0.00941134 0.152814 0.172775 0.00461965 0.0306574 0.0117251 0.000470347 3.22165e-05 28.0761 0.00968389 0.00647555 
5.11574e-05 0.0103285 0.00038718 0.000786099 2.96762 13.5427 0.104886 2.95952e-05 0.000308915 99.5829 0.0108092 0.120616 0.140869 0.0356741 6.37544 10.3306 2.64524e-05 0.00441977 
1.20872 0.0116405 5.91021e-05 0.000162145 0.0335254 60.3954 2.33839e-05 0.00349476 0.00155161 7.53892 5.03528e-05 11.1638 0.00259099 0.0865487 9.56993e-05 0.0230335 0.000521628 0.384732 
7.23684 0.249802 5.18164e-05 0.00631571 0.000202599 1748.81 0.00186197 4.80621 0.000767375 0.154561 0.659192 2.83923 0.469808 0.0386989 1.92646e-05 0.0398033 0.050151 0.113861 
0.00205697 0.00723018 0.220787 0.000303444 1.05782 295.94 0.0146743 0.460415 0.00945402 0.0217058 0.00887322 2.496 0.0159519 0.00878757 0.202478 0.0505578 0.00010591 3.23059 
0.0909058 0.000688279 0.249537 5.25043e-05 0.000111362 161.174 0.0328001 3.19576 0.328003 0.724151 0.000664689 0.200918 6.60487e-05 0.0809011 0.0186751 38.6903 0.00431904 0.000133693 
2.70858 0.761515 0.000608399 0.00186231 0.113612 0.0231522 0.00100967 2.37596e-05 0.0370278 0.101108 0.542753 0.576808 5.13391e-05 0.0107819 0.00377516 1.37327 0.000290434 0.00951466 
0.00124899 1.5144e-05 0.0850719 0.0039362 2.92558e-05 1886.1 0.855804 0.0869483 0.0149799 5.74213 0.0211474 0.013728 8.06624 0.00803175 0.00038745 1.01535 0.00843482 0.00620004 
0.151545 0.0172866 0.000102737 0.000304495 4.37112 0.0399342 0.00249857 2.96027 0.00616153 0.810836 0.0104307 8.77946 0.0293382 0.00104755 0.117584 0.800769 0.296484 0.378122 
0.000259864 1.05276 0.0525172 0.20293 0.00156365 0.584742 0.37183 5.07344e-05 0.600776 260.177 9.88472 14.9165 0.000798324 0.553462 0.000182222 0.869702 0.54664 0.00217717 
0.158394 1.51643 0.0248115 1.26219 1.09814e-05 2857.89 0.407568 5.3646e-05 0.00554696 3.82003 0.416007 0.206211 0.368946 2.44348e-05 0.000337833 0.0337826 0.0352988 7.40056 
1.65487 0.0129348 0.808806 3.02087 0.0012962 87.0862 4.37235e-05 0.001391 0.110114 1.39591 1.65868e-05 418.382 0.0235069 0.0998313 3.23715 0.398929 0.176863 0.336758 
0.711824 0.216238 0.000531614 0.0834549 0.000138547 1.59559 0.0308051 0.000961333 0.27032 58.4978 5.11898 0.0360143 0.000556667 0.741878 0.000392961 1.27794 0.0549587 0.000565483 
0.00399031 0.104796 1.82239 0.655221 3.10882 2433.43 5.72407 0.000151128 0.002921 0.0621618 0.107373 0.0468073 0.00556052 0.0263147 0.186286 41.8249 0.00166037 0.000274939 
0.0181557 0.0218677 0.000871905 0.0016722 5.12818 139.425 3.61311e-05 9.30424e-05 0.000130133 41.2132 1.03362e-05 1.89233 0.19797 0.0138597 0.00379846 0.383805 1.48659 2.95284 
0.365436 0.000292915 2.13754e-05 2.53903 0.00384714 10.3478 0.0182417 0.107165 0.0157639 3.82373 0.93404 0.0407952 1.3799 0.000179922 9.71638 30.1436 0.00885014 0.00190301 
0.444519 1.77371e-05 0.0131898 0.180108 0.0677186 0.126151 0.00307564 0.000736658 0.0665196 2.99195 5.89709 0.772217 0.000103567 0.0137044 0.00978472 16.9813 0.000130274 0.000597883 
2.6227 6.10644e-05 3.52624 0.002566 2.0352e-05 11.8608 0.00201891 3.63009e-05 0.00472978 0.0681129 1.08395 9.18529 0.00503341 1.34564e-05 3.34262 0.648356 0.000155235 0.0193416 
0.0406561 0.000245874 0.00148031 2.22789 0.00298117 14.6896 0.000190368 0.000157325 0.517426 0.0367835 7.33601 0.080919 0.298945 0.611776 0.550674 5.05135 1.43511e-05 0.218359 
0.00269089 0.000115314 0.0590197 2.00141 0.00394126 691.651 0.00418544 2.46003 0.0088565 1.90428 0.00283675 1.25697 4.17975 0.475294 0.0411609 6.74405 0.183678 0.000406983 
3.86844 0.00030901 0.00131862 0.000117261 0.148641 3.29286 0.0783046 0.0125829 0.00972297 2.26184 0.497505 3.37129 1.32707e-05 3.6938e-05 0.000498481 7.56882 0.00057834 0.0109078 
0.0832104 7.49831 9.90324 3.16541e-05 7.95122e-05 7.41374 0.0307066 0.0469363 0.000142043 0.0176812 0.473071 65.6257 0.00654658 0.86574 0.0216679 0.0194552 0.123598 0.162511 
1.66465e-05 0.00959975 2.35978e-05 0.0265919 3.53246e-05 0.179812 0.0364639 5.69405e-05 0.0520289 428.143 0.0022772 0.104432 0.23023 9.06276e-05 0.00087621 4.63586 1.75453e-05 0.120394 
2.10259e-05 0.227242 0.000121979 0.000110021 0.0328196 42.5564 0.000373532 7.71265e-05 0.000365928 2.07859 0.552807 235.327 0.000617361 0.000225554 0.000165182 0.124582 4.78134e-05 1.05753 
0.00306016 1.36756e-05 0.000170548 0.630357 0.00085699 0.218766 0.00162704 0.000865143 0.00478386 135.916 0.000137999 188.995 4.16996e-05 6.63032e-05 0.000111315 17.688 9.6558e-05 0.0344808 
0.0206519 0.0275982 0.000388707 0.0112679 0.0193812 0.0205726 0.00133955 0.000620468 0.0101899 0.0409017 0.520495 359.953 0.132002 0.000407711 0.00108542 3.12196 0.000369948 4.13125e-05 
0.0186542 0.0307153 0.0157066 0.0146422 0.00605163 0.579628 1.03361e-05 0.000692629 0.000139533 0.159421 0.845306 264.273 0.701487 0.662717 0.0193629 0.0100619 0.00704636 0.110985 
0.000237213 0.00102748 0.189588 0.00093609 0.228799 0.0769206 0.14801 0.00187104 0.000824476 1.46116 0.0877098 37.3894 5.25151 0.027865 0.000799378 0.0390367 0.037916 0.0885336 
0.0365778 0.00115159 0.000142919 0.0131544 0.00423397 662.747 0.00020976 1.73904 0.0430934 0.069204 0.0869917 53.6523 0.0101027 0.00439201 0.387781 0.739163 1.4902e-05 0.00428639 
0.00933382 0.000337897 3.58327 0.0031707 0.00905587 0.535329 0.215644 0.0226898 0.0048611 0.187046 0.00608216 24.1739 0.00936414 0.00126008 0.000287545 4.68722 0.0124308 0.0264799 
0.00021997 0.372873 0.13466 1.7689e-05 0.000103163 9.15836 0.0135274 0.124766 0.000612178 0.429579 0.979073 1.3283 0.573404 1.17399e-05 0.000971805 2.86298 0.00110001 0.00145709 
2.61255e-05 0.00242676 0.59771 1.62788 0.00145054 0.0103617 0.000446855 1.31813 0.0151775 0.0299657 2.29608 0.053365 0.000705344 0.18902 0.00725147 6.9775 0.164761 0.639476 
0.161604 0.0554059 0.0361411 0.141006 0.189051 9.46663 5.13274 1.67678 0.000132931 194.734 0.0438639 180.693 1.3154 0.929811 0.0938027 1.53014 0.00976955 0.000407793 
8.94473 0.0126115 0.772542 0.384291 0.243705 0.147272 0.0143514 0.00262118 0.0131723 171.892 0.933166 2.01545 0.00256228 1.90639e-05 1.69554 46.3453 0.0155483 0.0341465 
0.0165403 0.000876999 0.000455911 0.0136544 1.74336e-05 215.2 8.26935e-05 1.11654 0.000559102 0.126822 0.0118794 0.0273765 0.00135761 1.80023e-05 3.10461e-05 37.4224 0.00157054 0.0300772 
6.53362e-05 0.00154747 8.85203e-05 0.438551 0.104122 2500.23 0.569201 5.33598e-05 0.390855 11.8507 7.64925e-05 65.567 1.4342e-05 0.134323 0.118026 3.00008 0.096877 0.00136175 
1.2144e-05 0.345393 0.00162067 5.03902 0.0136862 0.4796 2.82422 0.0118812 0.00326844 26.847 0.00414299 27.7761 2.99909e-05 0.0102772 1.57628e-05 1.42652 0.00172466 0.0296687 
0.0458072 1.09283e-05 0.000885084 5.78233 3.71371e-05 14.9928 0.000217333 0.00435122 2.66681e-05 0.0460132 1.35331e-05 188.679 0.000557845 0.00854003 6.20266e-05 6.72626 2.21884e-05 0.00296024 
0.446624 4.12532e-05 0.000365066 0.000459134 0.71526 24.1012 0.0518459 0.0202964 3.24858e-05 0.0835954 0.000441528 27.7552 1.05661e-05 0.00355319 1.7985e-05 0.116533 9.92483e-05 5.03287 
0.000423117 0.000133202 0.00475373 0.000855072 6.77989 18.5754 0.000816304 0.000188724 0.04318 111.435 0.000508806 0.571495 0.00460656 0.0322679 0.000539941 2.68839 0.000136 0.00595631 
0.524186 0.00959304 0.0397262 0.0591289 0.0012333 770.42 0.00269228 0.273682 0.366714 0.0189592 1.27301 0.0167309 0.174442 0.00068176 2.53457 5.64228 0.0122388 0.00543277 
1.77402e-05 0.00098054 0.0162299 7.48421 0.270203 4.86986 0.756969 0.000799735 0.0069095 43.696 0.000172046 49.2934 0.000235899 0.0231094 0.000129045 0.0223955 0.000152629 4.73531 
0.0033767 0.933965 3.68774 0.000104497 0.00871668 141.124 3.24885 0.00228935 1.45012e-05 31.5577 0.000609536 0.344822 0.000189183 0.344655 0.153666 1.2665 0.135832 0.00322352 
0.0521763 0.0723637 0.00262923 2.09579e-05 0.0697253 850.658 0.462383 0.0147773 0.000108401 88.6579 0.000107157 127.074 0.225804 0.000115539 2.89364e-05 9.4637 0.0152299 0.0361576 
7.23167e-05 0.000137139 0.000236948 0.00195757 4.08696 0.0691572 1.2287e-05 0.0205367 0.00592426 48.7084 0.781527 3.39508 7.19676 7.67866e-05 0.000561411 0.798866 0.0275386 0.00862478 
0.10119 1.14546 0.00418911 1.50162e-05 0.00762071 27.0558 9.44378 0.0726982 0.170931 27.4167 0.512336 2.10064 0.84424 0.39561 5.07784 0.0804235 4.0003e-05 0.260451 
8.54197 0.000147344 0.11367 2.61614 4.63915 2.39885 1.18053e-05 0.000417483 0.00809048 110.333 0.00550497 0.544948 0.00017041 0.00348023 0.527018 20.0773 2.83952 0.493171 
0.140635 0.000390675 0.342695 0.185726 6.28627e-05 0.401041 0.848718 0.000313012 1.38177e-05 1.6839 1.12226 85.9451 0.00193066 0.0237958 0.163745 0.158323 0.0627423 0.347312 
1.36677e-05 0.828438 0.00948344 0.000166215 0.0010428 0.183663 0.00268904 0.000984427 0.619022 0.0242482 0.278137 50.2038 0.00709055 0.13103 0.00271892 0.595969 0.864671 0.000894537 
0.105256 1.28812e-05 0.0392672 0.815999 0.00440594 6.43803 0.00290105 1.21385e-05 0.361803 0.0975347 0.000593372 0.457206 4.06178 0.0330804 0.0861666 26.6016 7.60957e-05 0.000553934 
6.63256 1.68887 0.489112 0.345792 1.49185 246.783 2.77131 0.0626674 1.13782e-05 31.0543 0.0415422 0.0376514 0.106204 0.186762 0.0137492 0.0205404 0.0212829 0.580456 
0.000253988 1.84749 2.35412e-05 0.002025 0.0797848 0.153226 0.0014993 2.278 0.0580137 4.29422 0.0138064 144.771 0.00495298 0.164592 0.0104737 0.0106288 7.54738e-05 7.90809 
0.000220869 0.000169288 0.000463758 0.00105646 8.32867e-05 12.9218 5.68567 3.32773e-05 0.0370637 96.1679 0.000183696 0.516466 0.00710846 0.0714105 0.0907238 1.9263 0.537828 0.0487508 
0.000412734 0.139794 0.000140516 0.00778217 0.196434 1.89643 1.30173 0.0183299 0.000690222 11.5659 2.14977 7.08483 2.1095 0.0069726 0.000524441 0.0124954 0.00491318 1.85775 
2.49215 0.287238 0.0183919 3.24452 0.0184508 0.012891 1.14766e-05 0.00044084 0.00839194 0.199547 0.347384 16.3176 0.214625 0.00803588 1.22527e-05 0.0155515 0.00151444 0.511498 
7.96789e-05 0.00058878 0.0281912 0.000508084 0.00662563 1314.69 4.92881e-05 0.0441519 6.82443e-05 18.9137 0.000721216 0.168887 0.00883546 0.000446591 0.00165591 16.5751 6.56272 6.71732 
0.000123973 0.000182322 0.578146 1.62924e-05 0.0338207 0.0923443 0.588733 0.569983 0.000427843 0.0332428 4.48557 0.144187 0.00379141 0.130343 1.5067 3.76897 5.56331e-05 0.00420103 
0.0208934 1.08009e-05 0.381613 0.0803098 0.0305697 0.225168 0.0932794 0.403141 0.0252478 0.821818 0.0254482 5.18284 0.0192276 5.83439e-05 1.51392e-05 2.42888 0.000136862 0.0307923 
0.000437967 0.661652 1.51413 0.000229523 1.3353e-05 632.949 0.034167 0.0806146 0.119715 139.223 0.000894834 0.17582 0.130964 0.000981372 0.109185 0.460504 0.000603134 9.00797 
1.92141 0.000149093 0.0384197 0.05964 0.314012 0.702174 3.44251 3.47954e-05 0.00397922 0.152004 0.0701467 4.69645 0.00679731 1.57506e-05 0.00047643 18.4817 0.330615 0.0188341 
0.00914555 2.9222 2.22732 8.42519 0.890895 0.290513 0.00145857 2.18586e-05 0.000533121 0.31171 0.176853 0.0445802 0.00047062 0.00103402 0.003689 1.0179 0.0273279 0.50449 
0.410817 0.00102097 0.110721 2.74429 0.207768 2065.28 1.39403 0.034509 0.0284905 0.0101683 0.0233724 55.9591 0.0181183 0.00331428 5.18161e-05 8.52837 0.0329038 0.000671245 
0.00533526 0.00596728 0.0542023 1.94564 0.999948 38.6141 0.538428 0.947099 0.0267488 0.66511 8.35627e-05 6.06012 1.75466 0.00479654 0.00113554 0.467597 0.00428968 0.112204 
6.77382 0.353954 0.0480587 1.32568 3.73504 0.0338776 1.03456 0.816794 2.3318e-05 0.16048 0.000168268 0.465249 0.810296 3.83216e-05 9.47797 11.9733 0.184026 0.534143 
0.000131422 1.26811e-05 0.00202826 0.0193665 6.52875e-05 0.333499 0.000169259 0.000359465 0.254944 0.0112421 5.45724e-05 209.506 0.0134368 0.0446232 0.00264093 43.335 1.83884e-05 0.000157476 
0.00697762 0.00076141 0.000370595 0.00283548 0.00459758 5.05271 0.000934342 0.177962 0.00197291 215.53 0.0204303 6.78779 0.00848416 0.489974 1.42631e-05 2.70969 0.404543 0.813852 
3.36661 0.00635984 0.000142453 0.116841 0.00171842 1.46732 8.71724e-05 2.21748e-05 0.946913 0.0644873 6.99931 0.142397 0.0253653 4.2414e-05 0.00827527 10.7602 0.0016809 0.0496183 
0.0153438 0.000118551 2.25673e-05 7.68659 0.0019316 0.0795997 0.928605 0.714428 0.265561 349.494 0.017561 0.245695 0.00616045 0.000215041 0.00328112 4.35421 0.0375384 0.102869 
0.0616781 0.673028 0.00374962 0.00104872 0.0336437 0.0623046 1.05729 0.000174485 0.0135299 5.65155 8.23289e-05 1.49754 0.0079787 0.000114275 0.571366 0.626825 6.46468e-05 1.65027 
0.0040702 0.241351 0.00292941 3.39406e-05 0.333216 0.0309467 0.461288 0.00376597 0.0998522 0.319455 1.20552e-05 1.31971 0.000156039 0.000218534 3.78226e-05 31.0726 4.67412 5.17414 
0.254752 0.000188815 0.000345241 0.161734 2.08938 2528.63 5.03682e-05 0.000580021 0.0263606 0.15211 0.00639369 20.5386 0.00513872 3.22568e-05 6.19007 0.32694 1.11933e-05 1.32699 
0.000782278 2.30998e-05 0.000100295 0.0144127 0.323803 11.0679 0.0449846 0.00123506 0.243557 19.412 0.853595 0.0173871 2.66711e-05 0.000174716 0.00104365 0.63976 0.15937 1.68268 
4.56082 0.00384093 1.03082e-05 0.11115 2.08311e-05 91.1485 1.21183 0.00257879 0.160946 2.67854 5.06633e-05 317.835 0.00139773 0.0035079 0.00222749 0.222028 0.0149943 2.10206 
0.000319491 0.0135489 1.68019 0.00309532 0.00394868 0.0127644 1.36447e-05 0.000440218 0.000103963 0.0409016 0.732937 115.787 3.88848 0.000105144 0.0195987 0.405348 0.170287 0.00357909 
0.162877 0.449705 0.0265736 0.00171746 1.81127e-05 84.0395 1.99928e-05 0.00106072 0.000244153 0.0121076 3.97696 1.33922 8.57581e-05 0.000344248 1.16645 44.8012 9.58175e-05 0.0091975 
0.0903303 0.00111034 5.55197 0.647528 1.44943 0.0196567 0.16291 3.92997e-05 0.00286808 0.0158108 4.9458e-05 0.176525 0.047066 0.448131 2.15951 0.103729 0.000635351 0.0756729 
0.002694 0.0608516 0.000965669 0.0678976 0.00625806 0.16851 0.00119878 0.0709709 0.350082 0.267309 0.148505 1.0487 0.0777266 0.000115475 0.0566423 0.156243 0.368923 0.838636 
3.95924e-05 0.00261968 0.00109121 2.67218e-05 0.130224 2.52545 0.00106085 0.245105 1.46738e-05 33.9155 0.000594988 0.0236541 3.25985 0.000473671 0.0103249 1.00114 0.000182745 0.587471 
0.150909 0.0802819 0.00109952 0.000380539 0.609363 535.106 0.00324874 0.000199231 0.00213973 30.2126 0.716086 331.224 0.000851415 0.0101791 0.0257539 2.29251 3.36051e-05 0.00012919 
7.45506 1.97148 0.0227671 0.0176657 0.0187049 96.8695 3.95098 0.115346 0.0262354 0.0200768 0.11276 58.9921 0.100866 8.1257e-05 4.10154e-05 0.012088 1.35436e-05 0.264717 
0.000571813 0.00266566 0.0172279 0.00225424 0.78074 260.969 0.00011122 0.424475 2.1319e-05 38.3325 0.00146168 0.0913292 0.706657 1.99797e-05 0.0374102 2.80509 0.0156381 0.137312 
1.19835 0.172935 0.000247692 1.15082 0.280976 2317.81 0.00252976 0.00985507 0.0136579 0.320737 0.001543 0.532663 0.000100984 0.755267 0.709395 16.9999 0.000139543 0.0249341 
0.388838 3.61394 0.000287228 5.93169 0.0267414 2488.16 1.45859e-05 0.000376436 3.22613e-05 63.9289 0.000387509 0.0106792 0.152809 0.101891 0.000267436 0.0907934 0.0272939 0.319794 
0.00017832 0.219068 1.92857 0.0266095 5.38763 0.588501 2.32758e-05 1.25339 0.674571 0.258622 3.92122 0.828117 0.000190463 0.146082 4.3975e-05 0.0156972 0.00107128 1.48606 
0.000535486 0.00475412 0.0121264 0.0118068 0.473559 516.565 0.588501 0.00280533 0.656127 0.50249 0.00220458 0.0607136 0.0476092 0.000398835 0.000274916 5.24333 0.0277416 0.0849474 
0.00515344 0.0431015 3.5768e-05 6.37482e-05 0.177196 293.691 0.00160616 1.6088 5.73019e-05 5.15102 1.79053 33.8634 0.00898607 0.0316083 0.00259142 0.106919 0.16763 2.12936 
0.00463364 0.855669 0.00140997 0.0454899 0.000386788 76.6401 0.149884 0.0123933 0.136599 0.0116808 0.000349418 89.2186 0.147506 1.79241e-05 0.00256262 17.351 1.81155 0.0348709 
1.21099 3.94088e-05 0.00517317 0.053915 0.0261931 210.518 0.208833 0.318459 0.133875 23.1093 0.00168176 5.70898 0.0123653 0.0229182 4.7824 28.3977 0.106316 0.00836586 
0.000938991 7.49199 0.21772 1.40574 4.57785 2360.9 0.00273297 0.00776424 1.88358e-05 4.31525 0.427778 265.35 0.000120536 0.000135134 0.00817348 3.21871 0.265581 0.0909235 
2.20614 0.515547 0.00093922 0.0342692 0.00230097 0.101968 0.0403379 2.6756e-05 0.00345269 13.3909 2.61482e-05 4.29567 0.0196177 0.0478226 0.0138588 7.30808 0.002601 0.00338017 
0.000423992 0.00011594 0.0115241 0.00703655 1.07495e-05 0.0178993 0.282883 7.29097 0.274499 0.0168302 1.65343 3.12057 0.0183902 0.000373355 0.000136391 25.1489 2.72595 0.0354479 
7.11875 0.00572788 0.043751 0.00799922 5.2427e-05 216.898 0.000404576 0.0530847 0.00889526 4.28726 1.0672e-05 0.0432257 0.00491475 0.0760437 0.242699 0.15009 0.00548723 0.0900434 
0.00847524 0.0325259 0.00440618 0.0512723 3.83922 1.80179 0.0197772 0.307035 0.0209446 1.33321 0.0280453 289.953 0.0419197 0.00861123 0.172833 0.194477 3.84726e-05 0.0178139 
0.0574129 0.0402574 0.000441014 3.75794 0.000114871 296.085 3.31037e-05 2.05019e-05 2.87424e-05 139.371 0.00052718 263.456 1.21417e-05 0.010508 0.546995 1.14114 0.012886 0.108088 
0.0125888 1.79082 0.000119053 0.00557818 0.018643 261.804 8.36532 0.00201136 0.471249 0.977048 0.172414 2.122 2.36306 0.0069146 0.000500417 0.0528127 0.0897501 0.127416 
0.00307673 0.000223178 0.00994939 1.65677 8.61008 2.21479 0.0152163 0.00579944 0.988375 0.0621158 0.000595596 6.91731 0.0327185 1.90122e-05 0.350301 29.1079 9.69844 0.48728 
0.000811721 0.000155486 0.00602162 1.43207e-05 0.00233471 184.16 0.0256515 0.0124584 0.0408247 0.0450515 0.0206329 0.567129 0.417644 2.38907e-05 7.25997e-05 0.60802 0.00107823 0.0782283 
0.34539 0.0392357 0.192717 0.000262449 1.79434 32.4021 0.0017906 3.14441e-05 0.00631321 0.128338 0.000573825 0.151158 0.000588414 0.0194042 0.000185335 9.07516 0.168165 0.00520111 
1.7649 0.00185777 0.000118865 0.197197 7.89844 5.41132 7.51611 0.00288193 2.57123e-05 484.543 0.041796 1.55488 3.90102e-05 0.0229072 0.00329259 0.113731 0.334124 7.86211 
0.00302362 0.11187 0.196865 9.16592 6.82172e-05 462.347 0.000247087 0.000241258 0.189516 0.226786 0.000156376 91.5266 2.92606e-05 0.000251221 0.00367814 39.4077 0.000675297 1.44375 
0.510994 0.0118655 4.27087e-05 0.00284373 7.98605e-05 0.227965 0.00592894 2.10593e-05 1.08632e-05 0.109115 0.0087357 146.747 0.000275674 0.0808966 1.22823e-05 20.7025 0.000220995 0.000619337 
0.0258113 1.68788 2.83412e-05 4.10962e-05 0.000998067 166.339 5.177 3.13372 0.000685225 0.0854524 0.745814 0.0513675 2.72405 0.000219717 1.93519 9.86895 1.30417e-05 0.000261747 
2.89229e-05 0.00450925 0.00597736 0.558941 0.00101475 0.0108466 0.00553301 0.000952981 2.76855e-05 361.475 0.0406152 0.0248434 3.85834e-05 0.000230854 0.0233022 2.48442 0.00817776 0.226618 
0.046072 0.000352561 0.0672915 0.000152434 0.00515614 0.0534177 2.59238e-05 3.39517 0.668372 2.25054 0.0150332 53.6763 0.0108426 5.12367e-05 0.00070673 0.135319 6.34238e-05 0.098227 
0.0033642 2.04331e-05 0.158471 0.000139916 0.000463262 2.70805 5.04903e-05 1.6745 0.000208138 15.2425 0.00026283 457.488 0.0243994 5.66111e-05 1.15936 2.77229 0.00021327 3.03119 
4.48602 1.1168 4.20191e-05 0.00428452 3.98225 0.0262576 0.050177 0.000164676 0.0849181 0.0587607 6.6734e-05 27.6058 0.662985 7.95915e-05 1.06178e-05 2.39926 0.19729 0.409425 
0.000343666 0.565264 0.000653686 0.00204392 0.0564316 56.4573 0.867034 0.0025438 0.0122523 0.141724 0.0160234 225.496 0.277987 0.184807 5.8505e-05 0.160927 0.155037 1.28532 
0.000561932 2.74688e-05 7.73144e-05 4.46356e-05 0.000204154 12.3272 0.362003 0.000629291 0.0105772 0.356941 0.0185507 95.7029 7.27856e-05 0.133949 1.58707 0.0194308 0.0711825 3.26162 
0.00969249 5.29273e-05 0.000269655 0.066996 0.0584954 0.0102742 0.000282166 0.00286406 0.0595127 0.0318744 0.000242121 89.2619 0.0487423 0.00213021 0.00345494 38.789 0.00938239 0.00204287 
0.00092471 0.152648 0.000651864 0.0716748 0.433496 0.898587 3.08423 0.00158071 0.0042583 0.253789 0.00391868 0.451543 0.00623333 0.00728463 0.0144646 0.283185 0.000929222 0.47288 
0.000747902 0.0217318 0.000955161 1.69389 0.321188 0.0378742 0.0076932 0.00598221 0.0934613 8.8923 0.0013308 18.4124 9.0388e-05 0.115699 2.45501e-05 0.0516582 0.0102713 0.557486 
0.000136823 2.92289e-05 0.0494426 0.00368293 1.00044 0.834404 0.000212742 7.04579e-05 0.0124488 0.0100885 0.000546659 2.6918 0.000145206 0.100464 0.221601 0.0284442 0.00222399 3.63394 
0.0050614 0.000194643 5.11113 4.31788e-05 0.00182533 83.1238 0.621153 0.0533552 0.000331013 0.0454385 0.00438062 140.455 0.000119098 0.000943962 0.00488687 14.8189 0.0484835 0.284126 
3.19224e-05 4.56156 0.00666554 0.0288218 3.95409 57.8094 0.000154101 0.841372 0.000480126 113.054 0.00327822 0.217352 0.0231218 0.000359616 0.949633 46.2299 1.20167 0.361482 
0.671497 6.83157e-05 0.621659 0.00512702 0.000163686 264.312 0.0253011 0.0178274 0.00225571 0.0176245 0.00160348 44.3015 0.718763 0.0521493 0.074982 0.060212 0.000153907 0.631107 
1.18851e-05 0.274189 3.48693 0.00359501 0.000136129 0.0993408 0.522223 2.05929 0.000395932 1.67186 0.0239406 1.0768 0.000103187 0.660573 4.08193e-05 0.014356 0.000403799 0.12606 
1.14793 0.187833 0.177617 5.2668 0.00890783 230.144 0.180497 0.664633 0.0194726 0.0184468 0.0387131 15.0093 1.72863e-05 0.00201393 0.367239 0.141765 0.120101 4.67975 
0.778461 0.0537236 1.3067e-05 0.477201 0.155142 244.495 0.00213345 0.111401 0.811167 4.17465 0.000332237 331.751 0.373376 0.00126652 0.00257849 0.0497012 0.0196256 0.142599 
3.41956 0.00716295 0.145149 5.01452 3.98506 255.945 0.000229758 0.00162867 0.000328497 0.0124188 3.27481 392.207 0.00109404 1.23724e-05 0.170599 13.9657 0.000408535 5.86363e-05 
1.90394 0.00481727 1.69406 0.00203699 0.090654 0.0175618 6.03455e-05 1.14981e-05 0.0312245 45.7304 0.107981 131.22 3.83688 0.0180328 6.52168 0.029773 0.00122034 0.484098 
5.9517 0.205986 0.0289625 0.00171967 0.00161672 110.141 0.385048 0.00194743 0.00395905 0.56017 0.0220517 89.8104 5.67531 0.0505821 0.000113692 7.02323 0.0994585 0.00258173 
0.00421027 0.00256638 0.0950182 0.237854 0.000434213 99.6864 0.000399195 0.00018005 0.000717875 0.297423 0.000149699 0.304061 2.77627e-05 0.0211455 0.00605538 43.4941 2.4975e-05 0.00124675 
1.69394 0.0181836 1.55115e-05 8.60779e-05 7.24283 0.491391 4.0662e-05 2.26243e-05 0.00131124 2.34975 0.0075648 0.0147753 0.00787771 0.404656 0.0730772 0.0142905 0.00155675 1.31303 
0.0390364 0.412565 1.66835e-05 0.0805238 0.0313764 580.073 8.96148 6.73493e-05 1.47625e-05 0.0297492 0.000612946 33.8455 2.99061e-05 0.000207792 0.000286314 1.93955 0.000476957 0.494485 
0.000484091 1.84026 0.0428771 2.27324 2.21736 0.0368878 1.18267e-05 7.97185e-05 0.000295211 1.38624 0.00683052 23.8973 1.15931e-05 0.00266375 0.000766353 29.0665 1.26802 0.0530309 
1.20496e-05 0.00107268 0.00802407 0.00768409 2.29865e-05 0.0130046 1.89825e-05 0.00288638 0.0163582 0.433172 0.0295186 14.4643 0.0138269 1.81296e-05 5.69435e-05 3.70753 0.531112 0.148019 
0.375578 0.150251 0.00152228 0.0158091 0.0671378 0.495594 0.110431 0.00116239 8.46138e-05 0.011604 0.161034 31.9704 7.04085 0.0470075 0.565904 0.46861 0.000482411 0.230064 
0.868629 0.000238211 0.630846 0.00298147 0.000141444 21.965 0.10389 0.0150619 6.77694e-05 0.546665 5.5413 0.0131146 1.28457e-05 0.000463222 1.43814e-05 0.923438 0.0194175 0.943864 
3.36225 0.0026825 0.000159139 0.000105122 5.83236e-05 50.3878 0.00046633 3.54175e-05 7.89498e-05 0.370796 0.00169118 1.86503 3.50215 1.66514e-05 0.00442229 0.139903 0.000780028 0.953885 
0.0670497 0.00174702 0.0133424 1.01809e-05 6.78311e-05 2866.7 0.000201823 0.000128172 0.0176953 13.1176 0.290462 87.3342 0.151379 0.00272896 0.00151879 2.29152 0.000967386 0.0398225 
0.000149065 0.341926 0.000213402 0.00432704 0.000224343 5.69916 2.97853e-05 5.16535e-05 2.20162e-05 2.6053 6.61954 3.94978 0.042363 4.72998e-05 0.0168086 4.07695 0.0214183 0.0157713 
0.00179814 0.654163 0.0993786 0.00104106 0.0412264 251.881 1.31521 0.0411803 0.406731 0.0100601 0.668443 0.399672 0.00221938 0.00184668 0.0708351 0.693966 0.000154548 0.0528008 
1.0771 1.36058 9.55359 6.88506e-05 7.91168 0.0385899 0.00400021 5.83938e-05 0.00440095 0.62348 0.000606811 24.8279 0.000354943 0.000131339 0.00281342 0.230193 0.0221929 0.218192 
0.000340033 6.73561 0.000142975 0.00153492 0.404566 6.38846 2.06684 0.000353441 0.0754231 9.05949 1.75203 3.69884 0.00700559 0.14082 0.0342158 4.68062 4.15679e-05 0.00131298 
0.176071 0.080964 5.62509 0.0410118 3.27953e-05 25.9505 0.0012785 0.000145153 0.00153111 0.043177 0.0408226 18.6536 5.38209e-05 0.00425989 0.126385 1.30941 0.00136044 0.137273 
7.83163 0.00282899 0.628761 0.0235766 0.00125768 0.0388665 2.01101e-05 0.128431 0.0385274 13.1025 0.0568455 0.616059 0.0025762 0.0101444 0.00970177 33.3771 0.000175539 0.00217637 
0.000114 9.89378 0.00789462 0.585576 0.000236431 2.65569 0.00276285 0.00396474 0.000187959 3.62252 0.000391859 0.083354 7.17561 0.0138022 0.000741121 0.858732 0.211519 0.238491 
0.00338743 1.2826e-05 8.24727 0.0173195 0.0887174 1.58513 1.99327e-05 0.258088 0.00907705 0.020856 3.13984e-05 0.016992 2.45735 0.0115598 0.000289272 27.3964 0.000269908 0.00177763 
1.06734e-05 0.000920008 0.000132143 0.150484 0.551344 107.759 0.0590306 0.0642063 0.581941 23.9519 0.000148175 16.4459 0.235857 0.00312057 1.11584 1.61467 0.0315869 0.704 
0.000280543 0.000637153 0.000508677 0.00140122 0.0216529 7.7989 0.000133897 4.87336 0.0464438 0.0656635 0.0358976 12.4713 0.731672 0.000486361 0.0281748 0.0339452 0.000897498 3.38307 
2.72566e-05 0.144005 0.0114001 0.0712163 0.575094 232.234 1.4344 2.1303 0.0240414 0.0425611 0.00187805 0.0425962 7.45458e-05 0.000119181 3.47131e-05 0.567279 0.000266376 3.76627 
0.153157 8.43608 1.51894e-05 0.00380454 0.00279172 1322.44 0.0467246 0.0043107 0.108425 0.198343 4.32861 0.0269673 0.032377 0.000207006 0.985933 4.5734 0.0373866 0.0168558 
0.00394975 0.48142 3.91143 0.0344498 0.000416859 89.0726 3.37072 2.32689 0.0507873 35.3815 0.11752 0.021399 0.106187 7.23487e-05 2.76008e-05 0.446189 0.130676 4.86255 
0.210894 6.28536 4.55755 0.000136014 5.45812e-05 0.0113602 0.0927161 0.0886662 0.00215034 5.27412 2.13029 0.893742 3.40397 0.00012483 2.74571 0.0893135 0.00669434 0.792042 
0.000337134 0.00314201 0.648481 0.102285 3.8245e-05 118.366 0.000151331 0.0312929 0.00100916 0.999002 8.78088e-05 6.67583 9.9379e-05 0.21554 0.00144415 0.695301 0.0054772 0.0118052 
0.000795306 0.00151884 0.000316779 0.0277955 3.12697 0.734745 3.05626 8.01155 0.000241515 1.70804 8.28723 234.656 0.177262 1.55959e-05 0.0948422 0.0745957 0.00017119 1.77227 
0.000305984 0.00112357 0.00194479 0.000102404 0.000240194 3.5944 1.94704e-05 0.0197175 0.000296352 0.728385 0.000511701 0.568113 0.00145934 0.148 0.0593519 2.58525 0.000271171 0.491411 
0.0072152 3.06712 0.193873 2.19566e-05 0.630718 11.5834 1.23991 0.000788702 0.0412921 0.895415 3.43865e-05 0.725663 0.113616 0.00811877 2.91181e-05 3.99364 1.00142e-05 0.0219213 
5.7984e-05 0.0147001 0.000508543 0.0200844 0.0100037 1.90638 0.000522116 0.0964028 0.000116673 4.9083 1.85611e-05 0.0557103 0.124941 0.00345801 0.000178308 1.60711 2.16389e-05 0.257265 
0.00540525 4.48823e-05 0.000576531 0.0106214 0.00937946 0.136851 5.87772e-05 0.458833 0.0200982 0.0253698 4.05895 0.0824379 0.00214871 0.0261395 0.00864085 14.3602 0.000374451 0.00539984 
0.219339 0.0326454 0.00847015 0.0010997 0.0389403 2.09303 0.000499654 0.000102043 0.000202133 0.220654 0.441764 0.0304208 0.0005468 0.0100387 9.63403 37.3116 0.0120992 0.0144555 
0.00286067 0.48572 6.77654e-05 0.00178275 0.027911 1.13425 1.99647 0.189099 0.0507862 97.9784 1.24791 53.7644 0.0294103 2.28547e-05 5.96551 0.717978 0.702415 0.511086 
0.051417 3.24215 0.115808 0.5624 0.000144819 5.13069 9.82879e-05 6.2464 0.00304991 208.712 0.805431 39.1553 1.91167e-05 0.0192453 0.000731275 0.132831 9.57825e-05 1.71979 
0.50718 3.09633e-05 4.81639 4.06673e-05 0.870667 0.0185028 0.0320737 1.98708e-05 0.517425 0.207193 0.0353526 308.749 0.00079124 0.000221827 6.4682e-05 0.310663 0.0132182 0.00282828 
0.139347 0.00194637 0.000607252 0.123375 0.000542186 0.0172161 1.32454 0.000822319 0.0288288 0.357666 0.00109367 0.447328 0.00130494 0.640896 0.0350907 1.06948 0.000167043 0.00276941 
1.23443 3.62026 0.00146061 0.00013533 0.00266785 0.662355 0.305799 7.52596 0.000378275 0.0319482 6.61995 1.56356 0.124686 0.00258669 2.32046e-05 0.188328 0.00198535 0.0849362 
0.078728 0.000104678 3.81355e-05 0.00105872 1.15959e-05 5.51383 0.000669885 0.1138 0.175717 22.2334 0.00024154 1.20227 1.06973e-05 0.30542 0.0530038 0.029426 0.334981 2.9295 
0.00187239 0.0465335 1.34622e-05 0.000207723 0.000560552 4.53707 0.0259572 0.0947812 0.00390161 37.2811 1.52011 367.92 0.212103 0.0622667 0.00392071 0.546087 0.00348415 0.0272953 
0.146315 3.57337 0.0491375 0.0100666 0.156556 0.181166 0.00028816 0.713552 0.000374633 2.71365 0.000289652 10.4489 0.00511056 0.0014438 0.00080954 1.2024 0.00662691 0.426474 
0.000623966 1.5622 2.39418 0.00128154 0.00469612 395.78 0.012869 0.187343 0.00594104 0.79343 0.000289265 408.473 6.70689 0.000506328 0.000260406 0.295598 0.0174817 0.435328 
0.050464 0.27268 3.94579 0.0187793 7.40619e-05 1149.14 0.622337 0.00181765 1.28373e-05 82.6258 0.000350938 0.0271884 0.086322 0.089459 0.519924 0.135732 0.0227004 2.10695 
6.42281e-05 3.08678 0.00764133 6.97794e-05 0.000157323 195.511 5.47358 0.000426907 0.0461709 5.90625 9.65161 136.846 0.000694544 0.00322065 0.00192722 0.099141 0.0221234 0.217383 
0.00102474 0.0918512 3.77237 0.000702105 0.0711406 294.393 0.017942 1.2939 0.000162356 495.738 7.45894e-05 21.0712 2.39857e-05 0.00124006 0.0391175 0.906195 0.630836 9.5236 
3.28182e-05 0.000592659 0.00213244 0.144845 0.0549172 775.456 3.01961e-05 3.97021e-05 0.0630827 0.066104 5.20577 0.0126225 2.8481 0.000659077 0.00703875 4.3142 0.00167361 0.000153109 
0.00176492 0.0166851 0.00819431 0.261202 2.61258 0.0798558 0.0178948 0.50284 0.763707 63.9493 0.0473737 3.24469 6.00041e-05 0.000461663 0.000342344 3.72729 0.0450021 0.0184136 
0.0109871 9.66023e-05 1.20525e-05 0.383874 0.00133387 0.868759 0.00181588 1.05508 0.0116309 0.722603 0.854341 0.85427 0.165606 0.014744 0.000377062 29.0437 0.0172826 0.00143807 
0.00113108 0.419599 1.11919 7.10364e-05 0.0137575 17.1764 0.651167 0.0018642 0.00392607 0.0484374 8.23428e-05 0.55066 4.6441 0.001918 0.539515 0.238797 0.540488 0.920826 
0.0757886 0.00016899 2.25209e-05 0.0020225 0.00139394 80.5667 0.00354897 0.0135565 0.695873 15.0865 0.00153572 109.113 0.00169178 4.08611e-05 0.00113897 0.126719 0.8174 0.268255 
5.20102e-05 0.00299174 2.69862e-05 5.09857 0.404329 322.838 0.00271972 9.21097e-05 0.0921827 0.10017 0.205646 282.88 0.00465251 0.0105205 0.00140112 0.0226643 0.0502004 0.309937 
1.78171e-05 0.0567623 0.0061817 0.00483257 4.22218 0.0264698 2.1498 0.000158812 1.37581e-05 0.892922 9.69238e-05 2.94402 0.000491948 0.0102343 0.0242183 1.748 0.000207932 0.0353376 
0.000178143 0.0032871 0.192636 1.18758e-05 0.000634981 0.650356 1.15267 0.460521 0.000261278 1.28911 8.26876e-05 0.0278098 5.4745e-05 0.546918 0.124886 0.177436 0.0979886 0.0505213 
0.00604007 0.0635635 0.00726291 0.0175456 2.49593e-05 464.632 5.58744e-05 0.558317 0.343717 0.0119913 0.0011432 0.787756 0.00243672 0.409296 0.00244346 0.0395876 0.0100383 0.256468 
0.339351 2.59346 0.000855819 0.216389 0.00189496 668.966 0.0152199 1.88473e-05 0.000108545 0.207398 0.0018988 0.0215463 0.000239854 0.394476 0.000666669 31.9871 0.00481262 0.000152609 
0.0058764 0.0946954 0.0968112 0.0908272 0.000729687 7.96912 0.016221 5.08662e-05 0.000935737 0.0227444 0.0108548 2.93093 0.0171155 0.000838376 2.9256e-05 2.80248 0.00133666 0.232384 
1.34612e-05 5.14691 0.0263821 0.0097424 0.238136 3.60574 8.92467e-05 0.000682612 0.212377 96.8271 3.99065 0.264899 4.65452e-05 0.0154171 0.000161166 0.598549 0.0219278 0.246148 
1.4378 2.73134e-05 2.58822 0.000276492 0.0463871 182.928 0.0142715 3.69344e-05 1.19679e-05 0.0114181 1.32711 0.221139 2.34237 8.57883e-05 3.2096e-05 5.44483 0.00229621 0.00644873 
0.0063613 0.000156516 0.00161436 0.00438708 0.00450959 48.5994 0.000269432 0.000506905 0.157704 0.0144249 2.27052 5.43072 9.0694e-05 0.918086 9.24922e-05 0.0252035 0.000903646 0.153636 
0.424284 0.0251238 4.10874e-05 0.015076 1.4367e-05 0.023534 0.222872 8.35673e-05 0.859975 126.005 0.029131 1.96615 1.01916e-05 3.69946e-05 0.0651876 0.271479 3.18454e-05 1.6054 
0.0949067 1.75343e-05 0.000694689 0.0675739 0.0355638 0.075646 0.246963 1.27224 0.00846542 0.0126449 0.873627 14.617 2.36714e-05 0.000731739 0.000743955 0.15702 0.170048 2.08539 
0.0577891 0.000767937 6.90653 0.0658917 5.13027 0.0406637 6.86326e-05 0.015359 0.000272897 4.9404 2.44983e-05 0.0102786 0.145114 0.166298 0.000123401 15.2108 0.653288 0.269595 
0.0104585 0.836176 0.0252497 0.152268 0.000833087 0.163368 0.341713 9.49425e-05 8.25957e-05 5.62202 6.88841e-05 181.948 7.61601e-05 0.545696 2.5475e-05 0.549806 0.00166818 1.1687 
7.84375e-05 0.000565659 0.00026005 0.61536 2.42359 208.528 2.97073 0.0179233 0.00803721 3.7677 0.451784 54.2816 0.00478948 0.152502 9.39542e-05 23.1328 0.000341457 0.000309082 
7.03427e-05 1.86821 0.000111795 0.00249353 0.410042 0.722949 0.187169 0.00145967 0.000984879 6.95484 3.24596 0.0450151 7.14251 0.00140689 1.29645 3.93919 0.000606467 0.213546 
0.429095 0.00040727 2.80541e-05 0.0768048 1.13779e-05 0.022118 0.00632973 0.00030033 3.71288e-05 0.153217 6.89538 14.1645 0.00665671 0.00072249 0.908407 0.514833 3.38442e-05 1.00722 
0.0995251 0.109882 1.36542e-05 1.88718 0.000484005 1096.45 5.45435e-05 0.00629145 0.106064 95.9384 1.32952 4.73661 1.02381e-05 0.0212616 0.0116381 1.26827 1.12488 0.154712 
0.067713 9.5348e-05 0.00101635 2.53028e-05 0.00335515 16.5968 3.89998 6.97924e-05 4.48071e-05 1.43916 2.61236 200.558 0.0180536 1.90049e-05 0.015716 0.353713 0.0127391 2.02175 
8.49484e-05 2.36011e-05 0.167905 0.000189631 3.63407e-05 244.572 0.00851048 0.00140179 0.176336 0.0239281 0.028651 414.125 7.12519 0.000341851 0.00083174 0.612665 0.038515 0.00288376 
0.00386585 0.00545356 0.189338 8.69099e-05 0.63926 2541.24 0.00696474 0.853766 5.51981e-05 65.2655 5.94106e-05 0.0897642 3.62104 0.00928134 0.00296285 25.3053 6.87538e-05 0.203558 
0.0233347 4.18964 0.0591476 1.23481e-05 0.000339573 2.7038 2.12316 0.0646194 0.00013419 1.12357 6.1985 51.5358 0.00589057 8.75584e-05 0.000671653 7.97178 0.669807 0.302683 
4.73941e-05 2.81095e-05 0.0264401 0.000537881 0.00265473 148.071 1.38637 1.6534 0.704766 0.0163131 0.000262619 2.24693 1.34386e-05 0.0146742 0.957681 0.356116 0.00229187 1.74019 
1.05325 0.00166666 0.0236203 0.0055139 0.000193513 4.3886 7.91888 1.02992 0.1411 2.46257 0.00154802 0.0524186 0.148785 0.0166435 0.00483159 1.77845 0.000134443 0.0612464 
5.0531e-05 2.20595e-05 6.24682e-05 0.077861 2.55887 67.8358 1.00157e-05 2.48352e-05 0.000114283 0.831841 0.190082 0.16928 1.06591 1.39879e-05 0.00191335 0.0913289 0.0996443 1.93619 
8.72672 0.000360847 0.00151631 0.213625 8.42769 0.162483 0.00283285 0.00186682 0.0192598 0.12967 3.69518 3.50327 0.0190569 0.0848782 0.120351 35.3024 4.35938e-05 0.000833665 
0.000630206 0.00010903 5.49592e-05 0.174927 0.205632 0.83245 1.5791e-05 1.59857 0.0244468 7.74606 0.150963 0.25506 0.024935 0.627269 0.00121955 0.084623 1.73744e-05 0.0649639 
1.57591 0.223037 0.427714 0.00156603 0.023094 0.228745 0.0372 0.000192492 0.0395348 10.6695 8.25367e-05 0.0154965 0.0232739 0.00167533 0.000581162 1.03288 0.122869 2.34314 
5.24161 0.0285005 0.00735235 9.26763e-05 0.000141075 6.07677 0.000204915 0.0317186 0.00165451 0.0141906 2.46596e-05 58.0057 0.00131122 0.288183 0.000329568 0.0857622 0.125614 0.533378 
7.41582 0.0581418 0.00763779 0.000151511 3.81579e-05 1.06743 0.00101573 0.332111 0.875246 0.0358839 0.902107 12.9491 2.79297e-05 0.0865647 0.115121 0.0162787 1.1864e-05 0.247391 
3.90324 0.00692061 0.171709 0.000233118 0.154818 594.373 0.000161281 0.0220206 0.000289231 0.0739212 0.00155969 0.0331067 0.065139 0.00940173 0.000231874 11.2119 0.196047 0.0351241 
0.00100901 1.11581 0.000975687 0.0821448 0.000294453 31.416 0.00035909 0.00696012 0.000396951 8.74324 7.84192e-05 0.540641 0.00127436 0.556775 9.92005e-05 4.16058 0.934534 0.00963864 
0.0384237 0.272047 1.56235e-05 0.963792 0.000657309 262.438 0.00312228 0.000689075 0.240082 7.53447 0.00291838 61.9012 0.000337654 0.000153351 0.00155035 0.300232 1.9141 0.454224 
4.7212 5.11696e-05 2.39322e-05 0.00130208 0.0108573 30.4399 3.39648 8.20708 1.90187e-05 37.9489 0.000153145 261.648 1.25016e-05 0.0881617 0.000191726 38.2842 0.0316742 0.000927257 
1.02502e-05 0.289551 0.00172215 0.0476803 0.0467052 0.0229737 0.0773713 0.00207569 0.00097952 0.145816 3.17109 0.0334263 3.35695 0.049896 0.107879 0.0873868 0.0893425 0.0294801 
5.65497e-05 0.354808 0.0466754 0.0244736 6.08654 1.18276 0.000107981 0.000693862 0.00717728 0.0274345 0.0589832 1.08607 3.90336e-05 0.0793342 0.00140874 1.9145 0.00105795 0.0214311 
0.285389 3.76638 0.0132252 0.35974 2.99384e-05 0.0224812 0.0327027 0.0587117 0.143321 123.458 0.0117063 129.137 0.000605698 0.000453419 0.0016283 10.1205 0.0257433 0.0460382 
7.7939e-05 0.00999359 0.000144804 4.71607e-05 0.000651848 372.567 0.962698 1.47817 0.00456097 0.463387 0.0240517 0.590836 0.00641038 0.0084844 3.80399 2.38935 0.0170434 0.933802 
4.35404 0.0592672 1.14666e-05 0.00383008 1.51883 2309.82 0.0108192 0.354797 1.46662e-05 15.0948 0.000295927 11.0909 0.0086387 0.0744431 1.72104 2.20351 0.00929193 0.0774121 
0.00670859 2.30975 0.240587 3.3739e-05 0.843564 1.33465 0.000164464 0.760521 0.0343864 1.06696 0.301849 0.49855 0.000541066 0.861475 0.0149032 0.0523534 0.42111 0.326853 
0.000507292 7.40974 0.00169044 0.000393184 0.000371502 0.0294486 2.26926 0.00107236 0.00697198 6.48484 7.5863 0.0157198 0.182796 0.00113059 2.84835e-05 14.9646 0.000980183 0.00412209 
0.161462 0.000797725 1.21664e-05 2.02779e-05 1.82523e-05 3.62664 0.00306544 0.299478 0.000214302 0.0440232 3.98207e-05 357.79 0.000527162 0.0711106 0.000168968 0.861334 0.14489 0.111878 
0.00708621 0.00276425 2.91722 5.03761e-05 4.62721e-05 169.455 0.000443857 0.095558 0.0371539 0.015771 0.00334251 0.268226 0.118363 0.80083 3.76663 0.795729 0.719777 0.538505 
0.00946268 0.561618 1.72448 2.8123 0.0011553 63.3097 0.000806374 0.0196648 0.000610881 3.3455 1.48098 2.88488 1.24729 0.000652688 2.30921e-05 0.16109 0.00146491 0.312116 
0.0606645 1.88869 0.00280318 0.0167764 0.00050324 0.0130013 1.677 1.18118e-05 0.0288808 0.446135 2.36524e-05 186.066 0.00229657 0.663331 0.00696783 9.74124 0.00022352 0.000556384 
0.100634 2.00659 0.0132885 0.00035096 0.110339 85.1711 1.75974e-05 5.24714e-05 0.218021 0.519842 0.0250642 0.336149 0.000822058 0.846281 0.082511 15.5648 0.00439928 0.00937886 
0.000166746 0.00496192 3.58767 6.7046 0.0177307 0.0937601 3.16817 0.00483958 0.000300308 0.162519 0.575977 50.0019 0.00234326 0.012583 0.149718 0.527403 0.0352904 2.06625 
0.042081 1.62008e-05 0.000661501 0.895705 0.050906 0.0188262 0.0849405 0.00380424 0.00112745 1.12702 0.0237797 0.0372716 1.95376e-05 0.722752 0.000364768 33.1868 2.34877 0.00689129 
0.00152721 0.00108333 6.0569 0.000267428 0.00176202 52.393 7.18393 8.32568e-05 0.25194 367.022 0.0165731 0.444621 0.151441 0.00133417 0.00143536 1.79889 0.00500949 0.183844 
2.24307e-05 0.00062184 3.45243e-05 0.108958 4.20693e-05 1031.04 0.131319 0.672332 0.21035 3.2047 6.33814 63.866 7.95622 2.26931e-05 0.00296719 4.8012 6.98718 0.107873 
0.00109942 0.659969 0.358663 0.0869402 0.0709711 24.7352 2.40417e-05 0.000705043 0.0538037 0.2979 0.0277811 20.035 0.00102478 0.000188768 4.91064e-05 21.0083 0.00217158 0.0119945 
0.000189911 0.0261876 0.00308318 0.892104 0.0125406 0.138873 3.30313 0.0176865 0.76902 8.97769 1.71199e-05 0.541714 0.0029604 0.000149195 1.51987 4.48582 4.52544e-05 2.17001 
0.238075 0.000400354 0.00158487 0.00605141 0.248763 0.0442771 8.35237e-05 0.00110968 0.000847553 30.0023 1.50237e-05 0.0453368 2.83385 0.0064922 0.215111 6.76714 1.0238 0.304921 
1.9195 1.98352e-05 0.100274 3.0271e-05 0.00129346 0.0138027 0.00387349 2.49895 0.484493 3.66497 5.47835 0.0160631 0.0268526 0.000166057 0.000113258 0.213087 0.00105717 7.86466 
0.000406718 1.46717 0.0158736 0.0034975 2.20138 0.376876 6.51297e-05 6.85377 0.000121141 110.921 1.32316e-05 0.034663 0.123002 5.80559e-05 1.52647e-05 9.5947 0.000466026 0.997853 
1.53886 2.24901e-05 0.00825143 1.29522e-05 0.000145633 16.4175 0.0323222 1.84046e-05 0.0566227 1.69669 0.00147479 17.7257 0.0160013 0.00323511 0.00874208 0.533207 0.00919319 0.524532 
0.000759581 0.349568 0.0006803 0.0918107 5.35044e-05 1890.77 3.62701e-05 3.57781 0.0869377 3.20461 0.755936 73.41 4.99927 2.54772e-05 2.014e-05 0.0147673 0.00292363 1.91364 
0.00682708 7.29773 0.000249183 0.000139642 1.34304 0.159712 3.15952e-05 1.32054e-05 0.0124886 0.102446 0.000249005 51.8213 0.000131395 0.0240253 6.17246 3.57303 0.0048273 0.621328 
0.0224275 0.00333432 0.000317554 7.26841 3.05414 129.663 0.000218941 0.106098 1.68202e-05 2.60757 0.165801 300.113 0.0453433 0.533165 0.00316299 34.7268 0.000215371 0.000151362 
0.0154793 0.00258863 0.42149 0.000170344 2.2557 0.45977 0.100298 0.00367608 0.00149943 0.0216744 0.000302675 1.41913 0.0448905 0.0106758 0.000443152 4.1785 2.23744e-05 0.0469023 
1.12636 0.00064078 0.000132673 0.790949 0.000364458 54.302 0.000246317 0.139013 0.000473724 0.0187808 0.020909 22.7251 0.000279691 0.00332804 1.7849e-05 26.7568 0.0219536 0.010802 
0.432361 0.00676124 0.00114253 4.21304e-05 0.00414974 55.058 0.195002 0.00528868 0.000165091 0.0578263 0.218729 145.996 8.2705 0.030627 4.21651e-05 47.5926 1.11683 0.000307078 
0.309842 0.00272856 3.75851 0.000534793 0.843219 202.435 1.12769e-05 0.000168539 0.541791 0.0413146 0.123512 6.51162 0.00253708 0.0777434 6.36811e-05 1.79771 0.000200322 0.0132071 
0.000275982 9.94834 1.36926 0.00242379 0.257236 1897.82 0.470225 0.044227 0.000439219 0.406646 2.54048e-05 4.78291 0.000161016 0.0135338 0.00149323 7.69753 0.000959483 0.0157182 
0.662264 0.000755463 0.0158245 0.00418899 6.16646e-05 0.0267223 0.0114072 3.50409e-05 9.28963e-05 1.89124 2.96959e-05 48.4943 0.332005 0.00984907 0.0545197 1.73513 0.0473714 0.250531 
2.67323e-05 0.000123522 0.00499288 0.000700048 3.16671 0.347301 0.0796499 3.33004 0.670794 83.551 1.45496 0.243834 0.000208104 0.047782 0.23182 12.4774 0.0273865 0.228694 
0.0024336 0.013673 0.264036 0.139748 3.06195e-05 49.1555 2.3984 0.0252805 0.000307387 0.178629 0.00119325 187.341 0.125364 0.000150988 1.09859e-05 34.0654 0.000639235 0.0207571 
0.108351 0.104317 0.000358694 0.00103019 0.157935 0.0191635 1.8359e-05 0.000174152 4.71301e-05 2.26734 0.172321 0.0370519 0.00510312 0.624062 0.000264303 0.0151566 0.000762853 2.22856 
1.49212 0.220521 0.011111 1.12448 2.72009 0.0137065 0.901919 0.127107 0.757942 7.4803 0.0311133 175.374 0.00467932 5.729e-05 0.109366 0.0395659 0.000464657 4.57636 
0.748518 7.25861e-05 0.0101134 4.17691e-05 1.51481e-05 23.0704 0.00958088 0.0438511 0.375902 0.203881 0.00153739 42.1192 0.00120311 0.00995242 0.334753 4.55999 0.00166372 0.00232289 
0.0938835 0.000612971 0.00602554 0.104844 0.791983 790.018 0.00493427 1.4328e-05 0.277391 0.0249269 0.0279202 2.34588 0.000114522 0.041137 0.530737 0.249754 0.000409637 1.30395 
0.218928 0.00236024 0.655973 0.00378905 1.65461 0.37797 0.00135096 0.192568 0.00061907 0.276958 0.0114549 0.956235 5.32063e-05 0.00170757 1.79974 7.40461 0.000298444 0.142191 
1.8515 0.00622305 1.27467e-05 0.000564414 0.199146 0.0164641 0.0110298 0.00432451 0.00841286 46.9221 1.00867 62.3961 0.01666 4.72688e-05 9.51695 1.15675 0.00301896 1.61306 
6.055 0.533956 3.87816e-05 0.0259401 1.16411 0.0268546 3.05386e-05 0.0171635 0.00213792 464.691 3.13267 0.253235 0.219897 0.00463476 0.032188 0.781072 0.189923 2.23048 
5.03164 0.00509648 2.17724e-05 0.00428898 0.000595422 9.30789 0.000118104 0.012963 0.0382197 0.128754 0.15186 21.8095 9.45308e-05 0.0144164 0.00281423 1.43689 0.392903 0.0288258 
0.00014734 0.753827 0.000466418 0.000152238 0.000930495 0.272502 0.0126964 3.17766 4.07668e-05 0.311446 3.70957 132.571 0.581612 2.31356e-05 8.87039 22.4383 0.00556778 0.00559318 
0.000186369 0.00524873 0.724802 2.29394e-05 0.275907 886.993 0.0349824 0.0016051 0.00432376 0.0331209 2.8917e-05 0.0604195 0.000375253 0.000133631 8.09776e-05 21.147 0.0258891 0.0476617 
0.00164415 1.15408e-05 0.352788 3.13036 0.00307843 0.0156126 8.4701e-05 0.0289863 0.719964 9.18436 0.00708731 21.4309 0.000106152 0.0045813 5.09736e-05 0.765214 0.0624055 0.0407503 
0.000109509 0.000206326 0.413315 0.000614055 0.000108927 698.834 0.000243672 5.60346 0.170464 0.0174379 0.0149818 0.0548603 0.0328608 0.0040302 0.0299983 32.936 0.0395974 0.0168155 
0.0123021 0.00466827 0.0256803 0.352757 0.0220371 15.1591 1.48191 0.214611 2.20749e-05 3.88865 0.00108417 0.371707 0.119918 0.113082 0.000223252 0.593547 0.701586 0.260312 
0.000638237 7.74107 0.0169501 0.146762 4.83318e-05 7.12349 4.71954e-05 9.86677e-05 0.000717548 2.32443 4.11775e-05 414.371 1.19688 0.0604944 0.00039401 0.738729 1.02976e-05 0.188467 
0.0121921 0.220001 0.0989776 1.35537e-05 1.14055 111.582 4.21529e-05 1.67437e-05 0.141575 1.3394 0.274748 0.298256 0.0159236 0.000340429 3.43836 5.71149 0.00142331 0.359427 
0.374921 2.65678 7.14542e-05 0.0263505 0.000149649 3.11012 0.00280775 3.06995 0.156355 21.6923 8.13048e-05 12.301 2.0936 0.00866044 0.0443746 31.8162 0.0739311 5.96526 
0.000811907 5.25114e-05 5.63808e-05 0.72016 0.0113837 10.0515 0.143228 0.0161286 0.000953455 17.2006 0.0162002 0.0311511 1.16128 0.000228634 0.340297 0.9628 0.000623613 3.51586 
0.466008 0.000139471 5.98174e-05 0.00119868 2.97101 0.067893 0.0009623 1.80542e-05 0.308444 0.0228286 1.57873 190.357 1.44333e-05 0.345198 0.0552648 0.460989 0.321862 0.000709909 
0.481534 0.227053 0.000210614 0.040242 0.000321715 0.0110902 0.00216321 0.00344375 0.264613 0.0360081 0.00012117 0.0158616 1.28479e-05 0.00163734 0.000204489 29.2121 0.0038521 1.38369 
0.0510274 0.00412607 0.00201915 0.000420022 0.00315933 0.0353241 1.63139 0.0585105 2.44826e-05 2.03471 0.000246265 1.25752 0.292899 0.166365 0.0340509 0.0951103 0.185281 3.79485 
3.13739e-05 9.80847e-05 0.46241 0.000168965 0.00014246 0.0398042 0.000191188 0.487938 0.00585842 12.9202 0.000150033 472.466 7.44602 5.41816e-05 0.000421543 0.789255 0.298222 4.32736 
2.486e-05 0.0678207 6.46167e-05 1.59638 0.00526278 17.2435 0.000174388 8.53218e-05 0.0035363 1.32997 0.0112967 205.231 2.01297 0.00827159 0.00151522 0.427395 0.0184174 0.471961 
0.00172081 0.000427009 0.0120577 0.00327989 6.89045 6.25852 5.34919e-05 0.0394353 0.00293371 52.7748 2.52524e-05 1.70015 0.00460612 0.00878134 1.19873e-05 25.2125 0.956165 0.113079 
0.0301359 4.4254e-05 3.31112e-05 0.000578221 5.34674e-05 20.3095 3.23944 1.04343 0.0625057 22.5795 0.000458981 100.51 0.000353565 0.0351622 0.141847 0.162259 0.00128524 3.06575 
0.0847119 1.55445e-05 1.8084 3.51093e-05 0.000190121 487.876 0.000108871 0.00289547 0.340294 2.75938 0.0215608 5.00591 0.321928 6.16641e-05 1.34887 10.2409 0.4579 0.078358 
0.00041076 0.0175622 5.31234e-05 0.972303 0.000834769 144.272 0.00178177 1.776e-05 3.16459e-05 90.6119 0.792059 0.258943 0.000790615 0.658461 0.000720859 34.5723 0.108905 0.000394351 
0.000177127 5.80486e-05 0.00110909 0.00435095 0.0013501 0.455619 0.00576227 0.0382121 0.0218727 9.78275 2.63217 1.06866 2.73781e-05 0.485879 0.000113743 8.77472 0.0646406 0.00277493 
0.000406594 0.572216 0.000313566 0.00128474 0.0177511 1.65783 0.384873 0.228314 0.133551 1.00206 0.000168353 16.4064 5.06791e-05 0.00201072 0.0132579 0.957033 0.000158787 2.50497 
4.50373e-05 0.00513905 3.09868e-05 0.60444 1.26653e-05 0.265656 0.000992095 0.00049499 0.0263308 0.035026 0.000124626 3.21818 0.102797 0.0128171 0.00652976 2.36251 0.193107 0.586188 
0.000898403 0.000320818 0.0182592 0.0661363 0.0212476 0.0776171 0.176751 5.51016e-05 0.00331289 0.0118098 4.19654 11.3756 0.29344 0.0597448 0.00102771 1.33641 0.364719 0.567827 
0.35938 0.105271 0.751756 1.20157 1.67535 0.0101415 2.4995 0.119601 0.0311829 111.266 2.08495 149.873 0.0049537 5.31045e-05 4.28107e-05 3.0269 0.00239321 0.00247085 
0.0121267 1.97618 2.00147e-05 3.23103e-05 0.000383678 2108.75 0.00135455 0.0485265 0.0489978 0.0985789 0.00853754 0.17292 0.0070233 5.51761e-05 0.000127265 10.3204 0.048044 0.708528 
0.000786061 5.02473 0.000173558 0.00225709 0.00125529 137.034 0.000150197 0.00144522 0.000404494 0.0329954 0.00468599 1.53194 0.00417899 0.00768417 3.46257 3.729 0.277245 4.5987 
1.04066e-05 9.98438 2.67334e-05 0.00104097 0.0033124 0.0595907 0.0409417 0.00103719 0.00292479 0.625554 0.839141 3.78615 0.390806 0.00469754 0.909817 0.306404 8.67143e-05 0.84988 
4.36623e-05 1.69675e-05 2.43963 0.0621806 0.000190912 49.5765 6.4225 0.0996529 1.9157e-05 0.019939 0.00126547 57.8535 0.00243213 0.0214441 0.00250348 2.25018 0.000485496 0.10153 
0.381708 0.00453769 0.836832 0.121859 0.000200646 0.0759674 0.383124 4.95743e-05 0.0454515 0.0771827 0.22407 5.55405 0.783481 0.0222518 0.0116647 0.0995274 0.429796 3.36968 
0.000173852 0.00101272 0.00275687 0.00163663 0.000161836 0.498459 0.000163054 0.000149502 0.553925 0.0353346 9.0757 69.5048 2.09518e-05 0.212894 0.000216874 0.0889319 4.0547e-05 0.00310221 
0.00223578 5.20159 0.000247917 7.61896 0.00514828 244.096 0.805086 0.233691 0.750275 112.553 4.88427 0.179595 1.62139 1.62043e-05 0.000107078 0.838117 0.924826 0.993458 
0.000107096 0.00281655 0.0299362 0.281705 0.114708 73.8596 0.00245558 0.797305 0.0578196 0.0317989 0.523498 17.7724 0.00088709 0.000441179 0.276111 1.16284 4.37034e-05 0.0825746 
1.98282 0.0657074 1.59715e-05 0.0607619 0.197061 2804.29 0.920009 0.134811 0.000165171 5.26892 0.177575 0.878287 0.000789517 0.000285797 2.87504e-05 2.5393 0.205415 8.09288 
0.0160574 1.39967e-05 3.52867e-05 0.0945326 0.00778761 0.089836 7.99371e-05 0.0340613 0.000394136 0.0438593 1.37359 4.23968 0.00876924 5.96412e-05 0.00030922 24.9891 3.18691e-05 0.250011 
0.950037 1.6674 5.0325e-05 0.28018 0.000202489 0.104221 6.48855e-05 0.000216221 0.169213 12.5359 7.04928e-05 57.5487 7.19313 0.105577 0.03458 1.35031 0.214081 0.0976003 
0.00586895 4.22082 0.0286752 0.000732361 1.40328 0.0133795 0.000337902 1.21194 2.276e-05 17.098 0.000179812 0.0388119 0.00997662 0.0151523 2.01219 3.17059 0.371883 8.78665 
0.0142678 0.00128841 0.0070411 0.00365244 0.0111489 1.64139 0.211162 0.00371633 1.12753e-05 26.4714 1.69003e-05 0.0488155 0.0155951 0.205364 0.0442017 1.33957 0.0104289 0.0146351 
0.000934497 4.36361e-05 0.00192723 0.140769 0.00216409 24.5193 0.00123502 0.00140573 2.99954e-05 6.62317 0.0426838 0.0151213 0.207741 1.73652e-05 0.170871 8.27146 0.000164511 0.2024 
0.00941666 0.0552937 0.0997828 0.014946 3.18351 403.117 0.305979 0.0198389 0.0258992 429.462 0.375691 95.5554 0.00110891 0.152491 0.000254647 36.0803 8.53193 0.330367 
4.38793e-05 0.190781 0.00549787 0.142691 0.000286311 0.0245185 1.20261e-05 3.57967 0.277557 0.0311788 0.207042 0.116593 1.34931 0.0388233 0.0237268 0.199026 0.000142491 0.1994 
0.0894273 1.59351 0.000282124 0.0223844 0.00136723 0.168774 1.51669 1.86199e-05 0.00163052 0.198661 0.340749 86.4954 0.00020906 0.000242863 7.8983 21.5024 0.857724 0.0253941 
0.937148 0.0834266 4.42665 0.360591 0.0793842 0.100691 0.00146476 0.0786449 0.0331439 26.8451 2.74021e-05 7.31689 0.0113965 0.148273 6.71247e-05 0.419377 2.46394e-05 0.153098 
0.00294758 0.00105509 0.392211 0.296468 0.000738118 75.1729 4.66898 0.0321341 0.014246 36.7279 2.2704 0.256403 3.26482 0.000197984 0.110262 11.7788 0.00852379 0.0056759 
0.0319181 0.000423558 0.0361848 0.749953 0.0542403 120.548 0.096244 0.498054 0.00867482 64.7757 1.31514 0.519007 9.65806 2.04555e-05 4.20486 41.3055 0.00101752 0.0040297 
1.14391 0.0017149 0.267025 0.338519 0.567395 0.585016 0.0131437 0.0103027 0.545154 14.911 2.15208 0.0604006 0.0174321 0.00190971 0.0146237 4.80808 0.00119952 0.224289 
0.0124718 1.39435e-05 0.00441656 0.0374665 0.0769828 0.0684752 1.28176 2.4714 3.34451e-05 2.20581 0.0382708 0.0100286 5.97723 1.9857e-05 0.0791322 0.744153 0.400965 0.383351 
0.021318 1.52242 1.25289 0.00010106 9.13263 14.57 0.0223278 2.1271 9.20498e-05 0.0108027 0.00198409 0.729725 1.02304e-05 0.1934 0.000262655 4.43847 0.0014547 0.0116236 
8.52587 0.000325568 0.269906 2.25875e-05 0.00189766 45.4799 1.13863e-05 0.000137962 0.0179628 0.217618 2.04156e-05 9.547 0.00137223 0.00971445 0.00574551 4.06414 0.000179683 0.0633701 
0.00226606 0.163927 0.0239101 0.000603169 0.000369407 0.924433 2.02162 0.000250896 0.338494 0.0971238 0.0645181 0.0643637 0.0674748 0.00160386 0.00125465 37.2023 0.000573009 0.0318324 
1.98583e-05 0.00923524 1.13551e-05 0.499531 2.32351e-05 1137.05 5.81165e-05 0.0754232 0.117753 6.50131 0.031337 0.385147 0.132746 1.45897e-05 0.0463908 41.6221 0.0785713 0.0246673 
3.34527e-05 9.30691 6.31962e-05 5.54407e-05 0.00178468 0.214046 3.04688e-05 4.95749 0.000197308 3.76841 0.00361795 23.5831 0.13292 0.0365621 0.000181877 16.8798 0.000131497 0.00922552 
2.96706 0.00281811 1.6923e-05 0.268908 1.59983 0.0869872 0.000147139 7.09776 0.00721131 0.135732 0.481584 13.0201 0.0147984 0.118779 0.00526808 42.0325 0.4852 0.0660208 
8.33428e-05 0.000266329 0.000242127 0.23911 8.46792e-05 0.796186 2.04782e-05 0.0300179 0.00495171 0.0920062 0.000527672 0.0219329 7.09407e-05 0.758542 7.7483e-05 0.500273 0.020555 0.306157 
8.82803e-05 0.0110752 8.74365e-05 0.215511 0.419435 0.0187499 0.000121684 5.81447 0.393423 220.24 0.000899201 18.1602 0.0132839 0.00294152 4.82436e-05 3.35358 1.91086e-05 0.218598 
1.02968e-05 0.0735429 0.00609797 0.345807 1.34654 0.798433 5.14961e-05 0.0084318 0.0106015 91.4761 0.000223088 1.55296 1.40287e-05 0.26573 0.00529036 0.329714 0.0348744 0.134573 
1.00235 0.166832 0.00952042 2.94915 0.0351623 273.515 0.00320809 0.286051 0.000729005 0.0628064 0.00982019 29.6712 0.0768194 0.00445858 0.00119455 1.67726 3.23278e-05 0.867279 
0.0191749 0.000112238 2.16234 0.00125974 0.0110363 1.34322 0.0239181 4.0669e-05 0.686254 1.93082 3.41944 0.0230458 0.00084027 0.0448267 2.02264e-05 2.98143 6.44082e-05 0.0810215 
0.000334951 7.68957e-05 0.0495487 0.00351051 3.22608e-05 101.548 0.0192812 1.56e-05 0.00196449 0.0160321 0.022322 306.793 6.47985 0.00688554 0.216757 2.02474 6.10731e-05 0.0209732 
0.000240094 6.83098 1.18583e-05 0.130693 0.268516 53.9854 0.000131524 7.94746 0.0449506 0.166778 3.16586e-05 6.26351 1.89053 0.000219127 1.16058e-05 3.31569 0.00612302 0.645888 
4.28152e-05 1.11051 0.00133046 0.0477206 0.77285 24.7597 0.186347 4.1033 0.000720694 0.0157782 0.192227 0.118008 0.0792881 0.000257492 0.000113267 11.0049 0.0914802 0.0355736 
0.000209866 0.237487 0.000427354 7.74669 1.6527 1.46276 7.02404e-05 0.0173327 0.232192 10.9115 0.00242885 440.822 0.551244 0.781208 1.68571e-05 0.0577821 0.000809666 0.303232 
2.09544e-05 0.000166524 2.21144e-05 2.05616 0.133894 26.1306 1.25407e-05 0.0624053 0.0535779 0.306095 0.734004 0.602931 6.37206 1.82341e-05 0.000622071 0.546384 0.00654122 0.0573665 
0.638185 0.000654968 7.55561e-05 8.53114 0.146908 19.265 2.50455 9.95562 0.0107508 0.473682 2.67951 0.204616 2.15516 0.000312607 0.000118982 15.6368 0.00822592 0.00108297 
0.0183396 3.63498e-05 0.0858396 0.0461053 7.1842 7.94528 3.1675e-05 0.413399 0.00522143 89.2325 0.000146106 0.0423233 0.124168 0.0109439 0.0021014 4.30199 1.42213 1.06315 
2.99563 0.160419 0.000812213 7.29371e-05 0.000467556 11.0014 0.00110856 3.00649e-05 0.222632 0.19159 1.59716 0.0142596 0.00978632 0.00617232 0.00175195 3.52975 0.983217 1.06668 
0.00350185 0.00215438 0.00219615 0.0377438 0.00961631 87.2821 3.6666 7.04666e-05 0.000895505 2.45716 0.000353425 0.061063 0.0313964 0.0154866 1.12044e-05 6.4267 0.000104135 4.26948 
0.0135296 4.23959e-05 0.0174263 0.0623902 0.00547763 7.49232 0.751452 0.507993 3.04162e-05 0.184153 0.0772997 0.891535 8.93921 0.809149 0.012955 5.08135 0.00308395 0.00453095 
0.000166065 4.17043 3.42926 4.772e-05 9.05663 0.0195362 6.39681e-05 0.278969 0.115263 176.873 0.120855 0.431208 3.68785e-05 0.0440753 8.12911 1.81445 0.000148205 4.72391 
4.67192e-05 5.53086 0.0225531 0.000126448 0.000552182 0.510635 7.36886 1.46537e-05 0.00109898 3.90185 1.62982 89.5533 3.66616 1.24981e-05 0.221854 3.78553 0.000200239 0.00886326 
0.00252883 0.000820966 6.17322e-05 0.000749021 0.0133246 862.977 0.146666 7.4179 0.000187549 9.78652 2.03505 42.182 4.12704 0.0256916 0.142066 6.7177 3.32583e-05 0.0212939 
0.000103131 0.00245788 0.0221764 0.000295157 0.0001803 6.60915 0.628052 0.00162909 1.51024e-05 0.0101794 0.000349757 4.50596 0.852138 0.211578 0.0884333 1.97759 0.000778139 0.172393 
0.185428 1.9608 0.0819842 0.000408955 0.00958575 3.47482 0.000162742 0.0236125 0.0339 0.267682 0.000103736 8.90796 0.00169064 0.783882 5.14771e-05 1.1644 5.51629e-05 0.0142477 
0.00643622 0.0447361 0.00592245 0.254153 3.8804 154.14 0.0155883 0.000108973 0.24952 2.07592 0.00205055 0.100537 0.0692123 0.192243 0.0144508 0.879552 0.00548239 2.5068 
0.27845 7.81869e-05 0.36438 1.23198 4.21471e-05 2717.17 6.04295 0.00022834 3.34671e-05 4.02961 0.0746188 0.865333 0.123131 0.91938 3.00173 0.580767 0.249151 0.3266 
0.000187786 0.00205404 0.644096 1.18723e-05 3.1191e-05 542.924 1.0249e-05 0.213914 0.00211215 0.745359 2.43781e-05 326.123 0.00605741 0.00347078 0.0499418 38.1777 0.0772442 1.66431 
0.0014301 1.33714 0.0272125 9.15495 4.76758e-05 0.543291 0.360924 0.000235111 0.194211 18.5832 0.00287415 5.86543 0.643266 0.572044 0.391746 3.80894 9.60923e-05 0.00769958 
0.764451 0.0539471 0.000356019 0.00228784 0.000143539 29.1364 1.2509 0.000541553 0.47402 1.24626 0.00121552 4.671 2.49657e-05 0.000125103 0.00374331 0.486102 0.0133219 2.54414 
0.0741778 0.00435864 0.0359106 0.0319897 1.93169e-05 1852.48 3.89659 0.0038453 1.83031e-05 12.0138 0.00280552 5.56763 0.650408 0.519959 0.00819144 11.8228 0.00217707 0.00774709 
0.355239 7.66184e-05 0.00419922 0.00789807 0.000405204 903.511 0.40352 0.000940931 0.000466177 2.53491 4.06881e-05 6.05827 0.00457268 0.0141805 0.0709133 19.7038 0.00451482 0.0206805 
1.16145 1.55208 0.00591515 3.13394e-05 0.767558 0.151109 1.81808 0.00255103 0.000109397 40.5549 0.00317532 66.8417 6.08325e-05 0.0494686 0.194873 15.0946 0.00121872 0.0151083 
2.96025e-05 0.00531051 2.58054e-05 0.00256176 0.104546 177.006 0.00128524 1.42811e-05 0.131219 0.165178 0.00614274 7.76309 0.0128688 0.612449 0.0126976 30.581 0.000355854 0.000975746 
2.17843e-05 0.0145282 0.000594868 0.101739 5.28631 399.497 0.297035 6.08788e-05 1.42738e-05 0.0164595 0.00294195 7.14117 0.00324468 0.342147 0.000342794 11.6331 0.0133007 0.0159901 
0.503348 0.0642291 4.27631 0.00208989 1.14764 4.06327 0.0261135 8.81673 0.0317509 0.0329803 0.000155096 0.933381 0.0184421 0.700418 0.149688 0.2264 3.44414e-05 0.173031 
0.522964 0.0128759 0.375215 0.000133652 0.732713 19.7517 2.2561e-05 8.37163e-05 0.00303255 46.3251 9.67182 0.0172818 0.160834 0.259645 0.00522389 7.68035 0.00187026 0.00631157 
1.05333 0.000782731 2.39585e-05 1.19892e-05 0.00132147 64.8964 0.282387 0.0258245 2.40798e-05 1.56372 0.219254 2.80005 0.00134619 0.00041218 0.000399364 1.97748 2.16789e-05 3.7714 
0.000797429 0.000679135 0.000182915 9.72461e-05 0.0094814 0.456409 0.00541389 0.00593292 0.000638943 53.2291 0.119928 162.436 0.000367419 0.028238 0.0120466 29.2343 1.52699e-05 0.00879878 
8.22913 2.00355 0.00547258 0.428342 0.0325086 127.879 0.00616129 0.00108007 6.59086e-05 0.0193509 1.16123 0.015422 8.96784 0.0615292 0.00161763 0.423318 0.0297353 0.00763621 
0.114384 0.931655 2.52926 0.000873993 5.54033 0.051845 0.000122098 0.00171384 0.190159 0.213682 2.28922 31.5276 0.00105184 0.537535 1.33879e-05 5.14911 2.56155 0.0779159 
2.42385e-05 0.0330674 0.000880311 0.119561 0.000307291 115.142 0.839518 0.493285 0.00230611 30.6422 0.00257644 96.4755 9.19466 1.62312e-05 0.00828232 0.712767 0.000487842 9.10395 
0.202464 0.0230248 0.0575891 0.181218 0.00113556 0.98186 1.96312e-05 0.105761 3.92123e-05 0.0149026 0.000787805 442.491 8.57114e-05 0.269177 0.0183658 1.17438 0.0808687 1.63918 
0.0300235 0.00345196 0.123276 0.150111 0.0121707 0.0203854 8.76584e-05 7.06329 5.08773e-05 471.811 6.31564 361.157 0.00119795 0.00222174 3.89484 49.5233 0.0659707 0.0924209 
1.43502 0.0240299 0.00446723 0.288446 0.000775372 0.0698316 2.16386e-05 0.0152817 0.000124254 0.190952 0.000548215 0.0258828 1.38591e-05 0.309127 2.18968e-05 0.572907 0.0402599 1.85694 
0.0258195 0.0116493 0.134973 0.000670645 0.0750667 2.88228 0.00125123 2.43789 2.97086e-05 0.448628 0.265041 0.0191905 3.7718e-05 0.0100017 0.00171138 0.776089 3.66398e-05 3.74727 
0.0181561 0.00342354 0.0010545 0.00103163 2.68714e-05 0.0219741 0.00636208 1.99554 3.57869e-05 12.8382 0.00999699 3.35675 5.74495 0.00223482 0.00528708 18.6039 0.00366588 0.0263737 
2.85576 0.00332458 0.0276282 7.47454 3.333 8.88529 1.13395e-05 8.71169 0.141358 0.212072 4.31845 370.49 0.0204264 0.124024 0.224694 5.67242 0.105725 0.00109749 
0.71177 0.000880233 0.00907324 0.00482039 0.00180552 9.76311 3.96167 0.200091 0.00144026 0.146583 2.08172e-05 27.3655 0.0132567 0.0295703 7.28054 43.3984 5.16412e-05 0.0363893 
3.49198e-05 0.00659496 2.92235 0.433456 0.340324 3.30459 6.09398 3.09372e-05 2.10543e-05 27.0045 7.25911 54.109 0.927855 0.00401601 0.162584 1.06038 0.00432904 0.14053 
9.37033e-05 0.318854 0.00994767 0.000883023 2.3111 0.23475 0.00305275 0.000302403 1.08652e-05 0.0361369 1.68137e-05 0.0385181 0.0742451 0.350876 0.0388469 44.2067 4.30457e-05 0.00199698 
0.000110068 0.0101768 0.00587666 4.83468e-05 9.47339 0.537512 0.000199624 9.03083e-05 1.13993e-05 2.58789 0.00025961 5.79615 1.17325 0.171542 5.1975e-05 10.1564 0.00119239 0.0334005 
0.298186 0.000101998 6.08833e-05 0.000438416 0.335998 0.0465965 0.00343522 0.329659 0.00543069 0.168687 0.721113 40.2722 0.0122744 0.603817 0.000180115 12.232 3.57607e-05 0.00335725 
5.76291 0.0277059 8.36014 3.28843 0.239157 0.513363 1.52856e-05 0.00060076 0.000954825 0.886594 7.9893 11.1254 1.28736e-05 0.00577197 1.32976e-05 0.258948 0.347889 8.50248 
1.8259e-05 0.47156 0.00390545 3.84831e-05 0.000510706 0.267424 0.00283148 0.00162335 7.28659e-05 0.0202771 0.0598359 0.0190015 0.0543184 0.137049 0.0391753 21.7067 7.24612e-05 0.00497538 
3.75659 0.00919397 0.000214643 0.00299726 0.000529114 0.0261512 0.0395541 1.59371 0.253457 13.8553 0.000164272 1.51338 0.22857 0.00122508 1.49893e-05 2.88027 0.118265 3.70664 
0.000610459 0.65355 0.000235183 0.924892 0.00165561 67.1471 1.46122 1.71484 7.86887e-05 0.0310696 8.17922e-05 0.0372782 0.335866 0.0280807 1.13867 1.36766 0.000651404 0.661849 
0.0457194 0.0472739 3.24444e-05 0.00263377 8.94666e-05 1297.63 0.0259607 0.383027 0.0721785 380.388 0.00110549 0.0509699 1.05781 0.0353202 0.121258 0.567368 0.000293849 1.98397 
6.15087e-05 0.353913 0.116969 1.00163e-05 0.0310484 0.0857158 1.05423e-05 0.000979021 0.00259261 0.0521679 9.77106 10.5855 0.137116 0.00290161 0.0409275 10.2518 0.153683 0.0947737 
1.92673e-05 1.38315e-05 0.000177281 1.15711e-05 0.000861863 1.12671 0.0428787 0.00397802 0.180513 0.0878107 6.79025e-05 46.0109 0.0288291 0.106428 0.00565251 8.04478 9.11432e-05 0.0365946 
1.30434e-05 4.15604 0.00219852 0.22634 2.79543e-05 0.648534 0.632689 0.0636792 0.390594 181.948 0.00230158 261.267 0.00753751 0.00159945 0.00890737 1.38275 0.000463978 4.62841 
0.671197 0.000283286 0.58579 0.0169481 0.0031176 0.0920302 3.77596 0.146741 0.0128424 270.041 0.00399051 0.0438586 1.72051 0.0676636 0.000743303 2.74113 0.00042664 0.0649698 
0.0582807 0.273049 0.00603833 3.11166 0.00560148 0.23393 1.52304 3.29244e-05 0.0692404 1.75254 0.0666032 17.164 8.14327 0.00116246 6.5086e-05 1.48939 0.00174872 0.0318462 
0.832834 0.00176453 0.117358 0.144256 2.29907e-05 20.4775 0.00200237 0.000536868 1.60128e-05 5.44265 0.00404519 302.196 8.18944e-05 0.00634825 1.27686e-05 4.41853 6.76232e-05 0.23068 
1.26043 0.00260889 2.76937 0.0656372 0.000821084 921.081 0.511148 0.00139673 0.132947 44.9406 0.0298316 231.509 7.88881 0.000112021 1.18051e-05 0.639049 0.43697 0.0345953 
5.86531e-05 2.73691e-05 4.08286 0.0101101 0.00500852 102.702 0.865827 0.13564 0.907636 34.0721 0.100842 3.2838 0.0588631 0.0116072 0.00326696 11.1324 6.59426 5.26134 
0.00807389 0.00081227 0.000341782 2.62095e-05 0.000720243 84.7909 0.00627263 0.0738317 3.92723e-05 0.593828 6.99348e-05 3.11207 0.0549881 0.00034956 0.00641302 2.27652 5.01096e-05 8.7293 
2.61424 0.128649 0.00141351 0.000155869 0.00583112 42.2545 5.90953e-05 0.00493078 0.0665016 0.0366539 0.213098 5.28111 0.000240542 1.09076e-05 0.0641951 5.42637 2.27098 0.427889 
4.22713e-05 0.00162121 8.50921e-05 3.86266e-05 0.01053 7.27116 2.34951 3.48458 0.000101665 42.1365 0.0002236 12.5705 0.132175 1.40898e-05 0.0454761 16.0943 1.74775e-05 0.271475 
0.00843583 0.989287 0.245609 8.77123e-05 9.77137 0.0641855 0.330767 3.04777e-05 0.191046 0.106066 4.64769e-05 0.011275 8.16614 0.0111461 0.000271838 8.82965 1.24644e-05 3.84295 
1.31148 2.72068e-05 0.000337911 0.000690916 0.00602935 57.3073 3.94856 0.108575 5.13406e-05 0.0279681 0.0181472 0.668781 7.53632 6.28059e-05 0.780975 0.589608 2.04915e-05 0.486516 
0.000134577 5.40972 4.01314e-05 0.000157984 0.00150021 3.09115 0.0635551 0.000284028 0.000107011 1.17253 0.096315 0.0275461 0.0734549 3.20898e-05 0.189436 1.08021 0.00347134 5.00666 
5.58137 0.00370491 4.10083e-05 0.10394 0.0275786 10.0665 1.40128 3.98997e-05 0.0967277 1.55557 0.158607 0.158993 0.0250173 0.66274 0.0639407 0.120935 0.000251885 0.259319 
7.34229e-05 0.0949493 0.0102087 0.220515 1.74005 259.534 2.59088e-05 3.26354e-05 0.287027 0.0328343 6.98386e-05 2.55172 0.00107296 0.061905 0.224151 3.45319 5.02511e-05 0.0976367 
0.000239671 0.000499854 0.72465 0.000660794 0.00189008 51.0075 0.128474 0.0845662 0.223877 0.0633566 0.000550156 0.092607 2.58468e-05 0.0740167 0.00447913 1.60625 0.0106959 0.497491 
0.000302003 0.0002711 0.0153347 0.000135171 0.000167505 1249.13 7.428e-05 1.70814 0.00142087 2.10004 7.01614 0.490327 0.17203 0.235306 0.0114651 0.261871 0.0611929 0.341904 
1.54363 0.030627 0.0756188 0.000425898 0.104995 2722.8 2.24271e-05 0.354942 5.92843e-05 0.11417 0.0135833 1.50775 0.0518954 0.103332 2.84529e-05 6.94976 0.0140195 0.0544532 
1.98934 0.0107628 0.0134635 0.000654019 1.39622e-05 356.296 0.184716 0.00067892 0.0854238 0.0214003 9.68218e-05 0.149611 1.09626e-05 0.0114953 8.91309 5.28669 0.008287 3.2133 
0.0145431 0.0120817 1.51621e-05 0.000328423 0.0532294 8.12665 9.90541 0.000175209 0.00045619 0.45258 8.95447 0.389646 0.00193014 0.0794672 0.000132476 0.304287 3.3522e-05 9.84259 
0.00176676 0.000358406 0.00301715 1.28228e-05 0.00149875 1532.51 0.0913764 0.0346195 0.0111144 12.3899 0.000373042 15.1772 1.95007e-05 0.962893 0.150877 3.3665 0.0252146 0.0276835 
8.27289 0.0103554 0.727712 0.014484 3.75654e-05 1.33922 0.000642309 1.97823 0.000309621 1.08614 0.00103133 15.4552 0.00126615 0.0808993 0.000388231 13.2701 0.000144101 0.0279283 
0.227062 1.04755 0.120599 0.19892 8.51006 0.0101604 7.66798 1.59655e-05 0.000173911 0.0789843 0.0685573 57.94 0.143768 6.89345e-05 0.115049 11.037 6.83505e-05 0.713682 
0.196544 0.00486366 0.334468 0.048824 0.26387 0.02359 0.000943445 0.0447007 0.000111905 326.261 7.63757 0.225032 0.0647507 0.000164059 2.84277e-05 23.1119 2.57187e-05 0.0457476 
0.227097 0.0252321 0.000129863 3.56281e-05 6.72194 1.33304 0.119199 0.0303471 0.000451933 0.0138453 7.24097e-05 41.2134 7.08205 8.86403e-05 1.09804 0.975701 0.00442617 1.12421 
0.605907 0.000330201 6.89537 3.11413e-05 0.072155 840.24 2.1308 0.00081373 0.000162365 435.889 2.16561 14.5721 0.000125779 0.430363 0.338284 0.293601 0.000127523 0.544872 
0.0233438 0.0932865 0.00116759 0.000103764 2.93863e-05 0.366361 2.40217e-05 0.000295505 3.92717e-05 42.3929 0.00163736 28.7359 2.89438e-05 0.317051 0.000751267 0.772868 0.0155324 0.1281 
0.00026187 4.98535 0.0239289 3.55525 5.76011e-05 257.17 0.299942 0.00205579 0.00049758 0.0689312 0.0119616 2.75421 4.78073e-05 0.0150225 2.62635e-05 11.6494 0.0162074 5.75223 
1.39752 2.51454e-05 0.0345129 6.07441e-05 0.000251411 88.9591 0.00376275 0.0265709 0.000698078 0.295038 0.000129896 22.4662 0.00207135 0.000107652 6.02108e-05 6.05938 0.194383 2.8707 
1.56043e-05 6.02225 8.06494e-05 0.0318722 2.17713 16.764 0.0512518 1.47388e-05 0.516288 1.58997 0.141868 12.2698 5.24539 0.241605 2.31478 1.13989 4.98707e-05 0.107333 
0.000172568 0.269652 0.0258025 0.00238686 0.00430131 0.389187 1.53664e-05 0.0248073 4.95594e-05 0.0239412 0.000281493 5.77373 0.226878 0.257121 0.000320777 32.0847 0.134846 0.00404269 
0.000201611 0.000111219 0.346879 0.619922 0.000227015 1401.15 1.39764e-05 2.3503e-05 0.0321135 0.0276116 0.791486 0.233273 0.067579 3.0594e-05 0.559498 7.30061 0.00272972 0.248676 
0.215618 0.000182668 4.35786e-05 5.40264e-05 4.53592 1223.65 0.0499428 6.23111 0.000217978 7.4253 0.23368 475.341 0.248925 0.000438008 0.0170306 8.96681 0.0247238 1.70054 
9.49551e-05 2.31312 0.690898 0.0227516 0.0269441 2915.5 0.000464437 0.424377 0.00293925 18.6533 0.0318118 0.079075 0.000116777 0.0692962 0.245222 3.23108 0.00284511 0.161652 
4.79759 2.39748 3.33524e-05 0.000185195 1.56854e-05 2055.55 0.000504626 0.0101523 0.133049 3.51721 5.34704e-05 269.321 0.00236353 0.676706 0.122538 1.85607 0.000157243 0.0405278 
0.402145 3.14294e-05 0.0804636 0.0209256 0.950029 0.0443468 0.0239977 3.94766e-05 3.96388e-05 96.2521 0.000587891 0.0620739 6.62728 0.00240343 0.0279718 18.9197 0.000308028 0.107274 
0.0774381 3.62101e-05 8.39458 0.000570842 0.000204776 0.209796 6.40509e-05 0.0268469 0.000200336 6.83226 0.00200766 0.0206066 9.92422e-05 0.00012605 0.00241963 4.68539 0.00435159 1.14925 
0.00430211 0.000217609 0.179916 0.00800239 1.5209 1836.25 0.0002801 0.0117011 0.00278979 0.0169539 1.73347 8.57722 0.000764319 0.000189551 2.0609 16.5061 0.0395726 0.2185 
0.000255185 0.0011184 5.4682 0.0158166 0.0138584 1190.53 6.98208 4.53481 2.12884e-05 0.0327509 2.07916e-05 0.158025 0.00372616 0.218735 1.52754 12.5303 0.508836 0.0569869 
0.175984 5.34526e-05 1.53452 0.0013644 0.00801051 2785.66 0.177765 5.70762e-05 0.00102407 100.04 0.000134136 0.475051 0.031694 0.000146377 0.000413065 2.71588 0.000222157 8.53027 
0.000966785 0.000785131 1.2771 2.06352e-05 0.000789772 623.195 0.000399764 0.000654685 0.000450547 4.4506 0.0354173 0.0862597 0.01393 9.54532e-05 0.00684472 20.3735 0.00846574 2.78758 
0.0065622 0.0161004 0.00734818 2.29249 0.0541259 7.34447 2.5394 0.00217185 0.00109027 9.54312 0.000308364 2.16213 0.000584173 0.0699866 0.011194 1.56119 0.000124687 4.58373 
0.0330235 0.000140891 3.79785 0.362996 2.1334e-05 0.0695377 1.09441 1.84378 0.215814 229.482 9.05782e-05 188.817 3.51379 0.757254 0.022113 23.9565 1.1128 0.0596242 
1.10853 0.186191 0.141094 0.228798 0.0164442 75.0913 0.000273008 7.3811 0.00391341 106.38 3.77605 0.139365 0.00173634 3.43755e-05 0.0012326 15.7161 2.40618e-05 0.575707 
0.00188765 0.224714 0.234248 0.539054 1.78822e-05 0.0142728 0.00037747 0.00940176 0.00244142 0.0498185 1.22159 0.0678848 0.00165159 0.0415246 1.816 3.17807 0.000641081 0.260837 
0.924822 1.20794 2.5011 0.11585 4.92528 0.0112254 0.000806349 1.7587 0.195032 31.436 0.000414125 20.8401 0.570703 0.00202411 0.116271 15.7669 0.705903 2.35265 
0.000789951 0.000221587 0.000583764 0.00105203 0.000357473 0.0625917 0.000253319 0.579956 0.00176395 0.0511048 0.762997 1.15376 0.00954977 3.4206e-05 0.197387 8.88661 0.00809803 0.260291 
0.00128088 8.4582 0.885528 0.00121078 0.604559 151.457 0.238572 0.130534 0.497539 0.0685281 2.59087 8.77461 0.850599 0.000271772 0.110003 0.0310957 0.00356361 5.03278 
2.06691 0.000308549 0.0135657 0.55383 0.00799209 378.786 0.388214 3.12945 0.00218166 0.0686844 1.86488 4.53854 0.0148746 0.000132537 1.72428e-05 30.079 0.0012834 0.081062 
0.115762 2.07745e-05 0.000116848 0.202283 3.17627e-05 0.029533 0.466602 2.95511e-05 8.14472e-05 0.0222325 0.148049 106.251 2.19325 0.000318064 0.0249538 0.108433 9.01672e-05 8.09986 
2.02869e-05 0.000539979 0.00999572 0.00308341 0.221795 0.0163408 0.0023656 8.84597e-05 7.81908e-05 0.086947 0.00360548 1.06822 6.32734 0.00021714 9.17228e-05 17.0966 2.36605 0.0698886 
2.42366e-05 0.0153502 0.000375646 3.6795 0.623408 287.001 8.35575e-05 3.26096e-05 1.90004e-05 77.3463 7.86895 140.946 0.127609 0.0402423 0.00132169 0.697526 0.00117407 1.09803 
0.00460799 0.293989 3.30542e-05 0.00360776 7.10294e-05 0.0625523 0.0479931 0.0512893 0.66538 163.929 8.0262e-05 18.4035 0.00164926 0.000405193 0.0261808 3.7466 6.62376e-05 2.28716 
0.00391539 3.49061 4.53544e-05 3.93352e-05 1.32896 26.2578 0.0272368 0.0203641 0.0126987 139.811 0.0513234 0.379403 1.33163 0.190258 0.00628053 0.298587 0.0012923 2.23524 
0.000250322 2.91457 0.000634256 0.00355633 2.81817 126.138 1.43815e-05 4.14704 0.000949553 0.134926 0.00505793 0.237088 0.00042198 0.0317336 0.370175 46.1968 0.000151953 0.0397052 
0.00597668 0.00148546 0.527655 0.0616786 0.0202531 58.6852 0.000908957 8.87676e-05 0.00568474 0.254368 1.9808 18.6052 9.72704 4.75783e-05 0.00248204 0.0249804 4.85336e-05 6.17125 
0.000225496 1.52135 1.81988e-05 7.7007e-05 0.078452 0.0141783 0.0292912 0.00627406 0.0143136 0.738377 0.0101156 111.778 0.00412045 0.120106 4.03843 45.7183 0.00106467 0.0156788 
0.00211428 2.64825e-05 3.19292 0.00699217 0.0117161 0.185154 1.17033e-05 5.58343e-05 0.000206158 0.106244 4.08879e-05 4.9075 0.00212936 0.0414172 0.0379083 4.08189 0.097014 8.91075 
0.000121269 0.0215035 6.3195 0.0706583 0.00474267 36.966 0.155707 2.54315e-05 0.000360478 0.13887 4.78806 26.1276 0.626842 5.61309e-05 0.0203214 4.13524 0.34687 0.103128 
2.49653e-05 2.64e-05 0.0626758 0.0482303 0.000500604 0.270637 0.00034261 0.065662 2.92994e-05 23.1119 0.000145867 115.376 0.00352359 0.404127 1.13901 1.97003 0.0520417 0.116903 
6.08599 0.0685302 3.06439e-05 0.0101282 0.24957 82.2186 0.104189 1.23394 0.00497842 60.4223 1.15229 15.3831 3.95243 0.000156836 0.00016762 0.829383 0.00178905 2.46445 
0.000169933 0.0153934 0.0072113 0.00199159 0.0146245 0.0153121 0.073634 0.0014762 0.000956559 251.201 0.0218716 0.0311939 0.379024 0.00175439 0.000264987 17.5672 1.24722e-05 1.98355 
0.374825 0.000214562 2.22073e-05 0.024664 2.92907e-05 0.207701 4.0133 2.48116e-05 0.00102546 15.7442 0.322859 0.0997476 1.41319 0.0303706 0.907136 8.61713 0.00117743 0.144657 
0.0156104 0.0337404 1.62945e-05 0.927612 0.000267931 56.9906 0.224837 1.2813 4.18573e-05 218.659 5.59934e-05 0.510226 5.30361e-05 0.0326766 0.000103917 47.9574 5.9368 0.851787 
0.000108022 0.0179826 6.97781e-05 2.93746 0.4594 0.0251564 0.103307 0.998277 0.402271 0.150872 0.000143449 9.45596 0.0160127 2.79122e-05 2.60224 10.2644 0.000733897 1.85736 
3.96544 0.0789257 0.0686005 2.13989 4.33078e-05 2.22456 0.00107849 9.23304e-05 0.0500039 0.0824947 2.56452e-05 0.120901 0.03519 0.00737093 0.0498495 3.94941 0.000406472 0.878755 
0.0198363 0.00061129 0.00060106 4.57389e-05 0.000215247 0.0100042 1.19046 0.00354149 0.0215451 11.7214 0.000272987 0.176546 0.0683082 0.501439 0.0039934 0.135095 0.00615288 6.66058 
7.52649e-05 0.172506 1.88746 2.80355 1.56192e-05 15.4751 7.09913e-05 5.35331 0.00567176 0.877938 0.00128438 0.0103398 0.00189941 0.0231126 0.202328 6.53367 0.050604 0.282924 
1.12503e-05 3.15447e-05 1.81914e-05 0.421644 0.049108 0.0512899 9.65979 0.00125948 0.001901 3.13573 0.659976 449.623 0.000104927 2.04358e-05 0.000302226 0.0347346 0.736813 1.32668 
2.05662 0.112383 0.851308 2.52858 0.00216846 0.0594938 8.13637e-05 0.00722186 0.000220944 15.8692 0.00132846 2.79124 0.00219624 0.00430755 0.00139661 10.6553 0.00982975 0.160689 
0.0140817 0.0978647 5.53901 1.81162e-05 0.123005 48.5276 0.246136 0.004916 0.129665 5.40563 0.0501916 26.3122 0.00123737 0.000381975 2.86482e-05 2.92308 0.622062 0.180199 
8.77046 0.716897 0.00081975 0.0873727 0.00265603 1496.71 0.108315 2.57546e-05 0.00521098 0.0393991 2.66469e-05 8.34066 0.203669 0.000265402 0.000678467 21.6177 0.00780302 0.253528 
3.21389 0.000474611 0.0914558 0.00236882 0.0770992 2782.1 2.08447 8.50544 0.00363682 0.0378445 0.859439 9.63921 0.00111616 0.00833527 0.0022404 5.02625 0.0105914 0.558495 
3.95828 0.245551 7.03449e-05 0.757254 5.92961 0.397717 3.21373 0.000601312 2.23822e-05 0.102825 0.0034146 3.60256 3.15455 0.0130304 0.218381 12.2921 0.562095 0.696212 
0.00159886 0.145032 0.0445775 0.00169891 0.00106153 22.7134 0.163765 0.13146 0.00190554 1.43845 0.208938 25.996 0.000155127 0.0237582 0.00522142 0.62734 0.00179319 8.91684 
0.000852676 0.332184 1.91902e-05 0.0334429 0.0136859 0.0342646 0.0437423 0.0772003 0.000123704 57.9236 5.72859e-05 3.32656 0.000858694 0.000448455 0.0279826 45.2594 0.00129064 0.489738 
4.09127 0.196146 0.257062 0.000459543 0.190141 0.0200475 0.0283408 0.0109052 0.0564761 0.0786875 0.0145254 2.01157 0.644303 0.310118 3.46442 13.8272 0.000173696 0.0611457 
0.00685354 1.03557e-05 0.218241 4.89706e-05 0.00533563 0.0554608 4.10469e-05 0.000261161 1.76878e-05 2.1025 0.000100041 1.45005 1.02965 0.000258552 6.52344e-05 34.2589 0.0236386 0.502812 
0.18834 0.00129904 0.000123293 7.10357 0.000208134 0.321624 2.04827e-05 1.90923 1.74573e-05 226.049 0.236459 0.132422 1.65418 0.0643043 0.168958 2.88876 6.81618e-05 4.08518 
5.61786e-05 8.3058 0.149586 0.00386786 0.000193805 104.671 0.772379 1.22121 0.376092 94.3061 0.000102008 295.956 0.0288344 0.00839319 7.66932e-05 0.986768 0.0004493 8.49671 
0.729475 0.000236075 4.99701 0.000231681 1.71693e-05 76.2621 2.14213 4.01935 0.612354 110.776 0.0348369 0.0234939 4.9114e-05 0.000263815 0.0454893 28.26 0.000232037 3.23838 
9.25288e-05 0.000280275 0.00661495 2.44516e-05 0.0931181 2790.52 3.31459 0.0972063 0.113018 0.0127519 6.36618e-05 0.0214089 0.0949937 0.00630241 0.00627736 6.89586 0.000188248 3.70854 
0.548874 0.0361517 9.33851e-05 3.29422 0.00376719 756.319 0.00441196 0.000128363 0.0194893 42.3328 7.45466e-05 165.332 2.50872 0.971272 1.66972 1.9535 0.121019 0.369331 
0.321656 0.000641785 0.00176782 0.892171 0.00277419 4.71654 0.0015204 0.0884563 3.21509e-05 0.0331212 0.224052 0.867625 0.641753 3.29347e-05 0.00931835 4.74026 2.1212 0.604564 
0.173033 0.252663 0.000473875 0.000645559 0.00128486 10.918 0.0220599 0.00118283 6.5421e-05 52.5472 2.09909 0.680473 0.00010392 0.00229878 0.000333861 31.9626 4.53213e-05 0.812119 
4.41763e-05 0.000387297 0.152452 0.00538297 6.64379e-05 0.0442281 0.0962598 0.000140272 2.66178e-05 0.0145074 3.0843 1.74909 0.000281189 0.178407 2.12698 2.18156 0.134198 5.43031 
0.000128331 4.51911 6.45597e-05 0.444857 1.12367 0.277408 8.36765 0.00456758 0.000558147 0.0427648 0.0235406 79.6804 1.89737 0.0176186 5.49628e-05 0.704062 0.246214 4.96738 
0.573672 6.66032e-05 9.26419 0.448371 0.00057386 0.295429 2.87916e-05 1.72358e-05 0.439567 253.886 0.674297 0.0683047 1.16351 0.192037 9.63162 33.2436 0.000446393 0.114548 
0.0177754 2.85522e-05 0.00135538 0.0200116 0.000117965 198.006 0.00136481 5.43687e-05 0.000275135 6.43788 0.0897766 0.526513 2.40241 0.0153648 0.00669586 5.90282 0.233064 8.10656 
1.98086e-05 0.000272259 2.61788e-05 1.16667 0.0832013 57.6201 0.000105733 0.000877818 1.34225e-05 0.0142487 4.19262e-05 0.0499407 0.000999266 0.00518287 1.84319e-05 5.83328 0.000658461 2.03961 
0.548102 0.0966297 4.69987 0.0599713 0.0111781 692.613 2.64097e-05 0.019493 0.00703036 0.0481025 1.36085e-05 33.6542 4.84896e-05 0.0595942 1.19406 12.5653 0.000487571 0.498873 
4.65675 0.444073 2.05446 0.189985 1.6773 0.276269 0.752397 2.075 0.000784735 0.204536 0.473566 0.128145 0.0047651 0.000158231 0.220852 8.8229 0.00245212 2.40917 
7.32479 0.00168466 0.00117251 0.000786596 0.000638452 3.04002 0.00043651 0.000345897 0.0138668 84.0665 0.00207904 2.73984 4.41799 0.000103276 0.0230687 49.2761 0.0994101 0.168028 
0.0114384 0.00075849 1.82373e-05 0.00010133 0.0699879 0.0163813 0.00208348 1.07838e-05 0.380869 11.895 0.356655 0.0271905 0.748563 0.771949 1.43897 0.393386 3.66788e-05 0.920451 
0.027472 0.00334619 0.000270888 0.000368693 0.000162818 0.0300323 1.31334 0.000628661 5.28846e-05 5.129 2.76644 0.0166574 0.000223032 0.00438074 2.39301 33.3381 0.000533275 0.275572 
0.000159179 8.99669e-05 0.000107318 0.000189107 0.00493427 0.0677626 0.0159084 2.55928e-05 0.0156257 0.226774 3.35645 0.122577 0.000451402 0.00168193 0.0167506 4.80895 0.00263857 6.89062 
1.90944 6.60213e-05 7.39661 0.667821 8.96977e-05 703.162 0.0274943 1.95775 0.000420533 0.0687347 0.00194436 0.262532 0.00038637 0.9603 0.749908 19.2585 0.77833 0.139412 
1.17375e-05 0.000972811 0.131416 4.74053 3.30228e-05 1.1085 0.0893466 0.0275147 0.00372065 0.188492 2.07155e-05 1.47601 0.000314481 0.0927935 1.40731 5.29316 0.000242756 2.52048 
3.73995e-05 1.70644e-05 0.178077 1.88208e-05 0.135236 0.0213508 2.26332 0.131422 0.00253969 1.00029 0.0101456 22.3529 0.00173661 0.0155167 0.418925 45.5965 1.64471e-05 7.04771 
0.00171614 0.000109172 0.244748 0.000140658 0.00874192 2.52125 0.000125626 0.0131922 0.00012297 0.820095 6.2435 2.31615 3.08874 1.66958e-05 2.90121 0.552178 0.0233221 0.413247 
5.85039e-05 9.1792e-05 5.69114 8.80541e-05 0.0603817 0.0169 0.000759088 0.130015 0.000652829 0.405552 5.0067e-05 1.33047 0.344778 0.00169073 5.76341 31.0217 0.000820725 0.592261 
0.00528593 0.352318 0.0314497 0.000526365 0.0674259 0.144952 0.00312583 0.00646595 0.0364778 16.607 1.68114e-05 0.420189 0.317808 0.0476977 2.13965 13.1861 0.000767448 5.51305 
3.0479e-05 0.0594611 1.33168 4.01921e-05 7.77187e-05 4.05155 0.00699066 2.11228e-05 9.54032e-05 0.0909466 0.0223278 1.43488 0.0828349 0.0648442 0.000515141 8.74564 0.852509 0.151194 
5.91075e-05 0.00155847 6.92599e-05 0.000337262 1.82244 0.0103875 2.3135 0.0508457 0.000150104 9.85485 0.583753 0.0175485 1.68062e-05 0.178059 0.204614 48.6678 0.683605 0.0202051 
0.0177474 2.41302e-05 4.60994e-05 0.179689 0.000930508 59.4538 0.0256581 0.000976219 0.483585 0.0699248 0.472222 0.155914 1.72543 2.22813e-05 1.30659e-05 0.94404 1.73261 1.44977 
1.35788e-05 1.72672e-05 0.00381985 8.74602e-05 5.06863e-05 42.2391 0.000467869 0.0362108 0.184715 87.2044 7.41308e-05 6.56356 0.000807775 0.000166694 0.198539 28.9327 0.0273004 1.92109 
0.00115996 0.00380898 0.220551 2.17243e-05 0.0326307 634.251 1.12018 0.0868195 0.0340556 377.452 9.75695 8.50663 1.76367 0.260549 1.45729 1.62397 0.00230395 5.8588 
8.38236e-05 0.000139777 5.2105 0.165376 0.0125819 1.54201 0.00437126 2.90359e-05 3.52816e-05 2.79307 2.82681 0.0158487 0.0173699 0.0442629 7.3978 33.2982 0.00395343 1.69747 
2.33147 0.00583183 0.0441444 3.67427 0.000123013 1.78927 0.000722887 0.00525551 0.00589066 8.71976 0.000542263 0.18492 0.000892486 0.000422597 3.89139e-05 17.3579 0.00784322 6.03592 
0.000318648 0.112984 0.000251231 1.31106 0.00454045 0.19176 3.91273e-05 0.0104502 0.412815 0.282019 0.000106714 5.87895 0.0592359 0.525669 1.34179e-05 2.933 0.903867 0.364246 
0.000268147 3.46846 0.0218244 6.15718 3.64131 71.1671 1.8243 0.00138365 0.0129087 3.8725 0.00783646 0.0135967 0.00192282 0.0013856 2.15727e-05 9.19884 0.000150861 9.05258 
0.0318747 8.88835 2.57697 9.04173 2.47785e-05 23.7329 8.95465 0.00954326 1.94993e-05 129.002 0.440618 0.241741 0.000393903 0.00172526 4.0128 13.5208 0.00607097 6.16697 
0.00358886 0.0001042 0.0177874 0.0100967 0.000140966 0.0110665 1.19655 4.96393 0.0323039 7.49758 0.0179087 277.896 0.00105432 0.00514989 1.57325 5.61784 0.000210061 0.111735 
2.11189 0.00114063 9.49755e-05 9.56788 0.0458109 9.81303 0.122588 7.58067e-05 0.00270694 0.0217513 1.46113e-05 0.108099 3.71407e-05 0.0984866 0.0233758 14.5401 1.82663 3.73415 
0.000254099 8.8998 0.000223206 1.91752 0.152297 7.13099 0.972233 3.33436e-05 0.0756141 1.01872 1.30336e-05 93.8342 6.49818e-05 0.0038309 0.000630783 11.1705 0.497712 2.0886 
0.000151176 0.000291848 1.59048 0.0132764 3.51679 1.0963 0.133322 1.7865 0.000447327 0.649397 0.0192059 242.769 5.03121 0.00019519 5.39632e-05 1.27934 0.534686 1.47385 
0.173101 2.16283 0.0230348 4.30503e-05 0.0711963 0.0919769 0.00482248 4.77558e-05 0.511157 100.471 0.8146 0.287851 6.39656 0.00210587 0.385473 2.9982 0.210529 0.95696 
0.000232755 0.109454 0.00107148 7.32066e-05 7.56564 15.5332 3.19513e-05 4.18561 0.000311774 0.0564602 6.73652 0.12609 0.00364172 0.0468448 0.313512 3.49235 0.000119254 9.89436 
0.673256 0.0262107 0.000489153 0.0040794 0.022321 1121.12 0.00555093 0.00195655 7.2759e-05 317.561 0.630109 45.0575 0.00330843 0.166131 7.76923 5.38521 1.24275e-05 8.23639 
0.00962702 6.97088 0.000121203 5.81649 8.84027e-05 0.0486998 9.23023e-05 8.83597 1.25216e-05 0.0174344 0.130594 64.1167 0.00694399 0.000830301 0.790934 31.2264 6.79493e-05 1.12097 
8.1557 0.0023054 0.583812 0.000261666 8.9068 19.2701 0.000116587 0.00010339 0.000202633 3.14122 6.55922e-05 0.551957 0.0101629 0.0176848 1.43803 7.57891 0.01293 5.04249 
0.00252263 8.16414 0.0378876 2.03321 0.387785 0.152629 0.0137902 0.000746598 0.00760696 0.175069 0.000796461 14.2507 0.0016729 0.34746 2.91505e-05 4.25978 2.32629 0.538331 
2.72677e-05 0.0274416 4.51438 0.0170214 0.000483696 200.4 0.00170703 0.000166508 0.000233875 89.0539 0.0158229 19.0627 0.00339942 0.000852974 0.147782 19.0683 0.4926 1.39183 
0.0135853 0.000128164 0.00387093 0.305963 0.000351065 0.993778 1.48923e-05 2.48919e-05 2.09478e-05 20.5517 0.0365386 61.3591 2.50433 0.187876 8.08228e-05 2.51793 1.20226 1.53925 
0.000125219 0.000768224 7.00769e-05 0.0174992 0.0101241 77.3466 0.00114068 1.46459e-05 0.00154802 0.256179 0.00789202 73.7214 0.000854363 0.900796 0.0484022 2.57331 3.79701 1.42535 
0.000503251 0.157603 1.4511e-05 0.00100119 2.36024e-05 0.015364 0.00537656 2.06212 0.00356689 221.254 0.0011365 0.190199 9.31746e-05 0.0059554 0.00337798 11.0285 0.303088 4.40776 
