-815.798671
-815.5811872
-814.2327993
-809.9202049
-808.9007323
-805.7383551
-804.698262
-804.4485221
-803.2699684
-796.9776132
-795.7282558
-794.7040753
-791.5671411
-788.3899354
-787.1358026
-784.3645501
-781.1146629
-779.6846611
-779.5239514
-778.5507316
-776.6011689
-776.0946352
-770.0300562
-768.0493976
-766.9243231
-766.2538528
-765.3219458
-762.9209686
-762.1092912
-759.8721017
-759.3661941
-758.0270488
-757.1364173
-756.4366025
-755.6314078
-752.7497295
-748.6242396
-747.5536731
-747.5491437
-743.8759196
-743.3042234
-741.1435607
-731.7648043
-728.3674623
-728.2185485
-727.4644014
-724.5740939
-723.9107038
-720.7764484
-718.674567
-718.2879895
-717.3220605
-717.0573737
-713.3238215
-708.4401673
-706.2507307
-702.2663038
-701.6966142
-700.7252671
-696.6460808
-696.2818653
-695.5116688
-694.1743941
-690.5926301
-685.9479787
-685.1880831
-684.097155
-681.5861877
-678.7839633
-675.5302383
-674.0786795
-673.2810573
-673.0252784
-666.828063
-665.2820654
-664.5877532
-664.4913794
-663.1238484
-662.1357018
-661.3443935
-654.5493495
-653.3442589
-651.1815506
-650.8876948
-650.7240241
-646.687371
-645.8068702
-643.4179582
-643.0788883
-641.4407539
-637.9659524
-636.1508331
-636.1160228
-634.3544068
-633.9537556
-633.604735
-633.0182721
-631.5925511
-629.8147144
-629.7096353
-628.5178623
-627.2317309
-627.1922693
-627.1015215
-622.7076539
-622.2579706
-620.4942213
-618.0901297
-616.2784301
-614.4623825
-614.130358
-612.490171
-612.0433071
-610.4888961
-606.7530018
-596.2764091
-593.1695081
-592.8798087
-592.5915378
-592.4358505
-588.8897416
-588.512093
-584.148006
-583.8439726
-583.6129091
-583.6075863
-583.3944032
-581.9391014
-581.7704388
-580.0979905
-576.5313283
-575.815898
-568.1724091
-567.6145907
-567.3165339
-565.8947095
-564.8287055
-564.6395407
-562.8501722
-559.419903
-556.9385853
-553.5112724
-552.6632372
-552.4951486
-548.312285
-548.0849674
-544.3461743
-543.3980652
-541.2932521
-541.0674581
-540.4277538
-539.7942979
-538.2282611
-534.7698496
-534.2881188
-534.2044546
-531.7381354
-531.4023178
-530.8119183
-530.2883528
-530.1841505
-528.6745369
-528.5767082
-526.2706576
-525.8792639
-525.8444589
-525.7507452
-525.5949546
-525.0697415
-522.5461972
-520.9946425
-518.7939849
-518.7327678
-517.2937692
-513.9308371
-512.5426964
-507.2155706
-504.7620247
-504.2829061
-503.181334
-502.2918279
-501.0928232
-500.0704564
-498.129356
-495.676599
-495.6011729
-493.249221
-493.174404
-492.4274897
-491.2604357
-487.0185054
-485.6652221
-485.3876564
-479.4657289
-478.7733844
-476.1994952
-476.0761715
-474.4379681
-472.7433223
-469.6711876
-468.2308676
-467.2879458
-464.7917562
-462.9021723
-462.768001
-462.3715075
-461.5965069
-461.5916249
-461.2176233
-456.3906717
-453.6608714
-453.2665018
-451.9171213
-448.5692062
-447.078417
-444.5827377
-443.0291117
-441.9033261
-441.3393612
-438.9174277
-438.900594
-436.7761415
-434.4632622
-433.8875637
-431.1802742
-430.6986521
-429.6731328
-429.5241448
-429.4502898
-427.9375108
-426.8136873
-426.446569
-424.5793618
-423.7791685
-421.8334537
-419.6684081
-418.1858345
-418.0229936
-416.4261226
-413.072783
-411.7055408
-411.3382126
-410.8110368
-405.7694359
-405.030914
-404.2913127
-399.2693766
-398.2755419
-396.8713803
-396.443362
-393.6236639
-393.0363363
-392.1688185
-390.8489923
-389.7731281
-388.8815191
-388.2966952
-385.9978526
-382.4696955
-382.3123174
-378.7579409
-375.7568196
-370.2958205
-369.8051242
-367.5129447
-362.1683435
-359.1635147
-355.9704668
-355.4548342
-353.4947651
-352.9658538
-350.2698524
-349.7686026
-349.3119678
-341.2455902
-339.5550671
-339.0709253
-335.22391
-334.4526259
-332.738655
-331.3261102
-330.9101985
-330.2308331
-326.8276972
-322.948798
-318.9235561
-316.5164045
-315.4964708
-311.1159651
-311.0489405
-310.603018
-309.5812803
-308.9563541
-308.4366526
-307.9410806
-307.8236206
-306.2270552
-304.8592957
-304.2580067
-302.7895583
-301.2501841
-300.5227134
-300.0888902
-299.1813903
-298.7332645
-298.031365
-293.155555
-292.57727
-291.1731631
-289.5105662
-287.8869106
-287.8424061
-286.7875723
-286.4052086
-286.1983856
-286.0672219
-285.5688037
-285.4079147
-285.3749499
-284.3099082
-282.5498169
-282.3944044
-282.100626
-281.3329299
-280.7551094
-278.4366649
-277.5875857
-277.4066372
-274.7848325
-273.9960648
-271.4306018
-269.2897597
-268.2463876
-267.891575
-265.7168891
-264.3020457
-259.5407692
-258.8244971
-258.5594673
-257.943144
-254.9563464
-254.911178
-254.5775049
-254.4494443
-253.3996772
-253.2392962
-250.5269942
-247.1001704
-246.0544625
-244.9643015
-243.7891232
-242.8397904
-241.7182636
-240.0621006
-239.9863201
-239.5218342
-239.0042034
-238.7869751
-238.5780691
-238.0387688
-236.9423859
-235.2285403
-233.3179808
-232.6039721
-232.2219312
-232.1382095
-230.3388633
-230.2912162
-229.7652258
-228.8823144
-227.9957745
-227.294694
-226.9562029
-226.0801679
-225.4915349
-224.8982901
-224.5047887
-224.1466433
-223.2530146
-222.5564933
-222.5179038
-221.5748803
-220.8280089
-219.8550569
-219.7951788
-219.7214401
-219.5575345
-218.8478338
-218.547357
-217.3929548
-216.581305
-215.7427472
-214.6876561
-214.1761809
-214.0800076
-212.2341575
-212.1309751
-211.0523255
-210.8195033
-209.5317616
-209.4327856
-208.3795625
-208.1877487
-207.7923915
-207.6560918
-207.6494354
-206.9235543
-206.0688216
-205.893825
-205.6463351
-203.8772851
-202.9423144
-202.0528082
-201.5985024
-200.6724772
-200.6035938
-200.4877639
-200.2099644
-199.6541316
-199.605693
-198.6629902
-198.0731663
-197.5407247
-197.3366222
-197.3002454
-197.002739
-196.9241502
-196.7332942
-196.1449464
-195.8468673
-195.494907
-195.1949659
-195.1775667
-195.0417268
-194.9352984
-194.2706609
-194.0310172
-193.6657026
-193.3917869
-192.7866084
-192.7123564
-192.2766006
-191.9310026
-191.5431078
-191.132422
-189.9762271
-189.8882816
-189.8711665
-189.5099328
-189.4232654
-189.0562684
-188.9353123
-188.7133177
-188.7032214
-188.1161681
-187.7073022
-187.3391678
-186.871128
-186.7510126
-186.2945506
-186.1441648
-186.1067629
-185.7986529
-185.4435893
-185.1388962
-184.9960191
-184.7634794
-184.2505455
-184.1361526
-183.7323433
-183.3144584
-183.2378253
-183.1991373
-182.9428357
-182.8615907
-182.5057528
-182.3352485
-182.2882388
-181.4227046
-181.2734629
-181.2680406
-180.883585
-180.8767164
-180.4243161
-180.418962
-179.3950749
-178.7030621
-178.4966963
-177.4122692
-177.1131677
-176.9339954
-176.649065
-175.3900557
-175.309558
-175.2407058
-174.3109116
-173.6799938
-173.4875615
-172.6540803
-172.1586228
