0.00137082 0.00196578 0.00611449 0.197806 0.172027 0.0354357 4.58804e-05 3.19495 0.0807876 0.0409529 0.007821 82.0598 1.80089e-05 0.000298178 0.529782 38.3156 1.87944 3.28498 
0.00110921 0.000335713 1.56662e-05 0.000635944 1.13659e-05 1.89672 1.40636e-05 5.86342 0.156469 16.2902 5.93076 198.925 0.000305419 0.000572534 1.95152 30.5998 1.7477 9.10663 
0.00387959 0.000818523 7.51399 0.000752504 0.0118709 0.0267722 0.00375294 6.60063 0.0284488 0.0293639 0.166058 93.0917 0.000363704 0.00529116 1.21891 27.2679 2.65181 7.87504 
1.06329 3.146 7.37483 0.0274528 0.00183519 21.8726 0.000556215 2.0734 0.062311 0.964536 5.47238 287.044 0.00160222 6.10408e-05 5.15696 21.7371 1.12225 4.89697 
0.0140993 0.00630943 0.000522608 0.00161607 0.960811 81.4271 3.06822e-05 0.105979 0.00556235 0.163607 2.33607 27.954 0.000387593 1.53636e-05 0.375219 32.738 1.78269 7.03173 
0.000277824 0.812889 0.761149 0.00360274 0.454031 0.122848 0.000723485 2.01017 0.0452552 0.170468 1.35445 169.861 0.00341409 0.000202908 3.89833 14.1181 1.10801 4.16352 
0.999223 0.000134113 0.00207157 0.00555518 0.000484292 31.3435 0.00250566 0.524358 0.0333918 0.0298533 0.986036 19.0753 0.0567947 8.00671e-05 5.545 46.817 1.4608 8.48608 
0.038999 2.32386 2.81124e-05 2.57789e-05 0.0127318 0.0104434 0.00011523 1.46841 0.161067 0.134983 0.115229 52.699 0.497009 9.10583e-05 6.03818 36.3842 1.2599 3.94285 
0.000798511 2.01872e-05 0.784649 1.23155 0.486516 0.149684 0.0117222 0.0870963 0.00670655 0.882456 3.83072 25.447 0.000317763 0.00244091 0.6992 35.5289 3.17889 9.64026 
4.0743e-05 0.000460693 1.49564e-05 1.83086e-05 2.65247e-05 10.7509 2.05656e-05 0.466763 0.0437871 0.0532069 0.0502147 22.4144 0.0362922 0.000400035 4.99183 40.5127 1.06355 8.76066 
4.35669e-05 0.00066454 0.12387 1.08419 0.217365 370.546 0.00607946 0.307086 0.0164611 0.514642 1.82219 185.586 2.11517e-05 0.0142675 1.32286 14.6402 5.46349 2.40123 
0.000417424 0.00347429 0.00188569 0.000115634 4.00067 2676 0.000565549 0.143455 0.296917 459.528 4.84469 116.027 0.00243731 0.0104687 0.724668 33.6479 3.62269 1.11494 
3.52388 0.00210068 0.0623662 5.08095e-05 4.15096e-05 3.49793 0.000243878 0.100216 0.0142998 2.72102 0.701287 179.561 0.0948254 0.255441 1.69284 12.5974 4.83823 5.99008 
4.81544e-05 2.28397 0.0177268 0.00426077 2.35701e-05 0.479438 1.8021e-05 2.62825 0.38153 0.0446076 0.00137401 250.03 0.0842706 8.69623e-05 5.09996 13.4962 1.1559 2.4496 
6.27676 0.000505824 5.43291e-05 0.000803936 0.0109475 26.1361 0.000221486 0.524169 0.476652 22.1043 0.182655 113.366 2.14243 0.00351184 5.55111 14.4669 1.15288 5.37681 
0.0562081 6.78473e-05 0.00276668 0.0138219 0.185229 113.565 0.00161394 5.85022 0.607218 0.0266722 0.00665735 174.492 0.049981 0.0071542 1.13544 45.5003 2.70205 3.94483 
1.66618e-05 0.0150139 0.81065 0.000126321 8.44486e-05 171.767 0.661486 0.264474 0.0413891 0.273845 7.59198 347.281 0.0427574 5.37724e-05 1.12258 2.28804 2.2564 5.32363 
3.72612 5.02378e-05 7.73004 6.57767 0.000121415 0.670524 0.612031 0.00970843 0.251231 3.10998 0.0936707 58.3218 0.00011234 1.23021e-05 0.827367 26.7264 4.88524 4.5549 
1.71882 1.82535e-05 0.000801379 0.00968945 5.45172e-05 0.613053 0.0312142 0.873794 0.0136087 0.0230246 4.7842 58.2545 9.46297e-05 0.0394072 7.50271 40.7395 1.63204 3.50652 
0.0420546 0.00519202 2.51846 0.0675005 0.030428 1.22152 0.129311 0.99994 0.0272317 0.0404311 2.63592 382.359 2.84842e-05 0.00245907 1.13498 25.3838 1.41748 2.47268 
0.000180378 7.41288 0.356947 0.0731588 0.000227838 8.07581 1.18776e-05 1.34739 0.000125622 3.18712 0.01111 19.5115 9.13436 0.000116808 0.785371 26.143 2.0287 5.96127 
0.00248203 0.0120897 0.261281 0.000280961 4.28203 150.051 0.00141181 0.629499 0.0966387 2.95149 0.890767 216.936 0.164996 0.000935459 1.38493 21.9685 8.59543 6.95875 
0.0698988 0.000143923 7.53681e-05 0.118105 0.703032 0.402325 1.37336e-05 6.01842 0.0792777 0.239252 0.104476 69.4547 6.97329e-05 1.00715e-05 1.50838 19.5028 0.910302 9.23147 
8.99343e-05 8.03387 0.000523402 0.00523557 1.43399 0.195891 2.01964e-05 7.08195 0.0253811 0.0797705 0.822772 207.403 0.00325101 0.000205379 1.81249 24.0991 1.49115 7.24424 
0.00130444 0.00462365 0.000171337 0.485756 0.00014257 1824.88 0.00240829 6.41485 0.0600206 0.0200962 0.0726662 115.395 1.47074e-05 0.000326501 1.94705 36.7418 1.97399 2.07014 
0.00343858 0.000641133 0.000205741 0.000607437 0.0893778 0.0838387 0.00222263 0.838091 0.511438 0.129454 0.00260901 481.527 1.72974e-05 0.000228114 8.94957 34.995 1.32446 0.316864 
0.000211085 5.20732e-05 0.454581 0.857128 1.23865 0.211203 0.00781507 5.06304 0.462967 0.337351 0.00533023 119.44 0.358734 0.00106884 1.58474 35.981 0.896315 1.31581 
0.078145 0.000220443 0.0445212 0.000127001 0.00285778 0.0891771 0.0188226 0.395515 0.192387 179.539 6.58925 129.345 5.27345 0.00386777 1.31322 40.757 6.30414 2.54877 
0.000256714 1.30063e-05 0.527918 0.000969052 0.838417 0.0211363 0.00424728 1.02031 0.110747 0.829794 0.0297147 83.835 0.000442747 0.029495 3.21058 21.1613 1.18855 7.51561 
0.000156103 0.000105156 0.400627 0.00305418 0.0142166 519.63 0.00126026 1.47208 0.134013 0.641582 0.882208 414.942 0.00181615 0.0162533 3.67219 8.4247 1.3146 3.58309 
0.310905 0.429065 0.000125575 0.00256427 0.291085 0.343326 4.72056e-05 9.45918 0.138707 4.22044 3.24166 124.137 2.38817e-05 0.00138297 1.29474 24.4442 1.62774 7.00261 
0.485463 0.00206778 4.92325 0.000391831 0.000851531 197.203 3.00975 0.0418576 0.191815 0.331647 0.0257063 484.48 0.826992 0.00381463 7.01652 27.806 1.38028 0.516248 
0.0193685 0.000686695 2.15989e-05 0.000100043 0.0107584 318.508 6.13675 0.2699 0.0360654 0.499805 0.437499 402.328 5.57342e-05 0.019865 1.70393 6.83249 1.78296 2.22031 
1.53009e-05 0.000722238 0.00637242 0.0196129 0.0514496 99.7349 7.53589e-05 1.31196 0.0226979 0.522866 0.301479 396.46 0.0050505 5.28462e-05 1.32807 20.5817 1.69152 2.43131 
0.00171148 0.00141015 0.418583 7.72833 0.000407495 9.13371 0.000511967 1.8107 0.0798245 0.273763 7.71365 87.9207 0.0409488 0.000682845 4.57103 29.883 1.88235 1.58683 
0.00121642 0.0157637 0.00237053 3.24916e-05 0.000417606 1.70377 0.26729 0.0878247 0.819757 244.087 1.11945 83.8402 0.48286 0.00578139 1.77265 20.2167 2.02383 2.82558 
0.00936296 1.21169 0.0114683 3.31681e-05 0.000128261 0.336855 0.00129754 3.74537 0.190587 0.770654 0.142813 483.707 0.0340242 0.00242211 1.18216 32.5013 1.98532 4.8494 
0.00033728 0.00305731 0.000710038 0.0923313 5.117 7.18547 0.0650615 5.93788 0.459547 0.0126458 0.000490654 308.798 1.7611e-05 0.00459426 1.42016 32.6798 1.55542 0.827294 
0.000153446 0.000175946 0.0132126 0.00360328 0.0318639 329.233 5.88498 2.0261 0.148913 7.57462 6.53698 25.7746 0.0102362 0.000425069 0.942785 31.8581 1.00929 6.98413 
0.00608031 0.00610743 0.00044433 5.08474 0.00516028 8.51319 0.00706988 0.188934 0.236148 148.383 1.13286 69.0652 0.000245334 0.00130138 6.3205 25.1206 0.898786 7.07046 
0.000222354 0.052402 2.06456e-05 2.72194e-05 0.0149647 55.136 0.00068073 0.622023 0.502728 5.68623 0.414183 372.135 0.277623 0.151931 2.26648 5.84644 3.48001 3.1943 
0.00720783 0.0101317 0.000208056 0.0460652 2.93264e-05 1752.79 0.224026 2.9393 0.0128816 0.12414 1.78043 412.526 5.74426e-05 3.67996e-05 1.25072 15.3225 2.58223 3.30269 
0.25793 0.0001829 0.00289764 0.00149639 0.0175994 2.01187 0.000700189 1.20593 0.0706991 0.522494 0.483521 65.3612 0.00326855 0.0264695 7.36155 45.6902 0.879734 3.24282 
1.49618e-05 5.23723 0.000475603 0.0834155 3.83122e-05 0.145273 0.883058 0.734488 0.0159854 0.156339 3.18304 116.8 0.0741665 0.00421645 0.840112 49.251 9.55828 4.32457 
1.82218e-05 3.13937 0.000706077 0.000434781 0.0113642 0.189035 2.46049e-05 1.97745 0.161934 0.223174 0.0199054 430.109 1.86895e-05 0.00065369 1.54381 25.6166 1.28494 3.13698 
7.76642 0.000277393 0.00232729 1.36199 0.431021 0.175985 0.000134054 0.106068 0.00608906 0.0751972 1.17276 223.298 0.000117352 0.00079083 1.18299 13.2718 4.57829 1.72966 
0.290122 0.000543851 0.329554 0.0352409 0.00286112 0.624963 3.60613 0.659624 0.508038 12.9725 0.632006 81.6833 0.291915 1.743e-05 1.85734 17.1994 1.25046 7.24784 
0.00124089 0.553345 2.01155e-05 0.00115831 0.0385008 54.3615 0.0844461 0.266093 0.229986 38.2266 0.268507 80.0954 0.00163503 0.000192494 0.592494 42.8275 2.37183 1.36197 
0.295578 4.92908 0.456362 0.000992174 0.00343024 2.55222 2.64508e-05 1.68551 0.114084 0.0896718 0.507377 392.475 4.1014e-05 0.00824761 2.68561 5.15939 1.7808 1.70082 
0.0156508 5.29774e-05 0.000125272 0.360565 0.211419 1434.97 0.623131 0.125613 0.00577874 0.0789871 0.177617 136.584 0.185734 0.000336118 3.93641 10.0673 1.40921 8.0836 
0.363335 0.000603901 2.06322e-05 7.89573 1.88829e-05 39.4488 0.000133784 0.760772 0.128413 0.0957336 0.0799118 128.065 0.0104349 0.095929 1.57573 12.6636 2.95226 5.65223 
0.000600983 9.46225e-05 1.91915e-05 0.0110358 2.05404 0.0129779 1.51654e-05 2.33194 0.0103441 1.71791 6.30328 111.201 0.114041 0.00812802 1.2655 13.2798 2.61 6.80561 
0.0178867 0.709141 5.02015e-05 0.00204037 0.00507377 7.02049 0.00692039 0.0410657 0.00121803 0.323471 0.00280804 1.4859 7.71545 0.000633269 0.53842 37.2 1.20342 5.03293 
0.00157314 0.000125893 0.00012965 0.0274941 0.197089 0.169942 0.000103135 0.612234 0.0469881 0.102314 1.05425 285.921 5.3803e-05 0.003412 1.27952 26.5356 2.55547 0.314411 
0.0114484 0.0157386 0.00222823 0.00806903 0.0592627 807.973 0.000315164 1.24554 0.647523 16.4431 0.156892 481.015 0.00019735 0.000116954 1.68332 5.0882 1.80702 7.35387 
0.0754498 1.30384 9.87913e-05 0.619701 0.00154517 59.6394 0.192034 0.570774 0.0272579 2.70258 7.14561 168.09 0.0121095 0.000282789 0.809171 11.6294 3.30904 6.653 
0.0585445 0.000722141 0.223749 0.000951402 0.459165 54.7368 0.00722236 1.45133 0.0789986 0.678636 0.0579702 85.9528 0.00170532 0.127086 1.50188 32.4211 6.97396 7.73499 
0.435284 0.000306939 0.205848 0.000494336 0.0354155 245.461 0.191953 1.03552 0.0866304 4.55762 1.73581 321.025 0.00016411 0.0111365 0.779377 17.8422 6.73657 1.2907 
2.79414e-05 4.3179 6.63862e-05 5.14158e-05 0.359551 25.522 7.47213e-05 1.5379 0.0171364 0.040567 0.264068 211.997 0.0125518 1.52619e-05 1.6189 3.02697 1.62418 7.49977 
0.000274149 0.00314085 9.96492 8.14382 4.10528 1.24932 0.000294422 0.100961 0.0493632 2.7502 0.362931 91.5673 0.683537 0.000284452 2.53861 47.1263 2.481 1.0046 
0.851357 0.042852 8.19274 0.308795 2.16056e-05 20.9244 5.04224 0.0286752 0.219155 10.6741 0.519948 78.2504 0.000159012 0.0133314 1.05626 22.1755 4.47912 9.45286 
0.00191256 0.000117449 0.0184958 0.391688 1.91304e-05 44.0375 0.000198482 4.9823 0.367033 0.21207 0.0699155 154.662 0.000418871 0.0142859 3.13477 19.7327 1.57806 3.75002 
0.0408841 6.37708e-05 6.52874e-05 6.20577e-05 1.10222 0.0143355 8.09587e-05 2.49545 0.635117 1.70462 0.0527209 115.02 0.754811 0.0107785 1.27843 18.3201 1.19759 1.48834 
0.000169347 3.69882e-05 3.40639 0.0019971 0.00385354 0.162645 0.0105372 0.172298 0.0509869 0.319438 0.797556 149.132 0.440421 0.000161092 1.63216 6.75159 3.11352 6.95494 
0.00652806 0.00109197 0.635017 4.96877 0.00306181 97.3318 0.00686748 1.3303 0.257675 1.75054 0.254974 472.488 0.306858 3.11416e-05 2.5854 10.048 1.72785 8.34373 
2.79171 0.0180118 0.000111378 1.18343e-05 0.173375 175.718 0.00259286 0.422908 0.336589 0.967336 0.0267012 359.809 1.84807e-05 1.03607e-05 1.53254 19.6053 2.61109 0.421921 
1.5822e-05 1.72372 0.000562616 0.000294517 0.007256 0.0167176 0.273274 1.45586 0.0184164 0.150487 1.19102 67.151 0.000131871 0.038491 2.33049 30.065 1.67915 2.54447 
1.19677e-05 0.173299 0.0135287 1.59473 0.0469707 419.226 2.81937 3.68377 0.101524 3.02975 0.767149 75.7263 0.00789331 0.000486456 1.15918 47.9379 1.50311 0.925042 
0.274502 0.487491 0.141994 3.74377e-05 0.00493407 5.84078 0.116753 1.14164 0.0316605 1.30183 3.42683 128.134 0.0516832 0.00110454 5.53112 27.6653 1.62146 1.5209 
1.56346e-05 0.11954 0.000151603 0.0127731 0.010618 2777.14 0.214558 1.6286 0.180046 0.306062 0.234057 61.9326 0.157474 0.00230833 1.60244 13.8128 1.62873 9.70062 
0.115026 0.00374236 0.000108247 0.117175 1.19848 10.3966 2.616 9.6824 0.689473 4.65706 0.0153576 397.499 0.0133849 1.23594e-05 3.54818 5.7652 1.11282 5.93105 
1.07645e-05 5.24578e-05 0.0282115 6.90497 0.000167109 619.709 0.105396 0.917205 0.020634 0.0699241 6.83931 112.502 0.005386 0.303361 3.23995 21.9752 1.99413 2.45856 
1.15798 6.16018e-05 2.35543e-05 0.275227 0.540008 255.678 2.4939 0.202298 0.0306913 0.0427616 0.46947 104.711 0.000135044 0.147167 3.81562 15.5337 1.66777 2.35837 
2.00028e-05 0.00908706 1.9473 0.0142507 0.0409702 3.16604 9.67209e-05 1.80471 0.276651 0.285633 0.088013 28.5668 0.0259083 0.0132451 3.08386 37.1721 1.08622 2.33474 
9.52085 8.34942e-05 1.33917e-05 0.0988566 0.0715045 1.51562 0.00125051 7.31746 0.0485165 1.62139 9.29282 103.653 2.85173e-05 0.00301129 4.29437 31.6635 0.933269 8.91941 
1.15346e-05 0.000105659 0.00176642 0.000304868 0.0484185 2422.11 5.20818 2.40488 0.285146 2.95223 0.0875219 52.398 1.21055e-05 0.0102953 1.28272 35.6944 2.03127 3.83092 
0.00207844 0.00115338 4.06055 0.0055041 0.0345289 0.0911011 0.0070579 0.344694 0.0123253 0.012206 0.431791 370.317 0.108909 0.00439862 1.43934 2.73046 3.3108 8.48564 
0.862556 2.67273 0.00768899 0.000274466 2.31991 377.819 0.920374 0.641905 0.014032 0.0984343 6.26514 280.354 0.00217304 0.000152702 1.20869 17.2223 4.97679 1.90016 
0.000106155 0.666859 0.000418958 0.0360971 0.421498 0.0130256 0.641263 1.94083 0.121316 0.230788 0.335461 72.6483 0.0017126 0.000292329 1.00311 14.8995 1.48472 7.18274 
0.000399155 0.0274623 2.29626e-05 0.875549 0.000489128 4.35236 1.14702e-05 0.0151581 0.288038 114.624 0.0677022 52.697 0.0231323 0.00019697 1.1663 48.1365 4.6774 3.53707 
0.0320116 0.113728 0.013586 0.475672 0.0490153 1.45527 0.268808 2.01015 0.0553694 0.147497 0.31285 290.822 0.517823 0.00720643 1.4256 22.6543 3.30903 1.50965 
1.54108 0.00154241 0.345754 0.000107303 0.000505106 9.18608 0.0283547 2.15952 0.00637463 0.0113788 0.315345 152.113 0.00740341 1.18347e-05 1.72863 35.5265 1.53234 3.03714 
5.38905e-05 0.00132021 1.38073 0.00190051 6.85666 481.483 1.26125e-05 1.25529 0.0164972 0.0307496 0.32731 276.126 0.0448181 3.75494e-05 5.02741 25.363 1.46711 3.5312 
0.00593137 0.334697 0.00178811 6.82142e-05 0.00251169 121.908 0.110113 2.17062 0.0227103 0.133308 4.17465 291.362 0.0092132 0.000378483 1.16418 8.1383 6.22851 8.65898 
3.77806e-05 0.0187421 0.831526 0.0433024 0.00417194 0.0770847 4.057 2.31665 0.0406864 0.0384936 0.0312515 205.064 0.0152095 0.000206564 4.99367 47.7724 1.15045 1.46578 
0.00383635 0.00069558 0.222737 0.00209039 0.000573711 338.996 0.00731519 1.35444 0.884969 61.0984 0.117566 65.5908 3.95586e-05 0.0155492 2.51536 36.4427 1.15701 8.02294 
0.00177738 0.00518051 0.485211 0.490601 0.00269543 670.623 0.103607 0.6115 0.727859 10.4734 1.05747 31.1119 1.20064e-05 0.000255912 2.09334 28.4747 2.07025 3.37127 
0.502663 0.000757903 0.0036951 0.07525 0.507842 1.5071 0.000353176 4.7915 0.00517952 0.0178697 1.25009 144.669 0.0209994 0.0244573 1.46019 8.084 1.04714 4.51009 
0.403726 2.94454 0.915932 0.11085 1.38904e-05 1097.12 0.175587 0.00880748 0.0673384 11.5839 0.551917 63.5571 0.0036145 0.0303897 2.2334 23.1221 1.62317 3.28949 
0.733615 0.00386241 0.00111814 0.0360224 0.0787197 406.151 1.01114 0.847549 0.00850812 0.0118494 3.08974 202.381 9.83583e-05 0.000897401 1.03614 22.2574 4.81794 3.31179 
0.000122794 6.27221e-05 0.928684 2.91644e-05 1.20065 7.59454 0.786387 0.870927 0.203137 1.87535 0.846467 70.8477 0.786255 4.57879e-05 2.81363 27.751 2.12211 1.46167 
0.122938 7.99738e-05 0.0901897 1.8504e-05 0.426342 65.7414 0.144297 1.67872 0.64524 0.537449 0.0153957 217.253 5.22625 0.000206313 1.25679 36.6341 3.01482 1.32855 
2.70437e-05 1.3099e-05 0.0307948 0.00357092 3.83738e-05 0.189454 0.00493225 0.696347 0.0190438 0.0169378 0.109462 66.0463 0.00138364 4.04772e-05 1.93852 18.0153 0.844116 9.32877 
0.0180993 0.0351714 0.000355169 1.04153e-05 2.51615 0.071266 0.22948 2.64321 0.010086 0.0122506 0.474029 296.295 0.000183863 0.0737509 1.65619 5.06226 3.22182 4.49559 
0.834222 0.296888 1.16307 3.8225e-05 0.00123208 0.822001 0.000136336 0.2935 0.0345577 0.33304 1.23865 14.2931 4.7166e-05 0.0021344 2.25391 44.9479 1.21618 4.88857 
0.000200356 1.03974 1.89478 0.000162724 0.00944298 0.0585672 4.57904e-05 9.28632 0.102283 0.159775 0.174123 160.006 9.46838e-05 0.000134597 2.39279 14.9816 1.0007 6.24965 
0.305984 0.000467592 0.00292022 1.36334e-05 0.0032841 0.395022 0.0451421 2.08528 0.755641 0.307912 0.00903855 55.9928 0.0704709 0.000345856 1.08934 33.2594 2.18968 2.08511 
2.75061 9.65065e-05 0.0359989 0.00641368 5.78653e-05 0.570316 0.374466 1.00248 0.0130802 0.0704313 4.05247 164.538 0.00304709 0.000298631 2.03368 6.92488 1.83544 8.07081 
7.40973e-05 0.378638 0.31873 1.04877e-05 1.97714e-05 11.3271 0.000157945 0.785663 0.72157 14.8011 0.381031 18.7931 0.000192969 0.00301645 0.800495 40.9061 3.06906 2.16378 
6.69843e-05 0.0294865 2.50719 0.595665 7.05595e-05 0.118565 0.206741 0.88826 0.0986015 0.176722 0.317161 72.2743 0.00125704 3.25199e-05 3.38838 44.3141 0.984155 4.55125 
0.0152907 2.95696e-05 0.00172956 0.555801 0.233906 0.135441 1.14298e-05 1.34397 0.306294 7.27731 0.469479 131.194 2.13561 0.0415724 2.23983 19.1496 2.31866 3.20084 
1.46023e-05 0.492863 0.0295993 0.169963 1.65348 1650.58 0.741931 2.1228 0.249583 0.569028 0.231321 444.45 0.00508014 0.00553766 1.39834 48.3685 2.51561 0.274128 
2.51556 0.0612682 0.631308 0.00676891 2.1164 1444.55 0.376861 1.19522 0.85401 76.2476 2.11016 363.939 0.186468 0.0605275 6.53107 16.7585 1.7557 1.62348 
0.000418605 0.0148161 0.00178191 0.000360128 0.925683 792.915 0.491778 0.247736 0.342461 65.0644 8.0568 93.7336 0.000215342 0.0147764 2.48427 8.30783 1.1664 6.20786 
2.5635e-05 0.0230355 0.0107495 1.68304 0.0146617 5.52991 0.000212864 1.52323 0.00337078 0.0801249 2.26176 157.789 4.68098e-05 0.003716 1.70137 22.1193 1.95539 0.879272 
0.0018232 0.00279968 2.799e-05 6.184e-05 0.152803 0.166384 0.571007 4.22122 0.282809 4.42808 3.93673 488.047 0.0136679 8.89762e-05 2.56525 4.7397 1.47094 1.17363 
0.00216958 0.232351 0.00347304 0.331245 0.599586 2661.33 3.33416e-05 1.38167 0.0998987 6.51321 0.277158 97.9512 2.35627e-05 0.0403646 1.08018 21.9719 5.26633 7.27957 
0.948958 5.77426e-05 0.030708 0.0962559 0.00598725 0.0396066 4.59303e-05 0.664097 0.0272273 0.010781 0.259846 118.397 0.0554043 0.00293087 2.2589 16.5438 2.62425 2.44919 
0.000626445 0.00879999 0.00491039 1.77978e-05 0.000346516 1324.26 0.0404429 0.478168 0.614544 37.8635 0.944828 470.108 0.000640387 0.134543 4.34894 48.0544 1.62616 0.255543 
0.178082 0.298802 3.2303 0.107015 0.613366 10.0148 0.0208773 3.83974 0.069853 0.0521736 0.208246 450.511 0.0286734 0.00107735 1.47871 48.679 2.34552 0.261726 
0.0553689 0.0830379 0.034521 1.98446 0.000201863 990.956 9.80264 0.465101 0.286586 1.7097 0.0174251 56.4098 0.0997247 0.00040506 9.65157 49.5607 0.908781 6.02732 
0.00199702 0.862399 2.60022e-05 0.0101087 0.37475 34.5247 0.0210823 0.59749 0.036571 0.0634278 0.233062 485.637 0.02601 0.0157969 1.09052 4.94955 6.53333 6.62692 
0.000127487 9.28957e-05 1.11966 0.00070209 0.000822817 1940.41 0.0141662 0.0804258 0.0132165 0.0112523 0.722491 37.3122 0.000721739 2.61043e-05 3.65051 34.3211 1.26484 4.96542 
7.26762 8.98878 0.0775251 0.000172091 2.89573e-05 9.42724 1.36475 0.178833 0.0264738 0.0323831 0.0362844 34.0892 0.0237564 1.07054e-05 0.948513 18.1373 2.22986 3.45548 
0.00366463 6.24792e-05 0.0215813 0.211062 0.00541824 0.810623 0.00100852 0.0478912 0.0645948 0.175651 0.246099 51.5026 0.00326229 1.324e-05 5.81541 31.7491 0.943841 4.39646 
1.24503e-05 0.162815 3.78064 0.00127957 0.234966 312.733 0.139278 0.186382 0.121918 12.4266 3.75078 53.7197 0.00288093 0.00090223 0.910542 18.3518 4.65572 9.15297 
9.17922e-05 0.00630409 0.000961591 0.216793 0.000914408 430.003 0.124373 0.277591 0.0409662 0.0495017 0.391059 199.295 0.104818 0.0301086 1.04321 5.91765 2.67038 1.6889 
0.00326203 0.687838 1.7683 6.20342e-05 7.73967e-05 0.479828 1.78508e-05 0.39556 0.385203 3.38034 0.0646016 467.21 1.29551 0.00164151 0.967926 7.05787 5.66998 3.38833 
0.00165592 0.760898 1.73361e-05 2.34515 1.71772 1.84575 0.468987 0.0785173 0.0530768 1.56076 0.754704 89.9699 9.82126e-05 2.12618e-05 0.93918 9.6993 2.35331 8.44891 
0.000135581 4.54005 0.000243126 0.0139844 1.16081e-05 449.624 1.26653e-05 1.52287 0.632335 2.98404 0.0239623 143.291 0.00498625 0.00206109 0.815187 7.3379 1.80317 4.17738 
2.34227e-05 1.58332 0.015082 1.89269e-05 9.45005e-05 0.0151847 1.28013e-05 2.03898 0.0286204 0.0248607 0.971994 48.7138 0.00749023 0.00943023 1.6257 29.7773 1.96149 4.57416 
0.030845 0.28665 0.256636 2.20219e-05 0.000285198 4.93355 1.24463 4.08994 0.297589 3.06238 0.395122 224.368 0.0223896 0.000408582 3.31965 14.3356 1.33654 7.02449 
0.00446788 1.28424 0.443332 0.09961 0.00116491 3.38419 0.000252708 0.350809 0.389315 30.2324 2.01119 24.924 0.104607 0.00249944 1.64329 41.337 1.23419 2.49764 
0.000810225 0.000235934 0.00467126 2.6915 0.000943297 0.370805 0.0057309 0.485101 0.00611556 0.0181259 0.505385 28.2773 0.0555778 0.000463819 1.32058 44.79 2.16305 5.63769 
4.22785 1.07289e-05 0.00270429 0.0122655 0.131763 0.0133889 0.00942122 0.739145 0.0788077 33.7858 0.54064 276.967 0.00545389 4.34868e-05 0.787137 8.71016 1.67075 2.63876 
8.79259e-05 3.17343 0.00515175 5.19139e-05 0.00559326 2.60729 0.0628144 0.00482752 0.923285 46.9242 0.0697146 72.0926 0.00382761 1.24036e-05 1.53105 10.8726 1.91715 7.58291 
0.00443678 2.01303e-05 0.0731121 0.023318 0.00236252 0.22538 2.64578e-05 0.427783 0.111413 13.5487 5.86388 32.5635 0.0239846 0.0367769 4.57203 27.1245 1.04029 4.0722 
0.778992 0.18332 2.64191e-05 0.000423045 8.98679e-05 457.237 0.00889264 0.817449 0.54631 193.468 1.67843 298.711 0.0181105 0.00227544 3.03355 15.6078 1.27866 8.77834 
3.30251 0.0384968 0.00209016 0.00607297 0.00548648 44.2287 3.43916 0.301697 0.0699389 0.0429655 0.0377072 125.579 1.06988e-05 0.00479415 6.05745 8.75046 1.17548 6.98207 
0.013533 0.31258 0.00139771 0.0261796 0.000270688 0.633017 0.397149 0.892669 0.283885 14.9972 1.57668 81.3595 0.000518875 0.00266714 2.6408 27.2784 2.18023 2.65196 
0.000235363 6.64705 0.000561673 0.0135716 0.00241728 0.387296 0.0022893 0.292507 0.0718201 2.85082 0.144492 15.1992 0.000130093 0.000751003 0.76093 37.1042 3.16133 6.45937 
0.00087429 0.000857499 1.88735 0.44335 0.000219941 0.3767 0.96473 0.226899 0.0233612 0.151525 7.78729 59.8776 0.00188915 0.00148051 1.22612 19.2253 1.41277 9.65924 
1.28274 8.22818 7.59189e-05 0.000191539 3.21351 0.230024 0.0626498 3.15813 0.0391087 0.113117 5.25411 297.067 0.00129696 0.000243508 2.71915 3.49786 1.28383 3.48474 
0.00482909 0.00960358 0.114859 0.00811217 2.64242 97.5914 0.0049367 1.40213 0.855098 0.0758402 0.0011639 311.752 6.64056e-05 1.13682e-05 2.48117 5.24592 1.07834 4.687 
1.69227e-05 0.296311 0.0748155 0.00104327 0.699627 0.92278 0.0207604 0.758312 0.0253368 0.017786 1.09891 175.835 0.0655193 0.00415666 1.92896 35.1644 1.77923 0.502349 
0.0144091 0.00104537 0.0947239 0.000241143 0.00358691 9.2922 1.44008 1.97578 0.414576 0.394409 0.0148676 36.8681 0.00334061 0.000374813 0.514505 37.1755 1.60162 9.61752 
0.000500586 1.0052e-05 0.0550898 0.000840372 0.00280693 277.631 6.66017e-05 0.338783 0.278234 8.82476 5.10459 469.989 0.0274951 7.41946e-05 7.04638 7.16471 1.37473 0.986662 
0.000126276 5.40713 0.0011785 0.00433826 1.30416e-05 0.473149 0.726888 9.29734 0.192196 0.0481864 0.0148898 191.034 0.0018612 0.000481669 5.27926 48.2112 1.26887 1.48737 
0.153432 0.185731 1.31373e-05 0.0230026 0.00512889 0.0100147 5.29189e-05 6.02335 0.0622703 0.777868 2.33824 40.8164 0.000188928 1.51332e-05 3.53374 40.4758 1.00512 7.0724 
8.35037e-05 2.29273 0.895665 0.00109015 0.000775454 85.5912 1.3596e-05 5.17141 0.528261 43.8209 4.2073 56.5569 0.0572596 0.000528886 1.31188 24.5487 1.19649 2.39028 
2.99567 0.00511346 0.000698792 0.007453 0.0961971 2.21997 3.27096e-05 1.00535 0.453576 7.90473 0.195005 315.482 0.959624 0.0881445 4.14234 17.8657 1.3303 0.43069 
0.000558884 5.27121e-05 0.138818 5.13042e-05 0.00138038 2458.23 0.000111644 3.44822 0.423418 53.5383 2.53834 417.14 0.000332037 0.0112276 2.03403 15.7189 2.03034 2.04906 
0.619649 0.327205 0.139652 0.513805 0.000860579 7.9619 0.0105939 3.32704 0.0975449 2.98514 0.450184 218.781 3.96376e-05 2.70485e-05 0.722759 42.2783 1.20644 4.5404 
0.00408084 0.0479511 0.000750665 0.00901233 8.98969 2.47853 0.0553566 0.333561 0.2948 0.114606 0.0103109 147.006 0.0413494 0.000654906 2.03842 4.31867 0.983713 8.48055 
0.000920708 0.00463577 0.0313053 0.0377184 1.02043e-05 173.368 5.69937 0.241062 0.0550511 6.39651 6.80108 46.0468 1.33811e-05 0.00867654 1.11487 42.8434 5.87435 7.95337 
1.1519e-05 0.000188368 2.44178e-05 4.3982e-05 0.00410167 564.992 7.63051e-05 0.600268 0.0420456 1.05063 0.465062 365.562 0.00179717 4.32162e-05 4.23532 6.16399 1.00137 2.82058 
0.136057 0.458762 0.173244 0.00542709 3.19525e-05 399.929 0.30498 0.101332 0.642825 186.545 0.0670193 202.15 0.73008 2.82369e-05 1.11614 18.77 5.66669 2.81327 
3.32837 0.121428 0.000326862 0.00024455 0.00554549 130.415 2.79118e-05 0.0704983 0.39906 28.2959 0.682233 421.578 0.0409203 6.88719e-05 1.49251 2.94551 2.30301 5.93246 
0.00351737 7.56678e-05 3.97968e-05 0.0121789 0.0119124 0.414783 0.00466898 1.26492 0.0154714 0.474764 3.25831 205.864 0.000602099 4.73826e-05 1.47949 5.0316 1.65127 7.089 
0.0635825 0.00020851 0.105825 0.245767 0.0779425 577.666 0.0673606 2.97394 0.244291 5.89763 1.43316 426.1 0.0262489 0.0348246 4.50075 32.4725 1.567 2.73019 
2.83155e-05 0.0586073 1.08163e-05 0.0432316 7.08887e-05 59.344 0.114386 1.10893 0.0685641 1.69714 0.273759 90.9325 8.20664e-05 0.000606119 1.07318 18.4624 1.67857 3.12222 
2.27132 0.0542506 0.0377538 0.000446305 1.46757 0.0142965 0.230507 3.04357 0.143065 7.96177 0.916104 344.923 0.348288 0.0708496 6.31005 9.72687 0.954434 3.17674 
0.019937 0.0202926 1.55531 0.0741897 0.502908 0.196673 0.000698649 4.77611 0.183723 2.70935 0.684969 491.726 1.12253e-05 0.00026827 5.33096 46.4965 1.75362 0.445345 
3.58932e-05 0.0352126 2.2539 0.00801844 0.000568838 1.01136 0.115 0.140752 0.134863 6.18215 3.33365 443.438 1.82313e-05 0.0143434 4.61811 10.9237 1.65685 0.868138 
0.00180508 1.385e-05 0.378405 0.00125507 1.94344 780.67 0.31166 3.41499 0.0178902 0.0674318 9.47627 339.668 0.000319774 0.181244 8.24812 24.7904 1.48318 0.870545 
0.000318071 0.107629 1.97286e-05 0.00663873 0.159837 9.53145 1.07432 3.02283 0.0275814 0.133224 0.321598 261.291 0.113713 6.613e-05 0.706318 21.1356 4.22101 2.35073 
0.0116359 0.0118491 0.0156552 0.368113 2.42417 2.74263 1.04871e-05 0.0865958 0.0844656 207.88 4.61874 385.667 0.00539491 0.000137933 0.964687 3.68231 2.10748 3.5268 
0.747527 0.121782 0.0032924 0.0910661 5.0809e-05 8.30249 3.52948e-05 1.10797 0.049349 0.476327 0.304465 34.2421 0.00835174 3.79428e-05 0.821191 26.9773 1.30163 6.23047 
0.0449606 1.01717 0.373787 0.00157078 0.00475436 0.0105449 0.015744 1.48056 0.60806 138.002 2.78265 458.23 3.75869e-05 0.0276052 1.06971 3.41051 2.24634 8.34463 
2.35535 0.0996838 0.166834 0.843134 1.20788e-05 14.8327 0.0023344 0.150277 0.35149 1.51331 0.0651885 56.7363 1.72837e-05 0.00429311 2.42073 29.2966 1.51465 7.70825 
0.520662 0.27143 0.575857 0.142641 0.00905514 0.536578 0.0156272 0.104521 0.0558625 92.3668 7.39259 179.129 0.630624 3.5107e-05 1.25097 6.18822 4.05571 7.96828 
0.000134753 0.127478 0.207302 0.00053298 0.160581 19.7702 0.042736 0.675398 0.381012 13.8806 1.8089 246.767 0.000205431 0.126452 3.30764 7.04079 1.79778 7.05995 
2.92481 0.00222391 4.55217e-05 7.45378e-05 0.250068 0.988405 0.0061951 0.565794 0.009319 0.256486 0.595725 144.021 0.00983982 0.00495336 1.15436 19.7709 7.10631 6.96726 
1.00157 0.0848148 0.015335 0.00200035 0.304662 25.624 0.0055464 0.891693 0.0200452 0.143916 2.61175 46.3773 0.0064228 2.35168e-05 2.19029 10.146 1.18553 5.67023 
0.000163376 0.0761613 0.00935844 0.0030776 0.230055 125.864 0.00017818 0.812967 0.0249352 0.264976 3.09512 352.979 0.000152456 0.00918919 1.27973 7.92849 3.97129 2.16169 
0.277999 0.0045055 1.06932 0.00489685 1.15261 182.682 0.00227753 1.61185 0.777539 10.1111 0.296434 17.6745 0.00284473 0.00476523 4.62938 32.7217 0.82913 5.34965 
0.111476 0.00868775 0.000383218 0.0213534 0.104852 3.46161 0.0160288 7.01181 0.283782 0.716444 0.156403 362.286 0.000156957 0.0207031 1.77349 21.1213 1.86999 2.28664 
0.00013737 0.0723878 0.000219438 0.0182629 0.0121185 121.474 0.462815 2.03853 0.0763089 0.379463 0.104336 137.681 0.00875459 0.00326803 1.4523 7.80611 2.89807 8.02602 
0.00438616 3.47773 2.82451e-05 1.00349e-05 0.000160527 12.955 5.18754e-05 0.776425 0.0638796 0.110113 0.195405 335.145 0.460296 0.000118686 1.24982 3.05331 3.5157 8.83333 
0.000248065 0.158645 0.0041947 0.0238221 0.522655 1060.21 1.29147e-05 3.82096 0.102258 1.01233 4.38372 66.1556 0.000222031 0.0311222 2.50409 37.5079 1.76728 4.85367 
2.65153e-05 3.22442 0.00240077 0.904453 3.98768e-05 0.449018 0.000544212 0.301 0.727835 483.051 4.4338 88.3014 0.000829498 0.003392 5.64685 14.8828 1.22766 2.99575 
0.00458936 0.517192 1.95399 0.0428597 6.87609e-05 7.75549 0.0211442 0.849848 0.712727 0.67264 0.0176933 327.075 3.28175e-05 3.85941e-05 1.13876 36.9456 2.71946 0.654379 
0.115987 0.336272 7.24952 0.000677781 2.66482 88.33 0.000121653 2.11303 0.193184 2.85035 1.58389 245.272 0.000975679 3.47339e-05 1.07489 31.3535 1.66663 0.999972 
0.000239422 0.322376 1.14669e-05 2.04125e-05 0.0284258 465.233 0.1906 1.625 0.109744 8.08981 1.59031 341.568 2.78457e-05 0.00863521 0.857465 17.0154 6.4266 2.28262 
0.000256276 0.00694748 0.598522 1.91456e-05 1.8885e-05 78.2956 0.000167398 0.118274 0.147543 0.108329 0.000663775 116.717 4.87901e-05 0.000361676 4.90743 38.3792 1.36664 1.14572 
6.90571e-05 0.00107201 0.00420355 4.19325e-05 0.0463112 0.645905 0.00119064 0.552771 0.109052 1.14921 0.23456 392.867 0.00569984 0.0228164 1.47332 7.91513 2.85855 0.552216 
1.35341e-05 2.98256 0.00924278 0.0281946 1.14472e-05 51.6045 0.101304 2.60141 0.101834 0.0383087 0.120903 71.7432 0.138401 2.0307e-05 2.96443 11.0075 1.56946 8.72383 
0.00148776 9.83146 0.000155659 0.00181539 1.42957e-05 9.28682 0.000100348 3.64696 0.622427 14.903 0.349335 290.401 0.00852289 1.43681e-05 0.885941 8.22347 1.8978 2.30652 
0.000206797 0.178443 9.99778 0.00459714 0.555032 0.162263 0.000339262 0.301573 0.18197 0.067233 0.0419121 48.0351 1.25091e-05 1.08762e-05 2.26148 26.7865 1.16633 5.17765 
0.000208573 0.157704 1.86538 0.0892503 0.000671323 513.109 0.00284298 0.0739194 0.0126325 0.630788 9.51564 190.947 9.93616e-05 0.0952423 6.52354 23.5899 1.20804 2.35393 
3.59449 0.0184871 5.3906e-05 0.000587409 0.00155899 185.379 0.402344 2.83085 0.0889101 27.0654 0.887172 38.2775 0.00361406 1.32454e-05 4.45142 46.1131 0.933097 7.60847 
4.00238 4.33696 5.10336 0.00118611 0.0491166 0.178069 0.388492 1.84548 0.0454382 1.62622 0.211831 284.639 0.0060891 0.000121961 1.94409 28.4755 1.80379 7.37636 
0.000203132 0.00073789 0.15835 0.457314 9.31171 4.69198 1.7646e-05 4.50407 0.0764841 0.339839 1.27854 55.4066 1.93261e-05 0.000390591 2.13036 29.4517 1.65024 3.43713 
2.20956 0.200005 0.00159683 1.21828 0.000452868 738.487 0.00182324 2.17141 0.40718 24.0629 0.231132 499.734 0.239141 8.50657e-05 0.915083 18.018 2.71393 1.01747 
5.8559 5.47291 0.013072 3.68968 2.40453 1.18967 0.00709194 8.35953 0.102617 1.00277 0.177105 306.23 0.000128265 0.000158221 1.20106 14.447 1.06815 2.03152 
0.00493887 0.172135 0.0427687 0.0708841 1.16267 10.2599 0.00173476 1.0816 0.00632799 0.0241905 1.87628 214.496 0.000697256 5.97191e-05 7.54362 10.4315 1.36131 6.87797 
0.00032075 2.82905e-05 0.097771 0.45246 9.90373 0.0216939 0.194227 0.836946 0.506531 1.07075 0.0126857 93.6147 4.85258 0.00186286 1.51312 18.7541 4.71078 9.94755 
2.73669 0.014777 0.000212419 0.460469 0.000978094 0.0353142 0.0106504 0.414999 0.0224833 0.0490032 0.104731 471.792 0.00159679 3.95179e-05 0.889509 32.5777 4.65945 0.367623 
3.08294e-05 0.134096 3.50011 0.0704499 0.000416923 1.86272 0.000386626 0.0920975 0.0727418 0.0810931 0.008435 68.319 0.000116769 0.0900769 7.75068 49.1334 1.39518 2.2708 
0.000131905 0.0400231 4.99226 0.000124 2.04441e-05 27.7049 0.000100413 0.234576 0.92281 0.648701 0.00243283 223.778 0.000335727 0.0232789 5.15523 33.4438 1.2296 2.93962 
0.899351 0.000132352 0.126429 0.0010802 3.29546e-05 0.0929927 0.0158901 0.10265 0.0373918 0.879415 1.18298 127.31 0.000207837 0.196839 1.5802 19.7984 4.79876 3.72773 
0.00295286 0.943638 0.862918 0.0385276 0.0484786 103.996 0.26638 3.74076e-05 9.59023e-05 0.918713 0.0165562 420.562 8.23797 0.000406708 0.82012 46.0112 1.93714 7.49292 
0.0144162 0.00111803 0.317349 1.63824 0.0026987 2354.2 0.939735 3.45968 0.0109249 0.0151618 6.18274 90.9673 0.00077707 8.48592e-05 1.58406 42.8006 1.05267 4.10753 
0.000198712 0.383757 0.00215305 7.62751e-05 5.44576e-05 702.151 0.00237971 0.117588 0.0111584 0.114476 2.16047 169.77 0.000448643 0.0848545 6.57453 47.7133 1.33773 1.25478 
0.000677831 0.230055 3.00052 0.512702 7.469 2998.79 0.00106591 0.157847 0.065997 0.184853 0.190223 86.7229 0.0147902 0.000196166 1.28042 47.0339 2.89166 0.729478 
0.0371647 1.65784 0.0119367 0.00109733 0.122766 3.8534 0.0187509 0.0895624 0.711584 50.036 0.10321 462.961 3.61039 2.54405e-05 1.07352 17.9839 8.54611 1.92669 
1.16312 0.00331937 0.00312088 8.82081 1.14813 0.072188 0.0258606 1.41635 0.0525955 0.0831584 0.012017 143.881 0.185495 0.000356235 7.3865 41.5491 1.02651 0.949069 
0.00144136 0.00395749 0.0064467 2.50338e-05 8.17001e-05 0.0213446 0.000148188 5.80024 0.731928 1.74501 0.138869 61.2908 0.00913825 2.14619e-05 1.92142 15.5553 1.7939 8.0028 
0.841319 7.49566e-05 0.529694 0.000140241 0.00892105 2900.88 0.191404 0.463374 0.00859878 0.113514 3.38519 162.109 1.37793e-05 0.000105603 1.63266 20.9198 1.32476 5.51446 
1.92129e-05 0.759345 0.00128561 4.79861 6.34246 0.0884394 0.00240189 1.96056 0.0381098 6.98543 0.572013 225.001 0.00235943 4.15408e-05 2.45506 26.0552 0.925508 1.28881 
0.000307818 0.222206 8.68807e-05 5.08186 0.434746 0.826177 0.00150371 4.1321 0.0203532 2.11333 9.47604 269.766 0.00400124 0.000471352 0.85163 18.7523 2.31821 2.47139 
0.000130345 0.0112903 0.0261527 0.638011 0.15772 5.34187 0.0320828 8.81117 0.563469 55.7167 1.3258 98.9965 0.0355374 0.00912234 1.5912 42.741 1.13161 8.41744 
0.024675 7.164 2.97189e-05 0.00532959 0.216103 2275.05 0.345634 0.94202 0.166529 0.577761 0.238608 225.933 0.526504 0.0335253 2.60758 21.7041 1.77063 0.915532 
0.41961 0.89323 0.00213742 1.01269e-05 9.66517 790.459 1.17814e-05 0.728699 0.0740691 0.077645 0.0246021 289.338 0.961425 0.000507781 2.33444 9.94792 1.78923 6.83445 
5.93899 0.0166197 1.58185e-05 0.00370722 0.00376982 665.28 1.095e-05 4.89931 0.0909176 0.0430762 0.149334 253.813 0.000269124 0.0141885 3.3407 45.7057 1.85418 0.539583 
0.000765828 0.000847509 0.000282222 3.0443e-05 0.000320208 13.7192 0.00162074 0.636799 0.689993 11.4273 0.48876 184.942 6.22753e-05 0.000240266 4.69641 9.74777 0.995459 1.47225 
0.00331919 0.000351807 0.129886 0.0923864 0.907574 16.199 0.00334677 3.58247 0.736089 0.446372 0.0245306 125.754 0.00356176 0.00229058 1.32365 32.9156 1.48751 2.90692 
0.0115721 0.000824876 0.000125562 0.00140858 0.000419439 3.78307 0.000235684 0.514303 0.0370493 0.120604 0.0901784 174.466 7.46475e-05 0.02125 1.16456 34.1684 9.41383 5.49397 
0.0024741 0.00380174 0.000145334 6.03083 2.50142 4.43311 2.25214e-05 4.32345 0.0580767 2.64998 4.84253 45.3347 0.000140079 0.00439324 0.9657 40.7217 1.09594 2.13721 
4.26286 0.000315117 0.00176612 0.000356295 0.0649387 250.703 0.765036 1.45165 0.193719 1.96358 0.506116 218.789 0.0461036 2.73274e-05 1.80009 6.05595 1.04312 7.27976 
0.000743905 1.37185 0.000804486 0.520196 0.110884 2.2846 0.000347939 0.904801 0.108409 0.0189638 0.0133327 315.352 0.151395 1.1213e-05 4.19961 8.37945 1.29825 1.39899 
7.76981e-05 0.00195651 0.0188937 5.46213 0.00343672 0.649483 2.7707e-05 0.244404 0.0524118 8.86625 2.63271 45.9805 0.364154 0.000729132 1.31737 18.7788 2.42359 8.37379 
1.82033e-05 3.71426e-05 1.70956e-05 1.58838e-05 0.0962322 16.5597 2.59848e-05 0.096389 0.00533889 0.231063 3.53302 63.3898 1.64127e-05 1.00732e-05 4.98199 49.4477 0.821419 1.61426 
0.00472039 0.102564 0.000999734 0.129442 0.0431611 1275.32 4.83488 0.394979 0.0562862 21.109 0.72731 303.425 0.000220385 0.000345394 1.72429 37.8568 3.12273 0.366489 
7.08963e-05 0.000695627 0.000413546 6.46887e-05 3.02259 0.078768 2.76925e-05 4.61488 0.83394 37.6435 0.413572 288.78 0.0398523 0.0383706 5.75564 16.8368 1.18874 1.51715 
0.0305759 7.77626e-05 0.00411569 1.96896 0.0135539 94.9551 0.00149875 6.34871 0.0695854 0.089908 0.276358 384.289 0.00129188 0.00147175 1.36714 11.2706 1.20114 9.27921 
0.00198389 0.0267876 0.000302747 4.19203 2.93853 18.573 0.00849233 0.160405 0.146797 0.144017 0.0103212 352.587 0.00013367 3.06383e-05 7.19945 3.69843 1.01891 8.01997 
2.78454e-05 0.000138089 0.000381384 0.000786267 0.378321 11.5946 0.794639 3.74775 0.176338 2.50924 0.810083 245.301 0.000192829 1.4959e-05 1.38804 16.7278 2.57718 4.73117 
0.00138836 4.10323 0.00280787 0.35464 0.00801003 12.9029 0.0814255 0.44248 0.450554 10.3867 0.466458 136.744 0.000397413 0.00027732 5.05444 39.8036 1.07023 1.14345 
9.34674 0.00136462 0.0484568 0.022588 0.451663 16.3991 1.30801 0.0974133 0.0258937 0.545373 3.06172 37.425 1.82543e-05 1.34208e-05 1.36658 49.1354 2.81796 1.80414 
0.00033288 0.411705 0.000106175 1.38041 0.000887567 1548.26 0.0250243 0.971104 0.550165 6.93234 0.0320514 290.883 0.01073 0.0284898 1.32959 15.7505 1.42625 1.30175 
0.17411 4.6126 0.0237605 4.98246 0.36031 0.13627 0.100615 0.852206 0.283696 0.16466 0.0016124 66.6528 0.0100284 0.000299829 0.746628 47.5543 5.0432 1.72774 
0.0191806 0.000693474 0.00529694 0.715618 0.903473 2895.35 0.0116965 0.0387595 0.387796 0.22328 0.00130061 115.16 8.52179e-05 0.000281408 2.22253 14.7144 1.51917 2.07362 
0.0261853 2.96923e-05 0.000500779 3.98254e-05 0.00427809 470.106 0.00286172 3.10351 0.0185687 0.166994 1.42455 286.711 3.71346e-05 0.0749399 9.50468 37.6184 1.34485 2.4808 
0.0173954 1.31263 0.0236621 0.00167284 0.467236 0.305573 0.00125019 2.84611 0.712829 14.1606 0.1672 90.1324 1.3408e-05 0.000440473 1.11622 39.177 1.52204 1.14416 
3.26287e-05 7.01972 2.19549e-05 0.000325907 0.105903 1.27822 0.000838568 1.02207 0.00443559 0.0185712 3.35956 34.4254 0.0016037 8.3999e-05 1.38563 41.8132 1.32141 2.78495 
0.831032 1.5781e-05 0.427463 0.0133012 0.00636657 67.6475 0.000223948 1.99727 0.0075993 0.0275441 2.21004 125.316 1.90014e-05 0.000500643 1.00999 24.5846 2.11854 2.71529 
0.00187194 1.9644e-05 0.000460039 0.00023412 0.000197583 381.26 1.23408e-05 0.60722 0.993441 216.37 3.36565 42.6254 0.00014747 5.60557e-05 1.35692 21.5194 2.11436 9.32547 
0.0240124 0.416326 0.000404069 4.09072e-05 0.00542697 19.9701 4.33911e-05 5.09831 0.100266 12.7923 0.287532 387.739 0.0586885 1.95172e-05 1.89454 40.1729 1.26334 3.59953 
0.00208909 0.110058 0.0103601 6.71607e-05 0.0336858 4.16989 0.513966 1.68497 0.141495 0.844283 1.02104 477.411 0.0531479 1.85887e-05 2.09046 3.87536 1.5066 2.44755 
3.75151e-05 0.121044 0.0264348 0.00286908 0.000482122 38.767 1.30489 0.476649 0.0588463 9.52304 6.89727 430.12 0.246106 0.000114438 1.7328 38.8938 1.4436 0.311192 
1.10721 3.63437 0.162887 7.54142e-05 6.57137e-05 2.02291 2.22659e-05 0.196792 0.137852 2.72091 0.848818 302.702 0.000948037 5.56318e-05 2.00424 2.88615 1.79837 8.46457 
0.00381941 0.103535 0.466308 0.00890387 3.18554e-05 0.77529 4.38712 0.54047 0.0172485 0.0149779 2.59108 11.3565 1.44954e-05 2.80151e-05 3.1529 34.7647 1.11679 5.0597 
0.0336565 3.69412 0.0908646 0.777489 0.133104 19.5714 0.318627 0.181951 0.191392 0.372418 0.0136735 44.6983 0.0285822 0.00103036 5.2928 40.2032 0.962853 4.43096 
0.0022052 0.00860318 6.51988 0.204332 0.370753 81.9339 1.92634 0.26974 0.349616 14.0195 0.716203 39.8004 0.00718193 0.000105484 0.760425 36.494 2.06863 4.7776 
0.0208447 0.000456221 0.238383 0.000336061 0.000678016 30.2425 0.319654 0.527756 0.00357495 0.0128375 9.61654 189.042 0.000387291 0.00698763 2.97228 33.2784 1.31119 3.43535 
3.13409e-05 0.0405036 2.10271 0.00524888 1.13032 90.9772 0.000993462 1.47327 0.129652 10.3283 8.26878 453.983 0.000283541 2.80864e-05 6.91534 29.5171 1.10245 1.52884 
0.000968959 7.78957e-05 1.26382 0.0199577 0.959692 75.5586 0.0271769 0.19833 0.0121797 0.0588166 0.258285 348.907 0.102989 2.52401e-05 8.11717 13.556 0.946273 1.64647 
0.00172697 0.000489409 0.000117695 0.000261811 0.702454 0.017206 0.0101366 0.0946354 0.00437591 0.0476891 0.59885 28.2614 0.0263278 0.0076374 1.82195 27.596 2.05842 8.34845 
0.147214 4.13434 2.09483 0.00312333 6.4597e-05 160.392 0.855579 1.03854 0.0135508 0.788755 9.48624 282.638 6.23965e-05 0.000163118 2.41842 41.5119 1.41784 2.40846 
0.795701 1.77343 0.851134 0.00297042 9.13466e-05 2.68426 0.00238545 0.948937 0.0324933 0.0397103 0.039481 108.842 3.74267e-05 0.000338601 1.09557 12.111 3.78562 3.82151 
0.000883541 0.943432 0.158439 0.000268756 0.000118617 120.896 0.00019003 8.87444 0.0729261 0.308772 0.992807 444.666 0.0215445 4.16808e-05 1.17818 5.06325 4.13479 5.67277 
0.00200858 0.0622515 0.00136385 1.5561 0.0260067 195.108 0.945651 0.384396 0.113045 43.3112 4.61946 87.4001 1.44971e-05 1.03565e-05 8.82352 27.2882 0.834996 6.04799 
0.0014382 0.7758 0.000130812 2.04588e-05 0.0050109 741.5 0.00908603 0.97711 0.320577 0.0979843 0.00283927 24.2597 2.70642e-05 0.00470334 0.869422 35.8071 3.04492 6.35851 
0.38458 0.00710496 0.000888019 0.00107709 2.17413e-05 36.9182 0.108429 0.399696 0.992622 245.119 3.20566 80.9397 0.0152698 0.0130186 1.78191 41.7584 4.78609 1.54765 
1.04529e-05 0.0991146 0.927014 0.00432505 0.235644 145.928 1.55131e-05 0.960314 0.0377004 3.08847 0.217832 54.7947 7.24501e-05 3.00825e-05 0.942404 33.1826 1.22287 8.30216 
0.0103367 0.00211444 0.015003 1.67282 0.0197892 0.101173 0.950166 2.88858 0.0726833 20.3346 2.23205 492.352 0.000282922 0.0218431 1.78045 14.0573 1.50332 8.67463 
4.719 3.94747 0.000409483 2.98816 4.14836 1518.32 0.000179285 2.13665 0.919243 5.25922 0.0178008 165.593 1.90682e-05 4.00736e-05 1.353 10.1841 3.65692 3.29678 
0.540042 1.95664e-05 0.00014179 0.011129 7.53587e-05 0.290427 0.00152775 0.524752 0.0708338 3.74669 7.04151 83.9323 0.000143188 0.0032613 1.9247 23.9792 1.19731 2.08241 
0.000247183 0.148981 2.44163 0.033056 0.165618 3.92641 0.000249825 0.310332 0.317201 1.03711 0.0634257 179.117 0.000517764 0.00153734 1.9288 7.30867 1.24292 3.52599 
2.33589 0.000669989 0.0380776 0.00115961 0.0114878 0.0790511 1.27552e-05 0.0393477 0.198779 0.309397 0.00966577 459.651 0.00157209 0.00194869 1.20443 2.20166 2.03752 4.91822 
0.00118307 6.71351 0.000556001 0.00621238 0.011605 26.1935 7.37893e-05 7.01767 0.02924 0.572659 6.00711 296.13 0.00713384 0.00012514 2.88011 9.08128 1.53911 3.16978 
0.000198058 0.0397876 0.00115317 7.05202 0.00271286 2858.51 0.12203 0.886267 0.705005 112.855 0.987831 182.952 1.33516e-05 0.00334959 1.57249 3.84137 1.20723 8.8725 
1.98071e-05 0.319246 0.836308 0.20965 0.12101 0.0471696 0.00510324 0.852169 0.201544 0.472116 0.0704573 356.696 0.26753 0.00062193 2.76283 2.69405 1.45058 5.89321 
4.61139e-05 1.81576 1.22909e-05 0.000183663 1.02082 2.08519 0.00123985 0.271508 0.28037 0.11744 0.00845336 268.554 0.269074 8.39083e-05 1.58055 12.8366 2.39939 0.813286 
6.54028 0.913245 0.0280413 0.554891 0.0283115 118.272 0.00028825 1.54004 0.00594004 0.185855 9.80938 255.009 0.0061121 0.164638 1.76854 34.9018 2.58494 1.15265 
0.00650153 0.0207401 0.0153936 0.0107718 0.000232807 5.87869 0.0212358 0.300161 0.0905202 0.0352958 0.00571889 90.4576 0.000119145 5.74452e-05 1.21271 13.824 2.65589 6.96073 
0.000137635 3.64056 0.01063 0.00175756 0.000135232 0.559106 5.5395e-05 0.479848 0.000887225 0.623811 0.00183036 0.256664 9.88934 0.000159027 0.848792 30.6817 2.58571 9.72393 
0.000411888 1.64937e-05 0.000370086 0.0371768 0.000389184 20.9086 0.00139835 2.33444 0.00217264 0.0164111 0.687992 405.991 0.0249235 1.7344e-05 0.671298 48.3564 3.32623 1.03281 
0.111383 1.42467e-05 4.27411e-05 0.0155079 0.00148858 1016 0.427571 0.197868 0.952552 0.297734 0.00949431 107.287 0.000198434 0.00233358 4.06144 21.8145 1.45133 1.11676 
0.0174187 2.50528e-05 1.45667e-05 6.51108 0.00681724 0.358016 0.471102 3.35535 0.0293441 0.30673 0.427768 176.415 0.000863041 6.75208e-05 1.39988 9.1736 1.30388 8.28405 
7.34092 0.000667472 0.0273891 0.000362189 0.351168 0.020151 0.0326207 0.680106 0.408935 56.0424 1.28447 145.692 0.0145681 7.28748e-05 1.09354 14.8506 5.3006 3.35027 
0.481536 1.30557e-05 0.00250419 0.0131085 0.000632201 53.8441 0.000578303 0.0499142 0.0739963 0.0327623 0.0193398 49.1813 0.0981911 0.000666452 2.20506 33.1705 1.93709 2.48731 
0.000202988 3.08638 0.000435077 0.00731899 5.98358e-05 0.513862 0.000379442 0.409581 0.588963 16.184 1.03934 59.3743 0.00808395 9.80242e-05 1.38102 49.7159 2.45255 0.702992 
0.0268974 5.58851e-05 0.000676644 9.09347e-05 0.0782003 781.826 0.138407 5.51778 0.0406258 28.0215 4.59074 439.114 0.00830399 3.25458e-05 1.16983 5.71112 1.08646 1.91139 
2.84148 0.000367924 0.00439821 9.32373e-05 0.000287681 15.0786 0.000221262 4.66228 0.0508403 0.167646 0.138996 306.193 0.013936 4.52319e-05 1.57301 28.6051 1.48281 1.49968 
6.84114 0.000294228 1.06304 0.000387274 0.000365126 67.2256 0.146771 0.0235829 0.0168 0.0132674 0.19144 452.454 0.94515 0.00740529 8.7645 13.3393 1.67639 0.939445 
0.00169503 6.32789e-05 0.00463247 0.00761058 0.000800893 40.9813 6.55672e-05 0.377729 0.290376 5.38473 1.20602 135.175 0.0538543 0.000347184 3.78583 6.67208 0.907586 4.53757 
6.9959 2.3076 0.000359875 1.61589 0.0269777 3.39674 0.000156202 7.85804 0.835155 166.988 3.07942 274.544 0.00858759 0.00582256 1.43918 4.79212 2.30293 9.30777 
0.305166 0.000263993 2.38182e-05 0.543114 0.040667 1.01411 0.0213661 0.0578233 0.156037 0.147167 0.00217944 124.374 6.12029 0.000183697 1.78521 32.1878 1.27738 1.91807 
0.00141659 0.00629196 5.52132 0.776924 0.00213412 75.3296 8.15749e-05 0.025322 0.393221 312.556 4.36627 301.433 0.000284486 0.000322485 1.41968 4.32055 1.73701 4.0041 
7.66398e-05 0.000255547 0.228167 0.00082942 0.0058943 1.36025 0.000541073 5.89774 0.569457 55.636 0.379204 96.8457 0.0335521 0.00153801 0.543156 39.5417 1.41941 6.86086 
1.45565e-05 0.0254866 0.374116 2.59312 0.000298876 2960.31 1.10331e-05 0.621306 0.43962 10.9049 0.329866 171.215 0.201016 0.000109306 0.936395 32.3537 2.25317 1.26168 
4.11415 9.05675 0.00487089 0.00087632 1.29252e-05 1.35681 4.21425e-05 1.38685 0.138277 3.75937 0.200068 185.817 0.000358882 9.72834e-05 0.888051 36.5422 4.95645 2.18111 
0.245509 0.0145057 0.014858 0.000167525 1.4653e-05 0.776936 0.299173 2.03997 0.695706 3.64242 0.0256401 92.9109 0.453124 0.000139122 4.02863 10.8969 0.930101 4.00506 
0.00140537 0.0139046 6.13145e-05 0.0588205 0.000628418 0.0575142 0.00429961 0.73047 0.374704 133.149 0.809912 49.0532 1.19735e-05 0.000258411 0.749292 15.3298 1.19359 6.41009 
5.69871e-05 0.00360765 0.485999 0.00092233 0.00434298 1350.25 0.08663 3.66873 0.436898 76.7443 2.17397 392.199 0.00171861 0.00542298 2.4258 15.437 1.99993 4.02356 
0.810308 2.83069e-05 2.10419 0.0850253 1.11929e-05 15.8562 2.69897 0.157087 0.35371 0.262992 0.0293532 139.256 0.00173357 3.76232e-05 1.00037 48.4857 2.50848 0.869548 
7.63273 7.71526e-05 0.000269822 0.011068 0.000166841 1.92723 0.350327 3.50501 0.458724 15.9199 0.220201 462.609 0.160282 0.00563464 1.31831 6.14669 2.36931 3.22186 
0.000917705 0.075112 0.00236843 0.0232576 9.89345e-05 0.0651 0.056407 1.58845 0.147458 3.49719 0.470019 177.097 0.00124746 0.0473212 2.12676 25.2456 1.94451 1.89706 
1.62267 0.000196373 0.301417 8.20877e-05 0.0072652 10.4133 0.0454324 0.794024 0.0644743 23.5356 4.61077 450.528 0.000220785 0.00132086 1.22541 4.27927 2.64711 4.33127 
0.000393366 0.00650382 0.000362454 0.0025585 4.16036 0.0717269 0.000168995 6.61087 0.0116443 0.0105133 5.94963 60.493 0.000725058 0.000595528 0.896549 27.9645 2.65717 2.13787 
1.97816e-05 0.000814888 1.32368e-05 1.96181e-05 1.4522 0.597066 0.0517079 2.75174 0.0193394 0.0239723 9.6308 269.309 7.69726e-05 0.0234743 4.23866 7.22206 1.04432 3.85056 
0.0204792 4.55659e-05 0.000324255 0.000262731 1.56243e-05 0.0262127 0.00193179 5.57939 0.0376665 0.0415249 0.0895544 95.8526 0.000200656 0.00280521 1.19529 33.391 0.979324 6.63467 
0.000493482 0.0969398 0.0468992 0.000934128 5.14771e-05 5.25429 0.00012229 1.65943 0.861191 0.161047 0.0140768 232.798 0.000815051 1.28693e-05 1.83656 44.8022 2.05411 0.485353 
3.82333 4.50837e-05 0.000118741 0.000118388 0.00650923 360.787 3.32976e-05 1.62073 0.632762 182.467 0.539629 301.564 0.323295 9.37256e-05 1.76481 28.1449 1.74235 3.67055 
1.58705 5.66429e-05 3.77991e-05 7.78056e-05 0.119045 2.74666 4.53585e-05 5.26383 0.649866 1.43951 0.074544 66.5655 0.000811704 0.00499705 1.67325 21.489 1.5207 7.22394 
0.0175259 0.0015978 1.00101 0.275236 6.16558 0.0174995 0.000483843 0.592725 0.0732489 0.0955982 0.0273787 295.267 0.00258987 0.000200875 1.49556 8.52423 2.2685 1.05549 
0.000446731 0.000119325 2.33866e-05 1.03968 0.929136 0.020702 0.0380587 0.564658 0.0495698 5.34508 0.0935359 70.7814 5.82138e-05 1.11426e-05 3.76096 22.9715 0.821974 4.53463 
3.27219e-05 0.00917723 0.0430015 0.0461431 0.121407 1279.75 0.325265 0.763347 0.0865427 0.0694488 0.226057 100.944 0.00220066 0.000123122 2.08122 36.4725 1.94012 1.25359 
1.95817 0.0371888 0.00261152 0.0652935 1.90218 0.0113986 0.000360156 8.13547 0.206104 66.0526 7.6266 85.7392 0.0119891 0.000452142 0.800125 25.4262 1.65729 9.5289 
0.00800876 0.0465329 5.59852 9.70157 0.000358803 0.0178863 0.18111 7.44477 0.244301 0.185938 0.112279 163.108 2.22606e-05 0.000497409 3.90318 18.1938 1.4032 2.0744 
2.90603 8.88794e-05 9.09275e-05 4.11858e-05 2.69566 0.396873 0.543448 1.66265 0.16387 1.87602 0.907277 126.977 0.00590194 0.0264098 1.73442 7.24559 1.42828 7.15046 
0.00127333 0.000419544 1.59061 3.87642 0.000225521 44.9303 0.00337281 1.34896 0.219407 5.97922 1.15652 265.138 3.50338e-05 0.0024424 2.43823 24.8395 1.80373 0.710933 
0.000896798 0.944069 1.97948 0.0615911 0.0202121 0.349036 7.00295e-05 2.19124 0.67385 1.99409 0.0281441 472.429 1.45312 1.92882e-05 5.37806 2.80767 0.817401 8.64764 
0.0607967 0.00254984 3.852e-05 0.139371 0.000127023 0.252907 0.000119187 0.0402225 0.126545 0.0369168 0.0137502 76.8988 0.0504565 0.00755648 1.06598 27.9733 3.40077 1.84451 
0.0038305 0.622214 1.239 1.66082e-05 4.73153e-05 5.0535 0.00202533 0.258259 0.219898 21.2846 2.28309 58.3211 0.0357665 0.00903478 1.98719 22.1181 1.36923 4.48122 
0.785805 1.34954e-05 0.000308464 0.0441148 0.00146398 2.87859 0.622875 0.153691 0.110345 0.0526185 0.00861137 27.1714 0.000231895 5.24872e-05 0.935165 44.2187 1.28277 2.77517 
0.000103798 3.46291 2.24721 0.0368897 1.81143e-05 17.0425 0.000814096 0.0371369 0.0344441 0.496905 0.362401 69.4322 0.000125482 3.10794e-05 4.485 31.061 1.39623 1.7038 
0.000675905 0.00391105 0.0826167 0.153671 0.00257539 0.0583965 0.501474 4.82032 0.0129045 0.26041 3.96001 481.369 0.000358768 0.000149716 0.742467 24.4525 1.52272 1.27479 
0.887819 0.000124138 0.0686087 0.454093 0.0048103 32.3952 0.000428167 1.71624 0.596917 2.92205 0.152158 146.062 0.00555793 2.21448e-05 1.59619 28.0624 2.87953 0.876979 
0.00667591 0.00814966 0.00361091 0.0905477 0.938473 1080.47 2.04009 1.81513 0.346525 8.66387 0.0447111 399.952 4.15538e-05 5.41244e-05 0.731868 3.25947 2.80178 3.96848 
1.72465e-05 0.000315209 0.000210515 0.00297546 0.118705 0.255042 0.000794339 9.93695 0.245109 0.505636 0.0120375 416.199 0.00552392 0.000100164 1.83392 32.2949 1.55326 1.78416 
0.158808 1.37917 0.00295574 4.70325 0.000142386 554.462 0.259419 0.241642 0.699651 93.243 2.93997 60.0007 1.45664 0.00139373 2.15844 21.6355 1.51045 3.55076 
2.81298 0.395479 0.0407267 0.0520038 0.000186396 277.152 5.24672 0.406609 0.169838 5.84724 0.0365048 31.8445 0.00155608 0.00302309 0.910265 30.7824 2.7507 5.49414 
7.26937 1.03884 0.694489 0.0387392 0.00129878 0.64963 9.32561 0.415862 0.0867128 0.0998073 0.46764 34.2347 1.07285e-05 9.39876e-05 1.30444 13.9683 2.2491 6.56336 
9.54551 6.61888 0.00729877 0.00541822 0.00366215 0.118185 3.98577e-05 2.46997 0.0225546 0.212958 0.388586 404.899 0.000281521 0.000560699 1.35105 8.84943 2.47474 4.24306 
0.0213937 0.00371725 0.0064997 0.0112036 0.00105197 22.6352 0.00658674 0.251526 0.00913794 0.0171634 0.391854 45.4848 0.00554143 0.00172795 2.6691 49.8626 2.21781 1.48322 
1.05093e-05 1.18975e-05 0.00138688 0.00716362 0.000424769 0.0484404 1.88618e-05 0.694639 0.058039 0.0783967 0.0830042 56.0189 0.00176078 0.000541026 0.814842 42.4469 5.35678 6.86895 
9.29166e-05 0.0579357 0.652311 2.28841e-05 0.00102693 1681.02 0.000304024 0.182801 0.0115238 0.0466676 2.72631 156.799 2.05126e-05 0.0057529 2.66674 9.51829 1.25979 1.73318 
0.793407 6.08605e-05 1.20001 0.000550863 3.58476 1.16337 0.0560868 0.887316 0.0506522 0.579393 0.682792 414.631 2.00583e-05 7.19479e-05 5.93675 12.7997 1.20709 1.41234 
0.628532 0.0787292 0.0012925 0.000224318 4.23876 1016.8 1.96847 4.36007 0.437195 29.4635 5.53604 171.473 8.55137e-05 0.000126359 1.84129 9.77259 1.11729 4.15455 
0.354613 0.00131194 0.0472655 0.0226258 0.278398 6.49875 0.0125463 1.27809 0.00580711 1.59445 6.63733 70.9992 0.000124947 0.00181857 2.75043 30.267 0.985462 6.78994 
0.0203625 0.147012 0.345248 5.85322e-05 0.00110134 134.331 0.078979 0.987466 0.0845684 0.0327678 0.00954615 72.872 8.84567e-05 0.00205718 1.77301 49.2547 1.51682 1.43782 
2.98959 6.06605e-05 0.000356908 0.00367527 0.144827 1961.57 0.165687 0.184177 0.671583 297.571 0.680221 51.9245 0.89696 0.00244262 2.0247 21.7748 1.75437 7.89734 
0.000885087 0.000988518 2.41649e-05 0.0904028 0.000194654 0.764917 0.00910516 0.42003 0.00534494 5.54249 0.020413 0.325978 6.53705 0.000187093 1.01745 31.5485 1.77848 7.57374 
0.158313 0.0209466 0.000181244 0.000442536 0.061346 1041.7 0.177905 0.42257 0.0125473 0.0449553 7.27187 241.582 0.0600891 0.44386 2.88888 5.24184 1.4255 1.27111 
0.00298665 0.092312 0.000129303 6.16916 4.91124 223.748 0.00740091 3.23506 0.635692 0.521603 0.111732 140.895 0.0145494 0.00161296 2.08583 7.21089 1.40945 5.82592 
0.000461295 0.117989 0.0112346 1.7002 0.0717843 3.83062 0.00797327 4.08252 0.0140529 0.0326455 4.04351 437.447 0.000628032 0.00236022 1.5016 28.4069 2.10623 1.37597 
0.000535524 0.685771 0.000543295 0.000322675 2.04831 0.391264 0.31463 2.67178 0.339357 40.8664 1.02365 141.377 0.00947626 0.000919505 2.69355 29.0645 1.18847 2.49222 
0.0009317 0.0145495 0.000322523 5.22227e-05 3.27585 739.995 0.00763212 0.713979 0.120846 0.176002 0.129512 132.879 0.892384 0.0327189 1.87107 6.63679 2.09193 9.55769 
2.03176e-05 0.000212841 0.00179003 1.11877 0.03546 0.478976 9.2335e-05 0.573815 0.064743 8.00425 1.00998 9.3619 1.3397e-05 0.0282184 1.67067 38.3692 1.17167 8.59544 
8.94776 0.23018 0.000111767 8.07261e-05 0.00247233 0.598635 0.00152949 0.0350446 0.139534 134.494 7.57402 28.9014 0.00548157 0.000110787 6.085 37.5267 0.860993 6.83652 
0.000266001 0.00495636 0.000187286 0.0764301 0.0827615 1899.04 0.864029 0.846988 0.00256042 0.0337911 0.683742 260.542 0.00136589 1.1882e-05 1.36735 7.72019 1.10528 1.35437 
1.84734e-05 3.87153 6.54916 0.00962439 7.48606 82.0459 0.220696 1.23993 0.00556576 0.0720891 8.10203 47.3261 7.3917e-05 2.61762e-05 0.786954 35.6458 2.67862 2.50071 
0.00915782 0.555236 0.00763862 0.00206082 5.41743 18.282 0.00990577 1.65016 0.0728071 0.705119 2.39987 273.832 0.00259317 1.37798e-05 1.29892 20.8617 3.70906 0.953831 
0.000419821 7.06325e-05 0.00228523 0.0107086 0.949732 16.0686 0.00852774 0.289824 0.0357636 0.216772 1.97664 25.3353 0.000484577 0.0121884 1.16547 33.2894 1.29347 4.29286 
1.11683e-05 0.0858397 0.512665 0.00465905 1.63843e-05 0.257101 0.000308936 1.50385 0.392215 180.619 1.06222 179.795 0.00721098 0.0327046 1.26308 49.4428 1.66173 2.82418 
0.0104742 0.0988828 0.00540764 5.36904e-05 0.312095 0.0359113 0.00207717 4.09599 0.0736232 0.881998 5.98206 408.679 0.00149443 0.0657427 4.12957 4.82735 1.44673 1.93613 
0.0348562 9.9997e-05 0.119902 0.000171043 0.0144513 553.141 0.0740632 0.930106 0.850847 177.236 4.83186 351.968 5.58967e-05 0.000955653 3.18702 5.39623 1.21106 1.59005 
0.156396 0.000104927 4.47486 0.0394043 0.00162301 0.0762346 3.27959e-05 0.332263 0.337442 11.1112 1.39389 66.9971 0.0249101 0.00136035 2.89258 31.9549 1.16378 0.983422 
2.31773e-05 0.0580592 0.65801 0.500119 0.00524467 27.2073 0.000124005 0.444115 0.0331224 8.12877 0.699145 497.021 1.47884e-05 0.00106735 1.10275 5.47521 1.54408 1.79379 
0.0187851 1.31416 4.69104e-05 0.000629242 0.315479 21.0252 0.0850526 0.0451033 0.0185386 12.2163 0.340048 300.131 0.232018 0.00993255 1.08321 11.313 3.44314 1.42888 
0.0110977 1.45618e-05 3.8317e-05 0.00290069 0.0382141 1568.93 0.800931 0.354089 0.0141487 0.10572 0.324649 430.006 0.145702 0.0301184 1.66306 33.663 2.41514 0.289103 
1.27314e-05 0.000599036 0.000174212 0.0258419 0.00448531 0.0290984 0.266255 5.21896 0.149303 2.76447 1.38427 182.957 0.00126812 0.000595417 1.3251 17.5703 1.80166 0.698215 
3.04652e-05 0.962906 1.59932e-05 0.0432012 0.0030023 581.044 0.000625541 0.0158732 0.081679 24.0417 0.419251 26.1327 0.000283464 0.00156506 1.39223 28.8255 2.03054 9.79297 
0.00532927 0.269522 1.3723e-05 0.204286 0.000234926 0.321807 0.0210638 9.63521 0.0681131 1.48513 1.88685 186.847 0.00711733 0.000371424 0.893209 18.7312 2.13274 4.38531 
5.04288 0.0206924 1.16193e-05 0.0885398 2.69733 111.672 2.08568e-05 5.54537 0.0839572 0.560022 2.49827 144.759 8.98688e-05 0.0176269 3.2111 22.9157 0.999381 4.7611 
0.0957858 0.000922505 2.7722 4.91487 6.58678e-05 0.719596 0.0485916 2.33231 0.0170117 0.0630978 0.0384554 175.471 0.00107349 0.000532555 0.851516 6.77426 1.43038 7.55124 
3.40203e-05 0.173183 0.0320497 1.36902e-05 1.10489 0.0121371 0.0190562 0.573235 0.107733 68.5429 5.51311 75.4004 0.0032859 0.000412717 2.78123 16.064 0.999234 8.48012 
0.00032885 4.11096 0.00636758 1.15801 1.26507 1344.67 0.338705 1.61632 0.0808571 5.91034 4.46825 294.104 0.0145718 0.00204933 1.34224 35.5869 2.83265 1.23277 
0.0201822 0.536473 5.47147 1.94208e-05 0.130446 1054.43 0.0147572 0.115431 0.384401 52.0953 1.35932 132.325 0.0123836 1.22141e-05 1.00343 19.8581 2.21787 2.45814 
0.0420646 0.377827 5.81274 0.00165558 0.0884324 0.0284656 0.00966099 0.587392 0.794503 1.67302 0.031216 78.5634 4.9606 0.00435008 1.34132 42.0903 2.45336 0.970942 
1.10962 4.97663 0.953079 0.130475 3.58124e-05 0.272332 0.00352753 2.1753 0.00735316 0.0337686 1.20959 183.97 0.036689 5.09385e-05 1.17538 24.3167 2.78432 1.47904 
0.0299794 5.45536 0.18321 0.00346287 0.0257472 51.6083 0.00285359 0.0411476 0.00240748 0.119292 1.21989 457.905 0.349977 0.000679528 1.89549 10.1255 1.68511 0.386583 
0.317033 1.5567 0.000450134 0.0502886 0.151963 0.0107678 0.367259 4.06747 0.0248154 0.111363 4.82149 53.1622 1.68017e-05 0.0032838 3.03944 30.971 1.18769 4.16429 
0.000480241 3.50278e-05 0.000923691 4.42631 1.6107e-05 35.2273 0.00333169 3.27859 0.125523 7.62301 3.35798 175.598 0.00151604 3.01851e-05 5.54345 41.3073 0.844604 2.39844 
0.00200054 1.0748 0.0619692 0.000541828 0.00453795 0.839859 0.0215749 0.75064 0.0492765 1.74556 0.131488 383.678 0.00637438 0.00123319 1.05096 19.8291 7.89835 1.92784 
1.64491 2.02075e-05 0.000174561 0.51469 0.00112877 0.0246736 0.000730966 1.69894 0.210097 11.7439 0.2532 60.345 0.00038681 0.00191119 1.54793 15.3219 1.15181 7.68052 
0.00129709 0.0963299 5.52708 0.00540867 1.18635e-05 1.37228 0.0581989 0.0572897 0.303529 4.51705 0.388722 343.85 0.0907014 0.00191886 1.58342 33.4676 1.44182 0.351277 
0.000195666 0.501747 1.06407 4.15434 0.00139722 1.67693 0.234983 1.67118 0.0275098 0.3396 0.711566 172.399 0.115333 2.37778e-05 2.06874 48.0848 1.23615 0.662466 
3.17987 8.14496e-05 0.000789819 0.00642967 1.00473e-05 563.36 0.00314124 2.32947 0.962524 222.009 0.336449 411.899 4.26257e-05 0.0259659 2.11654 46.7078 1.20399 2.28411 
9.94566e-05 0.0193887 0.366694 0.3034 0.010559 0.174826 5.00046e-05 0.415205 0.0496919 19.1131 6.1751 78.8586 0.0136642 5.76414e-05 1.38751 18.8582 3.19741 5.55744 
6.59235e-05 0.00353597 0.000389549 0.0625198 0.0132835 0.0351669 0.000299967 1.53603 0.219882 0.163073 0.0371719 84.8432 0.00126532 0.000156782 4.19582 45.9513 0.936479 1.26469 
0.000557807 0.00673503 0.0104011 1.42159e-05 0.00341593 92.8199 0.00248865 0.069682 0.00377387 0.0145579 3.95885 101.788 1.60807e-05 0.0276316 6.99547 22.7178 0.881256 4.65041 
0.00311694 0.00242824 0.000395285 0.318011 8.62006e-05 11.173 0.187738 8.83159 0.52707 3.58921 0.162362 489.258 1.6672 0.00191975 3.45129 12.7952 1.35155 2.99815 
4.51303e-05 0.000826108 0.00239053 1.37208 9.41293 0.0445458 0.00126963 2.34216 0.0330205 33.9762 6.10215 61.594 2.39004e-05 0.0149881 1.22515 47.938 3.46245 1.07191 
0.0400134 0.00219534 3.46114e-05 0.000206983 0.00087398 2590.8 8.98979 2.35767 0.261888 0.046884 0.000457154 90.4643 0.000100674 3.38495e-05 1.08624 12.1934 2.23838 3.88487 
0.0607849 0.0110186 0.116874 0.463171 1.08067e-05 7.8575 0.00203929 0.962759 0.00952787 0.438744 7.17569 203.597 0.322709 4.45393e-05 1.82336 3.4715 1.41812 4.4963 
5.41517 0.00353077 0.0219662 0.118953 0.0290638 7.94572 0.0725348 2.00542 0.106969 0.168823 0.142349 258.417 0.00243729 0.0025645 2.86633 35.4953 1.99144 0.663121 
0.00331374 0.0391284 0.000772502 0.119667 9.80707e-05 4.38519 7.42076e-05 0.888876 0.428894 232.248 8.3075 337.808 0.245167 1.68894e-05 2.50973 47.8493 1.64476 0.296474 
0.000217512 8.44442 0.550594 8.27943 0.00113874 13.3902 0.000115972 0.464813 0.151817 0.220069 0.0127604 85.8703 2.47134e-05 0.000534001 1.39956 48.9115 1.54185 0.57706 
0.0123843 0.0380362 0.00391999 0.00256619 0.00328781 5.818 9.3412 0.950183 0.232866 0.128078 0.0156615 120.814 0.000175319 3.74055e-05 1.77773 11.7454 1.60362 3.99956 
0.000404583 0.0468326 0.0651972 0.000553382 0.00668531 182.028 0.00085092 2.49384 0.0161965 0.182011 6.22662 135.483 2.04231e-05 0.00133209 2.55096 21.6016 1.51628 5.80794 
5.55724 0.00886085 0.000283393 0.000127153 0.738715 6.9107 0.747575 2.15637 0.0365231 0.273783 0.110866 144.477 2.36459e-05 0.00273374 0.99369 29.4906 3.0113 1.74448 
0.0400955 6.36188e-05 0.00159079 0.307294 0.000613872 876.008 0.000629209 1.66043 0.0714248 1.30347 0.077969 46.2667 0.000395709 0.00386221 1.30353 33.4871 1.54249 1.21916 
1.19112e-05 0.00335963 0.0443392 0.000135898 0.000755675 391.76 0.0746561 2.03543 0.970922 2.22003 0.00592367 179.321 1.09797e-05 1.02351e-05 7.40717 30.0357 1.14133 2.07739 
4.22345 0.0340256 6.77591e-05 0.89171 0.000219164 0.016243 2.52327e-05 1.93189 0.00889244 0.024005 5.38632 90.9589 0.000108939 0.00560169 0.997504 37.2528 2.52252 1.76377 
3.57469e-05 1.96857e-05 2.28198e-05 0.253012 2.86671e-05 2.64877 0.143149 3.42438 0.0737381 4.5187 0.545725 401.091 2.53475e-05 2.1702e-05 7.25185 35.9327 1.27002 1.33 
0.493921 1.44847 0.0270609 0.000189779 1.00305e-05 55.4003 4.77846e-05 1.07717 0.0553972 0.361151 1.35792 341.699 0.00022114 0.01022 1.77828 8.41457 1.13735 1.91932 
0.491504 0.598782 0.00255587 0.000622976 6.30734e-05 1.01882 2.73532 0.363151 0.0163684 1.07945 3.2384 118.527 0.000641265 0.110126 3.50656 25.3521 1.41336 1.59575 
0.000391424 0.001878 0.000505938 2.97616e-05 0.00224258 18.8368 0.137084 0.941076 0.280437 3.52003 0.378295 70.6667 0.0275978 0.00080599 1.60696 20.6822 1.04489 5.63731 
4.48243e-05 0.0149002 6.49358e-05 2.76502 2.96338 986.345 0.000361565 2.86722 0.395823 30.2261 1.69424 55.7436 0.000266542 0.00277691 0.633627 23.4513 1.6038 5.79885 
0.000266318 1.27819 0.818857 0.119377 1.13323e-05 15.7634 0.00189779 0.789989 0.281017 0.0651863 0.00439132 27.6814 0.0670106 0.000366335 3.80886 45.3777 1.10658 4.58145 
0.00161748 0.00337632 0.000822543 0.00070015 0.777281 0.623306 0.000150336 5.10972 0.0188093 0.119797 8.03766 331.104 0.00105277 0.00019722 4.12074 25.1336 0.977335 1.24173 
0.0626257 0.0390797 0.0219368 4.49553e-05 0.60055 2657.65 5.81358e-05 0.343009 0.381578 35.2079 2.13889 136.032 0.0373533 0.00371032 1.29638 5.66029 2.93489 4.75605 
2.18529 7.29616e-05 0.591372 9.08161 0.791501 0.126345 0.0233914 1.93676 0.0223277 1.02577 2.77363 357.584 0.021052 0.000419219 0.933147 2.35776 1.53803 4.37791 
0.761757 0.244133 0.0689323 2.78132e-05 1.88088 0.0134719 0.000106674 0.758382 0.00795472 0.0198315 1.70321 203.57 4.37221e-05 0.00265322 1.08135 4.04116 3.22373 7.62392 
0.000108604 0.295268 2.20607 0.000646677 0.000214206 1.99082 3.75988 1.45659 0.790039 58.5072 0.19793 25.604 6.55604e-05 0.000540344 1.21257 41.0303 2.39582 2.43984 
0.172398 0.000797006 1.33848 0.0138941 7.73454e-05 66.9169 0.687447 0.723862 0.713318 250.671 3.59114 79.8964 0.0270552 2.21686e-05 5.05787 49.5969 0.919814 2.23128 
0.002709 2.01368e-05 9.22599e-05 0.000516716 7.89428 0.0156504 0.0045845 8.17492 0.00385684 0.0224709 6.03801 361.3 0.00851997 0.0305754 6.48884 22.7291 1.02773 2.14625 
2.65646 0.0103267 0.000659169 0.216485 0.000286971 0.639715 0.000290616 8.72515 0.0123299 0.0875994 0.456185 329.303 0.0173071 0.0020213 1.05019 15.9078 1.0893 4.7021 
0.000817953 0.111489 0.6028 0.0149894 0.0226099 52.2121 0.0240813 0.273367 0.527831 0.403597 0.002898 389.906 5.54374e-05 0.0150435 9.07384 10.9815 0.993591 2.41974 
0.0191673 4.33815 0.000519521 0.000754897 0.013315 54.3949 0.000436722 9.67126 0.0225537 0.0672228 0.79281 348.057 0.0607782 2.24444e-05 1.06606 14.3134 2.34891 4.00558 
0.000107598 0.0178546 0.458573 0.0137055 0.000216878 583.374 0.000663714 5.36425 0.902952 0.333096 0.0153101 249.725 0.581191 0.00207278 1.94113 10.1155 1.47441 8.59079 
0.811598 1.43797e-05 3.25512 2.49171e-05 3.04378e-05 12.9281 0.000169864 0.0866635 0.00553566 0.120459 1.08601 50.5071 2.00176e-05 0.000258965 0.976283 33.3611 1.44596 6.91852 
8.04345e-05 0.000298587 2.05919e-05 0.0099186 0.112245 1.99837 0.00552594 1.79111 0.00401272 2.42241 5.68672 186.453 0.00605336 0.00111125 1.80791 14.3068 1.26496 0.681011 
0.000273795 0.0192522 0.000976187 0.289442 2.18825e-05 0.349193 0.427595 1.36243 0.337746 205.519 7.81317 448.478 0.00544205 9.67689e-05 2.06674 17.7426 1.79481 0.766583 
0.00205579 0.270123 0.00163485 0.000545291 6.88224e-05 0.0349576 0.00059281 5.38119 0.0773872 1.45776 0.299083 348.314 0.000233709 0.0207918 1.22927 6.474 2.45402 3.79528 
0.118715 1.53589 0.0640779 4.97453 0.0414259 517.205 0.0017891 2.16212 0.505437 15.2167 0.669466 161.392 0.0298663 0.000308917 2.14632 13.1921 1.71462 1.55451 
0.00220809 0.000653123 0.00185243 0.0380642 2.82979 879.977 6.50005e-05 8.42213 0.398896 3.90954 0.383866 177.971 5.59719e-05 0.000107192 2.69424 26.5623 1.49054 3.92322 
0.000501823 0.00493059 0.0160971 1.3663e-05 0.914328 1416.21 5.99405e-05 1.62964 0.26789 1.46502 0.0232574 42.2367 0.00108853 0.00298315 0.870324 13.5377 1.19229 6.003 
0.00530246 4.1642 0.473631 3.64241e-05 1.83174e-05 0.463046 0.000678508 1.58777 0.15064 0.0818567 0.00200405 49.8846 0.00346061 0.000448014 0.842012 19.5641 2.32098 5.09277 
0.0318851 0.00395221 0.458606 0.000489068 0.000221951 1.02755 0.000545269 0.439543 0.284827 3.00074 0.0844006 151.687 0.000635879 0.032222 2.07267 15.7505 1.06014 1.29853 
0.000804048 0.963705 0.101888 1.9839 0.479645 19.6246 0.101545 3.70683 0.0240335 0.0141176 1.27827 295.549 0.000606426 0.109055 7.7761 31.7522 1.07278 1.16073 
0.325234 0.0255555 0.273436 0.023756 0.000284877 2226.5 2.33229e-05 0.643494 0.109076 2.55679 0.342047 41.6868 0.000386886 2.0756e-05 3.007 32.5133 1.3426 2.62687 
0.00732475 3.41607 1.09392e-05 0.125606 0.00230326 407.078 8.69124e-05 1.51008 0.0125951 0.0112493 0.0907012 99.9078 0.00653542 0.000740409 1.77422 27.8261 0.997183 4.17877 
0.0200801 0.000133074 0.000111371 2.60563e-05 0.0253069 0.564786 0.0435538 0.222434 0.189795 0.540841 0.0133082 66.8532 1.10298e-05 0.00534782 1.25376 16.6949 2.16722 7.05873 
8.31412e-05 0.0267301 0.000145454 0.00954475 1.57683 0.879313 0.00265096 4.50423 0.230978 161.419 3.91549 398.201 0.00739433 2.8228e-05 0.819111 40.1867 1.42205 0.810847 
0.00369567 0.24147 1.63793 2.60148 0.388485 3.20251 4.48843 1.23212 0.142125 39.8091 0.568321 56.119 0.0107234 9.48296e-05 1.11642 14.0138 2.08394 7.9668 
0.0260904 8.60658 0.002404 6.7732 1.41768 0.11317 0.0843483 0.784458 0.334807 15.2104 0.612499 35.1592 1.32062e-05 0.0254695 2.57747 29.516 1.96851 9.59112 
0.0291711 0.000297364 0.00642111 2.94051e-05 6.37357e-05 654.007 0.0999979 2.55482 0.594662 34.2851 0.521745 99.346 0.00612582 7.11848e-05 1.60829 17.6549 1.48911 9.73141 
2.5878e-05 0.000696279 0.000978999 0.00440693 0.0385748 11.1729 5.10943 3.65091 0.0244487 0.304429 6.30626 148.677 0.00953708 0.000224433 1.28563 8.82064 2.3139 4.29379 
0.00160512 0.00243272 8.28906e-05 0.00324095 2.10539e-05 1.03641 0.000469197 0.742355 0.0654118 1.42868 4.86871 179.144 0.000867959 4.79419e-05 1.3078 6.54352 1.69663 3.69768 
0.00203528 2.60648 4.55269e-05 0.000242524 0.523319 270.032 2.63726e-05 0.599856 0.0398663 1.37587 0.899717 52.0607 0.00400552 0.0111174 1.37523 26.8585 2.19981 3.02457 
0.000247098 0.0284979 0.00010765 1.27882e-05 2.8292e-05 1.83321 0.299475 2.59687 0.994905 47.3019 1.75004 134.812 0.398699 1.46937e-05 1.31326 19.6639 1.64004 3.95684 
0.000832113 0.00522573 5.60531 9.45721e-05 0.00805579 319.277 0.126992 0.794074 0.0352097 0.818861 0.0921201 485.06 0.0246674 0.000611036 1.92662 5.07764 1.19358 6.10311 
2.50048 0.865962 0.288609 5.03746e-05 1.15761 0.156228 0.0328071 3.08288 0.0862855 0.203593 0.37426 333.366 0.000246397 1.61159e-05 1.40229 13.0477 2.16964 0.787459 
0.00679362 2.2881 0.000106095 0.00901339 0.137358 0.131355 0.00032492 2.5291 0.0154371 0.0292222 0.275894 243.731 1.3213e-05 0.0226059 0.828467 15.0323 1.49557 4.03373 
0.57641 0.000212865 0.00944906 0.0313739 0.00190627 88.8457 0.00192368 0.211202 0.0665486 0.542434 0.279073 41.9302 0.000426159 9.51291e-05 2.7515 21.8566 1.44493 4.65624 
0.771188 2.64936 0.727855 0.0024474 5.74276e-05 794.536 0.000417143 0.0387683 0.0236961 3.56336 1.91139 131.22 0.000188223 0.141159 3.61069 7.02538 1.48229 9.09453 
3.13744e-05 2.28783e-05 1.98714 2.93036 0.000612134 1331.12 6.67598e-05 0.216831 0.0305558 1.42406 0.394351 52.0635 0.0080447 0.00155141 1.09844 28.374 1.19853 6.88153 
1.26255 0.0114617 4.30159e-05 0.0296651 0.00101223 137.629 0.0457969 0.508013 0.0915381 19.1512 2.94102 25.7624 5.65413e-05 0.00216156 1.58731 29.3741 0.997093 6.70894 
0.000643214 0.000212297 1.90612 0.00358611 0.015839 25.9387 0.000174793 4.15477 0.0526872 1.07451 0.0825424 123.685 0.102021 0.0175741 2.00115 27.8192 1.26687 3.1284 
0.000627734 4.95978e-05 0.000604335 0.0195261 0.00584275 2.11928 0.18774 0.250026 0.012601 0.0113414 7.68616 421.314 1.83563e-05 0.000970048 1.17578 2.86758 1.98141 2.14734 
0.000243 3.64176e-05 1.16056e-05 0.000100967 0.679523 0.0385284 0.229105 1.76428 0.0143494 0.0131707 8.74164 107.837 0.000343991 0.0835718 2.86815 35.7496 1.67481 0.875916 
0.00740477 0.00400765 0.00642336 0.524441 7.21772 0.125633 0.257912 2.38276 0.396884 1.81874 0.0339614 40.6527 3.34133e-05 0.018505 1.42843 23.207 2.93623 7.68553 
0.216018 0.226428 0.00753498 1.45438e-05 0.000963102 16.2067 0.218215 1.28826 0.00772571 0.0134833 9.67501 466.287 0.0647131 0.0388153 5.35594 4.63688 1.24546 3.07216 
0.112772 0.00311744 1.05407e-05 0.00994046 0.0427168 1.01018 3.64991 2.65702 0.0147948 0.1114 0.655149 277.905 0.0329709 2.64229e-05 3.34964 24.6308 1.28381 0.975312 
9.94707e-05 0.0505783 0.577119 0.00248618 0.000203846 1350.53 0.00288325 0.715888 0.0163954 0.61899 1.1224 385.332 0.0056764 0.000777193 3.37936 16.1418 1.24878 0.759191 
7.65357 0.000168923 0.000580805 0.000655699 0.563762 0.277852 3.37389e-05 0.812722 0.0219148 0.518837 1.48102 385.452 0.0607023 1.34449e-05 1.13564 3.72582 1.41138 2.47999 
0.000325206 0.000245518 0.180026 2.79928 0.000282308 0.038626 0.000228547 0.732896 0.398762 28.4853 0.73975 316.998 2.12997e-05 0.011463 2.06584 3.24944 1.03601 7.58106 
1.13495e-05 3.30044 0.00440179 3.60957 0.00131579 0.0108315 5.49724e-05 0.683623 0.147563 6.61744 1.01651 266.679 1.1884e-05 0.00053638 1.36686 3.97471 2.1625 2.24813 
0.00378065 3.22669e-05 2.42969e-05 1.64314e-05 0.0551622 0.225316 0.385099 1.51737 0.0817048 0.342927 0.182425 74.2706 0.374208 0.000460653 2.27382 35.8549 1.91686 2.31682 
0.0370006 0.351684 3.46149 5.08637e-05 4.94376 0.922394 0.134268 1.44318 0.250622 0.846974 0.0950219 43.9463 0.0127758 0.000303387 2.88924 39.0314 1.54694 2.55357 
0.216065 6.26209 0.000347578 5.06984e-05 3.17529e-05 0.0101322 0.000132398 2.56541 0.136708 21.4617 1.65893 122.058 0.00429588 0.000505471 9.05416 24.4217 1.05738 3.85983 
0.00032454 3.08012 0.0320186 0.000322812 6.06723 43.7841 1.22177e-05 4.22759 0.0734074 0.256836 0.169974 83.4125 1.62884e-05 5.61352e-05 1.64716 8.98094 1.68589 5.66603 
0.0303175 0.0405716 0.00683805 0.000145785 0.00418054 0.187854 0.0986813 0.0664227 0.0258607 0.0354613 0.189334 249.052 0.0698132 0.000353085 5.29634 9.36586 1.04499 1.6739 
0.0125637 3.23274e-05 2.147 0.0525073 7.72839e-05 21.2169 0.0182558 2.17413 0.12596 0.166007 0.164435 55.4067 0.000115748 0.006583 3.59162 25.0065 1.69781 3.87082 
2.17906e-05 6.59756 0.000644464 0.00136531 7.41065e-05 0.0722265 1.62616e-05 6.48626 0.0904285 1.56628 4.81176 178.435 0.00217942 0.00030349 3.2399 30.2353 1.28471 1.19433 
0.104107 0.258924 8.48245e-05 3.43225e-05 0.000956198 0.313439 7.24734e-05 2.8125 0.00391827 0.0450879 2.40012 273.884 3.27214e-05 3.89159e-05 0.627235 43.7152 1.53508 1.96635 
0.00402699 1.2995e-05 9.73454 0.0909975 0.00225554 75.7254 0.0218508 0.00332485 0.0124389 35.0135 8.17381 140.628 0.00018431 0.000413859 3.41862 24.9404 1.41681 0.923762 
1.24645 0.00116048 1.92561 0.0379638 0.312373 322.267 5.28088e-05 0.213215 0.0219726 0.246312 2.17175 323.28 0.0297491 0.00294188 2.27418 9.83915 1.45211 1.15215 
0.441127 0.00732242 0.000384514 0.000381759 0.469028 1918.01 0.000861278 2.62499 0.0243292 0.0317524 0.951454 246.492 1.00498e-05 1.01539e-05 3.50872 22.3261 1.2014 1.55116 
2.98772 0.00250587 2.7898e-05 4.50277e-05 0.00630277 605.402 0.0476724 0.23517 0.0156457 0.413455 4.72723 172.484 0.0343061 0.000737918 9.47591 20.4611 1.29877 2.09848 
0.000188601 0.16658 2.30452 0.0298585 1.12195e-05 0.032794 1.61045e-05 0.485882 0.00602978 0.0105458 0.248238 162.12 0.000257099 0.000173102 0.986017 31.5842 2.1885 0.601987 
7.2574 0.0179578 0.00119419 0.297839 0.000364881 0.0642354 0.297568 5.98667 0.00834669 0.0243401 9.27662 117.465 0.00165293 0.00296679 2.01904 17.5588 1.69684 2.89352 
0.0321424 0.000195178 0.0758246 5.89634 0.764877 319.769 6.78387 0.714366 0.0860803 3.52058 0.373689 284.68 9.51302e-05 0.00770146 2.05341 35.7505 1.68793 0.329217 
3.06802 0.494662 6.61019e-05 0.0328154 2.69999 4.13128 0.788666 7.34645 0.00290225 0.0238762 2.28041 220.642 0.00131303 0.00409977 1.35645 15.9663 1.96807 4.37343 
3.146e-05 0.0228956 0.0274082 0.0933824 0.00251489 27.8355 4.39969 1.29816 0.118431 0.260245 0.0690967 392.831 1.17761e-05 0.000600563 1.40543 22.5405 2.20513 0.43453 
0.179233 5.95778 0.207527 2.97236 0.0758089 1557.91 0.0223465 0.745663 0.799849 231.555 1.10504 252.052 0.135874 0.00554965 3.9821 6.04622 0.982485 2.77637 
1.02295 3.96935e-05 0.000181661 0.002355 0.519255 524.984 0.0733872 1.55531 0.0683558 3.84268 1.00629 478.072 0.000411721 0.00019643 1.89932 9.50363 1.24949 7.58783 
0.0195194 0.000185161 0.00652421 0.000282081 0.764076 0.0935878 0.0017015 1.36435 0.0488669 1.52871 0.118545 107.263 0.00852161 0.000161708 2.48637 14.7914 1.8033 2.55009 
0.000338971 0.000632011 0.0149393 0.000271398 0.000610135 0.0945077 0.000214152 1.33938 0.0161018 0.0558592 3.67083 148.464 2.31654e-05 0.00165097 1.03917 4.93463 2.63784 6.74632 
1.42798 0.00250374 0.00611448 3.72396 0.0155853 0.0916789 3.23756e-05 1.29084 0.0254993 6.48309 1.13515 64.8464 0.000118287 1.16199e-05 7.45719 27.7174 1.03615 9.36787 
0.192493 1.27391 0.0146328 0.131937 0.0202819 4.6604 7.88012e-05 0.262094 0.00133409 0.0156957 0.845676 63.8007 0.000869644 0.0944945 3.47886 19.9529 1.09113 7.84441 
6.5717 7.78419e-05 0.00188659 1.14652 0.00487651 1166.28 0.0967096 3.6884 0.195499 206.485 4.51687 344.735 0.322156 1.63702e-05 0.94451 20.1526 1.25673 5.99012 
0.331975 0.322401 0.283511 0.144081 0.000162852 654.833 0.000155154 5.18337 0.0354912 136.738 4.00783 172.542 2.46489e-05 0.0146161 0.773558 27.0603 1.32259 6.21677 
0.0233919 3.65868 1.89929 0.0129441 0.0145124 1969.96 3.79763e-05 4.86258 0.0530945 1.68925 1.97151 89.9266 0.00271306 5.00045e-05 0.810123 24.8106 1.79326 6.80214 
0.589359 0.000735175 0.00296529 0.0435736 0.00408731 208.856 2.50512e-05 0.839129 0.0305758 0.144104 0.0560007 290.256 0.00621946 0.0173934 2.57806 7.4363 0.9236 4.94797 
0.00103975 3.19059e-05 0.0347846 0.019752 0.541814 0.662255 0.0814525 3.00113 0.165085 49.1403 2.19579 35.3527 0.000236212 0.00139412 2.71211 23.2796 1.01968 7.09058 
9.62013e-05 0.00167402 1.33413 1.45508e-05 4.59705 0.0198733 0.00129503 1.77056 0.083594 38.4153 5.36164 93.6574 0.00360474 0.0140541 1.81827 27.4113 1.41638 1.70141 
0.000305099 1.03324e-05 0.476772 4.64762e-05 0.000741999 0.609669 0.0424662 0.469327 0.0135782 0.115461 0.318986 92.1528 0.000141284 0.000224592 0.938193 13.8051 1.24775 4.23991 
0.0816531 0.000714131 1.1147e-05 0.0142812 0.0243734 0.276326 0.0511166 0.856224 0.00936509 0.132267 2.88965 53.1071 0.000942958 0.00024766 0.966863 21.6865 2.02074 7.94153 
1.01258 5.51188e-05 1.12475 0.00152171 0.0129416 3.11712 0.269188 0.0520297 0.179548 2.70082 0.0722917 477.386 7.09306e-05 0.000100968 3.36585 2.15175 1.15449 4.20322 
9.89685 3.24163 0.000180174 0.000296247 2.32528 0.476797 9.88883e-05 0.710575 0.0169126 0.491128 1.22836 31.3683 0.138927 0.00299144 2.19404 21.9902 2.13448 7.94123 
0.517047 0.00221746 0.0280553 1.02111 8.81383e-05 10.2175 0.00183114 1.04776 0.469992 164.543 1.62653 86.0895 1.11933e-05 0.00479834 2.08091 16.6991 1.18158 6.14743 
0.0630464 6.33799 0.00237767 0.0022321 9.41851e-05 2.44906 0.00512924 0.33542 0.0148584 0.0302438 0.289635 284.348 6.3043e-05 3.64982e-05 6.71826 10.014 1.08641 2.51915 
0.112798 0.00060634 2.06309e-05 1.91721 1.41224 27.098 0.02491 5.41363 0.155706 32.1356 2.54869 344.049 5.72855e-05 0.00222198 0.969777 18.9157 1.34877 2.68567 
1.08946 0.0110505 0.00204701 0.000703595 0.0845147 62.6453 0.000107328 0.456237 0.108454 0.0762869 0.0156394 35.2346 3.97033e-05 0.000102262 1.83245 20.127 1.70752 6.15641 
0.000114398 0.00172854 0.000212857 0.00235268 0.000338874 226.918 0.695833 2.6578 0.904833 0.137732 0.00607653 440.373 0.00458601 0.00382946 4.83975 21.4469 1.38214 0.56275 
2.34681e-05 0.786598 0.00748287 0.00620072 0.000579839 573.449 2.66991e-05 3.4573 0.244802 20.1589 1.49803 390.018 3.73988e-05 0.000219924 7.3321 35.5316 1.40386 0.484697 
2.61791 0.00102721 0.018084 0.00439668 0.0769226 141.311 1.40402e-05 0.138862 0.0849288 1.53415 0.0305362 41.3585 0.109871 0.000340095 0.922287 24.9025 2.48008 7.73575 
0.558391 0.00393834 0.057774 4.93269 0.116053 11.78 1.62658e-05 2.22483 0.0326754 0.130084 8.02394 65.4367 1.40768e-05 0.00307945 4.30528 13.725 1.48152 3.84709 
0.0372514 0.00502451 8.28219e-05 3.69616e-05 1.0715e-05 1681.74 0.00242705 0.729498 0.0337599 0.627339 1.37498 169.346 4.7085e-05 0.000224795 0.994907 7.74305 2.08824 1.90037 
0.0253797 0.0185745 0.00245088 1.02191e-05 0.184875 269.674 3.93527 1.08144 0.301131 56.1997 1.09951 165.028 0.0387398 0.000866052 8.14051 43.2825 0.956077 2.40973 
0.000140808 3.25997e-05 3.35099e-05 0.000472164 0.00712757 2.08539 0.00928047 0.493277 0.92508 4.32438 0.00178399 23.0631 9.99031e-05 1.31783e-05 1.30364 38.446 1.59003 6.18168 
0.00250553 0.00346201 9.00782e-05 0.000225276 8.10533e-05 704.431 7.96277 0.0373784 0.0531624 2.37008 0.0450597 278.032 0.258477 0.00837279 0.999323 17.7585 3.06215 0.663729 
0.012095 9.05691 0.00360041 0.0730606 0.0182964 186.995 0.000160441 1.18408 0.591318 0.423587 0.022232 110.172 0.00315627 0.00189121 1.11021 12.9522 1.84728 2.06879 
2.98054 8.14817e-05 0.0493774 1.51779e-05 0.000154835 464.22 1.1662 4.39399 0.0940568 53.5448 5.96632 211.509 0.000322397 0.000122577 1.07031 35.8262 1.73161 6.27675 
0.342096 0.799352 0.436098 0.000411593 0.292642 9.96695 3.36648e-05 1.10857 0.0376964 4.53995 2.96368 207.636 0.000295572 3.49336e-05 0.871915 15.427 1.99437 2.29107 
0.0596348 0.00433262 9.46321e-05 1.20056 6.69927 0.0213237 9.92914e-05 6.40877 0.0408098 0.0806824 0.762826 86.7376 0.0292689 1.45851e-05 1.99568 44.203 1.55 0.825366 
3.3978 0.812446 3.87175e-05 0.057909 8.60943 0.0891753 0.00164593 1.38909 0.0213213 0.0299272 0.0988962 350.426 6.96414e-05 0.00201892 2.33959 12.8079 1.4077 0.547394 
0.000176346 0.0105992 0.00214223 7.73994 0.0960261 11.6455 0.00233535 2.48148 0.167681 0.808581 0.0458948 383.393 0.00241811 0.00248811 1.39778 9.75043 1.22811 3.07202 
0.000628792 0.0020423 1.0554 0.184786 1.71841e-05 4.60092 0.000815866 0.133629 0.202021 47.9028 4.1762 21.4237 0.000505689 8.01348e-05 1.03358 27.9364 2.15398 3.90798 
1.64537e-05 0.062652 8.06633e-05 0.00413591 0.0807657 44.9283 5.03092 0.100466 0.0331797 0.274266 0.269244 280.05 0.0281643 0.000193626 1.30327 18.7294 1.70942 0.739327 
4.81974e-05 2.02355 4.15606 0.000150037 0.00194194 1226.21 1.23005e-05 0.593013 0.70648 3.24039 0.0301442 165.416 0.0480475 0.00210194 3.18334 4.10723 1.04843 5.01468 
0.00483399 0.000292672 1.03358e-05 0.000261792 0.0576636 96.8613 0.0613955 0.756537 0.819371 3.03386 0.019535 241.15 0.00559046 0.00117574 1.20165 18.0214 2.21332 0.791375 
0.00798323 0.989042 0.00346458 5.7797e-05 0.0315756 14.6142 1.83374 0.140077 0.00387082 0.0409758 5.67576 40.59 0.000144941 0.00469184 4.5373 44.3606 1.18028 2.28832 
0.322845 0.237946 2.50133 0.00101944 0.723449 0.38111 0.079921 4.2786 0.140308 5.31591 0.710325 20.5895 0.000555821 0.00224789 1.28223 42.9626 1.14854 5.25159 
0.000160302 0.629469 0.015104 0.00159021 1.1774 53.9516 0.000553489 1.6835 0.195097 183.573 3.94545 116.634 0.136241 0.0453861 1.02549 35.578 2.54563 0.640592 
0.234024 3.88132 0.245256 0.00506113 0.00757017 0.357563 0.0204095 1.29094 0.264943 0.770835 0.186145 227.151 0.507004 0.00244952 1.10099 6.75959 2.37657 6.49266 
0.0267858 3.5664 0.00332902 4.26022 0.0628546 1235.88 0.00234111 2.30404 0.0105544 0.0144235 0.217683 393.27 0.0272815 0.010304 1.35264 3.26668 1.92494 5.68924 
0.000628487 0.0108982 0.000149353 0.199595 0.000342538 59.3343 0.000883524 0.408781 0.00656723 0.0113137 1.18066 24.1996 0.00204957 0.000373875 1.41362 30.0188 1.68965 6.79847 
2.53679e-05 1.09877 0.0203402 0.00195665 0.0136693 0.0116262 0.000182183 1.13329 0.0257284 0.290979 0.62454 163.506 0.000128478 0.0184746 1.01357 15.4918 2.41186 1.95445 
0.00329229 6.54112 0.885036 5.4724 0.00118461 327.181 3.71299e-05 0.658134 0.135126 1.52102 0.636653 89.3925 0.000189922 0.00395027 4.26013 45.5084 1.0991 1.00878 
0.023369 0.000310554 4.38708e-05 1.61707 0.000229615 0.0527635 1.73897e-05 4.59831 0.0262604 0.420917 0.762039 205.871 0.172803 2.44733e-05 1.40157 15.71 1.50815 2.44129 
0.00320251 0.295239 0.0013856 1.44804 2.38421 0.627647 0.50706 2.04644 0.0216645 0.755239 1.59429 14.6289 5.00941e-05 1.40757e-05 1.57429 43.8984 0.943567 9.08246 
0.252673 5.37674e-05 0.000163436 0.00324712 0.00623567 0.207433 0.12159 1.16936 0.216454 12.4951 0.226502 71.2473 0.000274402 2.4496e-05 1.10471 39.5349 1.41153 0.879676 
0.894202 0.740133 0.000516091 0.0283987 1.39346e-05 1059.54 2.13338e-05 0.65346 0.276457 370.39 2.32586 12.6464 0.0212561 0.000235721 1.35941 38.1971 0.97242 4.48805 
1.81919 2.85716e-05 0.0106496 0.233141 5.68207e-05 305.887 8.78421 3.67172 0.142068 0.371445 0.00392587 307.476 0.0564486 0.0148977 4.95799 32.112 1.07713 3.28443 
7.54787 0.000193441 0.0135181 0.0273336 1.23019e-05 3.02752 0.00193771 0.603507 0.0822946 3.05494 2.29935 382.466 0.000157621 0.0231833 1.03259 2.22227 2.41221 9.24379 
0.0184999 0.00984664 2.0177e-05 7.78553 0.000405105 12.048 0.0094208 0.325758 0.0522592 7.0841 0.519447 277.316 1.61194e-05 0.00429403 1.05846 29.7807 1.43708 1.87526 
3.75622e-05 0.0858851 0.131578 1.58461e-05 0.000306401 0.485057 1.02175 0.842884 0.188648 6.43972 0.140682 313.608 0.00131092 0.040238 1.70437 25.336 1.7916 0.2845 
9.72764e-05 1.1725 0.00324659 3.10186e-05 0.344029 1.51871 0.00128358 2.74104 0.074923 48.1086 2.10724 349.221 0.00296326 0.0148057 1.08285 9.49009 2.09607 1.04065 
0.0891231 0.000450066 0.179324 1.82874e-05 5.29773 72.3003 0.143914 2.35533 0.489863 151.406 1.10928 411.813 0.0792827 0.0502973 9.76493 35.0012 1.2968 0.548791 
1.84365e-05 0.95176 0.213096 0.125083 2.7024 21.5064 3.75482e-05 3.07291 0.0942858 24.131 1.69749 33.7335 0.000483839 2.12845e-05 1.50047 23.3713 1.36162 6.93401 
9.77958 0.000205771 0.0194823 3.67251e-05 0.000972419 98.5342 0.672617 0.0913997 0.0667923 9.07541 0.748002 91.7062 0.000800355 0.0504651 3.19054 9.74018 1.32197 7.20885 
3.00738e-05 0.000141666 1.45268 0.000277408 0.00283153 361.886 4.12754 0.300026 0.00976509 0.176539 6.60873 243.171 0.00806923 0.000281507 1.12616 3.6763 1.61437 2.71282 
2.20239 0.00314105 2.21263e-05 2.19053 1.38874 23.2553 0.0332396 1.00918 0.0219952 5.67376 1.06859 426.476 0.00758743 0.0138302 1.62539 10.2597 1.38531 1.73662 
