-81.33375286
-81.15017167
-80.92158391
-80.86312829
-79.85556233
-78.78353293
-77.46925903
-77.09663201
-75.2356304
-74.50149034
-73.24485579
-72.30873393
-71.00409536
-70.52054051
-70.13773995
-70.05481132
-68.69775652
-68.64153771
-68.29538169
-67.89529891
-67.71504887
-67.57376696
-66.82275594
-66.81967053
-66.36612892
-66.35442222
-65.84947298
-65.68273473
-65.65186809
-65.62282836
-65.41464076
-65.27094639
-65.07799478
-64.92966657
-64.2730008
-63.91604042
-63.55524939
-63.4501537
-63.44192919
-62.97464913
-62.49946312
-62.47116269
-62.39310831
-62.22230068
-62.0757215
-62.05929429
-61.94917037
-61.89601623
-61.81330351
-61.68602848
-61.53928086
-61.25658077
-61.14439193
-60.93844858
-60.81074634
-60.56548116
-60.45373792
-60.33110783
-60.23727399
-60.22849005
-59.96243932
-59.8705952
-59.81950761
-59.58153445
-59.5690377
-59.4403801
-59.36846635
-59.26211584
-59.03536451
-58.96409521
-58.86050444
-58.69309936
-58.45250009
-58.19390972
-58.08351254
-58.00938373
-57.97559118
-57.88311972
-57.8732625
-57.87045659
-57.75905876
-57.73115359
-57.7306006
-57.55604779
-57.49816381
-57.48294552
-57.47613711
-57.47061735
-57.34634516
-57.32172398
-57.28537387
-57.24794504
-57.23538557
-57.20774084
-57.19023131
-57.12453847
-57.0491771
-57.01091028
-56.94063657
-56.90205397
-56.83854799
-56.81355102
-56.8127852
-56.80312807
-56.79394583
-56.74715076
-56.74175136
-56.72153009
-56.68899877
-56.67118702
-56.58910402
-56.57338341
-56.56995054
-56.56420804
-56.50083474
-56.47642107
-56.4237696
-56.42303895
-56.40685006
-56.38626461
-56.32934377
-56.31855449
-56.29042138
-56.28472631
-56.28140504
-56.27177911
-56.26380026
-56.24751131
-56.24242725
-56.23988168
-56.18795962
-56.17033069
-56.16813078
-56.16626196
-56.15824497
-56.14346967
-56.13584044
-56.07177446
-55.99401525
-55.98750635
-55.97878381
-55.97808257
-55.96988291
-55.91804601
-55.88675977
-55.88270783
-55.86402732
-55.82768068
-55.82176056
-55.79294098
-55.77828545
-55.75982811
-55.72948044
-55.69660321
-55.69139421
-55.64586059
-55.63555213
-55.62615572
-55.52319555
-55.51984852
-55.51259629
-55.50849663
-55.49496154
-55.4582595
-55.44651432
-55.44082828
-55.43291485
-55.42392059
-55.40870579
-55.40074149
-55.39787354
-55.39682645
-55.39384884
-55.38659019
-55.36044298
-55.35289335
-55.35049485
-55.31895065
-55.31632043
-55.27729432
-55.27584492
-55.27310901
-55.26534678
-55.24924733
-55.24818366
-55.22868989
-55.18904511
-55.16274491
-55.15227463
-55.14278222
-55.13383635
-55.12609265
-55.12133863
-55.11119697
-55.10775597
-55.05852679
-55.05777793
-55.05464727
-55.04624885
-55.04326526
-55.03554367
-55.03370683
-55.03222287
-55.03218534
-55.03183539
-55.02584279
-55.02472139
-55.00889478
-54.99208094
-54.9903185
-54.97984144
-54.97377225
-54.97356151
-54.95752417
-54.92919504
-54.91829399
-54.90605902
-54.89166707
-54.88430368
-54.87715903
-54.87641111
-54.87620734
-54.87287493
-54.84787081
-54.84738495
-54.84038137
-54.83729847
-54.83587019
-54.81339021
-54.81185759
-54.81152115
-54.80194964
-54.79449481
-54.78737512
-54.77507739
-54.76487148
-54.75008373
-54.73810829
-54.73270793
-54.72891739
-54.70486918
-54.69586152
-54.68416066
-54.68210123
-54.67559783
-54.67525163
-54.67435452
-54.67142295
-54.66154493
-54.63659724
-54.63343809
-54.6316294
-54.60253551
-54.60021058
-54.59797297
-54.59206718
-54.58475349
-54.57258225
-54.57108097
-54.56455496
-54.54490561
-54.54458855
-54.53128506
-54.5237358
-54.49981999
-54.49729344
-54.46905162
-54.46755949
-54.46039361
-54.45997753
-54.45175573
-54.44977685
-54.44371564
-54.43689782
-54.421258
-54.41842318
-54.41364019
-54.40953232
-54.40652035
-54.38087533
-54.3540342
-54.34467713
-54.34302978
-54.33602654
-54.33371164
-54.33246425
-54.3075394
-54.304823
-54.29854684
-54.29348757
-54.29334665
-54.28397336
-54.27837933
-54.26025298
-54.25742354
-54.25604694
-54.25070238
-54.24735832
-54.24382551
-54.23990155
-54.22869994
-54.21694254
-54.20202361
-54.18991595
-54.18336492
-54.18296945
-54.17024324
-54.15871724
-54.14729014
-54.14055393
-54.13970911
-54.13231091
-54.12575272
-54.12189425
-54.11744746
-54.11017808
-54.1030709
-54.10182804
-54.09564372
-54.08799943
