1.47541 
1.0687 
0.840686 
1.07875 
1.03256 
1.1679 
0.938227 
1.06719 
1.43846 
1.30427 
1.63289 
1.35852 
1.12378 
1.42681 
1.15197 
1.01298 
1.06934 
1.20966 
1.44043 
1.21269 
1.49833 
1.25318 
1.02532 
0.962233 
1.02067 
1.49568 
1.19682 
1.25267 
1.07479 
0.97646 
1.30113 
0.896901 
1.06285 
1.41218 
1.51187 
1.64166 
1.1222 
1.17085 
1.25726 
1.08521 
1.32205 
1.2763 
1.35379 
1.52125 
1.13087 
1.09934 
1.54267 
1.17774 
1.06721 
1.3394 
1.05295 
1.23481 
1.12549 
1.18105 
1.16825 
1.14579 
1.27588 
1.47184 
1.433 
1.447 
1.26952 
1.732 
1.43633 
0.937378 
1.26505 
1.1299 
1.52356 
1.39892 
1.19705 
1.30171 
0.976148 
1.3325 
1.43366 
1.47309 
1.35704 
1.30614 
1.20593 
1.23514 
1.22718 
1.09599 
1.11936 
1.02929 
1.37548 
1.25303 
1.43984 
1.23256 
1.29687 
1.38232 
1.27483 
1.49791 
1.44304 
1.13927 
1.24667 
1.24894 
1.14077 
1.23247 
1.39205 
1.29039 
1.11395 
1.36285 
