-59.96243932
-59.8705952
-59.81950761
-59.58153445
-59.5690377
-59.4403801
-59.36846635
-59.26211584
-59.03536451
-58.96409521
-58.86050444
-58.69309936
-58.45250009
-58.08351254
-58.00938373
-57.88311972
-57.87045659
-57.75905876
-57.73115359
-57.7306006
-57.49816381
-57.47613711
-57.47061735
-57.34634516
-57.28537387
-57.23538557
-57.20774084
-57.19023131
-57.12453847
-57.01091028
-56.94063657
-56.83854799
-56.8127852
-56.80312807
-56.74715076
-56.74175136
-56.72153009
-56.68899877
-56.67118702
-56.58910402
-56.57338341
-56.56995054
-56.56420804
-56.50083474
-56.47642107
-56.40685006
-56.32934377
-56.31855449
-56.28472631
-56.27177911
-56.26380026
-56.24751131
-56.24242725
-56.18795962
-56.17033069
-56.15824497
-56.14346967
-56.13584044
-55.98750635
-55.96988291
-55.88675977
-55.75982811
-55.72948044
-55.69139421
-55.62615572
-55.51259629
-55.4582595
-55.44082828
-55.40870579
-55.39787354
-55.36044298
-55.35049485
-55.31632043
-55.27729432
-55.26534678
-55.24818366
-55.14278222
-55.12609265
-55.03370683
-54.99208094
-54.9903185
-54.90605902
-54.87641111
-54.81339021
-54.81152115
-54.76487148
-54.72891739
-54.69586152
-54.57258225
-54.54458855
-54.44977685
-54.20202361
-54.15871724
-54.13231091
-53.99892226
-53.8996126
-53.62731906
-53.5977931
-52.91152578
-52.4491789
