-81.33375286
-81.15017167
-80.92158391
-80.86312829
-79.85556233
-78.78353293
-77.46925903
-77.09663201
-75.2356304
-74.50149034
-73.24485579
-72.30873393
-71.00409536
-70.52054051
-70.05481132
-68.69775652
-68.64153771
-67.89529891
-67.71504887
-67.57376696
-66.81967053
-66.36612892
-66.35442222
-65.84947298
-65.68273473
-65.65186809
-65.41464076
-65.27094639
-64.92966657
-64.2730008
-63.91604042
-63.44192919
-62.97464913
-62.49946312
-62.47116269
-62.22230068
-62.0757215
-62.05929429
-61.94917037
-61.89601623
-61.68602848
-61.53928086
-61.25658077
-61.14439193
-60.93844858
-60.81074634
-60.45373792
-60.33110783
-59.96243932
-59.8705952
-59.5690377
-59.4403801
-59.36846635
-58.86050444
-58.69309936
-58.45250009
-58.08351254
-57.88311972
-57.87045659
-57.49816381
-57.47613711
-57.28537387
-57.23538557
-57.20774084
-57.19023131
-57.12453847
-56.83854799
-56.8127852
-56.74715076
-56.74175136
-56.72153009
-56.57338341
-56.56995054
-56.56420804
-56.50083474
-56.40685006
-56.32934377
-56.31855449
-56.28472631
-56.27177911
-56.26380026
-56.24751131
-56.24242725
-56.18795962
-56.15824497
-55.88675977
-55.51259629
-55.44082828
-55.40870579
-55.26534678
-55.24818366
-54.90605902
-54.87641111
-54.81339021
-54.72891739
-54.54458855
-54.15871724
-54.13231091
-53.99892226
-52.4491789
