1.45959 
1.43391 
1.3943 
1.25431 
1.55689 
1.26637 
1.41137 
1.4707 
1.30416 
1.29315 
1.3923 
1.21775 
1.25465 
1.38695 
1.35084 
1.40684 
1.09347 
1.37605 
1.32254 
1.49067 
1.37328 
1.31971 
1.26266 
1.10926 
1.26993 
1.20228 
1.1757 
1.31691 
1.19541 
1.30496 
1.6451 
1.3076 
1.06582 
1.59273 
1.24261 
0.952538 
1.37655 
1.32315 
1.19187 
1.10033 
1.063 
1.35188 
1.32385 
1.54857 
1.03793 
1.46041 
1.3805 
1.25725 
0.945843 
1.15439 
1.19453 
1.15992 
1.40838 
1.33754 
1.32395 
1.35459 
1.33921 
1.21167 
1.24702 
1.31872 
1.19192 
1.24366 
1.15799 
0.980489 
1.15239 
1.11631 
1.39248 
1.22856 
1.28621 
1.06176 
1.39054 
1.41423 
1.26807 
1.09726 
1.42046 
1.32884 
1.26666 
1.45539 
1.20985 
1.404 
1.21253 
1.1584 
1.41941 
1.34634 
1.24218 
1.22185 
1.11137 
1.37605 
1.31901 
1.08457 
1.28658 
1.34295 
1.09201 
1.43231 
1.51035 
1.56198 
1.49966 
1.1211 
1.11238 
1.25325 
1.22623 
1.42684 
1.23462 
1.26497 
1.26247 
1.20486 
1.37411 
1.4272 
1.26113 
1.41578 
1.13751 
1.21638 
1.25498 
1.19976 
1.41287 
1.29545 
1.24987 
1.29111 
1.38203 
1.14457 
1.32745 
1.31828 
1.43786 
1.41452 
1.33594 
1.1696 
1.37766 
1.4395 
1.24907 
1.32744 
1.18949 
1.19531 
1.41569 
1.27371 
1.18293 
1.33986 
1.26588 
1.11726 
1.49306 
1.20009 
1.46598 
1.05825 
1.28825 
1.31123 
1.25842 
1.21468 
1.48225 
1.24623 
1.00488 
1.31095 
1.22075 
1.24261 
1.28662 
1.517 
1.23353 
1.24245 
1.33471 
1.20773 
1.18606 
1.08853 
1.17266 
1.2135 
1.2656 
1.50882 
1.2892 
1.02255 
1.61321 
1.25157 
1.12368 
1.188 
1.32583 
1.2216 
1.47488 
1.25432 
1.316 
1.39833 
1.33348 
1.49162 
1.27591 
1.12795 
1.24822 
1.13588 
1.34503 
1.10819 
1.31564 
0.99312 
1.20612 
1.23966 
1.26208 
1.35066 
1.22088 
1.46973 
1.56788 
1.28852 
1.30712 
1.11376 
1.32512 
1.28972 
1.20476 
1.00889 
1.40567 
0.948101 
1.06 
1.57816 
1.27934 
1.05765 
1.31892 
1.23934 
1.22449 
1.22762 
1.40648 
1.38241 
1.11965 
1.08847 
1.10107 
1.34427 
1.17492 
1.3687 
1.05284 
1.26267 
1.1679 
1.19846 
1.13308 
1.06404 
1.11975 
1.35422 
1.28789 
1.4005 
1.28657 
1.28621 
0.965556 
1.19513 
1.38916 
1.16985 
1.27389 
1.27641 
1.26393 
1.29291 
1.17319 
1.06466 
1.2137 
1.22136 
1.2126 
1.15878 
1.32578 
1.5117 
1.37398 
1.23344 
1.4519 
1.27962 
1.31567 
1.27081 
1.19068 
1.28736 
1.17664 
1.19975 
1.10961 
1.23692 
1.39599 
1.26992 
1.04891 
1.44582 
1.4198 
1.42684 
1.36729 
1.23482 
1.24675 
1.58293 
1.52206 
1.57467 
1.1323 
1.33485 
1.19094 
1.10896 
1.26022 
1.09316 
1.24908 
1.39912 
1.17892 
1.31588 
1.20685 
1.40242 
1.46603 
1.28631 
1.21987 
1.22924 
1.05599 
1.13081 
1.06937 
1.31847 
1.21564 
1.27249 
1.0262 
1.15808 
1.38619 
1.28076 
1.39777 
1.40833 
1.26316 
1.2257 
1.38768 
1.24963 
1.11046 
1.39679 
1.17928 
1.27291 
1.3433 
1.4125 
1.21374 
1.33317 
1.43139 
1.11916 
1.03502 
1.19689 
1.05089 
1.51826 
1.33977 
1.33726 
1.1723 
1.13784 
1.28887 
1.38599 
1.29126 
1.30619 
1.30246 
1.44836 
1.06941 
1.18271 
1.40335 
1.01726 
1.1134 
1.34363 
1.40826 
1.20996 
1.13646 
1.36893 
1.18622 
1.20753 
1.49696 
1.17957 
1.26828 
1.29141 
1.32091 
1.2602 
1.10775 
1.206 
1.30414 
1.20056 
1.42465 
1.18768 
1.22133 
1.34792 
1.18711 
1.24363 
1.29564 
1.2443 
1.22365 
1.25581 
1.20471 
1.23385 
1.38449 
1.26811 
1.29891 
1.1111 
1.1994 
1.32851 
1.40212 
1.15897 
1.26066 
1.13172 
1.2502 
1.39648 
1.41524 
1.27763 
1.2991 
1.21541 
1.28183 
1.26182 
1.28255 
1.09292 
1.26331 
1.2734 
1.56192 
1.13815 
1.2327 
1.38566 
1.31037 
1.27341 
1.18875 
1.23031 
1.31463 
1.4582 
1.34212 
1.17463 
1.35997 
1.29322 
1.25381 
1.40657 
1.04174 
1.09671 
1.56907 
1.06821 
1.2103 
1.47791 
1.33195 
1.47182 
1.22133 
1.28055 
1.08502 
1.2299 
1.30214 
1.13669 
1.30016 
1.13965 
1.19113 
1.36 
1.29342 
1.41777 
1.4172 
1.36822 
1.33458 
1.16758 
1.31324 
1.32485 
1.14329 
1.33649 
1.24614 
1.42565 
1.37198 
1.23278 
1.26165 
1.16771 
1.34018 
1.17176 
1.3325 
1.31745 
1.31674 
1.17986 
1.3705 
1.14936 
1.33523 
1.20074 
1.33495 
1.26437 
1.50555 
1.28017 
1.1875 
1.40132 
1.29869 
1.35088 
1.05296 
1.33945 
1.00315 
1.35329 
1.1906 
1.1854 
1.01994 
1.44513 
1.31323 
1.50149 
1.24208 
1.30991 
1.2373 
1.29557 
1.42253 
1.37405 
1.35537 
1.25197 
1.25494 
1.30057 
1.50162 
1.31022 
1.30138 
1.4062 
1.47274 
1.16804 
1.36429 
1.26244 
1.44407 
0.988576 
1.26804 
1.42702 
1.41976 
1.36742 
1.36545 
1.34989 
1.22726 
1.26187 
1.37922 
1.39456 
1.18984 
1.28313 
1.23046 
1.36007 
1.22959 
1.2012 
1.40791 
1.21416 
1.22544 
1.3222 
1.0029 
1.01872 
1.48157 
1.22125 
1.34322 
1.30109 
1.24985 
1.40422 
1.15871 
1.27127 
1.2988 
1.1291 
1.11022 
1.27855 
1.46167 
1.186 
1.14746 
1.29554 
1.26495 
1.2609 
1.35066 
1.14831 
1.33618 
1.53158 
1.08324 
1.09681 
1.42766 
1.15056 
1.01356 
1.27712 
1.49294 
1.41051 
1.2919 
1.21371 
1.2365 
1.16553 
1.00518 
1.37469 
1.30354 
1.37718 
1.39445 
1.39081 
1.14834 
1.29057 
1.04785 
1.342 
1.38047 
1.41494 
1.33431 
1.35638 
1.26055 
1.24435 
1.21912 
1.26391 
1.3367 
1.3722 
1.23875 
1.27724 
1.17584 
1.33613 
1.32241 
1.39271 
1.44426 
1.37623 
1.27531 
1.2202 
1.32268 
1.07841 
1.24456 
1.33037 
1.17334 
1.25187 
1.11699 
1.13601 
1.18922 
1.30854 
1.44918 
1.2532 
1.4927 
1.23517 
1.16068 
1.24045 
1.29461 
1.12166 
1.25707 
1.31005 
1.33274 
1.24222 
1.01195 
1.12239 
1.26773 
1.25817 
1.35652 
1.22517 
1.2979 
1.18897 
1.10253 
1.33887 
1.10025 
1.12034 
1.49801 
1.36249 
1.22972 
1.28993 
1.21941 
1.31507 
1.22164 
1.38073 
1.10705 
1.15641 
1.20283 
1.01549 
1.20345 
1.24272 
1.14549 
1.35299 
1.22513 
1.45296 
1.21207 
1.31978 
1.25576 
1.32632 
1.39849 
1.26496 
1.16906 
1.29943 
1.11008 
1.24157 
1.2201 
1.35426 
1.18304 
1.09155 
1.15268 
1.0276 
1.57929 
1.33799 
1.47525 
1.22928 
1.21978 
1.09897 
1.19782 
1.44255 
1.27109 
1.36978 
1.34531 
1.41811 
1.24662 
1.2539 
1.28012 
1.42053 
1.23194 
1.43067 
1.31063 
1.43012 
1.1256 
1.23181 
1.13597 
1.21548 
1.3081 
1.10527 
1.23039 
1.42005 
1.11287 
1.30814 
1.19887 
1.28907 
1.29819 
0.975492 
1.23047 
1.29181 
1.31483 
1.2813 
1.34046 
1.26738 
1.26736 
1.29588 
1.33337 
1.23648 
1.29815 
1.42226 
1.13012 
1.13911 
1.14251 
1.18629 
1.10077 
1.31871 
1.3116 
1.02455 
1.15168 
1.29365 
1.33219 
1.3117 
1.18545 
1.10518 
1.25381 
1.22156 
1.21355 
1.13778 
1.25515 
1.47429 
1.47468 
1.18722 
1.12951 
1.40422 
1.04642 
1.2443 
1.23346 
1.30692 
1.03668 
1.17448 
1.26019 
1.26266 
1.13878 
1.0917 
1.22395 
1.44062 
1.18178 
1.25297 
1.36368 
1.25226 
1.21445 
1.29837 
1.15083 
1.37036 
1.31566 
1.47393 
1.27555 
1.05309 
1.43819 
1.2327 
1.28394 
1.1902 
0.983383 
1.45749 
1.2773 
1.42545 
1.23764 
1.09621 
1.01343 
1.26789 
1.17127 
1.5026 
1.41827 
1.47731 
1.36305 
1.24085 
1.28982 
0.94031 
1.25776 
1.24955 
0.979113 
1.32983 
1.054 
1.4805 
1.47371 
1.22485 
1.42917 
1.4848 
1.28155 
1.418 
1.06355 
1.25807 
1.20161 
1.37718 
1.15246 
1.47029 
1.31831 
1.25393 
1.38574 
1.16764 
1.36474 
1.38951 
1.09821 
1.23619 
1.44207 
1.45451 
1.18031 
1.32437 
1.20605 
1.23911 
1.2396 
1.20317 
1.312 
1.22426 
1.25173 
1.3402 
1.34679 
1.29784 
1.11063 
1.11807 
1.34194 
1.27505 
1.43273 
1.28199 
1.18034 
1.25689 
1.41803 
1.43136 
1.26184 
1.1492 
1.12996 
1.40989 
1.34598 
1.1679 
1.14779 
1.27306 
1.09233 
1.19202 
1.22803 
1.26643 
1.21166 
1.28097 
1.20885 
1.26214 
1.16394 
1.31123 
1.38865 
1.48413 
1.10868 
1.2289 
1.38187 
1.12337 
1.31225 
1.31521 
1.35132 
1.38912 
1.27317 
1.30084 
1.16085 
1.29197 
1.3352 
1.32973 
0.9958 
1.17168 
1.13792 
1.32492 
1.15588 
1.50355 
1.18307 
1.24266 
1.09612 
1.2029 
1.34569 
1.34762 
1.42715 
1.073 
1.37391 
1.14826 
1.25744 
1.25244 
1.26047 
1.23213 
1.08452 
1.39129 
1.2667 
1.32456 
1.27712 
1.17072 
1.29535 
1.31687 
1.21782 
1.44472 
1.22541 
1.26849 
1.11727 
1.15383 
1.15023 
1.13259 
1.27783 
1.44621 
1.40126 
1.10542 
1.16673 
1.4704 
1.20118 
1.27362 
1.32225 
1.21411 
1.15007 
1.24712 
1.2244 
1.20783 
1.09772 
1.36566 
1.11628 
1.46238 
1.29048 
1.24157 
1.34636 
1.29825 
1.23039 
1.26921 
1.33227 
1.20361 
1.29689 
1.44352 
1.22657 
1.26638 
1.23781 
1.38327 
1.38034 
1.35638 
1.05074 
1.1719 
1.25948 
1.44663 
1.27273 
1.39054 
1.18311 
1.30239 
1.21639 
1.24352 
1.14184 
1.26584 
1.13973 
1.2586 
1.37618 
1.24091 
1.42899 
1.13433 
1.08493 
1.29987 
1.09361 
1.31689 
1.1707 
1.26184 
1.30484 
1.23532 
1.26833 
1.30235 
1.12282 
1.13846 
1.52597 
1.35146 
1.42275 
1.14976 
1.37278 
1.37859 
1.27289 
1.19878 
1.21011 
1.20022 
1.29492 
1.29255 
1.42099 
1.37333 
1.4249 
1.11445 
1.19821 
1.22196 
1.33621 
1.25297 
1.32477 
1.16711 
1.29684 
1.33008 
1.21528 
1.10694 
1.19481 
1.12698 
1.19574 
1.1947 
1.2732 
1.18492 
1.23754 
1.26668 
1.23221 
1.30387 
1.26841 
1.26984 
1.20458 
1.1593 
1.37603 
1.26283 
1.23598 
1.48825 
1.3722 
1.21099 
1.26686 
1.22019 
1.18896 
1.14613 
1.34324 
1.1385 
1.19698 
1.27728 
1.35764 
1.37657 
1.23083 
1.19489 
1.15254 
1.28168 
1.18913 
1.19351 
1.30899 
1.16589 
1.25552 
1.2213 
1.23811 
1.15539 
