-54.22869994
-54.21694254
-54.20202361
-54.18991595
-54.18336492
-54.18296945
-54.17024324
-54.15871724
-54.14729014
-54.14055393
-54.13970911
-54.13231091
-54.12189425
-54.11744746
-54.11017808
-54.1030709
-54.10182804
-54.09564372
-54.08799943
-54.08704913
-54.08595744
-54.08069311
-54.07495065
-54.07387282
-54.03552815
-54.01953553
-54.0144578
-54.00809785
-54.0073683
-53.99892226
-53.97653554
-53.96624131
-53.95238423
-53.93953126
-53.93628142
-53.93166175
-53.92563789
-53.91957144
-53.91697478
-53.8996126
-53.89281352
-53.88182839
-53.873264
-53.84766933
-53.83351493
-53.82935898
-53.8254059
-53.80287492
-53.78570962
-53.77021828
-53.75368525
-53.74876315
-53.7461865
-53.74542102
-53.74219558
-53.74098653
-53.69823823
-53.69791907
-53.68927268
-53.68236184
-53.67805283
-53.649845
-53.62731906
-53.61022928
-53.5977931
-53.45384503
-53.45341209
-53.4490838
-53.44581937
-53.44256565
-53.4081813
-53.40172859
-53.39865569
-53.36364978
-53.35368284
-53.34227389
-53.32492941
-53.32409626
-53.2824858
-53.21228442
-53.18338851
-53.17541975
-53.14161773
-53.12123785
-53.03440662
-53.02775261
-52.95084862
-52.91539262
-52.91152578
-52.84061845
-52.76505505
-52.68650397
-52.68089436
-52.64609096
-52.55106387
-52.52527438
-52.4491789
-52.35945022
-52.25750034
-52.12463077
