0.656868 
0.721038 
0.72579 
0.681834 
2.03595 
0.696179 
0.769961 
0.729655 
2.07258 
0.776034 
0.646123 
0.696423 
2.22839 
0.7191 
2.00023 
1.87748 
0.729732 
0.865898 
0.772263 
0.817623 
0.778294 
2.00189 
0.848084 
0.97893 
1.81099 
1.68031 
1.79287 
0.741006 
0.778781 
0.86616 
0.934146 
1.91162 
1.80821 
1.87618 
0.983953 
1.66971 
1.87491 
1.78478 
1.78922 
0.727396 
1.69782 
1.66812 
1.73304 
1.80139 
1.6852 
1.0063 
0.974948 
1.15533 
1.57796 
1.7608 
0.838675 
1.0495 
1.80517 
1.55034 
1.71357 
0.973802 
1.02013 
0.971012 
0.8049 
1.36199 
1.31749 
1.63247 
1.74937 
0.975799 
1.93969 
1.28525 
1.0687 
0.840686 
1.07875 
1.03256 
1.43846 
1.63289 
1.35852 
1.12378 
1.15197 
1.01298 
1.06934 
1.20966 
1.44043 
1.25318 
0.962233 
1.49568 
1.07479 
1.35379 
1.09934 
1.54267 
1.14579 
1.27588 
1.43633 
1.39892 
1.19705 
0.976148 
1.3325 
1.47309 
1.20593 
1.02929 
1.38232 
1.27483 
1.13927 
1.36285 
