-67.71504887
-67.57376696
-66.82275594
-66.81967053
-66.36612892
-66.35442222
-65.84947298
-65.68273473
-65.65186809
-65.62282836
-65.41464076
-65.27094639
-64.92966657
-64.2730008
-63.91604042
-63.55524939
-63.4501537
-63.44192919
-62.97464913
-62.49946312
-62.47116269
-62.22230068
-62.0757215
-62.05929429
-61.94917037
-61.89601623
-61.81330351
-61.68602848
-61.53928086
-61.25658077
-61.14439193
-60.93844858
-60.81074634
-60.56548116
-60.45373792
-60.33110783
-59.96243932
-59.8705952
-59.81950761
-59.5690377
-59.4403801
-59.36846635
-58.96409521
-58.86050444
-58.69309936
-58.45250009
-58.08351254
-57.88311972
-57.87045659
-57.73115359
-57.49816381
-57.47613711
-57.47061735
-57.28537387
-57.23538557
-57.20774084
-57.19023131
-57.12453847
-57.01091028
-56.83854799
-56.8127852
-56.80312807
-56.74715076
-56.74175136
-56.72153009
-56.67118702
-56.57338341
-56.56995054
-56.56420804
-56.50083474
-56.40685006
-56.32934377
-56.31855449
-56.28472631
-56.27177911
-56.26380026
-56.24751131
-56.24242725
-56.18795962
-56.15824497
-56.13584044
-55.98750635
-55.88675977
-55.51259629
-55.44082828
-55.40870579
-55.26534678
-55.24818366
-55.03370683
-54.90605902
-54.87641111
-54.81339021
-54.81152115
-54.76487148
-54.72891739
-54.54458855
-54.15871724
-54.13231091
-53.99892226
-52.4491789
