1.52356 
1.5472 
1.22896 
1.03805 
1.19748 
1.13821 
1.39892 
1.25287 
1.36286 
1.33495 
1.19705 
1.2109 
1.28551 
1.29131 
1.30171 
1.47407 
1.07363 
1.40886 
0.976148 
1.31886 
1.3325 
1.13512 
1.06776 
1.43366 
1.47309 
1.35704 
1.43134 
1.30614 
1.20593 
1.23514 
1.04177 
1.22718 
1.37204 
1.52 
1.13946 
1.47829 
1.30643 
1.34985 
1.1268 
1.09599 
1.17573 
1.11936 
1.5431 
1.32825 
1.46797 
1.02929 
1.13126 
1.63799 
1.40499 
1.04929 
1.22662 
1.33772 
1.31273 
1.37548 
1.25303 
1.20387 
1.43984 
1.49946 
1.23942 
1.18908 
1.47791 
1.23256 
1.33747 
1.29687 
1.38232 
1.4027 
1.27483 
1.27123 
1.3498 
1.03131 
1.49791 
1.44304 
1.28924 
1.13927 
1.22935 
1.28153 
1.23436 
1.24667 
1.24894 
1.30392 
1.41537 
1.47898 
1.21496 
1.33189 
1.29952 
1.14077 
1.23247 
1.39205 
1.375 
1.29039 
1.17988 
1.31697 
1.32117 
1.27068 
1.18406 
1.11395 
1.30016 
1.21209 
1.20807 
1.36285 
