-81.3338
-81.1502
-80.9216
-80.8631
-79.8556
-78.7835
-77.4693
-77.0966
-75.2356
-74.5015
-73.2449
-72.3087
-71.0041
-70.5205
-70.1377
-70.0548
-68.6978
-68.6415
-68.2954
-67.8953
-67.715
-67.5738
-66.8228
-66.8197
-66.3661
-66.3544
-65.8495
-65.6827
-65.6519
-65.6228
-65.4146
-65.2709
-65.078
-64.9297
-64.273
-63.916
-63.5552
-63.4502
-63.4419
-62.9746
-62.4995
-62.4712
-62.3931
-62.2223
-62.0757
-62.0593
-61.9492
-61.896
-61.8133
-61.686
-61.5393
-61.2566
-61.1444
-60.9384
-60.8107
-60.5655
-60.4537
-60.3311
-60.2373
-60.2285
-59.9624
-59.8706
-59.8195
-59.5815
-59.569
-59.4404
-59.3685
-59.2621
-59.0354
-58.9641
-58.8605
-58.6931
-58.4525
-58.1939
-58.0835
-58.0094
-57.9756
-57.8831
-57.8733
-57.8705
-57.7591
-57.7312
-57.7306
-57.556
-57.4982
-57.4829
-57.4761
-57.4706
-57.3463
-57.3217
-57.2854
-57.2479
-57.2354
-57.2077
-57.1902
-57.1245
-57.0492
-57.0109
-56.9406
-56.9021
-56.8385
-56.8136
-56.8128
-56.8031
-56.7939
-56.7472
-56.7418
-56.7215
-56.689
-56.6712
-56.5891
-56.5734
-56.57
-56.5642
-56.5008
-56.4764
-56.4238
-56.423
-56.4069
-56.3863
-56.3293
-56.3186
-56.2904
-56.2847
-56.2814
-56.2718
-56.2638
-56.2475
-56.2424
-56.2399
-56.188
-56.1703
-56.1681
-56.1663
-56.1582
-56.1435
-56.1358
-56.0718
-55.994
-55.9875
-55.9788
-55.9781
-55.9699
-55.918
-55.8868
-55.8827
-55.864
-55.8277
-55.8218
-55.7929
-55.7783
-55.7598
-55.7295
-55.6966
-55.6914
-55.6459
-55.6356
-55.6262
-55.5232
-55.5198
-55.5126
-55.5085
-55.495
-55.4583
-55.4465
-55.4408
-55.4329
-55.4239
-55.4087
-55.4007
-55.3979
-55.3968
-55.3938
-55.3866
-55.3604
-55.3529
-55.3505
-55.319
-55.3163
-55.2773
-55.2758
-55.2731
-55.2653
-55.2492
-55.2482
-55.2287
-55.189
-55.1627
-55.1523
-55.1428
-55.1338
-55.1261
-55.1213
-55.1112
-55.1078
-55.0585
-55.0578
-55.0546
-55.0462
-55.0433
-55.0355
-55.0337
-55.0322
-55.0322
-55.0318
-55.0258
-55.0247
-55.0089
-54.9921
-54.9903
-54.9798
-54.9738
-54.9736
-54.9575
-54.9292
-54.9183
-54.9061
-54.8917
-54.8843
-54.8772
-54.8764
-54.8762
-54.8729
-54.8479
-54.8474
-54.8404
-54.8373
-54.8359
-54.8134
-54.8119
-54.8115
-54.8019
-54.7945
-54.7874
-54.7751
-54.7649
-54.7501
-54.7381
-54.7327
-54.7289
-54.7049
-54.6959
-54.6842
-54.6821
-54.6756
-54.6753
-54.6744
-54.6714
-54.6615
-54.6366
-54.6334
-54.6316
-54.6025
-54.6002
-54.598
-54.5921
-54.5848
-54.5726
-54.5711
-54.5646
-54.5449
-54.5446
-54.5313
-54.5237
-54.4998
-54.4973
-54.4691
-54.4676
-54.4604
-54.46
-54.4518
-54.4498
-54.4437
-54.4369
-54.4213
-54.4184
-54.4136
-54.4095
-54.4065
-54.3809
-54.354
-54.3447
-54.343
-54.336
-54.3337
-54.3325
-54.3075
-54.3048
-54.2985
-54.2935
-54.2933
-54.284
-54.2784
-54.2603
-54.2574
-54.256
-54.2507
-54.2474
-54.2438
-54.2399
-54.2287
-54.2169
-54.202
-54.1899
-54.1834
-54.183
-54.1702
-54.1587
-54.1473
-54.1406
-54.1397
-54.1323
-54.1258
-54.1219
-54.1174
-54.1102
-54.1031
-54.1018
-54.0956
-54.088
-54.087
-54.086
-54.0807
-54.075
-54.0739
-54.0629
-54.0355
-54.0195
-54.0145
-54.0081
-54.0074
-53.9989
-53.9765
-53.9662
-53.9524
-53.9401
-53.9395
-53.9363
-53.9317
-53.9256
-53.9196
-53.9182
-53.917
-53.9148
-53.8996
-53.8928
-53.8826
-53.8818
-53.8733
-53.862
-53.8508
-53.8477
-53.8335
-53.8294
-53.8254
-53.8029
-53.7857
-53.7702
-53.7537
-53.7488
-53.7462
-53.7454
-53.7422
-53.741
-53.6982
-53.6979
-53.6893
-53.6824
-53.6781
-53.6498
-53.6357
-53.6273
-53.6122
-53.6102
-53.5978
-53.5092
-53.4538
-53.4534
-53.4491
-53.4458
-53.4426
-53.4082
-53.4017
-53.3987
-53.3915
-53.3636
-53.3537
-53.3483
-53.3423
-53.3249
-53.3241
-53.3189
-53.2924
-53.2825
-53.2745
-53.2123
-53.1834
-53.1754
-53.1416
-53.1212
-53.1151
-53.0344
-53.0278
-52.9508
-52.9154
-52.9115
-52.8546
-52.8406
-52.7651
-52.7521
-52.6865
-52.6809
-52.6461
-52.6281
-52.5511
-52.5253
-52.4492
-52.3595
-52.2575
-52.1246
