-85.9489
-85.7653
-85.5367
-85.4782
-84.4707
-83.3987
-82.0844
-81.7118
-79.8508
-79.1166
-77.9642
-77.0281
-75.7235
-75.2399
-74.8571
-74.7742
-73.4171
-73.3609
-73.0148
-72.6147
-72.5387
-72.3974
-71.6464
-71.6433
-71.1898
-71.1781
-70.6731
-70.5064
-70.4755
-70.4465
-70.3425
-70.1988
-70.0059
-69.8576
-69.2009
-68.8439
-68.4832
-68.3781
-68.3698
-67.9026
-67.5316
-67.5033
-67.4253
-67.2545
-67.1079
-67.0915
-66.9813
-66.9282
-66.8455
-66.7182
-66.6757
-66.393
-66.2808
-66.0749
-65.9472
-65.7019
-65.5902
-65.4675
-65.3737
-65.3649
-65.2031
-65.1113
-65.0602
-64.8222
-64.8097
-64.6811
-64.6092
-64.5028
-64.2761
-64.2048
-64.2055
-64.038
-63.7974
-63.5389
-63.4285
-63.3543
-63.3205
-63.2281
-63.2182
-63.2154
-63.2083
-63.1804
-63.1798
-63.0053
-62.9474
-62.9322
-62.9253
-62.9198
-62.7956
-62.7709
-62.8388
-62.8014
-62.7889
-62.7612
-62.7437
-62.678
-62.6026
-62.5644
-62.4941
-62.4555
-62.4963
-62.4713
-62.4705
-62.4609
-62.4517
-62.4049
-62.3995
-62.3793
-62.3467
-62.3289
-62.3511
-62.3354
-62.3319
-62.3262
-62.2628
-62.2384
-62.1858
-62.185
-62.1688
-62.1483
-62.1956
-62.1848
-62.1567
-62.151
-62.1477
-62.138
-62.1301
-62.1138
-62.1087
-62.1061
-62.1585
-62.1408
-62.1386
-62.1368
-62.1288
-62.114
-62.1064
-62.0423
-61.9645
-61.958
-62.0536
-62.0529
-62.0447
-61.9928
-61.9615
-61.9575
-61.9388
-61.9025
-61.8965
-61.8677
-61.9573
-61.9389
-61.9085
-61.8756
-61.8704
-61.8249
-61.8146
-61.8052
-61.7022
-61.6989
-61.7959
-61.7918
-61.7783
-61.7416
-61.7298
-61.7241
-61.7162
-61.7072
-61.692
-61.684
-61.7854
-61.7844
-61.7814
-61.7741
-61.748
-61.7405
-61.7381
-61.7065
-61.7039
-61.6649
-61.7677
-61.7649
-61.7572
-61.7411
-61.74
-61.7205
-61.6809
-61.6546
-61.6441
-61.6346
-61.7299
-61.7222
-61.7174
-61.7073
-61.7038
-61.6546
-61.6539
-61.6507
-61.6423
-61.6393
-61.7359
-61.734
-61.7326
-61.7325
-61.7322
-61.7262
-61.7251
-61.7092
-61.6924
-61.6907
-61.7844
-61.7784
-61.7782
-61.7621
-61.7338
-61.7229
-61.7107
-61.6963
-61.6889
-61.6818
-61.7853
-61.7851
-61.7817
-61.7567
-61.7562
-61.7492
-61.7462
-61.7447
-61.7223
-61.7207
-61.8246
-61.8151
-61.8076
-61.8005
-61.7882
-61.778
-61.7632
-61.7512
-61.7458
-61.742
-61.8223
-61.8132
-61.8015
-61.7995
-61.793
-61.7926
-61.7917
-61.7888
-61.7789
-61.754
-61.8551
-61.8533
-61.8242
-61.8219
-61.8196
-61.8137
-61.8064
-61.7942
-61.7927
-61.7862
-61.8708
-61.8705
-61.8572
-61.8496
-61.8257
-61.8232
-61.795
-61.7935
-61.7863
-61.7859
-61.8819
-61.8799
-61.8739
-61.8671
-61.8514
-61.8486
-61.8438
-61.8397
-61.8367
-61.811
-61.8885
-61.8791
-61.8775
-61.8705
-61.8681
-61.8669
-61.842
-61.8393
-61.833
-61.8279
-61.932
-61.9227
-61.9171
-61.8989
-61.8961
-61.8947
-61.8894
-61.886
-61.8825
-61.8786
-61.9717
-61.9599
-61.945
-61.9329
-61.9263
-61.9259
-61.9132
-61.9017
-61.8902
-61.8835
-61.9869
-61.9795
-61.973
-61.9691
-61.9647
-61.9574
-61.9503
-61.949
-61.9429
-61.9352
-62.0286
-62.0275
-62.0222
-62.0165
-62.0154
-62.0045
-61.9771
-61.9611
-61.956
-61.9496
-61.9489
-61.9404
-61.9181
-61.9078
-61.8939
-61.8817
-61.8811
-61.8778
-61.8732
-61.8672
-61.8611
-61.8597
-61.8585
-61.8563
-61.8411
-61.8343
-61.8241
-61.8234
-61.8148
-61.8035
-61.7923
-61.7892
-61.775
-61.7709
-61.7669
-61.7444
-61.7272
-61.7117
-61.6952
-61.6903
-61.6877
-61.6869
-61.6837
-61.6825
-61.6398
-61.6394
-61.6308
-61.6239
-61.6196
-61.5914
-61.5772
-61.5688
-61.5538
-61.5518
-61.5393
-61.4507
-61.3954
-61.3949
-61.3906
-61.3873
-61.3841
-61.3497
-61.3433
-61.3402
-61.333
-61.3052
-61.2952
-61.2898
-61.2838
-61.2665
-61.2656
-61.2605
-61.234
-61.224
-61.216
-61.1538
-61.1249
-61.1169
-61.0831
-61.0628
-61.0566
-60.9759
-60.9693
-60.8924
-60.8569
-60.853
-60.7961
-60.7821
-60.7066
-60.6936
-60.628
-60.6224
-60.5876
-60.5696
-60.4926
-60.4668
-60.3907
-60.301
-60.199
-60.0662
