-825.2363231
-825.2358068
-825.2317092
-825.2274313
-825.2253815
-825.222472
-825.219979
-825.2189151
-825.2181536
-825.2109617
-825.2073029
-825.2010689
-825.1992617
-825.1985224
-825.1907214
-825.1906794
-825.1874799
-825.1871033
-825.1829154
-825.1828346
-825.1798889
-825.1790972
-825.1775873
-825.1729186
-825.1708573
-825.1698615
-825.1675156
-825.1616623
-825.1592157
-825.1478827
-825.14729
-825.1460198
-825.1438969
-825.1418797
-825.1385668
-825.129112
-825.1284499
-825.1242029
-825.1228873
-825.1228331
-825.1180806
-825.1127761
-825.1120378
-825.1092229
-825.1062227
-825.0921805
-825.0906119
-825.0899643
-825.0878589
-825.0861936
-825.0848829
-825.0796958
-825.0742534
-825.0678709
-825.0638936
-825.0545525
-825.0483762
-825.0479408
-825.0403953
-825.0401018
-825.0368726
-825.0333988
-825.0332261
-825.0322807
-825.0304449
-825.0302243
-825.0202075
-825.0176499
-825.0169882
-825.015807
-825.008379
-825.0082944
-825.0025705
-825.0021656
-825.0005186
-825.0002194
-824.9953653
-824.9855711
-824.984818
-824.9832838
-824.9817332
-824.9812259
-824.9798165
-824.9774612
-824.9774263
-824.9725508
-824.9689385
-824.9648437
-824.9614771
-824.9603133
-824.9561672
-824.9544914
-824.9492296
-824.9453876
-824.9448044
-824.9401314
-824.9378082
-824.9354516
-824.926411
-824.920141
-824.9189224
-824.915407
-824.9120777
-824.9066985
-824.9021912
-824.8959076
-824.8894726
-824.8821821
-824.8815788
-824.8748666
-824.8575861
-824.8531468
-824.852543
-824.8498651
-824.8496352
-824.8487919
-824.8472526
-824.8454722
-824.843177
-824.8429493
-824.8427797
-824.8416171
-824.8336039
-824.8270509
-824.8261163
-824.8243956
-824.8221326
-824.8174945
-824.8113046
-824.8086831
-824.7962069
-824.7947056
-824.7916645
-824.7907482
-824.7836762
-824.7742276
-824.7686649
-824.7676907
-824.7657408
-824.7640597
-824.7558436
-824.7518201
-824.7479435
-824.7464471
-824.7462808
-824.74508
-824.7434708
-824.743406
-824.7425941
-824.7331667
-824.7246739
-824.7213411
-824.720778
-824.7200303
-824.7175456
-824.7150214
-824.7029318
-824.6973144
-824.6971002
-824.6959665
-824.6953149
-824.6949939
-824.6937148
-824.6922239
-824.6906826
-824.6857764
-824.6755936
-824.6744482
-824.6697132
-824.6692931
-824.6667022
-824.6611138
-824.6610094
-824.6567162
-824.6559567
-824.6499473
-824.6465997
-824.6457501
-824.643924
-824.6364724
-824.6298894
-824.6249138
-824.6209688
-824.6209561
-824.62056
-824.6137832
-824.6113187
-824.6051649
-824.6042898
-824.6039848
-824.6010263
-824.5952229
-824.5937226
-824.5851561
-824.5759844
-824.5700694
-824.5632157
-824.5590647
-824.5547415
-824.5526956
-824.5494538
-824.5446445
-824.5391265
-824.5264484
-824.5231981
-824.5035243
-824.4864824
-824.4844555
-824.4812182
-824.4811465
-824.4741471
-824.4725724
-824.4724639
-824.4701653
-824.4666641
-824.4664144
-824.4644742
-824.462305
-824.4608895
-824.4579664
-824.456622
-824.4521934
-824.4515266
-824.4504512
-824.450278
-824.4435433
-824.4329915
-824.4328603
-824.431215
-824.4259339
-824.4235016
-824.4233883
-824.4231263
-824.405694
-824.405113
-824.4042184
-824.4034821
-824.3848598
-824.3827137
-824.3784779
-824.3702063
-824.369697
-824.3483494
-824.3435015
-824.3398106
-824.334742
-824.3337456
-824.3232506
-824.3208929
-824.3166662
-824.3158778
-824.3155013
-824.3136146
-824.2988387
-824.2980333
-824.2911111
-824.2727756
-824.2640065
-824.2584449
-824.2581657
-824.2578114
-824.2549718
-824.2461548
-824.2376693
-824.2350776
-824.2343593
-824.226479
-824.2255973
-824.2242287
-824.2219393
-824.2177729
-824.2163796
-824.2140777
-824.2111431
-824.2106329
-824.2087987
-824.204109
-824.2018419
-824.1897929
-824.1885218
-824.1695255
-824.168675
-824.1685757
-824.1684857
-824.1660172
-824.1608923
-824.1548233
-824.1488663
-824.1423691
-824.1344085
-824.1341185
-824.1337377
-824.127458
-824.1229535
-824.1225832
-824.0989413
-824.0922742
-824.0922702
-824.0789879
-824.0656747
-824.0613743
-824.056878
-824.0565085
-824.0437319
-824.0422285
-824.0390116
-824.0336039
-824.0280613
-824.0279586
-824.0248214
-824.0240365
-824.0207566
-824.0184328
-824.0112731
-824.0025526
-823.9977311
-823.9946203
-823.9931109
-823.9919428
-823.986098
-823.9783968
-823.9654607
-823.9643458
-823.9617091
-823.9614113
-823.9600206
-823.9578343
-823.9545666
-823.9419608
-823.9375105
-823.9359622
-823.9286142
-823.9258809
-823.9213321
-823.904086
-823.8999875
-823.8978571
-823.8940962
-823.8909668
-823.8896443
-823.8859624
-823.8857204
-823.8841327
-823.8822185
-823.8789974
-823.8720227
-823.8669574
-823.8611763
-823.8507899
-823.841162
-823.827111
-823.8253679
-823.8196086
-823.8093917
-823.8093193
-823.785941
-823.7824044
-823.7558139
-823.7288153
-823.7113534
-823.7105406
-823.703587
-823.7022647
-823.7019354
-823.7011042
-823.6987599
-823.6976324
-823.6974079
-823.6947754
-823.68491
-823.6813541
-823.6802697
-823.679305
-823.6702248
-823.6589239
-823.6378867
-823.6233753
-823.6116526
-823.6086267
-823.6005355
-823.595109
-823.593655
-823.5854325
-823.5829743
-823.5817792
-823.5755471
-823.5725555
-823.5711577
-823.5706048
-823.5492523
-823.5457495
-823.5442834
-823.5424103
-823.5178758
-823.493144
-823.4860346
-823.4722047
-823.4644142
-823.4576809
-823.4503956
-823.4480456
-823.44516
-823.4171498
-823.4043324
-823.3951187
-823.3689813
-823.3683742
-823.3491816
-823.3433464
-823.340758
-823.3385523
-823.2574209
-823.2471704
-823.2444266
-823.2435223
-823.2329462
-823.2294409
-823.2033019
-823.1635235
-823.1632788
-823.1632171
-823.1521071
-823.1318858
-823.1274888
-823.1239895
-823.1143307
-823.1045843
-823.0832002
-823.079279
-823.0643023
-823.0609081
-823.0576402
-823.057269
-823.0501638
-823.0465711
-823.0366761
-823.004073
-822.9833995
-822.9754492
-822.9739938
-822.9716273
-822.9440728
-822.9404913
-822.8896544
-822.8747242
-822.8555663
-822.8522848
-822.8449828
-822.8366654
-822.8360687
-822.8314221
-822.8257915
-822.8100668
-822.7893206
-822.7612344
-822.7380961
-822.7368272
-822.7193021
-822.7146432
-822.7142728
-822.7119139
-822.7077288
-822.6949323
-822.6472704
-822.6333441
-822.6280886
-822.6234668
-822.6137737
-822.5983704
-822.5617934
-822.5531726
-822.521659
-822.514377
-822.4881098
-822.4472582
-822.4347937
-822.4176471
-822.4139453
-822.3985027
-822.3118354
-822.2943895
-822.2839741
-822.2613926
-822.2500762
-822.1927659
-822.0881018
-822.0406641
-821.9530316
-821.9280634
-821.8769955
-821.8085831
-821.6656321
-821.6459053
-821.5781246
-821.4296453
-821.3479423
-821.3407924
-820.9799578
-820.4498155
-819.6824906
