0.119882 0.44398 44.4618 4.7928 
0.158661 0.579051 41.1178 4.49795 
0.153292 0.580131 41.6006 4.2042 
0.139572 0.507032 45.8866 4.99665 
0.13046 0.460469 43.0545 4.51384 
0.158192 0.670866 41.6569 4.04805 
0.119387 0.493518 34.9561 3.72064 
0.106327 0.423478 31.16 3.45857 
0.0903326 0.29017 40.8157 4.96446 
0.13416 0.335926 36.5061 3.77461 
0.152535 0.485873 40.5897 4.53839 
0.103969 0.288683 44.888 5.20311 
0.148996 0.585925 38.143 4.05043 
0.0959059 0.493908 35.1984 3.57464 
0.12873 0.53605 44.0565 4.97272 
0.0975037 0.413949 48.4067 4.96946 
0.139656 0.403367 47.5028 5.27632 
0.111322 0.622006 39.4533 4.14532 
0.111467 0.526249 43.7283 4.52869 
0.11726 0.625736 39.6695 4.02745 
0.149115 0.633881 39.1825 3.91291 
0.138791 0.415763 42.6717 4.92058 
0.116862 0.620518 44.5646 4.77536 
0.161243 0.433207 46.9553 5.24565 
0.115056 0.461536 45.1052 4.48215 
0.0924125 0.361988 41.1545 4.42773 
0.187355 0.570918 50.544 5.36185 
0.132945 0.495953 34.9023 4.00481 
0.141508 0.47471 37.0848 4.09777 
0.0964196 0.25801 39.8006 4.4632 
0.0845845 0.415919 41.6172 4.54933 
0.128801 0.272209 46.6431 4.96765 
0.134098 0.586818 39.1118 4.18308 
0.134325 0.469792 38.9852 4.45849 
0.105877 0.608971 37.7188 4.24926 
0.0995767 0.595031 50.8376 5.07301 
0.152976 0.48278 41.4991 4.12913 
0.121671 0.644379 43.3158 4.28048 
0.0852013 0.287566 37.2016 4.19788 
0.146969 0.30134 39.8706 4.44682 
0.145195 0.49275 45.4261 4.752 
0.0968866 0.203466 39.3786 4.7797 
0.163539 0.466446 40.5623 4.34293 
0.117329 0.556638 36.4558 4.28608 
0.141775 0.549451 39.3261 4.3349 
0.127386 0.517006 45.4645 5.07335 
0.12778 0.368004 39.5583 4.66076 
0.114294 0.473613 43.5758 4.93447 
0.111428 0.485519 41.9389 4.30754 
0.115021 0.337647 34.2062 3.87684 
0.1743 0.396816 40.132 4.34692 
0.173018 0.522059 46.2251 4.8003 
0.137545 0.505956 40.8403 4.00209 
0.135378 0.443953 37.8051 4.0981 
0.102724 0.354867 34.7162 3.60746 
0.156445 0.354793 43.3755 4.66649 
0.128622 0.2953 41.9212 4.96818 
0.122758 0.540595 44.9695 4.50601 
0.127333 0.521616 35.6549 3.93486 
0.183383 0.62706 38.6097 4.20019 
0.123459 0.240699 42.6799 4.80525 
0.118583 0.356379 40.9508 4.4873 
0.151754 0.381875 35.7609 3.85887 
0.117328 0.258387 40.1091 4.44115 
0.118643 0.386036 39.9269 4.71145 
0.119009 0.571903 41.3194 4.32032 
0.124764 0.450677 42.8868 4.93031 
0.0984695 0.399635 32.7523 3.77506 
0.131681 0.351268 38.2718 4.72182 
0.142263 0.462414 43.1739 4.78175 
0.108486 0.274538 36.5833 4.19007 
0.130194 0.4628 45.968 4.75414 
0.0983467 0.312712 34.6761 4.09711 
0.117891 0.48193 41.8754 4.50628 
0.133811 0.429155 36.4655 3.89892 
0.15417 0.474905 36.6178 4.21205 
0.135524 0.28207 35.0726 4.08787 
0.0854858 0.36685 37.9491 3.96565 
0.151764 0.56096 40.3594 4.11532 
0.149106 0.433933 35.3093 3.71261 
0.172317 0.434326 41.5325 4.433 
0.165587 0.65074 43.3896 4.44834 
0.0943715 0.387164 44.7494 4.69757 
0.111336 0.353179 44.5481 5.04435 
0.120154 0.479311 40.0235 3.95966 
0.116277 0.347642 37.9662 4.24807 
0.100781 0.484811 38.0176 4.10528 
0.113218 0.383004 39.2061 4.24264 
0.127786 0.537554 44.3994 4.25005 
0.109165 0.371316 45.6748 4.86078 
0.0938464 0.33057 34.7963 3.7822 
0.164958 0.630201 35.4615 3.79261 
0.11539 0.57623 41.1044 4.19828 
0.129618 0.363202 43.5478 4.41584 
0.113122 0.357412 33.7339 4.23833 
0.147907 0.486709 48.3405 5.04075 
0.131245 0.417315 42.7392 4.41265 
0.170812 0.341886 35.2261 3.84947 
0.144751 0.558711 36.7772 4.02618 
0.111619 0.326457 37.178 4.12327 
0.146134 0.424112 43.9287 4.5554 
0.149573 0.385491 45.1418 5.11422 
0.0883263 0.276622 37.1284 4.32084 
0.111145 0.406172 44.9323 4.62264 
0.100249 0.557412 37.5466 3.99217 
0.145347 0.34267 38.7972 4.22409 
0.0965364 0.391488 41.0666 4.73573 
0.140333 0.506889 46.8952 5.26567 
0.131164 0.462922 42.3032 4.39577 
0.134775 0.616679 36.4019 3.58875 
0.131148 0.320716 41.0874 4.4705 
0.163495 0.502606 35.3097 3.70228 
0.165567 0.539672 42.6458 4.17777 
0.18172 0.594603 39.0246 4.17077 
0.159515 0.445247 41.7288 4.49423 
0.0865816 0.326939 42.5752 4.31843 
0.129021 0.442084 44.7048 4.65615 
0.193324 0.520984 42.1237 4.67801 
0.132266 0.439648 40.9493 4.57063 
0.137278 0.422484 39.7833 4.36573 
0.131843 0.557643 47.7351 4.65546 
0.154381 0.375687 39.6433 4.17882 
0.119744 0.365427 49.8642 5.37606 
0.139277 0.560815 38.5328 3.97318 
0.148824 0.560579 37.8487 3.63831 
0.0931627 0.367884 37.8718 4.18008 
0.147839 0.62508 42.2068 4.35005 
0.12745 0.468833 46.4093 5.2041 
0.127688 0.583742 34.2947 3.86812 
0.10679 0.456133 38.2656 3.91339 
0.124129 0.527872 47.4643 5.15961 
0.144099 0.431911 38.8 4.01302 
0.11046 0.250307 36.8648 4.16898 
0.134134 0.622204 48.4125 4.61123 
0.138003 0.539939 33.0829 3.70238 
0.14329 0.359407 39.4994 4.08356 
0.152638 0.494458 38.4644 4.06881 
0.156462 0.34926 37.0159 3.92479 
0.137896 0.38474 43.2012 5.16674 
0.103314 0.483644 45.7056 4.86523 
0.0981046 0.294294 33.1907 4.16732 
0.0962406 0.316904 36.5958 4.42076 
0.0942758 0.405011 44.6165 4.97596 
0.13393 0.487236 41.0879 4.17341 
0.144585 0.675171 39.272 4.21538 
0.172946 0.466369 38.0276 4.42439 
0.0839388 0.383486 42.6188 5.11677 
0.183599 0.558233 41.1303 4.1999 
0.0860522 0.517156 41.6575 4.58552 
0.132136 0.33489 35.824 4.17862 
0.123985 0.299615 34.876 3.7883 
0.137158 0.373236 44.0642 4.86954 
0.136532 0.407794 39.8864 4.32611 
0.153623 0.434422 40.4207 4.57052 
0.106821 0.573355 37.6108 3.86313 
0.154612 0.529744 46.7731 4.68368 
0.167399 0.438313 39.0528 4.13352 
0.129927 0.348587 36.3884 3.56752 
0.147477 0.537496 44.2943 4.33782 
0.111599 0.291189 37.161 4.00407 
0.14785 0.420858 43.6527 4.50923 
0.117895 0.375975 42.6298 4.93449 
0.181328 0.418067 39.8455 4.22267 
0.125371 0.550141 39.7586 4.3887 
0.148414 0.594497 45.7217 4.59038 
0.109866 0.469623 36.5909 3.92791 
0.115874 0.475764 39.3942 4.69518 
0.105976 0.44157 37.4348 4.38181 
0.153057 0.530239 41.1068 4.46371 
0.105347 0.421344 38.5643 4.43308 
0.11806 0.365317 36.4349 3.66873 
0.136402 0.480412 45.0461 4.92252 
0.138719 0.476071 51.9748 5.29054 
0.136303 0.679315 38.7782 3.86403 
0.0803415 0.425084 33.6604 3.68404 
0.176596 0.530922 38.1455 3.97733 
0.147148 0.394329 39.0272 4.17919 
0.113984 0.461902 37.2783 3.69777 
0.132544 0.607015 40.6466 4.05536 
0.172779 0.558322 47.804 4.81036 
0.121967 0.457075 37.1663 3.72294 
0.120125 0.285946 41.7722 4.76847 
0.152632 0.377366 40.4794 4.9344 
0.106821 0.291365 39.6754 4.71434 
0.178759 0.461464 42.88 4.24321 
0.167671 0.565761 39.7466 3.8658 
0.0943389 0.270399 40.3114 4.48914 
0.141235 0.589807 49.427 4.87149 
0.13781 0.549221 40.5454 4.06074 
0.138745 0.460427 42.3938 4.53318 
0.143027 0.440044 43.658 4.90643 
0.116538 0.434778 39.0431 3.888 
0.175077 0.557533 44.7395 4.52466 
0.129337 0.397592 45.6036 4.88722 
0.146771 0.383255 37.4511 4.40809 
0.163737 0.559822 43.8722 4.52117 
0.119214 0.547617 39.9385 4.35054 
0.0788504 0.363377 38.1169 4.14764 
0.163924 0.490169 37.0246 3.94034 
0.137073 0.287096 34.628 4.00176 
0.148399 0.387798 36.485 3.98661 
0.158303 0.492285 44.2348 4.69832 
0.12609 0.484998 47.2832 4.95563 
0.149945 0.691156 39.9403 4.21764 
0.136327 0.40213 44.9089 5.06575 
0.14647 0.437644 48.9154 5.45442 
0.0857677 0.345574 41.9443 4.80287 
0.128602 0.509395 35.0346 3.55913 
0.11761 0.354982 37.5692 4.40686 
0.13526 0.336771 48.2023 5.2411 
0.144632 0.58177 45.3893 4.64412 
0.129653 0.30337 43.0475 4.97169 
0.138412 0.628166 39.4441 4.20087 
0.11436 0.36446 44.1346 4.62496 
0.0792804 0.29959 35.8197 4.05359 
0.135177 0.386879 39.9637 4.29478 
0.0834409 0.385087 42.5876 4.75821 
0.1232 0.482885 45.6594 4.81504 
0.130902 0.473402 42.6889 4.58026 
0.140606 0.330031 40.6297 4.53918 
0.150668 0.486804 40.4564 4.03697 
0.1568 0.358657 44.0537 4.71429 
0.154705 0.369442 43.0168 4.50658 
0.14038 0.673356 43.6113 4.6523 
0.157623 0.456927 42.6287 4.36337 
0.118715 0.446616 41.3306 4.84956 
0.146404 0.467191 48.4219 5.39487 
0.122069 0.5648 42.0908 4.49887 
0.102816 0.302012 39.1504 4.53795 
0.12706 0.438334 45.712 5.09046 
0.115402 0.439123 36.4452 4.11958 
0.129341 0.428915 41.7497 4.50989 
0.13895 0.308409 41.0303 4.63186 
0.160664 0.47236 38.2026 3.68446 
0.129503 0.41789 49.6507 5.55254 
0.140553 0.635106 45.348 4.71161 
0.138934 0.440171 41.5216 4.28312 
0.117263 0.416772 34.5963 4.06135 
0.119029 0.339782 40.787 4.29944 
0.0986677 0.35206 33.8699 3.89609 
0.145968 0.408226 34.5748 3.75491 
0.134 0.392815 41.2322 4.24913 
0.155264 0.442211 35.2531 3.83918 
0.161988 0.431211 41.2029 4.77787 
0.113656 0.584277 40.9453 4.31849 
0.0900261 0.536359 42.5768 4.6744 
0.106852 0.637015 45.6466 4.83684 
0.0912265 0.257122 41.8005 4.4166 
0.0965308 0.364829 41.8297 4.6269 
0.126524 0.482583 36.448 4.0558 
0.111297 0.294065 36.558 4.09286 
0.0968325 0.310181 41.5029 4.90902 
0.129644 0.494733 32.6822 3.67425 
0.114136 0.418412 36.6509 4.11506 
0.115311 0.354791 44.638 4.5226 
0.163709 0.566639 44.6954 4.7789 
0.122947 0.318738 42.3226 4.94816 
0.148822 0.526812 35.1193 4.01112 
0.140633 0.279784 38.642 4.32944 
0.167365 0.483678 39.7417 4.26508 
0.146169 0.302947 43.3966 5.25417 
0.108875 0.444875 49.0018 5.10776 
0.145692 0.422046 42.4299 4.8224 
0.119397 0.480849 37.1373 4.00308 
0.156743 0.465514 41.4379 4.17003 
0.138228 0.44019 47.317 5.44173 
0.0919121 0.471001 42.6645 4.77125 
0.132786 0.258445 46.0154 5.49435 
0.11106 0.37223 38.3007 3.92898 
0.136684 0.484657 45.7392 4.54121 
0.128779 0.471683 40.2134 4.20528 
0.0991469 0.418391 36.4721 4.08359 
0.106369 0.468176 42.463 4.55439 
0.12679 0.434427 40.8395 4.51104 
0.140925 0.428354 43.8359 4.51273 
0.147334 0.669851 39.4895 4.29858 
0.0955469 0.374136 48.4203 5.11044 
0.114481 0.391873 37.1881 4.18712 
0.116469 0.373397 38.3214 4.38343 
0.129367 0.54361 37.5059 4.43157 
0.129155 0.537344 48.2684 4.67282 
0.12897 0.460958 38.5941 4.47275 
0.13716 0.404136 37.9989 3.9293 
0.136383 0.515651 40.0294 4.34913 
0.12469 0.330926 38.1716 4.50424 
0.109561 0.472756 44.3296 4.80539 
0.13576 0.38435 44.9885 4.66829 
0.139399 0.577326 41.4249 4.09648 
0.127591 0.469722 42.6637 4.45774 
0.115186 0.253157 43.9199 5.10751 
0.141646 0.424081 37.6777 4.24349 
0.108143 0.334091 37.0315 4.32017 
0.121675 0.390772 38.653 4.17503 
0.115566 0.31937 41.2755 4.92572 
0.127775 0.443276 44.5194 4.82286 
0.10914 0.47366 34.9241 3.63018 
0.132412 0.415251 37.7455 4.06315 
0.103892 0.436036 38.8033 4.05368 
0.108709 0.455266 37.3203 4.11585 
0.125146 0.341195 42.0054 4.73847 
0.10934 0.38432 35.284 4.28659 
0.101702 0.522469 39.3697 4.02303 
0.119012 0.454883 40.9015 4.50747 
0.0902287 0.582802 47.0545 4.82031 
0.146481 0.235826 37.0973 4.23524 
0.11447 0.373438 38.7905 4.22522 
0.105515 0.366696 46.2349 4.92584 
0.0993673 0.405622 39.905 4.83477 
0.146684 0.363752 40.4569 4.37646 
0.108051 0.403346 33.0392 3.95943 
0.0982613 0.382476 45.716 5.07407 
0.16246 0.703269 44.583 4.58506 
0.135383 0.437322 42.6595 4.25665 
0.161143 0.52451 42.1649 4.14619 
0.135025 0.390741 39.4981 3.95819 
0.112675 0.485364 41.0999 4.46403 
0.127446 0.547877 41.8832 4.50134 
0.149841 0.317706 39.3177 4.23386 
0.14888 0.517098 41.4461 4.80163 
0.14724 0.381321 37.2376 4.13756 
0.144203 0.438512 40.8553 4.32769 
0.114797 0.530387 38.4612 4.22349 
0.182376 0.574431 45.9091 4.81573 
0.0802339 0.250054 41.2673 4.761 
0.147109 0.302379 39.71 4.46834 
0.110959 0.50093 42.7831 4.84474 
0.123869 0.36242 44.7543 5.02316 
0.0984215 0.361889 43.0832 4.57165 
0.140405 0.596818 41.0249 4.41041 
0.0887117 0.257726 39.0185 4.40586 
0.100801 0.348222 41.1278 4.73613 
0.119124 0.549039 39.8866 4.08981 
0.117393 0.431428 36.4636 3.93488 
0.144984 0.376585 40.4406 4.34959 
0.135609 0.253431 42.0482 4.4972 
0.14156 0.405731 48.1719 5.11947 
0.109172 0.475493 36.603 3.78962 
0.138783 0.431193 36.077 4.04813 
0.0991785 0.312621 33.3207 3.8148 
0.156145 0.592182 39.297 4.01681 
0.125795 0.341993 42.9655 4.55627 
0.117463 0.575112 37.6392 3.84315 
0.106771 0.439291 39.5283 3.93636 
0.126621 0.538489 40.1932 3.98721 
0.158604 0.517266 38.195 4.40032 
0.101594 0.288884 40.187 4.45666 
0.123589 0.473339 47.0952 5.07501 
0.0855735 0.519012 43.2321 4.45924 
0.0983671 0.286756 34.5046 4.32385 
0.111706 0.444539 40.9928 4.09985 
0.125354 0.566291 40.9305 4.18528 
0.168148 0.465488 44.5795 4.40141 
0.134374 0.396635 39.055 4.51727 
0.109355 0.650608 41.351 4.25032 
0.128034 0.394342 34.6528 3.90253 
0.123367 0.598103 46.5788 5.09052 
0.128837 0.546654 36.7391 3.81923 
0.136965 0.455979 46.5388 4.74068 
0.160253 0.37182 36.4534 4.05291 
0.138945 0.482194 34.9102 3.84496 
0.114906 0.388949 40.9341 4.71042 
0.146242 0.624209 44.358 4.73823 
0.105323 0.508272 39.0335 4.56265 
0.146446 0.365907 47.1145 5.06914 
0.115631 0.471572 46.4727 4.72538 
0.148801 0.524739 43.305 4.61632 
0.155068 0.493112 39.647 4.39814 
0.102637 0.37783 37.9079 4.31445 
0.0880895 0.382737 47.1471 4.91969 
0.121339 0.548116 41.1733 4.58431 
0.0922398 0.533086 44.2173 4.54404 
0.114418 0.347461 34.2018 3.72279 
0.149287 0.378968 40.8203 4.78833 
0.111592 0.5334 41.8565 4.58734 
0.122924 0.402423 43.3298 4.99981 
0.150319 0.627649 38.34 4.23 
0.123619 0.319441 41.7145 4.47183 
0.169913 0.36043 36.6521 3.89576 
0.168475 0.435421 43.225 4.79913 
0.14094 0.418171 46.1127 4.77517 
0.144407 0.368729 39.1655 4.47535 
0.137686 0.423377 43.5934 4.45343 
0.110377 0.496228 40.5158 4.07763 
0.13549 0.450213 39.6437 4.43715 
0.113273 0.35054 39.3951 4.40699 
0.138155 0.49357 45.9456 5.14294 
0.134058 0.483422 35.4387 3.81173 
0.157635 0.664017 44.8803 4.74379 
0.143683 0.361653 46.6324 5.04913 
0.130261 0.392017 38.7432 4.24866 
0.10116 0.510358 40.0804 4.28748 
0.137701 0.479228 42.6364 4.0312 
0.130661 0.526855 36.915 3.69096 
0.126539 0.441115 37.8981 3.89224 
0.121363 0.391348 42.4439 4.82978 
0.10083 0.29321 40.0911 4.25619 
0.126515 0.366227 35.338 3.71823 
0.16563 0.472402 45.9959 4.88483 
0.135376 0.326877 40.3851 4.3668 
0.109251 0.463433 38.9272 3.97141 
0.162404 0.513167 46.966 4.8884 
0.104429 0.395444 48.8329 5.37418 
0.18933 0.465606 38.7096 4.06296 
0.127375 0.438523 36.6423 3.95498 
0.120302 0.411367 42.1851 4.78968 
0.111739 0.399279 33.8647 3.66206 
0.142677 0.495273 37.7684 4.13088 
0.158553 0.459423 41.2573 4.45174 
0.11087 0.409977 34.084 3.68222 
0.126488 0.430632 45.4401 5.06419 
0.112663 0.26525 41.6769 4.9133 
0.129609 0.395516 44.6861 4.82916 
0.0910121 0.28462 37.4971 4.57403 
0.137015 0.317622 41.7663 4.73051 
0.135114 0.413936 38.4702 4.2779 
0.137408 0.41947 43.1837 4.75688 
0.109898 0.347266 35.3898 4.17996 
0.142487 0.378461 37.6772 4.20252 
0.126899 0.336833 42.3453 4.81367 
0.12641 0.340485 40.1261 4.4771 
0.110919 0.522737 41.0889 4.02397 
0.126589 0.451767 40.0982 4.05602 
0.140896 0.473796 39.6972 4.07458 
0.139606 0.471044 43.8716 4.90524 
0.135544 0.432436 40.6811 4.61341 
0.153245 0.319707 40.782 4.37687 
0.14663 0.48336 41.0595 3.94316 
0.144809 0.380999 40.5044 4.56911 
0.120509 0.440633 37.3841 4.06216 
0.0910195 0.552336 41.7616 4.46308 
0.101527 0.389603 44.0492 4.66872 
0.107732 0.571995 44.6992 4.93891 
0.178939 0.427322 40.8009 4.36858 
0.111938 0.497333 37.8935 3.96731 
0.141026 0.40346 43.5499 4.61161 
0.107646 0.362017 41.3986 4.23657 
0.123243 0.335149 39.2633 4.37761 
0.107779 0.45349 42.5669 4.5269 
0.129405 0.391901 43.1469 4.6421 
0.150443 0.403372 37.7498 4.15405 
0.160486 0.410893 36.9662 3.90955 
0.141637 0.351826 40.356 4.49854 
0.0964526 0.487121 37.237 3.84618 
0.0839406 0.497248 39.5111 4.32651 
0.145023 0.379647 39.4001 4.4934 
0.136847 0.481795 37.1866 4.08123 
0.135236 0.523634 37.0542 4.09044 
0.121077 0.612221 34.9548 3.55062 
0.118416 0.500528 41.1002 4.27351 
0.105473 0.399541 40.9519 4.53236 
0.133806 0.590635 42.1157 4.35942 
0.167387 0.609518 40.0379 4.34891 
0.127516 0.464335 38.6538 4.16482 
0.143048 0.358323 40.2818 4.45754 
0.118075 0.329667 44.6634 5.10155 
0.143254 0.425185 39.7956 4.51272 
0.105723 0.359495 44.9592 5.18885 
0.133818 0.53723 35.8484 4.08504 
0.127921 0.408442 39.3221 4.44443 
0.128981 0.385331 36.3013 4.14399 
0.137962 0.439468 44.217 4.73134 
0.151796 0.51692 40.0967 4.51224 
0.130352 0.508882 38.8976 3.90173 
0.113442 0.355056 36.6264 3.92997 
0.114654 0.443499 40.639 4.38979 
0.130857 0.349942 40.9033 4.7334 
0.120193 0.384278 44.4546 5.04938 
0.129355 0.436385 37.4183 3.95022 
0.149702 0.465385 36.7875 3.7195 
0.162226 0.54409 41.0851 4.47542 
0.113598 0.383418 34.0085 4.11982 
0.119534 0.438848 39.3786 4.63566 
0.114005 0.484712 47.0452 4.81642 
0.133312 0.57436 44.3748 4.56826 
0.137649 0.372126 37.7966 3.98696 
0.106828 0.392334 38.1778 4.26212 
0.144173 0.558345 46.629 4.80121 
0.084627 0.384254 40.2506 4.30263 
0.100588 0.393739 37.4817 4.05267 
0.123472 0.343539 37.3703 4.07123 
0.131496 0.44738 45.0996 4.77901 
0.15191 0.466703 45.8405 4.87993 
0.130142 0.306515 37.496 4.0929 
0.117595 0.426256 39.269 4.14595 
0.129572 0.322575 37.5163 4.56195 
0.128905 0.549334 39.2807 4.47206 
0.142893 0.440849 40.6264 4.35125 
0.118911 0.483583 41.2903 4.23239 
0.141556 0.426215 36.011 4.12213 
0.130012 0.643723 39.8295 4.16737 
0.1353 0.282347 39.6413 4.77505 
0.128799 0.447613 42.5065 4.60819 
0.148412 0.397026 40.9956 4.20921 
0.107619 0.382241 37.483 4.02592 
0.12877 0.460766 42.3409 4.35927 
0.162774 0.475369 43.7363 4.41947 
0.10847 0.354032 40.4251 4.3546 
0.148301 0.409689 38.7462 4.54868 
0.0896647 0.336278 39.3933 4.43309 
0.127416 0.415372 41.1566 4.40436 
