0.269649 0.737946 34.7572 3.86883 
0.193148 0.239328 35.2644 4.1987 
0.0810689 0.67187 29.7126 3.55635 
0.0636553 0.54763 46.091 4.70308 
0.0423437 0.330897 49.7148 6.49444 
0.167753 0.292234 37.223 3.45609 
0.107768 0.665138 62.5752 5.7886 
0.0674141 0.505039 43.6351 3.99978 
0.0934596 0.81194 55.2663 5.12223 
0.122837 0.476348 50.261 6.37322 
0.137934 1.03639 40.843 4.50744 
0.20294 0.580108 31.2853 2.89726 
0.0849429 0.356724 63.9563 6.89914 
0.162862 0.181074 33.4476 3.95684 
0.111093 0.268978 61.6397 6.10835 
0.0526997 0.151439 38.1341 4.31353 
0.204274 0.364632 42.7241 3.69617 
0.230049 1.00323 39.7923 3.13749 
0.0938449 0.390598 42.3005 5.47505 
0.0822571 0.159669 30.2229 4.22752 
0.0401681 0.313259 38.96 4.03475 
0.210607 1.11632 48.3367 3.0935 
0.203129 0.720157 34.0892 3.79006 
0.135718 1.17342 47.2224 3.5349 
0.142789 0.476294 41.7903 3.14401 
0.0889138 0.876582 47.051 4.01347 
0.0619434 0.364255 56.4875 7.86712 
0.222648 0.723372 66.002 7.33053 
0.108224 0.947024 44.9999 3.04021 
0.0716483 0.443581 38.265 5.01496 
0.0990414 0.203627 49.2233 5.9805 
0.0539628 0.436595 42.8677 5.31826 
0.122001 0.889843 35.1589 3.10363 
0.0784377 0.499248 52.5445 6.21535 
0.055758 0.211535 43.9753 6.11266 
0.150639 0.224414 38.9498 5.41983 
0.0722488 0.182426 40.8333 4.41037 
0.200062 1.16634 48.4997 4.11671 
0.11932 0.347667 29.3935 3.08952 
0.0731563 0.312765 50.3166 6.48106 
0.137556 0.10712 39.3754 4.60338 
0.212607 0.618198 54.317 4.51794 
0.0887746 0.716215 56.2677 5.46549 
0.145246 0.173845 46.3772 4.77272 
0.126357 0.575184 70.0403 7.17903 
0.0550423 0.211894 46.0755 6.52129 
0.212841 0.660755 38.3936 4.57166 
0.133096 0.748117 44.6456 5.26523 
0.143591 1.10532 42.1319 3.6225 
0.107328 0.875242 38.9613 3.50558 
0.243981 0.753237 65.966 7.14891 
0.106736 0.148471 37.1771 5.09302 
0.136273 0.250315 62.8735 6.62948 
0.0924714 0.129548 36.7221 4.90503 
0.0979376 0.287327 30.3569 3.73167 
0.212378 1.20977 48.8906 4.04439 
0.0599247 0.510762 35.6208 4.05608 
0.0872679 0.172688 33.1452 4.5941 
0.15753 1.04668 37.8715 3.78889 
0.182596 1.10865 36.6679 3.02865 
0.0865738 0.18992 30.8697 4.05714 
0.143746 1.02489 52.9243 3.48732 
0.150977 0.169986 40.1355 5.13807 
0.115497 0.195595 32.9295 4.17298 
0.230806 0.759773 44.1096 3.33668 
0.0649762 0.244761 59.0851 7.61611 
0.0727214 0.49894 30.923 3.66411 
0.0945989 0.664072 48.9967 4.47155 
0.0792064 0.200442 41.9599 4.49894 
0.269806 0.60283 46.12 4.2357 
0.16299 0.627961 43.4974 3.23104 
0.0807042 0.237629 39.1486 4.46126 
0.200059 0.232298 44.3342 4.59025 
0.0596981 0.340148 35.1482 4.15278 
0.0584128 0.0909661 47.9607 6.66866 
0.1827 0.773141 49.3926 3.54488 
0.102304 0.711738 63.0284 7.01021 
0.158296 0.251029 29.8258 3.70479 
0.0774401 0.204491 27.9388 3.20053 
0.151437 1.07813 42.5136 3.85636 
0.169542 0.729641 52.4914 3.55725 
0.176783 0.156863 36.5236 4.52505 
0.171854 0.310459 36.8742 4.94025 
0.249204 0.720965 41.1792 3.55998 
0.235298 0.690995 33.0666 3.50482 
0.0875603 0.833699 49.1268 5.2518 
0.186879 0.391634 51.3529 4.47991 
0.231989 0.424815 44.5462 3.9187 
0.0971925 0.565323 41.4308 3.51242 
0.143418 0.118404 34.8003 4.59452 
0.279599 0.665399 42.1635 3.80783 
0.130043 0.389928 71.5408 7.85646 
0.151486 0.190986 52.2132 6.28105 
0.157881 0.246542 52.9688 5.40626 
0.161909 0.243994 51.22 6.3141 
0.0721035 0.207701 34.7603 4.63409 
0.097086 0.864394 44.6394 3.57763 
0.0605584 0.415775 49.7134 4.80292 
0.11188 0.348804 29.8172 3.18754 
0.0820159 0.335361 42.2829 3.80286 
0.276411 0.735537 43.0481 4.22494 
0.0657916 0.482793 44.3625 3.98214 
0.0762856 0.180352 47.311 5.57951 
0.0505051 0.223896 50.5647 5.60417 
0.0822392 0.677696 41.8547 4.79609 
0.160099 0.844907 50.3564 3.83809 
0.0590606 0.179097 31.718 4.63483 
0.0941491 0.639049 56.3646 4.62724 
0.0465106 0.36512 41.5517 4.65593 
0.0506801 0.442792 33.4585 3.90255 
0.100502 0.754408 49.8045 4.30303 
0.0724796 0.197496 31.9257 3.7804 
0.0810235 0.260474 29.5232 3.46863 
0.137475 0.140961 41.428 4.78278 
0.280006 0.745595 41.3257 4.00056 
0.240306 0.667206 59.3916 5.89414 
0.0601827 0.248084 45.611 4.94707 
0.254374 0.41882 36.7504 4.37793 
0.119456 0.51415 37.4487 3.04732 
0.201119 0.568438 57.6445 5.00877 
0.11484 0.818523 59.1097 6.25175 
0.264832 0.597405 54.9355 6.13847 
0.0544816 0.389905 50.3845 5.17257 
0.122168 0.529695 36.7404 3.05121 
0.10261 0.527581 39.1588 5.06756 
0.103238 0.209548 50.7886 5.22672 
0.0398573 0.271198 34.9895 4.21393 
0.134696 0.181737 30.9082 3.49736 
0.113419 0.19577 43.9521 4.25061 
0.0628133 0.274433 35.0014 4.83743 
0.108934 0.506303 62.0036 7.47102 
0.0656811 0.71461 44.0684 4.24304 
0.158469 0.241121 31.678 3.5026 
0.0768614 0.133669 41.666 5.0925 
0.118622 0.158328 36.759 3.7629 
0.0432619 0.393563 42.0965 4.36765 
0.200798 0.563553 32.9138 3.28432 
0.0634415 0.165627 35.1608 4.26876 
0.0925321 0.769961 51.1849 5.383 
0.0549686 0.574443 41.7403 4.53476 
0.154349 0.425457 66.9909 6.91854 
0.129318 0.783601 60.1326 5.43647 
0.0705706 0.363894 31.5003 3.34849 
0.148193 0.767223 33.518 3.31931 
0.227055 0.91231 52.6529 4.9522 
0.122147 0.401072 56.6581 7.51623 
0.125603 0.525651 69.6021 7.24623 
0.235845 0.915681 45.2453 4.8184 
0.205217 0.82892 56.9371 5.5417 
0.184236 0.219915 37.3203 4.31352 
0.0755646 0.555924 38.4328 3.3835 
0.0546601 0.574502 37.357 3.76199 
0.09222 0.242885 31.239 3.46419 
0.101153 0.192988 38.4176 3.94078 
0.202581 0.964854 42.8545 3.32025 
0.182729 0.630478 52.8765 6.33287 
0.125099 0.165203 28.6255 3.78408 
0.211577 0.49609 33.1031 3.25091 
0.156786 0.3242 34.4835 3.11899 
0.117057 0.841314 40.5431 4.60732 
0.0825131 0.171622 44.0602 5.72094 
0.213281 0.79786 55.5158 4.98942 
0.167277 0.204035 34.9698 4.16328 
0.0942329 0.32358 31.6158 3.39862 
0.1005 0.460517 39.8028 5.28154 
0.143674 0.20976 44.0962 5.00469 
0.163 0.53071 59.9846 5.42122 
0.0538776 0.218384 29.0624 3.83673 
0.117074 0.684822 34.8215 3.64353 
0.0920348 0.21832 31.4496 3.40327 
0.141381 0.857552 61.9189 5.33855 
0.0881777 0.356631 32.5943 3.36152 
0.265254 0.727144 51.8219 5.07647 
0.0908057 0.820724 39.5416 3.39696 
0.0959496 0.191998 43.7272 4.53345 
0.154849 1.08141 48.5768 4.19306 
0.208911 0.441589 29.6589 3.2914 
0.102143 0.272601 31.9441 3.26119 
0.224073 0.412304 47.0817 5.50183 
0.115815 0.761854 53.0084 4.54621 
0.087673 0.386453 32.0848 3.52809 
0.225663 0.558013 58.6221 6.49936 
0.0777691 0.357875 34.1149 4.04742 
0.0784893 0.320959 37.5274 4.94074 
0.0742609 0.277535 33.122 4.17254 
0.0802273 0.550184 42.6617 3.74468 
0.0535258 0.188417 36.5005 4.45284 
0.178701 1.06065 34.3652 3.52752 
0.174986 0.171596 39.3253 4.8162 
0.101298 0.441967 64.6376 6.54616 
0.136966 0.815295 37.0917 3.91897 
0.121883 0.449934 34.4468 3.09809 
0.0858271 0.134537 39.6683 4.48838 
0.0542734 0.428959 39.8508 4.24972 
0.163614 0.793978 48.7994 5.46268 
0.204929 0.570217 43.2304 3.56398 
0.232975 0.809455 42.3562 3.54008 
0.119649 0.892782 38.6511 4.31938 
0.0769546 0.264492 57.3199 6.76464 
0.108873 0.589213 55.4964 6.44945 
0.182432 0.840406 41.5604 4.59315 
0.128214 0.235486 56.3823 6.96172 
0.219794 0.34546 39.3087 4.35119 
0.198132 0.426859 46.6564 5.88113 
0.085649 0.206436 52.6662 7.17462 
0.180028 0.389394 55.7281 5.18447 
0.116781 0.194633 47.4751 4.73152 
0.0784931 0.295577 46.1711 5.93044 
0.0663918 0.64341 48.6981 5.3794 
0.0378012 0.248213 37.133 4.25442 
0.0653041 0.776379 39.4371 4.14982 
0.124882 0.161077 37.9816 4.63395 
0.17125 0.524367 67.1476 6.48551 
0.164933 0.288305 57.1376 6.18868 
0.102193 0.251975 49.9622 6.71668 
0.0660086 0.417178 31.3252 3.37948 
0.0864128 0.320004 35.8647 3.83624 
0.114494 0.469749 49.9245 4.32429 
0.139918 0.261673 31.4326 3.59137 
0.121439 0.220858 50.1497 5.99438 
0.118313 0.564522 57.5094 5.23874 
0.160233 0.247846 47.9142 4.77365 
0.147533 0.683815 48.2858 3.87505 
0.127251 0.590064 30.7148 3.08658 
0.0567912 0.204913 34.4609 3.55903 
0.0818482 0.228271 38.4188 4.92331 
0.0706929 0.142815 37.1111 4.2641 
0.0754196 0.426073 43.498 5.12276 
0.207839 0.352402 55.8088 5.96378 
0.170357 0.792 32.9312 2.88134 
0.227663 0.825527 50.7607 5.46129 
0.0571792 0.366304 33.5369 4.12717 
0.161157 0.830478 54.8404 5.09017 
0.187502 0.230682 45.651 5.41332 
0.257497 0.888971 40.0728 3.75556 
0.161974 0.232489 49.9222 6.01492 
0.131186 0.897097 45.6163 4.80548 
0.148398 0.217525 46.4324 4.80171 
0.106106 0.2236 44.3777 5.93528 
0.213535 0.571536 58.9383 6.79673 
0.12711 0.354033 36.7585 3.33481 
0.0516804 0.352685 45.0245 4.40138 
0.0875152 0.220228 29.7806 3.45219 
0.221486 0.480589 38.6659 4.26836 
0.142621 0.168485 35.9948 4.34486 
0.210359 0.368128 57.7016 6.64586 
0.17714 0.189581 41.744 4.7987 
0.142035 1.12699 41.99 3.89715 
0.0520592 0.186423 37.6513 4.54268 
0.145612 0.262431 45.1913 6.34244 
0.149393 0.346482 43.9384 3.94094 
0.198402 0.220299 43.9212 4.95136 
0.128089 0.497397 54.7797 6.29547 
0.0735365 0.290704 50.1829 5.57998 
0.0530641 0.437431 44.4111 4.94479 
0.128915 0.689906 45.9078 3.4304 
0.158468 0.497764 44.519 5.71037 
0.19507 0.287406 44.0577 4.30435 
0.151828 0.344017 34.1169 4.54202 
0.143204 0.223225 49.1905 5.9083 
0.192676 0.61607 61.2378 6.05995 
0.0965965 0.435491 44.9103 5.84684 
0.112404 0.534921 32.846 3.34311 
0.0481103 0.300855 43.7061 5.15619 
0.092434 0.343179 34.2132 3.50173 
0.184528 0.798203 56.0462 4.90466 
0.0624782 0.349013 35.0223 3.69712 
0.121581 0.153738 46.232 5.98945 
0.109196 0.287723 59.3215 7.1485 
0.203863 0.874402 50.9735 5.30683 
0.185295 0.240082 45.7193 5.29141 
0.130972 0.794567 38.8796 4.1917 
0.109318 0.3732 59.497 6.2711 
0.0989062 0.379421 32.3969 4.02375 
0.144065 0.22336 37.8997 4.80591 
0.189628 0.426018 46.6548 4.18326 
0.154809 0.268077 50.6077 4.94765 
0.242153 0.361789 41.8817 4.60404 
0.0903287 0.634873 50.7677 4.58119 
0.21718 0.315088 39.9954 4.32695 
0.0797716 0.229167 32.1925 3.995 
0.0690279 0.376104 36.4073 3.73176 
0.154111 0.680728 32.2346 3.49584 
0.150734 0.262745 30.6326 3.65908 
0.111779 0.781033 55.0642 5.66512 
0.143825 0.739581 33.0764 3.73365 
0.0670274 0.601256 44.0116 4.23301 
0.112407 0.718401 56.5226 6.23682 
0.176482 0.588858 55.4024 4.86269 
0.15763 0.197258 33.3727 4.20228 
0.0952367 0.43099 63.3397 6.35354 
0.131931 0.677845 48.2946 4.12887 
0.0807804 0.621018 38.9198 3.83802 
0.160558 0.403589 51.0123 4.57332 
0.142263 0.156646 37.2351 4.12535 
0.0890902 0.250984 47.3081 6.02496 
0.104779 0.28597 30.2865 3.76128 
0.168507 0.288128 55.1431 5.80557 
0.130234 0.241466 52.9581 6.3556 
0.145696 0.302631 30.7006 3.24962 
0.164625 1.02864 39.5024 3.63593 
0.127608 0.841461 49.0732 4.03772 
0.252123 0.53411 43.969 4.50317 
0.136629 0.715297 54.3669 5.0632 
0.0710298 0.221582 28.5009 3.53605 
0.147042 0.785153 38.2756 3.83348 
0.182375 0.512892 49.6247 4.30525 
0.154276 0.399525 62.1671 6.67189 
0.179997 0.618889 59.2329 5.74094 
0.061964 0.337024 46.5218 5.95768 
0.140668 0.222838 40.6977 5.35332 
0.108283 0.620716 39.081 4.5636 
0.0778536 0.618204 45.3788 4.95033 
0.111386 0.275516 58.5196 6.82892 
0.148873 0.319148 52.2076 5.39373 
0.134965 0.699084 50.8393 4.4865 
0.178403 0.475472 43.7172 4.59258 
0.214719 0.923783 46.2658 4.42843 
0.136195 0.548916 63.1915 6.99561 
0.0649139 0.427374 39.6131 4.84409 
0.0796213 0.208058 36.7323 3.97812 
0.0809264 0.144729 39.4448 4.59701 
0.143119 0.261629 39.8074 5.3766 
0.169627 0.642489 60.0005 6.31673 
0.143002 0.744195 43.3924 3.64279 
0.180346 0.267096 46.9781 5.17682 
0.130686 0.666742 39.0169 4.64058 
0.199875 0.526479 35.9802 3.20513 
0.0684368 0.371793 33.3641 4.14595 
0.1307 0.844417 38.1436 3.85406 
0.114916 0.498761 36.0574 4.61275 
0.129575 0.178185 48.8336 6.54591 
0.0868766 0.541055 32.3417 3.48673 
0.0829295 0.487784 34.6437 3.38367 
0.142752 0.352315 66.2695 7.49222 
0.0900167 0.196502 39.1684 5.22794 
0.0778204 0.185238 39.635 4.14969 
0.0664496 0.344939 41.4887 4.77375 
0.125157 0.268494 49.9256 6.48542 
0.175816 1.0089 42.8319 4.00482 
0.0880208 0.744015 45.9543 5.10553 
0.0957755 0.180832 42.5978 5.3284 
0.0686395 0.345024 36.9355 3.71852 
0.239098 0.872034 48.7015 5.15128 
0.172876 0.583842 54.9804 6.11669 
0.106564 0.582285 44.2938 4.02279 
0.129614 0.531252 50.1237 4.37072 
0.202674 0.328144 48.8397 5.35561 
0.0758799 0.33362 38.8209 4.64813 
0.132712 0.215713 33.4702 3.77894 
0.139952 0.273125 34.4159 4.06858 
0.244471 0.584067 44.8235 4.27637 
0.0901679 0.271453 34.1383 3.83711 
0.1621 0.590692 35.8477 4.29012 
0.190528 0.483722 55.2088 6.0416 
0.124642 0.301424 57.46 6.22728 
0.18911 0.587827 59.9529 5.7907 
0.174344 0.658522 50.1001 5.83014 
0.113605 0.599884 50.329 5.62304 
0.188879 0.443266 37.2248 3.46851 
0.0821864 0.212498 37.6205 4.59544 
0.13185 0.415024 33.6359 4.46125 
0.0926382 0.65708 38.2043 3.69648 
0.0929078 0.644425 38.2161 3.454 
0.110465 0.683018 34.6271 3.41247 
0.0613639 0.40721 48.6969 5.5648 
0.0687991 0.391232 58.048 5.85019 
0.101942 0.226511 48.5708 5.83666 
0.161676 0.691845 35.119 3.69011 
0.132908 0.655033 45.3162 4.08095 
0.100405 0.242923 44.1819 4.40345 
0.169114 0.498959 57.2741 5.33408 
0.162664 0.613116 63.2921 6.14 
0.108024 0.153443 35.6532 4.23743 
0.0732162 0.319303 39.6126 4.27449 
0.0893509 0.30059 39.823 5.57212 
0.220749 0.684263 37.4512 3.75802 
0.151181 0.614522 44.2639 3.80857 
0.120771 0.444042 56.9162 7.25528 
0.118579 0.688287 49.4796 5.36415 
0.186846 0.51165 59.6173 6.46796 
0.125321 0.411153 32.0582 3.11656 
0.116563 0.76367 45.5995 5.27855 
0.134843 0.207861 46.0047 5.09613 
0.0945641 0.407915 42.1299 4.03769 
0.215689 0.645585 37.8152 3.56122 
0.101681 0.640459 33.8093 3.38817 
0.120605 0.661392 33.6872 3.05093 
0.189497 0.274367 40.447 4.56847 
0.150873 0.596919 41.6956 3.67558 
0.0807786 0.466893 48.4176 4.72259 
0.0996453 0.397474 44.3733 5.44 
0.0757689 0.407086 39.0598 4.9972 
0.0749042 0.502476 37.6606 3.30156 
0.101743 0.3508 39.8245 4.93943 
0.152095 0.845158 39.4042 3.87297 
0.194065 0.428762 36.117 4.49309 
0.141916 0.528894 35.1554 3.24539 
0.161572 0.420029 46.6432 4.43705 
0.115817 0.436012 56.8176 5.80806 
0.148254 0.378683 38.8525 3.93367 
0.0765915 0.449886 45.3449 4.58804 
0.158752 0.328362 47.0579 4.62359 
0.0844549 0.457338 44.3173 4.55975 
0.17119 0.580486 57.1312 5.6703 
0.110724 0.522074 36.3147 3.41188 
0.167737 0.585587 35.1429 3.736 
0.0974552 0.285681 31.1051 3.4072 
0.0922418 0.807059 40.9952 4.4079 
0.0831109 0.284809 44.5047 4.38383 
0.0829162 0.345402 42.897 5.32613 
0.117182 0.68001 52.4541 5.51688 
0.132823 0.769436 45.0149 4.24415 
0.200867 0.520317 45.7926 4.37985 
0.119744 0.629298 33.0194 3.22519 
0.19434 0.563723 49.7784 4.62663 
0.123073 0.444549 40.5157 4.81592 
0.0737678 0.385719 44.5514 4.61888 
0.0807185 0.250435 40.9236 4.55539 
0.108858 0.233509 36.1017 3.63165 
0.0748245 0.322233 41.5289 4.21505 
0.0881851 0.442272 44.8088 5.24489 
0.122496 0.554696 32.9068 3.12863 
0.0971096 0.211078 39.0854 4.12645 
0.182459 0.53311 53.3761 5.46072 
0.132101 0.442265 34.5488 3.80803 
0.144896 0.477109 54.0154 6.00388 
0.194841 0.423272 34.0977 3.37906 
0.150593 0.299514 52.2496 6.00302 
0.126699 0.619344 46.5396 4.07717 
0.170921 0.330331 40.5947 4.32812 
0.167235 0.533162 33.1559 3.47679 
0.132629 0.567973 34.4144 4.05356 
0.0732239 0.269845 48.0868 5.52892 
0.133018 0.733958 34.985 3.30508 
0.10776 0.728244 38.1232 3.96987 
0.192317 0.363025 41.5985 4.74215 
0.121052 0.630897 38.6323 4.58008 
0.2206 0.514665 50.9952 5.42672 
0.137438 0.253897 33.1624 3.81372 
0.0930429 0.346586 35.5862 3.94398 
0.142522 0.546023 52.1375 4.98718 
0.133337 0.313216 47.3306 4.67625 
0.137754 0.577058 50.0463 5.91461 
0.142624 0.310763 53.5641 5.62796 
0.146211 0.648661 41.651 3.81661 
0.0812169 0.554195 48.5374 5.05059 
0.088819 0.456079 53.3516 5.99457 
0.136516 0.457307 37.2883 4.69494 
0.160062 0.315129 33.2942 4.00666 
0.141669 0.313522 43.8198 4.71841 
0.171268 0.755226 39.3838 3.84578 
0.181336 0.335613 38.4425 3.90431 
0.164509 0.427377 57.1918 5.82593 
0.162538 0.797306 48.0085 4.56579 
0.184348 0.523733 38.4904 4.40239 
0.0891899 0.517942 39.3018 4.3757 
0.111501 0.302385 31.0951 3.25904 
0.111697 0.311716 51.3387 5.6111 
0.163181 0.645051 48.3461 5.41378 
0.12585 0.521707 36.9877 3.27062 
0.151217 0.27614 43.5767 5.41283 
0.177986 0.710186 38.6732 3.89937 
0.166239 0.610838 38.8159 3.85787 
0.0808449 0.322233 30.9294 3.87171 
0.147659 0.552184 42.1925 4.00396 
0.0906403 0.43206 35.0255 4.12971 
0.164737 0.300711 42.3066 5.0136 
0.138235 0.62183 40.5081 4.07886 
0.101664 0.214372 34.134 4.43987 
0.100194 0.286273 40.0309 4.45368 
0.128959 0.695398 41.1475 4.10353 
0.0975543 0.408863 47.7781 5.0165 
0.158919 0.315181 45.4114 4.6141 
0.0818557 0.500243 40.8546 4.41755 
0.0751193 0.349341 43.2641 4.80477 
0.108195 0.333807 41.0476 4.7811 
0.13583 0.422581 50.5551 5.01865 
0.175994 0.624421 42.6353 4.47507 
0.0837983 0.325759 41.8105 5.00972 
0.150813 0.341289 34.6674 3.83369 
0.151123 0.638324 46.9817 4.75625 
0.171985 0.440231 38.0472 3.80297 
0.144769 0.424056 36.2692 3.86609 
0.1679 0.456504 42.599 4.80952 
0.194284 0.505219 48.0508 5.12577 
0.180152 0.526579 39.1061 3.9403 
0.0955045 0.28304 34.0807 3.93165 
0.175958 0.413936 45.4665 4.66639 
0.186054 0.448572 44.2041 4.37034 
0.14498 0.397237 38.4047 3.92236 
0.107261 0.66044 37.3435 4.24122 
0.13696 0.445927 38.9686 4.44107 
0.0890906 0.4811 35.4665 4.22024 
0.108167 0.488771 37.95 3.9445 
0.118272 0.544895 45.3043 4.88381 
0.153068 0.597112 36.5752 4.05776 
0.183758 0.360758 37.0297 4.03786 
0.158849 0.401831 41.849 4.24511 
0.107732 0.571995 44.6992 4.93891 
