0.164528 0.423075 35.6685 3.87568 
0.126533 0.313413 32.3236 3.74893 
0.119238 0.461188 39.4826 3.78162 
0.131303 0.457648 43.0729 4.84826 
0.141925 0.501173 44.2306 4.37407 
0.125032 0.479402 38.5099 4.21676 
0.142801 0.415805 42.3204 4.05101 
0.179461 0.458944 39.1864 4.10828 
0.119077 0.326067 42.4745 4.60346 
0.147196 0.384512 40.4848 4.15871 
0.162109 0.401244 37.5125 4.15083 
0.12858 0.391712 38.4225 4.3347 
0.139924 0.300311 44.106 4.8736 
0.104055 0.314029 44.1716 4.88009 
0.100533 0.216007 44.3051 5.35782 
0.115579 0.492247 47.9841 5.28548 
0.143733 0.543762 34.9022 3.56746 
0.154206 0.673501 41.9572 4.55771 
0.139182 0.332766 38.3421 4.10751 
0.117489 0.687509 48.6923 4.84543 
0.194837 0.468322 39.615 4.28848 
0.105786 0.467446 36.7218 3.77444 
0.148888 0.537476 36.0377 3.93797 
0.15799 0.590892 39.6034 3.83501 
0.135446 0.368172 49.0866 5.74107 
0.139834 0.475666 32.2839 3.66305 
0.107503 0.345268 43.8459 4.86349 
0.114171 0.258098 37.0126 4.38453 
0.143728 0.468459 39.5423 3.94443 
0.0987058 0.457086 40.0596 4.00216 
0.128163 0.287349 41.3861 4.79557 
0.0815101 0.421817 42.6429 5.24147 
0.14986 0.301077 41.378 4.63723 
0.0861656 0.481747 49.4901 5.26163 
0.154509 0.601183 44.9607 4.29811 
0.141065 0.512549 45.9292 4.97113 
0.127307 0.323654 44.0523 5.0447 
0.0937817 0.531254 45.596 4.88292 
0.157211 0.477528 38.1828 3.83817 
0.0959484 0.484007 41.6746 4.26957 
0.0994177 0.481336 38.0235 4.05291 
0.168507 0.539056 44.3311 4.29338 
0.104826 0.336602 36.5644 4.01259 
0.131614 0.403356 47.4958 5.15941 
0.133598 0.335198 50.1872 5.34982 
0.177585 0.574551 40.2973 4.31301 
0.170344 0.474549 40.2403 4.22001 
0.1364 0.530042 40.5659 4.33329 
0.167131 0.42851 44.0135 4.39794 
0.11677 0.53657 40.9066 4.45818 
0.162533 0.377208 43.3631 4.36026 
0.105108 0.531765 37.4938 3.93083 
0.13027 0.280396 40.4446 4.63996 
0.134676 0.455414 44.6743 5.25617 
0.105742 0.509573 42.9447 4.36129 
0.145891 0.39206 40.4939 4.42674 
0.104739 0.30017 39.7132 4.64371 
0.0991667 0.265794 36.2728 4.03332 
0.122989 0.350012 43.9909 4.72965 
0.0940197 0.297837 44.0526 4.7974 
0.114682 0.406892 41.2556 4.30288 
0.150428 0.444491 41.8939 4.57097 
0.12539 0.365301 43.4267 4.92827 
0.100897 0.533727 39.2118 3.93988 
0.0921302 0.35138 42.1409 4.62715 
0.101288 0.363648 39.9293 4.22331 
0.154149 0.619291 42.7119 4.72642 
0.0883417 0.347281 42.5291 4.68341 
0.116961 0.395796 35.9096 4.19476 
0.123666 0.375615 45.3417 4.59994 
0.165473 0.3675 42.6398 4.53145 
0.146028 0.637703 41.4189 4.11607 
0.169225 0.50696 43.2511 4.63969 
0.0919557 0.28657 43.3309 4.80977 
0.133723 0.592387 35.6706 3.71166 
0.103311 0.330386 44.5117 4.7343 
0.104961 0.532151 44.37 4.766 
0.129413 0.4512 39.7108 4.14694 
0.167194 0.494783 42.8248 4.20674 
0.132694 0.453829 37.8341 3.88749 
0.0986032 0.442667 41.3225 4.4817 
0.159328 0.429834 34.6492 3.98343 
0.13757 0.444459 36.1319 4.01699 
0.126638 0.362728 41.0512 4.26864 
0.12503 0.327335 46.796 5.20807 
0.101349 0.223738 39.7992 4.27802 
0.107315 0.323417 42.4223 4.90567 
0.110022 0.312471 39.7779 4.35772 
0.0954934 0.440891 45.3279 5.14429 
0.157856 0.445599 40.717 4.34151 
0.134987 0.523469 45.7452 5.40051 
0.137135 0.56202 38.1045 4.19885 
0.107837 0.23483 44.7752 5.11628 
0.118525 0.415062 37.0519 4.49726 
0.0867787 0.308464 46.4325 4.88269 
0.112723 0.316165 45.7631 5.01425 
0.119882 0.44398 44.4618 4.7928 
0.158661 0.579051 41.1178 4.49795 
0.153292 0.580131 41.6006 4.2042 
0.139572 0.507032 45.8866 4.99665 
0.13046 0.460469 43.0545 4.51384 
0.158192 0.670866 41.6569 4.04805 
0.119387 0.493518 34.9561 3.72064 
0.106327 0.423478 31.16 3.45857 
0.13416 0.335926 36.5061 3.77461 
0.152535 0.485873 40.5897 4.53839 
0.103969 0.288683 44.888 5.20311 
0.148996 0.585925 38.143 4.05043 
0.0959059 0.493908 35.1984 3.57464 
0.12873 0.53605 44.0565 4.97272 
0.0975037 0.413949 48.4067 4.96946 
0.139656 0.403367 47.5028 5.27632 
0.111322 0.622006 39.4533 4.14532 
0.111467 0.526249 43.7283 4.52869 
0.11726 0.625736 39.6695 4.02745 
0.149115 0.633881 39.1825 3.91291 
0.138791 0.415763 42.6717 4.92058 
0.116862 0.620518 44.5646 4.77536 
0.161243 0.433207 46.9553 5.24565 
0.115056 0.461536 45.1052 4.48215 
0.0924125 0.361988 41.1545 4.42773 
0.187355 0.570918 50.544 5.36185 
0.132945 0.495953 34.9023 4.00481 
0.141508 0.47471 37.0848 4.09777 
0.0845845 0.415919 41.6172 4.54933 
0.128801 0.272209 46.6431 4.96765 
0.134098 0.586818 39.1118 4.18308 
0.134325 0.469792 38.9852 4.45849 
0.105877 0.608971 37.7188 4.24926 
0.0995767 0.595031 50.8376 5.07301 
0.121671 0.644379 43.3158 4.28048 
0.0852013 0.287566 37.2016 4.19788 
0.145195 0.49275 45.4261 4.752 
0.0968866 0.203466 39.3786 4.7797 
0.163539 0.466446 40.5623 4.34293 
0.117329 0.556638 36.4558 4.28608 
0.141775 0.549451 39.3261 4.3349 
0.127386 0.517006 45.4645 5.07335 
0.114294 0.473613 43.5758 4.93447 
0.111428 0.485519 41.9389 4.30754 
0.115021 0.337647 34.2062 3.87684 
0.1743 0.396816 40.132 4.34692 
0.173018 0.522059 46.2251 4.8003 
0.137545 0.505956 40.8403 4.00209 
0.135378 0.443953 37.8051 4.0981 
0.102724 0.354867 34.7162 3.60746 
0.128622 0.2953 41.9212 4.96818 
0.122758 0.540595 44.9695 4.50601 
0.127333 0.521616 35.6549 3.93486 
0.183383 0.62706 38.6097 4.20019 
0.118583 0.356379 40.9508 4.4873 
0.151754 0.381875 35.7609 3.85887 
0.117328 0.258387 40.1091 4.44115 
0.118643 0.386036 39.9269 4.71145 
0.119009 0.571903 41.3194 4.32032 
0.124764 0.450677 42.8868 4.93031 
0.131681 0.351268 38.2718 4.72182 
0.108486 0.274538 36.5833 4.19007 
0.130194 0.4628 45.968 4.75414 
0.0983467 0.312712 34.6761 4.09711 
0.117891 0.48193 41.8754 4.50628 
0.133811 0.429155 36.4655 3.89892 
0.15417 0.474905 36.6178 4.21205 
0.135524 0.28207 35.0726 4.08787 
0.0854858 0.36685 37.9491 3.96565 
0.151764 0.56096 40.3594 4.11532 
0.149106 0.433933 35.3093 3.71261 
0.165587 0.65074 43.3896 4.44834 
0.0943715 0.387164 44.7494 4.69757 
0.111336 0.353179 44.5481 5.04435 
0.120154 0.479311 40.0235 3.95966 
0.116277 0.347642 37.9662 4.24807 
0.100781 0.484811 38.0176 4.10528 
0.113218 0.383004 39.2061 4.24264 
0.127786 0.537554 44.3994 4.25005 
0.109165 0.371316 45.6748 4.86078 
0.0938464 0.33057 34.7963 3.7822 
0.164958 0.630201 35.4615 3.79261 
0.11539 0.57623 41.1044 4.19828 
0.129618 0.363202 43.5478 4.41584 
0.113122 0.357412 33.7339 4.23833 
0.147907 0.486709 48.3405 5.04075 
0.131245 0.417315 42.7392 4.41265 
0.170812 0.341886 35.2261 3.84947 
0.144751 0.558711 36.7772 4.02618 
0.111619 0.326457 37.178 4.12327 
0.149573 0.385491 45.1418 5.11422 
0.0883263 0.276622 37.1284 4.32084 
0.111145 0.406172 44.9323 4.62264 
0.100249 0.557412 37.5466 3.99217 
0.145347 0.34267 38.7972 4.22409 
0.0965364 0.391488 41.0666 4.73573 
0.140333 0.506889 46.8952 5.26567 
0.134775 0.616679 36.4019 3.58875 
0.131148 0.320716 41.0874 4.4705 
0.163495 0.502606 35.3097 3.70228 
0.165567 0.539672 42.6458 4.17777 
0.18172 0.594603 39.0246 4.17077 
0.159515 0.445247 41.7288 4.49423 
0.0865816 0.326939 42.5752 4.31843 
0.193324 0.520984 42.1237 4.67801 
0.132266 0.439648 40.9493 4.57063 
0.137278 0.422484 39.7833 4.36573 
0.131843 0.557643 47.7351 4.65546 
0.119744 0.365427 49.8642 5.37606 
0.139277 0.560815 38.5328 3.97318 
0.148824 0.560579 37.8487 3.63831 
0.0931627 0.367884 37.8718 4.18008 
0.147839 0.62508 42.2068 4.35005 
0.12745 0.468833 46.4093 5.2041 
0.127688 0.583742 34.2947 3.86812 
0.124129 0.527872 47.4643 5.15961 
0.144099 0.431911 38.8 4.01302 
0.11046 0.250307 36.8648 4.16898 
0.134134 0.622204 48.4125 4.61123 
0.14329 0.359407 39.4994 4.08356 
0.156462 0.34926 37.0159 3.92479 
0.137896 0.38474 43.2012 5.16674 
0.0981046 0.294294 33.1907 4.16732 
0.0962406 0.316904 36.5958 4.42076 
0.0942758 0.405011 44.6165 4.97596 
0.13393 0.487236 41.0879 4.17341 
0.144585 0.675171 39.272 4.21538 
0.172946 0.466369 38.0276 4.42439 
0.0839388 0.383486 42.6188 5.11677 
0.0860522 0.517156 41.6575 4.58552 
0.132136 0.33489 35.824 4.17862 
0.123985 0.299615 34.876 3.7883 
0.137158 0.373236 44.0642 4.86954 
0.136532 0.407794 39.8864 4.32611 
0.153623 0.434422 40.4207 4.57052 
0.154612 0.529744 46.7731 4.68368 
0.167399 0.438313 39.0528 4.13352 
0.129927 0.348587 36.3884 3.56752 
0.14785 0.420858 43.6527 4.50923 
0.117895 0.375975 42.6298 4.93449 
0.181328 0.418067 39.8455 4.22267 
0.109866 0.469623 36.5909 3.92791 
0.115874 0.475764 39.3942 4.69518 
0.105976 0.44157 37.4348 4.38181 
0.11806 0.365317 36.4349 3.66873 
0.136402 0.480412 45.0461 4.92252 
0.138719 0.476071 51.9748 5.29054 
0.136303 0.679315 38.7782 3.86403 
0.0803415 0.425084 33.6604 3.68404 
0.176596 0.530922 38.1455 3.97733 
0.113984 0.461902 37.2783 3.69777 
0.172779 0.558322 47.804 4.81036 
0.121967 0.457075 37.1663 3.72294 
0.120125 0.285946 41.7722 4.76847 
0.152632 0.377366 40.4794 4.9344 
0.106821 0.291365 39.6754 4.71434 
0.178759 0.461464 42.88 4.24321 
0.167671 0.565761 39.7466 3.8658 
0.13781 0.549221 40.5454 4.06074 
0.138745 0.460427 42.3938 4.53318 
0.143027 0.440044 43.658 4.90643 
0.175077 0.557533 44.7395 4.52466 
0.129337 0.397592 45.6036 4.88722 
0.163737 0.559822 43.8722 4.52117 
0.119214 0.547617 39.9385 4.35054 
0.0788504 0.363377 38.1169 4.14764 
0.163924 0.490169 37.0246 3.94034 
0.137073 0.287096 34.628 4.00176 
0.148399 0.387798 36.485 3.98661 
0.12609 0.484998 47.2832 4.95563 
0.14647 0.437644 48.9154 5.45442 
0.0857677 0.345574 41.9443 4.80287 
0.128602 0.509395 35.0346 3.55913 
0.11761 0.354982 37.5692 4.40686 
0.13526 0.336771 48.2023 5.2411 
0.11436 0.36446 44.1346 4.62496 
0.0792804 0.29959 35.8197 4.05359 
0.135177 0.386879 39.9637 4.29478 
0.0834409 0.385087 42.5876 4.75821 
0.1232 0.482885 45.6594 4.81504 
0.130902 0.473402 42.6889 4.58026 
0.140606 0.330031 40.6297 4.53918 
0.150668 0.486804 40.4564 4.03697 
0.1568 0.358657 44.0537 4.71429 
0.154705 0.369442 43.0168 4.50658 
0.14038 0.673356 43.6113 4.6523 
0.146404 0.467191 48.4219 5.39487 
0.122069 0.5648 42.0908 4.49887 
0.102816 0.302012 39.1504 4.53795 
0.115402 0.439123 36.4452 4.11958 
0.129341 0.428915 41.7497 4.50989 
0.13895 0.308409 41.0303 4.63186 
0.129503 0.41789 49.6507 5.55254 
0.140553 0.635106 45.348 4.71161 
0.138934 0.440171 41.5216 4.28312 
0.117263 0.416772 34.5963 4.06135 
0.0986677 0.35206 33.8699 3.89609 
0.134 0.392815 41.2322 4.24913 
0.155264 0.442211 35.2531 3.83918 
0.161988 0.431211 41.2029 4.77787 
0.113656 0.584277 40.9453 4.31849 
0.0900261 0.536359 42.5768 4.6744 
0.106852 0.637015 45.6466 4.83684 
0.0912265 0.257122 41.8005 4.4166 
0.126524 0.482583 36.448 4.0558 
0.0968325 0.310181 41.5029 4.90902 
0.129644 0.494733 32.6822 3.67425 
0.114136 0.418412 36.6509 4.11506 
0.115311 0.354791 44.638 4.5226 
0.122947 0.318738 42.3226 4.94816 
0.148822 0.526812 35.1193 4.01112 
0.140633 0.279784 38.642 4.32944 
0.167365 0.483678 39.7417 4.26508 
0.108875 0.444875 49.0018 5.10776 
0.119397 0.480849 37.1373 4.00308 
0.156743 0.465514 41.4379 4.17003 
0.138228 0.44019 47.317 5.44173 
0.0919121 0.471001 42.6645 4.77125 
0.132786 0.258445 46.0154 5.49435 
0.11106 0.37223 38.3007 3.92898 
0.136684 0.484657 45.7392 4.54121 
0.128779 0.471683 40.2134 4.20528 
0.0991469 0.418391 36.4721 4.08359 
0.106369 0.468176 42.463 4.55439 
0.12679 0.434427 40.8395 4.51104 
0.140925 0.428354 43.8359 4.51273 
0.147334 0.669851 39.4895 4.29858 
0.114481 0.391873 37.1881 4.18712 
0.116469 0.373397 38.3214 4.38343 
0.129155 0.537344 48.2684 4.67282 
0.12897 0.460958 38.5941 4.47275 
0.136383 0.515651 40.0294 4.34913 
0.109561 0.472756 44.3296 4.80539 
0.139399 0.577326 41.4249 4.09648 
0.127591 0.469722 42.6637 4.45774 
0.115186 0.253157 43.9199 5.10751 
0.108143 0.334091 37.0315 4.32017 
0.115566 0.31937 41.2755 4.92572 
0.127775 0.443276 44.5194 4.82286 
0.10914 0.47366 34.9241 3.63018 
0.132412 0.415251 37.7455 4.06315 
0.125146 0.341195 42.0054 4.73847 
0.10934 0.38432 35.284 4.28659 
0.119012 0.454883 40.9015 4.50747 
0.146481 0.235826 37.0973 4.23524 
0.11447 0.373438 38.7905 4.22522 
0.105515 0.366696 46.2349 4.92584 
0.0993673 0.405622 39.905 4.83477 
0.0982613 0.382476 45.716 5.07407 
0.16246 0.703269 44.583 4.58506 
0.135383 0.437322 42.6595 4.25665 
0.161143 0.52451 42.1649 4.14619 
0.135025 0.390741 39.4981 3.95819 
0.112675 0.485364 41.0999 4.46403 
0.127446 0.547877 41.8832 4.50134 
0.149841 0.317706 39.3177 4.23386 
0.14888 0.517098 41.4461 4.80163 
0.144203 0.438512 40.8553 4.32769 
0.114797 0.530387 38.4612 4.22349 
0.182376 0.574431 45.9091 4.81573 
0.147109 0.302379 39.71 4.46834 
0.110959 0.50093 42.7831 4.84474 
0.123869 0.36242 44.7543 5.02316 
0.0887117 0.257726 39.0185 4.40586 
0.119124 0.549039 39.8866 4.08981 
0.117393 0.431428 36.4636 3.93488 
0.144984 0.376585 40.4406 4.34959 
0.14156 0.405731 48.1719 5.11947 
0.0991785 0.312621 33.3207 3.8148 
0.156145 0.592182 39.297 4.01681 
0.125795 0.341993 42.9655 4.55627 
0.117463 0.575112 37.6392 3.84315 
0.106771 0.439291 39.5283 3.93636 
0.126621 0.538489 40.1932 3.98721 
0.158604 0.517266 38.195 4.40032 
0.101594 0.288884 40.187 4.45666 
0.123589 0.473339 47.0952 5.07501 
0.0855735 0.519012 43.2321 4.45924 
0.0983671 0.286756 34.5046 4.32385 
0.111706 0.444539 40.9928 4.09985 
0.168148 0.465488 44.5795 4.40141 
0.134374 0.396635 39.055 4.51727 
0.109355 0.650608 41.351 4.25032 
0.123367 0.598103 46.5788 5.09052 
0.128837 0.546654 36.7391 3.81923 
0.136965 0.455979 46.5388 4.74068 
0.138945 0.482194 34.9102 3.84496 
0.114906 0.388949 40.9341 4.71042 
0.146446 0.365907 47.1145 5.06914 
0.115631 0.471572 46.4727 4.72538 
0.148801 0.524739 43.305 4.61632 
0.155068 0.493112 39.647 4.39814 
0.102637 0.37783 37.9079 4.31445 
0.0880895 0.382737 47.1471 4.91969 
0.121339 0.548116 41.1733 4.58431 
0.114418 0.347461 34.2018 3.72279 
0.149287 0.378968 40.8203 4.78833 
0.122924 0.402423 43.3298 4.99981 
0.150319 0.627649 38.34 4.23 
0.123619 0.319441 41.7145 4.47183 
0.169913 0.36043 36.6521 3.89576 
0.168475 0.435421 43.225 4.79913 
0.14094 0.418171 46.1127 4.77517 
0.144407 0.368729 39.1655 4.47535 
0.137686 0.423377 43.5934 4.45343 
0.110377 0.496228 40.5158 4.07763 
0.13549 0.450213 39.6437 4.43715 
0.113273 0.35054 39.3951 4.40699 
0.138155 0.49357 45.9456 5.14294 
0.134058 0.483422 35.4387 3.81173 
0.157635 0.664017 44.8803 4.74379 
0.130261 0.392017 38.7432 4.24866 
0.137701 0.479228 42.6364 4.0312 
0.130661 0.526855 36.915 3.69096 
0.126539 0.441115 37.8981 3.89224 
0.121363 0.391348 42.4439 4.82978 
0.10083 0.29321 40.0911 4.25619 
0.126515 0.366227 35.338 3.71823 
0.16563 0.472402 45.9959 4.88483 
0.135376 0.326877 40.3851 4.3668 
0.109251 0.463433 38.9272 3.97141 
0.162404 0.513167 46.966 4.8884 
0.104429 0.395444 48.8329 5.37418 
0.18933 0.465606 38.7096 4.06296 
0.127375 0.438523 36.6423 3.95498 
0.120302 0.411367 42.1851 4.78968 
0.111739 0.399279 33.8647 3.66206 
0.142677 0.495273 37.7684 4.13088 
0.158553 0.459423 41.2573 4.45174 
0.126488 0.430632 45.4401 5.06419 
0.112663 0.26525 41.6769 4.9133 
0.129609 0.395516 44.6861 4.82916 
0.0910121 0.28462 37.4971 4.57403 
0.137015 0.317622 41.7663 4.73051 
0.135114 0.413936 38.4702 4.2779 
0.109898 0.347266 35.3898 4.17996 
0.142487 0.378461 37.6772 4.20252 
0.126899 0.336833 42.3453 4.81367 
0.12641 0.340485 40.1261 4.4771 
0.126589 0.451767 40.0982 4.05602 
0.140896 0.473796 39.6972 4.07458 
0.139606 0.471044 43.8716 4.90524 
0.135544 0.432436 40.6811 4.61341 
0.153245 0.319707 40.782 4.37687 
0.14663 0.48336 41.0595 3.94316 
0.120509 0.440633 37.3841 4.06216 
0.0910195 0.552336 41.7616 4.46308 
0.101527 0.389603 44.0492 4.66872 
0.107732 0.571995 44.6992 4.93891 
0.178939 0.427322 40.8009 4.36858 
0.111938 0.497333 37.8935 3.96731 
0.107646 0.362017 41.3986 4.23657 
0.123243 0.335149 39.2633 4.37761 
0.107779 0.45349 42.5669 4.5269 
0.129405 0.391901 43.1469 4.6421 
0.141637 0.351826 40.356 4.49854 
0.0964526 0.487121 37.237 3.84618 
0.0839406 0.497248 39.5111 4.32651 
0.145023 0.379647 39.4001 4.4934 
0.136847 0.481795 37.1866 4.08123 
0.135236 0.523634 37.0542 4.09044 
0.121077 0.612221 34.9548 3.55062 
0.118416 0.500528 41.1002 4.27351 
0.105473 0.399541 40.9519 4.53236 
0.133806 0.590635 42.1157 4.35942 
0.167387 0.609518 40.0379 4.34891 
0.127516 0.464335 38.6538 4.16482 
0.143048 0.358323 40.2818 4.45754 
0.118075 0.329667 44.6634 5.10155 
0.143254 0.425185 39.7956 4.51272 
0.105723 0.359495 44.9592 5.18885 
0.128981 0.385331 36.3013 4.14399 
0.137962 0.439468 44.217 4.73134 
0.151796 0.51692 40.0967 4.51224 
0.130352 0.508882 38.8976 3.90173 
0.113442 0.355056 36.6264 3.92997 
0.114654 0.443499 40.639 4.38979 
0.120193 0.384278 44.4546 5.04938 
0.129355 0.436385 37.4183 3.95022 
0.149702 0.465385 36.7875 3.7195 
0.162226 0.54409 41.0851 4.47542 
0.113598 0.383418 34.0085 4.11982 
0.119534 0.438848 39.3786 4.63566 
0.114005 0.484712 47.0452 4.81642 
0.133312 0.57436 44.3748 4.56826 
0.106828 0.392334 38.1778 4.26212 
0.144173 0.558345 46.629 4.80121 
0.084627 0.384254 40.2506 4.30263 
0.123472 0.343539 37.3703 4.07123 
0.131496 0.44738 45.0996 4.77901 
0.15191 0.466703 45.8405 4.87993 
0.117595 0.426256 39.269 4.14595 
0.129572 0.322575 37.5163 4.56195 
0.128905 0.549334 39.2807 4.47206 
0.141556 0.426215 36.011 4.12213 
0.130012 0.643723 39.8295 4.16737 
0.1353 0.282347 39.6413 4.77505 
0.148412 0.397026 40.9956 4.20921 
0.107619 0.382241 37.483 4.02592 
0.162774 0.475369 43.7363 4.41947 
0.10847 0.354032 40.4251 4.3546 
0.148301 0.409689 38.7462 4.54868 
0.0896647 0.336278 39.3933 4.43309 
0.127416 0.415372 41.1566 4.40436 
