-862.0123897
-862.0121091
-861.9513948
-861.94517
-861.9314493
-861.9300315
-861.9253044
-861.8882829
-861.8583015
-861.8570458
-861.852329
-861.8387109
-861.8356169
-861.8152626
-861.7413453
-861.7286531
-861.6576029
-861.6385447
-861.6224613
-861.5872182
-861.5495562
-861.5188871
-861.5141961
-861.49474
-861.4919667
-861.3988438
-861.3895694
-861.3842371
-861.3795195
-861.3428134
-861.3029069
-861.2836508
-861.2777773
-861.1456351
-861.1119434
-861.075768
-861.0638401
-861.0484031
-861.0128944
-861.0085763
-861.0033772
-860.9876582
-860.9740541
-860.9710836
-860.9153569
-860.9026875
-860.8869134
-860.8769594
-860.8568646
-860.8215232
-860.7446159
-860.7100437
-860.7062838
-860.649338
-860.5972858
-860.5914551
-860.5709597
-860.5693389
-860.5532053
-860.4762573
-860.4696675
-860.4533628
-860.4515367
-860.4182062
-860.4096742
-860.3860904
-860.3633861
-860.3545326
-860.3399959
-860.3130338
-860.297294
-860.296939
-860.2684232
-860.2305075
-860.2251464
-860.1285323
-860.114757
-860.0286526
-859.9922774
-859.9690433
-859.95919
-859.8665058
-859.8567328
-859.8523676
-859.8432091
-859.8368818
-859.7701184
-859.7489481
-859.7476231
-859.7179559
-859.6612259
-859.6241741
-859.5807366
-859.5729693
-859.5000867
-859.4971162
-859.479834
-859.4408659
-859.4344394
-859.4105645
-859.371482
-859.3656084
-859.3081375
-859.2935699
-859.237315
-859.2122694
-859.1398955
-859.1046433
-859.1029655
-859.0693743
-859.068766
-859.0682065
-858.9865226
-858.9846731
-858.9717687
-858.9592542
-858.9488345
-858.9126437
-858.8672357
-858.8596222
-858.8534958
-858.8051372
-858.7468753
-858.7454485
-858.7299332
-858.6671831
-858.6629683
-858.5853093
-858.5667847
-858.5050064
-858.4884304
-858.470117
-858.4662135
-858.3914571
-858.3854072
-858.3791372
-858.3724883
-858.3439356
-858.3327998
-858.3187214
-858.2854841
-858.261499
-858.2112451
-858.204154
-858.160054
-858.1500278
-858.1200977
-858.0997289
-858.0418287
-857.9463437
-857.9261632
-857.8680742
-857.7539979
-857.7114152
-857.703141
-857.6958339
-857.6918108
-857.680764
-857.5983001
-857.5712575
-857.5385354
-857.5367391
-857.4962666
-857.4603771
-857.4341634
-857.4221872
-857.297944
-857.2690543
-857.2194016
-857.2080516
-857.1725731
-857.1394237
-857.1366721
-857.1153867
-857.1094284
-857.0871725
-857.0299869
-856.9358739
-856.8878656
-856.8863256
-856.7946672
-856.7475271
-856.709312
-856.6900273
-856.6843639
-856.6487299
-856.5757456
-856.5364114
-856.4224634
-856.3687741
-856.3318605
-856.2620683
-856.2503497
-856.2481813
-856.2195628
-856.2042994
-856.1903354
-856.0825415
-855.9932939
-855.9914229
-855.9743622
-855.8698922
-855.8575447
-855.8514873
-855.8499273
-855.8437058
-855.8414826
-855.7844579
-855.7525403
-855.6754106
-855.5750012
-855.546485
-855.5446116
-855.5406434
-855.4579599
-855.4211176
-855.362839
-855.3571218
-855.3230366
-855.1699867
-855.1453132
-855.0522244
-855.0493707
-854.7804283
-854.7669667
-854.7469079
-854.6956622
-854.595291
-854.5767647
-854.5560501
-854.533664
-854.5013047
-854.4179061
-854.2584021
-854.1232541
-854.1208263
-854.1106832
-854.0791514
-854.0519105
-854.0278818
-853.9387271
-853.8964055
-853.8579887
-853.7700947
-853.7353967
-853.713097
-853.6758221
-853.6742111
-853.6491743
-853.6426597
-853.5502863
-853.5330528
-853.5300009
-853.5130246
-853.5074626
-853.4149504
-853.4030588
-853.3556784
-853.288434
-853.2652132
-853.1739763
-853.0863218
-853.073018
-853.0404467
-852.9797078
-852.9534646
-852.9009677
-852.7843487
-852.78232
-852.724601
-852.7159815
-852.7055188
-852.7044579
-852.6658844
-852.6439188
-852.4811132
-852.3730549
-852.3323137
-852.329485
-852.2483452
-852.2403284
-852.1595575
-852.0735125
-851.9906569
-851.9607496
-851.944246
-851.9048546
-851.8994114
-851.8892608
-851.8637997
-851.8498729
-851.8429043
-851.8208197
-851.7529361
-851.7005041
-851.6832972
-851.4713882
-851.4524464
-851.3861568
-851.3131341
-851.2926421
-851.2349088
-851.1762425
-851.1496057
-851.1333743
-851.0804785
-851.0327527
-851.0311337
-850.9730721
-850.9708533
-850.9438042
-850.8963766
-850.8672844
-850.7924953
-850.7513675
-850.7238989
-850.6528346
-850.6341406
-850.6119024
-850.6087262
-850.5530281
-850.5479408
-850.5157601
-850.491702
-850.4661204
-850.4040463
-850.3589942
-850.2252807
-850.1273473
-850.0968551
-849.9953032
-849.9508873
-849.9370631
-849.9159658
-849.8257021
-849.8014882
-849.745103
-849.6991706
-849.6886212
-849.6397843
-849.5490126
-849.3900572
-849.2862807
-849.23399
-849.1465763
-848.9226077
-848.9208369
-848.918222
-848.8822917
-848.8364891
-848.783317
-848.7240496
-848.6826526
-848.6147172
-848.5187742
-848.4303123
-848.3405089
-848.2777702
-848.2672082
-848.1731721
-848.1630052
-848.1080827
-848.1022815
-847.9986748
-847.9680586
-847.8009914
-847.7254022
-847.6375037
-847.516417
-847.4810918
-847.264741
-847.1801117
-847.0963296
-846.9223798
-846.9059517
-846.8520585
-846.7891948
-846.7706962
-846.7583316
-846.7376407
-846.6583999
-846.4964345
-846.3669329
-846.1511541
-846.0389434
-846.0200456
-845.912264
-845.8113916
-845.7327553
-845.673319
-845.6405161
-845.2803717
-845.230829
-845.2267546
-845.1188305
-845.1061416
-845.0428584
-844.8675012
-844.8249932
-844.823088
-844.8064411
-844.7846641
-844.7107905
-844.6650257
-844.6008175
-844.4577452
-844.3561385
-844.3233072
-844.1457088
-844.0203885
-843.9933843
-843.5186327
-843.50595
-843.395831
-843.1700772
-843.0578025
-843.0196197
-843.0045798
-842.9782988
-842.969252
-842.8000021
-842.7177691
-842.6735701
-842.5897016
-842.1752199
-842.132284
-841.8821891
-841.8415256
-841.7994714
-841.7071577
-841.6798042
-841.5432234
-841.296779
-841.1593794
-841.1309644
-840.9885131
-840.9365742
-840.8216335
-840.7320402
-840.7283433
-840.639824
-840.5648205
-840.4365492
-840.2759894
-840.2307586
-840.1974491
-840.166762
-839.9283063
-839.5432388
-839.4324272
-839.3880492
-839.3024744
-839.2920238
-839.2675317
-839.1518804
-839.0494778
-838.8930848
-838.7735093
-838.725781
-838.6985725
-838.566279
-838.1448494
-837.949463
-837.8877068
-837.8875042
-837.8725076
-837.5925833
-837.4247494
-837.1680443
-837.1485999
-836.9673995
-836.6958321
-836.5920218
-836.5015062
-836.3615739
-836.2940088
-836.2561026
-835.8126592
-835.7376782
-835.2924775
-835.1368543
-834.9810169
-834.6726186
-834.061067
-833.6532797
-833.2359777
-832.7186997
-832.5890728
-832.5724835
-831.7195371
-831.338212
-831.1793124
-830.6565648
-830.0661922
-829.3463436
-828.2838763
-828.0845566
-827.8740251
-827.775887
-826.4579164
