0.130027 0.392636 39.0033 5.01049 
0.115252 0.431007 41.6438 5.10223 
0.159406 0.434902 50.78 4.71048 
0.121625 0.700652 49.8688 5.36818 
0.109109 0.242946 46.8715 5.07255 
0.0865563 0.620961 38.0088 4.01437 
0.156861 0.785153 39.2813 3.58835 
0.090452 0.391824 35.4555 4.18024 
0.0764445 0.330202 38.4927 4.53552 
0.138931 0.918494 45.0691 4.08605 
0.0990161 0.22133 37.4963 3.92539 
0.13752 0.425625 39.1494 3.46078 
0.156153 0.362367 44.4571 5.51288 
0.137438 0.253897 33.1624 3.81372 
0.0930429 0.346586 35.5862 3.94398 
0.10062 0.485174 48.1903 5.64653 
0.154032 0.650148 42.023 4.9257 
0.142522 0.546023 52.1375 4.98718 
0.0989505 0.309396 60.9867 7.32753 
0.156926 0.251399 40.5508 4.6294 
0.0886842 0.518821 48.2381 4.55674 
0.0700684 0.274251 36.2856 4.00881 
0.177413 0.633353 41.0435 4.00256 
0.17666 0.672215 36.46 3.85492 
0.0804708 0.321132 37.2158 4.49663 
0.0981264 0.258334 30.9315 3.48659 
0.128199 0.285805 46.2105 4.9022 
0.0713809 0.333169 42.3637 4.16952 
0.161056 0.482005 39.1042 4.4708 
0.12261 0.670647 48.2207 4.88638 
0.168553 0.783893 53.2198 5.53034 
0.155503 0.408626 40.9224 3.98425 
0.187268 0.667164 38.4676 4.1723 
0.1593 0.403106 33.7822 4.069 
0.152508 0.219047 37.7538 4.31801 
0.11317 0.687619 41.7479 3.98111 
0.133337 0.313216 47.3306 4.67625 
0.197665 0.568861 45.5322 4.59505 
0.223635 0.406533 37.7852 4.18606 
0.203558 0.563591 37.3868 4.03558 
0.137754 0.577058 50.0463 5.91461 
0.142624 0.310763 53.5641 5.62796 
0.141269 0.206354 36.2755 4.52585 
0.204145 0.330159 41.1125 4.58961 
0.122619 0.489042 38.5696 3.67466 
0.120189 0.347953 46.7248 5.74011 
0.0886554 0.41223 46.6408 4.77437 
0.112481 0.239089 38.9868 4.20596 
0.173898 0.446324 34.5271 3.51209 
0.17031 0.599127 47.2895 5.42315 
0.161642 0.23085 36.655 4.34157 
0.141709 0.67463 40.407 4.6739 
0.0857234 0.421409 38.2764 3.88096 
0.175307 0.470848 34.5644 3.88553 
0.173363 0.494308 32.6413 3.68901 
0.0996847 0.168695 32.3188 4.44398 
0.0915336 0.203742 41.694 5.07293 
0.0960063 0.570275 49.9246 5.20096 
0.109048 0.346338 45.9609 4.5846 
0.131518 0.578545 51.3981 5.05933 
0.0908111 0.370399 35.388 3.79591 
0.111944 0.303876 54.325 5.95316 
0.0977739 0.224736 33.2718 3.77146 
0.130077 0.410599 37.0923 3.68988 
0.102955 0.248039 43.6535 4.83061 
0.08769 0.584782 37.6044 3.62393 
0.14341 0.33432 45.6343 4.48481 
0.142604 0.510225 46.4262 4.48397 
0.0967613 0.494023 51.6306 5.23246 
0.146211 0.648661 41.651 3.81661 
0.0833262 0.288439 44.5841 4.88263 
0.179338 0.519135 44.1385 4.09807 
0.112943 0.255226 46.0264 5.34972 
0.132463 0.349795 47.8306 5.05571 
0.0812169 0.554195 48.5374 5.05059 
0.100867 0.644686 36.6429 3.54772 
0.10651 0.394488 44.7666 5.06795 
0.181115 0.775859 40.284 3.69724 
0.148111 0.321505 54.0257 5.83199 
0.088819 0.456079 53.3516 5.99457 
0.108973 0.689444 38.0337 3.65256 
0.0950886 0.283492 40.1163 3.98288 
0.137119 0.230023 37.1277 4.19001 
0.134355 0.405532 49.8884 4.61285 
0.136516 0.457307 37.2883 4.69494 
0.158468 0.441794 54.2765 5.6417 
0.14748 0.246345 43.7765 5.00599 
0.136838 0.312383 42.2738 4.99776 
0.156213 0.657188 38.2548 3.70063 
0.153755 0.497404 48.6982 4.40737 
0.0822744 0.238981 37.7209 4.95244 
0.0994882 0.202958 32.4214 4.14 
0.115456 0.276791 44.0909 5.59365 
0.11112 0.494784 43.8014 4.14538 
0.0727136 0.399422 40.44 4.03485 
0.160126 0.561546 39.189 4.49568 
0.103468 0.292834 34.5756 3.8769 
0.144655 0.356831 32.6761 4.04466 
0.133288 0.398486 53.2205 5.26354 
0.198495 0.399565 42.4959 4.1512 
0.0687531 0.284674 29.6553 3.70224 
0.199077 0.321091 40.2215 4.13478 
0.160062 0.315129 33.2942 4.00666 
0.103231 0.446279 46.8067 4.76176 
0.174073 0.300081 45.92 5.10059 
0.141669 0.313522 43.8198 4.71841 
0.140044 0.559733 38.1513 3.94285 
0.0994677 0.616149 47.1859 4.42103 
0.183237 0.511429 38.6004 3.74055 
0.104691 0.557669 33.0806 3.79453 
0.154188 0.468314 37.098 4.59039 
0.183784 0.550873 48.5676 4.77593 
0.147497 0.358454 35.2167 3.7122 
0.0967432 0.215241 39.3782 4.6194 
0.095705 0.320901 43.2953 4.08998 
0.173146 0.724641 34.4948 3.87287 
0.107132 0.215038 40.5473 4.17613 
0.122966 0.525871 50.575 5.31837 
0.0855962 0.221965 41.0646 4.36855 
0.171268 0.755226 39.3838 3.84578 
0.140648 0.736232 38.5195 4.20639 
0.185012 0.517579 34.4518 3.41834 
0.14486 0.392307 36.6624 4.71064 
0.0911585 0.40388 47.2762 4.57898 
0.0780928 0.442498 31.2619 3.37001 
0.091377 0.470558 32.2155 3.67595 
0.17399 0.311933 33.1632 3.61797 
0.130451 0.57382 32.9944 3.67999 
0.145085 0.679361 42.4636 4.38846 
0.20604 0.364858 38.906 4.39421 
0.147904 0.431229 56.2066 5.70909 
0.108344 0.301054 49.6926 5.41949 
0.0863041 0.386886 42.6097 4.40298 
0.195884 0.509208 34.3255 3.71354 
0.0848395 0.328019 38.6317 4.14336 
0.0691638 0.309682 36.2276 3.7624 
0.201711 0.680954 41.4837 4.26914 
0.0687494 0.407255 40.2983 4.56413 
0.117271 0.291258 36.648 3.6827 
0.174481 0.364772 51.6509 5.8901 
0.0571165 0.314185 45.2875 5.25462 
0.107054 0.420321 34.203 3.85317 
0.0677668 0.413756 38.6428 4.44496 
0.0953859 0.651972 48.5653 4.76291 
0.0870576 0.245927 47.3077 5.66541 
0.12712 0.361201 44.7605 5.1816 
0.168976 0.593402 40.6878 4.02653 
0.086901 0.315222 37.0511 4.016 
0.127757 0.323314 44.1274 4.64966 
0.123059 0.180296 30.5456 4.15617 
0.204243 0.425621 45.4123 4.47637 
0.163046 0.60207 54.6856 5.76655 
0.123482 0.472055 33.9705 4.07309 
0.127502 0.323767 34.3874 3.99518 
0.110095 0.348967 34.1084 3.64626 
0.181336 0.335613 38.4425 3.90431 
0.123131 0.387216 53.6523 6.02466 
0.10173 0.362956 44.161 5.16367 
0.077324 0.677911 45.8282 4.63598 
0.128099 0.431678 49.6809 4.71734 
0.10003 0.614065 38.9025 4.42534 
0.12125 0.306896 42.4042 4.79665 
0.106577 0.401924 35.2227 3.46715 
0.105344 0.335882 33.0122 3.58386 
0.145173 0.390955 33.4858 3.25058 
0.0851853 0.480166 34.1746 3.45886 
0.112045 0.220204 36.8423 4.48498 
0.122524 0.431236 41.6646 3.97989 
0.135546 0.579656 43.269 4.33876 
0.18609 0.348844 39.5014 4.31872 
0.164509 0.427377 57.1918 5.82593 
0.0615594 0.300107 39.7798 4.38343 
0.105372 0.500229 32.5541 3.48266 
0.111713 0.28347 45.2646 5.34761 
0.162538 0.797306 48.0085 4.56579 
0.184348 0.523733 38.4904 4.40239 
0.143788 0.261822 44.7225 4.91367 
0.122883 0.318468 42.2626 5.02679 
0.0891899 0.517942 39.3018 4.3757 
0.149984 0.410663 47.0513 4.89951 
0.120772 0.463815 46.0666 4.22345 
0.0827532 0.423193 41.2427 4.82961 
0.18111 0.668362 44.0787 4.67631 
0.109387 0.289836 42.0062 4.38178 
0.163363 0.410766 47.0558 5.46827 
0.111501 0.302385 31.0951 3.25904 
0.138794 0.617323 44.7027 4.07133 
0.154805 0.284605 49.4523 5.61066 
0.115063 0.359085 49.6346 6.14999 
0.119492 0.429189 32.9983 3.32792 
0.0836606 0.286479 34.8279 3.67523 
0.111697 0.311716 51.3387 5.6111 
0.117568 0.219425 35.7703 4.18399 
0.150353 0.597986 46.7424 4.0918 
0.163181 0.645051 48.3461 5.41378 
0.0847074 0.330153 37.0417 4.3513 
0.12585 0.521707 36.9877 3.27062 
0.148905 0.484502 48.6577 4.52638 
0.132543 0.298823 43.5496 4.27849 
0.0974519 0.291993 39.0501 4.63301 
0.15494 0.60003 37.3039 3.88509 
0.168718 0.356501 31.1693 3.44089 
0.14685 0.500826 43.3757 4.96253 
0.209436 0.352721 43.7553 4.65232 
0.0998655 0.425614 34.9719 3.6361 
0.145067 0.304524 35.2564 3.9938 
0.131872 0.911793 41.7791 4.2223 
0.0757558 0.394898 32.0951 3.70849 
0.134822 0.374462 41.0052 3.91775 
0.111727 0.463543 43.1735 5.2067 
0.173742 0.583398 34.5911 3.40973 
0.100105 0.296531 46.9072 5.78969 
0.0880726 0.331114 48.6399 6.0109 
0.173429 0.502988 38.2654 4.65581 
0.117594 0.517622 40.0994 4.15977 
0.121033 0.300563 35.991 4.68456 
0.0886392 0.340447 49.4317 5.58889 
0.19598 0.341743 35.8759 4.06848 
0.091999 0.47821 33.7414 3.59271 
0.14852 0.306821 39.9822 4.06975 
0.091933 0.411124 36.5252 3.81018 
0.143754 0.651769 38.9549 4.10816 
0.130161 0.485237 40.309 4.22777 
0.123237 0.258442 36.0703 4.19406 
0.0706475 0.329051 35.7546 3.95613 
0.210484 0.405749 38.2469 4.11059 
0.123694 0.599983 45.2709 4.31227 
0.171561 0.561195 48.7826 5.54392 
0.122022 0.618139 33.409 3.66006 
0.111689 0.476707 52.2257 5.10046 
0.151217 0.27614 43.5767 5.41283 
0.106833 0.455017 44.7034 4.67221 
0.166433 0.680243 35.5655 3.4045 
0.101991 0.24736 42.7722 5.3235 
0.127985 0.32733 43.1734 4.31784 
0.145067 0.403938 45.899 4.38075 
0.173917 0.320446 46.0757 5.09243 
0.133693 0.28358 44.3348 4.65483 
0.177986 0.710186 38.6732 3.89937 
0.166239 0.610838 38.8159 3.85787 
0.0958443 0.441929 39.083 3.84684 
0.137675 0.205976 40.7919 4.5743 
0.139798 0.437005 48.2835 5.32243 
0.117375 0.322528 49.7004 5.84874 
0.130322 0.399344 46.0778 4.46384 
0.103627 0.55372 43.0004 4.41659 
0.0808449 0.322233 30.9294 3.87171 
0.0930866 0.495058 49.6407 5.1646 
0.0639445 0.23561 38.7114 4.69667 
0.109352 0.399368 46.7162 5.57699 
0.0923729 0.408811 42.2892 5.15949 
0.126208 0.23731 37.1406 4.61908 
0.0940389 0.468579 34.9407 3.73382 
0.0869105 0.404453 38.5233 4.46153 
0.101559 0.466669 37.7591 3.73955 
0.147659 0.552184 42.1925 4.00396 
0.146072 0.378748 47.4573 4.897 
0.0906403 0.43206 35.0255 4.12971 
0.0819199 0.363163 41.5779 4.58233 
0.120524 0.341063 51.2165 5.71001 
0.164737 0.300711 42.3066 5.0136 
0.106445 0.476407 47.2734 5.38245 
0.138235 0.62183 40.5081 4.07886 
0.194011 0.64109 47.3634 5.04009 
0.0895889 0.288808 36.666 3.75443 
0.110659 0.323555 48.6263 5.77885 
0.169852 0.776652 44.0454 4.242 
0.101664 0.214372 34.134 4.43987 
0.0989811 0.36032 42.6039 4.7473 
0.175751 0.523982 46.7732 4.92006 
0.151718 0.461421 42.3057 4.7674 
0.0960184 0.560059 50.1115 5.20776 
0.0950878 0.276034 46.2735 4.90533 
0.0954382 0.459073 44.3796 4.86802 
0.18245 0.580562 35.1983 3.91818 
0.15075 0.462789 40.5629 3.71604 
0.133706 0.356929 39.6318 3.88656 
0.196991 0.415956 37.5368 4.28917 
0.160634 0.721667 38.6749 3.75052 
0.129336 0.463992 50.7799 5.85655 
0.100194 0.286273 40.0309 4.45368 
0.125765 0.476503 49.9185 4.55073 
0.128959 0.695398 41.1475 4.10353 
0.170092 0.627299 42.79 4.78896 
0.0975543 0.408863 47.7781 5.0165 
0.193887 0.687494 37.9442 3.59329 
0.122534 0.280011 33.6343 3.95246 
0.118579 0.488121 44.8374 4.24553 
0.0988622 0.251997 44.585 5.23995 
0.103289 0.211338 42.1061 4.6212 
0.0854284 0.502154 40.5691 4.82156 
0.0839128 0.440305 39.096 4.53208 
0.158919 0.315181 45.4114 4.6141 
0.0853676 0.513036 47.0203 4.74945 
0.0799602 0.360814 43.9028 4.59512 
0.111873 0.264109 35.1028 3.72052 
0.151602 0.26919 38.0511 4.80081 
0.154198 0.280861 39.2758 4.2448 
0.0628837 0.34792 39.8497 4.51567 
0.0945549 0.366568 35.9255 3.51798 
0.129996 0.389321 39.6304 4.68248 
0.127396 0.307653 44.2238 4.29596 
0.113054 0.372864 45.5833 4.48922 
0.156115 0.802366 34.6359 3.6952 
0.129686 0.57655 38.7692 4.12106 
0.0975967 0.34531 44.5831 4.71331 
0.120479 0.368157 45.2499 4.34391 
0.123404 0.359214 47.1244 5.56453 
0.147086 0.385702 56.6034 5.8019 
0.125436 0.601916 51.8704 5.17828 
0.0995858 0.243829 33.7186 4.30394 
0.107096 0.262873 37.1336 3.99545 
0.124021 0.705632 43.1801 4.93076 
0.150546 0.49415 49.3075 5.62814 
0.0818557 0.500243 40.8546 4.41755 
0.153169 0.298729 35.8243 3.89049 
0.147391 0.504687 45.5495 4.14654 
0.172358 0.358882 41.8547 4.87569 
0.145713 0.411023 56.5078 5.97999 
0.0818841 0.454282 34.5061 3.79273 
0.147932 0.302979 43.0353 5.05616 
0.0751193 0.349341 43.2641 4.80477 
0.0987812 0.301657 41.3682 4.24267 
0.100965 0.395152 34.532 4.26373 
0.129756 0.528508 51.3584 5.39168 
0.0852862 0.299592 34.6679 3.90162 
0.108213 0.526246 44.9235 4.07425 
0.131312 0.260988 37.477 4.21332 
0.113103 0.317731 47.6042 5.10819 
0.108195 0.333807 41.0476 4.7811 
0.0748558 0.309983 39.3684 4.56304 
0.200603 0.412585 45.5097 4.83517 
0.115221 0.344668 47.9098 5.51642 
0.0797824 0.360286 38.93 4.18304 
0.134243 0.529633 37.4726 4.3285 
0.0911465 0.391735 35.3821 3.95067 
0.124443 0.28955 41.3555 4.46789 
0.124337 0.384319 32.9374 3.42643 
0.13072 0.285926 40.1334 3.90281 
0.162452 0.562233 37.0998 3.81804 
0.190479 0.449261 34.5261 4.04738 
0.103666 0.44846 35.8658 3.8544 
0.188327 0.482425 39.1679 3.98105 
0.13583 0.422581 50.5551 5.01865 
0.175994 0.624421 42.6353 4.47507 
0.138639 0.66758 47.8301 4.50175 
0.163059 0.617377 43.5306 4.16615 
0.0837983 0.325759 41.8105 5.00972 
0.144179 0.267998 39.9052 4.24719 
0.161907 0.410336 45.7953 4.86451 
0.150813 0.341289 34.6674 3.83369 
0.100458 0.424682 55.3613 5.76682 
0.154202 0.424437 41.1209 4.19685 
0.111106 0.322251 42.7539 4.48847 
0.140528 0.419675 37.1326 4.49644 
0.0773097 0.31629 49.014 5.45602 
0.151123 0.638324 46.9817 4.75625 
0.171985 0.440231 38.0472 3.80297 
0.141046 0.501031 54.1661 5.41018 
0.144393 0.437791 43.654 5.04767 
0.171429 0.579423 38.0342 3.67921 
0.118355 0.335997 43.3929 4.7351 
0.118552 0.514142 53.0216 5.78275 
0.17585 0.473497 35.8677 3.62338 
0.156373 0.50213 51.7683 5.74012 
0.0986664 0.479633 32.0444 3.819 
0.159492 0.744866 43.5977 4.30282 
0.207161 0.456439 45.8651 4.85233 
0.0882516 0.41335 48.1945 5.68148 
0.147994 0.478737 47.2752 5.12452 
0.165643 0.383853 39.1745 4.52337 
0.0847525 0.403887 37.7951 4.11 
0.0931886 0.212454 36.4705 4.54679 
0.136115 0.367581 40.8612 4.07449 
0.144769 0.424056 36.2692 3.86609 
0.1679 0.456504 42.599 4.80952 
0.176101 0.329603 45.6305 5.05175 
0.110172 0.351988 45.4471 4.67279 
0.111013 0.411996 35.1714 3.9142 
0.163961 0.33811 45.231 5.32957 
0.104636 0.308393 45.3162 4.826 
0.111359 0.52611 41.1923 3.8683 
0.157378 0.345202 48.5432 5.65978 
0.0823183 0.373527 39.7156 4.27443 
0.0856491 0.426517 40.7685 4.64336 
0.194284 0.505219 48.0508 5.12577 
0.128297 0.441106 44.8031 5.17364 
0.120756 0.498336 35.2405 3.51276 
0.180152 0.526579 39.1061 3.9403 
0.0716416 0.375019 38.2688 3.89937 
0.171381 0.29781 39.174 4.0731 
0.0955045 0.28304 34.0807 3.93165 
0.173622 0.467699 39.535 4.20288 
0.124639 0.426433 45.158 5.31948 
0.134894 0.495965 54.973 6.38322 
0.110895 0.710725 44.969 4.58461 
0.0840947 0.497018 41.8562 4.33327 
0.125399 0.537645 34.3519 4.04979 
0.151424 0.367724 47.5424 4.83358 
0.122617 0.420371 35.0784 4.20814 
0.175958 0.413936 45.4665 4.66639 
0.156617 0.315457 42.1018 4.5375 
0.179287 0.313421 47.7038 5.10914 
0.152617 0.501074 52.4213 5.74069 
0.152576 0.389318 46.2003 4.61247 
0.138814 0.391626 45.3 4.67307 
0.114242 0.557043 36.2964 4.15064 
0.186054 0.448572 44.2041 4.37034 
0.11117 0.412838 36.6146 4.45023 
0.131797 0.371 41.8004 4.9686 
0.14149 0.590086 43.1124 4.35945 
0.120132 0.338381 41.1831 4.72637 
0.186531 0.317821 47.4029 4.97615 
0.126884 0.217962 37.1379 4.2676 
0.122353 0.521923 53.0438 5.44791 
0.154522 0.295403 47.7352 5.34515 
0.14498 0.397237 38.4047 3.92236 
0.16378 0.566368 39.3593 4.08312 
0.116569 0.655495 42.5181 4.20383 
0.107261 0.66044 37.3435 4.24122 
0.140835 0.35144 43.5845 4.80178 
0.086025 0.475524 35.6669 4.06612 
0.072404 0.288995 41.3986 4.82024 
0.120057 0.225064 38.6148 4.20503 
0.108829 0.330027 48.0177 5.08592 
0.142205 0.445685 40.4513 4.19071 
0.137635 0.358021 48.6438 5.24388 
0.136478 0.393119 48.5447 5.70029 
0.0783914 0.38612 42.4765 4.5161 
0.111077 0.400205 42.0052 4.84918 
0.173913 0.602629 40.5057 4.41412 
0.134358 0.525537 36.4329 3.74812 
0.097356 0.39268 37.4913 4.24451 
0.130213 0.583434 37.6724 3.79743 
0.093954 0.4883 40.7234 4.47133 
0.0957092 0.465752 38.638 4.55675 
0.179585 0.579528 40.6159 4.34918 
0.159591 0.441142 37.9361 4.24865 
0.119014 0.432164 41.8983 4.47174 
0.150316 0.492989 46.5224 5.2784 
0.13696 0.445927 38.9686 4.44107 
0.0890906 0.4811 35.4665 4.22024 
0.108167 0.488771 37.95 3.9445 
0.131113 0.414494 48.6457 5.12299 
0.118272 0.544895 45.3043 4.88381 
0.15152 0.276894 39.971 4.34848 
0.147477 0.345464 38.7147 4.1825 
0.122369 0.413265 41.4976 4.34394 
0.153068 0.597112 36.5752 4.05776 
0.125943 0.362076 40.7887 4.70188 
0.0829234 0.387651 42.769 4.73116 
0.161347 0.544992 50.9936 5.61349 
0.112815 0.408282 38.1485 4.32617 
0.123745 0.590138 38.6056 3.96879 
0.150006 0.528775 43.0041 4.74428 
0.0895795 0.342789 39.8089 4.81054 
0.0849944 0.491136 38.9676 3.72858 
0.149202 0.558814 43.2035 4.42262 
0.183758 0.360758 37.0297 4.03786 
0.102705 0.528151 34.7344 3.77222 
0.155723 0.375373 40.8813 4.69768 
0.158849 0.401831 41.849 4.24511 
0.0877169 0.461723 43.2064 4.59299 
0.147196 0.384512 40.4848 4.15871 
0.100533 0.216007 44.3051 5.35782 
0.127307 0.323654 44.0523 5.0447 
0.167131 0.42851 44.0135 4.39794 
0.105742 0.509573 42.9447 4.36129 
0.150428 0.444491 41.8939 4.57097 
0.132694 0.453829 37.8341 3.88749 
0.159328 0.429834 34.6492 3.98343 
0.118525 0.415062 37.0519 4.49726 
0.153292 0.580131 41.6006 4.2042 
0.141508 0.47471 37.0848 4.09777 
0.0852013 0.287566 37.2016 4.19788 
0.1743 0.396816 40.132 4.34692 
0.131245 0.417315 42.7392 4.41265 
0.111619 0.326457 37.178 4.12327 
0.111145 0.406172 44.9323 4.62264 
0.148824 0.560579 37.8487 3.63831 
0.11046 0.250307 36.8648 4.16898 
0.117895 0.375975 42.6298 4.93449 
0.176596 0.530922 38.1455 3.97733 
0.178759 0.461464 42.88 4.24321 
0.143027 0.440044 43.658 4.90643 
0.119214 0.547617 39.9385 4.35054 
0.122947 0.318738 42.3226 4.94816 
0.115566 0.31937 41.2755 4.92572 
0.127775 0.443276 44.5194 4.82286 
0.0991785 0.312621 33.3207 3.8148 
0.158604 0.517266 38.195 4.40032 
0.111706 0.444539 40.9928 4.09985 
0.128837 0.546654 36.7391 3.81923 
0.155068 0.493112 39.647 4.39814 
0.168475 0.435421 43.225 4.79913 
0.121363 0.391348 42.4439 4.82978 
0.135114 0.413936 38.4702 4.2779 
0.107732 0.571995 44.6992 4.93891 
0.105473 0.399541 40.9519 4.53236 
0.10847 0.354032 40.4251 4.3546 
