-834.3337323
-834.3250578
-834.2751196
-834.2729508
-834.2570703
-834.2409142
-834.2012001
-834.1905203
-834.1887637
-834.1884974
-834.186243
-834.1805045
-834.1728747
-834.1562847
-834.1345255
-834.0987741
-834.0853213
-834.0852268
-834.0814939
-834.0636776
-834.061067
-834.0500073
-834.0485931
-834.0481927
-834.0337033
-834.0131153
-834.0104584
-833.9983636
-833.9929486
-833.9798
-833.9733648
-833.9562286
-833.910209
-833.9052499
-833.9050012
-833.9009271
-833.8732467
-833.8710791
-833.8536539
-833.8506371
-833.8461423
-833.840321
-833.7755317
-833.7747402
-833.7483216
-833.7447313
-833.7107044
-833.6979391
-833.6532797
-833.6427325
-833.6426488
-833.6374928
-833.6367851
-833.6135654
-833.5781494
-833.5747685
-833.5698225
-833.5681732
-833.5654178
-833.565026
-833.5445545
-833.5409092
-833.5386882
-833.5346831
-833.5299256
-833.5256449
-833.502048
-833.4910224
-833.4742282
-833.4536139
-833.4366848
-833.4211204
-833.4109044
-833.4067761
-833.4046918
-833.3911098
-833.3887602
-833.3861943
-833.3800426
-833.3743234
-833.3641367
-833.3618426
-833.34514
-833.3410243
-833.3391314
-833.3183034
-833.3171762
-833.3113416
-833.3073792
-833.3054432
-833.2962135
-833.2848045
-833.2757949
-833.2591956
-833.2583944
-833.2359777
-833.2356865
-833.2332519
-833.2212196
-833.2075724
-833.2019215
-833.1901986
-833.1611469
-833.1532624
-833.1527138
-833.1362358
-833.1274496
-833.1226147
-833.1062944
-833.1017149
-833.0966549
-833.0802203
-833.0786658
-833.0558737
-833.053347
-833.0471057
-833.0406482
-833.0272039
-833.0080482
-832.9888791
-832.984704
-832.9797649
-832.9795889
-832.9766385
-832.9680947
-832.9653941
-832.9605763
-832.9586006
-832.9532602
-832.9523695
-832.9241644
-832.9155392
-832.9087116
-832.9072761
-832.8866244
-832.8848386
-832.8590547
-832.8550265
-832.7953022
-832.7766968
-832.7762973
-832.7520845
-832.7409302
-832.7394242
-832.7308206
-832.727435
-832.7186997
-832.7179051
-832.7095955
-832.6989134
-832.6646754
-832.6531697
-832.642661
-832.6330058
-832.616492
-832.6161684
-832.605201
-832.6002958
-832.5890728
-832.5866913
-832.5724835
-832.5479139
-832.4823466
-832.4755361
-832.4719626
-832.4441776
-832.4426794
-832.4383097
-832.4341718
-832.4258651
-832.4249425
-832.4064599
-832.3915036
-832.385782
-832.3300051
-832.3240553
-832.3086632
-832.3049961
-832.2881765
-832.2323633
-832.229537
-832.1711371
-832.1593559
-832.1560976
-832.1358691
-832.1083117
-832.101811
-832.0868195
-832.0865357
-832.0799042
-832.0751065
-832.072697
-832.0619388
-832.0441992
-832.0416765
-832.0397189
-832.0299983
-832.0299897
-832.0285915
-832.026747
-832.0214732
-832.019075
-832.0071588
-832.0051614
-832.0027591
-831.9840943
-831.978943
-831.963473
-831.9184247
-831.9174002
-831.9014871
-831.8984006
-831.8817555
-831.8741871
-831.8611378
-831.8500632
-831.8499075
-831.8433912
-831.8414189
-831.8406954
-831.8347763
-831.825562
-831.8211615
-831.8186089
-831.7815417
-831.7596433
-831.7567099
-831.7435272
-831.7345228
-831.7328124
-831.731768
-831.7290745
-831.7235559
-831.7195371
-831.712797
-831.707984
-831.6994827
-831.692749
-831.6854353
-831.6837087
-831.6641563
-831.6557206
-831.6440667
-831.5979816
-831.5777048
-831.5568382
-831.5541292
-831.5506873
-831.5490802
-831.5371868
-831.5312338
-831.5120095
-831.4975105
-831.4836172
-831.4827226
-831.4813118
-831.456471
-831.4461525
-831.4406749
-831.4321731
-831.4275308
-831.3971873
-831.3945287
-831.3890003
-831.3814878
-831.3723041
-831.3654182
-831.3598353
-831.3432553
-831.342481
-831.3411538
-831.338212
-831.3366366
-831.3365392
-831.3144469
-831.3118735
-831.214082
-831.198755
-831.180729
-831.1793124
-831.1534906
-831.1361586
-831.1345175
-831.1178044
-831.1139802
-831.1105981
-831.0919619
-831.0820505
-831.0680673
-831.0676863
-831.0599779
-831.0557439
-831.0399021
-831.0356065
-831.0102097
-830.9874621
-830.9767284
-830.9666189
-830.962919
-830.9330659
-830.9089991
-830.9076232
-830.9071875
-830.9043574
-830.8867502
-830.8862693
-830.8309122
-830.8143395
-830.8062519
-830.7493029
-830.7321311
-830.7035126
-830.6992092
-830.6852075
-830.6732746
-830.6715162
-830.6624961
-830.6608181
-830.6570981
-830.6565648
-830.6462505
-830.6312173
-830.6101269
-830.6042141
-830.5732064
-830.5710583
-830.5535818
-830.4978693
-830.494414
-830.4666961
-830.4612733
-830.4596726
-830.4547302
-830.4532581
-830.4499007
-830.4366392
-830.4275809
-830.4028301
-830.3965873
-830.3788778
-830.3786975
-830.3699895
-830.3268278
-830.2950228
-830.2906434
-830.2841515
-830.2406172
-830.2343519
-830.233415
-830.1951017
-830.1818139
-830.1744464
-830.1265756
-830.1254597
-830.1202859
-830.118141
-830.1133418
-830.0833026
-830.0686145
-830.067519
-830.0661922
-830.0488435
-830.0443718
-830.0267131
-830.0212523
-830.0146591
-829.9762016
-829.9725833
-829.9723173
-829.9674557
-829.9539366
-829.9455151
-829.9082202
-829.8959857
-829.891768
-829.8677182
-829.8656593
-829.8558832
-829.8404912
-829.7943193
-829.7884856
-829.7602301
-829.7597314
-829.7236027
-829.718784
-829.6457698
-829.5665373
-829.5607465
-829.540934
-829.5057217
-829.4872686
-829.4868876
-829.4631793
-829.4571539
-829.4453337
-829.4424049
-829.4352772
-829.4048986
-829.4001766
-829.3944408
-829.3863512
-829.3663879
-829.3613514
-829.3506617
-829.3463436
-829.3424817
-829.3208338
-829.2983636
-829.2133956
-829.1654317
-829.1348746
-829.0157533
-828.985706
-828.9796563
-828.9342694
-828.9156561
-828.8592121
-828.8103746
-828.7658174
-828.7342671
-828.6917651
-828.6860386
-828.6516103
-828.5249476
-828.4939276
-828.446151
-828.4441907
-828.4326365
-828.4313915
-828.4063075
-828.3995351
-828.3526124
-828.3296508
-828.3171769
-828.3096523
-828.2838763
-828.2518976
-828.2176942
-828.1905349
-828.1581632
-828.0845566
-828.0599114
-828.0422164
-828.0144754
-827.8899447
-827.8740251
-827.8350178
-827.8249379
-827.8036579
-827.7908399
-827.775887
-827.6960628
-827.6608745
-827.6321655
-827.5582723
-827.5543297
-827.5146603
-827.4171572
-827.3610081
-827.3526899
-827.327058
-827.322525
-827.2930301
-827.280734
-827.2766708
-827.2631262
-827.1165989
-827.0749123
-827.0534318
-826.9946389
-826.9700175
-826.9429788
-826.920488
-826.4884878
-826.4788526
-826.4579164
-826.4309664
-826.4286157
-826.4268475
-826.3752881
-826.3466752
-826.2960585
-826.1312112
-826.0328498
-826.0225394
-826.0184823
-825.9304
-825.8692301
-825.7918206
-825.7592342
-825.713106
-825.5572044
-825.3667159
-825.3582698
-825.263557
-824.4521934
-824.0922702
-823.8720227
-823.6378867
-823.44516
