-858.3439356
-858.3327998
-858.3187214
-858.3047211
-858.2854841
-858.261499
-858.2112451
-858.204154
-858.1900876
-858.160054
-858.1500278
-858.1200977
-858.0997289
-858.0786061
-858.0728737
-858.0418287
-857.9936511
-857.9711692
-857.9463437
-857.9261632
-857.925894
-857.8835516
-857.8680742
-857.8040599
-857.7617029
-857.7539979
-857.7247963
-857.7114152
-857.703141
-857.6958339
-857.6918108
-857.680764
-857.5983001
-857.5878068
-857.5712575
-857.5385354
-857.5367391
-857.4962666
-857.4603771
-857.4341634
-857.4221872
-857.3625441
-857.3374343
-857.3250729
-857.297944
-857.2874151
-857.2762163
-857.2690543
-857.2433374
-857.2194016
-857.2080516
-857.1813838
-857.1725731
-857.1394237
-857.1366721
-857.1153867
-857.1101111
-857.1094284
-857.0871725
-857.0299869
-856.9358739
-856.8878656
-856.8863256
-856.8662193
-856.8479376
-856.807709
-856.7981574
-856.7946672
-856.7475271
-856.709312
-856.6900273
-856.6843639
-856.6521315
-856.6487299
-856.5969986
-856.5757456
-856.5638408
-856.5364114
-856.4224634
-856.3687741
-856.3318605
-856.2620683
-856.2503497
-856.2481813
-856.2195628
-856.2042994
-856.1903354
-856.1837714
-856.0827956
-856.0825415
-856.007361
-855.9932939
-855.9914229
-855.9743622
-855.8719612
-855.8698922
-855.8575447
-855.8514873
-855.8499273
-855.8437058
-855.8414826
-855.8178273
-855.7844579
-855.7525403
-855.6754106
-855.6554541
-855.6428583
-855.5750012
-855.546485
-855.5446116
-855.5406434
-855.5391254
-855.5309029
-855.5029381
-855.4898656
-855.4579599
-855.4211176
-855.3671742
-855.362839
-855.3571218
-855.3230366
-855.2430809
-855.1896294
-855.1735409
-855.1699867
-855.1453132
-855.0522244
-855.0493707
-854.9700368
-854.9653835
-854.9645057
-854.7804283
-854.7669667
-854.7469079
-854.6956622
-854.620228
-854.595291
-854.5767647
-854.5560501
-854.533664
-854.5013047
-854.4501076
-854.4179061
-854.3634842
-854.2798565
-854.2584021
-854.2222517
-854.2214877
-854.1232541
-854.1208263
-854.1119833
-854.1106832
-854.0808315
-854.0791514
-854.0519105
-854.0278818
-853.9977311
-853.9893498
-853.9387271
-853.8964055
-853.8579887
-853.8185505
-853.7700947
-853.7353967
-853.713097
-853.7053705
-853.6758221
-853.6742111
-853.6665815
-853.6491743
-853.6426597
-853.5502863
-853.5330528
-853.5300009
-853.5130246
-853.5074626
-853.4149504
-853.4030588
-853.3556784
-853.288434
-853.2652132
-853.1852012
-853.1739763
-853.0863218
-853.073018
-853.0404467
-853.02623
-852.9797078
-852.9534646
-852.9241614
-852.9009677
-852.8120277
-852.7843487
-852.78232
-852.724601
-852.7159815
-852.7055188
-852.7044579
-852.6658844
-852.6439188
-852.6091397
-852.4811132
-852.442383
-852.3730549
-852.3323137
-852.329485
-852.2483452
-852.2403284
-852.1595575
-852.0735125
-852.0253733
-851.9906569
-851.9844704
-851.9748863
-851.9607496
-851.944246
-851.9048546
-851.8994114
-851.8892608
-851.8637997
-851.8498729
-851.846818
-851.8429043
-851.8208197
-851.7529361
-851.7503196
-851.7005041
-851.6832972
-851.6662143
-851.4922551
-851.4713882
-851.4524464
-851.3861568
-851.3131341
-851.2926421
-851.2697766
-851.2349088
-851.1762425
-851.1496057
-851.1333743
-851.1226051
-851.0804785
-851.0508138
-851.0327527
-851.0311337
-850.9730721
-850.9708533
-850.9438042
-850.8963766
-850.8941463
-850.8672844
-850.7924953
-850.7513675
-850.7366943
-850.7238989
-850.6888448
-850.6528346
-850.6341406
-850.6119024
-850.6087262
-850.5530281
-850.5479408
-850.5157601
-850.491702
-850.4661204
-850.4150034
-850.4040463
-850.3761482
-850.3589942
-850.2252807
-850.1273473
-850.1180561
-850.0968551
-849.9953032
-849.9508873
-849.9370631
-849.9159658
-849.8257021
-849.8014882
-849.745103
-849.722379
-849.6991706
-849.6886212
-849.6397843
-849.5490126
-849.3900572
-849.3819764
-849.380155
-849.3496678
-849.2862807
-849.283714
-849.23399
-849.1465763
-848.95672
-848.9226077
-848.9208369
-848.918222
-848.8822917
-848.8364891
-848.783317
-848.7240496
-848.6826526
-848.6147172
-848.5726303
-848.5187742
-848.4303123
-848.3405089
-848.2777702
-848.2672082
-848.1731721
-848.1630052
-848.1080827
-848.1022815
-847.9986748
-847.9680586
-847.9483537
-847.941245
-847.8009914
-847.7254022
-847.6578446
-847.6375037
-847.5407882
-847.516417
-847.4810918
-847.264741
-847.1801117
-847.1391628
-847.1196173
-847.0963296
-846.9223798
-846.9059517
-846.861339
-846.8520585
-846.7891948
-846.7706962
-846.7583316
-846.7376407
-846.6583999
-846.5252039
-846.4964345
-846.3669329
-846.1511541
-846.0389434
-846.0200456
-845.912264
-845.9116025
-845.9001327
-845.8113916
-845.8102914
-845.7327553
-845.673319
-845.6405161
-845.4417316
-845.4270671
-845.2803717
-845.230829
-845.2267546
-845.1188305
-845.1061416
-845.0428584
-844.8675012
-844.8249932
-844.823088
-844.8064411
-844.7846641
-844.747872
-844.7107905
-844.6650257
-844.6008175
-844.4766023
-844.4577452
-844.3824999
-844.3561385
-844.3233072
-844.3205606
-844.1457088
-844.0372571
-844.0203885
-843.9933843
-843.8178999
-843.7657338
-843.6343813
-843.5931121
-843.5186327
-843.50595
-843.395831
-843.1700772
-843.0578025
-843.0196197
-843.0045798
-842.9782988
-842.969252
-842.8883441
-842.8000021
-842.7575642
-842.7177691
-842.6735701
-842.5897016
-842.3401743
-842.3126862
-842.1752199
-842.132284
-841.8821891
-841.8415256
-841.7994714
-841.7071577
-841.6798042
-841.672679
-841.5432234
-841.4853113
-841.296779
-841.1593794
-841.1309644
-840.9885131
-840.9879571
-840.9365742
-840.8906451
-840.8216335
-840.7320402
-840.7283433
-840.6666927
-840.639824
-840.5648205
-840.4594703
-840.4365492
-840.4034877
-840.2759894
-840.2702743
-840.2307586
-840.1974491
-840.166762
-839.9283063
-839.5877005
-839.5432388
-839.4324272
-839.3880492
-839.3521357
-839.3024744
-839.2920238
-839.2675317
-839.1518804
-839.117574
-839.0494778
-838.8930848
-838.7735093
-838.725781
-838.6985725
-838.566279
-838.4877045
-838.434196
-838.1448494
-837.949463
-837.8877068
-837.8875042
-837.8832977
-837.8725076
-837.5925833
-837.4247494
-837.3369563
-837.1680443
-837.1485999
-836.9673995
-836.6958321
-836.5920218
-836.5015062
-836.3615739
-836.2940088
-836.2561026
-835.8883123
-835.8126592
-835.7376782
-835.2924775
-835.1368543
-834.9810169
-834.8905974
-834.7867651
-834.6726186
-834.061067
-833.6532797
-833.3171762
-833.2359777
-833.1017149
-832.7186997
-832.5890728
-832.5724835
-831.7567099
-831.7345228
-831.7195371
-831.338212
-831.1793124
-830.6565648
-830.1254597
-830.0661922
-829.3463436
-829.1654317
-828.2838763
-828.0845566
-827.8740251
-827.775887
-826.4579164
