-853.5502863
-853.5330528
-853.5300009
-853.5130246
-853.5074626
-853.4887839
-853.4620155
-853.4149504
-853.4030588
-853.372282
-853.3556784
-853.2915234
-853.288434
-853.2652132
-853.2556438
-853.2556
-853.2275313
-853.1852012
-853.1739763
-853.1237708
-853.0863218
-853.0861966
-853.073018
-853.0528541
-853.0404467
-853.0278838
-853.02623
-852.9971991
-852.9797078
-852.9534646
-852.9241614
-852.9009677
-852.8900517
-852.8655731
-852.8120277
-852.7982046
-852.7843487
-852.78232
-852.764893
-852.724601
-852.7159815
-852.7055188
-852.7044579
-852.7028936
-852.6658844
-852.6439188
-852.6280532
-852.6091397
-852.4811132
-852.442383
-852.4127874
-852.4120136
-852.3730549
-852.3696685
-852.3554998
-852.3323137
-852.3295256
-852.329485
-852.2483452
-852.2403284
-852.2015149
-852.1999079
-852.1595575
-852.0735125
-852.0533672
-852.0529748
-852.046707
-852.0253733
-851.9923845
-851.9906569
-851.9844704
-851.9748863
-851.9607496
-851.944246
-851.9048546
-851.8994114
-851.8892608
-851.8797456
-851.8680235
-851.8637997
-851.8533588
-851.8498729
-851.846818
-851.8429043
-851.8293204
-851.8208197
-851.797899
-851.7529361
-851.7503196
-851.7157321
-851.7005041
-851.6832972
-851.6662143
-851.6000755
-851.5022623
-851.4922551
-851.4713882
-851.4524464
-851.3861568
-851.3593466
-851.3131341
-851.2926421
-851.279193
-851.2697766
-851.2349088
-851.2334136
-851.1762425
-851.1496057
-851.1333743
-851.1321268
-851.1226051
-851.0804785
-851.0508138
-851.0327527
-851.0311337
-850.9730721
-850.9708533
-850.9438042
-850.8963766
-850.8941463
-850.8672844
-850.8632888
-850.85784
-850.8525643
-850.7924953
-850.7513675
-850.7366943
-850.7238989
-850.6962849
-850.6888448
-850.6528346
-850.6341406
-850.6119024
-850.6087262
-850.5530281
-850.5479408
-850.5244167
-850.5157601
-850.491702
-850.4661204
-850.4150034
-850.4040463
-850.3761482
-850.3589942
-850.2777791
-850.2595429
-850.2252807
-850.1273473
-850.1180561
-850.0968551
-850.0022659
-849.9953032
-849.9864694
-849.9508873
-849.9370631
-849.9159658
-849.8944222
-849.8257021
-849.8014882
-849.745103
-849.722379
-849.6991706
-849.6886212
-849.6397843
-849.6357591
-849.5490126
-849.4910858
-849.490465
-849.4497787
-849.4212571
-849.3967981
-849.3900572
-849.3819764
-849.380155
-849.3496678
-849.3175533
-849.288468
-849.2862807
-849.283714
-849.2719433
-849.26325
-849.23399
-849.2082675
-849.1465763
-849.0278284
-848.95672
-848.9226077
-848.9208369
-848.9199038
-848.918222
-848.8822917
-848.8741056
-848.8364891
-848.8081971
-848.783317
-848.7240496
-848.6826526
-848.6474439
-848.6147172
-848.6036143
-848.5726303
-848.5375873
-848.5187742
-848.4393548
-848.4303123
-848.3405089
-848.2777702
-848.2672082
-848.1731721
-848.1630052
-848.1125066
-848.1080827
-848.1022815
-848.0255957
-847.9986748
-847.9936398
-847.9680586
-847.9483537
-847.941245
-847.9371846
-847.9357501
-847.8682651
-847.8679374
-847.8157376
-847.8009914
-847.7254022
-847.6592826
-847.6578446
-847.6375037
-847.6017562
-847.5407882
-847.516417
-847.4913871
-847.4810918
-847.3919502
-847.2989602
-847.264741
-847.2457865
-847.1801117
-847.1391628
-847.1196173
-847.0963296
-847.026485
-846.9223798
-846.9059517
-846.8719178
-846.861339
-846.8520585
-846.7891948
-846.7706962
-846.7583316
-846.7549968
-846.7376407
-846.6909711
-846.6595247
-846.6583999
-846.5252039
-846.4964345
-846.4517759
-846.3669329
-846.2632229
-846.1511541
-846.0675065
-846.0608635
-846.055637
-846.0389434
-846.0200456
-845.9894256
-845.912264
-845.9116025
-845.9001327
-845.8113916
-845.8102914
-845.802519
-845.7772172
-845.7449366
-845.7327553
-845.673319
-845.6405161
-845.5298203
-845.5087508
-845.4477425
-845.4417316
-845.4270671
-845.3026932
-845.2803717
-845.230829
-845.2267546
-845.1188305
-845.1061416
-845.0428584
-844.9704699
-844.8675012
-844.8249932
-844.823088
-844.8064411
-844.7846641
-844.747872
-844.7107905
-844.6650257
-844.6008175
-844.5402894
-844.527742
-844.4766023
-844.4577452
-844.3824999
-844.3561385
-844.3323037
-844.3233072
-844.3205606
-844.2112711
-844.1457088
-844.1198437
-844.1121292
-844.0743149
-844.0708994
-844.0372571
-844.0203885
-843.9933843
-843.8178999
-843.7936268
-843.7657338
-843.6343813
-843.5931121
-843.5186327
-843.50595
-843.395831
-843.3183219
-843.2498103
-843.2445655
-843.2090448
-843.1700772
-843.0578025
-843.0196197
-843.0045798
-842.9800375
-842.9782988
-842.969252
-842.9480708
-842.8883441
-842.8000021
-842.7575642
-842.7177691
-842.6735701
-842.6153412
-842.6120791
-842.5897016
-842.3868463
-842.3401743
-842.3126862
-842.2210759
-842.1752199
-842.1714795
-842.132284
-842.1187805
-842.0196634
-841.8821891
-841.8415256
-841.8357448
-841.8258872
-841.7994714
-841.7413401
-841.7071577
-841.6798042
-841.672679
-841.5432234
-841.4853113
-841.4636977
-841.3924987
-841.3425712
-841.3292933
-841.3130976
-841.296779
-841.1593794
-841.1309644
-841.0269704
-840.9885131
-840.9879571
-840.9365742
-840.8906451
-840.8216335
-840.7320402
-840.7283433
-840.6666927
-840.6399064
-840.639824
-840.6357563
-840.5648205
-840.5199722
-840.4986641
-840.4594703
-840.4365492
-840.4034877
-840.2759894
-840.2702743
-840.2307586
-840.1974491
-840.166762
-840.0439067
-839.9283063
-839.7424862
-839.7396885
-839.7116812
-839.5877005
-839.5432388
-839.4324272
-839.3880492
-839.37453
-839.3521357
-839.3024744
-839.2920238
-839.2675317
-839.1518804
-839.117574
-839.0494778
-838.8930848
-838.7735093
-838.725781
-838.6985725
-838.566279
-838.4877045
-838.4484272
-838.434196
-838.1448494
-837.9928545
-837.949463
-837.8877068
-837.8875042
-837.8832977
-837.8725076
-837.5925833
-837.5517887
-837.4247494
-837.3369563
-837.3277851
-837.1680443
-837.1485999
-837.0290779
-836.9673995
-836.702124
-836.6958321
-836.5920218
-836.5015062
-836.4279861
-836.377288
-836.3615739
-836.2940088
-836.2561026
-836.0661715
-835.8883123
-835.8126592
-835.7376782
-835.5479183
-835.2924775
-835.2572343
-835.1444372
-835.1368543
-835.0773012
-834.9810169
-834.8905974
-834.7867651
-834.6726186
-834.459939
-834.4304767
-834.0636776
-834.061067
-833.8536539
-833.6532797
-833.6426488
-833.5256449
-833.3171762
-833.2359777
-833.1017149
-832.7186997
-832.5890728
-832.5724835
-832.0051614
-831.8347763
-831.825562
-831.7567099
-831.7345228
-831.7195371
-831.456471
-831.338212
-831.1793124
-830.8862693
-830.6565648
-830.4499007
-830.1254597
-830.0661922
-829.3463436
-829.1654317
-828.2838763
-828.0845566
-827.8740251
-827.775887
-827.6960628
-826.4788526
-826.4579164
-823.44516
