0.052895 1.21733 79.2066 2.82089 
0.0180527 0.360955 38.0015 5.28019 
0.0123248 0.0488011 48.7894 7.50753 
0.26697 6.03792 102.973 2.9654 
0.0882094 0.0161843 46.0488 6.69494 
0.124521 1.42084 112.62 2.35524 
0.0159672 0.22158 36.5438 5.7286 
0.0930728 7.62292 359.45 2.65545 
0.103062 3.73126 185.118 3.83999 
0.0673766 0.116825 34.906 5.90212 
0.424909 0.564942 32.8266 3.70093 
0.0861209 0.0391383 45.9127 7.68265 
0.0536542 0.0641091 27.4114 3.43087 
0.150068 0.487021 60.2907 2.84089 
0.195915 0.452238 31.8521 4.66268 
0.365331 6.41479 130.598 2.99864 
0.235965 6.57921 171.175 2.34728 
0.191473 0.924792 79.4547 2.51376 
0.0266323 0.449619 62.4871 6.96324 
0.0153354 0.235309 38.1756 5.32771 
0.136602 0.500524 32.7053 2.2868 
0.0305024 0.106515 23.3358 3.54203 
0.333579 9.25814 314.651 3.77748 
0.27677 8.31434 127.406 2.63081 
0.198751 3.43973 279.914 2.91144 
0.0621851 0.611397 62.8888 3.05322 
0.1788 8.67873 245.74 2.29706 
0.252646 0.266502 30.7985 2.73264 
0.0300598 0.285602 53.0819 5.3384 
0.0973558 4.00448 252.677 2.19571 
0.180863 0.0748554 40.3604 4.06602 
0.186712 0.837936 80.0788 2.63449 
0.0866509 1.16689 84.8058 3.33321 
0.186696 2.36469 205.171 4.21894 
0.0813251 2.78392 90.9821 2.59434 
0.120116 0.0770968 50.6086 4.92184 
0.0865273 4.70066 175.223 2.97916 
0.356065 1.77516 83.1789 6.34921 
0.208624 2.2423 165.83 3.46839 
0.0663914 1.53773 48.3001 4.11782 
0.0978724 1.27425 78.1104 2.43222 
0.38575 3.48376 86.2867 3.17813 
0.0502704 0.549322 51.6563 7.06459 
0.0364861 0.0305999 59.1936 7.87254 
0.17416 0.181668 37.5992 2.98612 
0.251382 1.00033 92.2349 5.30656 
0.134695 0.25686 55.4497 3.58716 
0.166736 2.03624 52.6024 2.3157 
0.0163595 0.21023 33.4636 4.35201 
0.0518538 1.33337 76.3152 2.71531 
0.27635 12.9693 253.547 3.05549 
0.377831 0.470522 33.9981 3.01447 
0.35152 0.639751 54.4883 3.83205 
0.173552 26.4047 491.438 2.55672 
0.126109 3.46349 106.872 2.5401 
0.0567335 0.997464 65.4231 5.11078 
0.0200886 0.228499 35.0573 5.27525 
0.141684 0.434821 92.8272 7.10088 
0.065658 0.0281481 54.3191 7.26729 
0.167363 0.548865 53.2996 2.61377 
0.0711277 0.115392 42.9661 3.90823 
0.244986 0.130777 48.4838 4.60121 
0.175455 8.07232 199.825 2.3095 
0.403053 0.526762 31.8534 3.27421 
0.180405 2.07695 44.3427 3.63028 
0.337742 1.16623 85.9518 5.4563 
0.333855 2.75599 91.8839 4.43504 
0.159204 5.46893 327.656 2.5199 
0.0509 0.97389 36.2945 2.85879 
0.184542 0.0680601 47.5178 7.26833 
0.0577711 0.826618 52.2969 2.89399 
0.0154947 0.0292935 46.9228 6.96113 
0.135873 21.623 421.443 2.68242 
0.115623 3.02921 194.761 3.53967 
0.0475891 0.021556 41.9824 5.94648 
0.0430097 1.02662 37.2832 3.5504 
0.393426 2.06911 72.8674 3.51581 
0.0228285 0.0290538 41.61 5.60876 
0.254993 11.8532 434.309 2.84023 
0.0202648 0.231963 31.8131 4.79897 
0.176402 2.89745 98.414 4.498 
0.216328 1.18083 32.5137 3.38788 
0.164615 0.0229402 36.0618 5.23052 
0.295121 5.90444 270.652 3.79655 
0.122392 0.537304 81.1391 4.35299 
0.084089 0.0144484 35.2952 4.99031 
0.0739345 1.76256 77.8682 2.89758 
0.0785503 1.30304 47.5179 2.2919 
0.204972 2.40447 182.611 3.8623 
0.374171 0.364118 56.8447 6.41436 
0.0278666 0.0215649 38.9222 6.08527 
0.0866748 0.419105 26.5265 3.91827 
0.0857911 0.74393 83.4966 6.54874 
0.219327 19.827 390.316 3.10517 
0.15379 0.369707 67.6149 3.57794 
0.146602 5.14347 138.579 3.54916 
0.0203529 0.0651082 29.0732 4.72311 
0.0837213 0.556086 74.4602 5.29593 
0.0981063 1.74605 98.3993 4.17738 
0.234333 10.0527 251.722 3.58391 
0.0691979 0.987298 33.8641 2.87535 
0.10157 0.599536 81.0561 3.78804 
0.394637 1.21585 60.3663 3.76183 
0.0247077 0.113881 37.9658 4.41818 
0.118108 0.570251 35.6324 2.30782 
0.172578 1.02938 97.9593 6.03573 
0.0485821 0.0479071 54.1062 7.16078 
0.192916 2.34215 178.763 3.03287 
0.0716495 0.0525145 32.8782 5.59157 
0.0843126 3.86055 186.746 2.83038 
0.0785339 8.77199 316.383 2.39007 
0.159445 0.035215 34.0042 4.8247 
0.0209224 0.101051 29.2654 4.84253 
0.114968 0.407238 43.644 2.43994 
0.0272666 0.204756 35.0709 3.41484 
0.200802 8.45956 174.994 2.45601 
0.0755643 0.861858 31.7061 2.78185 
0.139891 0.441287 38.0717 2.37918 
0.0605924 0.168879 23.7311 3.51595 
0.256503 7.57542 123.524 2.94856 
0.0820053 0.242228 48.7893 3.54863 
0.0988304 6.02463 295.361 3.14417 
0.0164321 0.0707717 31.4487 4.84996 
0.247297 2.41526 111.383 5.46643 
0.056013 0.0276527 41.6417 6.3427 
0.268427 1.08551 38.9493 2.47007 
0.351429 0.713318 29.3329 2.72849 
0.333346 0.91958 66.7925 4.36406 
0.0275581 0.0521331 29.7968 4.09892 
0.0396983 0.879828 53.2098 5.76036 
0.263474 0.630138 74.0395 5.14982 
0.142584 0.0965271 58.8662 6.3682 
0.0851898 0.12604 44.0881 7.44335 
0.172195 1.14001 116.857 4.46857 
0.406592 1.64223 55.5936 4.45161 
0.0917102 0.115812 42.0789 3.63855 
0.0710738 0.127602 25.2454 3.32273 
0.210951 0.546453 33.0101 2.43142 
0.186232 0.0497237 30.1483 4.36073 
0.0980487 0.0599665 49.8366 7.84297 
0.100979 13.3679 470.351 2.80261 
0.125718 4.19428 200.696 3.17997 
0.139186 0.248084 54.276 3.92502 
0.348972 1.79352 53.1073 4.33833 
0.11168 0.164617 24.5502 2.96873 
0.00985506 0.217681 33.479 4.75175 
0.102758 5.63516 222.612 3.14044 
0.219117 5.21204 192.02 2.3452 
0.156007 11.3944 245.612 2.67342 
0.0527386 0.908131 57.7046 3.33451 
0.0258838 0.0737939 29.6204 4.5803 
0.155462 2.14567 181.317 3.88757 
0.341047 1.17109 69.6195 4.0737 
0.0152734 0.067507 42.113 6.73014 
0.0927906 2.92393 67.9884 2.56689 
0.0725879 2.01341 95.1111 2.8131 
0.199804 1.00636 29.0415 3.0645 
0.0926824 0.306841 85.3457 7.51113 
0.0480368 0.858598 48.3779 5.55042 
0.271494 1.14324 43.1304 2.49716 
0.22876 0.18681 40.8582 6.11907 
0.0427974 0.543414 48.7531 3.2747 
0.0722449 2.78159 113.824 3.15846 
0.312643 7.58383 208.951 2.8035 
0.0587313 0.866633 37.3122 2.69073 
0.023442 0.420635 52.9558 5.94115 
0.0985312 2.22651 66.9825 2.86366 
0.0433345 0.061275 43.6006 5.49581 
0.0384567 0.51128 38.06 3.13472 
0.10243 1.2737 108.401 3.95804 
0.266516 2.62749 122.958 2.80353 
0.130075 5.31432 224.552 3.67806 
0.119594 2.05469 130.748 3.62077 
0.311768 0.409948 63.6716 5.53838 
0.188837 0.161287 60.2721 5.46685 
0.137855 6.89914 317.169 3.46799 
0.130998 0.0868741 25.6674 3.52034 
0.314572 4.65323 94.0178 2.64194 
0.13742 0.0512309 40.7624 6.09221 
0.0172283 0.0400342 35.2525 5.04538 
0.0190435 0.276064 32.3257 3.5863 
0.406739 0.704115 42.1784 5.26286 
0.265175 1.35734 39.4944 2.56483 
0.205707 6.45159 157.689 3.30911 
0.306285 1.35043 69.3805 3.04676 
0.0789033 0.385327 72.4484 5.8345 
0.223179 0.650479 26.0194 3.14684 
0.0472656 0.0673068 34.6736 4.44055 
0.0406807 0.156438 23.4519 3.77098 
0.0265379 0.44601 44.2094 6.00008 
0.0203398 0.0641495 30.2878 4.97139 
0.146379 1.33268 68.7808 7.42352 
0.12804 7.63898 199.089 3.14525 
0.0365289 0.079462 58.5993 7.2446 
0.0956217 0.0196842 35.3999 5.19365 
0.086877 2.50497 146.947 2.68094 
0.132937 1.30566 78.3693 2.57318 
0.0732491 0.385711 79.7079 6.81616 
0.0935562 1.95204 106.784 2.80693 
0.228778 1.88733 42.0761 2.74504 
0.313973 1.69812 45.8501 2.67223 
0.105158 1.99289 53.3727 3.34977 
0.173476 4.89917 149.146 3.55292 
0.0884736 2.25884 94.6107 2.49189 
0.0776544 0.0273812 32.3408 4.87561 
0.0993893 0.747201 36.6802 2.62822 
0.210162 3.92093 145.952 2.36112 
0.054374 0.926332 42.2289 3.71381 
0.205669 9.80123 306.64 2.59097 
0.0607419 0.463891 28.28 3.02548 
0.218826 1.81654 116.796 5.04627 
0.195253 5.66747 285.912 2.98239 
0.0694368 0.405387 41.1483 2.99832 
0.10877 0.783069 86.8955 3.19219 
0.0928076 1.24937 72.6551 4.85687 
0.153036 0.451598 48.5701 2.72263 
0.103388 0.561024 46.6571 2.69297 
0.0409994 0.0453804 39.9652 5.7995 
0.0521277 0.0774818 33.6222 3.91156 
0.191798 7.96296 211.037 3.30898 
0.336186 0.363664 66.6245 6.74356 
0.332384 2.30043 62.23 3.71554 
0.0814832 1.70121 93.7003 3.33774 
0.150469 0.07977 35.3692 4.15842 
0.239766 1.54975 104.132 4.7385 
0.0237384 0.110995 48.2369 7.06596 
0.0353498 0.0207856 45.7756 7.23913 
0.228334 4.61469 153.294 3.75719 
0.0563739 0.302448 53.0882 4.07336 
0.253026 1.21761 94.2353 5.22773 
0.256346 1.74819 55.7539 4.77254 
0.239531 0.319756 51.2615 4.00886 
0.175033 18.0553 460.447 2.3544 
0.102578 1.67661 47.7592 3.90231 
0.169805 3.15553 183.981 3.19713 
0.0156662 0.0402059 31.5737 4.47758 
0.0280832 0.16708 54.5349 5.88321 
0.245705 1.47328 108.073 4.54245 
0.238253 1.7847 47.4511 2.55489 
0.0243905 0.101342 32.2816 4.15169 
0.0811795 0.724557 34.0822 2.4884 
0.0833058 1.40172 84.5661 3.83643 
0.266937 0.196278 42.2519 3.81948 
0.25768 7.2247 154.961 2.70186 
0.0859364 0.647421 52.6761 2.94633 
0.207168 5.50991 260.029 2.65057 
0.0578401 0.565826 52.017 3.05733 
0.130533 2.66356 169.321 3.06704 
0.0294941 0.196174 35.2017 3.96525 
0.235861 12.9604 465.303 2.862 
0.0777413 0.693372 70.3188 4.36741 
0.0889926 0.0415093 28.2021 3.79622 
0.135046 2.0361 52.3363 2.51169 
0.134359 0.0452645 35.9243 4.61891 
0.176251 0.116601 53.191 7.38089 
0.0567526 0.0254869 51.0682 7.95639 
0.132344 11.0299 423.657 2.47813 
0.229195 0.122367 32.129 3.88188 
0.138442 1.95473 111.036 2.51787 
0.0315899 0.0924004 39.681 4.68536 
0.270242 4.1592 138.257 2.89315 
0.0873917 1.51231 71.678 4.016 
0.106785 1.64293 64.6491 4.71498 
0.0669557 0.493973 54.9914 3.94591 
0.184614 0.131159 60.8535 7.23099 
0.094518 1.36202 59.2144 5.50212 
0.133961 4.6993 141.693 2.63669 
0.0381143 0.0331652 30.0319 4.66401 
0.0525519 0.295283 30.4597 3.50817 
0.23341 2.40471 127.859 4.60262 
0.102347 2.11689 79.2486 3.57534 
0.0611235 0.87922 54.9554 4.47377 
0.204691 0.42057 69.4451 5.35729 
0.191499 10.257 335.405 2.68473 
0.202345 1.34218 99.7869 4.18883 
0.387245 0.465556 36.2232 4.36462 
0.0956806 0.12736 56.5708 5.3039 
0.255975 0.319152 36.6153 3.11573 
0.0342117 0.202933 37.7978 4.18173 
0.0334629 0.0473611 34.0506 5.04375 
0.0197052 0.0277293 38.658 5.66044 
0.103796 2.34032 115.256 2.42947 
0.224078 2.64148 85.5656 4.27709 
0.192325 0.555879 63.5923 3.63375 
0.266164 1.0279 50.502 2.68133 
0.189781 0.527735 46.6594 2.89173 
0.1906 1.65726 56.3689 2.3723 
0.025326 0.0305665 32.3449 4.87253 
0.105075 4.53855 200.434 2.72937 
0.150729 1.84697 101.838 3.9479 
0.104795 2.1651 100.29 4.17038 
0.152658 0.703609 80.8101 6.75383 
0.122678 2.45778 93.3781 3.94637 
0.16317 8.55085 297.692 2.94452 
0.228306 12.7957 340.727 2.81271 
0.0323605 0.555237 51.7915 5.42663 
0.0181548 0.0795335 48.9325 7.00411 
0.0827047 1.27575 42.5099 3.3904 
0.212312 0.155639 32.5106 4.43831 
0.0554504 0.258032 27.8617 3.0977 
0.128755 2.2138 126.953 2.58329 
0.166338 1.75057 43.7749 3.04118 
0.343505 2.55099 71.4151 3.11783 
0.0378624 0.672046 48.4246 5.54303 
0.107312 2.15205 85.2808 3.33292 
0.0624094 0.399813 38.0144 5.45263 
0.0964444 0.66262 27.9989 3.22881 
0.251899 0.318633 43.4123 5.9215 
0.223134 0.236508 35.2122 5.00521 
0.247872 4.90546 137.127 2.64291 
0.112809 2.75318 105.282 2.51736 
0.27987 1.3384 77.228 6.07377 
0.0747414 0.150767 63.0372 6.51521 
0.173412 1.09109 35.0687 3.21915 
0.310385 1.15945 57.7758 3.9559 
0.348927 1.07195 65.5546 6.96591 
0.277625 0.944912 63.7599 3.53928 
0.23016 0.993986 76.1666 5.99163 
0.087653 1.29802 52.2592 2.99845 
0.0915565 1.20258 55.3901 5.52911 
0.0924179 0.431882 29.8352 4.32356 
0.196854 4.25318 162.434 3.3273 
0.037263 0.386429 51.8598 6.24483 
0.1715 6.91716 183.501 2.57268 
0.119802 0.158284 22.8833 3.17302 
0.144354 3.09059 75.701 3.03335 
0.095043 1.58995 90.2895 2.59269 
0.0709551 0.131319 56.1863 5.48085 
0.0244655 0.139567 43.2926 6.21181 
0.118501 1.11068 66.7149 4.99086 
0.256931 0.756395 52.5102 3.35142 
0.20888 0.607906 49.0055 6.76586 
0.100598 1.43037 39.6356 3.93797 
0.0704226 1.04789 45.9015 3.00351 
0.12981 0.295262 50.2489 3.67713 
0.135251 0.0710057 33.2596 4.51723 
0.0324561 0.236713 38.0784 4.28919 
0.106052 0.974171 78.3969 3.98243 
0.203397 0.942539 48.0106 5.93981 
0.096733 1.40748 51.2541 3.5167 
0.148519 2.8926 82.8382 2.99091 
0.250608 2.31764 66.9705 2.78645 
0.0481263 0.0468935 36.4679 4.88799 
0.171885 0.382039 43.6962 3.02605 
0.0958146 0.281803 26.8796 3.10145 
0.213198 1.43876 47.0849 4.96152 
0.186425 0.259233 59.7742 5.1437 
0.0262174 0.0379979 50.7922 7.37942 
0.18594 1.40534 79.2313 3.93559 
0.0413826 0.284209 38.461 3.6517 
0.376049 0.932305 42.7291 4.59626 
0.12801 1.96119 61.3696 2.72876 
0.151585 0.244411 28.0801 2.92152 
0.105302 0.1779 29.4714 3.18638 
0.358877 0.438029 38.2587 3.81093 
0.268046 0.739219 58.3185 3.96112 
0.208754 1.59898 53.7687 2.51154 
0.0427088 0.0844674 26.5328 3.7511 
0.0208573 0.0400417 35.5306 5.48346 
0.0689199 0.189587 37.3377 3.3657 
0.170934 0.530843 73.8355 5.9413 
0.126803 1.18448 46.6957 2.52459 
0.0589881 0.0791242 44.0926 6.71496 
0.052838 0.297475 32.9427 4.41428 
0.044498 0.226788 39.7515 4.60107 
0.224982 0.7772 87.6306 7.30444 
0.138121 1.74344 47.6231 3.07726 
0.152574 3.63181 136.697 2.7565 
0.0376928 0.109076 39.7818 5.41066 
0.224082 0.175264 53.897 6.03826 
0.0296423 0.432416 42.8252 4.27091 
0.0552403 0.915759 50.0331 4.91938 
0.202966 1.76891 74.591 2.90362 
0.142265 1.92015 99.2732 3.11989 
0.0622778 0.160212 57.1597 7.05867 
0.0559363 0.60456 47.6295 5.84897 
0.208161 0.762367 85.1891 7.42674 
0.205886 1.9277 91.7358 3.3835 
0.0882767 1.74467 72.8309 3.48749 
0.252798 2.10004 75.4035 3.33438 
0.0481473 0.721263 54.0766 4.95207 
0.170874 7.44472 197.662 2.63861 
0.157833 0.0722168 32.7893 4.47392 
0.147982 1.65522 84.7082 3.755 
0.0457815 0.033662 38.3816 5.91545 
0.0698452 0.154621 58.6626 6.49152 
0.204952 2.51522 97.0578 3.6211 
0.233769 0.944934 31.1199 3.6654 
0.316577 0.376534 57.2625 6.49362 
0.163863 0.108627 32.8985 4.02388 
0.258665 0.93068 65.6362 4.70534 
0.0286111 0.135824 33.5678 4.7415 
0.0514793 0.115947 24.8666 3.53919 
0.0314231 0.357717 50.5917 6.25378 
0.0879381 0.888121 60.2274 3.145 
0.117583 0.095275 57.2958 7.41568 
0.0321362 0.185205 53.9737 6.64909 
0.170583 0.47934 70.4494 5.95994 
0.136765 1.10991 81.7174 3.78483 
0.209939 1.1609 73.8533 3.44128 
0.138513 2.8386 124.936 3.20033 
0.134312 0.803001 61.5119 3.7876 
0.264745 0.488848 48.118 3.86628 
0.195369 0.486421 55.8937 7.62532 
0.124192 0.179051 30.9735 3.04281 
0.281091 0.902729 55.9672 3.72419 
0.189757 0.552755 59.3504 4.13507 
0.120923 2.20423 64.169 3.14787 
0.134991 0.782562 62.4035 3.384 
0.0569957 0.46094 27.4144 2.66362 
0.236816 0.195689 42.9052 5.33834 
0.185829 1.46208 49.3277 3.61908 
0.111196 0.100681 48.4382 5.90888 
0.14481 0.115255 34.4953 4.48611 
0.257257 0.21983 35.858 3.84336 
0.143077 0.367319 26.2565 3.6424 
0.110783 0.16467 28.2596 4.11491 
0.0394336 0.215423 39.8219 5.33126 
0.236571 1.06855 34.1049 3.631 
0.109016 0.473055 27.7892 2.90579 
0.200975 0.54078 40.9847 2.92618 
0.252323 0.411082 32.3474 3.10254 
0.196965 0.719435 39.2707 2.73402 
0.043518 0.314553 40.9149 4.64195 
0.228895 0.62368 40.376 2.82297 
0.165169 0.705021 76.5186 6.73423 
0.109542 0.793343 56.5317 3.25286 
0.0672176 0.241871 58.434 7.00808 
0.0463089 0.297318 44.4552 4.31455 
0.198714 1.60261 62.1553 3.3242 
0.0558722 0.699687 35.2011 3.39565 
0.148244 0.176124 52.441 5.314 
0.217421 0.188679 41.5728 4.32063 
0.144391 1.22994 57.9872 2.99865 
0.206556 0.147474 33.9341 3.99163 
0.0521868 0.248352 54.0919 6.79689 
0.132696 0.15582 42.5704 4.35332 
0.141437 0.988778 64.7893 4.28265 
0.216217 0.356763 40.0803 5.22847 
0.182572 0.710013 34.9378 2.77856 
0.0642533 0.700486 44.9613 5.06888 
0.0696915 0.170525 48.8147 5.95955 
0.0671179 0.145393 40.9548 5.06327 
0.0967264 0.761394 47.1943 3.34571 
0.27281 0.453542 53.4323 4.94144 
0.0742984 0.739658 33.8584 3.50094 
0.0986839 0.280267 41.8112 3.63234 
0.185569 0.354524 28.994 3.63441 
0.0728267 0.922644 40.4003 3.83242 
0.118939 0.830259 50.7343 3.47099 
0.274948 0.628882 62.5887 6.69096 
0.120787 0.429581 34.3248 4.40106 
0.122961 0.563219 32.789 3.00902 
0.150687 0.617493 64.2765 7.69936 
0.150847 1.0914 40.3507 3.62286 
0.0814579 0.655559 46.3592 5.45965 
0.181764 0.271495 31.3256 3.19337 
0.0516321 0.200699 42.7515 5.32964 
0.129563 0.67877 46.6693 3.3944 
0.15928 0.985092 35.9863 3.06784 
0.120681 0.211225 41.3008 3.9298 
0.203224 0.33743 37.9269 4.97973 
0.0669831 0.163 37.5138 4.02111 
0.123493 0.58908 56.8509 4.61619 
0.185345 0.942843 61.9911 5.73872 
0.258937 0.633448 40.5871 3.62497 
0.184528 0.628091 67.1927 7.9201 
0.0674141 0.505039 43.6351 3.99978 
0.162862 0.181074 33.4476 3.95684 
0.0822571 0.159669 30.2229 4.22752 
0.0619434 0.364255 56.4875 7.86712 
0.0979376 0.287327 30.3569 3.73167 
0.150977 0.169986 40.1355 5.13807 
0.0820159 0.335361 42.2829 3.80286 
0.0590606 0.179097 31.718 4.63483 
0.137475 0.140961 41.428 4.78278 
0.280006 0.745595 41.3257 4.00056 
0.240306 0.667206 59.3916 5.89414 
0.0544816 0.389905 50.3845 5.17257 
0.103238 0.209548 50.7886 5.22672 
0.118622 0.158328 36.759 3.7629 
0.227055 0.91231 52.6529 4.9522 
0.184236 0.219915 37.3203 4.31352 
0.0542734 0.428959 39.8508 4.24972 
0.114494 0.469749 49.9245 4.32429 
0.0754196 0.426073 43.498 5.12276 
0.131186 0.897097 45.6163 4.80548 
0.0875152 0.220228 29.7806 3.45219 
0.128089 0.497397 54.7797 6.29547 
0.112404 0.534921 32.846 3.34311 
0.0670274 0.601256 44.0116 4.23301 
0.142752 0.352315 66.2695 7.49222 
0.0807786 0.466893 48.4176 4.72259 
0.0749042 0.502476 37.6606 3.30156 
0.144896 0.477109 54.0154 6.00388 
0.0812169 0.554195 48.5374 5.05059 
0.164509 0.427377 57.1918 5.82593 
0.0837983 0.325759 41.8105 5.00972 
0.1679 0.456504 42.599 4.80952 
0.194284 0.505219 48.0508 5.12577 
