0.19399 0.907852 68.5953 7.13163 
0.181113 0.383946 51.6483 4.33768 
0.232742 1.23749 41.9099 3.39013 
0.1103 1.36498 64.9504 2.67922 
0.0966946 0.999901 49.1867 4.0053 
0.115477 1.02435 59.2682 4.88855 
0.141437 0.988778 64.7893 4.28265 
0.216217 0.356763 40.0803 5.22847 
0.0729415 0.767336 49.4602 4.23916 
0.12325 0.493524 58.3207 7.56298 
0.035776 0.102852 30.4286 4.09323 
0.182572 0.710013 34.9378 2.77856 
0.244499 0.298784 55.8768 6.2312 
0.167226 0.146654 51.3375 5.76762 
0.0428766 0.308565 37.8527 4.43128 
0.160957 0.144731 31.7021 3.731 
0.0539481 0.200315 31.9509 4.70626 
0.251574 0.830892 32.8118 3.03663 
0.0977128 0.182714 52.9274 7.69586 
0.11582 1.34959 54.5369 3.08892 
0.0642533 0.700486 44.9613 5.06888 
0.174403 0.986484 56.3356 6.31031 
0.18152 0.170219 36.9976 3.85582 
0.242895 0.924335 47.2826 3.37856 
0.210132 1.2608 46.1368 2.83732 
0.0500604 0.477773 44.0071 4.37752 
0.0696915 0.170525 48.8147 5.95955 
0.0853095 0.482684 50.2808 3.93875 
0.194937 1.13079 58.9081 3.62997 
0.0468073 0.211304 38.861 4.47603 
0.259645 0.744243 48.666 4.24333 
0.185597 1.27335 53.5607 3.46183 
0.0671179 0.145393 40.9548 5.06327 
0.128341 0.145892 48.9688 5.03645 
0.0967264 0.761394 47.1943 3.34571 
0.20503 1.02113 42.5281 3.35329 
0.0824872 0.619874 59.3324 5.33883 
0.148431 0.281106 43.1396 3.64514 
0.27281 0.453542 53.4323 4.94144 
0.0810506 0.20219 30.7963 3.85406 
0.0696497 0.693054 42.4966 3.77378 
0.093134 0.76273 41.5733 2.96066 
0.0567003 0.547927 51.9788 5.58099 
0.0797529 0.730565 47.1638 5.79825 
0.0821781 0.534521 53.6405 4.30796 
0.0742984 0.739658 33.8584 3.50094 
0.142004 0.842753 46.3694 5.83918 
0.175547 0.24824 51.4706 4.89234 
0.231565 0.749559 60.3727 5.08214 
0.0986839 0.280267 41.8112 3.63234 
0.121955 0.544405 45.7182 3.09753 
0.0784305 0.405023 30.527 3.76345 
0.0621842 0.11771 49.1624 6.74792 
0.164889 0.461372 62.7999 5.35951 
0.185569 0.354524 28.994 3.63441 
0.290782 0.889511 41.0783 4.63703 
0.0885861 0.177135 29.2264 3.67152 
0.0678921 0.231318 47.0478 5.68399 
0.127243 0.285742 33.8592 3.1186 
0.146423 0.125354 33.8705 4.41364 
0.203346 0.938437 47.2805 3.14838 
0.111938 0.301164 54.3318 4.82174 
0.100464 0.272358 49.5607 7.09721 
0.145529 1.30943 54.5448 4.08441 
0.282391 0.441979 52.7188 5.17493 
0.0728267 0.922644 40.4003 3.83242 
0.0767063 0.277161 63.5874 6.50287 
0.0951097 0.493563 29.9615 3.7116 
0.0976073 0.215216 29.2951 3.82489 
0.200874 1.15091 51.7641 5.02486 
0.252717 0.468041 71.8386 7.74085 
0.146766 1.38672 61.5131 3.31333 
0.129232 0.415098 34.914 2.87701 
0.207473 1.27645 44.3495 3.99644 
0.169682 0.142456 38.2176 5.18005 
0.0865491 0.26401 61.2091 6.07537 
0.118939 0.830259 50.7343 3.47099 
0.0444656 0.322177 39.0787 3.85584 
0.0716875 0.681852 53.6062 5.01886 
0.274948 0.628882 62.5887 6.69096 
0.0742581 0.741447 41.4032 3.09392 
0.142658 1.11024 44.9831 3.45253 
0.107782 0.190929 60.9313 7.64766 
0.0866345 0.767131 41.4457 2.88725 
0.157247 1.30635 50.5018 3.69878 
0.273247 0.562144 31.7535 3.30846 
0.0499596 0.164456 36.5239 4.86589 
0.176322 0.247495 56.9948 6.64013 
0.0462539 0.182312 40.4397 5.13925 
0.0438651 0.223138 37.7255 3.98754 
0.0944492 0.208243 50.6802 7.2695 
0.138888 1.07587 53.321 3.90724 
0.146354 0.597845 27.1985 2.76494 
0.0441855 0.169231 37.1388 4.92024 
0.0746713 0.927386 43.8667 4.13667 
0.1153 0.18773 58.8633 6.89077 
0.0999342 0.311282 41.5357 5.87073 
0.186422 0.465936 59.8285 5.25554 
0.120787 0.429581 34.3248 4.40106 
0.0489557 0.350579 46.5511 5.36341 
0.101419 0.306772 64.4034 7.58699 
0.15897 1.06915 37.4519 3.55242 
0.139805 0.279953 27.7427 3.83316 
0.164786 0.503173 62.7325 7.97805 
0.134156 0.124154 44.1586 5.04366 
0.188504 0.765253 31.8559 2.87988 
0.150189 1.21699 38.7854 3.58259 
0.0445848 0.32993 52.6038 5.86798 
0.130448 0.513564 47.5943 6.34791 
0.0607175 0.197998 34.6944 3.67821 
0.0957648 0.581664 56.7372 7.14022 
0.122961 0.563219 32.789 3.00902 
0.0948806 0.170369 52.3443 5.61287 
0.159361 0.604581 59.5905 5.03208 
0.208425 0.339256 59.586 5.87976 
0.233927 0.57352 30.2911 3.38388 
0.150687 0.617493 64.2765 7.69936 
0.0563105 0.584481 42.0646 4.53606 
0.175924 1.28827 54.0978 3.2366 
0.153039 0.157764 37.421 4.90582 
0.178729 0.964298 40.6965 3.06985 
0.122515 0.2782 71.039 7.30752 
0.150847 1.0914 40.3507 3.62286 
0.0814579 0.655559 46.3592 5.45965 
0.093905 0.168606 49.9037 5.81633 
0.184271 0.899794 36.2498 3.47064 
0.146872 0.146648 38.2592 5.12697 
0.249089 0.61603 50.5142 6.29924 
0.1775 0.260523 42.8367 3.85171 
0.0891607 0.194424 55.1243 7.01867 
0.121763 0.986771 56.2481 5.98983 
0.120028 0.641964 50.3912 3.82742 
0.07175 0.470235 37.2495 3.94623 
0.0618975 0.284523 52.0228 6.60717 
0.181764 0.271495 31.3256 3.19337 
0.174147 1.03319 34.0816 3.3094 
0.250108 0.39392 31.7308 4.05741 
0.0553537 0.129079 31.4529 4.01477 
0.116917 0.9325 59.578 5.14612 
0.0516321 0.200699 42.7515 5.32964 
0.0836282 0.714459 62.585 5.82997 
0.109944 0.918694 46.176 5.11525 
0.0443589 0.363062 42.6891 4.43483 
0.129563 0.67877 46.6693 3.3944 
0.0516239 0.162053 43.9931 5.56517 
0.106977 0.43603 51.3271 6.99026 
0.100999 0.138162 44.4507 6.4499 
0.063556 0.551533 41.5025 4.95371 
0.0961572 0.385699 45.5076 3.72324 
0.0696244 0.24875 38.5688 3.65771 
0.0593349 0.257499 43.5523 4.27794 
0.166708 0.128047 47.2205 5.40996 
0.075094 0.738494 47.3836 5.42673 
0.0841721 0.659095 34.0901 3.45858 
0.082152 0.177465 47.8026 5.11143 
0.0911932 0.180556 64.3389 7.87977 
0.0662723 0.196591 42.2379 5.4567 
0.0489316 0.260297 33.777 3.65758 
0.176068 0.183888 51.8363 6.304 
0.130716 0.723209 32.2906 3.39546 
0.0517256 0.262548 46.9885 6.31348 
0.116405 0.887884 58.7668 6.02526 
0.15928 0.985092 35.9863 3.06784 
0.0906324 0.857513 33.2845 3.36495 
0.112488 0.88364 47.3942 5.14163 
0.059937 0.153524 34.6382 4.33296 
0.120681 0.211225 41.3008 3.9298 
0.117679 0.0887566 37.7146 5.59884 
0.0797076 0.277949 49.9269 4.50541 
0.155633 0.748562 54.8998 6.5722 
0.0787335 0.345311 67.0204 7.92774 
0.190618 1.02908 58.956 4.88428 
0.144711 0.334378 76.9492 7.92782 
0.200552 0.563174 39.6192 3.1267 
0.188214 0.479483 75.7618 7.93164 
0.0963242 0.845977 57.7111 4.86253 
0.133839 0.364764 39.4575 3.2143 
0.203224 0.33743 37.9269 4.97973 
0.18247 0.967873 55.8595 5.79789 
0.215264 0.312079 41.6571 3.66543 
0.151167 0.465371 56.2318 4.51961 
0.0669831 0.163 37.5138 4.02111 
0.20489 0.402277 40.5393 3.48127 
0.252615 0.527367 32.9211 3.8939 
0.0610285 0.518893 54.1542 5.69772 
0.0589746 0.228678 50.4432 6.16335 
0.100538 0.633276 46.2052 3.7496 
0.123493 0.58908 56.8509 4.61619 
0.0498482 0.274077 56.595 6.49382 
0.15402 0.553473 61.4269 7.5754 
0.165808 0.280245 33.6609 4.54191 
0.185345 0.942843 61.9911 5.73872 
0.0573839 0.139508 55.6868 7.69041 
0.0919167 0.385949 48.5321 6.78905 
0.0641743 0.156702 52.6806 6.63662 
0.16765 0.468829 34.3153 4.68657 
0.0519672 0.255486 54.183 6.19485 
0.103661 0.274947 36.114 4.51683 
0.154821 0.174324 31.5069 3.83501 
0.156626 0.497688 50.2814 3.7651 
0.0695709 0.305991 57.2354 6.39696 
0.0847302 0.36375 54.1258 7.04753 
0.258937 0.633448 40.5871 3.62497 
0.0734015 0.268182 53.3568 5.40938 
0.0907796 0.833059 47.771 5.00137 
0.135385 0.339012 34.0394 3.17192 
0.108337 0.899754 41.0042 3.70967 
0.184528 0.628091 67.1927 7.9201 
0.0700126 0.161304 50.7108 5.944 
0.176208 0.293099 52.0789 6.45916 
0.114357 0.547356 48.3095 3.48101 
0.0748754 0.200525 46.9505 6.60082 
0.105229 0.910843 43.6597 4.99363 
0.269649 0.737946 34.7572 3.86883 
0.0636553 0.54763 46.091 4.70308 
0.0423437 0.330897 49.7148 6.49444 
0.0674141 0.505039 43.6351 3.99978 
0.0934596 0.81194 55.2663 5.12223 
0.122837 0.476348 50.261 6.37322 
0.137934 1.03639 40.843 4.50744 
0.162862 0.181074 33.4476 3.95684 
0.111093 0.268978 61.6397 6.10835 
0.0526997 0.151439 38.1341 4.31353 
0.204274 0.364632 42.7241 3.69617 
0.0938449 0.390598 42.3005 5.47505 
0.0822571 0.159669 30.2229 4.22752 
0.203129 0.720157 34.0892 3.79006 
0.135718 1.17342 47.2224 3.5349 
0.142789 0.476294 41.7903 3.14401 
0.0889138 0.876582 47.051 4.01347 
0.0619434 0.364255 56.4875 7.86712 
0.222648 0.723372 66.002 7.33053 
0.0716483 0.443581 38.265 5.01496 
0.0990414 0.203627 49.2233 5.9805 
0.0539628 0.436595 42.8677 5.31826 
0.122001 0.889843 35.1589 3.10363 
0.055758 0.211535 43.9753 6.11266 
0.150639 0.224414 38.9498 5.41983 
0.200062 1.16634 48.4997 4.11671 
0.137556 0.10712 39.3754 4.60338 
0.0887746 0.716215 56.2677 5.46549 
0.145246 0.173845 46.3772 4.77272 
0.126357 0.575184 70.0403 7.17903 
0.0550423 0.211894 46.0755 6.52129 
0.212841 0.660755 38.3936 4.57166 
0.133096 0.748117 44.6456 5.26523 
0.243981 0.753237 65.966 7.14891 
0.106736 0.148471 37.1771 5.09302 
0.0924714 0.129548 36.7221 4.90503 
0.0979376 0.287327 30.3569 3.73167 
0.212378 1.20977 48.8906 4.04439 
0.0599247 0.510762 35.6208 4.05608 
0.0865738 0.18992 30.8697 4.05714 
0.150977 0.169986 40.1355 5.13807 
0.230806 0.759773 44.1096 3.33668 
0.0649762 0.244761 59.0851 7.61611 
0.0727214 0.49894 30.923 3.66411 
0.269806 0.60283 46.12 4.2357 
0.16299 0.627961 43.4974 3.23104 
0.0807042 0.237629 39.1486 4.46126 
0.0596981 0.340148 35.1482 4.15278 
0.1827 0.773141 49.3926 3.54488 
0.102304 0.711738 63.0284 7.01021 
0.169542 0.729641 52.4914 3.55725 
0.249204 0.720965 41.1792 3.55998 
0.235298 0.690995 33.0666 3.50482 
0.0875603 0.833699 49.1268 5.2518 
0.231989 0.424815 44.5462 3.9187 
0.0971925 0.565323 41.4308 3.51242 
0.279599 0.665399 42.1635 3.80783 
0.157881 0.246542 52.9688 5.40626 
0.161909 0.243994 51.22 6.3141 
0.0721035 0.207701 34.7603 4.63409 
0.0605584 0.415775 49.7134 4.80292 
0.11188 0.348804 29.8172 3.18754 
0.0820159 0.335361 42.2829 3.80286 
0.0657916 0.482793 44.3625 3.98214 
0.0590606 0.179097 31.718 4.63483 
0.0941491 0.639049 56.3646 4.62724 
0.0465106 0.36512 41.5517 4.65593 
0.100502 0.754408 49.8045 4.30303 
0.0724796 0.197496 31.9257 3.7804 
0.0810235 0.260474 29.5232 3.46863 
0.137475 0.140961 41.428 4.78278 
0.280006 0.745595 41.3257 4.00056 
0.240306 0.667206 59.3916 5.89414 
0.0601827 0.248084 45.611 4.94707 
0.254374 0.41882 36.7504 4.37793 
0.11484 0.818523 59.1097 6.25175 
0.264832 0.597405 54.9355 6.13847 
0.0544816 0.389905 50.3845 5.17257 
0.122168 0.529695 36.7404 3.05121 
0.103238 0.209548 50.7886 5.22672 
0.118622 0.158328 36.759 3.7629 
0.0432619 0.393563 42.0965 4.36765 
0.0634415 0.165627 35.1608 4.26876 
0.0925321 0.769961 51.1849 5.383 
0.0549686 0.574443 41.7403 4.53476 
0.154349 0.425457 66.9909 6.91854 
0.129318 0.783601 60.1326 5.43647 
0.0705706 0.363894 31.5003 3.34849 
0.148193 0.767223 33.518 3.31931 
0.227055 0.91231 52.6529 4.9522 
0.122147 0.401072 56.6581 7.51623 
0.184236 0.219915 37.3203 4.31352 
0.0755646 0.555924 38.4328 3.3835 
0.0546601 0.574502 37.357 3.76199 
0.09222 0.242885 31.239 3.46419 
0.182729 0.630478 52.8765 6.33287 
0.125099 0.165203 28.6255 3.78408 
0.211577 0.49609 33.1031 3.25091 
0.0825131 0.171622 44.0602 5.72094 
0.213281 0.79786 55.5158 4.98942 
0.0942329 0.32358 31.6158 3.39862 
0.163 0.53071 59.9846 5.42122 
0.0881777 0.356631 32.5943 3.36152 
0.265254 0.727144 51.8219 5.07647 
0.208911 0.441589 29.6589 3.2914 
0.224073 0.412304 47.0817 5.50183 
0.087673 0.386453 32.0848 3.52809 
0.225663 0.558013 58.6221 6.49936 
0.0777691 0.357875 34.1149 4.04742 
0.0784893 0.320959 37.5274 4.94074 
0.174986 0.171596 39.3253 4.8162 
0.0858271 0.134537 39.6683 4.48838 
0.0542734 0.428959 39.8508 4.24972 
0.163614 0.793978 48.7994 5.46268 
0.232975 0.809455 42.3562 3.54008 
0.108873 0.589213 55.4964 6.44945 
0.128214 0.235486 56.3823 6.96172 
0.198132 0.426859 46.6564 5.88113 
0.085649 0.206436 52.6662 7.17462 
0.0663918 0.64341 48.6981 5.3794 
0.164933 0.288305 57.1376 6.18868 
0.0864128 0.320004 35.8647 3.83624 
0.114494 0.469749 49.9245 4.32429 
0.147533 0.683815 48.2858 3.87505 
0.127251 0.590064 30.7148 3.08658 
0.0567912 0.204913 34.4609 3.55903 
0.0818482 0.228271 38.4188 4.92331 
0.0754196 0.426073 43.498 5.12276 
0.207839 0.352402 55.8088 5.96378 
0.170357 0.792 32.9312 2.88134 
0.257497 0.888971 40.0728 3.75556 
0.161974 0.232489 49.9222 6.01492 
0.131186 0.897097 45.6163 4.80548 
0.148398 0.217525 46.4324 4.80171 
0.106106 0.2236 44.3777 5.93528 
0.12711 0.354033 36.7585 3.33481 
0.0875152 0.220228 29.7806 3.45219 
0.221486 0.480589 38.6659 4.26836 
0.210359 0.368128 57.7016 6.64586 
0.17714 0.189581 41.744 4.7987 
0.0520592 0.186423 37.6513 4.54268 
0.145612 0.262431 45.1913 6.34244 
0.149393 0.346482 43.9384 3.94094 
0.198402 0.220299 43.9212 4.95136 
0.128089 0.497397 54.7797 6.29547 
0.128915 0.689906 45.9078 3.4304 
0.158468 0.497764 44.519 5.71037 
0.19507 0.287406 44.0577 4.30435 
0.112404 0.534921 32.846 3.34311 
0.121581 0.153738 46.232 5.98945 
0.109196 0.287723 59.3215 7.1485 
0.203863 0.874402 50.9735 5.30683 
0.185295 0.240082 45.7193 5.29141 
0.130972 0.794567 38.8796 4.1917 
0.109318 0.3732 59.497 6.2711 
0.0989062 0.379421 32.3969 4.02375 
0.189628 0.426018 46.6548 4.18326 
0.154809 0.268077 50.6077 4.94765 
0.0903287 0.634873 50.7677 4.58119 
0.21718 0.315088 39.9954 4.32695 
0.0797716 0.229167 32.1925 3.995 
0.154111 0.680728 32.2346 3.49584 
0.150734 0.262745 30.6326 3.65908 
0.143825 0.739581 33.0764 3.73365 
0.0670274 0.601256 44.0116 4.23301 
0.15763 0.197258 33.3727 4.20228 
0.0952367 0.43099 63.3397 6.35354 
0.131931 0.677845 48.2946 4.12887 
0.0807804 0.621018 38.9198 3.83802 
0.142263 0.156646 37.2351 4.12535 
0.104779 0.28597 30.2865 3.76128 
0.168507 0.288128 55.1431 5.80557 
0.164625 1.02864 39.5024 3.63593 
0.252123 0.53411 43.969 4.50317 
0.136629 0.715297 54.3669 5.0632 
0.147042 0.785153 38.2756 3.83348 
0.061964 0.337024 46.5218 5.95768 
0.0778536 0.618204 45.3788 4.95033 
0.111386 0.275516 58.5196 6.82892 
0.134965 0.699084 50.8393 4.4865 
0.214719 0.923783 46.2658 4.42843 
0.0796213 0.208058 36.7323 3.97812 
0.0809264 0.144729 39.4448 4.59701 
0.169627 0.642489 60.0005 6.31673 
0.180346 0.267096 46.9781 5.17682 
0.199875 0.526479 35.9802 3.20513 
0.0684368 0.371793 33.3641 4.14595 
0.1307 0.844417 38.1436 3.85406 
0.142752 0.352315 66.2695 7.49222 
0.0900167 0.196502 39.1684 5.22794 
0.0778204 0.185238 39.635 4.14969 
0.125157 0.268494 49.9256 6.48542 
0.0957755 0.180832 42.5978 5.3284 
0.0686395 0.345024 36.9355 3.71852 
0.172876 0.583842 54.9804 6.11669 
0.106564 0.582285 44.2938 4.02279 
0.129614 0.531252 50.1237 4.37072 
0.202674 0.328144 48.8397 5.35561 
0.0758799 0.33362 38.8209 4.64813 
0.132712 0.215713 33.4702 3.77894 
0.0901679 0.271453 34.1383 3.83711 
0.1621 0.590692 35.8477 4.29012 
0.190528 0.483722 55.2088 6.0416 
0.113605 0.599884 50.329 5.62304 
0.188879 0.443266 37.2248 3.46851 
0.0926382 0.65708 38.2043 3.69648 
0.0929078 0.644425 38.2161 3.454 
0.0687991 0.391232 58.048 5.85019 
0.101942 0.226511 48.5708 5.83666 
0.161676 0.691845 35.119 3.69011 
0.132908 0.655033 45.3162 4.08095 
0.100405 0.242923 44.1819 4.40345 
0.0732162 0.319303 39.6126 4.27449 
0.151181 0.614522 44.2639 3.80857 
0.120771 0.444042 56.9162 7.25528 
0.118579 0.688287 49.4796 5.36415 
0.116563 0.76367 45.5995 5.27855 
0.134843 0.207861 46.0047 5.09613 
0.101681 0.640459 33.8093 3.38817 
0.120605 0.661392 33.6872 3.05093 
0.150873 0.596919 41.6956 3.67558 
0.0807786 0.466893 48.4176 4.72259 
0.0749042 0.502476 37.6606 3.30156 
0.152095 0.845158 39.4042 3.87297 
0.161572 0.420029 46.6432 4.43705 
0.115817 0.436012 56.8176 5.80806 
0.17119 0.580486 57.1312 5.6703 
0.110724 0.522074 36.3147 3.41188 
0.167737 0.585587 35.1429 3.736 
0.0974552 0.285681 31.1051 3.4072 
0.0922418 0.807059 40.9952 4.4079 
0.0831109 0.284809 44.5047 4.38383 
0.0829162 0.345402 42.897 5.32613 
0.132823 0.769436 45.0149 4.24415 
0.0807185 0.250435 40.9236 4.55539 
0.108858 0.233509 36.1017 3.63165 
0.0748245 0.322233 41.5289 4.21505 
0.0881851 0.442272 44.8088 5.24489 
0.122496 0.554696 32.9068 3.12863 
0.0971096 0.211078 39.0854 4.12645 
0.132101 0.442265 34.5488 3.80803 
0.144896 0.477109 54.0154 6.00388 
0.167235 0.533162 33.1559 3.47679 
0.132629 0.567973 34.4144 4.05356 
0.133018 0.733958 34.985 3.30508 
0.10776 0.728244 38.1232 3.96987 
0.192317 0.363025 41.5985 4.74215 
0.121052 0.630897 38.6323 4.58008 
0.2206 0.514665 50.9952 5.42672 
0.137438 0.253897 33.1624 3.81372 
0.142522 0.546023 52.1375 4.98718 
0.133337 0.313216 47.3306 4.67625 
0.142624 0.310763 53.5641 5.62796 
0.0812169 0.554195 48.5374 5.05059 
0.088819 0.456079 53.3516 5.99457 
0.160062 0.315129 33.2942 4.00666 
0.141669 0.313522 43.8198 4.71841 
0.171268 0.755226 39.3838 3.84578 
0.181336 0.335613 38.4425 3.90431 
0.164509 0.427377 57.1918 5.82593 
0.184348 0.523733 38.4904 4.40239 
0.163181 0.645051 48.3461 5.41378 
0.177986 0.710186 38.6732 3.89937 
0.166239 0.610838 38.8159 3.85787 
0.0808449 0.322233 30.9294 3.87171 
0.147659 0.552184 42.1925 4.00396 
0.138235 0.62183 40.5081 4.07886 
0.101664 0.214372 34.134 4.43987 
0.128959 0.695398 41.1475 4.10353 
0.0751193 0.349341 43.2641 4.80477 
0.108195 0.333807 41.0476 4.7811 
0.13583 0.422581 50.5551 5.01865 
0.175994 0.624421 42.6353 4.47507 
0.0837983 0.325759 41.8105 5.00972 
0.151123 0.638324 46.9817 4.75625 
0.171985 0.440231 38.0472 3.80297 
0.144769 0.424056 36.2692 3.86609 
0.1679 0.456504 42.599 4.80952 
0.194284 0.505219 48.0508 5.12577 
0.180152 0.526579 39.1061 3.9403 
0.0955045 0.28304 34.0807 3.93165 
0.186054 0.448572 44.2041 4.37034 
0.13696 0.445927 38.9686 4.44107 
0.0890906 0.4811 35.4665 4.22024 
0.108167 0.488771 37.95 3.9445 
0.118272 0.544895 45.3043 4.88381 
0.107732 0.571995 44.6992 4.93891 
