0.197228 6.02923 466.191 4.08841 
0.0052743 0.112551 38.9123 5.63318 
0.214023 8.7779 140.047 3.03664 
0.495173 2.33006 71.0585 3.88643 
0.32182 4.10989 208.057 6.05534 
0.203494 3.92127 179.535 6.09642 
0.220954 1.14819 126.021 3.32405 
0.062717 2.05778 61.1745 3.42365 
0.0594196 0.0289812 61.0675 7.76455 
0.452331 0.309435 44.9189 5.39869 
0.280959 1.35664 156.524 5.16893 
0.0184632 0.0250162 38.8162 4.9607 
0.216995 4.03993 303.851 2.57336 
0.151589 10.5288 280.395 3.78763 
0.0897945 0.354068 24.7537 2.3974 
0.0101629 0.0317801 31.6168 4.61263 
0.00779205 0.0854202 26.1827 4.07364 
0.141624 0.133435 23.6639 3.12733 
0.155378 0.027127 50.1042 7.51922 
0.186132 9.68047 157.161 3.00437 
0.00636503 0.110643 54.1784 7.6662 
0.35356 2.37079 136.75 4.78139 
0.132137 1.18936 142.238 5.53683 
0.421955 1.72163 50.8584 2.67279 
0.290323 0.702867 71.1629 3.15552 
0.12838 1.88924 175.415 5.81137 
0.0960473 6.11847 377.365 2.35529 
0.346518 0.374574 76.2564 6.84322 
0.169342 1.53619 145.218 5.79021 
0.190774 0.371333 37.9798 2.49025 
0.0989288 2.68216 260.894 3.12059 
0.158571 14.8592 292.953 3.29199 
0.298073 4.51998 294.026 4.53728 
0.10538 1.76212 115.075 5.73259 
0.363871 2.22123 121.408 3.43235 
0.0218829 0.145188 28.3068 4.34985 
0.338612 5.26502 249.882 2.81465 
0.0752902 1.28779 121.347 2.68302 
0.273326 0.0756427 32.008 4.2864 
0.346529 7.73932 154.26 3.93565 
0.28417 4.4364 245.204 5.93035 
0.153038 4.95376 426.878 4.10788 
0.134728 0.188204 85.6254 7.44934 
0.211699 1.84921 39.3841 2.25165 
0.0590992 0.464464 61.1021 3.24918 
0.463815 0.422033 53.5739 5.67655 
0.0625365 0.634139 88.9702 7.09879 
0.133431 8.4542 399.049 3.68477 
0.457027 0.375238 51.2684 5.43098 
0.0931654 0.182854 59.1341 4.27508 
0.035181 0.0701847 26.9452 4.34942 
0.0143245 0.0882703 45.5618 7.47353 
0.00470386 0.203944 46.2036 6.70484 
0.0914036 4.85327 221.224 2.12822 
0.0759385 1.66323 131.658 4.91768 
0.067999 0.541517 38.8536 2.52913 
0.0220572 0.220537 32.9614 5.68313 
0.161336 1.29771 112.34 2.56139 
0.114558 3.83792 82.8464 2.26141 
0.336824 5.75378 281.588 4.12907 
0.226848 2.21554 202.99 3.19845 
0.0783595 3.64812 97.0719 3.05883 
0.178023 5.02683 320.127 5.17134 
0.0189362 0.144798 36.7078 4.03589 
0.217148 6.03937 139.94 4.16442 
0.0852912 7.34244 239.108 3.51104 
0.135667 3.30112 190.017 2.22239 
0.0199669 0.0661112 48.406 6.11251 
0.370128 5.42874 88.3364 2.53222 
0.0267283 0.139943 39.4003 3.95209 
0.449442 3.0584 97.4909 3.61745 
0.204896 0.83477 113.784 4.25781 
0.0546543 0.816264 30.0307 4.04732 
0.323358 0.887666 80.9039 3.70508 
0.0200945 0.213725 28.214 3.57682 
0.0567897 0.0309748 44.8263 5.5039 
0.0353781 0.016188 27.6359 4.34911 
0.0869942 0.575953 70.7367 2.76824 
0.146643 7.54425 290.968 2.10696 
0.342628 15.5218 325.621 3.96026 
0.0566029 0.206836 28.5372 2.59473 
0.339519 1.26247 44.8093 5.61115 
0.16945 0.830727 31.3912 2.19544 
0.266675 0.0845234 45.0313 5.02388 
0.250763 3.99486 180.499 5.17998 
0.0983256 0.0214266 27.283 3.75231 
0.128209 0.408189 80.4243 3.72798 
0.0732774 6.30382 272.686 2.75485 
0.260586 2.50127 160.073 5.92677 
0.131355 1.91358 58.0375 2.15279 
0.106931 0.0683457 30.9017 3.0872 
0.120632 7.39853 394.964 3.90486 
0.208402 0.105265 55.3906 5.23922 
0.0579844 0.110446 28.1682 2.94175 
0.0459586 0.0528901 23.3769 3.79867 
0.054017 0.520209 53.3553 2.71404 
0.0575599 1.32306 88.4069 4.43834 
0.0320165 0.0481411 22.9683 3.21811 
0.425268 0.75973 47.0846 3.37054 
0.190574 0.0359182 32.2792 4.73636 
0.0640109 0.404729 69.246 4.48439 
0.202874 0.591521 92.3617 4.45801 
0.102992 1.44932 90.7139 6.39928 
0.192298 1.09695 95.9974 2.53063 
0.195667 1.9599 162.782 2.81882 
0.156961 0.457483 88.5731 5.17731 
0.0253106 0.161212 25.755 4.11037 
0.0830229 0.180527 60.1099 4.79758 
0.440265 1.09548 65.4024 4.68188 
0.0490347 1.05768 67.9354 4.07532 
0.198879 4.31363 149.036 4.60336 
0.273332 0.0856521 44.1938 5.55237 
0.0204017 0.369422 37.5127 5.29292 
0.0253457 0.0259753 26.6231 4.15871 
0.453577 1.33216 64.6794 4.87357 
0.0403038 0.398698 63.9281 5.04371 
0.0118644 0.0607544 40.2769 6.02966 
0.199354 9.30136 323.559 4.37784 
0.0431822 0.170728 36.2369 2.93923 
0.152261 1.71712 60.4873 5.98345 
0.212451 7.31601 445.454 3.66254 
0.253036 3.00002 114.096 5.51549 
0.0820418 15.5578 445.678 3.03418 
0.0713524 2.21408 63.0034 2.9595 
0.0181654 0.349115 57.068 7.59684 
0.13484 0.501938 99.4587 7.85983 
0.0780129 1.1677 109.258 4.35385 
0.0231043 0.123716 56.7204 6.92244 
0.165063 5.76717 393.085 2.45799 
0.406927 4.83253 101.311 3.02666 
0.114368 1.9397 128.335 2.34696 
0.122158 0.202747 28.6848 2.5898 
0.159512 7.25177 222.415 2.2158 
0.185264 1.6137 167.836 3.75168 
0.0310642 0.462654 55.0605 5.59358 
0.128431 0.133179 35.4351 2.93279 
0.137723 1.54193 88.2891 7.86124 
0.076348 1.12707 72.9692 7.54546 
0.0890766 7.98503 296.96 2.67137 
0.0516503 0.021076 35.6957 5.24848 
0.0878725 2.00696 67.3512 4.1907 
0.178995 0.184479 46.0404 7.40876 
0.0617181 2.42793 112.14 2.4682 
0.290495 1.35465 110.532 4.44751 
0.0227969 0.190681 35.5452 3.8502 
0.270461 11.5316 486.955 4.07132 
0.0514664 1.50962 99.6813 2.8939 
0.116764 0.581916 83.191 3.49434 
0.055559 0.953021 78.1558 3.00239 
0.217567 0.248082 32.7075 4.87001 
0.156949 0.225847 75.0202 6.16595 
0.21495 4.56777 298.163 3.02677 
0.0493256 0.883202 31.6211 2.83107 
0.243648 1.00038 103.007 3.59566 
0.252204 1.66666 70.1776 7.51602 
0.235094 2.40938 167.654 3.56457 
0.389766 1.32729 72.4276 4.05364 
0.221261 2.8759 186.668 4.86182 
0.120526 2.93246 93.738 3.99473 
0.228905 1.35613 105.759 2.83065 
0.124359 1.33543 135.079 5.0126 
0.198642 2.4087 102.034 5.29089 
0.203101 1.82907 76.419 7.60911 
0.052895 1.21733 79.2066 2.82089 
0.0123248 0.0488011 48.7894 7.50753 
0.26697 6.03792 102.973 2.9654 
0.0882094 0.0161843 46.0488 6.69494 
0.124521 1.42084 112.62 2.35524 
0.0159672 0.22158 36.5438 5.7286 
0.0930728 7.62292 359.45 2.65545 
0.103062 3.73126 185.118 3.83999 
0.0673766 0.116825 34.906 5.90212 
0.424909 0.564942 32.8266 3.70093 
0.0536542 0.0641091 27.4114 3.43087 
0.150068 0.487021 60.2907 2.84089 
0.365331 6.41479 130.598 2.99864 
0.191473 0.924792 79.4547 2.51376 
0.0266323 0.449619 62.4871 6.96324 
0.0305024 0.106515 23.3358 3.54203 
0.333579 9.25814 314.651 3.77748 
0.27677 8.31434 127.406 2.63081 
0.198751 3.43973 279.914 2.91144 
0.0621851 0.611397 62.8888 3.05322 
0.252646 0.266502 30.7985 2.73264 
0.0973558 4.00448 252.677 2.19571 
0.180863 0.0748554 40.3604 4.06602 
0.186712 0.837936 80.0788 2.63449 
0.186696 2.36469 205.171 4.21894 
0.0865273 4.70066 175.223 2.97916 
0.356065 1.77516 83.1789 6.34921 
0.208624 2.2423 165.83 3.46839 
0.0663914 1.53773 48.3001 4.11782 
0.0978724 1.27425 78.1104 2.43222 
0.251382 1.00033 92.2349 5.30656 
0.134695 0.25686 55.4497 3.58716 
0.166736 2.03624 52.6024 2.3157 
0.0163595 0.21023 33.4636 4.35201 
0.0518538 1.33337 76.3152 2.71531 
0.377831 0.470522 33.9981 3.01447 
0.126109 3.46349 106.872 2.5401 
0.0567335 0.997464 65.4231 5.11078 
0.141684 0.434821 92.8272 7.10088 
0.065658 0.0281481 54.3191 7.26729 
0.167363 0.548865 53.2996 2.61377 
0.0711277 0.115392 42.9661 3.90823 
0.244986 0.130777 48.4838 4.60121 
0.403053 0.526762 31.8534 3.27421 
0.180405 2.07695 44.3427 3.63028 
0.337742 1.16623 85.9518 5.4563 
0.333855 2.75599 91.8839 4.43504 
0.159204 5.46893 327.656 2.5199 
0.0509 0.97389 36.2945 2.85879 
0.184542 0.0680601 47.5178 7.26833 
0.0577711 0.826618 52.2969 2.89399 
0.0154947 0.0292935 46.9228 6.96113 
0.0475891 0.021556 41.9824 5.94648 
0.0430097 1.02662 37.2832 3.5504 
0.393426 2.06911 72.8674 3.51581 
0.216328 1.18083 32.5137 3.38788 
0.164615 0.0229402 36.0618 5.23052 
0.295121 5.90444 270.652 3.79655 
0.122392 0.537304 81.1391 4.35299 
0.084089 0.0144484 35.2952 4.99031 
0.0785503 1.30304 47.5179 2.2919 
0.204972 2.40447 182.611 3.8623 
0.374171 0.364118 56.8447 6.41436 
0.0857911 0.74393 83.4966 6.54874 
0.219327 19.827 390.316 3.10517 
0.15379 0.369707 67.6149 3.57794 
0.0203529 0.0651082 29.0732 4.72311 
0.234333 10.0527 251.722 3.58391 
0.0691979 0.987298 33.8641 2.87535 
0.394637 1.21585 60.3663 3.76183 
0.118108 0.570251 35.6324 2.30782 
0.172578 1.02938 97.9593 6.03573 
0.192916 2.34215 178.763 3.03287 
0.0785339 8.77199 316.383 2.39007 
0.0209224 0.101051 29.2654 4.84253 
0.114968 0.407238 43.644 2.43994 
0.0272666 0.204756 35.0709 3.41484 
0.0755643 0.861858 31.7061 2.78185 
0.139891 0.441287 38.0717 2.37918 
0.0605924 0.168879 23.7311 3.51595 
0.256503 7.57542 123.524 2.94856 
0.0820053 0.242228 48.7893 3.54863 
0.0988304 6.02463 295.361 3.14417 
0.247297 2.41526 111.383 5.46643 
0.268427 1.08551 38.9493 2.47007 
0.333346 0.91958 66.7925 4.36406 
0.0275581 0.0521331 29.7968 4.09892 
0.0396983 0.879828 53.2098 5.76036 
0.263474 0.630138 74.0395 5.14982 
0.142584 0.0965271 58.8662 6.3682 
0.0851898 0.12604 44.0881 7.44335 
0.172195 1.14001 116.857 4.46857 
0.186232 0.0497237 30.1483 4.36073 
0.0980487 0.0599665 49.8366 7.84297 
0.125718 4.19428 200.696 3.17997 
0.139186 0.248084 54.276 3.92502 
0.348972 1.79352 53.1073 4.33833 
0.11168 0.164617 24.5502 2.96873 
0.00985506 0.217681 33.479 4.75175 
0.219117 5.21204 192.02 2.3452 
0.0527386 0.908131 57.7046 3.33451 
0.155462 2.14567 181.317 3.88757 
0.341047 1.17109 69.6195 4.0737 
0.0152734 0.067507 42.113 6.73014 
0.0927906 2.92393 67.9884 2.56689 
0.0725879 2.01341 95.1111 2.8131 
0.199804 1.00636 29.0415 3.0645 
0.0926824 0.306841 85.3457 7.51113 
0.0480368 0.858598 48.3779 5.55042 
0.271494 1.14324 43.1304 2.49716 
0.0427974 0.543414 48.7531 3.2747 
0.0722449 2.78159 113.824 3.15846 
0.312643 7.58383 208.951 2.8035 
0.0587313 0.866633 37.3122 2.69073 
0.0433345 0.061275 43.6006 5.49581 
0.0384567 0.51128 38.06 3.13472 
0.10243 1.2737 108.401 3.95804 
0.266516 2.62749 122.958 2.80353 
0.130075 5.31432 224.552 3.67806 
0.188837 0.161287 60.2721 5.46685 
0.137855 6.89914 317.169 3.46799 
0.13742 0.0512309 40.7624 6.09221 
0.0172283 0.0400342 35.2525 5.04538 
0.0190435 0.276064 32.3257 3.5863 
0.406739 0.704115 42.1784 5.26286 
0.205707 6.45159 157.689 3.30911 
0.306285 1.35043 69.3805 3.04676 
0.0406807 0.156438 23.4519 3.77098 
0.0265379 0.44601 44.2094 6.00008 
0.0203398 0.0641495 30.2878 4.97139 
0.12804 7.63898 199.089 3.14525 
0.0732491 0.385711 79.7079 6.81616 
0.0935562 1.95204 106.784 2.80693 
0.105158 1.99289 53.3727 3.34977 
0.0884736 2.25884 94.6107 2.49189 
0.0776544 0.0273812 32.3408 4.87561 
0.0993893 0.747201 36.6802 2.62822 
0.210162 3.92093 145.952 2.36112 
0.218826 1.81654 116.796 5.04627 
0.195253 5.66747 285.912 2.98239 
0.0928076 1.24937 72.6551 4.85687 
0.153036 0.451598 48.5701 2.72263 
0.0409994 0.0453804 39.9652 5.7995 
0.0521277 0.0774818 33.6222 3.91156 
0.191798 7.96296 211.037 3.30898 
0.336186 0.363664 66.6245 6.74356 
0.239766 1.54975 104.132 4.7385 
0.0353498 0.0207856 45.7756 7.23913 
0.228334 4.61469 153.294 3.75719 
0.0563739 0.302448 53.0882 4.07336 
0.253026 1.21761 94.2353 5.22773 
0.256346 1.74819 55.7539 4.77254 
0.175033 18.0553 460.447 2.3544 
0.102578 1.67661 47.7592 3.90231 
0.245705 1.47328 108.073 4.54245 
0.238253 1.7847 47.4511 2.55489 
0.0243905 0.101342 32.2816 4.15169 
0.0833058 1.40172 84.5661 3.83643 
0.25768 7.2247 154.961 2.70186 
0.0859364 0.647421 52.6761 2.94633 
0.207168 5.50991 260.029 2.65057 
0.130533 2.66356 169.321 3.06704 
0.0889926 0.0415093 28.2021 3.79622 
0.135046 2.0361 52.3363 2.51169 
0.134359 0.0452645 35.9243 4.61891 
0.176251 0.116601 53.191 7.38089 
0.0567526 0.0254869 51.0682 7.95639 
0.132344 11.0299 423.657 2.47813 
0.138442 1.95473 111.036 2.51787 
0.270242 4.1592 138.257 2.89315 
0.0873917 1.51231 71.678 4.016 
0.106785 1.64293 64.6491 4.71498 
0.0669557 0.493973 54.9914 3.94591 
0.184614 0.131159 60.8535 7.23099 
0.133961 4.6993 141.693 2.63669 
0.23341 2.40471 127.859 4.60262 
0.102347 2.11689 79.2486 3.57534 
0.191499 10.257 335.405 2.68473 
0.202345 1.34218 99.7869 4.18883 
0.0956806 0.12736 56.5708 5.3039 
0.255975 0.319152 36.6153 3.11573 
0.0342117 0.202933 37.7978 4.18173 
0.0334629 0.0473611 34.0506 5.04375 
0.103796 2.34032 115.256 2.42947 
0.224078 2.64148 85.5656 4.27709 
0.189781 0.527735 46.6594 2.89173 
0.1906 1.65726 56.3689 2.3723 
0.025326 0.0305665 32.3449 4.87253 
0.105075 4.53855 200.434 2.72937 
0.150729 1.84697 101.838 3.9479 
0.104795 2.1651 100.29 4.17038 
0.152658 0.703609 80.8101 6.75383 
0.122678 2.45778 93.3781 3.94637 
0.16317 8.55085 297.692 2.94452 
0.228306 12.7957 340.727 2.81271 
0.0181548 0.0795335 48.9325 7.00411 
0.0827047 1.27575 42.5099 3.3904 
0.212312 0.155639 32.5106 4.43831 
0.0554504 0.258032 27.8617 3.0977 
0.128755 2.2138 126.953 2.58329 
0.166338 1.75057 43.7749 3.04118 
0.343505 2.55099 71.4151 3.11783 
0.0378624 0.672046 48.4246 5.54303 
0.107312 2.15205 85.2808 3.33292 
0.0624094 0.399813 38.0144 5.45263 
0.0964444 0.66262 27.9989 3.22881 
0.251899 0.318633 43.4123 5.9215 
0.223134 0.236508 35.2122 5.00521 
0.112809 2.75318 105.282 2.51736 
0.173412 1.09109 35.0687 3.21915 
0.310385 1.15945 57.7758 3.9559 
0.277625 0.944912 63.7599 3.53928 
0.23016 0.993986 76.1666 5.99163 
0.0915565 1.20258 55.3901 5.52911 
0.0924179 0.431882 29.8352 4.32356 
0.196854 4.25318 162.434 3.3273 
0.037263 0.386429 51.8598 6.24483 
0.1715 6.91716 183.501 2.57268 
0.119802 0.158284 22.8833 3.17302 
0.144354 3.09059 75.701 3.03335 
0.20888 0.607906 49.0055 6.76586 
0.12981 0.295262 50.2489 3.67713 
0.135251 0.0710057 33.2596 4.51723 
0.106052 0.974171 78.3969 3.98243 
0.096733 1.40748 51.2541 3.5167 
0.148519 2.8926 82.8382 2.99091 
0.250608 2.31764 66.9705 2.78645 
0.0481263 0.0468935 36.4679 4.88799 
0.171885 0.382039 43.6962 3.02605 
0.0958146 0.281803 26.8796 3.10145 
0.186425 0.259233 59.7742 5.1437 
0.0262174 0.0379979 50.7922 7.37942 
0.18594 1.40534 79.2313 3.93559 
0.12801 1.96119 61.3696 2.72876 
0.151585 0.244411 28.0801 2.92152 
0.358877 0.438029 38.2587 3.81093 
0.0427088 0.0844674 26.5328 3.7511 
0.0208573 0.0400417 35.5306 5.48346 
0.0689199 0.189587 37.3377 3.3657 
0.170934 0.530843 73.8355 5.9413 
0.126803 1.18448 46.6957 2.52459 
0.0589881 0.0791242 44.0926 6.71496 
0.052838 0.297475 32.9427 4.41428 
0.044498 0.226788 39.7515 4.60107 
0.138121 1.74344 47.6231 3.07726 
0.152574 3.63181 136.697 2.7565 
0.224082 0.175264 53.897 6.03826 
0.0552403 0.915759 50.0331 4.91938 
0.202966 1.76891 74.591 2.90362 
0.0622778 0.160212 57.1597 7.05867 
0.0559363 0.60456 47.6295 5.84897 
0.208161 0.762367 85.1891 7.42674 
0.0882767 1.74467 72.8309 3.48749 
0.252798 2.10004 75.4035 3.33438 
0.0481473 0.721263 54.0766 4.95207 
0.170874 7.44472 197.662 2.63861 
0.147982 1.65522 84.7082 3.755 
0.0698452 0.154621 58.6626 6.49152 
0.233769 0.944934 31.1199 3.6654 
0.163863 0.108627 32.8985 4.02388 
0.258665 0.93068 65.6362 4.70534 
0.0286111 0.135824 33.5678 4.7415 
0.0514793 0.115947 24.8666 3.53919 
0.0314231 0.357717 50.5917 6.25378 
0.0879381 0.888121 60.2274 3.145 
0.117583 0.095275 57.2958 7.41568 
0.0321362 0.185205 53.9737 6.64909 
0.170583 0.47934 70.4494 5.95994 
0.134312 0.803001 61.5119 3.7876 
0.264745 0.488848 48.118 3.86628 
0.195369 0.486421 55.8937 7.62532 
0.120923 2.20423 64.169 3.14787 
0.134991 0.782562 62.4035 3.384 
0.0569957 0.46094 27.4144 2.66362 
0.236816 0.195689 42.9052 5.33834 
0.185829 1.46208 49.3277 3.61908 
0.111196 0.100681 48.4382 5.90888 
0.14481 0.115255 34.4953 4.48611 
0.257257 0.21983 35.858 3.84336 
0.110783 0.16467 28.2596 4.11491 
0.0394336 0.215423 39.8219 5.33126 
0.109016 0.473055 27.7892 2.90579 
0.200975 0.54078 40.9847 2.92618 
0.196965 0.719435 39.2707 2.73402 
0.043518 0.314553 40.9149 4.64195 
0.228895 0.62368 40.376 2.82297 
0.165169 0.705021 76.5186 6.73423 
0.0672176 0.241871 58.434 7.00808 
0.198714 1.60261 62.1553 3.3242 
0.0558722 0.699687 35.2011 3.39565 
0.148244 0.176124 52.441 5.314 
0.144391 1.22994 57.9872 2.99865 
0.0521868 0.248352 54.0919 6.79689 
0.141437 0.988778 64.7893 4.28265 
0.0696915 0.170525 48.8147 5.95955 
0.0671179 0.145393 40.9548 5.06327 
0.0967264 0.761394 47.1943 3.34571 
0.0986839 0.280267 41.8112 3.63234 
0.185569 0.354524 28.994 3.63441 
0.118939 0.830259 50.7343 3.47099 
0.274948 0.628882 62.5887 6.69096 
0.120787 0.429581 34.3248 4.40106 
0.122961 0.563219 32.789 3.00902 
0.150687 0.617493 64.2765 7.69936 
0.150847 1.0914 40.3507 3.62286 
0.0814579 0.655559 46.3592 5.45965 
0.181764 0.271495 31.3256 3.19337 
0.0516321 0.200699 42.7515 5.32964 
0.129563 0.67877 46.6693 3.3944 
0.15928 0.985092 35.9863 3.06784 
0.203224 0.33743 37.9269 4.97973 
0.0669831 0.163 37.5138 4.02111 
0.123493 0.58908 56.8509 4.61619 
0.185345 0.942843 61.9911 5.73872 
0.258937 0.633448 40.5871 3.62497 
0.184528 0.628091 67.1927 7.9201 
0.0674141 0.505039 43.6351 3.99978 
0.162862 0.181074 33.4476 3.95684 
0.0822571 0.159669 30.2229 4.22752 
0.0619434 0.364255 56.4875 7.86712 
0.137475 0.140961 41.428 4.78278 
0.0544816 0.389905 50.3845 5.17257 
0.103238 0.209548 50.7886 5.22672 
0.118622 0.158328 36.759 3.7629 
0.0542734 0.428959 39.8508 4.24972 
0.114494 0.469749 49.9245 4.32429 
0.0754196 0.426073 43.498 5.12276 
0.131186 0.897097 45.6163 4.80548 
0.0875152 0.220228 29.7806 3.45219 
0.128089 0.497397 54.7797 6.29547 
0.112404 0.534921 32.846 3.34311 
0.0749042 0.502476 37.6606 3.30156 
0.144896 0.477109 54.0154 6.00388 
0.0812169 0.554195 48.5374 5.05059 
0.164509 0.427377 57.1918 5.82593 
0.0837983 0.325759 41.8105 5.00972 
0.1679 0.456504 42.599 4.80952 
