0.0592811 0.173364 51.8878 4.47616 
0.239531 0.319756 51.2615 4.00886 
0.175033 18.0553 460.447 2.3544 
0.102578 1.67661 47.7592 3.90231 
0.169805 3.15553 183.981 3.19713 
0.160066 3.55671 84.1012 3.30152 
0.268785 0.242099 30.406 3.03334 
0.0694585 0.332724 56.9147 4.44165 
0.0156662 0.0402059 31.5737 4.47758 
0.136127 1.05641 79.7221 6.38319 
0.0280832 0.16708 54.5349 5.88321 
0.245705 1.47328 108.073 4.54245 
0.238253 1.7847 47.4511 2.55489 
0.0243905 0.101342 32.2816 4.15169 
0.0811795 0.724557 34.0822 2.4884 
0.050974 0.415334 49.5671 7.48573 
0.159453 1.17985 31.9296 3.59471 
0.0244691 0.0335676 30.7435 4.35511 
0.235805 5.1476 163.517 3.79624 
0.349894 0.501641 45.0698 3.64672 
0.0833058 1.40172 84.5661 3.83643 
0.266937 0.196278 42.2519 3.81948 
0.0620469 0.0253791 32.0491 4.77427 
0.25768 7.2247 154.961 2.70186 
0.0859364 0.647421 52.6761 2.94633 
0.125394 0.141779 58.3518 5.33819 
0.207168 5.50991 260.029 2.65057 
0.147473 0.991098 33.9865 4.00758 
0.125486 5.45585 252.061 2.91516 
0.0578401 0.565826 52.017 3.05733 
0.231308 0.976788 33.2666 2.7621 
0.288473 0.324635 75.3922 7.70678 
0.130533 2.66356 169.321 3.06704 
0.0941009 1.04262 88.1063 3.81843 
0.201325 5.28989 204.104 2.60675 
0.114873 0.0715108 37.1797 5.93213 
0.139311 0.066505 48.2965 6.89018 
0.0294941 0.196174 35.2017 3.96525 
0.25357 1.93727 58.9599 4.22434 
0.235861 12.9604 465.303 2.862 
0.176191 1.62124 58.2054 5.19171 
0.101589 2.43767 134.663 3.69965 
0.0881308 0.167847 31.6619 3.01116 
0.0777413 0.693372 70.3188 4.36741 
0.0889926 0.0415093 28.2021 3.79622 
0.135046 2.0361 52.3363 2.51169 
0.134359 0.0452645 35.9243 4.61891 
0.145839 2.34793 93.1495 3.98652 
0.316232 2.48437 79.0543 2.63904 
0.176251 0.116601 53.191 7.38089 
0.168225 12.2104 428.365 2.90728 
0.0567526 0.0254869 51.0682 7.95639 
0.132344 11.0299 423.657 2.47813 
0.229195 0.122367 32.129 3.88188 
0.0441171 0.16528 40.2696 6.4456 
0.138442 1.95473 111.036 2.51787 
0.353283 1.12227 56.5266 4.08446 
0.102299 0.183406 43.8331 6.88471 
0.0315899 0.0924004 39.681 4.68536 
0.269764 9.87083 284.917 2.95318 
0.270242 4.1592 138.257 2.89315 
0.0389022 0.201971 28.41 3.85423 
0.0873917 1.51231 71.678 4.016 
0.106785 1.64293 64.6491 4.71498 
0.243521 1.01454 70.2861 3.3048 
0.0669557 0.493973 54.9914 3.94591 
0.039057 0.253002 24.788 3.38902 
0.184614 0.131159 60.8535 7.23099 
0.216287 1.94415 121.798 3.20702 
0.094518 1.36202 59.2144 5.50212 
0.205673 1.63735 101.327 2.85535 
0.133961 4.6993 141.693 2.63669 
0.0381143 0.0331652 30.0319 4.66401 
0.0525519 0.295283 30.4597 3.50817 
0.191144 3.04792 139.506 3.66474 
0.24421 3.86395 157.809 2.67815 
0.133019 1.01797 79.6111 2.62126 
0.23341 2.40471 127.859 4.60262 
0.102347 2.11689 79.2486 3.57534 
0.299568 0.645256 34.6342 2.79964 
0.0611235 0.87922 54.9554 4.47377 
0.204691 0.42057 69.4451 5.35729 
0.191499 10.257 335.405 2.68473 
0.202345 1.34218 99.7869 4.18883 
0.387245 0.465556 36.2232 4.36462 
0.163184 0.0701646 26.7514 3.72438 
0.0976716 0.185841 35.3612 3.04328 
0.0990717 0.0639426 30.2552 4.1558 
0.115371 1.60299 44.3056 4.04339 
0.0956806 0.12736 56.5708 5.3039 
0.321233 0.252019 42.1729 4.87226 
0.212968 2.03892 123.737 3.1125 
0.266593 1.0119 77.2228 5.22817 
0.255975 0.319152 36.6153 3.11573 
0.187671 1.73021 41.3194 2.98192 
0.0342117 0.202933 37.7978 4.18173 
0.11061 0.0579381 33.9053 5.36851 
0.0334629 0.0473611 34.0506 5.04375 
0.0197052 0.0277293 38.658 5.66044 
0.193552 1.65443 83.4745 5.38459 
0.103796 2.34032 115.256 2.42947 
0.18154 0.242422 72.5113 6.72533 
0.224078 2.64148 85.5656 4.27709 
0.192325 0.555879 63.5923 3.63375 
0.266164 1.0279 50.502 2.68133 
0.189781 0.527735 46.6594 2.89173 
0.1906 1.65726 56.3689 2.3723 
0.0298652 0.0524819 35.5276 5.01873 
0.025326 0.0305665 32.3449 4.87253 
0.255273 1.12924 79.6079 5.09786 
0.105075 4.53855 200.434 2.72937 
0.104067 0.851438 72.0795 5.49068 
0.150729 1.84697 101.838 3.9479 
0.104795 2.1651 100.29 4.17038 
0.0596698 0.110941 45.7145 7.52665 
0.152658 0.703609 80.8101 6.75383 
0.122678 2.45778 93.3781 3.94637 
0.180131 0.48767 63.8214 4.41305 
0.157017 3.38245 141.81 3.71755 
0.16317 8.55085 297.692 2.94452 
0.228306 12.7957 340.727 2.81271 
0.290069 2.33857 84.8367 3.87495 
0.138596 3.7578 112.523 3.43999 
0.22043 12.6725 456.489 3.00609 
0.0323605 0.555237 51.7915 5.42663 
0.0181548 0.0795335 48.9325 7.00411 
0.0827047 1.27575 42.5099 3.3904 
0.212312 0.155639 32.5106 4.43831 
0.0554504 0.258032 27.8617 3.0977 
0.128755 2.2138 126.953 2.58329 
0.166338 1.75057 43.7749 3.04118 
0.194099 1.40663 76.1682 5.87658 
0.250462 0.396229 26.1361 3.39423 
0.133102 6.06633 238.318 3.0501 
0.0679173 0.0708417 40.7514 4.27237 
0.343505 2.55099 71.4151 3.11783 
0.0378624 0.672046 48.4246 5.54303 
0.0952742 0.677001 27.5325 3.25053 
0.107312 2.15205 85.2808 3.33292 
0.209023 3.04875 70.2112 2.93267 
0.0624094 0.399813 38.0144 5.45263 
0.222729 2.68811 59.7819 3.038 
0.0780656 0.203185 50.372 4.26755 
0.247142 1.56968 83.4941 4.14535 
0.0964444 0.66262 27.9989 3.22881 
0.251899 0.318633 43.4123 5.9215 
0.223134 0.236508 35.2122 5.00521 
0.247872 4.90546 137.127 2.64291 
0.0832437 1.12083 50.7828 4.74815 
0.262792 8.96154 214.683 2.73605 
0.112809 2.75318 105.282 2.51736 
0.256673 4.06909 141.666 2.83003 
0.159714 2.14241 50.0021 2.62441 
0.0906583 0.138546 29.2843 4.82584 
0.118088 2.60042 122.805 3.28311 
0.27987 1.3384 77.228 6.07377 
0.0747414 0.150767 63.0372 6.51521 
0.138547 9.72084 297.909 2.65161 
0.173412 1.09109 35.0687 3.21915 
0.126673 2.19305 112.591 2.70458 
0.315643 0.539207 58.0047 7.54274 
0.310385 1.15945 57.7758 3.9559 
0.348927 1.07195 65.5546 6.96591 
0.277625 0.944912 63.7599 3.53928 
0.23016 0.993986 76.1666 5.99163 
0.087653 1.29802 52.2592 2.99845 
0.0369765 0.265872 41.6204 5.54645 
0.228852 2.69995 113.226 3.36366 
0.0915565 1.20258 55.3901 5.52911 
0.0924179 0.431882 29.8352 4.32356 
0.147164 0.0716469 36.4317 4.2903 
0.252198 3.78115 95.5475 3.08545 
0.0323458 0.358735 56.6894 7.2038 
0.196854 4.25318 162.434 3.3273 
0.037263 0.386429 51.8598 6.24483 
0.1715 6.91716 183.501 2.57268 
0.119802 0.158284 22.8833 3.17302 
0.11049 1.54468 101.311 3.88079 
0.144354 3.09059 75.701 3.03335 
0.167137 0.231843 50.9693 7.31361 
0.095043 1.58995 90.2895 2.59269 
0.0709551 0.131319 56.1863 5.48085 
0.335176 0.539302 47.2984 5.84707 
0.286508 1.02966 58.0126 3.29155 
0.0244655 0.139567 43.2926 6.21181 
0.0347078 0.658495 35.9002 3.4259 
0.118501 1.11068 66.7149 4.99086 
0.256931 0.756395 52.5102 3.35142 
0.20888 0.607906 49.0055 6.76586 
0.190033 1.38081 83.6976 3.84466 
0.100598 1.43037 39.6356 3.93797 
0.22191 0.886229 41.7074 2.49661 
0.0704226 1.04789 45.9015 3.00351 
0.12981 0.295262 50.2489 3.67713 
0.134019 0.179144 51.2381 4.41839 
0.135251 0.0710057 33.2596 4.51723 
0.0324561 0.236713 38.0784 4.28919 
0.106052 0.974171 78.3969 3.98243 
0.203397 0.942539 48.0106 5.93981 
0.096733 1.40748 51.2541 3.5167 
0.148519 2.8926 82.8382 2.99091 
0.250608 2.31764 66.9705 2.78645 
0.0481263 0.0468935 36.4679 4.88799 
0.171885 0.382039 43.6962 3.02605 
0.0958146 0.281803 26.8796 3.10145 
0.0567821 0.29695 49.6563 4.51136 
0.213198 1.43876 47.0849 4.96152 
0.24415 1.21444 86.0194 7.7139 
0.174091 0.660823 72.9111 5.63119 
0.155355 5.67222 175.655 2.55367 
0.196436 0.944882 48.3102 6.0412 
0.155501 1.63027 98.1748 3.95806 
0.186425 0.259233 59.7742 5.1437 
0.0262174 0.0379979 50.7922 7.37942 
0.165559 0.109642 46.0905 6.61499 
0.0470836 0.545659 45.2306 6.00547 
0.18594 1.40534 79.2313 3.93559 
0.247433 1.17636 61.967 2.97097 
0.0413826 0.284209 38.461 3.6517 
0.0751335 0.469318 55.3586 4.45089 
0.376049 0.932305 42.7291 4.59626 
0.162803 12.8583 320.614 2.88722 
0.12801 1.96119 61.3696 2.72876 
0.151585 0.244411 28.0801 2.92152 
0.0604123 0.0759029 50.1058 6.56117 
0.133268 0.216354 50.1416 7.65189 
0.16046 2.78145 160.628 2.88352 
0.105302 0.1779 29.4714 3.18638 
0.205783 1.23238 83.6778 4.44769 
0.0514735 0.0569934 36.6822 4.94988 
0.358877 0.438029 38.2587 3.81093 
0.268046 0.739219 58.3185 3.96112 
0.208754 1.59898 53.7687 2.51154 
0.0427088 0.0844674 26.5328 3.7511 
0.230454 1.43366 70.6138 5.73368 
0.0208573 0.0400417 35.5306 5.48346 
0.0689199 0.189587 37.3377 3.3657 
0.170934 0.530843 73.8355 5.9413 
0.126803 1.18448 46.6957 2.52459 
0.28855 0.338794 54.3348 6.88107 
0.0589881 0.0791242 44.0926 6.71496 
0.132704 0.930386 71.1798 6.37366 
0.052838 0.297475 32.9427 4.41428 
0.198458 0.200788 64.6421 6.43937 
0.044498 0.226788 39.7515 4.60107 
0.224982 0.7772 87.6306 7.30444 
0.128085 0.661653 67.2972 4.21986 
0.131985 0.305677 37.1142 2.93329 
0.162402 2.20639 57.0554 2.63148 
0.138121 1.74344 47.6231 3.07726 
0.144494 0.479742 45.7868 3.01382 
0.0392321 0.111542 31.4294 3.9089 
0.152574 3.63181 136.697 2.7565 
0.0376928 0.109076 39.7818 5.41066 
0.224082 0.175264 53.897 6.03826 
0.0296423 0.432416 42.8252 4.27091 
0.0552403 0.915759 50.0331 4.91938 
0.0273378 0.255658 31.1606 3.60417 
0.202966 1.76891 74.591 2.90362 
0.284616 0.365582 57.0567 5.48231 
0.18828 0.224259 54.0601 7.50937 
0.142265 1.92015 99.2732 3.11989 
0.0622778 0.160212 57.1597 7.05867 
0.0491666 0.510091 68.9464 7.4012 
0.312404 0.718607 45.8028 3.52175 
0.0559363 0.60456 47.6295 5.84897 
0.208161 0.762367 85.1891 7.42674 
0.205886 1.9277 91.7358 3.3835 
0.206859 0.158941 42.6193 4.13007 
0.0882767 1.74467 72.8309 3.48749 
0.252798 2.10004 75.4035 3.33438 
0.0481473 0.721263 54.0766 4.95207 
0.102815 0.150472 34.8583 3.5366 
0.225683 0.866264 75.386 6.12095 
0.170874 7.44472 197.662 2.63861 
0.157833 0.0722168 32.7893 4.47392 
0.147982 1.65522 84.7082 3.755 
0.211296 1.30388 64.6664 4.78691 
0.0457815 0.033662 38.3816 5.91545 
0.0698452 0.154621 58.6626 6.49152 
0.204952 2.51522 97.0578 3.6211 
0.138898 1.72634 53.6104 3.03614 
0.0519436 0.249997 27.6835 4.43461 
0.233769 0.944934 31.1199 3.6654 
0.316577 0.376534 57.2625 6.49362 
0.163863 0.108627 32.8985 4.02388 
0.258665 0.93068 65.6362 4.70534 
0.0523858 0.53467 59.9659 6.14872 
0.0286111 0.135824 33.5678 4.7415 
0.0514793 0.115947 24.8666 3.53919 
0.0470561 0.118569 39.9957 4.43394 
0.0308465 0.0932789 37.5245 5.05824 
0.0314231 0.357717 50.5917 6.25378 
0.0879381 0.888121 60.2274 3.145 
0.117583 0.095275 57.2958 7.41568 
0.0321362 0.185205 53.9737 6.64909 
0.20576 2.4119 81.2079 2.7467 
0.170583 0.47934 70.4494 5.95994 
0.136765 1.10991 81.7174 3.78483 
0.246037 2.3683 72.1427 2.87558 
0.177712 1.83457 97.9404 3.17618 
0.180847 1.50665 44.0432 2.83492 
0.209939 1.1609 73.8533 3.44128 
0.15433 0.468315 60.8752 4.60047 
0.138513 2.8386 124.936 3.20033 
0.111631 1.11368 58.9136 5.30553 
0.134312 0.803001 61.5119 3.7876 
0.264745 0.488848 48.118 3.86628 
0.195369 0.486421 55.8937 7.62532 
0.222997 1.52963 39.3454 3.42756 
0.124192 0.179051 30.9735 3.04281 
0.25084 0.285315 61.504 7.13765 
0.281091 0.902729 55.9672 3.72419 
0.249961 1.69231 72.0078 3.67249 
0.145406 0.0919319 33.6621 4.74294 
0.0526006 0.0463078 38.2838 5.97096 
0.345984 0.945758 47.4419 4.08306 
0.189757 0.552755 59.3504 4.13507 
0.120923 2.20423 64.169 3.14787 
0.0709996 0.436028 61.5714 5.6495 
0.072074 0.190239 44.9443 6.68177 
0.134991 0.782562 62.4035 3.384 
0.260116 0.233491 41.1087 3.94535 
0.089657 0.836436 59.768 4.96622 
0.199401 0.717327 67.6814 5.10058 
0.326388 0.798808 44.3724 3.90043 
0.212795 1.86987 64.6562 3.74526 
0.040908 0.129326 39.0801 5.50046 
0.207537 0.307906 66.4403 6.41906 
0.07267 0.0695597 31.4576 4.62443 
0.171232 0.73898 58.747 3.64939 
0.165727 0.29204 26.8162 3.78613 
0.0569957 0.46094 27.4144 2.66362 
0.236816 0.195689 42.9052 5.33834 
0.185829 1.46208 49.3277 3.61908 
0.295201 0.740139 53.5144 4.26077 
0.0623694 0.440084 73.5408 7.28241 
0.111196 0.100681 48.4382 5.90888 
0.14481 0.115255 34.4953 4.48611 
0.0518217 0.207713 41.6816 3.98347 
0.257257 0.21983 35.858 3.84336 
0.143077 0.367319 26.2565 3.6424 
0.110783 0.16467 28.2596 4.11491 
0.0394336 0.215423 39.8219 5.33126 
0.236571 1.06855 34.1049 3.631 
0.109016 0.473055 27.7892 2.90579 
0.113579 0.228753 61.6118 5.83962 
0.0932738 0.0457018 48.2345 7.22235 
0.151584 0.533169 51.885 7.05939 
0.200975 0.54078 40.9847 2.92618 
0.161903 1.25325 40.3239 3.03735 
0.0227186 0.360036 38.0187 5.18221 
0.172642 0.497166 38.8101 2.89904 
0.291233 1.04905 65.6204 6.08679 
0.252323 0.411082 32.3474 3.10254 
0.103307 0.128692 38.9433 6.02134 
0.196965 0.719435 39.2707 2.73402 
0.043518 0.314553 40.9149 4.64195 
0.206277 0.462256 58.3423 4.88532 
0.228895 0.62368 40.376 2.82297 
0.165169 0.705021 76.5186 6.73423 
0.0696092 0.244292 65.0804 7.62418 
0.270382 1.01629 62.6223 5.67394 
0.109542 0.793343 56.5317 3.25286 
0.0672176 0.241871 58.434 7.00808 
0.0463089 0.297318 44.4552 4.31455 
0.198714 1.60261 62.1553 3.3242 
0.0558722 0.699687 35.2011 3.39565 
0.124211 0.157457 29.292 3.79261 
0.0910582 0.239665 51.6139 4.72101 
0.0558971 0.13341 29.584 4.31108 
0.148244 0.176124 52.441 5.314 
0.217421 0.188679 41.5728 4.32063 
0.144391 1.22994 57.9872 2.99865 
0.184586 1.20295 59.4776 5.28783 
0.172507 0.121346 35.9116 4.26306 
0.206556 0.147474 33.9341 3.99163 
0.0521868 0.248352 54.0919 6.79689 
0.132696 0.15582 42.5704 4.35332 
0.141437 0.988778 64.7893 4.28265 
0.216217 0.356763 40.0803 5.22847 
0.0729415 0.767336 49.4602 4.23916 
0.182572 0.710013 34.9378 2.77856 
0.244499 0.298784 55.8768 6.2312 
0.160957 0.144731 31.7021 3.731 
0.0642533 0.700486 44.9613 5.06888 
0.242895 0.924335 47.2826 3.37856 
0.210132 1.2608 46.1368 2.83732 
0.0696915 0.170525 48.8147 5.95955 
0.194937 1.13079 58.9081 3.62997 
0.0671179 0.145393 40.9548 5.06327 
0.0967264 0.761394 47.1943 3.34571 
0.27281 0.453542 53.4323 4.94144 
0.0742984 0.739658 33.8584 3.50094 
0.0986839 0.280267 41.8112 3.63234 
0.185569 0.354524 28.994 3.63441 
0.0728267 0.922644 40.4003 3.83242 
0.118939 0.830259 50.7343 3.47099 
0.274948 0.628882 62.5887 6.69096 
0.0866345 0.767131 41.4457 2.88725 
0.120787 0.429581 34.3248 4.40106 
0.0489557 0.350579 46.5511 5.36341 
0.15897 1.06915 37.4519 3.55242 
0.122961 0.563219 32.789 3.00902 
0.150687 0.617493 64.2765 7.69936 
0.175924 1.28827 54.0978 3.2366 
0.153039 0.157764 37.421 4.90582 
0.150847 1.0914 40.3507 3.62286 
0.0814579 0.655559 46.3592 5.45965 
0.181764 0.271495 31.3256 3.19337 
0.174147 1.03319 34.0816 3.3094 
0.250108 0.39392 31.7308 4.05741 
0.0516321 0.200699 42.7515 5.32964 
0.129563 0.67877 46.6693 3.3944 
0.075094 0.738494 47.3836 5.42673 
0.15928 0.985092 35.9863 3.06784 
0.120681 0.211225 41.3008 3.9298 
0.203224 0.33743 37.9269 4.97973 
0.18247 0.967873 55.8595 5.79789 
0.0669831 0.163 37.5138 4.02111 
0.100538 0.633276 46.2052 3.7496 
0.123493 0.58908 56.8509 4.61619 
0.185345 0.942843 61.9911 5.73872 
0.0919167 0.385949 48.5321 6.78905 
0.258937 0.633448 40.5871 3.62497 
0.184528 0.628091 67.1927 7.9201 
0.0700126 0.161304 50.7108 5.944 
0.0636553 0.54763 46.091 4.70308 
0.0674141 0.505039 43.6351 3.99978 
0.137934 1.03639 40.843 4.50744 
0.162862 0.181074 33.4476 3.95684 
0.0938449 0.390598 42.3005 5.47505 
0.0822571 0.159669 30.2229 4.22752 
0.0619434 0.364255 56.4875 7.86712 
0.0539628 0.436595 42.8677 5.31826 
0.145246 0.173845 46.3772 4.77272 
0.133096 0.748117 44.6456 5.26523 
0.0979376 0.287327 30.3569 3.73167 
0.0865738 0.18992 30.8697 4.05714 
0.150977 0.169986 40.1355 5.13807 
0.230806 0.759773 44.1096 3.33668 
0.0596981 0.340148 35.1482 4.15278 
0.0721035 0.207701 34.7603 4.63409 
0.0820159 0.335361 42.2829 3.80286 
0.0590606 0.179097 31.718 4.63483 
0.0465106 0.36512 41.5517 4.65593 
0.137475 0.140961 41.428 4.78278 
0.280006 0.745595 41.3257 4.00056 
0.240306 0.667206 59.3916 5.89414 
0.0544816 0.389905 50.3845 5.17257 
0.122168 0.529695 36.7404 3.05121 
0.103238 0.209548 50.7886 5.22672 
0.118622 0.158328 36.759 3.7629 
0.0549686 0.574443 41.7403 4.53476 
0.148193 0.767223 33.518 3.31931 
0.227055 0.91231 52.6529 4.9522 
0.184236 0.219915 37.3203 4.31352 
0.211577 0.49609 33.1031 3.25091 
0.0881777 0.356631 32.5943 3.36152 
0.224073 0.412304 47.0817 5.50183 
0.087673 0.386453 32.0848 3.52809 
0.225663 0.558013 58.6221 6.49936 
0.0784893 0.320959 37.5274 4.94074 
0.0542734 0.428959 39.8508 4.24972 
0.128214 0.235486 56.3823 6.96172 
0.0864128 0.320004 35.8647 3.83624 
0.114494 0.469749 49.9245 4.32429 
0.0754196 0.426073 43.498 5.12276 
0.131186 0.897097 45.6163 4.80548 
0.0875152 0.220228 29.7806 3.45219 
0.17714 0.189581 41.744 4.7987 
0.128089 0.497397 54.7797 6.29547 
0.19507 0.287406 44.0577 4.30435 
0.112404 0.534921 32.846 3.34311 
0.154809 0.268077 50.6077 4.94765 
0.154111 0.680728 32.2346 3.49584 
0.0670274 0.601256 44.0116 4.23301 
0.136629 0.715297 54.3669 5.0632 
0.111386 0.275516 58.5196 6.82892 
0.0809264 0.144729 39.4448 4.59701 
0.169627 0.642489 60.0005 6.31673 
0.142752 0.352315 66.2695 7.49222 
0.190528 0.483722 55.2088 6.0416 
0.0926382 0.65708 38.2043 3.69648 
0.151181 0.614522 44.2639 3.80857 
0.0807786 0.466893 48.4176 4.72259 
0.0749042 0.502476 37.6606 3.30156 
0.152095 0.845158 39.4042 3.87297 
0.144896 0.477109 54.0154 6.00388 
0.133018 0.733958 34.985 3.30508 
0.121052 0.630897 38.6323 4.58008 
0.0812169 0.554195 48.5374 5.05059 
0.181336 0.335613 38.4425 3.90431 
0.164509 0.427377 57.1918 5.82593 
0.101664 0.214372 34.134 4.43987 
0.0837983 0.325759 41.8105 5.00972 
0.171985 0.440231 38.0472 3.80297 
0.1679 0.456504 42.599 4.80952 
0.194284 0.505219 48.0508 5.12577 
0.0890906 0.4811 35.4665 4.22024 
