0.120399 0.425513 46.7057 4.62649 
0.128346 0.410017 37.2795 4.39165 
0.149899 0.36885 36.483 3.81825 
0.153068 0.597112 36.5752 4.05776 
0.139313 0.564923 42.4433 4.52035 
0.157286 0.59808 38.91 3.78156 
0.175773 0.440568 41.7857 4.5231 
0.125386 0.411472 50.2763 5.54641 
0.125943 0.362076 40.7887 4.70188 
0.150834 0.389098 34.2403 4.12504 
0.124703 0.580756 35.4984 3.93867 
0.131742 0.292631 40.9479 4.79251 
0.188374 0.475966 45.0339 5.10514 
0.154516 0.290714 41.6245 4.80965 
0.159834 0.376713 36.7737 4.14483 
0.173504 0.434719 46.9245 5.15606 
0.0980828 0.405695 37.6402 4.1927 
0.0829234 0.387651 42.769 4.73116 
0.133372 0.337694 36.8815 4.24706 
0.12327 0.643224 44.0927 4.69165 
0.107849 0.339858 38.6059 4.1662 
0.0942607 0.419579 41.8459 4.91871 
0.12603 0.377364 45.9513 5.12473 
0.158355 0.479646 42.7985 4.28507 
0.090689 0.421337 34.3552 3.84641 
0.146491 0.40327 51.9762 5.8805 
0.122482 0.378315 44.3132 5.2506 
0.133656 0.362726 41.664 4.34432 
0.150955 0.667713 47.1871 4.45264 
0.161347 0.544992 50.9936 5.61349 
0.125075 0.483605 42.6114 4.50908 
0.112966 0.296715 36.7111 3.99859 
0.109831 0.580785 37.1485 3.77382 
0.104723 0.342173 32.2571 3.68566 
0.121771 0.492089 41.5522 4.02638 
0.123557 0.487795 37.1671 4.04051 
0.176934 0.5241 46.631 4.69253 
0.132584 0.543219 39.8666 4.30697 
0.11869 0.463004 35.602 4.08407 
0.169904 0.614036 42.7911 4.35267 
0.124389 0.620725 38.5851 4.00213 
0.145081 0.407423 43.8795 4.32137 
0.126008 0.302641 36.8698 4.11834 
0.128681 0.604376 39.1346 4.20331 
0.0926377 0.421922 43.9416 4.99128 
0.133626 0.406022 46.6347 4.67192 
0.100674 0.544955 41.3495 4.20729 
0.106913 0.422337 49.9601 4.85045 
0.119839 0.625626 47.5719 4.85816 
0.164678 0.650641 40.6752 4.25088 
0.0871336 0.44298 36.3682 4.07296 
0.0961433 0.552972 41.6643 4.20472 
0.123914 0.383046 39.4828 4.22081 
0.159449 0.460047 49.2489 5.229 
0.144769 0.305268 39.3118 4.98199 
0.10858 0.537774 47.3845 5.07496 
0.134721 0.531213 47.5476 4.915 
0.0913408 0.509158 43.3625 5.0857 
0.12133 0.468889 41.1847 4.11517 
0.121526 0.356561 35.4041 3.90429 
0.111113 0.249895 41.3537 5.16025 
0.113489 0.586931 38.7277 4.07531 
0.137181 0.443656 44.1358 4.35299 
0.141002 0.379786 40.2948 4.2226 
0.160545 0.610368 40.379 4.00961 
0.141874 0.401922 37.8606 3.99369 
0.107912 0.36493 41.8084 4.68515 
0.140598 0.538899 44.8953 5.15785 
0.112815 0.408282 38.1485 4.32617 
0.123745 0.590138 38.6056 3.96879 
0.162642 0.519188 41.0127 4.47737 
0.150006 0.528775 43.0041 4.74428 
0.104981 0.513409 38.5057 4.14105 
0.136338 0.35142 38.672 4.28683 
0.107857 0.401856 38.3554 4.15749 
0.105554 0.297074 38.6014 4.111 
0.0877087 0.385844 38.1785 3.77773 
0.119516 0.412345 40.9217 4.17804 
0.130234 0.596901 39.0273 4.32722 
0.158463 0.406565 40.6149 4.27296 
0.140909 0.432903 41.4009 4.82218 
0.169278 0.430208 39.8641 4.07041 
0.0807091 0.336961 36.4 4.22842 
0.195102 0.52019 45.7173 4.9619 
0.174208 0.488435 38.869 4.02729 
0.10132 0.452011 48.226 5.61356 
0.105309 0.404021 48.5683 5.25053 
0.149682 0.618472 41.663 4.14013 
0.105229 0.264272 42.0416 4.79426 
0.124587 0.572453 43.1496 5.05376 
0.0933044 0.445771 40.9004 4.46825 
0.0895795 0.342789 39.8089 4.81054 
0.0908436 0.27891 33.6798 4.05918 
0.153797 0.397625 36.3672 3.74945 
0.141086 0.41045 39.2749 4.16243 
0.137623 0.415305 42.749 4.43916 
0.0909977 0.501922 37.7032 3.84162 
0.0849944 0.491136 38.9676 3.72858 
0.14464 0.601536 45.648 4.58234 
0.106123 0.336898 39.3299 4.47988 
0.149202 0.558814 43.2035 4.42262 
0.0957481 0.319929 37.52 4.48321 
0.183772 0.372636 36.7804 3.78751 
0.0754424 0.290607 37.3586 4.25298 
0.183758 0.360758 37.0297 4.03786 
0.118774 0.498945 48.7096 4.86205 
0.082028 0.251763 32.0443 3.87819 
0.102705 0.528151 34.7344 3.77222 
0.116162 0.390444 32.2646 3.88823 
0.122376 0.550377 47.5774 5.19986 
0.152274 0.633228 37.5442 3.82071 
0.134461 0.285412 37.7864 4.76764 
0.153757 0.437571 47.3779 4.94845 
0.118132 0.352021 37.5942 3.7546 
0.140124 0.475054 49.212 5.44126 
0.155723 0.375373 40.8813 4.69768 
0.0948553 0.311075 37.7076 4.32879 
0.121199 0.434001 43.4371 4.67121 
0.132796 0.390162 44.3224 4.81666 
0.11356 0.349652 47.9825 5.13172 
0.107825 0.629464 40.4849 4.30155 
0.147589 0.557513 40.7019 4.55799 
0.108844 0.320025 41.9099 4.69288 
0.18781 0.429362 40.7563 4.2007 
0.108805 0.374316 37.6854 4.57656 
0.105207 0.437168 40.9836 4.61351 
0.110235 0.436849 40.6427 4.75695 
0.150576 0.444655 40.0857 3.96724 
0.158849 0.401831 41.849 4.24511 
0.108198 0.478968 38.7373 3.91594 
0.148964 0.471755 40.3221 4.16881 
0.137556 0.307324 43.6965 4.68845 
0.156792 0.474308 40.8803 4.69642 
0.176833 0.567662 49.2868 5.46678 
0.0877169 0.461723 43.2064 4.59299 
0.165272 0.562238 44.4969 4.65616 
0.164528 0.423075 35.6685 3.87568 
0.119238 0.461188 39.4826 3.78162 
0.131303 0.457648 43.0729 4.84826 
0.142801 0.415805 42.3204 4.05101 
0.179461 0.458944 39.1864 4.10828 
0.147196 0.384512 40.4848 4.15871 
0.162109 0.401244 37.5125 4.15083 
0.12858 0.391712 38.4225 4.3347 
0.139924 0.300311 44.106 4.8736 
0.100533 0.216007 44.3051 5.35782 
0.115579 0.492247 47.9841 5.28548 
0.143733 0.543762 34.9022 3.56746 
0.154206 0.673501 41.9572 4.55771 
0.139182 0.332766 38.3421 4.10751 
0.194837 0.468322 39.615 4.28848 
0.135446 0.368172 49.0866 5.74107 
0.139834 0.475666 32.2839 3.66305 
0.107503 0.345268 43.8459 4.86349 
0.0987058 0.457086 40.0596 4.00216 
0.128163 0.287349 41.3861 4.79557 
0.0815101 0.421817 42.6429 5.24147 
0.14986 0.301077 41.378 4.63723 
0.0861656 0.481747 49.4901 5.26163 
0.154509 0.601183 44.9607 4.29811 
0.141065 0.512549 45.9292 4.97113 
0.127307 0.323654 44.0523 5.0447 
0.0937817 0.531254 45.596 4.88292 
0.157211 0.477528 38.1828 3.83817 
0.0994177 0.481336 38.0235 4.05291 
0.168507 0.539056 44.3311 4.29338 
0.104826 0.336602 36.5644 4.01259 
0.131614 0.403356 47.4958 5.15941 
0.133598 0.335198 50.1872 5.34982 
0.177585 0.574551 40.2973 4.31301 
0.1364 0.530042 40.5659 4.33329 
0.167131 0.42851 44.0135 4.39794 
0.11677 0.53657 40.9066 4.45818 
0.162533 0.377208 43.3631 4.36026 
0.105108 0.531765 37.4938 3.93083 
0.105742 0.509573 42.9447 4.36129 
0.145891 0.39206 40.4939 4.42674 
0.104739 0.30017 39.7132 4.64371 
0.0991667 0.265794 36.2728 4.03332 
0.0940197 0.297837 44.0526 4.7974 
0.150428 0.444491 41.8939 4.57097 
0.12539 0.365301 43.4267 4.92827 
0.100897 0.533727 39.2118 3.93988 
0.0921302 0.35138 42.1409 4.62715 
0.0883417 0.347281 42.5291 4.68341 
0.116961 0.395796 35.9096 4.19476 
0.146028 0.637703 41.4189 4.11607 
0.169225 0.50696 43.2511 4.63969 
0.0919557 0.28657 43.3309 4.80977 
0.133723 0.592387 35.6706 3.71166 
0.103311 0.330386 44.5117 4.7343 
0.129413 0.4512 39.7108 4.14694 
0.132694 0.453829 37.8341 3.88749 
0.0986032 0.442667 41.3225 4.4817 
0.159328 0.429834 34.6492 3.98343 
0.13757 0.444459 36.1319 4.01699 
0.126638 0.362728 41.0512 4.26864 
0.107315 0.323417 42.4223 4.90567 
0.157856 0.445599 40.717 4.34151 
0.134987 0.523469 45.7452 5.40051 
0.107837 0.23483 44.7752 5.11628 
0.118525 0.415062 37.0519 4.49726 
0.112723 0.316165 45.7631 5.01425 
0.119882 0.44398 44.4618 4.7928 
0.153292 0.580131 41.6006 4.2042 
0.139572 0.507032 45.8866 4.99665 
0.158192 0.670866 41.6569 4.04805 
0.119387 0.493518 34.9561 3.72064 
0.106327 0.423478 31.16 3.45857 
0.13416 0.335926 36.5061 3.77461 
0.152535 0.485873 40.5897 4.53839 
0.103969 0.288683 44.888 5.20311 
0.148996 0.585925 38.143 4.05043 
0.0959059 0.493908 35.1984 3.57464 
0.0975037 0.413949 48.4067 4.96946 
0.111322 0.622006 39.4533 4.14532 
0.11726 0.625736 39.6695 4.02745 
0.149115 0.633881 39.1825 3.91291 
0.138791 0.415763 42.6717 4.92058 
0.115056 0.461536 45.1052 4.48215 
0.0924125 0.361988 41.1545 4.42773 
0.132945 0.495953 34.9023 4.00481 
0.141508 0.47471 37.0848 4.09777 
0.0845845 0.415919 41.6172 4.54933 
0.128801 0.272209 46.6431 4.96765 
0.134098 0.586818 39.1118 4.18308 
0.134325 0.469792 38.9852 4.45849 
0.0995767 0.595031 50.8376 5.07301 
0.121671 0.644379 43.3158 4.28048 
0.0852013 0.287566 37.2016 4.19788 
0.0968866 0.203466 39.3786 4.7797 
0.117329 0.556638 36.4558 4.28608 
0.141775 0.549451 39.3261 4.3349 
0.127386 0.517006 45.4645 5.07335 
0.114294 0.473613 43.5758 4.93447 
0.111428 0.485519 41.9389 4.30754 
0.115021 0.337647 34.2062 3.87684 
0.1743 0.396816 40.132 4.34692 
0.173018 0.522059 46.2251 4.8003 
0.137545 0.505956 40.8403 4.00209 
0.128622 0.2953 41.9212 4.96818 
0.122758 0.540595 44.9695 4.50601 
0.127333 0.521616 35.6549 3.93486 
0.183383 0.62706 38.6097 4.20019 
0.118583 0.356379 40.9508 4.4873 
0.151754 0.381875 35.7609 3.85887 
0.117328 0.258387 40.1091 4.44115 
0.118643 0.386036 39.9269 4.71145 
0.119009 0.571903 41.3194 4.32032 
0.124764 0.450677 42.8868 4.93031 
0.131681 0.351268 38.2718 4.72182 
0.108486 0.274538 36.5833 4.19007 
0.130194 0.4628 45.968 4.75414 
0.0983467 0.312712 34.6761 4.09711 
0.151764 0.56096 40.3594 4.11532 
0.149106 0.433933 35.3093 3.71261 
0.165587 0.65074 43.3896 4.44834 
0.0943715 0.387164 44.7494 4.69757 
0.111336 0.353179 44.5481 5.04435 
0.120154 0.479311 40.0235 3.95966 
0.116277 0.347642 37.9662 4.24807 
0.100781 0.484811 38.0176 4.10528 
0.127786 0.537554 44.3994 4.25005 
0.109165 0.371316 45.6748 4.86078 
0.0938464 0.33057 34.7963 3.7822 
0.129618 0.363202 43.5478 4.41584 
0.113122 0.357412 33.7339 4.23833 
0.147907 0.486709 48.3405 5.04075 
0.131245 0.417315 42.7392 4.41265 
0.170812 0.341886 35.2261 3.84947 
0.144751 0.558711 36.7772 4.02618 
0.111619 0.326457 37.178 4.12327 
0.0883263 0.276622 37.1284 4.32084 
0.111145 0.406172 44.9323 4.62264 
0.100249 0.557412 37.5466 3.99217 
0.145347 0.34267 38.7972 4.22409 
0.0965364 0.391488 41.0666 4.73573 
0.140333 0.506889 46.8952 5.26567 
0.134775 0.616679 36.4019 3.58875 
0.163495 0.502606 35.3097 3.70228 
0.159515 0.445247 41.7288 4.49423 
0.132266 0.439648 40.9493 4.57063 
0.137278 0.422484 39.7833 4.36573 
0.131843 0.557643 47.7351 4.65546 
0.119744 0.365427 49.8642 5.37606 
0.148824 0.560579 37.8487 3.63831 
0.0931627 0.367884 37.8718 4.18008 
0.12745 0.468833 46.4093 5.2041 
0.127688 0.583742 34.2947 3.86812 
0.124129 0.527872 47.4643 5.15961 
0.144099 0.431911 38.8 4.01302 
0.11046 0.250307 36.8648 4.16898 
0.134134 0.622204 48.4125 4.61123 
0.14329 0.359407 39.4994 4.08356 
0.156462 0.34926 37.0159 3.92479 
0.0981046 0.294294 33.1907 4.16732 
0.0962406 0.316904 36.5958 4.42076 
0.13393 0.487236 41.0879 4.17341 
0.144585 0.675171 39.272 4.21538 
0.172946 0.466369 38.0276 4.42439 
0.132136 0.33489 35.824 4.17862 
0.123985 0.299615 34.876 3.7883 
0.137158 0.373236 44.0642 4.86954 
0.136532 0.407794 39.8864 4.32611 
0.153623 0.434422 40.4207 4.57052 
0.154612 0.529744 46.7731 4.68368 
0.167399 0.438313 39.0528 4.13352 
0.14785 0.420858 43.6527 4.50923 
0.117895 0.375975 42.6298 4.93449 
0.181328 0.418067 39.8455 4.22267 
0.115874 0.475764 39.3942 4.69518 
0.105976 0.44157 37.4348 4.38181 
0.11806 0.365317 36.4349 3.66873 
0.0803415 0.425084 33.6604 3.68404 
0.176596 0.530922 38.1455 3.97733 
0.113984 0.461902 37.2783 3.69777 
0.172779 0.558322 47.804 4.81036 
0.121967 0.457075 37.1663 3.72294 
0.120125 0.285946 41.7722 4.76847 
0.152632 0.377366 40.4794 4.9344 
0.178759 0.461464 42.88 4.24321 
0.167671 0.565761 39.7466 3.8658 
0.13781 0.549221 40.5454 4.06074 
0.138745 0.460427 42.3938 4.53318 
0.143027 0.440044 43.658 4.90643 
0.175077 0.557533 44.7395 4.52466 
0.163737 0.559822 43.8722 4.52117 
0.119214 0.547617 39.9385 4.35054 
0.0788504 0.363377 38.1169 4.14764 
0.163924 0.490169 37.0246 3.94034 
0.148399 0.387798 36.485 3.98661 
0.12609 0.484998 47.2832 4.95563 
0.14647 0.437644 48.9154 5.45442 
0.0857677 0.345574 41.9443 4.80287 
0.11761 0.354982 37.5692 4.40686 
0.13526 0.336771 48.2023 5.2411 
0.11436 0.36446 44.1346 4.62496 
0.0792804 0.29959 35.8197 4.05359 
0.1232 0.482885 45.6594 4.81504 
0.150668 0.486804 40.4564 4.03697 
0.1568 0.358657 44.0537 4.71429 
0.154705 0.369442 43.0168 4.50658 
0.14038 0.673356 43.6113 4.6523 
0.146404 0.467191 48.4219 5.39487 
0.122069 0.5648 42.0908 4.49887 
0.102816 0.302012 39.1504 4.53795 
0.115402 0.439123 36.4452 4.11958 
0.129503 0.41789 49.6507 5.55254 
0.138934 0.440171 41.5216 4.28312 
0.117263 0.416772 34.5963 4.06135 
0.155264 0.442211 35.2531 3.83918 
0.161988 0.431211 41.2029 4.77787 
0.0900261 0.536359 42.5768 4.6744 
0.106852 0.637015 45.6466 4.83684 
0.0912265 0.257122 41.8005 4.4166 
0.126524 0.482583 36.448 4.0558 
0.0968325 0.310181 41.5029 4.90902 
0.129644 0.494733 32.6822 3.67425 
0.122947 0.318738 42.3226 4.94816 
0.148822 0.526812 35.1193 4.01112 
0.140633 0.279784 38.642 4.32944 
0.167365 0.483678 39.7417 4.26508 
0.108875 0.444875 49.0018 5.10776 
0.119397 0.480849 37.1373 4.00308 
0.156743 0.465514 41.4379 4.17003 
0.132786 0.258445 46.0154 5.49435 
0.11106 0.37223 38.3007 3.92898 
0.136684 0.484657 45.7392 4.54121 
0.128779 0.471683 40.2134 4.20528 
0.0991469 0.418391 36.4721 4.08359 
0.106369 0.468176 42.463 4.55439 
0.12679 0.434427 40.8395 4.51104 
0.147334 0.669851 39.4895 4.29858 
0.114481 0.391873 37.1881 4.18712 
0.129155 0.537344 48.2684 4.67282 
0.12897 0.460958 38.5941 4.47275 
0.127591 0.469722 42.6637 4.45774 
0.115186 0.253157 43.9199 5.10751 
0.108143 0.334091 37.0315 4.32017 
0.115566 0.31937 41.2755 4.92572 
0.127775 0.443276 44.5194 4.82286 
0.10914 0.47366 34.9241 3.63018 
0.132412 0.415251 37.7455 4.06315 
0.125146 0.341195 42.0054 4.73847 
0.10934 0.38432 35.284 4.28659 
0.119012 0.454883 40.9015 4.50747 
0.146481 0.235826 37.0973 4.23524 
0.11447 0.373438 38.7905 4.22522 
0.105515 0.366696 46.2349 4.92584 
0.0993673 0.405622 39.905 4.83477 
0.135383 0.437322 42.6595 4.25665 
0.161143 0.52451 42.1649 4.14619 
0.135025 0.390741 39.4981 3.95819 
0.112675 0.485364 41.0999 4.46403 
0.127446 0.547877 41.8832 4.50134 
0.114797 0.530387 38.4612 4.22349 
0.182376 0.574431 45.9091 4.81573 
0.147109 0.302379 39.71 4.46834 
0.123869 0.36242 44.7543 5.02316 
0.0887117 0.257726 39.0185 4.40586 
0.119124 0.549039 39.8866 4.08981 
0.117393 0.431428 36.4636 3.93488 
0.144984 0.376585 40.4406 4.34959 
0.0991785 0.312621 33.3207 3.8148 
0.156145 0.592182 39.297 4.01681 
0.117463 0.575112 37.6392 3.84315 
0.126621 0.538489 40.1932 3.98721 
0.158604 0.517266 38.195 4.40032 
0.101594 0.288884 40.187 4.45666 
0.123589 0.473339 47.0952 5.07501 
0.111706 0.444539 40.9928 4.09985 
0.168148 0.465488 44.5795 4.40141 
0.109355 0.650608 41.351 4.25032 
0.123367 0.598103 46.5788 5.09052 
0.128837 0.546654 36.7391 3.81923 
0.136965 0.455979 46.5388 4.74068 
0.114906 0.388949 40.9341 4.71042 
0.146446 0.365907 47.1145 5.06914 
0.115631 0.471572 46.4727 4.72538 
0.148801 0.524739 43.305 4.61632 
0.155068 0.493112 39.647 4.39814 
0.102637 0.37783 37.9079 4.31445 
0.114418 0.347461 34.2018 3.72279 
0.149287 0.378968 40.8203 4.78833 
0.122924 0.402423 43.3298 4.99981 
0.150319 0.627649 38.34 4.23 
0.123619 0.319441 41.7145 4.47183 
0.169913 0.36043 36.6521 3.89576 
0.168475 0.435421 43.225 4.79913 
0.14094 0.418171 46.1127 4.77517 
0.144407 0.368729 39.1655 4.47535 
0.137686 0.423377 43.5934 4.45343 
0.110377 0.496228 40.5158 4.07763 
0.13549 0.450213 39.6437 4.43715 
0.113273 0.35054 39.3951 4.40699 
0.134058 0.483422 35.4387 3.81173 
0.157635 0.664017 44.8803 4.74379 
0.130261 0.392017 38.7432 4.24866 
0.137701 0.479228 42.6364 4.0312 
0.130661 0.526855 36.915 3.69096 
0.126539 0.441115 37.8981 3.89224 
0.121363 0.391348 42.4439 4.82978 
0.10083 0.29321 40.0911 4.25619 
0.126515 0.366227 35.338 3.71823 
0.16563 0.472402 45.9959 4.88483 
0.135376 0.326877 40.3851 4.3668 
0.109251 0.463433 38.9272 3.97141 
0.162404 0.513167 46.966 4.8884 
0.104429 0.395444 48.8329 5.37418 
0.18933 0.465606 38.7096 4.06296 
0.120302 0.411367 42.1851 4.78968 
0.111739 0.399279 33.8647 3.66206 
0.158553 0.459423 41.2573 4.45174 
0.126488 0.430632 45.4401 5.06419 
0.0910121 0.28462 37.4971 4.57403 
0.137015 0.317622 41.7663 4.73051 
0.135114 0.413936 38.4702 4.2779 
0.126899 0.336833 42.3453 4.81367 
0.126589 0.451767 40.0982 4.05602 
0.140896 0.473796 39.6972 4.07458 
0.135544 0.432436 40.6811 4.61341 
0.120509 0.440633 37.3841 4.06216 
0.0910195 0.552336 41.7616 4.46308 
0.101527 0.389603 44.0492 4.66872 
0.107732 0.571995 44.6992 4.93891 
0.178939 0.427322 40.8009 4.36858 
0.107646 0.362017 41.3986 4.23657 
0.129405 0.391901 43.1469 4.6421 
0.0964526 0.487121 37.237 3.84618 
0.145023 0.379647 39.4001 4.4934 
0.135236 0.523634 37.0542 4.09044 
0.121077 0.612221 34.9548 3.55062 
0.118416 0.500528 41.1002 4.27351 
0.105473 0.399541 40.9519 4.53236 
0.133806 0.590635 42.1157 4.35942 
0.127516 0.464335 38.6538 4.16482 
0.143048 0.358323 40.2818 4.45754 
0.105723 0.359495 44.9592 5.18885 
0.128981 0.385331 36.3013 4.14399 
0.130352 0.508882 38.8976 3.90173 
0.113442 0.355056 36.6264 3.92997 
0.129355 0.436385 37.4183 3.95022 
0.149702 0.465385 36.7875 3.7195 
0.119534 0.438848 39.3786 4.63566 
0.114005 0.484712 47.0452 4.81642 
0.133312 0.57436 44.3748 4.56826 
0.106828 0.392334 38.1778 4.26212 
0.144173 0.558345 46.629 4.80121 
0.084627 0.384254 40.2506 4.30263 
0.123472 0.343539 37.3703 4.07123 
0.131496 0.44738 45.0996 4.77901 
0.15191 0.466703 45.8405 4.87993 
0.117595 0.426256 39.269 4.14595 
0.129572 0.322575 37.5163 4.56195 
0.141556 0.426215 36.011 4.12213 
0.130012 0.643723 39.8295 4.16737 
0.148412 0.397026 40.9956 4.20921 
0.162774 0.475369 43.7363 4.41947 
0.10847 0.354032 40.4251 4.3546 
0.0896647 0.336278 39.3933 4.43309 
