0.233683 0.0176712 3.77416 2.85924 
1.01402 2.72666e-05 16.9688 2.47803 
0.0029941 0.47808 6.80895 3.91127 
0.00495703 0.0409904 375.279 5.21605 
0.0485639 0.0385578 3.32957 2.63188 
0.127738 6.58111e-05 31.8248 4.7063 
0.00563391 6.78012e-05 11.9438 6.97115 
2.41179 49.9313 71.6236 4.91471 
40.9273 0.000137798 13.2528 2.9303 
2.89563 0.0608286 16.4238 7.92536 
0.00542228 0.000875079 7.61829 4.75898 
0.000131154 1.69132e-05 5.58553 2.25896 
0.236538 1.43154 4.53386 2.29599 
9.10072e-05 0.0602431 9.52604 2.1975 
0.265338 0.513573 13.1205 7.62347 
0.0576645 4.66991e-05 2.90986 2.16818 
7.05218 0.0593383 4.25286 2.69143 
0.000279497 0.00257621 27.8438 7.11106 
51.1676 0.00511632 25.3983 7.16797 
0.00252403 0.084314 3.29212 2.00133 
0.0321773 33.5225 119.203 2.44618 
0.0428456 1.17759 9.91033 4.87482 
0.502152 0.00215562 42.9201 3.31619 
6.89618 0.00135656 25.4212 7.39196 
0.469401 2.60976 8.07981 3.1273 
4.9474 8.84874 166.744 3.28876 
5.59903 0.000793164 20.3865 5.78414 
0.0943167 8.57905 40.0652 4.72266 
0.00276582 0.00931002 147.957 4.67896 
0.0233936 0.000340265 3.79456 2.59455 
0.223196 0.329438 3.96781 2.68943 
28.6353 15.3297 51.3594 6.96276 
4.0593 0.000325595 20.2184 7.68924 
0.0947491 0.000391707 2.67707 2.05744 
9.29572 0.000686046 4.06805 2.54366 
1.20523 13.9377 27.4492 4.16545 
0.032811 5.12472e-05 7.25154 4.26749 
14.5197 0.676064 9.71895 4.27528 
9.55428 0.0210812 24.718 7.49589 
32.5874 22.982 14.5574 4.4768 
0.616801 9.15828e-05 5.54038 3.30182 
0.00486754 3.16884 43.6668 4.29431 
0.00136422 0.0224599 9.78373 5.56975 
27.5525 0.862771 20.0659 5.94613 
1.09894 7.88666e-05 40.9788 7.23604 
27.1565 23.8799 13.2216 3.97489 
15.5213 6.39699e-05 16.5071 5.19374 
18.8709 0.0308573 14.1136 5.12115 
9.17057 1.57105 26.7014 4.28716 
2.40111 0.600557 9.05727 4.50351 
13.4432 2.96997e-05 15.7792 5.38095 
0.0360999 3.85724 13.2563 2.16811 
57.858 9.89696 26.1584 6.9418 
0.0828807 2.29637e-05 3.5453 2.33067 
0.00124889 2.21625e-05 5.4462 3.09066 
1.57268 53.9152 114.768 5.74436 
0.00179989 5.34493e-05 8.76187 4.3348 
0.00159565 0.00035001 5.63714 2.98734 
4.11023 0.0619047 5.35811 2.81879 
0.000158999 0.000695474 13.8319 4.99284 
0.00784027 0.00105897 3.36207 2.20662 
26.0454 2.65957 25.8869 7.49953 
1.31955 0.163436 3.58566 2.16949 
0.0513514 2.17001e-05 6.77251 3.90827 
0.00180228 8.89145e-05 5.85615 3.31456 
9.61054 0.380679 23.1041 6.32831 
93.1207 66.7208 27.0056 5.63989 
17.4536 0.21127 5.56648 2.85302 
0.017123 0.000268604 27.1967 3.15226 
2.06405 0.273793 303.661 2.79026 
0.299398 18.6022 94.5644 7.55076 
0.000563599 0.0959623 50.6598 4.06272 
5.90202 2.80371e-05 7.09714 3.22061 
0.00762538 27.1254 312.96 3.82955 
0.0140633 2.57915e-05 5.44789 3.03517 
0.000684486 0.000370893 6.84949 3.37833 
0.000694163 0.00540452 18.4198 7.40809 
4.30225 0.00298956 5.52402 2.76709 
80.2854 0.0265562 10.2707 3.87484 
0.00129183 0.00373068 9.33212 3.77649 
0.268521 0.000155493 3.10278 2.01029 
0.0302492 0.000266716 6.56963 3.4739 
41.94 5.56486e-05 11.6371 3.74199 
0.305397 0.000234494 22.1982 2.71152 
10.0093 0.0810885 10.5461 3.80703 
0.00105809 0.250549 42.4788 3.42285 
13.4339 0.000469373 4.62396 2.39771 
0.0225553 0.0215499 13.1409 6.92275 
41.6161 0.427495 4.14683 2.14396 
0.75425 2.86846e-05 5.61563 2.86716 
0.383271 0.000223463 7.63863 4.04651 
0.000884791 0.0377377 21.1156 4.3006 
0.000671077 0.00109529 20.8498 2.51769 
0.00540725 2.473e-05 3.57873 2.03924 
0.197512 0.00503814 7.75639 4.15641 
2.76382 2.70227 12.482 4.66496 
30.577 0.0151809 10.7857 3.73999 
0.565698 0.000167583 9.06686 4.38474 
2.02408 1.18075e-05 8.63818 3.47832 
0.00341941 0.148771 5.66231 2.93722 
3.11928 26.2651 38.6667 4.25518 
3.63119 0.000217003 9.5608 2.19935 
0.000255627 0.00137655 9.38774 3.17051 
0.00339148 1.505 10.3024 2.30466 
0.012477 0.537538 6.68786 3.18234 
0.00237095 1.93237e-05 15.1349 2.35635 
0.0434058 3.18894 19.9464 4.10555 
30.5603 0.000993942 8.15481 3.07759 
0.00135364 0.543058 11.747 2.50919 
0.00351011 1.69556 10.8512 2.31845 
0.000668564 0.242244 6.99631 2.87517 
0.0100089 1.13366e-05 14.2542 2.27845 
52.1679 1.6433e-05 4.65078 2.19383 
12.8562 0.00189254 9.31159 3.18 
0.0211917 3.02841 29.5826 5.63723 
0.000449813 2.99888e-05 20.0134 4.52303 
0.00401868 0.223421 255.302 2.52704 
0.225092 4.09535e-05 28.5578 4.736 
0.00144468 3.12842 57.5523 2.08857 
33.095 12.1748 10.1676 3.11427 
0.125773 0.000146283 14.1007 6.38654 
9.27377 0.546748 7.10299 2.77035 
0.596613 5.185e-05 15.2308 2.5642 
1.3111 2.55781 21.5788 7.97425 
0.0116901 0.021002 216.623 2.08798 
0.000789522 0.0157562 38.7097 2.95803 
19.4385 0.878338 9.60002 2.26354 
2.86818 0.0132838 18.4275 5.35174 
0.113919 10.3946 40.1824 2.96211 
6.53094 1.03674e-05 8.27911 2.04567 
20.9682 0.00857496 7.51433 2.58225 
0.222399 0.00364923 3.97484 2.27585 
0.204724 0.271674 17.0332 7.84102 
6.30285 1.87342 6.55971 2.50615 
1.93426 13.8629 37.919 5.33335 
15.3478 4.38397 6.77992 2.40719 
0.0324862 7.41592e-05 17.3696 7.13443 
16.3641 0.124472 4.67939 2.11554 
0.000352929 0.000187768 18.867 6.63337 
0.0406978 77.6532 348.227 2.69795 
0.00142777 0.293047 16.4873 4.34427 
8.03718 21.7037 164.726 5.12098 
0.0512624 5.08087e-05 7.51683 3.52259 
0.000250892 0.00522423 30.2155 3.33497 
6.47431 3.6706e-05 6.64496 2.39106 
0.0317764 1.43183e-05 4.45322 2.15442 
0.00457278 0.150919 4.33602 2.22363 
0.000256791 4.30028e-05 9.01311 2.98927 
3.43112 0.0113011 9.40165 2.71273 
1.21558 0.469949 7.07212 3.18134 
88.6293 2.10783e-05 6.68304 2.34896 
4.08506 1.67088e-05 5.62501 2.10487 
0.0741435 93.829 407.911 2.75122 
6.10769 0.103562 5.91938 2.19907 
0.00805494 0.0109096 10.8363 5.02517 
0.393284 4.525 12.3992 2.41157 
7.01886 2.13198 19.4368 5.91426 
0.242148 3.9842e-05 39.348 6.63857 
0.00834113 1.05381e-05 9.71742 4.02696 
0.582725 0.000180392 16.79 6.55357 
0.238299 3.00396e-05 5.05096 2.514 
0.00427144 0.0348272 16.5892 6.91545 
0.000949601 0.000112486 11.3555 3.88453 
0.424651 2.64721e-05 12.1957 2.08459 
0.00191825 3.69501e-05 28.5175 5.19016 
0.00142744 0.0168317 15.6607 6.36505 
0.00493227 0.0996758 5.19489 2.51619 
0.00201105 0.300782 73.3821 4.41635 
0.0243421 0.76937 7.22337 2.86179 
1.55181 0.000233484 27.5983 7.41699 
0.191933 0.0562335 10.1876 4.59414 
0.0120831 0.0117868 4.19327 2.05908 
0.605561 4.80236 14.0287 2.97793 
0.551596 1.97857e-05 22.3893 7.62121 
0.212873 0.469633 14.9045 6.19786 
0.0132398 0.00140714 77.0625 4.9116 
0.594074 1.55059e-05 14.9162 4.81663 
0.00276903 1.98563 230.589 2.13426 
0.00478541 7.24675e-05 18.0239 3.42148 
0.0503739 0.258377 12.443 5.24956 
0.0297444 0.00523721 14.9452 6.27627 
0.323972 0.000116175 35.2816 6.4757 
0.883211 0.000141057 23.352 4.87087 
2.00397 0.00617995 19.5976 6.20713 
0.0171146 1.07717e-05 18.8868 3.36203 
0.0017627 0.00174964 79.6304 6.71726 
5.82959 28.6867 257.493 4.06866 
0.141338 9.69469 62.89 4.50033 
0.0184148 0.00147464 5.06848 2.29396 
1.74823 1.45287 16.7568 5.69272 
0.275834 2.03675 20.482 6.51237 
0.146479 1.37295 6.61526 2.27071 
0.000709014 0.000651923 53.7352 5.11972 
0.000721147 0.000317711 31.6206 5.9384 
0.105728 0.0564347 8.73896 3.81749 
0.0129182 0.00201439 10.9936 4.58047 
0.135283 0.043645 11.0493 4.59944 
2.51485 0.0372457 10.3142 2.00416 
0.0539362 0.00686173 5.66007 2.5314 
0.010755 2.24346e-05 15.4821 4.74576 
0.254567 1.55184e-05 10.4932 3.71706 
9.38717 3.48843 41.5483 7.17173 
0.00282104 0.280438 139.12 7.88506 
0.0015871 2.13059e-05 21.3239 5.0923 
0.829496 0.000242344 6.18896 2.2982 
0.0179495 28.1781 289.076 4.10431 
0.00590071 45.5827 457.919 2.09227 
0.000471096 0.0208184 29.6058 3.71016 
2.00467 0.00347321 16.5049 3.204 
0.10565 81.0554 279.398 2.15607 
1.826 0.0793581 101.334 3.84549 
0.0174324 0.111067 20.2048 7.54484 
0.0258903 0.34803 7.81014 3.02536 
0.243759 0.00104964 13.8124 5.08533 
1.11196 0.132374 322.915 2.36803 
0.00825919 7.12905e-05 11.0497 3.56646 
1.07854 0.00206197 16.8524 2.12816 
0.886635 2.61069e-05 10.5132 2.77739 
0.158076 0.000163854 9.14148 3.42262 
0.421351 3.9109e-05 15.4068 4.28583 
0.0136368 0.076423 245.318 2.34037 
3.4701 63.065 76.5603 2.95289 
0.00710574 0.000125979 12.218 2.12466 
0.00238876 0.000299904 6.35767 2.19169 
0.00422466 0.65344 217.817 4.94815 
0.0239915 2.84628 26.5022 4.08143 
1.49195 0.00205709 15.261 2.76772 
0.139448 0.0314877 6.95042 2.82178 
0.00229848 0.014419 81.0343 2.23765 
0.241259 0.199285 10.9713 4.06111 
0.0157154 14.8407 306.418 6.61011 
0.0069857 0.000107664 15.3045 3.91853 
0.00240503 1.05592 32.4007 4.99111 
1.27566 0.0117572 69.9556 4.7841 
2.60655 0.0784544 21.6739 5.1255 
0.0178234 7.32365e-05 20.1646 5.19464 
2.86626 0.146286 92.0834 7.27195 
1.71564 0.259956 15.2157 4.59063 
0.0328894 0.014545 6.00904 2.33993 
0.00593266 1.76569 21.8544 3.09133 
0.0199957 3.22523e-05 11.0622 3.07206 
0.000812062 0.161774 46.0329 4.53696 
0.344813 17.0862 110.528 5.6003 
0.00122191 0.434422 82.1237 7.88123 
0.0971177 0.0300552 391.633 2.27431 
1.34081 0.0679499 18.8694 5.65269 
5.08227 2.45553 20.4915 2.86405 
0.000702138 0.00108069 14.7025 2.3234 
0.055049 0.408715 22.7808 7.60848 
0.00900421 8.67021e-05 10.125 2.08413 
0.009064 17.9339 421.883 5.35974 
0.00239986 0.00192815 31.5973 2.99426 
0.220363 0.000375251 7.69431 2.31986 
0.731164 14.4338 36.5379 2.28223 
0.00406738 0.00192632 36.356 2.62622 
0.0243573 0.351561 10.1754 3.38331 
0.06852 0.000376956 18.5564 3.20204 
0.00910623 7.55946 98.0283 3.14383 
0.00611587 5.1952e-05 13.5437 3.35753 
3.25131 12.2452 305.648 3.70454 
0.00180111 0.0189606 49.676 4.70675 
3.53127 0.822758 18.4875 3.29694 
0.752989 0.643488 27.1282 7.96768 
0.00740014 0.00125421 25.1047 7.5227 
0.0201677 0.00687852 178.552 4.92942 
0.000988692 0.0608903 39.9408 5.747 
0.0934049 0.000428479 26.3889 7.60905 
0.00709738 0.0645264 158.935 3.02828 
0.0133534 0.000327051 14.4439 3.59176 
0.0042534 0.00222921 24.9744 7.64521 
8.11525 42.2127 112.62 6.63794 
0.118975 0.613278 25.7492 7.57417 
0.0113975 0.0503453 255.151 5.98307 
0.00140998 0.0127794 28.5914 7.92082 
3.28106 14.5228 109.905 2.02014 
0.0175825 0.0141637 19.5951 6.04356 
0.00964089 0.00013199 12.886 3.04115 
0.0139311 0.0590565 7.98077 2.501 
0.0418748 0.000894592 31.397 3.32341 
0.00242617 1.20647 46.1553 2.30549 
0.0293834 0.00308777 116.237 6.55134 
0.00901971 0.00711801 77.0844 3.42027 
0.980892 0.0433523 28.6021 7.80842 
0.0061654 3.7765 95.9638 3.48192 
1.50767 0.0104956 25.5916 3.10831 
0.00268928 0.0228316 31.9972 2.22945 
0.00114871 0.00100441 37.719 7.33612 
0.183226 0.000248226 24.3086 5.10979 
1.9353 2.81687 336.904 2.83413 
1.15321 0.00288365 33.2981 7.94071 
0.0382603 0.00733539 60.7039 2.73216 
2.51695 0.43035 21.2996 2.90434 
5.08874 9.88214 36.6851 3.36957 
0.220647 0.0564579 10.9352 3.25083 
0.00496444 1.50753 167.854 4.38675 
0.00581415 9.35457 444.905 2.72522 
0.00739081 3.88202 348.205 7.24697 
0.375125 2.96315 19.8669 3.56385 
0.0950528 0.0235787 15.1446 4.56265 
0.0276333 0.00976952 19.1991 5.55881 
3.15289 13.9097 157.21 3.31319 
0.0832361 0.000726516 20.0175 4.95525 
2.01385 0.0630349 38.3969 6.28873 
0.00101103 0.0148981 41.8644 5.62709 
3.52816 22.6895 81.3052 2.00071 
0.0263299 0.858123 15.5588 3.76048 
0.00283781 0.00154472 34.1801 5.13585 
0.0133647 0.168497 15.8346 4.29533 
0.00470704 0.000609513 30.5073 7.1029 
0.406852 0.0280292 306.565 4.48663 
0.0527071 0.0205289 12.8894 3.66708 
0.0364289 0.00544969 63.1751 2.74392 
0.00775496 1.21659 297.143 2.19325 
0.0110842 0.0186367 142.091 3.86544 
0.649577 0.0179168 94.887 3.27608 
0.0360243 0.00381926 87.2524 4.71163 
0.52281 0.0697141 17.7708 4.52144 
0.00382111 0.024678 9.91902 2.2704 
0.0795662 2.51061 33.1047 5.36006 
0.00750777 3.19311 61.8187 3.10508 
0.330213 0.00909925 9.27611 2.52175 
0.047252 22.422 380.698 6.69549 
0.00970689 0.00145783 44.5487 4.93518 
0.457782 0.103155 25.1888 6.63206 
0.237201 0.0124571 162.634 5.01626 
0.00869688 0.0330811 59.8262 2.03709 
1.51894 0.153117 15.4558 2.19824 
0.808792 0.0491644 10.553 2.39308 
0.0107761 0.107912 101.696 2.03583 
0.0339432 0.000429734 14.1208 2.32991 
0.396221 0.00121464 12.7029 2.29324 
1.60291 1.42768 472.915 7.75868 
0.0642913 0.0697962 10.0825 2.76651 
3.90457 10.4786 69.7213 6.16139 
1.38977 0.549682 337.076 7.2352 
3.54446 7.89842 100.786 6.01114 
0.071139 0.000864632 10.8259 2.36431 
0.260227 29.0633 164.097 2.91746 
0.0984313 0.00251896 81.3472 7.04889 
0.138485 0.000894296 15.0225 3.23516 
0.307511 54.1178 496.314 6.6926 
0.0445221 0.0189536 19.8832 5.19534 
1.57123 88.1483 308.693 3.64586 
2.38461 6.69521 364.274 7.77618 
0.665438 0.081622 185.314 3.4409 
0.0179038 0.0380565 162.188 3.21425 
0.0350703 0.00193792 15.4598 2.24941 
0.00498205 0.174901 113.512 7.74149 
0.00208784 0.0857235 21.9422 2.42195 
0.398285 0.169527 18.6407 4.48686 
0.0811524 0.00123348 32.9648 4.45257 
0.041368 0.00257864 28.7524 2.41513 
0.0269813 0.00313817 20.0499 2.10711 
0.0253111 0.0027337 26.3398 6.62734 
1.1302 0.930506 268.351 3.13606 
0.178296 0.0016275 35.636 3.90525 
0.00411305 0.0990016 30.5475 7.19758 
0.542353 46.932 190.845 2.41439 
0.188916 2.57975 21.8334 2.53317 
0.00659558 0.224285 10.556 2.00982 
0.0152951 0.0223518 51.905 2.02126 
0.525508 0.0127432 104.009 6.57858 
0.0117351 0.0234772 104.207 7.31594 
0.633065 0.0125115 18.7368 2.17184 
0.137435 0.0362852 189.152 3.08258 
0.778922 0.00415324 38.3808 5.85026 
0.217461 0.00171317 33.013 6.92576 
0.203195 2.73509 47.3002 6.68097 
0.0180904 0.182425 189.72 6.0001 
0.00374465 0.0268819 23.374 3.88076 
0.0525295 4.01911 40.0371 2.49055 
0.0988333 0.0450731 149.683 2.68857 
0.065559 2.20428 36.0063 5.4591 
0.230451 0.166938 294.227 2.49129 
0.236701 0.037928 305.24 5.94147 
0.11408 0.0152585 233.657 7.22651 
0.0941753 0.0630412 169.96 2.24851 
0.0447828 0.0300617 311.124 6.69999 
0.00686095 0.0184554 41.3559 3.4612 
0.0145295 0.00231585 23.0328 2.84955 
1.04252 3.30483 299.482 3.18987 
0.986769 0.183552 18.5162 2.75943 
0.0483985 0.370891 444.337 2.32901 
1.97712 13.0493 87.0835 3.12942 
0.394009 0.142136 207.244 2.41839 
0.394186 0.00248851 32.3293 4.50087 
0.0189489 0.0020991 25.2451 3.94361 
0.0219097 0.385753 224.9 3.64196 
0.667138 0.0978934 56.2996 2.38906 
0.0173046 0.298542 168.076 6.19407 
0.62508 0.373266 20.3317 3.83269 
0.27215 0.291844 21.7658 4.7563 
0.00905059 1.92914 175.394 2.41413 
0.0325895 2.0632 30.8121 2.02273 
1.00166 1.58321 104.937 2.80794 
0.0738861 0.726872 12.8314 2.07385 
0.444354 5.82514 66.2106 5.36314 
0.697457 0.252956 92.9394 3.05366 
0.0291715 0.0148941 27.1606 5.88619 
0.00817031 1.20031 98.1988 5.18256 
0.0105162 0.00241533 65.6807 7.46746 
0.012844 6.20008 199.044 3.27353 
0.0614308 0.0183171 57.3494 3.27152 
1.38457 6.38546 147.052 4.09582 
0.736919 0.14779 18.8383 2.78887 
0.00292083 0.181713 60.8849 5.83434 
0.24141 0.076557 131.903 2.33041 
0.0163122 6.69143 407.86 4.91182 
0.00666524 0.0734286 22.9792 4.83086 
0.0694727 0.151866 375.044 6.13768 
0.0385032 0.0438519 84.266 3.09665 
0.167356 0.0999755 341.739 6.46627 
0.172663 0.109939 361.356 4.08612 
0.0113609 0.00491958 16.3794 3.10277 
0.0880103 0.0138607 14.3271 2.79737 
1.665 19.7879 236.408 5.93632 
0.211662 0.0959307 198.763 4.01235 
0.0683659 0.0470324 109.651 5.72741 
0.0702798 0.178338 298.283 7.08692 
0.0358343 0.00595363 45.4916 4.42123 
0.0416578 0.00853179 17.3078 3.43196 
0.0456178 0.0473248 106.731 5.74052 
0.0856725 0.002653 24.6972 4.68255 
1.13269 17.7026 399.832 4.06425 
0.3172 27.517 185.194 2.00788 
0.201131 0.0253678 14.9067 2.61078 
0.0880696 0.0575803 149.392 7.52637 
0.00984085 0.0882706 59.5776 4.77744 
0.0165752 0.544965 133.293 2.43616 
0.0197002 0.264877 21.5936 4.17514 
0.334018 0.0123241 64.9637 7.46064 
0.19527 0.137707 232.304 7.57254 
0.0383285 0.0164493 57.5208 4.70519 
0.0182405 2.39618 216.224 4.17693 
0.0180733 0.0305798 36.9162 7.35548 
0.0966566 0.00265258 30.4083 4.09744 
0.0511318 1.68991 50.2246 6.56157 
0.304846 0.177657 118.011 4.05405 
0.0362812 0.0380386 17.6452 3.32354 
0.694565 8.71099 66.759 2.57146 
0.0810861 14.3614 450.122 6.38573 
0.0397803 0.93911 245.396 7.75841 
0.204135 0.105813 72.632 2.39409 
0.0900188 9.14784 146.001 3.63498 
0.100038 0.020837 90.2441 7.86685 
0.0124675 1.29452 60.0678 5.95823 
0.12464 0.807179 396.322 4.74196 
0.119555 0.0061784 32.2931 3.76933 
0.399978 0.0874337 19.4075 2.97686 
0.783138 5.93675 193.074 3.8148 
0.0250794 0.0247289 20.8827 2.79196 
0.30898 0.960298 19.788 2.72027 
0.10908 0.00622197 21.0174 3.46816 
0.0418726 2.76121 59.9895 2.60403 
0.0186017 1.04109 83.3609 7.86635 
0.0459779 15.3908 399.447 2.91178 
0.598676 0.658509 31.2702 2.68694 
0.537225 6.45283 329.276 2.67984 
0.0168732 0.0311443 20.5127 3.03818 
0.647152 0.816502 61.5731 4.04967 
0.379019 1.41537 32.7453 4.56646 
0.0629625 2.58513 449.551 2.85085 
0.341351 13.8922 269.989 6.97174 
0.263969 0.360565 131.203 5.22529 
0.103487 7.22499 197.738 5.12176 
0.03495 0.773893 112.063 3.0164 
0.08892 0.395576 48.8938 2.02507 
0.729032 6.42045 143.997 5.64319 
0.0107235 0.504107 41.0694 3.31651 
0.0398674 2.10197 169.391 2.46627 
0.157158 0.46014 169.794 4.61576 
0.0087863 0.0254433 51.07 6.23641 
0.0217399 0.671552 63.55 4.11427 
0.0353101 0.0325815 60.9746 6.20816 
0.00723118 0.0766013 24.7291 3.95766 
0.0318126 1.98718 177.929 3.11809 
0.216171 0.225339 26.6551 2.15434 
0.539434 5.54435 168.568 2.70799 
0.0166513 0.483432 62.2491 5.14449 
0.108285 2.23009 275.483 7.15772 
0.00245782 0.0179111 48.0868 7.03591 
0.093811 18.3466 272.005 2.42157 
0.268015 3.4936 186.31 2.12562 
0.302695 3.07866 340.149 4.9522 
0.0531214 2.55073 309.161 2.50485 
0.119239 0.00418456 36.9375 5.40121 
0.111639 0.240211 23.3986 3.88275 
0.301875 0.101072 27.8367 3.12725 
0.0585374 0.236714 21.2817 2.56827 
0.190063 6.74533 449.767 6.52941 
0.11392 0.344494 36.3107 2.26707 
0.117499 1.77589 246.748 3.01317 
0.141577 0.174044 43.5699 3.039 
0.0149122 0.227856 37.9517 4.54018 
0.195667 1.9599 162.782 2.81882 
0.0536542 0.0641091 27.4114 3.43087 
0.0154947 0.0292935 46.9228 6.96113 
0.0342117 0.202933 37.7978 4.18173 
0.0827047 1.27575 42.5099 3.3904 
0.0481263 0.0468935 36.4679 4.88799 
