-828.7535287
-828.7506828
-828.7424931
-828.7342671
-828.7319503
-828.7243311
-828.7242123
-828.7204656
-828.7193368
-828.7107869
-828.706633
-828.7042366
-828.6922182
-828.6917651
-828.6864193
-828.6860386
-828.6795183
-828.672083
-828.6720231
-828.6673237
-828.6664319
-828.6516103
-828.6443942
-828.6308485
-828.6265798
-828.6225369
-828.6123561
-828.6109429
-828.5940088
-828.5884308
-828.5714087
-828.5654756
-828.5653047
-828.5618249
-828.5600205
-828.5579053
-828.5339225
-828.5280964
-828.5249476
-828.5156571
-828.5078125
-828.5033328
-828.5014003
-828.4939276
-828.4905511
-828.4848077
-828.4847774
-828.4623395
-828.4593752
-828.446151
-828.4441907
-828.4427236
-828.437754
-828.4354371
-828.4326365
-828.4313915
-828.4296387
-828.4282585
-828.4124035
-828.4102911
-828.4080325
-828.4063075
-828.4022689
-828.3995351
-828.3979873
-828.376745
-828.3757984
-828.3754053
-828.3727877
-828.3708623
-828.3621492
-828.3595238
-828.3558205
-828.3526124
-828.3518837
-828.3468889
-828.3451212
-828.342164
-828.3410963
-828.3393763
-828.3296508
-828.3268408
-828.3255076
-828.3222911
-828.322145
-828.3187917
-828.3171769
-828.3098082
-828.3096523
-828.30733
-828.2966262
-828.2955778
-828.2887607
-828.2874944
-828.2874502
-828.2850138
-828.2838763
-828.2699873
-828.2668528
-828.2611805
-828.259334
-828.257341
-828.2518976
-828.2309527
-828.2295011
-828.2239186
-828.2214319
-828.220223
-828.2176942
-828.214077
-828.2080248
-828.205568
-828.2039561
-828.2000223
-828.1984877
-828.1951221
-828.1905349
-828.1840825
-828.1837937
-828.17564
-828.1729563
-828.1638623
-828.1636736
-828.163597
-828.1584813
-828.1581632
-828.1543818
-828.1503622
-828.1446399
-828.1415048
-828.1366427
-828.1325902
-828.1294739
-828.1293355
-828.1225391
-828.1189876
-828.1186754
-828.0962819
-828.0955827
-828.0845566
-828.0808909
-828.0599114
-828.0559829
-828.0514319
-828.0483877
-828.046017
-828.0422164
-828.0355888
-828.0191549
-828.0190737
-828.016042
-828.0144754
-828.0136877
-828.0026578
-827.9975872
-827.9902783
-827.9901951
-827.9872503
-827.9869854
-827.9777839
-827.9774057
-827.9663744
-827.9616008
-827.9583182
-827.9426577
-827.9354461
-827.9305338
-827.9164164
-827.9082296
-827.9034762
-827.9029139
-827.8977113
-827.8947813
-827.8941437
-827.8899447
-827.8864761
-827.8831742
-827.8771725
-827.8740251
-827.8682762
-827.8663553
-827.8589163
-827.8567976
-827.8410394
-827.8380604
-827.8350178
-827.8309429
-827.8249379
-827.823297
-827.8074076
-827.8036579
-827.8033077
-827.7995156
-827.7921476
-827.7908399
-827.7771189
-827.7759113
-827.775887
-827.7654681
-827.7640274
-827.7625308
-827.7595474
-827.7574631
-827.7272855
-827.7231003
-827.7175067
-827.703143
-827.6960628
-827.6959714
-827.6857699
-827.6840382
-827.6608745
-827.6542291
-827.6415672
-827.6407844
-827.6321655
-827.6288329
-827.6044967
-827.6021296
-827.5934242
-827.5851421
-827.5775328
-827.5642331
-827.5582723
-827.5543297
-827.5461382
-827.5304092
-827.5146603
-827.4989155
-827.4969737
-827.4904747
-827.4871352
-827.4856916
-827.469096
-827.4686411
-827.4518074
-827.445656
-827.4282017
-827.4207293
-827.4171572
-827.4040679
-827.394455
-827.3943578
-827.3939222
-827.3794549
-827.3760821
-827.3610081
-827.3599035
-827.3573202
-827.3553025
-827.3526899
-827.344417
-827.332928
-827.3318494
-827.327058
-827.3225497
-827.322525
-827.3077224
-827.3071138
-827.3064983
-827.3037634
-827.3017236
-827.2976989
-827.2930301
-827.280734
-827.2788019
-827.2766708
-827.2749216
-827.267716
-827.2631262
-827.2474074
-827.2446177
-827.2381823
-827.2115363
-827.1925616
-827.1887967
-827.185096
-827.183473
-827.1813764
-827.1804814
-827.1700275
-827.1640261
-827.1430143
-827.1374503
-827.1335366
-827.1165989
-827.1156222
-827.112202
-827.1112336
-827.1034912
-827.0920809
-827.083349
-827.0749123
-827.0534318
-827.0407809
-827.0350041
-827.0224624
-827.0198053
-827.0196305
-827.0138535
-827.0036384
-826.9946389
-826.9700175
-826.9664945
-826.9653983
-826.9621441
-826.9429788
-826.9379274
-826.920488
-826.9127816
-826.9052134
-826.9025151
-826.8658135
-826.8613773
-826.8500927
-826.8369126
-826.8364206
-826.8328951
-826.8273861
-826.8250785
-826.8231768
-826.8190784
-826.8160175
-826.8086649
-826.8055833
-826.7922774
-826.7505787
-826.7438678
-826.7433242
-826.7232763
-826.7184138
-826.6935917
-826.6860786
-826.6712333
-826.6686985
-826.658966
-826.6374122
-826.6325558
-826.6319817
-826.6280647
-826.6171973
-826.6140332
-826.5971079
-826.5758205
-826.5668732
-826.5463736
-826.5440173
-826.5337903
-826.5293148
-826.5217121
-826.5087353
-826.505064
-826.5048036
-826.4884878
-826.4788526
-826.4685698
-826.4649159
-826.4579164
-826.4475251
-826.4309664
-826.4286157
-826.4268475
-826.4162076
-826.4130871
-826.4089053
-826.3964202
-826.39546
-826.3883889
-826.3752881
-826.3733045
-826.3719803
-826.3719188
-826.3607323
-826.3466752
-826.3370125
-826.3249149
-826.3234799
-826.3082017
-826.2960585
-826.2639492
-826.2442125
-826.2405383
-826.2370995
-826.2043424
-826.1908027
-826.1567094
-826.1312112
-826.1284603
-826.1206641
-826.0721366
-826.069027
-826.0449645
-826.0414337
-826.0328498
-826.0233581
-826.0225394
-826.0184823
-826.018422
-826.0018683
-825.9764779
-825.9745963
-825.9618406
-825.9516154
-825.9368124
-825.9304
-825.9253562
-825.9125012
-825.9082179
-825.9058741
-825.9050147
-825.8813755
-825.8709442
-825.8692301
-825.8465345
-825.8406859
-825.8204695
-825.8199107
-825.8062371
-825.8012994
-825.7984997
-825.7918206
-825.7916418
-825.7760976
-825.7656512
-825.7654875
-825.7616545
-825.7592342
-825.7216272
-825.713106
-825.7096514
-825.6727142
-825.6516675
-825.6473289
-825.6375754
-825.6345117
-825.5962518
-825.587347
-825.5572044
-825.5307751
-825.5130105
-825.3667159
-825.3582698
-825.3506791
-825.3483322
-825.3331035
-825.263557
-825.2469257
-825.2456871
-825.2358068
-825.1906794
-825.1729186
-825.1284499
-825.1092229
-825.0403953
-825.0202075
-825.008379
-824.9817332
-824.9812259
-824.9603133
-824.9401314
-824.8472526
-824.8243956
-824.7640597
-824.7029318
-824.6457501
-824.5526956
-824.5446445
-824.5231981
-824.456622
-824.4521934
-824.4042184
-824.4034821
-824.3848598
-824.3398106
-824.2727756
-824.226479
-824.2111431
-824.1695255
-824.1423691
-824.0922702
-824.0279586
-823.9614113
-823.9578343
-823.8859624
-823.8841327
-823.8720227
-823.827111
-823.8196086
-823.8093917
-823.7105406
-823.6589239
-823.6378867
-823.44516
-823.4171498
-823.2033019
-823.079279
-822.8257915
-822.6472704
-821.9280634
-821.4296453
