-5832.965191
-5832.022807
-5825.265416
-5821.521604
-5819.186657
-5815.657244
-5813.850687
-5805.763383
-5804.25274
-5798.286805
-5798.120367
-5791.996684
-5787.905105
-5783.252584
-5776.80078
-5756.15543
-5755.760572
-5752.432942
-5745.23889
-5743.694012
-5735.449166
-5735.092181
-5734.34954
-5722.144387
-5719.942909
-5715.276415
-5710.619921
-5700.25577
-5698.500592
-5695.552099
-5690.848804
-5688.996902
-5686.685197
-5686.03793
-5676.67694
-5674.568992
-5674.097962
-5670.790828
-5670.699795
-5669.000541
-5668.001706
-5659.660798
-5644.619906
-5635.441009
-5633.844704
-5626.949384
-5625.415679
-5622.877097
-5619.165883
-5611.028807
-5603.136603
-5599.251025
-5599.049549
-5589.826834
-5589.413702
-5582.538445
-5581.996252
-5578.575415
-5566.248021
-5561.835904
-5561.55947
-5560.663035
-5555.591545
-5545.272751
-5545.168154
-5544.491132
-5540.013872
-5538.376085
-5527.883967
-5504.331063
-5499.728099
-5494.605226
-5490.495417
-5482.947456
-5481.153247
-5481.126408
-5479.635824
-5474.763612
-5471.636098
-5469.931205
-5466.209883
-5421.106473
-5417.101684
-5412.541921
-5410.062054
-5373.588859
-5373.208458
-5368.552361
-5345.64178
-5336.449935
-5333.80083
-5312.446648
-5307.352971
-5288.136026
-5279.018641
-5271.038828
-5258.877447
-5248.937525
-5245.601856
-5237.242745
-5232.295357
-5228.362373
-5228.204115
-5223.243583
-5220.617773
-5207.868389
-5207.40445
-5196.975796
-5189.394509
-5185.600306
-5180.890595
-5164.619842
-5159.534075
-5154.18291
-5151.660287
-5145.210862
-5123.754881
-5120.364269
-5111.837013
-5100.484478
-5100.382825
-5098.107777
-5097.291218
-5089.362813
-5077.461274
-5076.819812
-5069.869152
-5054.654177
-5052.612518
-5045.871082
-5036.675792
-5034.911978
-5020.263677
-5011.062406
-4963.982381
-4963.370771
-4957.859719
-4957.648153
-4955.547152
-4953.122582
-4948.14755
-4940.920107
-4938.853319
-4934.979971
-4933.368681
-4904.379319
-4889.929917
-4855.858084
-4854.826235
-4848.292838
-4847.132107
-4840.977436
-4802.755088
-4792.668118
-4789.469584
-4779.638704
-4761.402768
-4752.200425
-4748.465827
-4741.670136
-4737.336633
-4723.029709
-4717.389905
-4699.734857
-4684.841872
-4681.188405
-4657.399921
-4654.382973
-4649.765187
-4629.348458
-4612.586086
-4608.312137
-4607.443528
-4602.760447
-4558.496679
-4550.656906
-4541.101798
-4538.461176
-4523.009641
-4514.965785
-4514.701458
-4480.229697
-4457.030669
-4455.654401
-4435.198712
-4421.666145
-4414.431534
-4392.279609
-4390.459621
-4349.881799
-4346.473827
-4346.196404
-4344.326492
-4340.1091
-4329.410357
-4325.389786
-4318.486465
-4307.95553
-4300.056914
-4278.016004
-4269.035975
-4268.900297
-4268.201081
-4258.102912
-4257.330861
-4238.340209
-4238.239237
-4231.458392
-4231.190878
-4218.718423
-4206.698844
-4187.658077
-4184.932819
-4184.370174
-4182.165294
-4170.180545
-4167.719143
-4162.696684
-4141.469653
-4117.589775
-4081.815431
-4080.969442
-4075.852378
-4070.163929
-4062.495034
-4061.200142
-4057.830308
-4036.550847
-4035.395011
-4019.487988
-4015.746266
-4012.532526
-3995.662861
-3981.078791
-3948.236453
-3917.052475
-3887.066619
-3874.570842
-3867.94502
-3866.289906
-3865.87674
-3837.259855
-3832.800137
-3828.637526
-3808.487659
-3803.674305
-3791.487324
-3786.137749
-3766.930623
-3762.603714
-3757.677732
-3755.552144
-3707.684501
-3690.922045
-3676.106363
-3666.677368
-3638.966658
-3602.938674
-3590.764249
-3586.216565
-3575.37263
-3567.208967
-3547.156836
-3543.777848
-3534.439104
-3484.376987
-3476.537639
-3472.012886
-3449.596976
-3446.592493
-3445.654523
-3422.091807
-3404.015247
-3402.722444
-3391.466697
-3380.378337
-3372.890177
-3366.819801
-3353.841117
-3339.419367
-3331.446974
-3329.559898
-3316.493766
-3314.766683
-3314.215827
-3310.661581
-3294.240791
-3272.943544
-3249.139311
-3240.578864
-3223.508793
-3177.012176
-3172.188543
-3156.710003
-3150.088044
-3149.070118
-3134.569372
-3129.692349
-3093.503643
-3089.204995
-3087.461239
-3064.336905
-3059.253512
-3056.590092
-3050.413415
-3036.575798
-3035.860556
-3015.237582
-2992.489501
-2937.997712
-2920.667015
-2907.56143
-2887.299494
-2868.08791
-2854.101523
-2842.181463
-2839.691522
-2839.346222
-2828.174232
-2816.767514
-2814.952203
-2796.477565
-2788.859061
-2760.987984
-2754.843207
-2750.244526
-2743.526215
-2731.383571
-2684.557659
-2676.474458
-2654.78591
-2646.241134
-2632.549546
-2631.765808
-2625.783959
-2604.833059
-2583.229225
-2579.245308
-2564.785901
-2564.314351
-2563.970811
-2550.317405
-2531.925523
-2531.667391
-2528.976877
-2519.019654
-2499.669831
-2478.367235
-2464.427146
-2454.209938
-2453.867545
-2452.89048
-2432.620207
-2432.079154
-2416.072196
-2400.12952
-2397.015724
-2362.715397
-2355.189226
-2336.155272
-2314.361328
-2312.173238
-2298.670976
-2297.289281
-2292.47546
-2276.179524
-2275.283762
-2262.480108
-2242.833968
-2236.38585
-2197.709665
-2179.259688
-2160.239105
-2155.633481
-2153.854233
-2117.178023
-2101.092292
-2072.260196
-2062.495124
-2057.592513
-2052.604072
-2047.126693
-2043.620252
-2037.525109
-2017.735515
-2006.641087
-2001.256222
-1988.710283
-1955.909523
-1903.541823
-1902.649018
-1896.337019
-1895.164144
-1884.603035
-1875.197077
-1861.877565
-1847.589692
-1827.797321
-1825.308923
-1809.04035
-1691.429343
-1682.347417
-1643.304981
-1625.725105
-1613.53075
-1601.369091
-1584.951611
-1578.188847
-1577.254191
-1555.09268
-1548.221633
-1542.027376
-1526.770007
-1494.32234
-1487.682086
-1471.913897
-1421.506454
-1419.091778
-1414.658275
-1396.467001
-1392.12794
-1385.261441
-1382.893407
-1377.022155
-1371.345675
-1360.611611
-1355.012275
-1350.482983
-1343.405996
-1335.304535
-1325.531205
-1323.145736
-1320.746352
-1301.249849
-1291.154503
-1284.548598
-1274.698799
-1249.224819
-1244.279757
-1242.106992
-1229.33348
-1222.838913
-1221.046685
-1219.306867
-1218.951454
-1217.68895
-1212.146347
-1210.65848
-1207.653455
-1186.146196
-1177.31129
-1172.128759
-1169.108068
-1162.912099
-1141.095259
-1132.549335
-1125.240094
-1120.989413
-1114.236856
-1114.008503
-1111.441757
-1102.756467
-1095.488958
-1094.041809
-1074.547762
-1070.041386
-1058.252539
-1056.896716
-1055.279886
-1054.801388
-1052.818391
-1049.191173
-1042.271691
-1041.700368
-1036.587799
-1034.086373
-1003.473507
-995.7582654
-993.4235878
-993.3866462
-964.40604
-958.7748792
-958.4267386
-954.2584619
-954.0881161
-947.7455419
-946.8146461
-942.9398187
-931.9102043
-930.4199148
-928.5898639
-927.0306374
-926.1421673
-921.1658336
-919.5267178
-912.6006706
-907.1395385
-906.5570751
-900.0827404
-873.2778804
