-845.4417316
-845.4270671
-845.3903129
-845.3447037
-845.3203109
-845.3026932
-845.2803717
-845.230829
-845.2267546
-845.1644287
-845.1576498
-845.1188305
-845.1061416
-845.104752
-845.0972608
-845.0428584
-845.0393618
-844.9704699
-844.9493412
-844.8911997
-844.8675012
-844.8652392
-844.8497425
-844.8249932
-844.823088
-844.8230526
-844.8064411
-844.8062111
-844.7846641
-844.7770105
-844.747872
-844.7152117
-844.7107905
-844.6688013
-844.6650257
-844.6310437
-844.6294409
-844.6096084
-844.6008175
-844.5837141
-844.5525615
-844.5402894
-844.527742
-844.4838538
-844.4766023
-844.4577452
-844.446827
-844.4148215
-844.3824999
-844.3561385
-844.3439372
-844.3365602
-844.3323037
-844.33098
-844.3233072
-844.3218604
-844.3215228
-844.3205606
-844.2807873
-844.2699592
-844.2565846
-844.232872
-844.2112711
-844.2063231
-844.1930511
-844.1457088
-844.1308691
-844.1198437
-844.1172696
-844.1148591
-844.1121292
-844.0743149
-844.0708994
-844.0665547
-844.0468237
-844.0372571
-844.0203885
-844.0141579
-843.9965065
-843.9933843
-843.9589842
-843.8722857
-843.8603686
-843.8178999
-843.8085203
-843.7936268
-843.7889818
-843.7858556
-843.7657338
-843.6940403
-843.6569638
-843.6343813
-843.6082192
-843.5931121
-843.572593
-843.566211
-843.5464145
-843.5320152
-843.5186327
-843.50595
-843.4890909
-843.395831
-843.357581
-843.3183219
-843.2563562
-843.2498103
-843.2445655
-843.2439866
-843.2346724
-843.2090448
-843.1840552
-843.1700772
-843.1526411
-843.132387
-843.109844
-843.0738841
-843.0578025
-843.0447242
-843.0196197
-843.0045798
-842.9890148
-842.9800375
-842.9782988
-842.969252
-842.9690729
-842.9512824
-842.9480708
-842.9116031
-842.9005569
-842.8963043
-842.8883441
-842.8709063
-842.8307475
-842.8292489
-842.8000021
-842.7575642
-842.7177691
-842.700806
-842.6788332
-842.6735701
-842.6212917
-842.6153412
-842.6120791
-842.5897016
-842.5867626
-842.5852445
-842.5663551
-842.5256778
-842.5130433
-842.3868463
-842.3786784
-842.3465986
-842.3401743
-842.3126862
-842.2926539
-842.2850801
-842.2789992
-842.260607
-842.2210759
-842.2121176
-842.1826322
-842.1804254
-842.1752199
-842.1714795
-842.1461083
-842.1355441
-842.132284
-842.1187805
-842.1067927
-842.0987147
-842.0696103
-842.0317722
-842.0196634
-842.0006216
-841.9938921
-841.9925054
-841.9716896
-841.8821891
-841.8415256
-841.8357448
-841.8258872
-841.7994714
-841.7413401
-841.7263135
-841.7135411
-841.7132113
-841.7071577
-841.6798042
-841.672679
-841.6419456
-841.5777044
-841.5432234
-841.5261352
-841.4853113
-841.4636977
-841.4014463
-841.3924987
-841.3778575
-841.3425712
-841.3293337
-841.3292933
-841.3130976
-841.296779
-841.2939251
-841.2869152
-841.2320124
-841.1845206
-841.1593794
-841.1309644
-841.1136713
-841.074175
-841.0269704
-841.0220994
-841.0147971
-840.9885131
-840.9879571
-840.9365742
-840.9137367
-840.9096734
-840.8906451
-840.8216335
-840.7978526
-840.7888595
-840.7796405
-840.7320402
-840.7283433
-840.6791146
-840.6666927
-840.6609834
-840.6399064
-840.639824
-840.6357563
-840.6121787
-840.6007429
-840.5648205
-840.5509186
-840.5223905
-840.5199722
-840.4986641
-840.4594703
-840.4409491
-840.4365492
-840.4345548
-840.4204319
-840.4050609
-840.4034877
-840.3540303
-840.3135141
-840.2877866
-840.2759894
-840.2702743
-840.2616402
-840.2307586
-840.1974491
-840.166762
-840.13699
-840.0720039
-840.0439067
-839.9836125
-839.9630075
-839.9283063
-839.901787
-839.8524137
-839.8021785
-839.7424862
-839.7396885
-839.7116812
-839.6933089
-839.6897601
-839.6664652
-839.6231603
-839.6095241
-839.5877005
-839.5537196
-839.5446587
-839.5432388
-839.4765606
-839.4324272
-839.420077
-839.3880492
-839.37453
-839.3521357
-839.3240898
-839.3024744
-839.2920238
-839.2675317
-839.2282498
-839.2173
-839.1810492
-839.1613277
-839.1518804
-839.117574
-839.0494778
-838.8930848
-838.8591652
-838.8149189
-838.8028198
-838.7735093
-838.7721953
-838.753684
-838.7529205
-838.725781
-838.6985725
-838.6889649
-838.566279
-838.5064927
-838.5015474
-838.4877045
-838.4638503
-838.4484272
-838.434196
-838.3920005
-838.3494767
-838.321027
-838.2364031
-838.1448494
-838.1363918
-837.9928545
-837.949463
-837.8877068
-837.8875042
-837.8832977
-837.8725076
-837.7669838
-837.6494575
-837.5925833
-837.5751985
-837.5517887
-837.4765654
-837.4247494
-837.3369563
-837.3277851
-837.2847041
-837.2116054
-837.1680443
-837.1485999
-837.0663304
-837.0472281
-837.0290779
-837.0288134
-836.9673995
-836.9503955
-836.9495298
-836.7590666
-836.702124
-836.6958321
-836.6890479
-836.6833196
-836.6685468
-836.5920218
-836.5794969
-836.5691255
-836.5015062
-836.4279861
-836.4021622
-836.3946441
-836.377288
-836.3615739
-836.3138286
-836.3072821
-836.2940088
-836.2561026
-836.1083672
-836.095144
-836.0807912
-836.0661715
-836.0155848
-835.9902209
-835.9886095
-835.9000166
-835.8883123
-835.8562312
-835.8434099
-835.839486
-835.8126592
-835.7682791
-835.7503027
-835.7376782
-835.6170464
-835.6157603
-835.5479183
-835.539185
-835.498994
-835.4140524
-835.4030709
-835.3809267
-835.3446134
-835.2924775
-835.2572343
-835.2012581
-835.1444372
-835.1368543
-835.0966297
-835.0773012
-835.0267456
-834.9810169
-834.8905974
-834.8457953
-834.7867651
-834.759292
-834.7421399
-834.6726186
-834.6668311
-834.6659062
-834.5469413
-834.4890758
-834.459939
-834.4304767
-834.3582764
-834.3337323
-834.1887637
-834.1805045
-834.1562847
-834.0814939
-834.0636776
-834.061067
-833.8536539
-833.840321
-833.6532797
-833.6426488
-833.5386882
-833.5346831
-833.5299256
-833.5256449
-833.4910224
-833.3171762
-833.2359777
-833.2332519
-833.1611469
-833.1017149
-833.0802203
-832.9680947
-832.8550265
-832.7520845
-832.7186997
-832.5890728
-832.5724835
-832.4719626
-832.4383097
-832.1593559
-832.101811
-832.0799042
-832.072697
-832.0441992
-832.0299983
-832.0299897
-832.0051614
-831.8347763
-831.825562
-831.8186089
-831.7815417
-831.7567099
-831.7345228
-831.7235559
-831.7195371
-831.456471
-831.3723041
-831.338212
-831.3118735
-831.198755
-831.1793124
-831.1345175
-831.0680673
-831.0399021
-830.9076232
-830.8862693
-830.6565648
-830.6101269
-830.4547302
-830.4499007
-830.3699895
-830.1254597
-830.0661922
-830.0443718
-829.9082202
-829.540934
-829.5057217
-829.4571539
-829.4048986
-829.3663879
-829.3463436
-829.1654317
-828.5249476
-828.4313915
-828.3171769
-828.3096523
-828.2838763
-828.1581632
-828.0845566
-827.8899447
-827.8740251
-827.775887
-827.6960628
-827.6321655
-827.280734
-826.4788526
-826.4579164
-826.4309664
-826.4268475
-823.44516
