0.103315 0.395824 39.5394 4.01887 
0.171985 0.440231 38.0472 3.80297 
0.099547 0.332805 45.1702 4.69046 
0.12653 0.580432 41.8135 4.952 
0.19281 0.57425 39.1537 4.25282 
0.12149 0.524139 36.4846 3.7604 
0.141046 0.501031 54.1661 5.41018 
0.106726 0.454609 36.5011 3.83238 
0.173496 0.393266 44.7058 5.01456 
0.200325 0.363751 41.1121 4.45105 
0.154682 0.466569 45.2346 5.02982 
0.0862495 0.276896 36.3858 3.924 
0.147536 0.515724 47.682 5.08181 
0.144393 0.437791 43.654 5.04767 
0.171429 0.579423 38.0342 3.67921 
0.145903 0.518637 43.5493 4.43921 
0.156994 0.716277 38.9982 3.85505 
0.118355 0.335997 43.3929 4.7351 
0.156503 0.341102 44.8186 5.18159 
0.119659 0.606072 35.8515 3.89024 
0.118552 0.514142 53.0216 5.78275 
0.17585 0.473497 35.8677 3.62338 
0.085487 0.265676 45.5724 5.43374 
0.131611 0.438123 38.3786 3.88186 
0.156373 0.50213 51.7683 5.74012 
0.146787 0.541207 48.9329 4.5713 
0.0986664 0.479633 32.0444 3.819 
0.089195 0.350073 38.3888 4.51602 
0.137543 0.620138 53.9789 6.12608 
0.108381 0.478985 39.2645 4.57711 
0.159492 0.744866 43.5977 4.30282 
0.193676 0.508414 42.6528 4.69046 
0.207161 0.456439 45.8651 4.85233 
0.141019 0.316076 45.2968 4.8887 
0.0882516 0.41335 48.1945 5.68148 
0.147258 0.231736 39.3062 4.66413 
0.104911 0.523007 44.822 4.17506 
0.147994 0.478737 47.2752 5.12452 
0.162167 0.27465 35.7546 4.03026 
0.178739 0.51913 38.6469 4.2064 
0.10656 0.396392 48.2305 4.9367 
0.144936 0.454843 31.2292 3.73238 
0.125825 0.38638 45.3496 4.90258 
0.149934 0.48349 36.505 3.98001 
0.111036 0.536064 36.3356 4.21868 
0.165643 0.383853 39.1745 4.52337 
0.0847525 0.403887 37.7951 4.11 
0.110885 0.415335 39.4832 4.04839 
0.100227 0.530206 38.8949 4.05288 
0.155994 0.56728 38.1862 3.59486 
0.0931886 0.212454 36.4705 4.54679 
0.136115 0.367581 40.8612 4.07449 
0.144769 0.424056 36.2692 3.86609 
0.134905 0.68975 49.7979 5.29854 
0.105287 0.475446 43.3089 5.14499 
0.161691 0.525081 41.0136 3.99099 
0.139097 0.416788 36.0976 4.46189 
0.1679 0.456504 42.599 4.80952 
0.119073 0.517558 46.0749 4.70856 
0.159596 0.321266 41.9554 4.58272 
0.105782 0.378074 41.7073 4.81929 
0.0961648 0.319096 35.4953 4.25462 
0.176101 0.329603 45.6305 5.05175 
0.158245 0.393787 37.6422 4.07418 
0.110172 0.351988 45.4471 4.67279 
0.0795004 0.342881 42.4147 4.49736 
0.156548 0.379696 40.9533 4.54555 
0.104926 0.355899 34.7988 3.98609 
0.111013 0.411996 35.1714 3.9142 
0.126678 0.216757 40.1303 4.31955 
0.163961 0.33811 45.231 5.32957 
0.104636 0.308393 45.3162 4.826 
0.178519 0.561415 37.6427 4.05509 
0.111359 0.52611 41.1923 3.8683 
0.116756 0.50957 44.0045 4.0146 
0.081951 0.262353 42.0082 5.34738 
0.157378 0.345202 48.5432 5.65978 
0.0823183 0.373527 39.7156 4.27443 
0.137985 0.470554 36.2098 4.21345 
0.100407 0.474764 45.4392 5.07452 
0.160616 0.454234 34.0263 3.73529 
0.0856491 0.426517 40.7685 4.64336 
0.194284 0.505219 48.0508 5.12577 
0.148824 0.501659 43.1353 4.95602 
0.126686 0.530425 54.8521 5.87959 
0.134856 0.401551 39.8421 4.59388 
0.193378 0.671392 43.9962 4.72425 
0.16134 0.374975 39.7138 3.91255 
0.128297 0.441106 44.8031 5.17364 
0.138214 0.357536 41.4294 4.1735 
0.158316 0.447702 38.1162 4.78416 
0.166647 0.436073 41.9348 4.29056 
0.171495 0.622955 39.855 4.12666 
0.120756 0.498336 35.2405 3.51276 
0.129904 0.627018 45.9533 4.83479 
0.180152 0.526579 39.1061 3.9403 
0.144237 0.312583 36.3514 4.11514 
0.0830909 0.471255 37.0353 3.82345 
0.0716416 0.375019 38.2688 3.89937 
0.135443 0.56121 35.9736 3.73199 
0.177831 0.322653 36.7236 4.11612 
0.133314 0.361103 38.5981 4.74594 
0.126359 0.542091 52.3703 5.75672 
0.0795509 0.248884 41.885 4.54623 
0.171381 0.29781 39.174 4.0731 
0.136276 0.386231 54.8227 5.96774 
0.0811675 0.405395 39.2916 4.25523 
0.132869 0.499216 38.8058 3.80908 
0.136177 0.31237 47.7978 5.27086 
0.0955045 0.28304 34.0807 3.93165 
0.126897 0.324952 31.7604 3.42185 
0.19676 0.521186 35.5339 3.89629 
0.198336 0.543001 40.8541 4.41761 
0.120155 0.688595 49.4725 4.99437 
0.100774 0.430635 47.2079 5.11566 
0.0979218 0.370204 44.6707 5.0156 
0.121497 0.550919 41.2305 4.9507 
0.19405 0.416558 38.337 4.1905 
0.0884854 0.37523 38.0993 4.15662 
0.134625 0.64472 44.7649 4.33794 
0.170397 0.549863 37.1517 3.73162 
0.173622 0.467699 39.535 4.20288 
0.124639 0.426433 45.158 5.31948 
0.10269 0.306866 47.5546 5.25988 
0.110974 0.276389 44.5375 5.61355 
0.134894 0.495965 54.973 6.38322 
0.11231 0.676664 45.6539 4.87325 
0.0837504 0.385502 37.0575 4.6424 
0.110895 0.710725 44.969 4.58461 
0.142044 0.612733 43.1276 4.67696 
0.105281 0.458627 41.9189 4.14094 
0.0840947 0.497018 41.8562 4.33327 
0.119141 0.416199 46.7398 5.42695 
0.0984093 0.354018 37.8077 3.62607 
0.138833 0.500139 44.8592 5.19781 
0.125399 0.537645 34.3519 4.04979 
0.0721336 0.261663 36.7656 4.64454 
0.143691 0.388805 43.9642 4.47694 
0.102533 0.302711 42.2489 4.75732 
0.0849635 0.41414 35.7303 3.9318 
0.150954 0.467236 39.6156 4.08334 
0.125831 0.379439 36.2687 4.05492 
0.0891295 0.333806 46.0337 5.28763 
0.151424 0.367724 47.5424 4.83358 
0.119813 0.307005 36.7911 4.11048 
0.088897 0.2987 37.6264 4.34698 
0.122617 0.420371 35.0784 4.20814 
0.172069 0.608311 46.3272 4.92909 
0.16297 0.450124 36.9498 3.68398 
0.138073 0.507947 50.8604 5.46779 
0.0946585 0.498134 38.7718 4.27451 
0.122995 0.298874 39.3632 4.53787 
0.175717 0.542729 39.1556 3.87014 
0.127057 0.385807 44.8995 5.08435 
0.175958 0.413936 45.4665 4.66639 
0.155895 0.46042 38.9683 4.5153 
0.177494 0.395575 38.6916 3.91511 
0.115715 0.337801 32.4314 3.67845 
0.156617 0.315457 42.1018 4.5375 
0.100261 0.554192 43.8948 4.05933 
0.113219 0.359837 39.8495 4.42968 
0.100083 0.462785 37.7974 4.3868 
0.150271 0.492753 44.406 5.03977 
0.179287 0.313421 47.7038 5.10914 
0.144151 0.775833 42.4176 4.16634 
0.152617 0.501074 52.4213 5.74069 
0.114878 0.548528 50.9932 5.44879 
0.152576 0.389318 46.2003 4.61247 
0.176171 0.404432 39.8333 4.53493 
0.127731 0.299198 36.4044 4.04109 
0.138814 0.391626 45.3 4.67307 
0.117258 0.406323 53.2712 5.87715 
0.0802738 0.381426 40.9745 4.5246 
0.114242 0.557043 36.2964 4.15064 
0.104849 0.501763 41.8307 4.70027 
0.171981 0.543279 47.4787 5.09663 
0.186054 0.448572 44.2041 4.37034 
0.124732 0.426628 39.2339 4.36671 
0.152008 0.398698 52.0408 5.43772 
0.11117 0.412838 36.6146 4.45023 
0.119504 0.599228 41.9738 4.0651 
0.0875131 0.567723 43.5931 4.80018 
0.0713369 0.375352 42.248 4.95249 
0.131797 0.371 41.8004 4.9686 
0.112333 0.559696 41.9157 4.00469 
0.143393 0.456222 47.3055 5.10168 
0.173877 0.381851 47.5592 5.31079 
0.111397 0.235038 42.1255 5.50219 
0.12213 0.315774 44.6357 5.34812 
0.151829 0.565891 41.3987 4.14199 
0.14149 0.590086 43.1124 4.35945 
0.110455 0.33157 41.7246 4.09067 
0.121437 0.540391 43.563 5.06494 
0.124097 0.514895 46.8849 5.34061 
0.120132 0.338381 41.1831 4.72637 
0.125064 0.417177 44.9429 4.7746 
0.122505 0.506315 40.8947 3.82381 
0.207049 0.40032 43.844 4.84272 
0.186531 0.317821 47.4029 4.97615 
0.123312 0.461699 37.2855 3.93935 
0.125682 0.48581 40.0526 3.97231 
0.134861 0.332781 42.2914 4.5137 
0.190352 0.607233 47.5281 5.19934 
0.139862 0.343154 36.7929 4.29123 
0.126884 0.217962 37.1379 4.2676 
0.122353 0.521923 53.0438 5.44791 
0.13721 0.414461 39.1653 3.74109 
0.135376 0.589472 39.1645 4.27741 
0.129101 0.637063 36.0898 3.97184 
0.0991856 0.42139 34.9092 4.17747 
0.105855 0.396443 39.9765 4.12048 
0.154522 0.295403 47.7352 5.34515 
0.158142 0.32493 46.3078 4.69027 
0.14498 0.397237 38.4047 3.92236 
0.16378 0.566368 39.3593 4.08312 
0.1526 0.417961 41.4881 4.29913 
0.1346 0.471258 46.9699 5.19243 
0.101411 0.416314 44.7316 4.61044 
0.104384 0.281282 37.09 4.33285 
0.12576 0.560903 43.5566 4.89539 
0.131797 0.482168 39.3122 4.82995 
0.116569 0.655495 42.5181 4.20383 
0.0864644 0.453958 39.9561 4.25729 
0.138285 0.454419 48.0146 5.2467 
0.107261 0.66044 37.3435 4.24122 
0.182683 0.264046 36.7139 4.20998 
0.140835 0.35144 43.5845 4.80178 
0.135465 0.600415 43.6294 5.05057 
0.121188 0.590218 49.7239 4.99818 
0.112788 0.542332 46.7028 5.19553 
0.086025 0.475524 35.6669 4.06612 
0.0955888 0.454725 38.1473 4.28621 
0.178042 0.427447 39.7331 4.17461 
0.072404 0.288995 41.3986 4.82024 
0.124742 0.389562 38.9187 4.03526 
0.120838 0.368329 48.6352 4.88124 
0.120057 0.225064 38.6148 4.20503 
0.150202 0.341531 36.4593 4.11582 
0.139408 0.52454 40.2944 4.31496 
0.135758 0.374041 43.006 4.59639 
0.115519 0.511541 36.3621 4.05861 
0.0847227 0.399966 39.2735 4.16436 
0.108829 0.330027 48.0177 5.08592 
0.123606 0.68787 39.5202 4.36127 
0.142205 0.445685 40.4513 4.19071 
0.137635 0.358021 48.6438 5.24388 
0.138752 0.569328 41.2211 4.65793 
0.102173 0.56483 44.9781 4.604 
0.136478 0.393119 48.5447 5.70029 
0.0783914 0.38612 42.4765 4.5161 
0.0841899 0.512186 36.4623 3.80197 
0.119889 0.586078 41.2235 4.15069 
0.107758 0.38175 48.8075 5.46784 
0.140665 0.349498 35.6572 4.18061 
0.118748 0.332924 37.3279 4.38592 
0.122323 0.385646 37.9187 4.67355 
0.136594 0.509757 39.9085 4.47802 
0.112712 0.605246 37.8148 4.06146 
0.121921 0.605859 40.292 4.44099 
0.111077 0.400205 42.0052 4.84918 
0.118815 0.412568 41.5657 4.21577 
0.117804 0.480248 41.6947 5.01831 
0.166521 0.399402 41.3672 4.5 
0.183325 0.477577 39.6771 4.26426 
0.144249 0.618603 37.3132 4.0662 
0.108239 0.263695 40.0183 4.41726 
0.181898 0.465666 45.4781 5.4183 
0.185564 0.349269 36.2911 4.32471 
0.173913 0.602629 40.5057 4.41412 
0.134358 0.525537 36.4329 3.74812 
0.110511 0.483272 48.6683 5.37254 
0.097356 0.39268 37.4913 4.24451 
0.165092 0.423677 38.5549 4.52775 
0.130213 0.583434 37.6724 3.79743 
0.141381 0.489168 48.0506 5.17116 
0.0760386 0.313338 35.3271 3.91311 
0.132702 0.609598 40.2457 4.58634 
0.139021 0.48102 37.3096 4.08121 
0.127472 0.496512 47.1261 5.40456 
0.1674 0.340726 39.0002 4.39182 
0.093954 0.4883 40.7234 4.47133 
0.140039 0.266763 41.3724 4.64297 
0.105127 0.432243 47.2667 4.90136 
0.177411 0.574536 44.8873 4.72076 
0.185601 0.71791 43.3363 4.38098 
0.151254 0.495198 42.7772 4.24512 
0.135152 0.316732 44.9605 4.78232 
0.188283 0.382714 39.5394 4.26712 
0.11951 0.408495 43.9651 4.39201 
0.148756 0.437254 40.8173 4.33041 
0.12023 0.540992 35.29 4.1247 
0.134713 0.551357 42.8642 4.97775 
0.0957092 0.465752 38.638 4.55675 
0.126526 0.246699 37.5576 4.46247 
0.154921 0.579346 45.0076 4.85081 
0.179585 0.579528 40.6159 4.34918 
0.145427 0.456489 46.0596 5.15468 
0.159591 0.441142 37.9361 4.24865 
0.149963 0.352669 43.9315 4.8833 
0.119014 0.432164 41.8983 4.47174 
0.144025 0.365178 38.0108 4.32761 
0.138121 0.474629 34.3945 3.94445 
0.127139 0.376128 39.5278 3.91811 
0.127474 0.294625 38.2691 4.45626 
0.149341 0.332462 34.6793 4.02257 
0.150316 0.492989 46.5224 5.2784 
0.13696 0.445927 38.9686 4.44107 
0.114519 0.363889 35.1709 3.7175 
0.0886591 0.42502 36.5583 3.86713 
0.0890906 0.4811 35.4665 4.22024 
0.122364 0.486168 44.7141 4.45059 
0.108167 0.488771 37.95 3.9445 
0.131113 0.414494 48.6457 5.12299 
0.118272 0.544895 45.3043 4.88381 
0.105964 0.35561 34.7164 3.70907 
0.118255 0.444238 35.5255 3.66085 
0.152193 0.453018 34.9738 4.14977 
0.15992 0.511741 38.0877 3.95777 
0.096325 0.494191 40.6066 4.06702 
0.15152 0.276894 39.971 4.34848 
0.147477 0.345464 38.7147 4.1825 
0.122369 0.413265 41.4976 4.34394 
0.0969432 0.252614 40.9859 4.54871 
0.103131 0.328828 40.497 4.23659 
0.164752 0.583187 45.1223 4.54659 
0.171362 0.509679 41.5417 4.5024 
0.163072 0.581073 34.2277 3.89119 
0.153068 0.597112 36.5752 4.05776 
0.175773 0.440568 41.7857 4.5231 
0.125943 0.362076 40.7887 4.70188 
0.131742 0.292631 40.9479 4.79251 
0.188374 0.475966 45.0339 5.10514 
0.154516 0.290714 41.6245 4.80965 
0.173504 0.434719 46.9245 5.15606 
0.0829234 0.387651 42.769 4.73116 
0.161347 0.544992 50.9936 5.61349 
0.109831 0.580785 37.1485 3.77382 
0.176934 0.5241 46.631 4.69253 
0.132584 0.543219 39.8666 4.30697 
0.169904 0.614036 42.7911 4.35267 
0.124389 0.620725 38.5851 4.00213 
0.145081 0.407423 43.8795 4.32137 
0.128681 0.604376 39.1346 4.20331 
0.0926377 0.421922 43.9416 4.99128 
0.106913 0.422337 49.9601 4.85045 
0.164678 0.650641 40.6752 4.25088 
0.144769 0.305268 39.3118 4.98199 
0.134721 0.531213 47.5476 4.915 
0.113489 0.586931 38.7277 4.07531 
0.141002 0.379786 40.2948 4.2226 
0.112815 0.408282 38.1485 4.32617 
0.123745 0.590138 38.6056 3.96879 
0.150006 0.528775 43.0041 4.74428 
0.0877087 0.385844 38.1785 3.77773 
0.169278 0.430208 39.8641 4.07041 
0.195102 0.52019 45.7173 4.9619 
0.174208 0.488435 38.869 4.02729 
0.105309 0.404021 48.5683 5.25053 
0.0933044 0.445771 40.9004 4.46825 
0.0895795 0.342789 39.8089 4.81054 
0.0908436 0.27891 33.6798 4.05918 
0.0849944 0.491136 38.9676 3.72858 
0.106123 0.336898 39.3299 4.47988 
0.149202 0.558814 43.2035 4.42262 
0.183758 0.360758 37.0297 4.03786 
0.118774 0.498945 48.7096 4.86205 
0.102705 0.528151 34.7344 3.77222 
0.155723 0.375373 40.8813 4.69768 
0.0948553 0.311075 37.7076 4.32879 
0.107825 0.629464 40.4849 4.30155 
0.18781 0.429362 40.7563 4.2007 
0.110235 0.436849 40.6427 4.75695 
0.158849 0.401831 41.849 4.24511 
0.108198 0.478968 38.7373 3.91594 
0.156792 0.474308 40.8803 4.69642 
0.0877169 0.461723 43.2064 4.59299 
0.165272 0.562238 44.4969 4.65616 
0.164528 0.423075 35.6685 3.87568 
0.147196 0.384512 40.4848 4.15871 
0.139924 0.300311 44.106 4.8736 
0.100533 0.216007 44.3051 5.35782 
0.143733 0.543762 34.9022 3.56746 
0.135446 0.368172 49.0866 5.74107 
0.0987058 0.457086 40.0596 4.00216 
0.141065 0.512549 45.9292 4.97113 
0.127307 0.323654 44.0523 5.0447 
0.0937817 0.531254 45.596 4.88292 
0.104826 0.336602 36.5644 4.01259 
0.177585 0.574551 40.2973 4.31301 
0.1364 0.530042 40.5659 4.33329 
0.167131 0.42851 44.0135 4.39794 
0.11677 0.53657 40.9066 4.45818 
0.105742 0.509573 42.9447 4.36129 
0.104739 0.30017 39.7132 4.64371 
0.0991667 0.265794 36.2728 4.03332 
0.0940197 0.297837 44.0526 4.7974 
0.150428 0.444491 41.8939 4.57097 
0.12539 0.365301 43.4267 4.92827 
0.132694 0.453829 37.8341 3.88749 
0.159328 0.429834 34.6492 3.98343 
0.126638 0.362728 41.0512 4.26864 
0.107315 0.323417 42.4223 4.90567 
0.134987 0.523469 45.7452 5.40051 
0.107837 0.23483 44.7752 5.11628 
0.118525 0.415062 37.0519 4.49726 
0.119882 0.44398 44.4618 4.7928 
0.153292 0.580131 41.6006 4.2042 
0.158192 0.670866 41.6569 4.04805 
0.148996 0.585925 38.143 4.05043 
0.0924125 0.361988 41.1545 4.42773 
0.132945 0.495953 34.9023 4.00481 
0.141508 0.47471 37.0848 4.09777 
0.0852013 0.287566 37.2016 4.19788 
0.141775 0.549451 39.3261 4.3349 
0.114294 0.473613 43.5758 4.93447 
0.1743 0.396816 40.132 4.34692 
0.128622 0.2953 41.9212 4.96818 
0.131681 0.351268 38.2718 4.72182 
0.151764 0.56096 40.3594 4.11532 
0.165587 0.65074 43.3896 4.44834 
0.120154 0.479311 40.0235 3.95966 
0.131245 0.417315 42.7392 4.41265 
0.111619 0.326457 37.178 4.12327 
0.0883263 0.276622 37.1284 4.32084 
0.111145 0.406172 44.9323 4.62264 
0.134775 0.616679 36.4019 3.58875 
0.148824 0.560579 37.8487 3.63831 
0.0931627 0.367884 37.8718 4.18008 
0.144099 0.431911 38.8 4.01302 
0.11046 0.250307 36.8648 4.16898 
0.14329 0.359407 39.4994 4.08356 
0.13393 0.487236 41.0879 4.17341 
0.144585 0.675171 39.272 4.21538 
0.123985 0.299615 34.876 3.7883 
0.14785 0.420858 43.6527 4.50923 
0.117895 0.375975 42.6298 4.93449 
0.105976 0.44157 37.4348 4.38181 
0.176596 0.530922 38.1455 3.97733 
0.121967 0.457075 37.1663 3.72294 
0.178759 0.461464 42.88 4.24321 
0.167671 0.565761 39.7466 3.8658 
0.138745 0.460427 42.3938 4.53318 
0.143027 0.440044 43.658 4.90643 
0.119214 0.547617 39.9385 4.35054 
0.0788504 0.363377 38.1169 4.14764 
0.148399 0.387798 36.485 3.98661 
0.0792804 0.29959 35.8197 4.05359 
0.150668 0.486804 40.4564 4.03697 
0.102816 0.302012 39.1504 4.53795 
0.138934 0.440171 41.5216 4.28312 
0.155264 0.442211 35.2531 3.83918 
0.106852 0.637015 45.6466 4.83684 
0.0912265 0.257122 41.8005 4.4166 
0.129644 0.494733 32.6822 3.67425 
0.122947 0.318738 42.3226 4.94816 
0.11106 0.37223 38.3007 3.92898 
0.0991469 0.418391 36.4721 4.08359 
0.147334 0.669851 39.4895 4.29858 
0.114481 0.391873 37.1881 4.18712 
0.129155 0.537344 48.2684 4.67282 
0.115566 0.31937 41.2755 4.92572 
0.127775 0.443276 44.5194 4.82286 
0.11447 0.373438 38.7905 4.22522 
0.105515 0.366696 46.2349 4.92584 
0.0993673 0.405622 39.905 4.83477 
0.135025 0.390741 39.4981 3.95819 
0.182376 0.574431 45.9091 4.81573 
0.147109 0.302379 39.71 4.46834 
0.144984 0.376585 40.4406 4.34959 
0.0991785 0.312621 33.3207 3.8148 
0.126621 0.538489 40.1932 3.98721 
0.158604 0.517266 38.195 4.40032 
0.111706 0.444539 40.9928 4.09985 
0.168148 0.465488 44.5795 4.40141 
0.128837 0.546654 36.7391 3.81923 
0.114906 0.388949 40.9341 4.71042 
0.155068 0.493112 39.647 4.39814 
0.168475 0.435421 43.225 4.79913 
0.14094 0.418171 46.1127 4.77517 
0.144407 0.368729 39.1655 4.47535 
0.137701 0.479228 42.6364 4.0312 
0.130661 0.526855 36.915 3.69096 
0.121363 0.391348 42.4439 4.82978 
0.16563 0.472402 45.9959 4.88483 
0.109251 0.463433 38.9272 3.97141 
0.162404 0.513167 46.966 4.8884 
0.111739 0.399279 33.8647 3.66206 
0.137015 0.317622 41.7663 4.73051 
0.135114 0.413936 38.4702 4.2779 
0.107732 0.571995 44.6992 4.93891 
0.178939 0.427322 40.8009 4.36858 
0.0964526 0.487121 37.237 3.84618 
0.135236 0.523634 37.0542 4.09044 
0.105473 0.399541 40.9519 4.53236 
0.113442 0.355056 36.6264 3.92997 
0.129355 0.436385 37.4183 3.95022 
0.114005 0.484712 47.0452 4.81642 
0.131496 0.44738 45.0996 4.77901 
0.148412 0.397026 40.9956 4.20921 
0.10847 0.354032 40.4251 4.3546 
