-824.6667022
-824.6662943
-824.6621606
-824.6611138
-824.6610094
-824.6593877
-824.6567162
-824.6559567
-824.6554802
-824.6499473
-824.6465997
-824.6457501
-824.643924
-824.6408129
-824.6364724
-824.6352524
-824.6345259
-824.6298894
-824.6249138
-824.6209688
-824.6209561
-824.62056
-824.6137832
-824.6124985
-824.6113187
-824.6064311
-824.6051649
-824.6042898
-824.6039848
-824.6010263
-824.5995028
-824.5952229
-824.5937226
-824.5868928
-824.5851561
-824.5840751
-824.5834994
-824.5759844
-824.5700694
-824.5679914
-824.5676735
-824.5632157
-824.5618568
-824.5602405
-824.5602374
-824.5597105
-824.5590647
-824.5547415
-824.5526956
-824.5507785
-824.5494538
-824.5446445
-824.5433644
-824.5391265
-824.5385777
-824.5304731
-824.5264484
-824.5231981
-824.5181802
-824.5179889
-824.5088252
-824.5035243
-824.50233
-824.4873665
-824.4864824
-824.4860877
-824.4844555
-824.4812182
-824.4811465
-824.4791536
-824.4741471
-824.4725724
-824.4724639
-824.471353
-824.4701653
-824.4666641
-824.4664144
-824.4650373
-824.4644742
-824.4626546
-824.462305
-824.4608895
-824.4579664
-824.4568253
-824.456622
-824.4521934
-824.4515266
-824.4504512
-824.450278
-824.4494558
-824.4435433
-824.4329915
-824.4328603
-824.431215
-824.4281984
-824.4259339
-824.4235016
-824.4233883
-824.4231263
-824.418447
-824.4140839
-824.405694
-824.405113
-824.4042184
-824.4034821
-824.4032822
-824.394023
-824.3924714
-824.3864826
-824.3848598
-824.3827137
-824.3823146
-824.3784779
-824.3752148
-824.3745906
-824.3702063
-824.369697
-824.3533773
-824.3491317
-824.3483494
-824.3481323
-824.3435015
-824.3398106
-824.334742
-824.3337456
-824.3232506
-824.3208929
-824.3166662
-824.3158778
-824.3155013
-824.3136146
-824.302265
-824.2988387
-824.2980333
-824.2979939
-824.2955677
-824.2911111
-824.2781463
-824.2727756
-824.2640065
-824.2584449
-824.2581657
-824.2578114
-824.2549718
-824.2493131
-824.2461548
-824.243628
-824.2423905
-824.2376693
-824.2350776
-824.2343593
-824.226479
-824.2255973
-824.2242287
-824.2219393
-824.2177729
-824.2163796
-824.2140777
-824.2111431
-824.2106329
-824.2104396
-824.2087987
-824.2062856
-824.204109
-824.2018419
-824.1965031
-824.1897929
-824.1885218
-824.1695255
-824.168675
-824.1685757
-824.1684857
-824.1660172
-824.1608923
-824.1548233
-824.1534508
-824.1488663
-824.1423691
-824.1401095
-824.1372606
-824.1354977
-824.1344085
-824.1341185
-824.1337377
-824.127458
-824.1229535
-824.1225832
-824.1189669
-824.1159673
-824.1137804
-824.1084079
-824.0989735
-824.0989413
-824.0987956
-824.0922742
-824.0922702
-824.090718
-824.0888412
-824.0864988
-824.0864482
-824.0789879
-824.0701221
-824.0690754
-824.0656747
-824.0613743
-824.056878
-824.0565085
-824.0437319
-824.042561
-824.0422285
-824.0390116
-824.0336039
-824.0321065
-824.0304016
-824.0280613
-824.0279586
-824.0248214
-824.0240365
-824.0207566
-824.0184328
-824.0112731
-824.0062533
-824.0036094
-824.0025526
-824.0008651
-823.9977311
-823.9946203
-823.9931109
-823.9919428
-823.986098
-823.9783968
-823.9654607
-823.9643458
-823.9617091
-823.9614113
-823.9600206
-823.9578343
-823.9545666
-823.9479534
-823.9474796
-823.9419608
-823.9375105
-823.9359622
-823.9289092
-823.9286142
-823.9285856
-823.9258809
-823.9213321
-823.914166
-823.9068634
-823.904086
-823.8999875
-823.8978571
-823.8963647
-823.8940962
-823.8909668
-823.8896443
-823.8859624
-823.8857204
-823.8841327
-823.8822185
-823.8816641
-823.8789974
-823.8720227
-823.8669574
-823.8611763
-823.8507899
-823.841162
-823.8404334
-823.827111
-823.8262067
-823.8253679
-823.822739
-823.8196086
-823.8160718
-823.8142403
-823.8093917
-823.8093193
-823.8076739
-823.7946058
-823.7931328
-823.7873788
-823.785941
-823.7824044
-823.7659103
-823.7558139
-823.743071
-823.7361287
-823.7327025
-823.7288153
-823.7156533
-823.7140018
-823.7139774
-823.711916
-823.7113534
-823.7105406
-823.7063819
-823.70387
-823.703587
-823.7022647
-823.7019354
-823.7011042
-823.6987599
-823.6976324
-823.6974079
-823.6949809
-823.6947754
-823.68725
-823.687014
-823.68491
-823.6813541
-823.6802697
-823.6794849
-823.679305
-823.6784552
-823.6773231
-823.6702248
-823.6673247
-823.6589239
-823.6473632
-823.6378867
-823.6233753
-823.6116526
-823.6086267
-823.6052326
-823.6005355
-823.5982283
-823.595109
-823.593655
-823.5922689
-823.5854325
-823.5829743
-823.5817792
-823.5755471
-823.5725555
-823.5711577
-823.5706048
-823.5563133
-823.5492523
-823.5457495
-823.5442834
-823.5424103
-823.5406451
-823.5178758
-823.5044926
-823.493144
-823.4860346
-823.4811681
-823.4730327
-823.4722047
-823.4644142
-823.4576809
-823.4503956
-823.4481128
-823.4480456
-823.44516
-823.4212487
-823.4171498
-823.4087199
-823.4043324
-823.4033952
-823.3951187
-823.3849564
-823.3689813
-823.3683742
-823.3617113
-823.3491816
-823.3433464
-823.340758
-823.3385523
-823.3227802
-823.2744833
-823.261352
-823.2574209
-823.2565347
-823.2471704
-823.2444266
-823.2435223
-823.2329462
-823.2294409
-823.2127925
-823.2121136
-823.2061368
-823.2033019
-823.1873367
-823.180416
-823.1635235
-823.1632788
-823.1632171
-823.1521071
-823.1361312
-823.1318858
-823.1293339
-823.1274888
-823.1239895
-823.1143307
-823.1045843
-823.0967826
-823.0951189
-823.0943534
-823.0832002
-823.0807874
-823.079279
-823.0643023
-823.0611284
-823.0609081
-823.0576402
-823.057269
-823.0501638
-823.0465711
-823.0366761
-823.0090637
-823.004073
-822.9833995
-822.9754492
-822.9739938
-822.9716273
-822.9440728
-822.9404913
-822.9295241
-822.891693
-822.8896544
-822.8747242
-822.8555663
-822.8522848
-822.8449828
-822.8366654
-822.8360687
-822.8314221
-822.8257915
-822.8100668
-822.8084327
-822.7893206
-822.7612344
-822.7579623
-822.7380961
-822.7368272
-822.7344861
-822.7193021
-822.7146432
-822.7142728
-822.7119139
-822.7077288
-822.6949323
-822.6860453
-822.6472704
-822.6333441
-822.6280886
-822.6234668
-822.6137737
-822.5983704
-822.58898
-822.5617934
-822.5531726
-822.5307383
-822.521659
-822.514377
-822.4881098
-822.4810027
-822.4493835
-822.4472582
-822.4347937
-822.4176471
-822.4139453
-822.3985027
-822.3963128
-822.3842204
-822.3555307
-822.3512641
-822.3118354
-822.3008582
-822.2943895
-822.2839741
-822.2613926
-822.2500762
-822.2158007
-822.1927659
-822.1493836
-822.1306435
-822.0881018
-822.0406641
-821.958065
-821.9530316
-821.9280634
-821.8902791
-821.8769955
-821.8085831
-821.7348198
-821.6656321
-821.6459053
-821.5781246
-821.565659
-821.4296453
-821.3479423
-821.3407924
-821.2207288
-820.9799578
-820.573988
-820.4498155
-819.6824906
