-953.9861707
-953.7118016
-953.3974128
-953.3960313
-953.2172441
-952.781947
-952.7163734
-952.710756
-952.5793531
-952.3343888
-952.2689128
-952.1653593
-951.7982636
-951.6672341
-951.5900609
-950.8631011
-950.5600802
-950.316042
-950.2412748
-950.1455648
-950.0573976
-949.8501965
-949.8086882
-949.7042998
-948.631423
-948.4974275
-948.3686134
-948.059661
-947.9631575
-947.8441733
-947.7455419
-947.7218147
-947.6689995
-947.6376487
-946.9706881
-946.8146461
-946.4294701
-945.832191
-945.3298166
-945.2628072
-945.1378276
-945.1285484
-944.8647741
-944.7996789
-944.7635789
-944.7616542
-944.7383007
-944.6321409
-944.5045094
-944.105195
-944.0940956
-943.9033688
-943.6244882
-943.4329537
-943.3899443
-942.9689647
-942.9398187
-942.4643794
-942.4600084
-942.2741142
-942.0717556
-941.9839721
-941.9387699
-941.8496153
-941.5636783
-941.5005605
-941.1968512
-941.1213458
-941.0246576
-940.8829065
-940.8318627
-940.4598349
-940.404406
-940.3493447
-940.3444543
-940.2318287
-940.2123312
-940.0568405
-940.0475153
-939.8926121
-939.6581207
-939.4758853
-939.3904216
-939.137515
-939.13612
-939.0140191
-938.7319017
-938.6488212
-938.4366432
-938.1612605
-938.1292725
-937.9736845
-937.8709212
-937.5351781
-937.1648741
-936.9724665
-936.6725484
-936.535149
-936.1262817
-936.0049507
-935.7270463
-935.5771295
-935.2951239
-935.1430532
-935.0573699
-934.7928286
-934.6857047
-934.4997632
-934.4477226
-934.3772891
-934.2303943
-933.6175815
-933.3492733
-932.9780366
-932.853688
-932.8323503
-932.8117663
-932.7678859
-932.6904984
-932.605762
-932.3215564
-932.3060666
-931.9102043
-931.6586975
-931.563056
-931.3101747
-931.1240056
-931.0889818
-931.0116077
-930.4199148
-930.3742108
-930.1482142
-929.4960787
-929.4119876
-928.9602772
-928.8027919
-928.6772276
-928.5898639
-928.1755862
-927.9707509
-927.9553199
-927.3989225
-927.2630779
-927.0599138
-927.0306374
-926.9539228
-926.9048778
-926.7794789
-926.7319688
-926.1421673
-925.8478219
-925.5201285
-925.3400147
-925.10929
-924.81681
-924.7005718
-924.7002895
-924.2051207
-923.9208734
-923.3907975
-923.0919279
-922.9537484
-922.8937692
-922.7371475
-922.5709138
-922.4974732
-922.202327
-921.9646507
-921.878953
-921.8602514
-921.8306498
-921.7008742
-921.4774927
-921.1658336
-920.6819278
-919.9073026
-919.8126146
-919.8048163
-919.7317121
-919.5267178
-919.4976466
-919.401271
-919.2698552
-919.0563747
-918.9432284
-918.8733054
-918.7554702
-918.3296316
-918.2160696
-918.1962288
-917.6516587
-917.4523512
-917.4290917
-916.4315191
-916.3824994
-915.8514398
-915.8004035
-915.749287
-915.5936807
-915.5929819
-915.3839863
-915.3732984
-915.2768099
-915.1029476
-914.8702345
-914.6013908
-914.5266907
-914.4835121
-913.5747289
-912.9672251
-912.7769969
-912.6006706
-912.3033554
-912.2892225
-912.2723157
-912.1694946
-912.1514603
-912.039994
-912.0113039
-911.9423289
-911.6225786
-911.4872696
-910.9762217
-910.8224676
-910.7973427
-910.7628839
-910.758974
-910.7183596
-910.3856207
-910.3575077
-910.280974
-910.2554603
-910.0564924
-909.8025274
-909.634407
-909.6260116
-909.4202353
-909.0609701
-908.6848732
-908.6728279
-908.6128171
-908.5836258
-908.3095121
-908.2638016
-908.2346698
-908.1883933
-908.1162746
-908.0486231
-907.6663777
-907.6095473
-907.596085
-907.2475485
-907.1395385
-906.8357421
-906.6708861
-906.5570751
-906.3205406
-906.1903554
-905.8893101
-905.7780149
-905.7251531
-905.4485117
-905.2892164
-905.1201734
-904.9534438
-904.6491981
-904.6107844
-904.3406165
-904.2457037
-904.1834
-903.8511218
-903.5145017
-903.4872784
-903.1528206
-902.8225129
-902.4716031
-902.1495924
-902.04431
-901.8197063
-901.7245248
-901.6836468
-901.4962599
-901.4881111
-901.396986
-901.230726
-901.1073468
-900.7045337
-900.6721538
-900.5369934
-900.4146696
-900.2465521
-900.2008655
-900.1824369
-900.0827404
-899.8087333
-899.7873316
-899.7615094
-899.6454883
-899.5086468
-899.4774842
-899.3443726
-898.8185527
-898.610356
-898.5829953
-898.4616101
-898.227111
-897.950205
-897.8703213
-897.8535183
-897.7928057
-897.4636411
-897.2837511
-897.2659954
-896.9047708
-896.9004169
-896.7862041
-896.2154403
-896.1521283
-895.6906172
-895.2333573
-895.0521261
-894.9265094
-894.8796705
-894.789996
-894.7609501
-894.6390758
-894.2379887
-893.8973807
-893.469211
-893.3830986
-893.0849076
-892.9515991
-892.6851599
-892.5922743
-892.4478815
-892.0475688
-892.0429764
-891.7138246
-891.2829957
-891.1079294
-891.0993074
-890.4758958
-890.4194783
-890.0899235
-890.0740533
-889.9296122
-889.9200132
-889.9064224
-889.7882399
-889.7120743
-889.6485834
-889.555672
-889.401045
-889.2425074
-888.5095401
-888.0864129
-887.6524688
-887.5426999
-887.5310661
-887.4014126
-887.2351335
-887.1628496
-887.0323548
-887.0182075
-886.5843338
-886.5028204
-886.3299527
-886.2617305
-885.7011245
-885.583357
-885.5583338
-885.541938
-885.2748135
-885.0102448
-884.9986657
-884.6443469
-884.5367341
-884.0821413
-884.0478219
-883.6444698
-883.2786088
-883.1229499
-882.7933734
-882.6006373
-882.2487821
-881.8562932
-881.6440591
-881.3851785
-881.3752908
-881.3667714
-881.2866025
-881.2236326
-881.0894631
-880.9985132
-880.9216105
-880.8590821
-880.8394829
-880.8157867
-880.5436166
-880.4718795
-880.2141731
-879.641511
-879.279276
-878.4324341
-878.2254322
-878.2247448
-878.0924668
-877.9269654
-877.9104701
-877.7164271
-877.6444749
-877.323519
-877.2615977
-877.0299836
-876.8750968
-876.7983051
-876.239488
-876.0305427
-875.5544701
-873.8536195
-873.2778804
-872.9717543
-872.2976398
-872.0978219
-871.5318191
-871.4572363
-871.0594318
-870.8850609
-870.6982526
-870.6850096
-870.2825593
-870.2473857
-870.1471822
-870.0316416
-870.01449
-869.9276014
-869.785784
-869.7769804
-869.7573135
-869.6847482
-868.6127402
-868.54009
-867.5232597
-867.324574
-866.7953295
-865.7578764
-865.6792262
-865.4718294
-864.9649631
-864.6277143
-863.6530502
-862.8398773
-861.9300315
-861.9253044
-861.5188871
-861.2836508
-861.0033772
-860.8769594
-859.9922774
-859.6241741
-858.3854072
-858.3187214
-858.261499
-857.9463437
-857.8680742
-857.703141
-857.5367391
-857.4221872
-856.7946672
-855.8414826
-854.5560501
-854.533664
-854.0278818
-852.78232
-852.6658844
-851.944246
-851.8892608
-851.4713882
-850.7238989
-850.1273473
-849.5490126
-848.8822917
-847.264741
-846.9223798
-846.6583999
-845.912264
-845.673319
-844.7107905
-843.1700772
-843.0578025
-842.9782988
-842.1752199
-841.8821891
-841.296779
-840.8216335
-839.3024744
-839.1518804
-836.3615739
-831.7195371
-830.6565648
