-878.4867927
-878.4742623
-878.4324341
-878.3001589
-878.2975431
-878.261401
-878.258648
-878.2254322
-878.2247448
-878.194538
-878.1877122
-878.1665271
-878.1607527
-878.1422873
-878.1025336
-878.0924668
-877.9564133
-877.9269654
-877.9229633
-877.9104701
-877.8677429
-877.8183298
-877.8133778
-877.793718
-877.7703999
-877.7588869
-877.7492634
-877.7480427
-877.7294252
-877.7164271
-877.6444749
-877.6045723
-877.512765
-877.5000485
-877.4216243
-877.3419672
-877.323519
-877.2981328
-877.2869857
-877.2615977
-877.2450906
-877.1724809
-877.1377698
-877.0299836
-876.9678935
-876.952197
-876.9490838
-876.9446608
-876.8750968
-876.8597906
-876.8224117
-876.7983051
-876.5262325
-876.511697
-876.4873281
-876.4523431
-876.4028391
-876.239488
-876.214192
-876.190654
-876.1415283
-876.0973076
-876.0864096
-876.0305427
-876.0137061
-875.9255316
-875.8388962
-875.8302368
-875.757016
-875.7382523
-875.6645289
-875.5972138
-875.5913379
-875.5544701
-875.4651696
-875.2958196
-875.1079839
-875.0471164
-875.0157409
-874.9492447
-874.7205904
-874.7141508
-874.5450409
-874.5007968
-874.4908097
-874.4857258
-874.3966185
-874.317812
-874.3065074
-874.2931172
-874.2871685
-874.2839351
-874.272549
-873.9848446
-873.8536195
-873.8290891
-873.8076492
-873.7745529
-873.6118266
-873.5054352
-873.4550552
-873.3447284
-873.2833656
-873.2824927
-873.2778804
-873.1715742
-873.1543696
-873.1046802
-873.1020843
-873.0831294
-873.0452858
-872.9717543
-872.9392356
-872.9192566
-872.7305773
-872.7011689
-872.6375475
-872.6116486
-872.6041615
-872.4981988
-872.3450401
-872.2976398
-872.1916508
-872.1687804
-872.0978219
-872.0674909
-871.9971176
-871.6896598
-871.6866649
-871.6318561
-871.5318191
-871.5092604
-871.4572363
-871.3607385
-871.3603901
-871.3175264
-871.2300744
-871.1901567
-871.1073956
-871.0594318
-871.0349042
-870.9137113
-870.8965379
-870.8850609
-870.8625972
-870.7633584
-870.7601432
-870.6982526
-870.6850096
-870.6712844
-870.6006935
-870.5910573
-870.459082
-870.2967642
-870.2825593
-870.2473857
-870.2146482
-870.1471822
-870.1317435
-870.1232924
-870.1011625
-870.0432918
-870.0316416
-870.01449
-869.9506939
-869.9440771
-869.9276014
-869.8958369
-869.8593221
-869.8241229
-869.8041474
-869.785784
-869.7769804
-869.7573135
-869.7312446
-869.6847482
-869.6230821
-869.5859132
-869.3992755
-869.3489067
-869.1695492
-869.132505
-869.1273493
-869.0897322
-868.9689788
-868.8951294
-868.8638091
-868.8413156
-868.7074228
-868.6703494
-868.6127402
-868.54009
-868.5377721
-868.2770791
-868.2386827
-868.2384447
-868.1014979
-868.0430385
-867.9748599
-867.9614859
-867.9124504
-867.8990513
-867.8639099
-867.842338
-867.8368524
-867.7943206
-867.7741641
-867.7527861
-867.7518043
-867.6965395
-867.6935473
-867.6644692
-867.5833882
-867.5316584
-867.5232597
-867.3380823
-867.324574
-867.3096627
-867.1508466
-867.144415
-867.1422612
-867.0643404
-866.9308691
-866.9176259
-866.8739299
-866.7953295
-866.6997555
-866.6867452
-866.6423998
-866.4824518
-866.3276055
-866.3167011
-866.1169633
-866.056049
-866.0157486
-865.8907472
-865.7984849
-865.7578764
-865.7009742
-865.6792262
-865.658933
-865.6132273
-865.6030409
-865.5151192
-865.4718294
-865.4665648
-865.4207366
-865.3927634
-865.216125
-865.2011753
-865.1321652
-865.1030368
-865.0292334
-864.9649631
-864.9642724
-864.8057913
-864.7826576
-864.7212483
-864.6758241
-864.6277143
-864.6028925
-864.3672105
-864.3359711
-864.1925843
-864.0788583
-864.0345049
-864.0282806
-864.0174623
-863.9717822
-863.9120076
-863.8866961
-863.872458
-863.8122401
-863.7399454
-863.6530502
-863.5984695
-863.5638614
-863.2968737
-863.2611062
-863.2587078
-863.2398059
-863.2198095
-863.1126712
-863.0669971
-862.9612447
-862.9390843
-862.8897696
-862.8398773
-862.6822019
-862.5712923
-862.445711
-862.377165
-862.3460416
-862.3276546
-862.2603909
-862.210464
-862.0123897
-861.9300315
-861.9253044
-861.8882829
-861.8583015
-861.8152626
-861.6576029
-861.5188871
-861.5141961
-861.3895694
-861.3795195
-861.3029069
-861.2836508
-861.0033772
-860.9026875
-860.8869134
-860.8769594
-860.8568646
-860.8215232
-860.7062838
-860.649338
-860.4696675
-860.4533628
-860.4515367
-860.3399959
-860.296939
-860.2684232
-860.2251464
-859.9922774
-859.7476231
-859.7179559
-859.6612259
-859.6241741
-859.5807366
-859.5729693
-859.479834
-859.371482
-859.3081375
-859.2935699
-859.237315
-859.1398955
-859.068766
-858.9488345
-858.9126437
-858.8051372
-858.7468753
-858.5667847
-858.4662135
-858.3854072
-858.3724883
-858.3187214
-858.261499
-858.160054
-858.1500278
-858.0997289
-858.0418287
-857.9463437
-857.9261632
-857.8680742
-857.7539979
-857.703141
-857.6958339
-857.5385354
-857.5367391
-857.4962666
-857.4603771
-857.4341634
-857.4221872
-857.2194016
-857.2080516
-857.1725731
-857.1366721
-857.0871725
-857.0299869
-856.9358739
-856.7946672
-856.4224634
-856.2620683
-856.2481813
-856.2195628
-855.9932939
-855.9914229
-855.8514873
-855.8499273
-855.8437058
-855.8414826
-855.7844579
-855.3571218
-855.0493707
-854.7804283
-854.7469079
-854.595291
-854.5767647
-854.5560501
-854.533664
-854.5013047
-854.4179061
-854.0278818
-853.9387271
-853.7700947
-853.6491743
-853.6426597
-853.4030588
-853.2652132
-853.1739763
-853.0863218
-853.073018
-853.0404467
-852.9534646
-852.9009677
-852.78232
-852.6658844
-852.3730549
-852.329485
-852.2403284
-852.0735125
-851.944246
-851.8892608
-851.8637997
-851.8429043
-851.8208197
-851.7529361
-851.4713882
-851.3861568
-851.2349088
-851.0804785
-851.0311337
-850.9730721
-850.9438042
-850.8963766
-850.7513675
-850.7238989
-850.6528346
-850.6341406
-850.6087262
-850.3589942
-850.2252807
-850.1273473
-849.6991706
-849.5490126
-848.918222
-848.8822917
-848.8364891
-848.6826526
-848.6147172
-848.4303123
-848.2777702
-848.2672082
-848.1630052
-847.9680586
-847.4810918
-847.264741
-847.0963296
-846.9223798
-846.7706962
-846.7376407
-846.6583999
-846.0389434
-845.912264
-845.673319
-845.2803717
-844.8064411
-844.7107905
-844.6650257
-844.3561385
-844.3233072
-844.0203885
-843.9933843
-843.5186327
-843.1700772
-843.0578025
-842.9782988
-842.969252
-842.8000021
-842.6735701
-842.5897016
-842.1752199
-841.8821891
-841.7994714
-841.6798042
-841.5432234
-841.296779
-841.1593794
-840.9365742
-840.8216335
-840.7283433
-840.639824
-839.3024744
-839.1518804
-839.0494778
-838.8930848
-837.5925833
-837.1485999
-836.9673995
-836.6958321
-836.5920218
-836.3615739
-836.2561026
-832.5890728
-831.7195371
-830.6565648
-830.0661922
-828.2838763
-827.8740251
