2.4124 
2.50667 
2.50374 
0.669369 
2.44529 
2.25248 
2.44438 
0.706399 
2.34397 
0.667787 
0.669522 
2.3537 
2.23558 
0.657786 
2.22092 
2.18361 
2.16293 
0.680495 
0.682461 
0.649965 
0.656868 
0.721038 
0.72579 
0.681834 
2.03595 
0.696179 
0.769961 
0.729655 
2.07258 
0.776034 
0.646123 
0.696423 
0.758428 
2.22839 
0.7191 
2.00023 
1.87748 
0.729732 
0.865898 
0.772263 
0.817623 
0.778294 
1.72423 
2.00189 
0.848084 
0.97893 
1.81099 
1.68031 
1.79287 
0.741006 
0.778781 
0.86616 
0.934146 
1.91162 
1.80821 
1.87618 
0.983953 
1.66971 
0.915269 
1.0618 
1.87491 
1.78478 
1.78922 
0.881763 
0.727396 
1.69782 
1.66812 
0.81711 
1.06994 
1.73304 
1.80139 
1.6852 
1.0063 
1.11029 
0.974948 
1.5713 
0.948859 
1.15533 
1.72593 
1.57796 
1.7915 
1.7608 
0.967629 
1.04755 
0.838675 
0.955012 
1.0495 
1.80517 
0.928895 
1.01734 
1.55034 
0.96535 
1.71357 
0.973802 
1.02013 
0.971012 
1.08023 
0.8049 
1.22475 
1.08006 
1.36199 
1.4143 
1.31749 
1.63247 
1.40807 
1.74937 
0.975799 
1.93969 
0.899898 
1.28525 
1.47541 
1.0687 
0.840686 
1.07875 
1.03256 
1.1679 
0.938227 
1.06719 
1.43846 
1.30427 
1.63289 
1.35852 
1.06106 
1.12378 
1.42681 
1.15197 
1.01298 
1.06934 
1.20966 
1.3268 
1.44043 
1.21269 
1.54985 
1.49833 
1.25318 
1.02532 
0.962233 
1.02067 
1.59049 
1.49568 
1.03085 
0.979316 
1.19682 
1.25267 
1.07479 
0.97646 
1.30113 
0.896901 
1.06285 
1.41218 
1.11375 
1.51187 
1.64166 
1.1222 
1.17085 
1.25726 
1.11443 
1.08521 
1.32205 
1.2763 
1.35379 
1.11974 
1.52125 
1.13087 
1.1648 
1.09934 
1.23915 
1.64331 
1.54267 
1.49681 
1.17774 
1.58567 
1.08973 
1.06721 
1.3394 
1.05295 
1.23481 
1.40756 
1.12549 
1.18105 
1.44489 
1.16825 
1.14579 
1.04952 
1.27588 
1.22261 
1.20254 
0.984674 
1.47184 
1.433 
1.22131 
1.447 
1.26952 
1.732 
1.191 
1.29485 
1.14608 
1.26014 
1.46244 
1.41197 
1.30713 
1.43633 
1.52586 
1.40728 
0.937378 
1.01659 
1.23066 
1.13853 
1.26505 
1.1299 
1.52356 
1.5472 
1.22896 
1.03805 
1.19748 
1.13821 
1.39892 
1.25287 
1.36286 
1.33495 
1.19705 
1.2109 
1.28551 
1.29131 
1.30171 
1.47407 
1.07363 
1.40886 
0.976148 
1.31886 
1.3325 
1.13512 
1.06776 
1.43366 
1.08604 
1.47309 
1.35704 
1.43134 
1.30614 
1.20593 
1.2641 
1.23514 
1.28814 
1.04177 
1.22718 
1.53166 
1.37204 
1.52 
1.08559 
1.13946 
1.47829 
1.30643 
1.34985 
1.1268 
1.31927 
1.09599 
1.17573 
1.11936 
1.5431 
1.32825 
1.46797 
1.02929 
1.13126 
1.63799 
1.40499 
1.04929 
1.22662 
1.33772 
1.38142 
1.31273 
1.04839 
1.37548 
1.12714 
1.33503 
1.10033 
1.37732 
1.28814 
1.42463 
1.38485 
1.37032 
1.47256 
1.18797 
1.25303 
1.3098 
1.17077 
1.20691 
1.23553 
1.3835 
1.20387 
1.43984 
1.49946 
1.25418 
1.23872 
1.07576 
1.23942 
1.18888 
1.18908 
1.47791 
1.16749 
1.23256 
1.33747 
1.58799 
1.29687 
1.27828 
1.3675 
1.31425 
1.14892 
1.38232 
1.41956 
1.4027 
1.31688 
1.27483 
1.30517 
1.27123 
1.16378 
1.57755 
1.26199 
1.25475 
1.3498 
1.59195 
