-53.9865375
-53.98628117
-53.98602182
-53.9856369
-53.98529816
-53.98495855
-53.98424236
-53.98298896
-53.98263454
-53.98259071
-53.98237437
-53.98048201
-53.98015953
-53.97939412
-53.97874328
-53.97870158
-53.97792181
-53.97784608
-53.97769892
-53.97739348
-53.97674021
-53.97657822
-53.97595828
-53.97534989
-53.97435377
-53.97375142
-53.97316631
-53.97311232
-53.97223289
-53.97135405
-53.97081282
-53.97057263
-53.97050224
-53.97038553
-53.97029801
-53.97023863
-53.9675816
-53.96744786
-53.9671289
-53.96677205
-53.96661833
-53.96590906
-53.9657264
-53.96354489
-53.96350458
-53.96324858
-53.96300689
-53.96290057
-53.95959339
-53.95842051
-53.95821812
-53.95799059
-53.95796326
-53.95729568
-53.95640299
-53.95572986
-53.95540492
-53.95538889
-53.95530315
-53.95485795
-53.95399637
-53.95307042
-53.95268099
-53.94776445
-53.94753868
-53.94704756
-53.9454731
-53.94518068
-53.94504695
-53.94473679
-53.94360943
-53.94307994
-53.94213529
-53.94091297
-53.93936759
-53.93870515
-53.93844083
-53.93762714
-53.93676907
-53.93630496
-53.9353626
-53.93369989
-53.93355983
-53.93352987
-53.93331552
-53.93230033
-53.93057768
-53.93054445
-53.93052204
-53.92965017
-53.92934039
-53.92865003
-53.92713442
-53.92666788
-53.92571402
-53.92523033
-53.9245983
-53.92430763
-53.92377046
-53.92237302
-53.92177155
-53.92169777
-53.92135546
-53.9207555
-53.92069403
-53.92000372
-53.91909292
-53.91839488
-53.91827072
-53.91826938
-53.91756213
-53.91635725
-53.91600275
-53.9158114
-53.91578058
-53.91499516
-53.91414599
-53.91310076
-53.91288805
-53.91240129
-53.9123347
-53.9109591
-53.90941137
-53.90750817
-53.90713196
-53.90708327
-53.90703098
-53.90585087
-53.90579858
-53.90537582
-53.90367146
-53.90303223
-53.9027018
-53.90236842
-53.89979456
-53.89852058
-53.89828649
-53.89705752
-53.89592025
-53.89545664
-53.89543821
-53.89409717
-53.89351065
-53.89338618
-53.89214591
-53.89198917
-53.89186298
-53.89093526
-53.89064049
-53.88864881
-53.88836303
-53.88831697
-53.88804077
-53.88785584
-53.88775025
-53.88728587
-53.88696555
-53.88594334
-53.88574009
-53.88427701
-53.88388835
-53.88278606
-53.88219581
-53.88139802
-53.87998567
-53.87903721
-53.87695747
-53.87648365
-53.87634214
-53.87457425
-53.87390825
-53.8736881
-53.87366429
-53.87352013
-53.87339109
-53.87317327
-53.87288842
-53.87237024
-53.87188518
-53.87051834
-53.87009333
-53.86953492
-53.8692928
-53.86808147
-53.86779902
-53.86704685
-53.86683651
-53.8651779
-53.86514373
-53.86426114
-53.86270069
-53.86269539
-53.86247754
-53.86176298
-53.86175017
-53.86122916
-53.8604636
-53.8601296
-53.85959979
-53.8593195
-53.85929942
-53.85923313
-53.85894822
-53.85874152
-53.85858331
-53.8579345
-53.857685
-53.85652845
-53.85628728
-53.85403368
-53.85402518
-53.85343592
-53.85339015
-53.8519979
-53.85120065
-53.84961311
-53.84930925
-53.84845459
-53.84657991
-53.84634621
-53.84610942
-53.84605271
-53.8456679
-53.8455617
-53.84477984
-53.84331514
-53.84278644
-53.84197039
-53.84193808
-53.84127431
-53.84121469
-53.84061949
-53.84045753
-53.83990925
-53.83836568
-53.83798065
-53.83765719
-53.83745586
-53.83733233
-53.83704256
-53.83654046
-53.83624778
-53.83517707
-53.83497741
-53.8347473
-53.83463007
-53.83275248
-53.8325931
-53.83242921
-53.83183855
-53.8308259
-53.83077307
-53.83020166
-53.8287912
-53.82714948
-53.8262321
-53.82567144
-53.82560128
-53.82544245
-53.82494134
-53.8243018
-53.82375225
-53.82362783
-53.82180525
-53.82026013
-53.8198211
-53.81831516
-53.81703675
-53.81668702
-53.81614029
-53.81601276
-53.81337112
-53.81277091
-53.81223733
-53.81144993
-53.81113005
-53.81068716
-53.81037776
-53.81029785
-53.8101856
-53.80725009
-53.80525141
-53.8052052
-53.79954615
-53.79837951
-53.79823375
-53.79813136
-53.79806493
-53.79740817
-53.79603123
-53.79597736
-53.79580272
-53.79514568
-53.7951348
-53.79505312
-53.79456032
-53.7941167
-53.7927556
-53.79233333
-53.78994377
-53.78878273
-53.78874748
-53.78870283
-53.78814201
-53.78742239
-53.78468351
-53.78445098
-53.7831566
-53.78256917
-53.78248796
-53.78204406
-53.78073205
-53.78009442
-53.77972825
-53.77803338
-53.77593651
-53.77466093
-53.77418803
-53.7733849
-53.77305488
-53.77216403
-53.77089637
-53.77062666
-53.76962942
-53.76949345
-53.76806752
-53.76801245
-53.76750853
-53.76741382
-53.76548678
-53.76494321
-53.76486016
-53.764343
-53.76430168
-53.76236691
-53.76097299
-53.75977846
-53.75914934
-53.75903123
-53.75891986
-53.75664727
-53.75557955
-53.75529413
-53.75483895
-53.75480336
-53.75421138
-53.7541914
-53.75407585
-53.75298503
-53.75292597
-53.75187572
-53.75064347
-53.75045817
-53.75043508
-53.75024464
-53.74997637
-53.7499357
-53.74985444
-53.74959259
-53.74844556
-53.74723607
-53.74609617
-53.74573974
-53.74446377
-53.74364943
-53.74352222
-53.74330109
-53.74177161
-53.74074531
-53.73969906
-53.73960659
-53.73918079
-53.73873032
-53.73790559
-53.73728214
-53.73689167
-53.73415896
-53.73245614
-53.73066397
-53.73061319
-53.72956763
-53.72715093
-53.72598861
-53.72557382
-53.72327832
-53.72232829
-53.7208698
-53.71942387
-53.719141
-53.71773667
-53.717568
-53.71733532
-53.71594936
-53.71464288
-53.71437823
-53.71342031
-53.71329109
-53.71235593
-53.71230299
-53.71073286
-53.71054782
-53.70970391
-53.70800494
-53.70742762
-53.70696452
-53.70536263
-53.70443097
-53.70430987
-53.70425246
-53.70401237
-53.70343899
-53.70253155
-53.7021826
-53.70138731
-53.70138609
-53.70090357
-53.69863272
-53.69790319
-53.69724402
-53.69712961
-53.69650897
-53.6956736
-53.69562623
-53.69535138
-53.69514945
-53.6932965
-53.69311634
-53.6883417
-53.6869999
-53.68696901
-53.68685755
-53.68624582
-53.68587801
-53.68584782
-53.68580669
-53.68467623
-53.68440748
-53.68235836
-53.67892242
-53.67888869
-53.67825578
-53.67771903
-53.67632102
-53.67401674
-53.67377492
-53.67254539
-53.67225815
-53.67122566
-53.67043922
-53.67036267
-53.67013453
-53.67006585
-53.66929515
-53.6687876
-53.66866444
-53.66855017
-53.66824925
-53.66675558
-53.66615582
-53.66614391
-53.66406012
-53.66283591
-53.66259645
-53.65911288
-53.65733386
-53.6568045
-53.65626489
-53.65515233
-53.6522652
-53.65054707
-53.64960539
-53.64954889
-53.64874498
-53.64584259
-53.64563763
-53.64503608
-53.64486783
-53.64269913
-53.64253527
-53.63957099
-53.63914647
-53.63828679
-53.6371303
-53.63708858
-53.63163711
-53.63125543
-53.63006147
-53.62982987
-53.6296118
-53.62879034
-53.62804459
-53.6269516
-53.62677176
-53.62646673
-53.62631034
-53.62542656
-53.62351838
-53.6223925
-53.62212295
-53.62211922
-53.62203163
-53.619741
-53.61915251
-53.61650283
-53.61588488
-53.61325907
-53.61192585
-53.6112544
-53.61101469
-53.61090448
-53.60957647
-53.60945719
-53.60941809
-53.60712357
-53.60603003
-53.60437924
-53.60401418
-53.60374057
-53.60327045
-53.60284489
-53.60026609
-53.60026384
-53.59925762
-53.59924464
-53.5984448
-53.5962113
-53.5949803
-53.59488536
-53.59476295
-53.59181047
-53.59143332
-53.59022178
-53.58732597
-53.58591708
-53.58582595
-53.58275872
-53.5814574
-53.58050939
-53.57876581
-53.57486126
-53.57396805
-53.57351202
-53.57255534
-53.5704915
-53.57018354
-53.56777953
-53.56683889
-53.56661018
-53.56459444
-53.56440779
-53.56414259
-53.56187471
-53.56105056
-53.56096152
-53.56029856
-53.55992685
-53.55774637
-53.55721083
-53.5571122
-53.55694126
-53.55690871
-53.55585616
-53.55532041
-53.55310695
-53.5526212
-53.55143133
-53.54815496
-53.54785815
-53.54632976
-53.54600188
-53.54494099
-53.54290753
-53.54125706
-53.54094593
-53.53921549
-53.53830432
-53.53749532
-53.53691096
-53.53687268
-53.5365516
-53.53632804
-53.53385628
-53.53141391
-53.53085109
-53.52976195
-53.52972415
-53.5283899
-53.52753111
-53.52752457
-53.52629281
-53.52554716
-53.52480696
-53.52453661
-53.52397183
-53.52277823
-53.52274481
-53.52107395
-53.5200819
-53.519269
-53.51816757
-53.51777318
-53.5171286
-53.51530651
-53.51455024
-53.51398521
-53.51212099
-53.51189921
-53.51150225
-53.51090402
-53.50869884
-53.5052883
-53.50496815
-53.5046337
-53.50331124
-53.50301837
-53.50234476
-53.4992644
-53.49904923
-53.49723651
-53.49629851
-53.49447218
-53.4937576
-53.49368786
-53.49234895
-53.49148257
-53.48967082
-53.48850776
-53.48734139
-53.48084463
-53.48071202
-53.48043143
-53.4796089
-53.47959352
-53.47888093
-53.47779061
-53.47532625
-53.47489487
-53.47375462
-53.47288253
-53.46790859
-53.46737627
-53.46289222
-53.4617097
-53.46126725
-53.45845611
-53.4517504
-53.45091213
-53.45049467
-53.45045997
-53.44681891
-53.44659722
-53.44552674
-53.44436893
-53.4421711
-53.44054073
-53.43981264
-53.4390632
-53.43546738
-53.43412773
-53.43159959
-53.43077521
-53.43063582
-53.43010327
-53.42977948
-53.42541997
-53.42410441
-53.42277561
-53.42263936
-53.42259674
-53.42137448
-53.4212454
-53.4202983
-53.41955801
-53.41632226
-53.41138028
-53.41135701
-53.40919683
-53.40842566
-53.40704629
-53.40411585
-53.39712912
-53.39705679
-53.39642269
-53.39638992
-53.39613693
-53.39424149
-53.39190834
-53.39080131
-53.38783923
-53.38640124
-53.38516787
-53.38395041
-53.38273936
-53.38272158
-53.38030118
-53.38011998
-53.37607867
-53.37598195
-53.37585136
-53.37390932
-53.36970299
-53.36793477
-53.36734874
-53.36696389
-53.36629575
-53.36558342
-53.36403729
-53.36249436
-53.36215946
-53.36038824
-53.35898525
-53.35776743
-53.35755256
-53.35567277
-53.35567272
-53.35006094
-53.34922292
-53.34867151
-53.34623901
-53.34497977
-53.33775414
-53.33729494
-53.33678262
-53.33497083
-53.33129375
-53.3298711
-53.32581151
-53.32346724
-53.32312881
-53.32170767
-53.32043722
-53.32018625
-53.32002945
-53.31788433
-53.31719355
-53.31697093
-53.31544757
-53.31505826
-53.31236749
-53.3118914
-53.30900133
-53.30536814
-53.30498629
-53.30418867
-53.30273245
-53.30015078
-53.29884316
-53.29734112
-53.29465251
-53.29375275
-53.29367976
-53.29324045
-53.29323963
-53.29302454
-53.2899469
-53.28702725
-53.28485319
-53.28409406
-53.28395921
-53.27788788
-53.27736384
-53.26798082
-53.26795723
-53.26123638
-53.25696307
-53.25590938
-53.25579561
-53.2553519
-53.25338982
-53.25163853
-53.25138985
-53.25074789
-53.24940946
-53.24726844
-53.24708227
-53.24453282
-53.24293434
-53.23716582
-53.23676247
-53.23669437
-53.23492566
-53.23290479
-53.22115846
-53.21923804
-53.21706353
-53.21548018
-53.2131446
-53.21235261
-53.20947502
-53.20928124
-53.20865848
-53.20537011
-53.19866926
-53.19652594
-53.19613379
-53.19117064
-53.190345
-53.18889172
-53.18769626
-53.18372143
-53.17983015
-53.17929786
-53.17569647
-53.17221052
-53.17200334
-53.16830865
-53.16812914
-53.16811607
-53.16367809
-53.15583813
-53.15375026
-53.15363134
-53.15225353
-53.14940715
-53.14839851
-53.14779569
-53.14541819
-53.14540049
-53.14362183
-53.14192507
-53.13820437
-53.13174479
-53.13130842
-53.13047886
-53.12750082
-53.1262683
-53.12382058
-53.120768
-53.1197099
-53.11809643
-53.11232267
-53.11191048
-53.10700498
-53.10263752
-53.10206075
-53.1001361
-53.0970309
-53.0935372
-53.09308891
-53.08575903
-53.08558064
-53.08524017
-53.0845478
-53.08442159
-53.08334244
-53.08066047
-53.07935205
-53.07927063
-53.07863985
-53.07393841
-53.07260249
-53.06723959
-53.06386368
-53.06194867
-53.06122753
-53.0479374
-53.04530749
-53.04277561
-53.04123871
-53.04052774
-53.03887313
-53.03836041
-53.03583749
-53.03512718
-53.02600236
-53.02394703
-53.02347898
-53.0225267
-53.02242868
-53.00886061
-53.00610985
-53.00309115
-53.00300876
-53.00285689
-52.99879532
-52.99806761
-52.99697492
-52.99691472
-52.99635427
-52.99624839
-52.98835019
-52.98645887
-52.98003186
-52.97134757
-52.96167274
-52.9593841
-52.95295935
-52.9482724
-52.9450384
-52.9426102
-52.94198496
-52.93998386
-52.92534075
-52.92306663
-52.92103143
-52.91654039
-52.91626117
-52.90773604
-52.89962302
-52.89945416
-52.89902245
-52.8967565
-52.88888496
-52.88688526
-52.88653955
-52.88496664
-52.86671099
-52.86643111
-52.8650484
-52.8413535
-52.83999416
-52.83819188
-52.82842869
-52.82660518
-52.82650292
-52.82152878
-52.81071792
-52.80595865
-52.80313928
-52.79784474
-52.79371739
-52.79357367
-52.78484988
-52.77640683
-52.76595173
-52.75240983
-52.7439802
-52.7434351
-52.73082595
-52.72537114
-52.72209388
-52.72131426
-52.70432259
-52.69956647
-52.69630932
-52.68227035
-52.6820471
-52.67785395
-52.67135807
-52.6637868
-52.66375707
-52.64771428
-52.63575606
-52.63391571
-52.62053688
-52.61180221
-52.61067657
-52.6086409
-52.60318367
-52.60252791
-52.59557227
-52.59430335
-52.59080027
-52.57785081
-52.56805301
-52.56261702
-52.55695938
-52.55592028
-52.54023989
-52.5281135
-52.50717183
-52.48605146
-52.48103541
-52.48088699
-52.47777892
-52.47336518
-52.45032632
-52.44776955
-52.4417958
-52.42549529
-52.42383166
-52.36685285
-52.36415946
-52.35534836
-52.35021009
-52.34404831
-52.33904982
-52.30789546
-52.29717655
-52.28669844
-52.26289494
-52.23742846
-52.2306485
-52.19170693
-52.16337033
-52.14925417
-52.12052748
-52.09676871
-52.07896191
-52.04748257
-52.03564171
-52.00182469
-51.99905139
-51.9811093
-51.98103573
-51.7420253
-51.63301044
-51.51966148
-51.24578858
-51.1233865
