-54.63343809
-54.6316294
-54.60253551
-54.60021058
-54.59797297
-54.59206718
-54.58475349
-54.57258225
-54.57108097
-54.56455496
-54.54490561
-54.54458855
-54.53128506
-54.5237358
-54.49981999
-54.49729344
-54.46905162
-54.46755949
-54.46039361
-54.45997753
-54.45175573
-54.44977685
-54.43689782
-54.41842318
-54.41364019
-54.40953232
-54.3540342
-54.34467713
-54.34302978
-54.33246425
-54.304823
-54.29854684
-54.29348757
-54.29334665
-54.27837933
-54.25742354
-54.25604694
-54.25070238
-54.24735832
-54.23990155
-54.22869994
-54.20202361
-54.18991595
-54.15871724
-54.14729014
-54.14055393
-54.13231091
-54.12189425
-54.11017808
-54.09564372
-54.08799943
-54.08704913
-54.07495065
-54.07387282
-54.01953553
-54.00809785
-53.99892226
-53.96624131
-53.95238423
-53.93628142
-53.91957144
-53.91697478
-53.8996126
-53.89281352
-53.88182839
-53.873264
-53.84766933
-53.83351493
-53.82935898
-53.8254059
-53.80287492
-53.75368525
-53.74542102
-53.74219558
-53.74098653
-53.69823823
-53.69791907
-53.68927268
-53.68236184
-53.62731906
-53.5977931
-53.45384503
-53.45341209
-53.4490838
-53.44256565
-53.35368284
-53.34227389
-53.32492941
-53.32409626
-53.2824858
-53.21228442
-53.18338851
-53.14161773
-53.03440662
-53.02775261
-52.91152578
-52.68650397
-52.64609096
-52.52527438
-52.4491789
