-55.27584492
-55.27310901
-55.26534678
-55.24924733
-55.24818366
-55.22868989
-55.18904511
-55.16274491
-55.15227463
-55.14278222
-55.13383635
-55.12609265
-55.12133863
-55.11119697
-55.10775597
-55.05852679
-55.05777793
-55.05464727
-55.04624885
-55.04326526
-55.03370683
-55.03222287
-55.03218534
-55.03183539
-55.02584279
-55.00889478
-54.99208094
-54.9903185
-54.97984144
-54.97377225
-54.97356151
-54.95752417
-54.92919504
-54.91829399
-54.90605902
-54.89166707
-54.88430368
-54.87715903
-54.87641111
-54.87620734
-54.84787081
-54.84738495
-54.84038137
-54.81339021
-54.81152115
-54.80194964
-54.79449481
-54.78737512
-54.76487148
-54.75008373
-54.73810829
-54.73270793
-54.72891739
-54.69586152
-54.67559783
-54.67435452
-54.63343809
-54.6316294
-54.60253551
-54.60021058
-54.59206718
-54.57258225
-54.57108097
-54.54490561
-54.54458855
-54.53128506
-54.49981999
-54.44977685
-54.34302978
-54.29854684
-54.29348757
-54.29334665
-54.23990155
-54.20202361
-54.15871724
-54.13231091
-54.09564372
-54.08704913
-54.07495065
-54.07387282
-54.00809785
-53.99892226
-53.96624131
-53.95238423
-53.91957144
-53.91697478
-53.8996126
-53.75368525
-53.74542102
-53.74098653
-53.69791907
-53.62731906
-53.5977931
-53.44256565
-53.34227389
-53.2824858
-53.18338851
-53.14161773
-52.91152578
-52.4491789
