-74.62451704
-72.42898031
-68.90839968
-67.99516215
-66.31168809
-65.68100425
-65.22119316
-64.66977177
-64.58939385
-63.8188739
-63.81170367
-63.56941695
-63.46162089
-63.34724936
-63.2087327
-63.19942398
-62.83901223
-62.08072976
-61.89958234
-61.8696347
-61.69439593
-61.34307511
-61.21482109
-60.62686417
-60.47519135
-60.32153368
-60.16777852
-60.13035369
-59.83968876
-59.67478696
-59.61497798
-59.52848852
-59.4983621
-59.22489465
-59.18106457
-59.11079621
-58.997864
-58.74484623
-58.63608524
-58.53310691
-58.28497098
-58.22031237
-57.93259252
-57.89987662
-57.67967851
-57.57124074
-57.52242365
-57.35842555
-57.33434998
-57.2651734
-56.99196054
-56.94704168
-56.74939919
-56.61354657
-56.59218061
-56.56996198
-56.47474383
-56.41451421
-56.32469997
-56.2304563
-56.19099194
-56.17561106
-56.14370595
-56.140092
-56.09557606
-56.04629326
-56.03437829
-55.82440465
-55.81884414
-55.75660314
-55.71165632
-55.67954593
-55.67005793
-55.63799454
-55.61510224
-55.5921333
-55.55598
-55.54102868
-55.48737111
-55.44436509
-55.39753651
-55.390684
-55.38775993
-55.35051351
-55.32942634
-55.23952915
-55.23257501
-55.16686934
-55.16090152
-55.15449948
-55.13174173
-55.12635053
-55.1132787
-55.09177137
-55.08545153
-55.06418551
-55.03884049
-55.00788443
-55.00543497
-55.00358458
-54.97951568
-54.97536848
-54.96813747
-54.95003459
-54.92568267
-54.9141913
-54.86855894
-54.86320492
-54.86178731
-54.85792995
-54.85345842
-54.85241995
-54.85094256
-54.79547082
-54.76199734
-54.74710697
-54.746331
-54.74382163
-54.7427552
-54.71846904
-54.71003297
-54.65422039
-54.6494879
-54.64401394
-54.63681938
-54.63383209
-54.62666561
-54.61324791
-54.59400231
-54.59079749
