-54.45270458
-54.4393194
-54.43473464
-54.43208275
-54.42781546
-54.41332094
-54.40023876
-54.39838944
-54.39233259
-54.38969097
-54.38861583
-54.38792429
-54.38350458
-54.38345167
-54.37943747
-54.37402218
-54.36392038
-54.28318236
-54.28277513
-54.27604178
-54.27480682
-54.26565733
-54.26062293
-54.25386521
-54.25032511
-54.23036021
-54.22847044
-54.21983915
-54.21845962
-54.19892679
-54.19400381
-54.11339071
-54.05664205
-54.03829542
-54.01124507
-53.99041782
-53.96495835
-53.95474366
-53.94611642
-53.9357027
-53.90769351
-53.90216113
-53.89381298
-53.85281189
-53.84284102
-53.81864365
-53.7576117
-53.61195963
-53.56405314
-53.27703193
