-63.81170367
-63.56941695
-63.46162089
-63.34724936
-63.2087327
-63.19942398
-62.83901223
-62.08072976
-61.89958234
-61.8696347
-61.69439593
-60.47519135
-60.32153368
-60.13035369
-59.83968876
-59.67478696
-59.61497798
-59.52848852
-59.4983621
-59.18106457
-59.11079621
-58.53310691
-58.28497098
-57.93259252
-57.89987662
-57.67967851
-57.35842555
-57.2651734
-56.94704168
-56.56996198
-56.32469997
-56.2304563
-56.14370595
-56.04629326
-55.75660314
-55.71165632
-55.67005793
-55.63799454
-55.23952915
-55.23257501
-55.16090152
-55.09177137
-54.96813747
-54.86178731
-54.55730783
-54.3681497
-54.22206155
-54.14619385
-54.06790734
-53.84427337
