-55.39753651
-55.390684
-55.38775993
-55.35051351
-55.32942634
-55.23952915
-55.23257501
-55.16686934
-55.16090152
-55.15449948
-55.13174173
-55.1132787
-55.09177137
-55.08545153
-55.06418551
-55.03884049
-55.00788443
-55.00543497
-55.00358458
-54.97951568
-54.97536848
-54.96813747
-54.95003459
-54.92568267
-54.86855894
-54.86178731
-54.85792995
-54.85345842
-54.85241995
-54.79547082
-54.76199734
-54.74710697
-54.746331
-54.65422039
-54.63681938
-54.59400231
-54.58345579
-54.55730783
-54.4705084
-54.46250949
-54.42308354
-54.3681497
-54.27732555
-54.22206155
-54.16658719
-54.14619385
-54.06790734
-53.84427337
-53.7807443
-53.54317667
