-78.5563
-76.3608
-72.8402
-71.927
-70.2435
-69.716
-69.2562
-68.7048
-68.6244
-67.8539
-67.9499
-67.7076
-67.5998
-67.4854
-67.3469
-67.4408
-67.0804
-66.3221
-66.141
-66.111
-66.039
-65.6876
-65.5594
-64.9714
-64.8198
-64.7693
-64.6155
-64.5781
-64.2874
-64.1225
-64.1659
-64.0794
-64.0493
-63.7758
-63.732
-63.7649
-63.652
-63.399
-63.2902
-63.1872
-63.0423
-62.9776
-62.6899
-62.6572
-62.437
-62.4317
-62.3829
-62.2189
-62.1948
-62.1257
-61.9556
-61.9107
-61.7131
-61.5772
-61.5558
-61.6368
-61.5416
-61.4814
-61.3916
-61.2973
-61.361
-61.3456
-61.3137
-61.3101
-61.2656
-61.3195
-61.3076
-61.0976
-61.0921
-61.0298
-61.0881
-61.056
-61.0465
-61.0144
-60.9915
-61.0717
-61.0356
-61.0206
-60.967
-60.924
-60.9803
-60.9735
-60.9705
-60.9333
-60.9122
-60.9255
-60.9185
-60.8528
-60.8469
-60.8405
-60.9209
-60.9155
-60.9024
-60.8809
-60.8746
-60.9565
-60.9312
-60.9002
-60.8978
-60.8959
-60.975
-60.9709
-60.9636
-60.9455
-60.9212
-61.0129
-60.9673
-60.9619
-60.9605
-60.9566
-61.0553
-61.0543
-61.0528
-60.9973
-60.9639
-61.0522
-61.0514
-61.0489
-61.0478
-61.0235
-61.1183
-61.0625
-61.0577
-61.0523
-61.0451
-61.1453
-61.1381
-61.1247
-61.1054
-61.1022
-61.1854
-61.1833
-61.1783
-61.1697
-61.1652
-61.1625
-61.1529
-61.1521
-61.1501
-61.1272
-61.1236
-61.1048
-61.1005
-61.0954
-61.0934
-61.0779
-61.0764
-61.0653
-61.0573
-61.0289
-61.0272
-61.0201
-61.0179
-60.999
-60.9817
-60.9647
-60.9641
-60.963
-60.9499
-60.8877
-60.8823
-60.8721
-60.8489
-60.8447
-60.8169
-60.7614
-60.7507
-60.741
-60.7224
-60.6983
-60.6691
-60.6627
-60.6218
-60.6045
-60.6035
-60.5435
-60.459
-60.4391
-60.3756
-60.138
