-74.6245
-72.429
-68.9084
-67.9952
-66.3117
-65.681
-65.2212
-64.6698
-64.5894
-63.8189
-63.8117
-63.5694
-63.4616
-63.3472
-63.2087
-63.1994
-62.839
-62.0807
-61.8996
-61.8696
-61.6944
-61.3431
-61.2148
-60.6269
-60.4752
-60.3215
-60.1678
-60.1304
-59.8397
-59.6748
-59.615
-59.5285
-59.4984
-59.2249
-59.1811
-59.1108
-58.9979
-58.7448
-58.6361
-58.5331
-58.285
-58.2203
-57.9326
-57.8999
-57.6797
-57.5712
-57.5224
-57.3584
-57.3343
-57.2652
-56.992
-56.947
-56.7494
-56.6135
-56.5922
-56.57
-56.4747
-56.4145
-56.3247
-56.2305
-56.191
-56.1756
-56.1437
-56.1401
-56.0956
-56.0463
-56.0344
-55.8244
-55.8188
-55.7566
-55.7117
-55.6795
-55.6701
-55.638
-55.6151
-55.5921
-55.556
-55.541
-55.4874
-55.4444
-55.3975
-55.3907
-55.3878
-55.3505
-55.3294
-55.2395
-55.2326
-55.1669
-55.1609
-55.1545
-55.1317
-55.1264
-55.1133
-55.0918
-55.0855
-55.0642
-55.0388
-55.0079
-55.0054
-55.0036
-54.9795
-54.9754
-54.9681
-54.95
-54.9257
-54.9142
-54.8686
-54.8632
-54.8618
-54.8579
-54.8535
-54.8524
-54.8509
-54.7955
-54.762
-54.7471
-54.7463
-54.7438
-54.7428
-54.7185
-54.71
-54.6542
-54.6495
-54.644
-54.6368
-54.6338
-54.6267
-54.6132
-54.594
-54.5908
-54.5906
-54.5885
-54.5835
-54.5749
-54.5704
-54.5677
-54.5581
-54.5573
-54.5553
-54.5324
-54.5288
-54.5099
-54.5057
-54.5005
-54.4986
-54.4831
-54.4816
-54.4705
-54.4625
-54.4341
-54.4324
-54.4253
-54.4231
-54.4042
-54.3868
-54.3699
-54.3693
-54.3681
-54.3551
-54.2929
-54.2875
-54.2773
-54.2541
-54.2499
-54.2221
-54.1666
-54.1559
-54.1462
-54.1276
-54.1034
-54.0743
-54.0679
-54.027
-54.0097
-54.0087
-53.9487
-53.8642
-53.8443
-53.7807
-53.5432
