2.47073 
2.4807 
2.46952 
2.47229 
2.28404 
2.37595 
2.28363 
2.27488 
0.647904 
2.30327 
2.22225 
2.17019 
0.634046 
2.18053 
0.715641 
0.741186 
2.141 
0.693898 
2.06454 
2.1333 
0.644117 
2.00767 
2.10059 
2.07466 
0.682057 
1.95471 
0.721365 
0.692278 
0.756088 
0.718476 
2.01098 
1.96844 
0.740017 
1.93381 
1.92485 
1.91622 
0.782683 
0.733994 
0.743684 
1.92653 
0.81195 
0.831536 
1.83083 
1.88914 
0.844958 
0.811886 
1.83342 
0.894417 
0.898797 
0.770599 
0.842605 
1.80283 
1.74888 
1.8562 
0.90387 
1.81263 
1.76936 
0.857753 
0.850309 
1.75323 
1.74949 
1.75375 
0.864028 
0.812773 
0.875346 
0.85584 
0.935253 
0.906888 
0.84798 
0.892499 
0.890077 
0.890519 
1.74703 
0.91717 
0.966283 
0.984202 
0.912136 
0.911712 
1.60975 
0.933709 
1.63349 
0.872227 
1.68387 
0.921148 
0.952171 
0.976813 
0.96938 
1.61438 
1.68569 
1.64645 
1.65968 
1.53612 
1.62485 
1.52417 
0.964784 
1.52437 
1.02723 
1.02393 
1.5776 
0.991707 
1.55033 
1.55699 
1.07978 
0.990731 
1.08106 
1.46657 
1.12694 
1.06935 
0.986937 
1.06887 
1.5044 
1.59617 
0.99869 
1.52081 
1.02067 
1.45715 
1.55935 
1.12364 
1.58592 
1.47401 
1.05256 
0.992234 
1.58085 
1.60163 
1.21748 
1.07715 
1.53406 
1.35861 
1.49554 
1.08358 
1.48726 
1.03108 
1.07485 
1.1943 
1.16596 
1.43171 
1.15784 
1.14511 
1.18899 
1.15248 
1.06431 
1.03015 
1.47923 
1.50159 
1.04087 
1.38924 
1.5926 
1.06696 
1.2924 
1.08755 
1.42561 
1.23185 
1.44153 
1.08731 
1.02572 
1.56324 
1.41747 
1.12941 
1.48331 
1.31048 
1.29987 
1.44994 
1.38592 
1.02495 
1.11054 
1.15289 
1.04233 
1.37072 
1.15634 
1.35692 
0.948581 
1.2884 
1.13075 
1.10422 
1.15623 
1.4629 
1.10797 
1.26326 
1.18054 
1.51723 
1.06505 
1.42295 
1.21978 
1.18949 
1.19418 
1.084 
1.44242 
1.18472 
1.33935 
1.09689 
1.21937 
1.16003 
1.16777 
1.16776 
1.46931 
1.45964 
1.24847 
1.29253 
1.07256 
1.25621 
1.3002 
1.19146 
1.08122 
1.42857 
1.42802 
1.32528 
1.28187 
1.35043 
1.32913 
1.24926 
1.41924 
1.32485 
1.21021 
1.36426 
1.09123 
1.4141 
1.09315 
1.15545 
1.14792 
1.24049 
1.33106 
1.31501 
1.45035 
1.11595 
1.24839 
1.2908 
1.14246 
1.19168 
1.36145 
1.37436 
1.38634 
1.38761 
1.14951 
1.34326 
1.16296 
1.29993 
1.1014 
1.37086 
1.14753 
1.39474 
