-60.44048825
-60.37789024
-60.28776194
-60.1754299
-59.73382561
-59.50486037
-59.44548255
-59.11025415
-58.97304192
-58.97016313
-58.95269426
-58.92192047
-58.72092821
-58.71195624
-58.68068556
-58.62849679
-58.62266622
-58.54774969
-58.45899862
-58.4476423
-58.35169121
-58.3491681
-58.33660808
-58.20321171
-58.19904454
-58.1473155
-57.99714428
-57.98895206
-57.94898704
-57.88444309
-57.86927502
-57.76137545
-57.75768922
-57.6471774
-57.63295502
-57.60884387
-57.60437966
-57.45144973
-57.29979503
-57.10372783
-56.99666455
-56.91950053
-56.32778149
-56.3135625
-56.29062345
-56.19900306
-56.17525258
-56.14160667
-56.08724804
-56.07992889
-56.06614069
-56.02269668
-56.0154822
-55.99638739
-55.99407595
-55.95593907
-55.92598449
-55.78814731
-55.72306656
-55.6681097
-55.65290767
-55.64735197
-55.62856704
-55.58955072
-55.50725178
-55.43387467
-55.43249074
-55.40157307
-55.37355759
-55.33325937
-55.26983529
-55.24226392
-55.20667578
-55.18403177
-55.12188168
-55.11491953
-55.09584108
-55.01223479
-54.99672493
-54.99344867
-54.88297651
-54.87240765
-54.86883811
-54.84715402
-54.81596862
-54.80659536
-54.59681926
-54.5637347
-54.54623151
-54.5458484
-54.54285909
-54.48590244
-54.44958279
-54.40128134
-54.39167787
-54.38719785
-54.35631556
-54.17331513
-54.14632307
-54.08119772
