1.38634 
1.38761 
1.14951 
1.34326 
1.16296 
1.29993 
1.1014 
1.37086 
1.14753 
1.39474 
1.26829 
1.20384 
1.30381 
1.42403 
1.34164 
1.27421 
1.3165 
1.30191 
1.32309 
1.46919 
1.39787 
1.25713 
1.15158 
1.22513 
1.35002 
1.12769 
1.23336 
1.34728 
1.47517 
1.25677 
1.20191 
1.18668 
1.33165 
1.4537 
1.48725 
1.16239 
1.43621 
1.22405 
1.39068 
1.24351 
1.07317 
1.24403 
1.42993 
1.27997 
1.19661 
1.18751 
1.0773 
1.1793 
1.35268 
1.12256 
1.32267 
1.33205 
1.37257 
1.31036 
1.33848 
1.49489 
1.13896 
1.09869 
1.35774 
1.35366 
1.39043 
1.226 
1.31112 
1.24153 
1.26 
1.27552 
1.16278 
1.3951 
1.36002 
1.18539 
1.1332 
1.27816 
1.3398 
1.17184 
1.38401 
1.29216 
1.27416 
1.15681 
1.25963 
1.13122 
1.37357 
1.36067 
1.14482 
1.20906 
1.50807 
1.32334 
1.37799 
1.34832 
1.27843 
1.39922 
1.18117 
1.25151 
1.27836 
1.16935 
1.29123 
1.24624 
1.27407 
1.30968 
1.31184 
1.29853 
