0.644117 
2.00767 
2.10059 
2.07466 
0.682057 
1.95471 
0.721365 
0.692278 
0.756088 
0.718476 
2.01098 
1.96844 
0.740017 
1.93381 
1.92485 
1.91622 
0.782683 
0.733994 
0.743684 
1.92653 
0.81195 
0.831536 
1.88914 
0.844958 
1.83342 
0.898797 
0.770599 
0.842605 
1.74888 
1.8562 
0.90387 
1.81263 
1.76936 
0.857753 
0.850309 
1.75375 
0.864028 
0.875346 
0.85584 
0.935253 
0.906888 
0.84798 
0.892499 
0.890519 
1.74703 
0.984202 
0.912136 
0.911712 
1.60975 
0.872227 
0.952171 
0.976813 
1.65968 
0.964784 
1.52437 
0.991707 
1.07978 
1.08106 
1.46657 
1.12694 
1.06935 
0.986937 
0.99869 
1.55935 
0.992234 
1.53406 
1.49554 
1.48726 
1.1943 
1.03015 
1.5926 
1.06696 
1.08755 
1.44153 
1.02572 
1.48331 
1.02495 
1.15634 
1.26326 
1.18054 
1.51723 
1.18472 
1.16003 
1.32528 
1.35043 
1.32485 
1.15545 
1.12769 
1.20191 
1.33165 
1.4537 
1.48725 
1.37257 
1.26 
1.27552 
1.16278 
1.18539 
1.50807 
1.32334 
1.39922 
