1.29987 
1.44994 
1.38592 
1.02495 
1.11054 
1.15289 
1.04233 
1.37072 
1.15634 
1.35692 
0.948581 
1.2884 
1.10422 
1.15623 
1.4629 
1.10797 
1.26326 
1.18054 
1.51723 
1.06505 
1.42295 
1.19418 
1.084 
1.44242 
1.18472 
1.09689 
1.21937 
1.16003 
1.16777 
1.16776 
1.46931 
1.24847 
1.07256 
1.3002 
1.19146 
1.42857 
1.42802 
1.32528 
1.28187 
1.35043 
1.32913 
1.24926 
1.41924 
1.32485 
1.21021 
1.09123 
1.09315 
1.15545 
1.24049 
1.31501 
1.24839 
1.14246 
1.37436 
1.38634 
1.38761 
1.14951 
1.39474 
1.26829 
1.30381 
1.34164 
1.3165 
1.46919 
1.39787 
1.22513 
1.35002 
1.12769 
1.23336 
1.47517 
1.20191 
1.18668 
1.33165 
1.4537 
1.48725 
1.16239 
1.43621 
1.27997 
1.18751 
1.0773 
1.37257 
1.09869 
1.35774 
1.39043 
1.24153 
1.26 
1.27552 
1.16278 
1.18539 
1.27416 
1.15681 
1.25963 
1.37357 
1.14482 
1.50807 
1.32334 
1.39922 
1.18117 
1.25151 
1.27407 
1.31184 
1.29853 
