1.48726 
1.03108 
1.07485 
1.1943 
1.16596 
1.43171 
1.15784 
1.14511 
1.18899 
1.15248 
1.06431 
1.03015 
1.47923 
1.50159 
1.04087 
1.5926 
1.06696 
1.2924 
1.08755 
1.42561 
1.23185 
1.44153 
1.02572 
1.56324 
1.41747 
1.48331 
1.31048 
1.29987 
1.44994 
1.02495 
1.04233 
1.37072 
1.15634 
1.35692 
0.948581 
1.2884 
1.10422 
1.15623 
1.10797 
1.26326 
1.18054 
1.51723 
1.06505 
1.42295 
1.19418 
1.44242 
1.18472 
1.21937 
1.16003 
1.16776 
1.46931 
1.07256 
1.3002 
1.42857 
1.32528 
1.28187 
1.35043 
1.41924 
1.32485 
1.21021 
1.09123 
1.15545 
1.24049 
1.31501 
1.14246 
1.37436 
1.38761 
1.39474 
1.30381 
1.34164 
1.3165 
1.46919 
1.22513 
1.35002 
1.12769 
1.23336 
1.47517 
1.20191 
1.33165 
1.4537 
1.48725 
1.16239 
1.43621 
1.37257 
1.35774 
1.39043 
1.24153 
1.26 
1.27552 
1.16278 
1.18539 
1.27416 
1.15681 
1.25963 
1.14482 
1.50807 
1.32334 
1.39922 
1.27407 
1.31184 
