-80.6902
-77.9284
-77.426
-76.1215
-74.8838
-74.545
-74.0009
-73.3421
-72.5639
-71.9873
-72.0041
-71.5346
-71.1395
-70.7154
-70.4233
-69.9323
-69.7544
-69.5912
-69.4085
-69.0636
-68.9106
-68.6087
-68.4622
-68.3866
-68.3584
-67.696
-67.6115
-67.5679
-67.3882
-67.0243
-67.0294
-67.0126
-66.7211
-66.3653
-66.0224
-65.9196
-65.8133
-65.6497
-65.5973
-65.4339
-65.4727
-65.4101
-65.3199
-65.2076
-64.766
-64.537
-64.4776
-64.1424
-64.0052
-64.0023
-64.0891
-64.0583
-63.8574
-63.8484
-63.8171
-63.7649
-63.7591
-63.6842
-63.5954
-63.5841
-63.5924
-63.5899
-63.5773
-63.5604
-63.4439
-63.4397
-63.388
-63.2378
-63.2296
-63.1897
-63.2484
-63.2294
-63.2142
-63.1298
-63.1257
-63.1063
-63.1026
-62.9921
-62.9779
-62.9538
-63.0536
-62.9007
-62.8779
-62.8724
-62.749
-62.5529
-62.509
-62.4669
-62.459
-62.4459
-62.473
-62.2487
-62.1701
-62.1684
-61.8813
-61.867
-61.8441
-61.8199
-61.7536
-61.7525
-61.8494
-61.833
-61.7993
-61.7593
-61.745
-61.7377
-61.7239
-61.6804
-61.6732
-61.6731
-61.7584
-61.7561
-61.7179
-61.714
-61.7034
-61.6888
-61.688
-61.6813
-61.6673
-61.5835
-61.6747
-61.6544
-61.6305
-61.6129
-61.5931
-61.5893
-61.5344
-61.5192
-61.5136
-61.5076
-61.5991
-61.5917
-61.5703
-61.5601
-61.5513
-61.5317
-61.5154
-61.5064
-61.5049
-61.4997
-61.5822
-61.582
-61.5601
-61.5459
-61.5295
-61.5188
-61.5086
-61.5073
-61.4898
-61.4763
-61.5785
-61.5665
-61.5526
-61.5463
-61.5123
-61.4615
-61.4615
-61.4532
-61.4489
-61.4363
-61.5256
-61.5129
-61.5122
-61.49
-61.485
-61.4846
-61.4844
-61.48
-61.4673
-61.4606
-61.5619
-61.5539
-61.5419
-61.5417
-61.5394
-61.5272
-61.5155
-61.5094
-61.5025
-61.4834
-61.5773
-61.5762
-61.5749
-61.5632
-61.5581
-61.5235
-61.5054
-61.5041
-61.4911
-61.4894
-61.5928
-61.5895
-61.5641
-61.5521
-61.542
-61.5399
-61.5305
-61.5277
-61.5244
-61.5172
-61.618
-61.6106
-61.6083
-61.5833
-61.5787
-61.5727
-61.5723
-61.5692
-61.5685
-61.5503
-61.6538
-61.6518
-61.6454
-61.6365
-61.6206
-61.6149
-61.6133
-61.6112
-61.6104
-61.6043
-61.7058
-61.6957
-61.6891
-61.683
-61.6821
-61.6767
-61.6735
-61.6664
-61.6631
-61.6553
-61.7535
-61.7528
-61.7284
-61.7261
-61.7243
-61.7194
-61.7164
-61.7149
-61.7076
-61.7067
-61.8001
-61.7995
-61.797
-61.7895
-61.7858
-61.784
-61.7801
-61.778
-61.7684
-61.7681
-61.7546
-61.7535
-61.7371
-61.7306
-61.7255
-61.722
-61.7202
-61.7166
-61.7043
-61.7029
-61.6917
-61.6847
-61.6805
-61.68
-61.674
-61.6712
-61.6693
-61.6537
-61.6533
-61.6503
-61.6469
-61.641
-61.6391
-61.6375
-61.6345
-61.6343
-61.6267
-61.6262
-61.6254
-61.6182
-61.6093
-61.6083
-61.6075
-61.6054
-61.5968
-61.5967
-61.595
-61.5933
-61.5895
-61.5827
-61.5752
-61.571
-61.5637
-61.557
-61.556
-61.5466
-61.5353
-61.5283
-61.5207
-61.512
-61.5087
-61.4991
-61.4946
-61.4946
-61.4942
-61.4907
-61.4637
-61.454
-61.449
-61.4472
-61.4325
-61.4277
-61.4273
-61.4044
-61.3842
-61.3798
-61.3787
-61.3646
-61.3585
-61.32
-61.3128
-61.2807
-61.2697
-61.2538
-61.2244
-61.2167
-61.2139
-61.1886
-61.1165
-61.0865
-61.0791
-61.059
-61.0535
-61.0393
-60.9185
-60.9033
-60.8053
-60.7989
-60.6315
-60.4808
