5.65447 3.08402e-05 0.49587 0.00113993 0.0694425 9.71714 0.0492187 0.0152137 0.0360464 23.719 0.0296003 0.0196688 9.61452e-05 0.000271324 0.192463 22.189 0.00301445 9.83064 
0.000124286 0.645301 0.000196682 0.000583492 0.000158739 0.103989 0.075661 5.00108 0.0858961 2.14396 9.22287e-05 0.604734 1.42779 0.000110403 1.7568e-05 28.1538 0.134146 1.43364 
0.00808274 6.85457e-05 0.135929 4.24839e-05 1.18648 25.8849 0.69852 0.00141657 2.50756e-05 0.11492 0.476918 19.895 0.311696 0.101196 0.888539 3.60263 0.161529 1.99312 
1.66414e-05 0.00448036 0.00322188 0.00059461 3.41719 189.754 0.045446 2.96907e-05 2.46267e-05 12.5035 0.000258713 2.08356 0.0920949 0.0831215 0.00702164 6.34013 1.4157 0.74642 
1.96636 0.148178 0.000660281 9.31802 0.708965 29.7707 0.0499213 0.103162 7.16274e-05 59.6594 6.36562 0.439198 0.0185079 8.63688e-05 0.557765 24.1682 0.0123647 5.32241 
0.00140424 0.223252 0.0104619 1.70089e-05 0.00250316 810.185 1.40039 0.1924 1.60974e-05 2.67919 0.245537 172.093 0.000436781 0.000131839 0.369848 21.2547 0.0112762 6.42547 
0.817225 7.71307e-05 0.0707839 0.0526513 7.29916 35.2831 0.0282512 0.00137437 0.0289904 170.307 4.1414e-05 455.611 0.0662979 0.0296154 0.000148459 2.92929 0.29783 6.53906 
4.76804e-05 0.554722 3.57264 1.87294 1.40229e-05 0.0407855 6.58311 0.00527069 0.0617275 0.343141 3.33328e-05 4.68193 0.0266317 0.0183061 0.0530241 24.6039 0.564076 4.03288 
0.149949 0.274599 0.000768787 6.03837 0.00118521 4.94861 2.39422e-05 0.000802699 0.657681 1.07564 0.000391823 0.0155333 9.85799 7.38756e-05 1.09564 5.34468 0.0972301 3.27471 
1.48791 0.838203 0.00186713 5.87899 0.000559228 9.85601 0.000929109 0.000416614 0.00031194 403.076 0.00972085 0.0243102 6.12824 1.98774e-05 0.21907 32.2969 0.00477642 3.62857 
5.11176e-05 0.00153319 0.13676 0.000492129 1.37011e-05 1.83838 5.07935e-05 0.000266504 0.000466111 294.774 2.48771 0.415066 0.207659 0.00674472 2.7796 12.4468 0.0693691 8.48871 
3.51592 1.18377 0.00231385 7.08702e-05 0.00417629 814.17 0.00772546 0.000735956 0.0227873 0.889537 4.39305e-05 0.0228619 0.269232 0.000282008 0.11604 37.694 0.0287534 0.661521 
0.00749379 0.000548113 0.00281644 1.11394 1.07668e-05 0.196484 0.0739204 0.00743105 3.34304e-05 0.0287573 8.50538 435.872 0.0738701 6.17075e-05 0.0282333 21.59 2.47064 2.80173 
0.0493926 0.000803482 0.0576745 0.000171826 0.205672 2.60704 0.192428 0.000967917 0.22115 248.743 0.00263675 0.153901 1.7237 4.27953e-05 0.00613503 28.2505 0.0994704 3.70757 
7.75652 0.59013 0.000211994 0.0275408 0.000586554 3.14348 0.555001 2.54876 0.00653359 196.086 0.198567 6.13502 2.62493e-05 0.00305156 2.00828 22.6799 0.00827355 4.66006 
4.97615 0.0863139 1.25189e-05 2.19146e-05 0.217309 253.874 0.34341 4.20142 0.00020769 1.7761 0.0999813 0.0603797 0.000208135 0.000156673 0.346318 20.8723 0.046606 1.59403 
0.0779748 0.0264096 0.755733 1.88597 0.27428 6.7772 0.0368372 1.88064 3.06834e-05 221.617 0.00126437 2.1539 6.62628 1.38735e-05 0.46629 27.6394 0.0156959 3.32872 
9.28053e-05 0.00774059 0.000575614 0.0107657 0.00544975 660.417 1.73471e-05 1.13709e-05 0.000175729 6.46471 0.00126352 1.6257 0.0156271 0.0740396 0.912511 3.87203 0.126845 4.08251 
3.22097 0.00985495 0.00514079 0.468685 0.0788251 5.09443 0.0139106 5.14854 0.00373554 17.0376 0.00399292 2.66299 0.643971 0.407082 5.85264e-05 0.958042 1.20836 1.76814 
0.00377519 0.000134717 0.00621367 0.0296829 0.000185016 0.279059 0.241946 0.00125347 2.78105e-05 0.0712427 1.11266e-05 210.794 6.59176e-05 0.39235 0.0479581 0.721382 1.70558 9.08032 
0.00224317 0.0324126 0.0169601 0.790202 0.041552 0.189316 1.34058 0.0116221 0.00108224 6.25424 1.17286e-05 0.0114253 8.2082 0.00212137 1.45784 43.6195 0.0371559 0.527754 
1.6408 0.0929724 0.03547 4.19012 1.77603e-05 75.5607 1.94638e-05 0.098936 0.0040933 6.37136 0.00137517 0.370418 0.00018774 0.266675 0.000154557 0.870101 0.694681 6.31773 
0.0835279 3.34965e-05 5.03963 0.00592999 8.43068 2.62338 0.00580649 4.97907e-05 7.97041e-05 89.2366 0.390201 5.07872 3.35319e-05 0.00502159 0.66163 14.7408 0.0446533 3.42059 
0.567021 2.49141 0.000188507 0.000983144 0.0251999 765.773 0.0331775 0.15017 0.0820561 0.624085 0.616149 20.7396 0.0162307 0.000496924 1.12472e-05 1.05186 1.55723 2.94618 
0.000623698 0.00107539 2.07363 0.000168811 0.0593512 0.0715886 0.00342391 0.772648 0.0108907 290.765 0.0389656 51.787 2.11485 0.0509831 0.010858 20.147 7.32525 9.18677 
0.488452 0.105151 0.0122372 0.0593351 0.00172566 0.0810224 0.740726 9.63986e-05 0.587689 2.14133 0.065453 0.175055 0.051909 8.44568e-05 0.731744 13.7246 0.144536 1.8184 
2.33038 0.00148104 0.000167967 0.00013321 1.65575 18.752 0.0225958 0.00173379 0.00901086 10.4362 0.27082 2.15738 2.16555 0.117008 3.91084 5.08716 0.0513769 1.86996 
0.0210219 0.0374647 0.00192667 3.83448e-05 1.14096 10.9324 0.02268 1.13026 3.84484e-05 5.49145 6.57664 0.703976 0.55121 0.000639871 0.01233 14.8497 1.31373 0.174629 
3.14565 0.0125203 0.20169 0.120138 0.00211466 854.96 0.000299517 0.00821643 0.00401599 1.69162 0.000792261 0.235882 1.16537 4.98924e-05 0.248976 31.0017 0.0364726 1.13406 
0.000876579 0.38935 9.10009 0.0226497 5.28703 5.29177 1.11215 0.0452753 0.0232726 0.0474077 8.30321e-05 0.0138201 0.00921067 0.00240186 0.0246152 21.7897 1.51299 1.54232 
0.0235041 5.58458e-05 0.360656 0.0256479 1.02069 0.352161 0.00050926 0.307459 1.05356e-05 86.1068 0.000303813 12.9336 0.0342764 0.027902 4.96203 19.3372 0.000242627 8.84228 
1.24432e-05 0.000263571 0.00041409 6.27843 0.00013087 0.430693 6.27141 0.000840449 0.00165354 0.0505836 0.0531023 0.0721477 0.580864 0.292083 0.000503339 12.1574 2.10302 0.533637 
0.185412 0.126603 0.768293 7.42249e-05 0.0458417 4.01472 0.0507733 2.95411 0.0046154 0.314757 5.34373e-05 3.62019 2.2678e-05 0.396363 1.05439e-05 28.1777 2.12375 0.0688363 
0.00183449 0.0641015 1.24485e-05 0.212173 0.00227055 1183.84 0.00422875 0.000770259 3.39038e-05 6.4494 5.18059e-05 0.114649 4.86698e-05 0.000296435 0.00476772 26.1251 0.120926 1.25313 
0.0964771 0.00275973 0.233564 7.44025e-05 0.0389404 10.3916 0.579539 0.00582397 0.00061505 0.0102368 0.00775539 382.839 0.00160602 0.0805988 1.16501e-05 5.08751 0.8956 1.08002 
3.45648e-05 1.79962 0.00847068 0.000443008 0.000568473 227.65 9.87641 7.6885 0.00674275 8.13722 0.697356 0.267251 0.00571996 0.016957 0.0900225 27.1984 0.418292 0.363466 
3.25081e-05 0.000196561 0.179736 0.149573 0.00068642 3.81621 1.48765 0.00631315 0.555892 81.1396 2.66498e-05 0.660403 0.000166173 0.00976848 4.00873 41.2735 0.0124997 4.23525 
0.942949 2.85426 0.00417418 1.19479 0.327991 45.4727 0.00353905 0.0127962 0.548862 0.26413 4.30211e-05 3.60371 1.6612 0.0164847 0.0161982 30.2667 6.40379 9.81104 
0.0965432 4.13884e-05 0.0013233 0.00560144 1.93739e-05 16.9269 0.00378806 3.78324e-05 4.60699e-05 10.0593 5.58561 79.4058 1.01314 0.624929 0.000129608 0.98479 1.08976 0.787111 
0.00111797 2.28283e-05 7.08823 0.704449 0.882843 77.9548 8.22699e-05 0.00111066 0.0068177 2.74768 0.000118116 0.971647 0.714687 0.0024473 4.70195 19.3795 0.00830578 5.60002 
0.333977 5.91283e-05 0.0470504 1.72115e-05 0.000302923 1603.53 0.000635228 0.00103662 0.596483 0.015306 1.13201e-05 0.118673 0.0152557 0.0193058 0.0600384 9.85787 1.25195 1.5376 
0.309367 7.34764e-05 3.6858e-05 0.000129247 0.0137247 2.55569 0.000373284 1.21265 0.000459119 111.875 0.0416334 0.0575104 0.0961142 0.00025991 0.345916 14.9219 0.00118427 8.45444 
2.31245e-05 0.00258638 0.955285 0.000151713 0.000112377 5.87487 0.135764 0.00642501 0.0236058 0.0625179 1.9986 14.0776 0.000627189 0.00523143 0.963306 1.14625 0.618647 1.53714 
1.14363e-05 0.0174546 0.287727 4.21506e-05 0.000136479 608.101 5.34552 0.0027212 0.157811 0.128256 0.000102595 165.949 0.000932402 0.00147293 0.784711 38.1353 0.0121737 0.745905 
8.45697 0.000145188 0.00185843 0.000306711 0.0086441 0.713776 2.26606 0.0304926 0.714113 0.0450079 0.00480075 0.0499538 0.048945 0.41712 0.0532123 8.56528 1.70063 0.406057 
0.000976095 0.00013979 0.194056 0.827044 3.48981e-05 0.0807136 2.16299 0.259346 1.05565e-05 0.641404 0.00104777 4.66614 0.977862 0.00139427 0.451944 12.0288 0.222515 1.0029 
0.00150303 0.000237915 0.535629 0.188764 0.00519738 1012.57 0.0855838 0.0661766 0.146537 0.249933 0.0139022 0.0114347 7.36329 0.0586524 0.920094 3.97942 1.74375 4.35912 
0.0325131 8.03368 4.22201 3.03608 4.59648e-05 0.53255 0.00504309 0.916778 0.0404728 37.1508 3.20006 35.2555 0.190858 1.42574e-05 1.60534 16.7436 0.0582516 4.35159 
0.00734387 8.67668e-05 0.0972378 3.96228 2.69862e-05 1.43062 0.000341024 0.218611 0.00455079 196.881 0.150918 1.31149 0.000539646 0.00972166 0.00995823 33.5804 3.90598 7.67969 
0.902148 5.20739e-05 2.60337e-05 0.0129909 0.0538231 9.61627 0.0318738 2.1977 0.000309075 0.0303712 0.000949336 76.6076 0.00719118 0.36797 2.42541 10.5989 0.26389 4.04892 
0.00109032 2.19683e-05 3.94957 1.89073 0.758828 4.18079 0.00196543 0.526401 0.220448 50.455 0.000330134 0.13011 0.0159185 0.0274028 0.498373 8.66995 0.23699 2.98326 
5.14127 0.000250059 1.16885 9.93026 0.00018599 0.0401074 0.170373 0.358636 0.0101655 0.0959777 0.604412 24.7327 0.0147615 0.0127824 1.49666e-05 2.05547 1.18017 1.17513 
4.29287e-05 9.11956 0.1047 2.84128 0.00428324 0.78631 0.000382388 0.003213 1.45854e-05 481.271 0.0011495 17.8319 0.000326376 0.00509939 0.0491117 11.8417 0.14675 9.16813 
2.20762 0.298604 0.458016 3.12189 2.35183e-05 3.39611 0.000130106 2.28509e-05 0.000470761 22.042 0.156557 0.0261639 0.00667627 0.527533 0.00628874 0.800064 0.957356 6.83225 
0.000200343 0.000144291 0.00542916 1.30556 3.44595 0.0754965 0.0785988 9.90126 0.11798 304.604 2.08926e-05 2.54587 0.00226454 0.16759 2.08302 8.91436 0.71516 0.935559 
0.00432174 0.00829311 0.00480585 3.13093e-05 0.0929138 2649.63 0.0949902 0.4843 0.0183281 1.13787 0.0113556 0.317797 1.71752e-05 0.00205223 8.21884 41.6714 1.02537e-05 6.26003 
0.0526172 7.255e-05 0.0684104 0.000746508 1.72742e-05 57.2232 3.16895e-05 9.16655e-05 0.157934 0.160114 0.0449185 0.221103 0.0149542 0.0139899 0.00247788 31.7608 3.27833 1.86715 
2.74735e-05 4.04738 4.85288 0.0581802 9.52091e-05 153.21 0.0650163 1.02007 0.585324 63.9689 6.45587e-05 1.63936 0.00426099 2.10152e-05 0.00261984 38.6511 0.450903 3.86013 
0.000186469 0.0597712 0.00166974 3.35049e-05 0.000243843 6.88277 1.66998 0.312843 0.000388154 35.7745 0.0259588 83.776 1.92355 0.0600163 1.01889 7.90395 0.138114 1.04657 
0.140273 0.226042 0.110947 0.00027651 1.58871 0.309648 2.09805e-05 0.00299131 0.00253061 0.0376191 0.340615 25.6088 0.362188 0.236394 6.95954 7.60121 0.137098 8.92777 
0.000326347 2.62554 0.165854 1.82644 0.00474347 3.19328 0.662012 4.96735 0.0234198 0.206161 0.000923036 39.692 0.000855295 0.000134268 2.45691 18.8699 0.00676975 9.43124 
0.10062 0.338713 1.62246 5.62234 0.000202283 0.0112926 0.000258074 1.63202 0.00379432 0.521947 6.52387 0.130961 3.97153e-05 0.000263103 0.000314853 40.9553 0.851106 5.44744 
0.00114286 0.00407096 1.61884 2.81288e-05 0.020071 28.9262 0.146788 6.35952e-05 7.64117e-05 0.0427763 1.2901 0.752301 0.0149159 0.277945 0.223477 4.91856 1.68395 0.722463 
0.000645655 1.38933 0.0133156 8.73323e-05 0.0008441 0.155246 0.0903461 9.5683 0.0387495 39.1815 0.00100009 18.7701 0.00258073 0.0193773 0.394164 28.3991 0.676272 0.241158 
0.0029003 1.11766 0.165923 5.80862 0.0328838 788.869 1.45901 0.000240059 0.000317798 0.287828 0.0740683 66.4677 0.543162 1.36953e-05 0.000469996 11.6261 1.85545 0.931206 
3.5943e-05 0.0600512 1.21251e-05 0.00125731 0.000470392 786.042 0.401224 0.000152527 0.0186471 75.7454 2.70592 2.74313 4.24708e-05 0.00641665 0.00034099 41.0462 1.96308 5.14552 
1.19921e-05 4.26646 4.13122e-05 6.15268 5.08171 5.52298 0.0018045 2.50733e-05 0.000355409 17.8441 0.292114 108.967 0.0184428 0.00250414 0.000491061 14.2366 0.890296 4.20937 
0.0113269 0.00468676 2.80592 8.23083e-05 0.0276843 1.05798 0.0035931 0.000835189 0.0457354 0.0817865 0.111467 1.03075 0.14641 0.198646 0.0034183 1.08572 0.83845 5.41666 
0.823259 9.61074 0.000445151 1.75444e-05 2.31594e-05 66.9923 0.00111159 0.0632392 0.00036473 183.123 0.00104446 1.22398 0.00566895 0.00127504 0.071648 18.8227 0.0692643 3.06503 
9.05814 0.000160737 3.2155e-05 0.166817 0.0191752 2005.7 0.000218266 3.80195e-05 0.0133637 0.0491137 0.000126735 0.258005 8.59758 0.00659297 0.00176361 21.0103 0.453168 1.409 
0.0928383 0.220789 1.92995e-05 9.59191 0.0397157 2.26294 0.000303318 0.831321 1.93757e-05 29.6901 0.0718127 1.83035 1.23196 0.0367423 2.73101e-05 3.84097 0.522786 6.15746 
0.0123277 0.229208 0.00180259 6.92618e-05 6.73811e-05 33.4007 5.73309e-05 1.66567e-05 0.000120614 391.872 0.00689095 0.0180288 2.70509 2.79766e-05 0.2387 38.0238 0.0599346 0.443622 
0.289024 0.000163833 0.000751932 0.000435198 1.86128 0.444095 4.82064e-05 0.0375401 6.28711e-05 117.537 0.370844 0.965878 2.63702 0.00209843 0.11413 8.77488 0.276929 1.22038 
0.121172 0.0142118 1.93336e-05 0.168771 0.305351 0.0709378 0.446908 1.93623e-05 0.22787 5.00306 0.000172547 0.244607 0.000290911 0.000113285 3.35894 49.4118 0.048043 4.66781 
0.00538055 5.72828e-05 0.0338451 0.0270287 3.79911 496.974 0.000184597 0.00832502 1.85923e-05 5.22457 0.00112464 2.87279 0.192871 0.731639 0.0184558 16.5983 4.15608 0.238658 
0.0163596 0.352703 0.0258275 0.000578318 0.0110419 256.171 0.013872 0.189076 0.000658653 0.128216 3.73977 27.9049 0.000957555 0.000267899 3.0582 24.5233 0.391457 0.314469 
0.0176742 1.49213e-05 1.09548e-05 0.0399557 0.000641368 0.0475873 0.0094268 0.00839379 0.00120094 0.568415 0.00242615 22.8619 1.85192 3.93524e-05 0.152597 18.5468 0.376781 0.852568 
0.00106442 0.00940274 0.0148694 5.82257 0.245388 0.116703 0.00913754 0.126374 0.465775 0.0579317 0.211356 43.5763 0.00640521 0.384775 0.234332 11.9876 5.85119 0.331238 
0.000131879 0.233457 0.00121238 3.18057 0.299525 3.29385 9.22397e-05 0.0154921 2.56783e-05 0.603178 0.00712182 0.0241089 0.000276845 0.00047539 0.0416157 24.7151 0.0465683 5.40939 
0.0474956 0.142564 0.0010198 6.66075 1.37168e-05 0.0376038 7.19362e-05 0.76021 0.0951265 1.59432 4.65761e-05 0.245252 0.0312969 0.00840117 0.234196 6.45249 0.402057 9.52073 
0.605826 0.0264925 0.00178397 0.000136763 0.000176146 101.907 9.8918e-05 0.466091 8.52983e-05 0.861551 0.000222654 0.268874 0.000156666 0.963477 3.00319 2.39995 0.224077 2.24682 
0.331664 0.0130777 0.000165641 0.00767266 0.00015297 0.12582 0.0552775 0.00958898 0.000501588 0.0618052 0.00014729 2.70179 0.140121 0.0027474 0.50548 37.2487 0.13182 0.95662 
0.0668999 0.000245487 0.0276477 1.74679e-05 0.186426 0.225103 0.0236004 3.27671e-05 0.0206083 0.278449 0.00267284 74.5426 1.59562e-05 0.0678896 0.0933732 8.84444 0.751738 3.56425 
0.0430671 0.0334879 1.00189 5.65185e-05 0.0176014 8.79762 0.00749994 1.91164 1.24793e-05 2.95638 0.000895249 267.442 2.36248 0.000323044 4.44548 18.629 0.0046794 9.88735 
0.569686 0.00412756 3.23459e-05 0.00130461 0.0067465 107.254 0.168793 2.01131e-05 4.58706e-05 4.81889 5.2362e-05 0.891925 0.137424 0.0430227 6.17563 14.6978 0.0384369 3.88783 
0.143564 0.000191033 0.000575039 0.00113189 0.443139 2499.12 0.000629444 0.00581249 0.0310032 0.203768 0.000100233 13.0174 0.000595053 0.00746283 0.894539 30.8602 0.0266538 6.23251 
3.0721 1.44154 0.268863 0.232749 0.00100274 0.0141945 0.0767139 6.30379e-05 0.0143334 0.692253 0.0002544 0.1157 0.140103 0.330822 0.125997 1.96432 1.03114 7.63562 
0.000546677 1.75787 0.0424615 0.00386147 0.288288 6.18468 0.000139744 4.30556 0.000188301 0.416172 0.00414438 0.308497 0.01416 0.000757489 0.0549135 16.5892 0.0406848 9.68698 
0.0825315 0.00301636 0.000161783 3.14324e-05 6.66631e-05 76.4625 2.07004e-05 0.00782757 0.00155834 376.912 0.00198558 24.2795 0.000217093 0.499193 1.57001e-05 0.848631 1.05469 3.96711 
0.029146 1.43846 0.703658 9.18215e-05 0.021106 0.0281517 0.0140634 0.0463124 2.82385e-05 0.095634 0.00167713 89.4035 0.00428076 0.0888613 0.00078926 1.98141 0.512593 5.34472 
0.00626231 0.00101637 0.00175252 9.32559e-05 6.54977e-05 13.114 0.390693 0.000164925 0.000102481 11.7204 0.0471713 41.3246 0.000445082 0.000250095 1.1712e-05 22.9184 0.489093 2.31542 
0.00034868 0.553702 0.0165661 0.027296 0.00227998 0.179718 0.00397144 0.000122878 0.703948 10.234 0.000388658 1.24817 0.00279399 0.0028342 0.000202588 27.3028 2.93579 3.10498 
4.1571 9.53283e-05 1.20559e-05 1.68745e-05 1.57666 26.7579 0.000168276 4.48332e-05 6.63496e-05 5.97217 0.000272844 1.03235 0.26133 0.0457637 9.31049 24.4343 0.0634059 2.21548 
0.0266532 0.0149364 0.00731734 0.00206019 0.00478853 13.0667 0.0105433 0.0461191 0.604275 1.70893 9.89099e-05 3.02909 8.04799e-05 0.0012784 0.0365349 16.1813 0.303824 1.37147 
0.106759 0.00386422 0.00410944 2.82198e-05 0.0176316 106.432 0.229218 0.00673369 0.127342 6.51209 4.10901 0.121515 0.0205437 0.00687955 0.752337 37.323 0.031123 7.75628 
1.38806 1.60833 0.925704 0.00184156 0.0722882 0.0924389 0.00145313 2.3291 0.0217996 3.85437 2.32834e-05 1.20848 0.00133017 0.0318897 2.51548e-05 32.286 2.74352 0.74755 
2.76949e-05 0.000668613 0.00385606 0.000134257 1.92245 0.15065 2.44946e-05 6.99385 5.53114e-05 2.93366 2.17913 1.38675 3.22861 0.0012746 1.10855 2.86173 0.285164 0.598379 
8.9095e-05 0.00077365 3.18322 0.816953 0.0132629 558.541 0.00202723 0.11672 0.0258562 56.4278 0.011881 2.4272 0.000231449 0.042187 0.000115579 14.6135 0.900825 0.454314 
2.76071 0.0346781 0.000293252 1.14344 0.637732 2.24181 0.22343 0.0015179 0.152815 143.373 0.000963408 0.0552459 0.0907466 7.13213e-05 0.0328931 31.6709 0.00146428 6.88054 
0.0211338 0.0394366 0.298482 0.000137957 0.000172616 0.759601 0.000452669 0.00103018 0.00468209 0.3112 0.250736 2.49429 1.47703 0.0121729 0.000188651 26.6985 8.14617 1.60963 
1.96277e-05 0.0016201 0.0076181 0.121502 0.0745603 50.5938 4.53863 4.17607e-05 0.372327 0.183526 0.102898 0.113735 7.60477e-05 0.328348 3.44377 11.5724 0.217145 4.62979 
0.000178861 0.442752 0.197889 1.71355e-05 0.0900768 30.0328 0.414956 0.000167854 0.000321838 0.0938295 1.24397 0.616185 0.00244358 0.100824 0.738574 34.0338 0.147424 7.4526 
0.111899 0.666203 0.261928 2.72744 0.0911554 0.258287 0.0364706 0.0147001 0.00886929 0.0354367 0.000581331 0.204268 0.000636311 0.0067533 0.157658 19.1746 0.0696042 8.39166 
0.0222232 0.000513372 2.66867 0.00259994 0.0003027 105.264 1.55883e-05 0.0243393 0.00953955 0.34066 0.000429021 0.0190941 0.54053 0.332577 1.00599e-05 29.5526 5.6221 0.497281 
1.90203e-05 0.0006591 0.00131291 0.0868367 4.38632 6.12344 4.22811e-05 5.54637e-05 0.000609602 0.0708943 0.523648 35.7444 0.000927301 0.0369905 0.449856 2.12073 1.30181 4.36097 
7.5767e-05 0.0695492 0.000160866 0.00798455 0.0190953 0.0357703 8.43532 0.0432987 1.1701e-05 385.26 0.150333 252.802 8.56565 0.00420051 4.00973 19.1339 0.000132559 5.69144 
0.219816 6.50102e-05 0.124696 5.14978 0.000773843 1.29096 0.0736609 8.08043e-05 0.0297631 0.0101949 0.000573946 21.3495 0.0256344 0.222265 0.000156198 13.3875 1.80426 0.351716 
0.00968782 0.00347713 0.302282 3.58188 0.00073543 9.72883 5.28611e-05 0.00713068 0.0011527 0.520337 0.0974469 6.17484 1.33921e-05 1.57124e-05 4.50237e-05 33.0607 5.88001 8.43584 
0.00059088 6.54682 0.0810473 1.71769 2.07244 0.0232263 0.00267248 0.000380221 0.000167627 0.226556 1.84519 0.82846 2.14667 0.0223121 0.0361133 6.55178 3.2735 0.801406 
0.000338413 0.0214054 0.00261045 6.94167e-05 2.62079e-05 1704.02 0.0139007 1.49892 0.29481 0.0104486 4.6927 39.0019 0.000363152 0.921449 0.326459 4.9682 0.938692 0.0679061 
0.0052991 0.00291354 0.000179367 1.06497e-05 0.0371758 0.163552 2.21005 0.00796351 0.000110239 4.50723 2.77412 0.0220121 1.70942e-05 0.00158963 0.0272961 38.7094 0.711129 0.627053 
0.393721 5.17087e-05 2.92625 3.40465 0.0620468 1.8334 0.0262031 0.000300204 0.462117 114.013 0.00220825 127.704 0.000102211 0.234528 2.21323e-05 1.61004 1.94666 6.31178 
0.00505452 0.000576732 0.0164092 7.16583e-05 0.0340485 3.58897 0.00229519 1.85547e-05 0.000595042 0.124902 1.12528e-05 0.422314 1.03308 0.00319204 0.000480957 25.5757 0.613296 4.54228 
0.000375344 5.13564 5.78551e-05 0.0977154 2.84622e-05 0.0270767 8.60314 8.50168e-05 2.96309e-05 0.394946 7.99565e-05 0.517232 0.258252 0.00153495 0.274984 30.3434 0.0149696 5.01592 
1.17008e-05 0.000513701 0.0276723 0.000130965 0.000675512 0.0624575 8.30822 8.5711 0.100309 0.100503 0.00132413 97.8476 0.636257 0.0161181 0.00240759 2.73179 0.793467 0.356217 
0.0157686 0.0286471 0.00015413 0.00325674 0.0024946 72.2718 0.000369699 0.0282565 6.26439e-05 1.92627 0.0299568 3.43548 0.0352017 0.00124933 0.000648439 27.7283 0.422687 1.31049 
0.00114723 0.00573608 0.00578257 0.149221 8.54224 0.0208104 8.655 6.14288 0.489627 386.525 0.891757 0.0115534 0.686045 9.6676e-05 0.416894 32.7288 0.0210418 9.02569 
0.0230315 5.01147e-05 0.781766 0.00162538 0.0155398 0.0165262 0.00837983 0.0173848 0.0941622 13.5712 0.330906 1.23823 0.771279 3.44003e-05 0.00521595 9.29179 3.23829 8.32355 
0.111358 0.133373 0.000438809 2.76421 2.70875e-05 0.110499 1.32923 0.0424945 2.50755e-05 1.14403 1.07698 3.48445 0.000561828 0.068041 0.000119479 49.0176 1.53037 0.146322 
0.0127005 0.0108321 0.000203134 9.35112e-05 0.00392307 215.59 2.46786 3.56711 0.00234054 1.31541 9.73765 1.61465 0.0171377 0.664021 0.00227913 3.1145 3.12808 4.91291 
0.00113461 0.26543 0.0224053 0.00137354 0.0287061 2.94984 0.221285 3.86505 0.0432565 40.9393 0.099101 0.0337935 2.64661 0.0610865 0.773733 3.45157 0.100909 3.89712 
0.00701216 0.000377156 0.014172 0.00462571 0.108053 0.847636 0.0533701 4.06475 0.223449 45.4952 1.17116 77.2513 7.00828 0.181205 0.276304 4.15781 0.999279 2.02436 
0.145607 2.56406 0.00200433 0.000836998 0.734763 283.588 4.09138e-05 0.000172919 2.00712e-05 2.16343 6.85038e-05 2.2262 0.0577403 0.40411 0.678173 3.37407 0.459152 2.43707 
0.241268 0.000115604 2.51651 1.34965 3.09482 2176.7 1.24127 0.0649715 0.000259107 104.766 0.154752 19.145 1.01604e-05 0.0297722 2.70701 31.3414 0.117884 0.459321 
8.53187 0.281832 0.0202776 0.47528 0.126462 1.24782 0.0152645 0.0018203 0.00387959 13.2543 1.91821 0.0865108 0.090196 0.00372585 0.954622 25.4276 0.149536 1.57365 
0.037069 1.01599 0.000480698 0.0227637 4.6727 73.3452 2.91236 9.82344 0.00325844 167.598 3.12545 13.3867 0.000217182 0.0822257 0.738199 32.3744 0.740368 0.16087 
0.382168 0.000261801 0.196556 6.63093e-05 1.2781 32.6049 0.19323 2.29198 0.023938 0.0345954 0.0255074 2.89425 0.00177151 0.00509889 1.49422e-05 36.2403 0.76599 1.22477 
0.000153423 0.121352 0.702308 0.000115292 1.70888e-05 0.0415947 0.379933 0.00182328 0.0367274 200.122 0.00108924 15.008 0.211916 2.96504e-05 0.997043 36.5876 0.000818286 4.4151 
3.69539e-05 0.00112416 1.76972e-05 0.0690342 0.0756536 1.34313 2.03503e-05 1.07235 0.854936 0.828707 0.000538653 16.3998 0.267203 0.21476 7.09501e-05 7.80061 2.31563 2.38248 
0.0139064 0.000155385 0.0977701 0.176161 0.00111101 0.0340104 1.11778 0.0308569 0.776284 0.246461 0.000144195 6.74098 0.200549 0.193597 0.220935 6.72245 1.84712 0.797929 
0.0214458 2.93925e-05 0.00138946 7.39317 4.13315 0.0202513 8.37919 0.0128412 0.402256 0.186149 8.65615e-05 0.344198 0.000842026 0.36165 0.000427223 0.677606 0.595567 6.35249 
0.0445522 0.566456 0.00380923 5.24754 0.233118 700.815 0.000331841 0.000597335 0.0111907 0.424931 1.02342e-05 0.0526948 2.86766e-05 0.0053733 0.000378349 11.4092 1.30322 4.05397 
0.0702583 0.000899077 0.00159346 0.000158875 4.77304 49.6475 0.00961037 0.000585385 0.000164301 0.32603 0.0208281 0.0101682 0.134351 0.902223 5.66688e-05 0.514791 1.3988 5.64764 
0.656823 0.00698237 0.065201 1.31807e-05 1.13966e-05 1241.67 3.13075e-05 0.00624659 8.39879e-05 89.5693 0.0152833 123.183 0.000710433 0.260172 0.103637 2.16804 1.80377 2.86022 
0.000363495 1.02443e-05 1.02268e-05 0.0669049 0.000786948 1340.86 0.053386 0.00194755 0.0336491 0.480861 1.39137e-05 0.303397 0.000400823 0.00317736 8.7463 25.8795 0.00920113 3.38967 
6.77773 7.16927e-05 0.0118329 0.115413 2.33976e-05 0.0242351 0.0427715 4.79676e-05 4.59578e-05 0.0737006 3.05474e-05 0.0172693 0.176536 0.000672644 0.00165516 14.2258 0.29537 4.75417 
5.04458 0.00106217 0.107956 0.0497091 5.66343e-05 125.797 2.11981 0.262199 0.000135521 0.0998901 4.70141 0.0682911 0.0840028 0.00152889 0.000108011 7.8814 1.07207 0.480161 
3.62049 0.982405 0.00136288 0.0490951 0.0011686 19.428 0.111832 0.000542137 0.00450865 2.16133 8.40224 0.0934485 8.69275 0.861971 1.22048 0.50337 1.67076 2.5509 
0.00023593 0.0039684 0.00974011 0.00012237 0.0644607 52.4408 0.00143825 1.69852 0.470759 0.666747 0.844747 13.4494 0.00970175 0.0146173 0.010538 1.35876 0.747654 1.00634 
0.00165889 2.85896e-05 0.000236214 0.000400351 2.46305e-05 62.1283 0.000693731 0.394322 0.145143 0.8819 0.000171497 13.0167 0.0999151 0.0019489 0.466633 15.1229 0.0158769 7.81367 
0.00411471 0.10586 5.15783 1.78712 0.00414453 0.439499 0.0228767 2.64913e-05 0.0303494 4.23396 0.000472425 0.0313208 0.0513876 0.116467 1.85309 9.14937 0.145334 1.70308 
0.000430804 0.236593 0.00531082 0.0215953 0.0078915 11.5553 0.530926 0.000764329 0.258895 146.364 0.738142 0.0425105 0.17951 9.00264e-05 6.2608 42.4396 0.017218 6.41688 
0.0025596 0.00168104 0.0202327 0.000100729 3.93969e-05 1.88546 0.454386 3.69409e-05 0.00329857 0.0122993 0.620297 0.216552 0.0956374 0.0130362 0.000163093 38.793 1.72051 0.248592 
3.81895e-05 2.09599e-05 0.595439 0.958252 0.532769 6.08354 0.00120758 0.819346 1.35541e-05 3.74071 7.78866e-05 6.37942 0.0039412 0.0683321 4.40019 13.549 0.0297311 7.77654 
0.0899853 0.0493576 0.000663331 0.00181864 4.84563e-05 0.0255298 3.81211e-05 0.0192248 0.000532056 66.7129 0.0577734 0.123355 0.000196716 0.129971 0.000291407 8.60978 2.05586 0.998349 
0.00573465 0.0835229 0.0213472 0.16367 4.77727e-05 58.4003 0.000231275 0.000181912 4.76551e-05 381.94 0.00640217 0.0953389 1.01013 1.72233e-05 0.699181 38.5763 0.0189492 2.04735 
0.000748321 1.53481 3.87543e-05 0.0772389 0.0368905 1496.3 2.08393e-05 2.60793 2.73084e-05 4.47805 0.00568353 418.155 0.00936453 0.0279112 0.824829 9.18425 0.223195 3.27697 
0.00284328 0.423812 0.000130312 0.15639 0.0709519 2.75893 0.00518346 0.00704609 0.104523 0.278374 0.0377665 0.0117797 0.00668737 0.187266 0.093625 2.66074 0.661813 5.77136 
0.000510399 0.304219 2.86889 7.79375 0.00134691 1.32874 0.434747 3.77277e-05 0.218241 0.561783 4.57555e-05 0.051522 2.31822 4.5898e-05 0.0210357 6.27785 1.01997 4.86575 
0.172115 0.179524 0.000262416 0.00261722 0.000880417 6.92207 0.0142338 5.02185 2.52554e-05 0.0813746 1.0234 30.2115 1.02215 0.0149214 0.000701596 7.65807 3.45271 0.969464 
2.37418 0.0122867 6.95039 0.0175609 3.13133e-05 124.471 0.0027535 1.07738e-05 0.000625197 2.41912 0.446951 4.54912 0.160384 0.000956144 0.000397989 4.89778 0.458809 3.33287 
0.0212019 0.0363389 0.000613833 0.00296436 0.00181441 0.868577 7.09546e-05 2.91457 0.000173899 262.993 0.0992994 0.0877482 0.000615814 0.00334467 1.44911 16.9699 0.0449786 3.50653 
0.578879 0.209226 1.18271 0.0172801 0.000114156 231.975 0.0451547 0.00119078 0.00207665 3.63406 0.000260144 0.0119616 0.455179 0.117616 0.25552 2.50439 0.454877 3.01396 
2.51059e-05 0.0164913 0.00682168 4.11352e-05 0.159889 0.0670251 5.37037e-05 0.00223846 0.00370329 0.696311 0.000293413 0.0154087 0.000200092 0.0492078 0.000600392 31.1095 1.4741 0.213086 
0.0616972 0.000370607 3.52e-05 0.194184 0.299719 4.34177 0.0017114 0.36372 0.0558863 0.104908 4.9241 0.0369706 0.000740315 2.09409e-05 9.73619e-05 47.8721 1.22697 1.55461 
6.89518e-05 0.266846 7.28359 0.480177 0.0412309 48.6055 0.00118441 0.00209021 1.17244e-05 1.5434 0.000344083 109.399 0.343463 0.0393823 0.358949 9.03782 0.637654 1.57777 
0.0274081 3.58077 2.21001 2.7551e-05 0.000940474 22.2343 1.47715 6.6808e-05 0.386325 0.0103893 0.265362 0.0211353 0.161452 2.54707e-05 0.00408831 20.2561 1.42181 0.455943 
0.000190341 1.66458 0.0710751 6.37236 0.00345856 6.34309 0.0245859 0.00790008 0.908398 0.602108 0.000101732 7.5622 2.60703e-05 0.00345764 1.70992 40.6226 1.56111 8.52487 
0.0214495 3.80354e-05 6.97717e-05 1.9449 0.0167843 85.2084 0.00081117 1.87668 0.027159 0.0819573 0.900506 0.183708 0.477502 0.187474 0.000111528 17.279 7.00929 2.84506 
1.02451 3.49819e-05 0.0690545 0.00125673 0.0611975 0.304156 0.00131397 0.00082529 0.00114738 1.37942 2.69634e-05 212.586 7.98309e-05 0.0107719 0.000903964 32.1309 0.719733 6.90817 
0.00164128 0.023659 0.157608 8.54028 0.0040187 0.267733 1.31548 5.11283 0.0775051 0.0493792 0.000550139 3.87407 0.000202019 6.30334e-05 2.41302 27.0129 0.0475972 8.67372 
0.000281881 5.95152 0.648694 2.38867 3.95802 270.405 8.17495e-05 2.04167 2.53337e-05 33.7219 0.0121335 54.5248 0.000133357 0.164662 0.000879671 9.23542 3.94199 2.71072 
5.5032 0.0277228 7.03713 0.00380945 7.95804e-05 0.472805 9.69764e-05 0.153248 0.912743 0.126317 0.198281 0.294463 0.00223321 0.250496 1.08375 1.62549 0.305967 3.62789 
0.0405568 8.04558 0.000859636 3.96117e-05 0.000790681 15.8044 0.00012943 0.496285 0.00569672 19.509 1.02242 8.14316 0.00255889 0.000192292 0.000413909 5.56837 0.297675 0.718121 
0.578464 0.0102574 1.43235e-05 7.11271e-05 0.000105622 0.0715336 0.209431 0.262403 0.00504048 0.112138 0.00107731 1.30204 0.100549 0.000291788 0.178682 12.8511 0.136775 6.11137 
0.0138859 4.19878 0.0157542 6.6997 0.0118288 17.573 3.11031e-05 0.350792 0.137114 244.21 0.0539961 0.186822 1.98323e-05 0.269611 0.00128022 1.56496 1.31116 8.39824 
0.115662 2.62381e-05 4.54773e-05 0.268838 1.65727e-05 11.9087 0.144811 0.751029 1.42099e-05 151.567 1.70577e-05 67.9463 0.0742485 0.00367047 3.13838 13.6165 0.0101967 7.89391 
0.846137 0.33833 5.79502 0.194045 0.0119946 0.0587119 0.0399357 0.00171937 0.000239296 0.635784 0.48202 1.73613 1.82985 0.00256877 0.0253158 12.5294 4.06846 3.1692 
0.0115479 0.0014375 2.20478e-05 0.00570627 1.80474 0.283736 0.000958818 0.000107858 0.0014219 69.5112 0.0190934 0.0441773 0.000211905 0.0352794 0.000132563 2.85139 1.16068 6.90639 
0.000680296 0.0733626 2.63717 0.0081629 3.45487 0.178802 0.00389377 0.0034226 0.0156978 117.323 1.01335 3.95406 1.83387e-05 0.000732926 0.898239 13.1839 0.396353 1.17054 
0.00161621 2.71194e-05 0.142856 0.0516563 0.00182595 1.5464 0.00258514 0.0624844 0.131278 22.9077 0.301269 0.0460679 5.97064e-05 0.614146 0.0190502 25.3134 2.64566 0.0800431 
0.00177676 0.00823694 4.91978 6.24522e-05 0.457213 9.79413 0.0252367 0.00407015 0.00579575 0.283463 0.147563 0.184783 0.000386872 0.358639 0.000250663 1.90828 1.82083 2.20419 
0.011102 0.00353016 0.00149269 0.756698 0.000524333 103.54 0.00093776 1.09807e-05 1.54805e-05 0.0255495 0.0568755 0.296649 0.416617 0.326478 0.0751941 8.80656 2.35408 1.02798 
0.154994 0.000610088 1.80207 7.4446e-05 1.15796e-05 71.7314 9.31949 0.257422 0.000835199 7.99266 0.36602 4.27019 0.000631781 0.00160802 2.97669e-05 25.6566 0.336127 3.12597 
9.44297 0.389988 0.00180083 0.363439 0.0157212 0.182165 0.0162757 0.0390301 5.46696e-05 10.9459 1.45383e-05 0.096863 2.17559 0.00315309 0.000157042 7.50947 0.450289 9.46161 
0.49191 3.06364 0.457133 0.0194873 0.00236519 22.6174 0.676976 0.789808 0.000122568 1.4455 0.000499259 0.919704 2.84439e-05 0.0335754 0.0198939 10.5784 0.647677 6.4392 
0.00421725 0.00127769 0.156042 0.000168337 1.73384e-05 0.201589 2.45334 0.041795 7.6631e-05 2.09915 3.70047 4.60575 1.34978e-05 0.0187477 0.370586 12.9592 0.837012 8.88078 
0.0048921 0.00362004 0.0878556 0.000106357 0.0305663 1.75985 2.07297e-05 0.0718902 0.0351467 27.4545 4.18187e-05 0.0852853 0.394052 0.256074 0.000164782 1.09092 0.71581 5.53487 
0.0133941 0.235481 0.000124042 0.581236 0.161398 0.0109516 1.00055e-05 4.35263 0.00489761 0.0683541 0.0421727 8.42656 0.0505229 0.200529 0.000592215 1.28206 0.740745 6.40839 
8.8502 2.8682 0.0113881 0.750772 0.0336601 115.82 5.63451 0.00561368 0.631908 23.7363 0.0172676 0.0469062 2.4413 0.858607 2.25584 22.8799 1.05483 0.903276 
0.000174556 0.416198 0.0305225 0.00251453 0.0107893 1361.25 0.000533522 0.459125 0.0145626 436.468 3.28031 0.177914 0.00755858 0.0884107 0.141145 3.7526 0.705827 1.32495 
2.80977e-05 0.28435 1.7222e-05 0.494591 6.95476e-05 0.431797 0.0018613 0.000111022 0.235381 125.801 0.00421924 0.0210133 0.00118984 0.00073307 1.04138e-05 17.3659 0.568187 2.6901 
1.82024 5.27649e-05 0.0136121 0.00759526 0.00870031 9.42929 0.0036639 0.0802504 0.00667311 3.25528 6.03542 113.451 0.154271 0.00182475 0.175426 0.233734 0.269684 3.14019 
8.2779 0.0419394 1.59823e-05 0.251422 1.96807e-05 0.594809 5.09914e-05 5.10257 0.0554309 0.0514287 0.663982 206.382 5.70228e-05 0.000184353 0.0367036 2.4138 2.02616 0.376985 
0.00015901 0.544174 0.0817436 0.000212581 1.19162 0.0116716 1.25623e-05 0.0090756 0.000850888 0.0337215 0.0120917 12.2603 0.0466978 7.33976e-05 8.42958e-05 13.1947 0.381662 6.50088 
0.0570851 0.0455084 5.90952 0.181269 6.33175 0.0264633 0.0370825 0.332322 1.93642e-05 1.6179 3.29077e-05 0.82355 0.000142186 0.00595039 0.00202762 31.6171 0.968466 0.974389 
0.0199953 0.457956 0.230026 0.00891691 1.20166e-05 215.173 0.00185351 8.77327e-05 0.00030477 71.5335 0.000909335 11.9993 6.30263e-05 0.906201 0.688682 20.5474 1.76953 0.47873 
0.686831 0.598496 0.049802 0.301998 0.00865699 7.07925 0.3789 0.0198407 0.170685 67.9687 0.0166117 0.69111 0.0571698 0.0033244 0.136093 10.59 0.279758 7.45123 
6.04709e-05 2.58933e-05 1.72086 1.78165e-05 1.56206e-05 228.674 0.00363939 6.50191e-05 0.000160758 1.49756 0.0193109 0.0284365 0.011818 0.0102821 1.5631 12.7831 0.220351 7.23956 
0.032096 1.99359e-05 0.0190035 0.115312 5.31445e-05 348.842 0.00302499 0.0458406 0.223324 34.1573 0.00283947 47.9368 4.71647 3.75779e-05 0.886256 6.88625 0.959459 0.285751 
0.00059394 0.00024574 0.483405 0.00106638 0.000132687 3.04198 0.00102265 9.83847 0.824817 1.20707 9.37128 3.40761 1.83866e-05 0.000180212 0.915852 6.75231 0.23282 5.58956 
0.00171971 0.00318902 0.000217499 0.0214997 0.000494537 11.7492 0.049532 0.00171797 0.840678 0.0407907 0.00165745 20.2416 0.445243 0.000193719 0.0422944 2.65558 4.25296 8.3667 
0.01044 3.38919 2.80283e-05 5.19752e-05 0.000358704 793.339 0.889589 1.7968 0.00556413 1.59746 0.000154924 0.821972 0.0111483 0.00144137 4.02587e-05 14.0236 0.167532 7.43962 
0.0178612 0.00087798 0.312936 0.223258 3.6026 115.754 0.073996 1.02725e-05 1.45844e-05 1.04464 6.0243 148.689 0.000636096 0.0418627 7.79294 25.6637 0.0344256 9.35064 
8.995e-05 0.0284055 0.000739415 0.0808595 4.82199 72.604 6.72657e-05 0.0184211 0.000155858 0.0420883 0.885483 0.615997 0.690792 0.000430488 0.000314791 2.19729 2.59851 4.1674 
0.279665 0.00124221 0.00115952 0.00764175 0.00136551 20.6189 0.337276 0.00939459 3.55149e-05 354.103 0.000206648 0.0388485 0.0634244 0.546376 0.00855772 2.79189 3.6992 9.52254 
0.190946 5.78712e-05 0.000465209 0.0285343 0.0776395 16.8564 2.53331 0.00137589 0.00980361 388.97 0.00212693 0.379933 1.61012e-05 0.00614515 1.6987 18.7681 0.0519986 4.36896 
0.0835118 0.010839 0.000107467 0.00105462 8.84897e-05 0.743794 0.00871539 0.309464 0.0016488 1.5917 0.947863 0.0110361 5.39761 0.000493226 6.29519 3.73597 0.0737352 3.82152 
0.11805 0.000165197 0.000108237 0.000119847 3.02989 94.6233 0.000245789 0.015231 0.26777 155.889 0.00216554 0.042432 0.00421511 0.00670392 0.138057 7.18426 0.402749 9.96973 
0.0195658 0.0126024 1.0552e-05 0.000173354 0.000167742 2839.89 0.00121399 6.78936 0.0535066 1.11709 0.0178456 132.533 0.397762 0.00136679 0.155645 19.2567 5.36438 4.43789 
0.0550571 0.119788 7.55161 0.146325 5.39468e-05 144.638 0.561331 0.0416603 0.0141343 0.0204622 0.000107849 12.9035 0.000153432 2.76959e-05 0.00259283 31.6864 0.194288 1.95159 
0.709667 4.90159e-05 8.38087e-05 0.273269 0.38699 0.0271716 0.435761 0.30902 0.00388721 7.55689 0.496211 3.12237 1.07653 0.000267446 1.10577e-05 4.24871 0.760281 8.92536 
5.66959 0.00236009 0.00867682 1.99636e-05 3.2516e-05 8.0422 0.111582 0.000265638 0.00026091 0.0442809 0.00301009 3.24505 7.12574 0.34461 0.837811 5.69877 0.684772 0.176781 
1.40256 0.00855763 2.5427 2.00197 0.000310581 6.53786 0.000284207 6.29174 0.276336 1.41251 0.368087 106.378 0.0157435 0.136772 0.0156018 23.4918 3.81463 1.37229 
1.19247e-05 0.0213625 0.109264 0.00278616 5.03703e-05 0.0869041 7.69145 0.189394 2.96143e-05 35.5108 0.000119088 3.32007 0.119741 0.0374437 3.91559 18.3395 0.0581272 2.58943 
4.87384e-05 2.06864e-05 1.92657e-05 1.45443e-05 1.13556e-05 35.6139 0.78651 0.044583 0.52269 1.0439 1.00743e-05 1.93267 1.78946 0.00126851 0.02755 21.6298 0.349216 2.85045 
5.57927 0.000118055 0.0913651 8.42929e-05 0.00244306 972.889 1.48452e-05 0.0193761 0.0123454 0.440668 0.00768328 0.022607 0.0203649 0.0469607 5.50906 23.9993 0.332198 2.14641 
0.0113777 5.3831 9.28321 1.19243e-05 0.00315935 137.178 0.00134605 2.1562e-05 0.000676257 223.331 0.0457904 5.54731 1.46559 0.42367 0.000521519 19.7241 2.70405 0.269607 
0.058734 2.60107e-05 0.515069 8.18865e-05 0.20918 0.199869 1.51057 0.0439345 0.000515216 0.55237 0.22964 4.57455 0.117739 0.0129548 0.00602868 47.2731 1.0646 0.363791 
4.82224 4.0866e-05 4.15023 0.0002561 0.0352892 96.6899 0.000984852 0.139335 0.00413356 167.448 0.0308814 260.881 0.0514198 0.217064 0.886415 5.82688 0.273117 0.916565 
7.14738 1.47347e-05 1.24636 0.000364718 0.010463 0.686868 1.34611e-05 1.37589e-05 0.00704187 76.7042 0.000395861 7.48076 0.0942083 0.14725 4.22396 6.48085 0.0298639 5.77686 
2.54891e-05 0.0766299 0.0125548 0.643415 0.0053372 315.35 0.760217 0.28646 0.00145633 77.0318 0.006963 1.01546 0.000102183 0.0060062 8.07633e-05 22.5676 0.77627 4.77102 
0.0018841 0.0107355 0.394021 2.92574 0.00332769 0.477619 0.0244557 1.74 0.0548854 0.09215 0.000987026 21.0845 0.000510521 0.00659084 3.44758 9.92788 0.0531409 5.79792 
3.24364 0.0782041 0.057309 0.000499334 0.000330869 4.44455 0.0006705 0.267544 0.00658816 0.0131909 0.000129565 7.85262 0.561841 0.0241974 0.0473636 4.0558 0.333469 2.75656 
0.0972466 0.0150164 0.578815 0.000190558 0.21797 112.547 1.26323 0.80941 0.000738457 0.115284 0.107811 0.0113849 0.787284 0.00113723 0.0482731 16.8415 1.51832 0.459524 
0.363802 1.18452e-05 0.0447636 0.0705738 1.84719e-05 15.5082 1.35532e-05 0.0392811 1.92439e-05 250.978 0.0047313 37.7577 0.00693874 0.00727531 0.0148001 8.80795 0.244363 1.76732 
0.044027 0.751631 0.637453 0.713024 0.000214806 0.0146937 0.00012412 0.00206633 0.0139115 0.0426331 5.68218 0.0147432 0.264949 7.00888e-05 0.0384715 1.13776 1.17363 8.58838 
0.00047852 0.000459173 0.00204291 0.25862 1.14986e-05 56.5619 0.16042 3.10007e-05 0.00106804 0.0841745 0.188727 3.50075 0.00170127 0.241261 0.00993192 1.31457 0.929912 8.04233 
0.109405 0.000821772 0.000504178 0.0167432 0.000363087 0.168184 0.0560007 1.88983 0.0435576 0.298322 8.83123e-05 2.29331 0.00197919 0.0115346 0.00622659 31.6124 1.2978 3.0873 
0.000709831 0.00805336 0.000112313 0.00405867 0.658457 2.59506 0.00254195 4.65101 0.000113484 126.982 2.68977e-05 0.302262 0.0266914 0.427702 0.110647 4.16662 2.83279 7.30311 
0.0905788 8.1826 0.00176677 0.00101249 0.0137399 1288.33 1.03461 4.60191e-05 0.000108675 0.705862 3.18658e-05 0.0763783 0.0872627 0.00389013 0.000110297 12.8208 1.42809 8.31456 
7.5304 1.77141e-05 0.000229652 0.00631678 1.20622e-05 58.8964 1.14775e-05 0.000185677 0.230654 2.54592 0.00137554 0.017574 0.00908091 0.00630447 0.121839 32.0791 0.88141 1.31674 
5.39034 0.0438421 0.306065 0.00979224 0.0242674 0.729165 0.0174898 4.25393e-05 3.95878e-05 0.768558 0.000500497 126.502 0.014466 0.0127712 1.03518 12.2668 0.109344 3.44506 
5.66874e-05 0.000115482 2.72003e-05 1.67296 2.59893e-05 159.434 0.0186755 4.85081 3.09957e-05 37.9541 0.00241657 0.0145831 0.000241917 0.193031 1.59318 3.84916 0.302425 1.18394 
0.711671 2.4432e-05 0.349717 0.000919316 0.00219622 2.84666 0.439324 0.391103 0.00914131 284.421 0.317954 0.717703 0.0959177 0.816518 0.4199 0.910007 2.21082 8.34248 
4.949 1.30586e-05 0.00535025 2.05061e-05 0.12059 2.33815 0.59942 0.00105429 0.50206 48.2684 0.00107395 0.159856 0.000631258 0.0941249 0.00179762 3.77491 1.29512 2.53019 
0.00218611 0.0041072 1.02353 0.000349137 0.883914 135.252 7.88606e-05 2.91851e-05 3.63584e-05 16.7271 0.000887937 3.08274 9.69294e-05 0.188737 0.00202995 4.53168 2.62599 2.359 
2.08768e-05 3.09125 0.231186 0.0025266 2.35698e-05 7.23189 4.91611e-05 0.60011 0.0015008 0.472353 0.0376516 0.697149 0.00350945 0.0162036 0.00762785 21.2794 0.986484 4.94579 
0.983859 0.266397 0.000138403 0.00481707 1.82609e-05 422.398 0.000210178 6.57271 0.000322674 11.6828 0.00170562 3.55745 1.80656 0.0497889 0.00457509 25.2178 0.948127 0.299213 
2.29066e-05 0.178543 0.811392 0.000537923 2.70975e-05 0.0332024 0.000799389 0.507824 0.000384695 3.33209 2.53169e-05 0.355986 0.00945468 0.00513943 0.00114585 39.7554 1.07859 0.816886 
0.000829319 0.00121596 0.00946277 0.00134281 0.000201403 275.903 0.015936 0.718958 0.566934 43.5194 0.27427 3.22084 0.000129676 0.14649 0.000316528 2.73318 1.43543 7.52366 
0.00250658 0.00140124 9.19366e-05 0.00206449 5.7718e-05 0.127111 1.45575 0.000976974 0.0150268 355.184 0.000201931 0.01306 0.329364 0.000121299 2.58104e-05 24.3845 0.355257 2.1453 
0.0210806 8.1284 0.000539959 1.7031e-05 0.00372982 2.23787 0.00568688 0.00328875 0.544536 0.470689 0.00119082 128.021 9.59937 0.398331 2.31184 15.193 3.57241 2.74755 
0.529375 0.00302819 0.0196648 0.0166577 0.000437752 22.2107 0.000130671 0.0747766 0.0505702 1.74066 3.71079e-05 2.28593 0.000269912 0.223055 0.000459002 5.50748 1.60689 1.01628 
0.000243499 0.080415 0.101499 0.00447837 0.00219268 0.379614 1.82574 0.000109244 0.0476722 166.232 0.0105254 0.537635 0.00181709 0.00581063 0.00147253 30.7186 0.795979 4.00183 
0.00120478 0.00512506 1.49647e-05 0.0023928 2.69475 0.0777937 1.16629e-05 3.59587 6.56306e-05 8.68479 0.000353932 271.154 0.000966842 0.235761 0.00026805 2.99761 2.49826 3.57967 
0.00977136 0.00204454 6.29921e-05 6.48428 0.069753 0.217064 1.37043e-05 4.90442 0.000175712 0.0232062 0.739035 0.0144727 0.000284951 0.00761905 0.413369 38.9435 0.404209 2.09419 
3.35382e-05 0.167119 7.31639e-05 0.0109459 0.000487064 4.36499 0.000135632 0.000518896 0.00349428 3.18786 0.00995935 0.199844 2.39726e-05 1.06167e-05 0.000984366 32.9291 0.168907 3.66524 
0.000122476 0.0615221 0.0344886 0.0100653 0.000795225 0.444883 0.000372035 0.0088393 0.107557 3.85188 0.00283883 377.623 0.281131 0.00238224 0.000120634 1.69549 4.47254 0.632646 
0.000586216 0.179992 0.00042444 0.0177251 0.000157883 1051.82 0.00390779 0.000259889 0.00794869 0.0111909 9.11294e-05 0.156374 0.00807645 0.00937784 1.49729e-05 7.09372 0.626991 3.21728 
0.000255491 0.00138064 0.0289786 0.00011062 1.58848 0.0553378 0.0018092 0.00062348 0.176622 48.8985 6.64022 0.0158678 0.00153537 0.00136256 3.01122 23.0911 0.0563153 8.33318 
5.14522e-05 0.294715 0.000441655 0.0197191 4.23791 0.0456603 2.60732e-05 0.576586 8.55645e-05 0.0106695 2.99664e-05 0.13515 0.0208788 0.033551 0.01936 5.28069 0.87924 5.80405 
0.00912307 4.36062 0.00373265 0.00469378 0.796529 2565.62 0.000478033 1.22104 9.59652e-05 57.6662 0.507448 56.2398 0.000144821 0.0402139 0.300329 44.8608 0.159605 3.8439 
2.77405 1.46557 0.302151 0.140154 1.21245e-05 0.0647874 0.00139799 0.0532074 0.367373 0.890642 0.00511009 1.85641 0.00593899 6.67777e-05 0.0377542 10.1106 1.322 2.52922 
1.39163e-05 0.000263716 8.17174e-05 0.000137316 0.000711431 2222.21 0.000257928 0.397175 0.348361 0.0134756 4.86864e-05 6.39647 0.00400936 0.000137166 5.66134 45.3726 0.235312 1.31476 
0.0297697 0.0117918 0.00671027 0.705808 1.43123e-05 0.550535 0.0121712 0.000176381 0.00852126 479.114 5.71002 5.79574 0.000164673 0.314966 0.0326658 6.52962 5.02394 3.64993 
2.31079e-05 0.00127747 0.0124288 1.89472 0.364327 6.85009 0.000147635 3.10247 5.19449e-05 8.5897 0.00443217 0.0575679 5.82473e-05 0.0711281 0.617296 4.23794 0.163915 9.70103 
3.20212 0.0214532 1.1188 0.00802423 4.55362 1.44091 8.17719e-05 3.45472e-05 0.00300058 1.13989 5.74985e-05 13.7356 0.00606123 8.07914e-05 1.34077e-05 36.9029 0.208016 1.34926 
4.16127 4.38132 1.12699e-05 0.00648376 1.35968 3.88857 0.0341252 0.119016 0.173504 7.35855 0.0196821 65.7779 0.0141361 0.612577 0.262975 27.6776 6.06617 2.31721 
0.000624599 1.36935 3.85345e-05 1.77348 0.133741 122.896 0.000504878 0.000984149 0.0205462 0.0143415 0.00125708 1.5022 0.000818326 6.98454e-05 0.415565 27.758 0.100351 6.71818 
1.50508 3.92084 0.43435 0.00274545 2.74352 0.0119233 0.83499 0.010358 0.00190513 73.5646 0.00012443 0.335671 0.00331448 0.281648 5.39637e-05 2.66187 3.25822 8.36348 
0.00707036 0.000125088 0.00239671 0.000437348 7.51135e-05 1748.6 0.849696 0.0008262 0.000103031 29.0297 0.0626726 430.882 0.514894 0.288556 0.0423817 18.6058 3.19491 0.684162 
0.000875867 0.000652901 3.54002e-05 0.000128496 0.00067949 99.5787 7.99017 2.58018 0.336173 1.92697 1.48569 0.192399 0.000398567 0.0110483 0.11888 38.4164 1.30309 0.765368 
0.48422 0.859752 0.00102937 4.558 0.0819002 0.0375449 1.58994 0.1541 6.70458e-05 72.2911 0.000390287 5.82962 0.977106 4.4578e-05 0.0272566 22.9608 0.252836 2.6194 
2.35091e-05 2.24424 4.47544 0.000228655 0.0806957 397.789 0.000398221 0.00786826 0.000976372 259.27 0.000317882 239.622 0.000195896 0.791941 5.38846e-05 8.44508 5.19612 1.04665 
1.22361 0.000437714 2.04873 7.49568e-05 5.09796 206.774 0.261734 5.48835e-05 0.032681 0.321255 0.000245769 0.069148 0.00210192 0.0506275 0.337235 41.8197 0.434123 0.14362 
0.112821 0.0010196 0.416617 0.0118204 0.0026151 0.0124566 2.39717 1.77805e-05 0.000255989 0.566823 0.15829 0.0163396 0.0105145 0.0230625 0.00148166 17.4433 1.97392 2.30674 
0.000155872 1.45392e-05 2.77156 0.000390772 4.341e-05 3.00278 0.117561 4.62513e-05 0.000755795 1.44422 0.00180432 3.64262 0.126474 0.0588327 0.43743 4.33133 0.221683 6.71528 
0.000709576 0.00814725 1.05945 0.0550518 0.141513 1121.69 0.000636603 0.0121292 0.00802464 117.064 0.0501747 150.784 0.00531269 0.24134 0.00474619 24.9534 9.31973 9.64387 
0.00185327 3.55416e-05 0.0249477 0.000736536 3.31834e-05 0.0503045 0.000814533 4.23261 0.198665 32.2483 4.23188 16.5483 1.16732 0.0391433 0.00490944 12.4988 4.3173 2.19495 
0.00012248 2.00888 0.000159148 0.0205697 0.0294926 0.162431 0.000200685 8.62005e-05 0.0362862 14.5795 0.0134675 2.74877 0.000302229 0.741845 0.0164195 20.9366 6.50753 0.661281 
0.0253836 0.573668 0.00207281 0.925781 1.40311e-05 0.0834742 0.0708349 0.00124874 0.0154174 238.868 0.0654871 155.046 0.110823 0.13843 0.127315 16.3586 2.4273 2.64693 
0.163094 6.47045 0.00157812 1.80709e-05 1.53206 3.63061 0.000603846 0.146361 0.0185364 104.632 0.138513 149.804 0.00189643 0.210983 0.000446654 7.97032 5.96994 4.04421 
1.14289 3.19724e-05 0.000974149 0.838332 0.00224509 1.00348 0.0135283 2.22798e-05 2.36681e-05 2.40589 0.00172947 202.782 9.05312 0.000183974 6.27184 14.7275 0.0649295 1.49701 
0.0101456 0.000296552 6.21975 6.89459 0.00489938 12.8912 0.218897 7.82267 0.0297174 51.6332 2.71676e-05 0.0699758 0.0069836 4.14403e-05 0.0116752 49.7869 0.267065 2.28997 
0.010972 0.375037 3.24449e-05 0.00234856 1.11841e-05 1781.69 0.000176724 1.99049 0.00175512 2.14283 5.1319 1.85091 0.0791465 0.533763 0.000102587 20.9809 3.33325 0.25256 
0.0117275 0.173715 0.0429931 0.564959 0.391152 1414.49 2.77748 0.000198742 1.48122e-05 7.58153 0.0589118 0.549906 0.000852821 0.0529947 0.470949 25.2129 2.83696 1.82342 
0.446892 2.08215e-05 0.000252565 1.46236e-05 0.335737 8.4611 0.0673259 0.000348973 4.63857e-05 15.9134 0.000299535 6.264 1.05477e-05 0.00121794 1.16416 19.7763 0.140863 7.09889 
0.000734174 0.000148956 6.62359 0.420147 0.000857156 178.502 0.000522702 0.000437254 0.0264525 168.929 0.0267901 54.9001 0.0115722 0.172683 2.48413 10.5635 0.174845 3.89824 
0.302591 0.00180938 0.000465945 0.000126914 1.04895e-05 0.0122755 6.70815e-05 3.43818e-05 0.130767 0.172552 0.0441686 0.166884 0.0438242 0.134652 0.308018 9.10984 0.624909 2.66689 
0.00016854 0.00222752 1.57587 0.0680034 1.20317 406.962 0.329961 1.31133e-05 0.735706 300.366 1.37954 0.0645177 6.31554e-05 0.0028524 0.00012492 46.2257 3.83049 4.36773 
0.00263694 3.01612e-05 0.0198741 0.0347994 0.613892 264.451 4.30677 2.63208 0.00506429 0.0170637 1.70206e-05 0.423709 0.00711086 0.0517047 0.000645876 4.075 1.1787 7.88156 
0.816404 0.0333408 0.00295133 0.224482 0.000257428 1.55194 0.395901 0.746524 0.00628129 1.35163 0.000152813 0.0795393 0.0306252 0.00192402 0.000705519 14.3092 0.846255 3.54673 
0.0834207 0.000136451 0.0212301 0.0183306 0.0574593 124.771 0.015816 0.00108528 0.0559947 0.0727165 0.0428296 1.3589 0.0019629 0.0928014 7.1111 20.657 0.125676 2.2776 
2.25701 9.81797e-05 6.47595e-05 0.000480593 0.0120124 150.781 0.00742023 0.00705251 0.000816566 0.109855 3.98971e-05 45.5455 2.64872e-05 0.19778 0.000127616 36.6818 2.1396 0.149941 
1.68899 0.052995 0.335072 0.109653 0.0013216 37.7631 5.40928 0.000844451 0.0649078 6.69745 0.00215982 1.62449 1.72727 0.00690969 0.0235115 22.8007 0.664718 2.78152 
0.155629 0.039847 0.0229156 0.694359 0.00019055 69.8216 8.257 0.00294905 0.845981 0.673353 0.00284485 0.12489 0.0692175 1.9992e-05 0.000352399 15.5151 0.945616 7.52873 
0.0010985 0.000220343 0.000605343 0.000483877 0.974671 527.617 0.527285 2.95543 0.00143136 0.0394316 0.00267087 53.1886 0.00950293 0.549647 1.04533 0.793708 0.384527 7.20531 
0.000893701 5.98671 0.942311 7.4956e-05 0.191899 2350.33 9.29551 0.00105643 0.373763 8.054 0.000236457 0.0197935 0.0518075 0.0455644 0.0499077 3.77404 0.534172 6.80983 
0.0836279 0.0786779 0.631061 0.00165727 5.10402e-05 4.55559 0.0011435 0.0505223 0.0239062 0.425544 0.246585 37.0456 0.000449388 2.21174e-05 0.162184 35.9078 4.14436 0.29164 
4.90449e-05 0.078762 8.37674 3.8974 0.00825625 195.602 1.11891 8.86047e-05 0.0155265 0.0649631 0.795214 0.230586 0.000380584 0.0343025 0.520038 27.5534 1.01864 1.6748 
6.77352 0.0223036 0.220554 7.19992 0.0489989 0.0314867 0.404945 1.88112 0.0707911 8.29908 0.393714 0.287465 1.89425e-05 0.00314382 0.128689 35.3574 0.471402 0.861067 
9.59047e-05 0.0862088 0.000425619 0.0103411 1.33435 0.0107685 3.79249e-05 2.85025e-05 0.000142001 103.495 0.0121946 1.30879 0.00133437 0.000854097 0.000356224 38.6373 0.470731 4.07243 
0.00797666 4.13819e-05 0.000477602 5.94325 7.49567 703.238 0.000181344 2.14562e-05 0.0756722 5.07864 0.0652111 0.0141607 0.0196237 0.0231181 0.0617172 25.0794 3.43657 3.17723 
0.00115425 0.00503447 0.905914 0.0945823 1.97745e-05 605.177 0.110866 0.120212 3.88895e-05 0.0249801 0.434297 0.0824193 0.000875214 0.107997 0.01224 16.7567 1.54647 0.415054 
9.76276 0.120946 0.00317951 0.24309 0.0153519 60.5373 9.48714 0.00905344 0.586651 14.9182 0.00453794 7.90713 3.52568 1.9085e-05 1.6106 43.4368 0.774591 0.296065 
0.0001104 9.77007 0.00205354 2.11069 0.00047852 24.7889 0.00141707 8.57887e-05 0.000330802 104.047 0.00322506 0.147436 0.493968 0.0897654 4.84263 15.3887 0.133314 0.673427 
0.00182095 0.0174261 0.00147195 0.0554848 0.0402504 0.206684 0.00293734 0.0961896 0.0006749 0.179271 0.0096473 0.0672623 0.1123 0.339473 0.150463 36.969 7.06448 6.01392 
1.60358 0.000311552 0.513215 8.29238e-05 7.36394 4.68528 0.00174538 3.39679e-05 5.22167e-05 0.0871974 0.00232238 0.554652 0.753701 0.0974376 2.65329 27.1292 1.76727 2.55786 
0.00271346 0.0094412 0.103522 0.000519763 4.02881 6.1415 5.13462e-05 0.024775 0.000798089 0.0239863 0.000189316 232.125 0.0297391 0.314926 1.57339 5.11436 0.73764 0.83619 
0.00436135 0.0111401 0.00462046 5.83356 0.582354 2.74207 0.314344 0.0470404 0.888921 0.61029 0.000782621 13.8664 0.020559 0.0517701 9.14956e-05 3.69503 0.882382 6.07915 
0.143585 0.00113776 2.03091 0.0642501 5.41135 0.585053 0.274898 0.000360553 0.000152256 15.7157 0.00876553 3.90777 0.000156752 0.0616861 0.00020806 9.07454 3.08068 5.49757 
0.00107041 0.00209734 0.00254401 6.44059e-05 3.35124 0.013872 1.86758 0.00207167 0.314968 2.40991 1.36929e-05 0.947932 0.000246988 0.018655 0.0886224 44.532 4.19539 2.56632 
0.0299416 1.65312 0.588954 0.242459 0.0554088 166.64 0.00826288 0.00326896 0.355708 55.8163 1.19926e-05 0.0592434 1.46373 0.722934 0.00719891 21.0865 8.96551 1.49479 
0.0150328 0.000100415 3.78862 0.10714 0.595068 689.686 4.61592 0.023773 2.85013e-05 44.4551 0.000766939 0.175696 0.00180274 0.0402427 0.150874 7.68507 0.429345 5.41239 
6.46002 0.0269166 0.00404657 0.0428074 0.229026 1108.56 0.202559 0.00150951 8.99529e-05 1.05761 0.0131108 2.60799 0.209294 1.17421e-05 0.0178908 22.951 1.66159 5.71647 
0.992874 1.70938e-05 3.37636 0.235263 1.50524 1950.85 0.00665209 0.0209311 0.116352 19.1077 0.000532072 2.66586 0.688444 0.0109869 0.00756198 17.276 2.59394 4.97929 
5.16165 1.16209e-05 0.00278263 0.308959 1.32345 36.0479 0.944062 0.0133489 0.325031 2.02959 0.479495 0.0152074 3.70618 0.00137003 0.000973938 1.9225 2.06863 5.27747 
0.279694 8.69859e-05 0.000526997 3.84219 0.00525888 274.291 0.00185629 0.000641443 0.233968 107.719 5.44201 0.0180988 0.000235763 0.00307044 0.602278 18.7922 0.157811 6.10426 
1.1459 1.79217 1.22318 0.203823 2.23223 142.898 0.000975561 7.29714 0.00148729 0.0995044 0.303116 0.201642 0.00643679 0.318701 0.000103487 1.22469 1.28701 8.28687 
0.000124463 0.00645986 0.00137746 1.359 1.7694 46.2301 2.09334 0.00542229 0.00997729 2.9218 0.00421304 0.0212389 8.19733 0.000640523 0.000106677 12.3715 1.71209 9.13889 
0.000106231 0.0005037 0.00136446 0.00195024 5.18296e-05 0.0361823 0.086917 0.00071 2.28504e-05 1.7679 1.91597e-05 19.1981 3.18238 8.80687e-05 0.00644075 7.11835 1.36665 4.90822 
0.0250298 0.0502536 2.97739 0.00421842 0.000274304 0.349895 5.11778 2.49712 0.000828446 342.24 0.000472494 0.417986 0.233635 0.31565 0.0920528 24.4079 2.64172 0.420872 
1.48336 3.88706 6.80564 7.86798 0.98548 0.11096 3.4559 4.22011 0.00496661 0.778969 1.10451 1.89159 0.581746 0.00487153 0.0314721 3.4659 0.947123 4.36114 
0.000623803 0.393127 0.000818273 0.00499037 0.0257294 0.505838 0.00179397 0.00776503 0.0109508 0.867948 0.00756336 105.265 1.3207 0.620326 0.945188 2.62311 0.550742 3.4574 
0.00156721 0.133763 5.42785 0.0290535 0.987239 0.0428158 0.00110679 2.0299 0.000726763 1.0558 0.89456 0.0149393 0.220383 0.119954 0.000443663 8.41797 1.78884 0.735307 
1.0132 0.138083 1.95465e-05 2.4151 0.000294541 4.27979 8.56718e-05 1.38506 0.0340044 284.143 0.000822127 0.698029 5.87382e-05 0.000282405 1.92839 27.5251 0.0321658 2.97689 
0.00610184 0.00974558 0.0206136 0.0253373 0.000289662 0.735207 1.27074 0.417677 0.0136113 30.7858 4.9368 72.1484 2.39279 0.000151398 7.74974e-05 11.6357 5.47342 1.04797 
1.78799 1.41661 9.13934 0.00013476 1.72084e-05 0.128529 1.80582 0.00138924 0.527201 58.078 0.0905597 0.0155618 0.000283632 0.0516536 0.175656 14.4327 0.833314 0.81348 
0.0109766 0.000176264 0.00345051 4.48678 2.09044 0.162126 0.0209546 0.0219763 2.55254e-05 132.76 0.000493204 39.1824 0.0024485 0.378546 0.60803 14.9945 4.07046 1.34183 
2.92474e-05 0.00135482 0.962949 1.08182 0.000410932 0.55472 5.81219 3.47411 0.00476047 364.723 0.309327 179.434 0.00193222 0.0277762 0.00993849 5.35988 0.912415 5.00365 
0.0132713 0.0439832 0.00836923 0.000102402 0.131264 355.675 0.104103 7.57494e-05 2.57371e-05 479.896 3.12649 2.2289 0.0882177 0.468345 0.227783 1.08661 0.631797 2.97804 
0.00394367 6.96616e-05 0.000124617 0.00183926 1.60762 1.10453 0.000103803 1.10613 0.170286 1.36754 0.00662604 417.979 0.00344572 0.0781602 3.88552 40.0361 0.447141 0.0397718 
0.00210749 3.11157e-05 0.00355023 0.968665 1.98369 151.193 2.16974e-05 0.114315 1.98528e-05 4.39956 0.228251 31.3284 0.0871829 0.0325499 0.418973 12.9618 1.09973 5.50007 
0.0247408 0.0366723 0.475533 0.130048 0.000605977 7.80336 0.000909119 2.34029e-05 0.00387824 0.405875 0.000920444 0.189753 0.000130232 0.0570089 0.657228 14.7532 0.753577 0.906175 
0.00148231 0.0523954 0.000162774 8.61614e-05 0.0893348 205.3 0.0117821 1.27995 0.0127949 0.0997244 0.000579064 0.805309 0.00080942 0.0177142 8.46566 43.7221 0.0687206 4.35023 
0.000114552 9.63772 0.00855458 0.000273965 0.000123563 0.0373578 0.0908343 0.0313009 6.45079e-05 0.0907772 0.0444533 0.875963 1.47403e-05 0.0786877 0.0108093 12.4945 1.70528 3.00633 
1.29437e-05 1.36003 0.213666 0.000355114 0.315707 51.17 0.0276479 2.56197 0.00010464 0.472116 0.00692633 0.776227 0.0922857 0.211205 6.86456 7.56576 0.184468 5.53359 
0.0468352 6.05693 0.00186707 3.13247e-05 0.0035212 156.281 6.58114e-05 0.000111568 8.3413e-05 360.106 0.00184756 197.261 0.253264 0.0233505 0.000152953 8.85296 1.48076 2.84781 
0.157819 0.0447181 0.000158482 0.000132188 1.18422e-05 47.1044 0.000101476 0.00949241 0.709956 0.0186368 0.000721739 0.0488406 7.42644 0.0340795 0.107997 11.7399 2.28216 2.53961 
0.239812 0.000219224 0.00375429 0.00185412 0.000145865 749.891 0.115456 0.451389 0.00222963 0.0814422 0.000166922 3.49536 0.0400067 0.0229671 0.00061419 12.3142 0.819068 1.45067 
0.00198613 0.000704832 0.218598 0.283444 0.0501615 54.6203 0.386395 0.00792961 7.85523e-05 0.245233 6.59074e-05 333.518 2.60487 0.0018262 0.00109404 29.5398 7.39037 8.58364 
0.000102908 4.19531e-05 6.43333e-05 4.05904 3.45974 7.1149 0.00170409 0.56263 0.0351409 1.63871 0.000628126 32.625 0.208324 0.00742285 0.171727 33.4277 0.409636 1.008 
0.0140544 0.0536805 2.33955 0.0708126 6.87825 36.1911 7.33309e-05 0.0129021 0.000153216 11.4197 0.0613712 0.0101342 0.309692 0.0232163 0.020082 32.0504 1.33771 5.14612 
0.000135413 0.000650077 0.000969063 0.0684932 0.00143085 11.1097 0.000836061 0.0198165 0.0136461 37.9684 0.00157067 0.0718954 0.0158775 0.896492 0.375637 1.53618 1.18222 0.863597 
0.00192636 0.000857436 0.00777704 0.0888178 3.01723e-05 0.160633 1.04729 1.39488e-05 3.74579e-05 0.224276 1.13114e-05 145.991 0.010211 0.00701654 0.185489 35.7956 0.715992 0.904351 
0.0506126 5.06876e-05 0.00284455 8.18282 0.0950759 0.216672 0.000107623 8.95739e-05 9.03312e-05 41.647 0.0156927 0.285565 0.000144053 0.101126 0.0643264 3.04612 0.99769 4.01971 
1.85264 0.00212097 0.00836217 0.0179531 1.37493 1.99998 0.000274872 0.326541 0.00380229 62.8185 0.00617573 1.91383 0.307047 0.057358 7.61624e-05 9.26326 2.44621 3.81533 
1.62691e-05 0.00159887 0.469103 0.00239394 0.00230092 0.138766 1.54632 0.00664787 0.000583565 0.318345 0.000101984 57.6551 0.0112987 0.0249221 0.629077 17.9989 0.476171 3.10264 
0.991929 3.99733e-05 0.00269376 0.776537 0.00100665 464.46 0.00305839 2.2057 1.7946e-05 2.99763 0.000136194 111.957 6.59065e-05 0.0370779 0.354538 29.8354 0.346692 5.68537 
7.0168 8.66693 0.0371027 1.93421 3.17647e-05 431.363 0.0312021 1.56329 0.12505 146.779 2.00729 110.859 2.4453e-05 3.38047e-05 0.0212592 29.5724 4.55301 8.53619 
0.00454351 1.27623 0.357029 8.70616 0.0426771 0.0125049 0.000591621 0.0732887 6.24345e-05 0.097665 0.215726 8.24202 0.0415866 0.000967359 1.00102 20.4844 0.179106 3.30069 
0.000195108 0.000402173 2.06037 1.23673e-05 1.19674 417.522 0.00026246 0.0578771 0.00170715 10.6618 0.0130745 221.155 0.000453425 0.523843 0.135399 41.9091 6.55961 0.379062 
0.00215256 0.0174684 4.51042e-05 0.000144688 0.000159191 0.294819 0.00144318 2.04407 0.000871544 0.0123643 0.170172 0.532552 0.0290948 0.502384 0.0163583 6.71819 6.81794 9.60325 
1.03794 9.24703e-05 0.00422812 7.17287e-05 3.4123 1757.6 0.0289501 0.0233181 0.658004 7.79142 0.0269747 128.03 7.07411e-05 0.11666 5.41545 9.26686 0.186017 3.06807 
0.000245507 0.000187781 0.00354456 0.774699 2.19366e-05 6.9057 0.543371 0.000100717 0.000353805 65.2619 7.1764e-05 0.580363 0.00364232 0.0714249 0.16835 18.2914 1.08936 3.63704 
0.0381115 0.743953 0.000654025 0.00202376 3.40072 8.0946 0.0159017 0.000864016 0.181722 0.426091 1.23439e-05 0.011808 4.26005 0.169911 3.56293 7.71848 0.122258 8.88548 
0.00747452 0.010906 0.000751738 1.56742 1.89586 58.7977 0.0839028 0.000319426 0.0429825 98.5211 0.000405769 4.0399 5.48772e-05 0.00615651 7.3421e-05 41.1432 1.20198 6.91992 
5.65374e-05 1.15495 0.265825 2.15806e-05 1.54143e-05 120.718 4.45353e-05 0.000172307 0.236735 0.110173 0.0140664 0.0658139 0.0904824 1.59301e-05 0.0453804 21.6763 0.685316 2.43332 
0.383334 0.000286461 0.00937394 0.0682833 1.32763e-05 2.70816 0.231135 0.0467715 0.00330198 7.94377 0.134646 231.252 3.69728e-05 0.00484155 4.89223e-05 0.267539 1.63863 2.49276 
0.0400734 0.147659 7.58121e-05 0.499153 0.000409405 0.576328 0.00443686 0.00371805 0.313111 2.50687 0.00744163 2.37953 3.14391 0.0122288 0.0293976 39.8621 4.84745 1.5593 
0.044954 0.319658 0.00308885 0.120861 0.000167944 3.89261 0.00025819 0.0114352 0.000273415 0.0396707 0.0597312 5.87905 1.58576e-05 0.00748373 0.0975187 47.0099 0.104 7.32731 
0.000191131 1.08851e-05 4.14589 0.00521937 8.08122 241.587 0.082823 0.18125 0.00773041 0.0387272 3.1475 0.11208 0.560287 0.316412 7.92578 2.86727 0.204151 8.64719 
0.00730559 0.00227546 1.69843e-05 3.96442e-05 1.12093e-05 813.022 1.54989e-05 4.96569e-05 5.88477e-05 0.0349771 8.74443 35.6889 0.00268173 0.0204945 1.65478 34.5607 0.407224 1.51313 
5.5318e-05 0.00135511 0.000829825 0.0476228 0.00836823 0.121111 0.0559978 0.179733 0.0162113 0.0365483 0.881504 1.17552 0.00154179 1.63085e-05 0.980782 49.8091 1.03316 1.02072 
0.0403105 0.841608 0.0834943 1.81132 0.807594 1793.4 1.43513e-05 0.0131838 0.0109644 0.337104 0.169906 3.3935 0.903716 8.70784e-05 0.026193 23.7437 3.01992 0.840997 
0.0268449 0.00365922 0.00360977 0.000240645 0.00215261 168.605 2.28558 1.81195 0.000248024 14.1797 0.00103492 17.455 2.01186e-05 0.0483055 0.0546884 9.67242 1.08096 5.34142 
3.95845 2.97802e-05 0.00399495 0.000180608 0.00157615 0.0823305 0.00118936 0.000232256 0.000877218 59.1002 0.000343113 0.032022 0.715802 0.421548 0.066765 4.33297 4.64473 8.79396 
0.012028 1.43655e-05 2.97666 0.000110058 0.121575 3.21513 1.84533 0.000295992 0.998689 160.346 0.000220751 25.6932 6.1262 0.00015695 0.00508345 22.0438 0.373721 2.36137 
0.0154267 0.00017649 2.327 0.0115607 0.0140504 3.90046 0.0107132 0.0758949 0.609054 8.269 0.026177 109.08 1.51692e-05 0.00436154 0.000386999 0.449568 1.95792 1.66435 
0.00517293 0.00463228 0.00494641 0.106996 0.046358 307.315 0.0187386 3.78928e-05 0.000173842 0.269414 0.00119905 44.6933 1.41424 1.17492e-05 0.930729 25.8584 0.239054 9.58839 
8.42693e-05 2.05583 0.0100246 3.79236 0.164173 0.076979 0.00180726 0.0411838 5.84971e-05 0.0259555 0.00235985 0.554355 0.00182649 0.00834499 2.51984e-05 13.9001 0.663231 2.23665 
4.1761 0.594729 5.4575 0.000566919 0.518283 0.458571 0.184022 9.90785 0.000482385 14.3008 0.000529714 0.033439 0.00736404 0.0805105 0.31378 46.7184 0.614616 5.57901 
0.0449054 0.0031817 0.166696 0.00570891 0.00163173 0.558719 0.0109008 0.000348529 0.000149961 17.0122 1.42607e-05 58.7722 6.87539e-05 0.064686 0.531535 28.2381 0.287782 3.96624 
0.0495312 0.00165637 0.0501034 9.7352e-05 0.00360712 103.461 4.03774e-05 1.83844 0.203264 0.89454 0.00438845 0.0357154 0.00835527 0.00137109 0.0205592 27.6166 0.529078 2.27523 
0.384604 0.00031379 0.0293036 2.54361 0.177354 3.79054 8.20765e-05 0.0188245 0.094419 12.7756 1.06365e-05 59.3722 5.98083e-05 0.00404455 0.311923 15.5716 0.221469 9.4312 
0.000208677 0.0969058 0.0622058 0.53583 0.0537067 11.5962 0.000249258 0.0949472 2.62983e-05 162.609 0.000102273 4.16319 0.144952 0.58366 8.36326 6.0664 0.161507 8.58052 
0.0028428 0.0372497 0.00013452 5.40481e-05 0.0108068 0.11067 0.0165378 0.298677 0.00323001 15.3714 1.04384 50.274 1.43381 0.00070686 3.7641 36.1388 0.290541 0.183443 
1.39396 0.0057576 4.41522e-05 5.77016e-05 1.04774 5.76151 0.000267126 1.0003 0.860498 21.1464 0.00699118 0.0490462 2.10476 0.00700396 1.18226 23.508 0.184379 2.47277 
3.94034 0.00846929 0.0236966 0.71092 2.80674 1103.71 0.000100362 5.47261e-05 0.16292 0.0175867 0.00042928 9.06991 0.00822867 0.210981 1.50419 5.05653 0.331131 3.79535 
0.000817073 0.00142062 0.0941745 0.017406 3.31586 0.0134292 9.39393 0.0339683 0.000263803 4.65589 0.00621389 0.0407678 0.98654 0.00970207 0.00316077 49.9874 0.900583 0.2893 
0.2577 0.0145626 6.13377 0.000250051 0.235055 171.879 0.928416 0.0179065 8.57246e-05 16.1245 2.35466 0.910473 0.0386457 2.36145e-05 0.000102905 19.2567 0.324787 5.94446 
0.633174 0.000318628 5.33044 0.0333063 0.110476 476.069 0.00309955 8.66501 0.00225011 0.11749 0.0867214 8.71303 2.04125e-05 0.000524325 0.00396773 28.1385 0.481852 3.80298 
0.000253966 0.773582 0.000223902 0.0236183 0.00833799 0.0183117 0.00121014 0.0562477 0.000408163 1.0819 9.80726e-05 17.9987 0.000339715 0.00980878 7.18531e-05 39.6596 0.896186 0.577384 
0.00470318 5.61661 0.000893646 0.000313818 0.103908 0.802542 0.000136825 0.000119626 0.000889915 0.0532603 4.56845e-05 0.0835164 0.940163 0.00669288 0.00704079 24.6231 0.918332 7.53314 
0.109452 0.000444112 7.05779 0.476342 0.00188695 112.584 6.4363 8.95335e-05 0.00180343 304.25 0.00508036 94.7787 0.00838904 0.000598384 3.04221 35.6598 0.156509 6.12428 
0.410482 0.0535488 0.00947648 0.509923 2.64142e-05 144.962 0.0475673 4.09798 0.0224837 6.5967 0.667831 159.511 5.10768e-05 0.0319135 0.53829 1.29336 1.14952 3.22489 
0.000108256 0.000173577 0.00179559 0.000355914 1.88355e-05 0.65028 1.5822 0.0408781 0.00422533 348.765 2.17622 0.0225027 4.50051 0.00408164 0.000713034 12.0076 1.51658 3.51036 
0.741815 0.011418 0.00900856 6.24014 0.343554 5.0626 0.0163047 0.713849 0.46828 0.696038 6.88375 158.621 0.000675373 0.186103 0.436896 0.471288 2.90231 9.91581 
0.754936 0.000149304 3.81881 0.103184 0.0250279 0.220059 0.0050237 0.00660948 0.312919 80.5942 4.24932e-05 136.24 7.73374 0.000293779 2.19469e-05 31.2568 1.15997 8.04938 
0.00029289 0.0448741 0.000760513 0.000199752 2.83464e-05 2863.9 4.41159 1.06859 3.06466e-05 93.9375 0.0686403 0.0772312 0.0109692 0.00172427 0.000225406 28.1515 1.30974 4.74579 
0.014722 1.49013e-05 0.0421687 0.401346 1.22042 2976.92 0.197758 0.010644 0.000139116 0.0112595 0.000123846 1.86461 0.000233124 0.00140343 0.000198899 30.8113 0.512119 1.7897 
4.23055e-05 0.310157 1.42231 7.04514 0.000584601 15.0641 0.713877 0.0589164 0.736881 1.95596 6.26749 0.0235751 5.51735e-05 0.192221 2.65131 5.46447 0.14485 7.74478 
8.88232e-05 2.41872 1.14874 0.357387 6.73245 32.5194 0.0442887 0.000152184 0.000719943 8.91485 0.0586374 37.3695 0.0443714 0.110771 0.0194808 35.0923 2.05672 0.282109 
0.26627 0.00631237 0.020633 0.0177208 1.99096e-05 50.4157 0.00268361 0.600341 0.0022504 0.812357 0.0194637 0.434417 9.70752 0.000339759 7.35705e-05 19.4272 2.91982 5.01436 
0.0150425 1.5392e-05 6.25521e-05 1.79462e-05 4.80681 5.94494 0.00030195 0.00258715 0.0090352 78.9367 0.0314021 0.157768 4.51 0.925972 0.23247 3.56714 1.2769 0.509379 
2.67491e-05 0.745611 2.89426e-05 0.396996 0.0934253 0.391399 0.0496552 3.78422 0.502418 0.0547926 0.00381499 323.142 5.63244 0.0390328 0.0535637 13.0269 5.81978 1.14197 
0.000153368 0.00679611 0.449284 1.7923e-05 1.03497e-05 45.9411 0.0332052 0.0117942 0.000775918 37.5274 3.43328e-05 26.2937 0.710898 0.00103713 0.0055261 21.6551 0.393315 2.49023 
5.67184 0.210657 8.43037 0.00372295 0.423907 0.421884 0.068239 1.75629 3.99031e-05 0.0245271 0.00212141 58.9009 0.114594 0.000630899 2.30747 24.7755 0.194257 5.99361 
0.000885457 1.16236e-05 0.0785501 2.61881 3.59566e-05 2.00498 0.0180011 0.0151205 0.00771122 0.413975 0.794888 2.56499 3.82738 0.000258025 0.516918 1.34592 2.04026 4.89579 
0.00115461 0.041371 0.000691626 0.00176694 0.016595 6.26518 0.000386364 0.00423195 5.63627e-05 332.075 2.57056 48.7247 0.0908225 0.0754667 0.0726753 17.4995 2.21179 3.62173 
0.212197 0.0106497 1.51634 0.331345 1.70517 170.544 0.545605 0.0101271 0.00807749 9.08552 0.240354 16.5653 9.05497e-05 0.00778048 0.295889 13.6075 3.01011 3.88972 
0.000492017 3.36849e-05 0.00190242 8.02585e-05 0.0559567 0.208633 0.0325102 0.00154828 0.00147329 0.0237088 0.00155211 0.217204 0.019458 0.132046 5.99153 27.4978 0.7633 1.70792 
2.73157 1.37838e-05 0.000336009 5.56812 7.45665e-05 734.68 0.00148068 1.03846e-05 8.57203e-05 17.7892 0.267911 65.4741 0.2804 0.00678102 1.63685 41.6201 0.0981521 5.47525 
0.234141 0.000775552 0.00848102 0.104369 1.74948e-05 1.38125 0.114531 0.221333 0.497858 1.60243 0.0020769 142.276 0.0226574 1.36079e-05 2.59204e-05 36.8064 7.86901 4.46514 
0.00132873 0.0578293 0.512564 0.000570437 0.111659 1083.34 9.33139e-05 1.84399e-05 0.709495 0.550329 0.0389077 0.0242709 4.19227 0.0625183 0.000534146 16.3356 4.94996 2.36516 
5.25448 0.0494546 0.0661248 0.000608519 1.85023 187.811 0.00202273 0.910222 0.121719 0.955108 0.0326373 1.2546 4.46829 0.0752192 0.540317 7.55888 2.41223 5.99944 
0.437916 0.000697586 3.80205e-05 0.00017566 0.000540093 2.36926 0.00183417 4.62306 2.88099e-05 0.676637 0.224472 373.709 0.159928 0.00149112 1.03324 49.0038 1.63705 3.28368 
0.0639113 0.00410681 0.0316033 1.7527 0.0615712 250.882 0.160281 2.93425e-05 0.000114981 114.115 0.43073 70.6486 0.0128411 0.0422427 0.00106815 12.2559 1.71912 8.37137 
0.101174 0.00448335 0.00493947 0.00911707 0.00341009 7.59041 0.42815 0.000210602 0.00154413 0.214514 0.0690062 180.787 0.0059015 0.00183637 2.03325 12.1778 6.4433 5.33489 
1.11226e-05 0.0174188 0.0171652 0.000596645 1.08673 1608.62 0.159798 0.211448 2.52585e-05 335.545 0.000360101 151.244 0.104755 0.000557404 0.943934 43.0564 0.11343 6.51571 
0.0990753 0.0656413 4.6434 0.0801618 0.00953883 0.824319 3.77273e-05 0.0103385 0.000126623 0.0164644 0.00428187 4.29297 7.98296e-05 0.196221 0.000206749 29.3649 5.20369 1.53208 
0.40804 1.13174e-05 5.99642 0.665185 1.92359 4.62415 0.000454646 2.08011 0.097143 62.1848 0.667644 0.0695481 5.76372e-05 0.00239445 0.000125736 28.6058 2.24627 4.76862 
0.013145 0.162067 3.55148e-05 0.00565441 0.00129085 0.391251 0.576474 8.41193 0.207863 2.8626 2.59072e-05 0.255766 0.00218303 0.00192302 0.000414231 47.208 0.701184 5.34085 
0.00918862 1.25257 0.00206689 0.00169676 1.29398 3.64869 0.0205074 0.675704 0.768021 0.0410115 0.0174079 0.487401 1.58685e-05 0.0598617 0.054516 28.3742 4.14698 3.80094 
0.000746071 0.130592 0.240098 0.000122823 0.131188 306.015 5.03168e-05 4.89189 0.940463 7.25542 0.000740142 17.2073 7.98021 0.000160517 0.00144146 10.5392 1.23175 4.27137 
2.37381e-05 7.55993 9.99655 0.00177379 7.5156e-05 3.25421 0.000730053 0.490902 0.0665183 0.35795 0.663819 0.582783 0.113216 5.23512e-05 0.00748838 39.4989 1.48899 1.23558 
0.00289909 0.00111648 0.733857 3.86413e-05 0.093965 45.2897 1.62765e-05 0.000136119 0.12563 0.977586 0.247177 0.330661 0.143744 0.0732813 0.030239 10.9609 2.52923 2.65914 
0.000473733 0.0134941 0.0126524 0.000164933 0.010949 0.0111593 1.53448 0.0528442 0.00794015 0.405495 0.0102118 4.29197 0.365361 0.0425863 9.45542 39.6141 0.106755 3.19468 
0.0127917 0.024204 9.44685 4.95189e-05 2.99931 1584.62 0.000788865 0.0168253 0.23031 6.98158 0.000469165 130.603 0.0567338 0.0693208 0.00250086 14.884 2.29156 6.05551 
0.00921286 0.0065541 0.00204302 2.25421e-05 0.00489523 2420.33 1.50967 4.68977e-05 0.00012195 3.94937 0.000160063 233.676 0.00788076 0.597909 9.88942 12.2375 0.329435 1.06498 
6.20224e-05 1.4136 4.84987 3.36831e-05 0.0883116 368.628 0.499401 1.03225e-05 0.00404103 0.194821 0.00917783 0.0420949 0.00778761 0.012311 0.00574458 33.396 1.00105 1.01298 
1.09968 2.25929 0.000243371 1.88526 0.0011713 21.5297 0.0016767 0.0381292 0.000291898 13.3053 5.57187 434.679 6.24079 0.0191563 0.209357 1.39712 1.74101 0.717994 
0.0645635 1.10446e-05 3.14473 8.25648e-05 1.7719e-05 0.680837 0.0759662 1.74531 0.177489 0.0521936 0.139933 0.184577 3.50698 4.23395e-05 3.48691 10.2447 0.806496 1.30938 
0.017092 0.000217138 0.00772867 0.0118994 0.00074305 51.7601 0.405349 0.0524911 0.000252219 0.221071 0.000698366 18.1979 4.59096 0.000976504 0.791026 5.44597 0.344497 5.67717 
2.0599e-05 0.85175 0.000535359 2.67475e-05 0.114675 154.575 9.72941 0.000807496 0.00552342 6.84794 0.446209 0.206013 0.0862998 0.096355 0.0343038 16.4553 3.35947 2.52023 
3.98828e-05 0.0233398 0.00701692 0.337526 0.00877958 2.0129 0.000159312 0.010771 0.00795746 9.31045 6.38152 7.1121 6.55663e-05 0.00174874 1.70781 7.52412 0.477938 1.08783 
0.122801 0.000272078 0.000798654 0.000586431 0.00522871 313.556 0.000456664 0.0137822 0.0712467 1.26934 0.000723402 6.41441 3.61781 3.21511e-05 0.00982412 37.4391 1.52322 4.13631 
0.00154452 0.000624723 0.790847 0.15587 0.0188898 1.24511 3.74714e-05 0.00861944 0.000120282 24.5097 0.0773135 85.9722 0.805712 0.000323985 0.00050557 14.4626 0.700189 8.92036 
1.85615e-05 0.00066508 1.69248 0.00610153 4.396e-05 0.0478043 0.319851 0.00161243 1.47044e-05 4.56444 0.00769749 0.0132202 0.0457935 0.0546927 0.0155575 29.3365 6.22565 7.16493 
0.0116022 0.000615155 0.090612 0.777739 1.704 0.0692317 0.0183579 0.239025 0.000131241 146.826 0.00574138 0.026182 0.0128969 0.104717 0.0055329 26.0174 3.60188 1.61807 
8.16137e-05 0.74977 0.0115941 2.43701 0.076292 1.44434 0.000218179 0.97006 0.000107185 491.604 0.000375375 347.684 0.00719055 0.1459 0.102326 4.72731 2.4225 5.55793 
0.00032622 0.000231457 0.00347404 0.222182 0.00163039 239.456 0.00107866 1.08447e-05 2.01503e-05 17.5688 0.0381135 0.0451434 1.45037 0.00472566 5.13766e-05 30.4783 0.755905 1.60629 
1.73956 0.000913184 0.0460449 5.18557 0.0063513 169.116 0.000474882 0.0209193 0.0271693 97.578 5.06918 8.26743 3.05522 0.00452489 0.00412884 4.13883 1.65094 7.49022 
0.0409919 0.20599 9.01462 0.281933 0.000893461 350.551 0.0171936 0.00239424 0.00200014 0.203179 5.49905 0.409187 0.012517 0.660032 0.212251 12.6573 3.02124 1.71375 
0.0282867 8.60826e-05 0.00255055 0.00477912 0.057156 0.225032 1.62471e-05 1.25077 0.0134744 0.218432 0.598567 17.3424 6.31365e-05 1.99506e-05 0.201275 22.6625 0.73442 0.17916 
3.06034e-05 0.00374682 0.00617373 0.00126407 5.82758 0.0972012 0.00129004 1.81021 2.94504e-05 0.395137 0.043204 134.784 0.00393102 0.0652209 0.0384122 23.4147 4.75246 5.61131 
0.121623 0.554701 0.387404 0.0732479 0.0110253 846.685 0.000373871 0.00440366 8.74727e-05 441.008 0.237347 0.247378 0.0281629 0.753042 0.337438 31.5041 3.80225 0.45169 
0.574548 2.82652e-05 0.00500468 0.00288457 6.194 0.0109583 5.50446e-05 1.2796 0.866418 12.5011 0.00350509 0.404761 0.00011742 0.179184 0.0552853 5.0385 2.05121 2.92467 
0.147871 8.86246e-05 7.4257e-05 0.00074277 0.120655 1.70456 0.000570285 1.31039 0.12101 145.939 1.36064e-05 0.0305975 0.0392107 0.0461574 0.0248167 31.5135 1.89185 5.30985 
0.0147665 0.0845726 0.09798 0.0449536 4.43774e-05 2153.24 3.50952 2.36699e-05 0.292168 5.26576 0.000142127 24.3165 2.17267 0.000663804 3.74198 13.6734 0.467114 5.53616 
3.38368e-05 8.70227e-05 0.000308664 0.00143473 0.0848918 0.0821861 0.514058 9.56032e-05 0.0671151 150.914 1.733e-05 2.77975 5.3409e-05 0.000128794 0.000813256 29.9252 0.649291 6.08308 
0.00552826 0.744922 0.0183327 0.000114797 0.241685 0.426094 0.00221605 0.00423472 0.00155074 0.0304699 0.502016 0.0712509 5.73655e-05 8.82795e-05 3.49956e-05 30.6504 0.719175 4.41786 
2.22367 0.0376738 0.00900161 0.0416945 0.072028 1283.29 3.36997 0.295045 0.00949989 0.0191372 0.00318811 2.16728 9.0752 0.000751195 5.4169 17.9199 0.56758 2.22495 
0.163482 0.0162551 0.711148 3.45842 7.69651 1.0101 0.263589 0.0855343 0.00692126 0.236952 0.130125 0.15481 0.718502 0.00048584 5.28332 42.1546 0.169843 3.92252 
4.62565 0.0014417 0.431043 0.000103105 0.0191733 0.0388016 6.24447 0.0280514 0.0272844 7.15529 2.39085e-05 0.36683 0.012357 0.039967 6.65794 39.3864 0.291439 1.91809 
4.63527 0.000289155 0.00704177 0.0706222 0.00029259 24.4072 0.0692262 2.19167 0.192298 101.182 0.0178506 0.248285 0.00502809 0.169337 0.863168 27.6166 0.741757 0.284427 
0.063741 0.000178898 0.0148655 0.0617924 0.0579018 54.246 4.79558 0.22459 0.0137886 149.128 0.0795983 0.0214764 0.0143043 0.0129866 0.316015 21.1772 0.291397 4.70602 
0.248373 1.19831 2.23663 0.000786208 0.00364931 2.69842 0.0105115 0.0579289 0.601532 28.7127 0.347556 3.59935 0.000573138 0.0124489 0.207231 11.045 3.55861 6.45546 
0.00162414 7.73888 6.61749e-05 6.5259e-05 1.80048e-05 0.0240572 0.727613 0.164692 0.00605115 1.86976 0.013545 5.98369 0.154229 0.80946 0.612939 6.45234 2.69689 0.914987 
0.226845 0.00697594 0.00064499 0.585119 3.96547e-05 16.522 0.779324 0.266018 0.00107347 44.191 0.546753 55.0884 0.615844 0.000455615 2.70666e-05 35.2859 1.83401 2.75694 
2.18294e-05 1.98225e-05 0.000106259 0.000767714 1.02151e-05 15.1788 0.0748741 0.737534 0.00917044 3.54862 0.335078 32.2037 0.00272863 0.00809285 0.000160874 9.64314 4.45533 2.46237 
0.00241975 6.79859e-05 8.22282 0.0108319 4.28731e-05 0.315399 0.000172379 0.0467832 0.00840614 0.439036 0.372657 451.293 1.68933e-05 0.00230503 1.42766 2.58288 0.653425 0.709593 
0.000461877 4.73929e-05 1.98173e-05 2.67234 1.07416e-05 0.110332 0.0529174 0.424981 0.000868374 0.216945 0.272358 218.179 0.000391304 0.0071625 1.15125 20.6988 2.52955 0.326326 
0.00128221 0.0902474 0.056307 8.99646 0.797394 12.6583 0.0142935 0.0114089 9.14181e-05 339.493 0.747104 27.1818 0.00136311 0.0139831 3.92749 34.5453 0.27222 2.02288 
0.0393857 0.705556 2.97433 0.0102213 0.869237 2533.01 0.00772673 0.0018036 0.0551613 295.489 0.729081 11.9129 0.0584683 0.194207 0.341417 6.15386 1.07348 1.22486 
0.00094398 0.00784965 0.00082358 0.329095 0.0093428 1.05546 1.46345 1.80537 1.41746e-05 0.0134132 0.2321 1.16128 0.539995 0.0034729 0.450855 37.2931 3.34911 0.928508 
0.139967 0.00251534 1.58523e-05 0.00121663 0.20561 1580.52 1.72814e-05 0.0917476 0.0234252 0.0117509 0.000741121 2.58978 0.0189756 0.00869027 5.77415e-05 24.6595 2.10201 4.59303 
0.335422 0.00425968 1.26301e-05 0.0100983 0.042832 111.716 0.00157276 0.000510503 0.734792 6.0502 0.00613223 286.247 0.0021202 0.000317582 1.49878 13.992 3.72325 0.115039 
2.90651e-05 0.00847799 8.2401e-05 0.0189465 0.473234 0.240071 0.0416898 0.000251707 1.77577e-05 0.275259 3.76372 0.0538629 0.125274 0.0942717 0.444263 40.3754 1.258 1.50695 
1.72629e-05 0.00327881 0.0112839 6.01667 8.73517 101.469 0.160662 0.386351 0.0139759 3.52507 2.28811e-05 0.0965767 0.0378178 0.000241448 4.78189e-05 45.9252 0.582538 3.51594 
0.277111 0.00292596 0.000301171 0.606539 1.30763e-05 49.3697 7.9835 0.238099 0.622857 0.030202 0.275194 426.965 0.0277856 0.222795 1.05474 8.15608 4.15551 0.045042 
0.0724518 0.000244412 3.81691 0.0518239 0.073009 965.17 0.0234922 0.82262 0.0106353 0.0709923 2.09648 278.981 0.0140238 9.08802e-05 0.229778 0.4909 0.438786 2.14448 
0.000872825 1.61749e-05 0.0246661 1.0515e-05 0.649695 65.9922 0.000293066 3.5777e-05 3.19075e-05 93.1183 5.05537 6.71267 2.43466 0.257847 0.774062 3.78539 0.818159 2.17424 
0.00485612 7.24137 1.43042 0.0264271 0.555283 21.9729 0.757393 0.171975 0.0118924 0.994609 9.42895 470.503 0.000692201 0.00254829 8.60401 2.30264 0.139909 7.83765 
1.63992 0.645142 0.174878 0.266806 0.484178 2871.82 0.289567 1.11892 0.00618899 1.33319 0.0920376 0.012763 3.40299e-05 0.786171 0.978319 5.19782 1.31401 1.78758 
0.000530125 3.47113e-05 0.0228905 0.0268036 0.0624442 2.63927 5.68719e-05 0.729883 0.0063814 1.02592 0.0425955 0.166529 1.19829e-05 0.00454903 0.0634353 45.6179 1.05338 6.45813 
0.000281297 0.806513 3.18983 0.000190228 0.00185417 52.662 0.00936749 0.0513114 0.000694475 0.0176743 0.259584 32.0293 3.41984e-05 0.00749403 0.821215 14.462 1.85246 2.95467 
0.000142344 0.0460761 2.24986 0.000196623 0.264869 0.536274 1.25782 1.01233 0.0130016 43.5683 0.00723387 6.75386 0.000625 0.0019694 0.000334708 20.9691 0.728375 5.92928 
0.000117739 0.000168185 0.00825034 0.00144203 0.0174004 2.36026 4.5024e-05 0.236892 3.8539e-05 0.01075 8.86959 36.8415 0.212567 3.0457e-05 0.288993 4.39562 2.38079 8.98493 
2.98085e-05 0.00150952 4.30974e-05 1.4109e-05 0.721856 0.53376 0.0460829 0.199916 0.000297257 195.355 0.0106043 0.0127508 0.000720993 0.0530175 0.14789 43.0796 5.41188 4.1841 
0.879534 0.129301 0.116857 4.68352 0.410972 0.0866623 0.420176 1.01093 6.17943e-05 0.721736 0.46428 0.0609054 7.69538e-05 0.0965458 0.218158 26.6732 2.54516 2.12234 
0.100886 0.0070841 0.198499 0.140198 7.51036e-05 0.0370706 0.000523248 0.108998 0.0060718 31.3695 0.0051028 0.183419 8.99322e-05 0.45333 1.06945 16.5734 3.27621 1.75788 
4.02533e-05 0.0110642 8.58466 2.12128 0.000612426 1586.89 0.0143013 0.628842 8.1505e-05 0.0895667 0.000158821 1.74409 0.0420143 0.00559175 0.000276963 43.4832 1.63429 1.3257 
4.93121e-05 5.16295e-05 0.00444353 0.00654398 0.000264415 80.23 0.000223925 0.000990295 0.00803072 10.3036 0.889776 451.506 0.11526 0.000829306 4.22444 11.414 3.74401 0.583011 
1.2727 0.000282052 0.269039 0.000427174 0.072308 112.386 0.0575702 5.39418e-05 0.0028674 1.11439 2.01983 0.126301 0.000338927 0.000838559 0.000254763 20.7295 1.1332 7.14372 
0.000155463 0.000458301 0.000358966 0.907152 0.383066 2416.94 0.766976 3.91273 0.0688256 0.030502 0.0133377 0.019972 1.87426 0.000114707 3.60507 38.3873 0.280974 8.483 
0.0010843 0.000319408 0.00561268 0.000174567 0.000268359 1.36448 0.00370631 0.000436056 0.162897 1.29399 1.45118e-05 0.164216 5.74522 5.28128e-05 1.26207e-05 5.82194 0.838828 9.43566 
0.0477976 0.000246891 3.82828e-05 6.92064e-05 0.136793 56.2314 0.00035923 0.0436463 2.689e-05 0.010474 0.125079 0.0117491 0.0386935 0.290322 0.626102 42.9882 3.23479 0.461625 
1.81126e-05 0.000277864 0.0559512 0.658613 0.280075 0.0975891 0.00262205 0.201916 0.000207743 0.0413354 0.000378267 39.6266 0.00254044 0.0485339 5.83066 42.3567 0.269171 1.2783 
0.495199 0.00929171 0.504727 0.0829499 0.00574399 0.59325 0.00310439 0.453389 0.0446172 1.23055 3.8161 9.97856 1.45369e-05 0.00016114 5.57081 22.194 0.186773 9.27117 
6.5565e-05 0.129309 0.00355865 0.00307265 0.000512198 0.408969 0.00025279 0.000485765 0.000181207 2.68443 1.56454e-05 5.86809 0.237954 0.10218 1.07876 23.6841 0.336683 7.70449 
0.0188343 0.0920105 7.35647e-05 2.33071e-05 0.357052 4.36144 8.43643 0.37227 0.00161856 2.77525 0.10893 0.391816 0.0328859 6.87992e-05 0.0254164 48.98 2.0544 6.31234 
0.12664 3.88153e-05 0.414287 2.92128 0.000661506 0.198727 0.033714 3.28795 0.0733136 0.0217146 7.24563 19.3214 0.662302 0.0139263 1.64946 5.18109 1.56316 1.93789 
1.25084 0.000513785 0.0228782 0.0552482 3.33255 76.0415 0.00607466 2.47663e-05 0.00560934 9.28317 0.156925 74.7177 0.000140736 0.653826 1.75259 11.0538 1.35508 2.48201 
0.000131334 0.212806 0.00689007 0.357936 0.000355364 11.3379 0.0109059 0.00132637 0.233518 6.48489 0.03926 36.0589 7.22611e-05 0.00426608 2.67224 18.4994 1.95975 2.68248 
0.00443882 0.00450872 0.301106 5.86923e-05 1.28841 429.753 6.55225 0.0385885 0.00168099 0.0449492 0.0188026 0.144998 0.00473514 0.237866 5.99465 20.0499 0.973269 3.79035 
2.09913e-05 8.99313 0.00396152 0.00261449 0.0283124 16.5799 0.00461044 0.64186 0.0337581 17.6817 0.0867319 140.892 0.000452717 0.00982691 0.00033698 3.40437 4.80309 5.75598 
5.0716 0.00950019 0.240673 0.0949412 4.60432e-05 1.36899 2.49196e-05 0.000449987 2.086e-05 0.616818 0.000329213 156.137 0.000176168 0.607509 0.941577 7.29002 1.93792 6.5951 
0.000578858 0.00393184 9.48363 2.21012 9.60942 2.40019 0.000130286 0.0117999 0.0412316 4.03629 0.00165518 250.882 7.29609 0.0108652 0.442225 25.1916 0.320472 7.165 
0.00326934 0.000140266 0.00778658 0.00201329 0.00237727 1.82193 0.00272617 0.0101239 0.000105234 0.0589078 3.33056 4.45164 0.000184152 0.135322 0.666752 20.2927 3.28116 6.55211 
1.90026 0.681826 0.00350474 3.59967e-05 2.09643e-05 0.0541443 1.63416e-05 7.86575e-05 0.000812636 49.9087 0.000852429 55.6924 0.00593879 0.000312316 0.000607403 41.9438 0.939261 4.18403 
0.325519 0.000123019 8.86858e-05 3.732e-05 0.00084281 1713.3 5.55152e-05 0.36805 0.0668533 75.0614 0.000129215 0.0259332 0.00379477 0.000175992 3.90231e-05 47.5619 1.06767 3.606 
0.000105952 0.462464 0.000349082 0.00504456 0.05697 0.0455073 0.000332632 2.16082e-05 0.030363 2.61117 3.33423 6.33171 0.164285 0.000609036 0.418811 21.8523 1.30677 4.92016 
0.0954917 1.01833 0.000313656 1.32517 3.37536e-05 237.734 0.000118902 0.00144396 0.109106 7.20361 6.17015 0.350199 2.14989e-05 0.107204 0.208991 34.6727 4.83848 5.54398 
0.0155764 0.0074353 0.136399 0.00361338 0.000154708 3.39108 2.52344 0.078318 0.250709 211.7 0.00229886 1.45929 0.000124144 0.317913 0.870192 22.0167 2.18291 3.53375 
0.000897404 1.7206e-05 1.58073e-05 1.22966e-05 0.00688522 75.0346 0.155655 6.55763e-05 0.0284398 0.515672 2.09807e-05 0.263074 0.230615 0.0682963 0.57611 46.5194 0.840414 2.94398 
0.0512205 0.180493 3.60525e-05 0.00287245 3.28855e-05 28.0949 0.0537021 0.00135006 1.38666e-05 0.036771 0.000616019 0.0753703 0.00142732 0.0644648 1.90057 29.0873 0.722463 1.64799 
5.2978 5.01764 0.00397438 0.000642487 0.485701 7.91392 6.34863e-05 0.000197121 0.7163 0.084621 0.000208053 40.2283 0.0192646 0.125856 0.246677 49.6606 6.47988 4.63172 
8.1956e-05 0.00127126 0.229663 6.60021 0.0232309 0.118951 0.0101342 1.66521 0.198482 0.0145484 0.0443316 82.2879 1.51939e-05 0.347815 2.87992 12.8272 8.38132 9.03853 
0.000101933 0.573345 0.00596956 1.27401e-05 0.00032094 5.85394 2.66218e-05 2.61483e-05 0.000475494 0.792021 0.164047 0.771784 0.000273432 0.0843083 0.728577 19.9601 1.95512 7.72702 
0.0632004 7.09166 0.437174 0.000233748 0.00189064 80.3043 0.0840414 6.65358 0.319604 0.176858 0.00321474 0.113136 0.0072696 0.0155874 0.0107859 47.6529 3.14361 9.45685 
5.82949e-05 0.00211865 0.000681914 0.0077624 0.457122 0.0147318 2.96203 0.00972924 0.0102709 1.65342 2.22169e-05 24.0118 1.72055e-05 0.051569 0.317222 18.5745 1.56454 6.30636 
0.116073 0.000161625 0.00168916 0.00178954 0.640724 190.085 0.000356901 7.47982e-05 2.42645e-05 110.376 0.254775 6.71472 0.0388468 0.180996 4.00849 29.9933 1.69353 3.40991 
0.00521379 3.64142 0.0348469 1.65822 0.733252 1.18226 0.0479579 0.00110134 3.04325e-05 0.579056 0.000252685 30.1444 0.282731 0.594717 7.2902 14.8518 0.883284 3.67225 
0.0385938 0.00283657 0.000370975 0.000817556 0.000398022 11.7108 0.000105869 0.000231156 0.0343578 0.0238159 0.000217425 2.12321 0.0253216 0.0819664 1.15046 16.8943 0.69593 9.81868 
0.000309149 0.619189 8.31049e-05 0.000691441 2.53276e-05 5.55659 2.12186 0.123701 0.0829357 22.8239 0.00332757 0.0968391 0.00322066 0.473362 4.56672 19.069 0.743403 1.38931 
0.100263 0.001693 0.00137344 9.5059e-05 0.000114088 14.1267 2.19321 0.00512562 0.00729813 1.22778 4.70679e-05 42.006 1.3226e-05 0.66528 3.94418 39.8339 1.36669 0.472408 
0.000782474 0.0094068 0.000427649 0.0370531 7.00445e-05 9.09852 0.00748806 2.91944 0.550718 0.518549 1.78856 9.69611 2.90834 2.05414e-05 1.55457 12.3691 4.56 5.10255 
6.04131e-05 1.85556e-05 0.0116928 0.169647 0.445286 0.195175 4.06047e-05 0.00171652 0.0698087 0.0159634 0.0280635 0.337851 0.254427 3.7196e-05 1.02348 35.5259 0.414789 5.76523 
0.150633 0.000497701 0.000840184 1.41162 0.0112233 0.044999 0.252489 0.699935 0.0506328 0.161648 0.0283119 377.216 0.000767741 0.000105057 2.88614 4.23879 0.65536 3.988 
0.0858115 0.0108027 1.56008e-05 0.00438751 0.000248967 76.0679 1.36223 3.88282 0.0158519 55.1435 4.98886 107.326 0.00376517 0.000184474 1.04151 44.8007 3.29254 2.91093 
0.000858584 0.0373489 2.48502e-05 0.252784 0.0173263 3.19981 0.000732936 0.131922 8.35941e-05 0.13803 0.00835867 0.0358659 0.00353428 0.366968 0.952684 27.0062 4.85429 4.64943 
2.46482 3.30826 0.00273952 2.70808 0.000830466 0.338527 0.000456324 0.0167777 0.0345642 31.3472 0.00134192 0.974452 3.1316 0.123415 1.65243 15.9494 1.28234 9.83304 
0.00147707 2.91408 0.0010952 0.00220003 2.62755e-05 0.0370441 0.389644 4.6736 0.0845331 0.128054 0.00190601 372.137 0.00691204 0.0306047 0.601132 11.4155 6.52884 3.83136 
0.000877912 0.0802502 1.69693e-05 0.0475691 0.0248929 3.16492 0.0276931 3.55368e-05 2.24097e-05 100.88 1.17641 0.0629599 0.000752038 0.479442 0.918178 21.8226 3.70181 6.8042 
0.295726 0.000705014 0.49674 0.211933 0.000258472 0.336694 0.000758086 0.0521424 0.518236 349.876 3.88639e-05 32.6222 0.000331321 0.0419614 1.40111 49.2713 1.89262 6.03609 
3.01875 3.97255e-05 0.00333983 8.53287e-05 0.0133169 20.5754 0.000113595 0.0144745 0.189293 2.52748 0.013778 150.935 0.0002523 0.0750195 1.95163 10.8051 0.937967 4.20594 
0.00153999 0.0010651 0.480077 0.0134948 0.00305179 53.7766 2.52312 0.100541 0.012834 0.0835892 9.50352 6.42935 0.00938216 0.114166 1.97556 46.3156 1.49021 9.29436 
0.00171496 0.0824085 0.00422681 1.39704e-05 0.0532136 0.171457 0.069003 3.27358 0.488112 2.9923 8.27567 477.386 0.000111206 0.0689272 6.42793 32.3642 5.83244 1.9092 
