0.104681 0.00034691 0.000877521 0.591283 6.22699e-05 0.0240028 0.00150714 5.05347 0.85472 95.6388 0.397717 59.2058 9.43602 0.00147221 2.57065 32.0794 0.593573 5.54144 
0.0280145 9.51434 0.287117 0.161406 0.000279812 21.4505 2.87606e-05 4.5416 0.365013 145.699 2.02778e-05 36.429 0.00304509 0.370695 2.16573 44.2496 2.2603 5.47665 
3.82157 5.16951 0.000572082 3.86172e-05 0.000478752 1.46107 0.000857542 1.49421 0.253429 0.398459 0.00128455 224.316 2.95007 2.00746e-05 1.06503 23.935 1.95413 1.24251 
0.000202187 1.28975 0.217691 4.08291e-05 0.398871 241.897 0.000134952 0.052031 0.131813 11.3336 0.453222 96.5111 1.1314e-05 0.000675502 1.18996 9.96808 1.55366 6.84499 
2.661 0.00536978 0.0937725 7.36593 5.54569e-05 0.275016 0.00104044 4.25212 0.00197355 6.84036 0.0318487 0.268436 5.89189 0.000594912 0.406605 35.742 1.2714 5.40643 
0.143009 0.278554 0.00152873 0.285605 0.0235967 0.028864 0.0139569 0.10848 0.499371 0.107498 0.0284527 1.67907 0.638739 0.00600606 2.27259 38.2898 1.21985 4.58114 
0.000335786 4.65854e-05 0.00447819 0.00463292 0.15129 0.0527459 0.000333161 1.89981e-05 7.97795e-05 28.9018 0.723806 0.0129364 5.77249 0.000915397 4.04898 48.6817 0.691175 4.12404 
0.000244414 0.0227146 0.242807 0.00167949 0.179112 96.568 5.94979 5.11783 0.0036179 0.0214575 5.24747 306.8 0.00486824 0.00922712 8.94252 26.9413 0.509718 5.52458 
1.528 0.0074477 0.00163042 1.08035e-05 0.000381844 0.0125919 0.000452122 1.39513 0.0341976 0.21389 0.33607 416.691 0.000133267 0.0305442 4.90816 16.2149 1.64687 8.4852 
0.000320056 0.0135597 0.000203215 0.00468657 1.23426 0.0221444 0.206751 3.05753 0.00165621 254.018 0.0136006 256.821 0.435421 0.152323 1.74442 39.4752 1.62221 5.93052 
0.000787915 0.42616 0.000372059 0.00795666 0.0377181 2769.03 8.91601e-05 0.470189 0.203654 14.1573 0.0801555 36.0923 0.00157858 0.0263492 0.502192 28.3382 1.37417 3.06752 
2.24195 0.00204205 0.435578 0.00777444 0.0131088 5.81032 0.365031 2.43839e-05 0.000154391 67.0935 1.44271 2.79862 0.0387048 0.235393 1.42926 44.5168 4.12722 4.16909 
0.000168393 0.476429 0.000301109 0.00128433 0.313444 2489 0.00419499 0.195625 0.981091 3.06336 0.426603 23.8575 0.00392713 1.58405e-05 4.7081 39.8172 1.23751 1.17284 
0.0253251 0.0488687 9.56595e-05 4.5399 0.000131501 0.0169222 0.260305 0.000150198 8.50141e-05 14.9369 0.0026176 499.254 3.85921e-05 0.0765526 1.95211 36.849 1.52249 3.98818 
0.00681586 0.278983 0.00080899 1.35993 0.0898843 0.0765708 0.00600204 5.07788 2.47718e-05 127.002 0.0125798 0.708291 0.000891365 0.313827 1.10591 48.892 2.74517 2.47154 
0.0206504 0.001325 0.000664524 1.1454 0.000245616 6.62417 0.000618844 1.50637 0.0900217 3.52636 0.222746 84.5942 0.690607 0.0127658 4.32378 11.5198 1.60744 6.18803 
0.0257643 0.000132995 0.486863 0.00153035 0.817383 0.18711 0.000137968 2.12545e-05 0.0697644 45.1429 2.33456 17.2836 0.0305432 0.0520864 4.86667 45.5131 1.59216 4.66793 
0.0141361 0.307405 0.000106158 0.126336 0.00096069 0.0143596 1.75233 0.446244 0.087613 0.0236907 0.00318969 17.4266 0.00247151 0.0191419 1.71103 43.4426 1.60963 5.62386 
1.7561 7.08625e-05 1.97256 0.0199113 0.00464999 2.05295 0.00169875 0.0049516 0.00491767 0.219134 0.319764 2.97141 0.371715 0.000275467 1.47916 36.0812 0.704361 5.72349 
0.0349224 0.0251348 1.38491e-05 1.12307e-05 0.064803 0.0544511 5.1945 0.0500939 0.000546187 4.55309 0.000322816 0.607767 4.34119 0.193444 3.18464 47.0638 1.81728 7.32124 
0.000208116 6.47716 0.00310557 0.00961542 3.11678e-05 0.972389 0.00218859 0.0106385 0.539537 83.2047 0.00521439 0.339375 0.0657418 0.25504 2.71444 27.0505 2.44541 9.67089 
0.127824 1.94366e-05 1.73781 0.344474 0.000146274 255.419 0.00732872 0.0572282 0.00237555 0.0283014 1.17365 96.2466 1.01333e-05 0.0108378 3.61458 22.914 1.63234 1.57338 
6.79927 0.167871 0.00713019 0.000570116 0.0037886 170.38 1.20406 4.53717 0.520119 31.383 1.27305 141.723 0.000382555 0.0476498 3.48692 41.3915 7.36684 6.10928 
1.02996 0.000463543 0.0896917 8.26276 0.000170255 0.367147 0.0772964 0.00789516 2.67347e-05 0.0715429 2.77632e-05 2.37404 0.487206 0.035731 1.09459 30.6236 0.685241 5.55276 
0.00226923 0.023225 5.17282 0.0068075 8.20771e-05 0.0639951 0.283059 5.11356 0.200541 0.171816 0.00436223 236.27 0.000153985 0.00102556 1.3826 6.7097 0.599282 6.85946 
0.00212476 0.0122416 1.62657 0.104052 0.00125004 0.0165645 7.54457e-05 0.0177565 0.00241254 0.545052 7.03892 227.307 0.921694 7.65929e-05 3.68278 19.6426 3.79494 9.41877 
0.00150045 2.47542 0.00160154 0.000467336 0.71732 0.0302671 0.0420101 0.601463 0.0559751 3.61875 0.931689 83.9217 0.381599 0.609968 1.39953 9.57085 4.91792 6.02535 
0.00558262 0.00182579 0.24597 0.000175547 1.98513e-05 75.0134 0.341341 1.00299 0.0399968 0.210944 0.102977 217.92 5.83404e-05 0.00718314 3.53323 17.1346 4.12652 6.74778 
0.112829 0.000377688 0.000278224 1.80719e-05 3.6562 0.0264123 0.00137836 1.17282 0.00375673 6.69559 3.4601 153.305 0.030767 0.0112544 5.46349 16.7474 0.761883 5.12362 
0.148401 0.000866068 0.0229721 1.71875 1.44931 1.06381 0.00269531 0.00479792 0.000867151 1.71302 0.235085 0.779649 1.66064 0.0108386 1.47621 32.3893 2.01476 7.38838 
2.02506e-05 0.00310305 0.0478014 1.70737 0.00452952 0.0321435 0.0316449 0.0156795 0.00260728 0.370685 0.0227514 52.8157 9.426 0.213524 2.05725 21.7111 2.10758 4.49607 
0.00132119 4.07263e-05 1.94702 0.00130298 0.00265627 0.267122 3.09025e-05 6.12655e-05 2.97053e-05 5.9331 0.00486451 16.3317 3.1464 0.0180531 0.731925 42.1697 0.75787 6.4298 
5.7324 0.00010937 0.251706 6.57391e-05 1.6041 610.987 0.00257615 0.0835408 0.0301865 7.46939 6.34575 77.5171 2.76828e-05 0.133089 0.678364 15.5467 5.68886 5.34735 
1.76584e-05 6.39521e-05 0.187198 0.00115701 0.000253018 0.0367256 3.83335e-05 0.625305 0.0481637 0.440961 3.37575 376.695 0.00815232 6.38447e-05 1.49498 21.9053 7.29375 6.68522 
0.216197 6.90486e-05 0.0102441 0.51652 1.95545 167.222 1.8565e-05 0.736105 0.0234462 0.0228104 0.307556 434.056 0.000177199 0.0210889 5.91652 5.61876 1.21888 0.718085 
0.184422 1.58182e-05 0.00286794 0.000324685 0.000177764 53.6365 3.86668e-05 0.326792 0.0279523 77.1841 1.99522 458.031 0.0432223 0.00120032 3.93059 8.38249 5.12788 7.95427 
0.272913 0.301633 1.43826 0.0020388 0.00147256 1129.64 0.00490453 8.68803e-05 3.64e-05 0.516942 0.033439 59.0449 1.32945 0.138345 1.32915 45.3872 2.0761 4.49524 
0.000153359 0.0878172 0.730925 0.000123173 9.1446e-05 95.5502 5.89744e-05 0.276493 0.0257125 0.0213823 6.03676 486.051 0.126516 0.317787 3.03577 3.79399 4.95032 3.68618 
0.0175547 0.349334 7.8788 0.00454565 0.00504361 0.225269 0.00472191 0.000873381 0.00608435 0.0144383 0.000147585 0.0149345 0.000159941 0.0772208 1.31273 39.8793 1.04505 9.44875 
0.398221 0.959234 0.00265403 3.50298e-05 0.00112304 51.5458 6.57473 0.000698678 0.61792 0.114466 0.000848413 0.0420112 1.05407 0.166234 4.41065 35.2217 0.96251 6.72229 
2.35313e-05 0.357281 5.68165e-05 1.12563e-05 0.670076 2567.79 0.0679941 5.88933 0.111028 0.964783 7.10953 57.0914 3.46946e-05 0.0839742 3.96916 21.9792 0.80593 2.83263 
0.00780642 0.12419 0.0338824 0.00658527 0.00344499 528.588 0.000116294 0.545393 0.156911 0.0439704 0.00159459 185.11 1.16564e-05 1.6161e-05 1.14252 4.92419 1.41713 9.15473 
1.41772e-05 1.13634 0.0183752 4.12618e-05 0.00036594 0.424965 0.000606787 0.00546807 0.049084 497.748 1.29717 211.033 0.00263051 0.146929 3.04262 43.0775 1.59661 8.55364 
0.00422095 0.0170642 2.81795e-05 0.43188 0.435586 11.566 0.00133717 0.383572 0.00850028 5.14567 8.50606 2.15004 0.0777457 0.124722 2.72438 35.7713 0.900212 7.67311 
0.0148895 6.94455 0.00329415 0.399625 1.48988 2908.46 0.369939 0.592676 0.0972074 1.20891 2.87409 177.31 0.000109337 0.00202457 2.3551 14.4551 0.623927 2.17234 
0.00178893 0.799477 0.392796 0.000239664 2.31611e-05 2.32532 2.14704 0.000152567 0.363672 14.0544 1.23308 0.0801359 0.77579 0.131644 2.77344 39.0827 2.30393 5.92763 
7.68621 0.249051 0.000840559 0.293313 2.09928 0.697127 0.0384982 0.299363 0.024564 120.727 8.1897e-05 60.2655 0.246997 0.140249 4.73196 39.5893 0.841903 9.75713 
7.76577e-05 2.42797 2.9122e-05 8.21604e-05 0.0018499 4.20707 0.0348818 0.199628 0.672496 8.56918 0.405347 113.845 2.20362e-05 1.56461e-05 0.946794 6.3253 3.03465 2.9011 
0.000962107 1.51075 3.15992e-05 0.296438 6.1996e-05 2497.76 1.00283 0.420259 0.148658 0.0637649 0.011866 132.027 0.00120797 0.0173449 0.496253 22.5732 6.96323 8.62475 
1.4239e-05 0.00237074 0.0116879 0.213221 2.24299 7.13337 0.0166868 9.56025 0.155996 1.67563 3.22606 369.238 0.00739987 0.000115865 1.37183 3.12234 1.24104 1.79427 
2.95046e-05 0.043718 0.0106073 0.0433451 0.00534995 3.81396 0.000136752 0.467858 0.000294796 0.0154135 0.20364 4.08994 0.1685 0.00182645 2.00185 45.4767 0.771867 6.06987 
0.0700443 0.004711 1.09961e-05 0.318972 0.000427457 0.265373 0.000454425 1.11238e-05 0.0213414 174.232 3.8598 28.4533 0.420115 0.146443 1.13652 30.7098 1.49786 8.4528 
1.28405 0.0182484 0.00123593 6.01022 0.0209173 709.578 0.163221 7.45183e-05 0.00704761 0.0491658 0.00182434 0.272906 0.00238277 0.238114 0.877566 47.4011 4.17803 5.8738 
1.73233 0.105532 0.000127214 2.84678 0.00342333 266.081 0.00188359 4.85259 0.228384 0.0260999 0.00308315 213.832 0.00326108 0.0106432 0.731183 13.529 8.20053 8.56233 
2.52756e-05 0.126725 0.0800812 0.00906662 0.168175 0.0119154 0.000121289 0.0131694 0.273769 0.182866 0.0108106 0.451386 5.57717 0.245347 5.20709 46.4263 1.29403 5.58907 
1.60044e-05 0.260127 0.00195946 9.68513 7.47302 83.7947 4.65893e-05 6.96916 0.0468356 1.03268 3.92063 0.148462 0.0923565 0.0733865 0.94496 37.1592 1.6256 6.32576 
1.65728 4.23242e-05 0.0017532 0.000124695 0.00959016 699.457 0.664094 9.92319 0.272545 0.0138107 0.00280534 385.351 0.000513305 0.0250507 0.979833 35.4544 7.81371 5.63352 
0.565637 0.00749256 1.22029e-05 0.135861 0.0407489 14.8522 0.00904817 0.030299 0.0221395 2.89573 2.07882 45.0015 0.000642992 0.192531 1.53299 46.7896 2.36508 5.68679 
0.0095483 0.0168586 0.000992062 0.134523 0.21977 0.136103 1.05948e-05 1.24307 0.141135 0.077434 0.0257113 161.459 0.000134786 2.04098e-05 1.66638 6.82966 1.08336 1.86145 
0.003065 0.0260218 3.28265 0.000123538 0.0285954 3.79956 1.15542e-05 0.688905 0.0614763 0.154371 0.0212704 303.669 0.11577 1.07082e-05 8.53742 38.9192 1.28909 3.59416 
0.00141843 1.05208e-05 6.37423e-05 0.00087335 0.0256555 3.69876 0.0340934 0.720715 0.117025 0.0892519 0.0570842 43.6796 0.0993659 0.110362 3.85759 30.4165 2.6893 4.03299 
0.0022195 2.64791 1.06374e-05 0.000247443 8.2866e-05 165.689 0.124393 0.000220463 0.00323516 38.8705 3.7027 0.912674 2.58763 0.0119772 4.4299 42.1151 1.06011 8.45878 
1.76856 4.09307e-05 8.89436e-05 1.08102e-05 0.000291972 0.736048 9.54554e-05 0.622889 0.0174252 0.0849179 6.6067 420.319 0.000774499 0.143784 3.97539 6.90801 7.21095 5.4382 
3.10712 1.54433e-05 0.00676358 5.98394 1.56466 51.592 2.28519e-05 0.0413701 0.0297872 0.0407933 0.0261394 0.634159 1.42537 0.0048054 1.18902 47.3545 1.34579 5.41749 
1.0466 0.00140846 2.60074 0.000280143 0.994539 0.376987 3.32226e-05 0.125456 0.00026446 0.0521654 0.490024 2.14998 0.291504 0.00276517 0.885387 48.3655 2.19638 4.55103 
0.733802 0.00170022 0.618296 0.327035 0.301024 214.68 0.0762704 0.602512 0.0265969 0.0244766 0.00907103 334.537 0.00636795 0.00426589 0.885545 27.0453 5.69879 7.4697 
0.432827 0.104412 0.0115983 0.0661486 3.98063 12.8202 0.0298495 0.0846844 0.0214083 9.18092 2.15521 0.0112345 0.00195836 0.21733 1.2959 47.2573 2.99361 4.80884 
0.00033595 0.888856 0.632409 1.71386e-05 5.75271 9.70888 1.0053 0.467326 0.108574 84.7024 2.07612 96.5924 0.143439 0.0696334 3.20719 48.3452 2.09745 4.90897 
9.17167e-05 0.00137086 0.0668661 0.000323843 0.00171549 462.968 0.0169676 4.88395 0.728462 0.221475 1.50414 353.575 2.13053 0.101232 9.97824 17.9173 3.45987 3.80084 
0.399037 0.000408398 0.0123441 2.30638e-05 0.36082 380.681 0.257916 0.0387714 0.862448 12.4002 0.00890264 88.7673 7.34169e-05 0.000116715 1.36767 9.51533 0.705134 8.32121 
0.0219854 0.0325934 0.0793438 0.658136 2.0194 957.047 0.0728958 6.97852e-05 1.81293e-05 15.8572 7.43368e-05 292.036 0.185147 0.185276 3.07939 32.2677 1.13775 6.56497 
0.170775 0.000850296 0.00277763 0.00440487 0.0193323 892.89 1.44599 0.59252 0.0450535 0.399834 0.0400053 128.602 0.00126211 4.89002e-05 1.60555 30.271 1.96234 0.733498 
1.89279e-05 0.0131706 4.56219 0.203671 0.00646944 0.0325831 0.00092159 0.29528 3.82936e-05 280.358 9.20843e-05 498.955 2.10031e-05 0.242418 1.61364 34.9636 3.28809 9.14822 
0.000455772 0.132993 0.00349081 0.00172031 0.00304872 2198.85 8.98092e-05 0.111768 0.909905 29.7954 0.185074 56.0181 0.0485738 0.0080432 4.09233 46.5355 0.924345 5.54609 
0.00199049 0.000382222 0.000169261 1.81711 9.51709e-05 0.0183642 0.0379474 0.835918 0.00613585 2.9832 2.83578 188.663 0.00884423 0.000732854 2.28277 4.15163 2.38428 8.0518 
0.00108305 0.520752 0.0145122 4.74011 0.0625623 1.2486 0.00667268 0.0575011 0.00019284 0.0179374 0.162215 1.47702 0.00124614 0.328878 2.76108 34.9816 2.24016 8.04527 
0.00265967 5.31055e-05 6.05896e-05 0.375276 0.0933724 1.9397 4.10798 5.49918e-05 0.000767233 0.902453 0.0372071 120.753 0.00011487 0.187836 1.89075 33.1997 2.08808 9.54183 
0.126879 0.00102606 0.00599852 7.43472 0.0107982 158.267 0.0860025 1.54149 0.108643 2.70926 0.260052 117.339 0.0529737 0.0335956 3.18192 11.4102 1.95315 5.1374 
3.49067 0.00518522 4.02462 0.00020854 0.00337779 0.0145084 0.000208674 7.41492 0.00196887 6.24936 0.225663 0.0309413 3.30427 0.0662081 3.73629 34.0932 0.806406 9.75465 
1.75936e-05 0.0251626 8.29011 8.04161e-05 3.85707e-05 2040.03 0.000276545 0.0162353 0.0215742 0.0405309 9.21275 355.873 0.000122583 0.00159463 1.36142 4.34858 7.23534 3.93534 
4.81561e-05 1.10711 0.000446033 2.08642 0.112722 388.3 0.0725989 5.43271e-05 1.47288e-05 7.56629 0.0287514 0.126221 0.0481321 0.323346 2.10101 39.062 3.61293 6.40309 
0.00931602 1.04326 0.000531061 0.00763249 0.00725281 14.1004 2.44942e-05 1.48805e-05 0.000531819 0.417247 0.00118867 0.4324 9.92019 0.0812308 3.74252 36.488 2.33401 6.93245 
0.845829 0.00230063 0.00122658 1.19524e-05 2.57884e-05 143.386 0.00476305 0.256433 0.173579 115.271 0.0713036 11.2968 0.00135971 3.77745e-05 0.687937 39.1694 1.03711 9.60504 
0.000598307 0.0166029 0.616923 6.5385e-05 0.0144761 0.0122246 0.00151046 0.000193076 4.46846e-05 37.6752 1.95519e-05 41.627 1.5505e-05 0.121732 0.870398 38.4136 1.44162 6.67802 
0.000130814 0.0747448 0.000648355 0.00054034 0.00383373 0.253125 0.00433013 0.0505469 0.0101414 11.1236 0.517146 38.3227 0.0025976 0.00649951 2.03848 35.0995 0.764908 6.2451 
0.000163679 6.27716e-05 1.19856e-05 0.000669377 0.116687 3.03266 0.000886953 0.080649 0.527805 2.3612 0.0292989 91.5614 4.91688 0.147927 3.9839 16.612 2.60158 6.59178 
2.36695 9.8342e-05 0.272124 7.7377e-05 0.0753256 261.294 5.57769 0.000193139 0.00732128 167.633 0.861885 0.0683471 2.5899 0.338141 3.71229 46.8455 3.0715 6.92334 
0.022364 0.000282209 0.000307336 0.0637024 0.0010866 0.0188351 0.0143524 0.000115234 0.00334173 0.0131546 4.15924 4.70248 0.0182899 0.0118848 4.03155 49.3462 1.17967 6.28964 
0.158245 3.22845 0.00299179 4.71967e-05 2.78257e-05 1.6779 0.046706 0.0638669 0.00117847 0.126306 2.87318 238.935 3.847e-05 0.0460768 8.29561 17.6844 3.24814 7.67207 
0.00239282 0.000888533 0.910628 0.0111048 0.000254998 1.41295 0.0281749 0.00631851 0.0658955 0.339464 0.143426 139.527 0.827887 0.00159966 8.95071 15.4219 0.6924 3.57724 
0.3448 0.00280181 0.0814191 2.38707 5.18889 34.634 0.0555901 0.000138698 3.74428e-05 0.0180574 0.00029648 0.250131 0.0137949 0.140821 2.537 41.9863 0.823874 7.90523 
0.0324355 2.21581 0.0109613 0.00703071 0.00163704 580.196 1.20131e-05 0.751346 0.0776928 66.4078 0.000689854 17.237 0.00014144 0.0680789 1.5719 48.3856 0.863511 6.07995 
0.138094 0.000184924 0.00129064 0.00208572 1.87097 66.3771 1.263 0.0133103 0.0412829 1.25059 2.92473e-05 0.0232579 1.64536e-05 0.149915 2.12555 43.8278 2.29451 8.83146 
0.153754 0.0128951 0.0584158 0.00248511 0.00499838 700.551 4.75385 1.15524 0.000224343 1.82044 4.10478e-05 35.2235 0.690647 0.265497 7.46005 49.0645 1.75732 7.25753 
6.82768e-05 0.0172752 0.00102875 0.000593162 5.04073 0.299961 0.032129 2.7331 0.540004 0.119139 0.70421 37.8348 0.00382079 0.251944 2.91212 18.918 3.55685 6.14724 
0.0104017 0.000733047 0.000680406 0.0318318 7.76773e-05 1611.04 3.52669e-05 0.00882466 0.000394412 460.747 8.33477 45.1311 1.9597 1.68252e-05 1.21303 44.8816 1.40261 6.6761 
0.00439028 0.00485897 0.0262291 0.0717842 2.08917 167.45 0.0262674 3.70313 0.0657802 386.994 8.80525 168.217 0.0511143 0.00268472 5.19252 17.9381 1.93308 7.44584 
0.185201 0.000259326 0.0002907 0.00203059 1.09146e-05 453.807 5.50222 4.38928 0.633134 0.311333 2.75455 179.504 0.154861 0.0326152 5.03712 24.5548 4.12579 2.17585 
0.000159232 0.0103418 2.41429e-05 0.000398175 0.432944 1390.98 0.00258648 4.02295 0.0192499 0.0132792 3.13946 90.6783 0.000136566 0.00057242 4.39297 33.0784 4.33457 4.34258 
1.68968e-05 3.45919 5.95411 0.000356596 0.00194298 0.109984 5.32145e-05 1.90716 0.202446 0.0324048 0.257987 355.167 0.019187 0.00157445 1.53794 19.8754 1.17545 7.21002 
5.38449e-05 5.97793e-05 1.42301e-05 0.0340677 1.66014e-05 0.733751 0.000740445 0.144226 0.168343 2.40819 0.206921 138.196 0.0260213 3.41102e-05 0.990911 5.72569 1.54148 4.97736 
9.68965 5.72033e-05 0.00203772 9.00846e-05 0.0591544 55.6801 0.000878865 0.0422647 0.0485186 0.195609 0.0200471 127.308 1.75059e-05 0.0289892 8.00937 23.3856 1.24387 8.00768 
2.64921e-05 0.765681 0.000458538 0.1125 0.00854509 12.6831 0.000959273 0.0107207 0.295687 1.52315 0.00161478 93.8279 1.70339e-05 1.76253e-05 2.67405 15.6858 1.5082 3.09512 
0.56957 0.000485473 0.709812 0.000120513 0.00183965 8.08613 0.205937 0.136378 0.00896615 0.124662 2.42053 434.462 4.05586e-05 0.0103558 9.85116 4.82185 1.28561 6.71522 
1.07076 0.0145204 1.10222e-05 0.0542308 7.39732 427.128 0.00392333 3.06994 0.0871514 0.0386512 0.246358 150.405 0.0599994 0.014388 6.15558 23.746 6.03748 8.88518 
0.00307788 0.343878 0.013605 0.0328794 0.207269 310.289 0.653665 0.000687188 0.0040472 0.0875349 4.24977e-05 205.279 0.538843 0.0873801 0.713913 47.5712 1.2942 4.43799 
0.14107 3.68915e-05 4.51333 0.000309938 3.53257e-05 2.07448 0.458441 0.251782 0.100285 0.012405 0.0271326 36.6114 8.57295e-05 0.0113625 2.81269 36.0001 0.717821 4.42527 
6.34049 0.00149645 2.16102e-05 1.55184 0.212316 202.523 0.00114179 0.993671 0.17004 4.70432 0.37859 0.756858 6.55473 0.000326102 1.07128 49.2264 4.07834 2.62109 
3.4738e-05 0.0457408 6.4629e-05 0.0994631 0.000120451 3.16598 0.000601587 0.00324625 9.24371e-05 2.15901 0.000400602 0.227271 0.046004 0.184851 1.97131 48.9197 1.89999 3.37646 
2.36303e-05 2.50411 0.746315 0.000800098 7.2195e-05 0.0129964 0.000286021 0.174295 0.0126969 0.0265967 2.99315 9.27631 0.0645882 0.161575 1.27212 49.0998 3.92126 8.94991 
2.51062e-05 0.000179058 0.00534731 2.64178e-05 0.0237787 0.259651 2.22303e-05 8.75968 0.00534632 0.0312203 0.0266365 260.831 0.000364134 0.00978702 2.13715 45.6074 0.76828 9.41896 
2.31445 8.00638e-05 0.0131654 0.0810996 1.47181e-05 1.80444 1.01045 0.000424408 0.000105914 39.9786 0.0533896 0.0399338 0.000514121 0.101248 2.76732 49.0686 1.20238 3.98963 
1.83477e-05 0.139672 0.0934641 0.542735 1.12697e-05 0.459374 0.0119008 0.233703 0.000298752 0.0551315 7.26319 47.2131 0.0362497 0.0216888 2.54494 49.2669 3.70153 8.01629 
5.24642 0.00984508 8.48849e-05 1.94896 0.0595175 0.215238 0.000121156 0.0202614 0.144571 25.6669 0.350637 69.6685 2.4067 0.000152965 0.85986 28.9442 5.31528 7.17923 
0.00400156 0.000307181 0.00190296 0.355147 3.14561 0.0428792 0.000343729 0.000547318 2.14976e-05 0.989485 0.198118 29.2529 6.10579 2.451e-05 7.28682 36.6968 2.44032 9.37313 
0.0103642 2.59017 1.35565e-05 8.39057e-05 0.286259 12.4077 1.52905 1.34217 0.127542 0.244018 0.543773 79.1044 0.00422253 0.000862871 1.43048 28.9434 0.610419 4.01888 
0.0122946 1.10803e-05 1.51601 0.00942764 0.000669854 6.30949 0.0329092 1.42002 0.143455 24.8984 1.91325 33.6008 0.000168065 0.0222187 6.57141 32.5581 2.09459 9.51376 
0.000530967 0.00244491 0.000310737 0.00116572 9.52967e-05 6.51731 0.000920751 6.83514e-05 0.000132316 1.23243 0.000621018 5.18267 5.62938 0.0290941 0.802751 43.1985 1.60235 7.50649 
0.0339193 2.2078 1.52286 8.24598e-05 0.569822 752.42 0.00258278 0.315746 0.100357 0.0134135 0.002526 497.029 1.78238 0.000208447 9.85175 7.26252 2.33175 4.37088 
0.00555014 0.000298534 0.000683255 0.0495108 1.96014 0.0146647 0.000857363 0.000220384 0.0114611 6.30123 4.70298 4.26664 0.0943452 0.0442695 2.15511 47.6937 2.34435 4.02733 
0.000192503 4.52624e-05 0.0109286 0.00546031 1.44398 66.4577 0.0350516 0.150541 0.0115689 0.497778 0.10224 0.075711 3.63917 7.23898e-05 1.73158 20.1477 2.72071 7.74276 
0.0248634 2.8216 0.198006 6.51891e-05 0.000173462 0.143178 3.25569 0.690827 0.000262211 5.79499 2.79537e-05 0.142848 1.49811 0.246505 1.40465 48.4966 3.75932 5.28699 
1.21024e-05 0.0533564 0.424555 0.00388227 2.87553 1.86556 0.00987919 1.41572e-05 1.83123e-05 1.08848 0.018205 154.014 5.29031 0.00138138 4.41348 48.6221 0.8609 7.33277 
1.66359 0.21852 1.88961 1.95255 0.000601819 279.858 0.497982 0.0865306 0.106542 0.187596 0.0182777 3.16642 0.00200863 0.0419934 0.590124 45.5133 1.01604 6.2377 
1.02914e-05 0.00865697 3.51114 7.41043e-05 0.000141081 12.2749 0.562408 0.974406 0.0714198 0.0592804 0.0280036 261.084 0.0230261 3.44953e-05 2.89131 30.0574 4.37513 2.76504 
0.0632234 0.566161 4.35274 0.0860974 0.461849 212.39 0.000310159 0.000152406 0.318041 6.11636 0.935517 0.0169888 0.568663 0.0664731 0.402078 47.2457 2.50346 8.44626 
0.00632888 0.0185547 0.209034 0.171773 0.00129347 0.012591 2.99087e-05 0.100342 0.0455879 0.632072 0.0656615 85.9411 0.129293 0.021563 5.50148 25.0653 3.26307 5.07347 
0.188217 0.0218388 0.0798508 1.33225 0.348121 3.89067 3.63392e-05 0.0921039 0.0444386 0.0159 0.00381192 173.292 0.0520529 0.000366987 3.66216 21.6078 7.90628 8.99487 
5.73441e-05 0.176141 6.52619e-05 0.000197592 0.000468083 0.0408421 1.20956e-05 1.23404 0.251036 0.683581 5.19955 32.9375 0.00162041 0.0109503 1.90562 21.6015 1.10804 6.88571 
0.996536 0.00135841 1.30908e-05 5.07328 0.526373 80.2267 0.649718 2.90199 0.280174 3.31898 0.952044 293.978 0.0119637 4.77404e-05 0.789209 3.28675 2.19686 1.97684 
0.0011803 0.00816451 2.46286 0.0152163 0.0311628 302.106 0.0126757 0.137127 0.00118128 0.0102815 1.92074 181.768 0.0233216 0.0658933 2.33468 17.9666 3.01554 5.90781 
3.32029 2.60849e-05 0.825918 2.14659 0.00163431 0.351174 0.0141856 1.52052 0.237526 0.173591 0.143843 0.0109497 0.226336 0.0123575 0.425879 40.8866 1.26691 8.62753 
1.29968e-05 5.18313e-05 0.000469702 7.95718e-05 0.439089 0.0324152 0.000643165 0.384518 0.51968 6.17146 1.59665 290.307 0.0100608 0.0178651 4.98022 9.28196 2.18866 4.50916 
0.028557 0.007952 0.00021338 7.10057 1.3986 0.64525 0.04653 0.00159889 0.000235833 9.98044 0.487151 0.0677236 0.142292 0.053294 0.370746 49.987 1.61906 6.07419 
0.0747202 2.22234 1.38697 0.000155267 0.182697 8.33429 0.069982 4.39126 0.0324118 5.32304 6.78837 39.4675 0.0025123 0.0275435 1.39297 18.3402 0.595498 4.50105 
0.0109193 0.00293451 0.00227235 0.00368169 0.0388377 0.540044 0.000111522 0.379442 0.15104 0.0728501 0.0236517 120.048 0.0383676 0.352487 4.22024 5.62282 1.82439 9.85991 
0.0495303 5.00409 0.728369 8.70335 0.232053 19.2537 0.00375077 0.241413 0.00841607 66.5378 0.599663 131.669 0.107877 0.158029 1.23535 40.4579 6.56022 3.73577 
0.00018954 1.00813e-05 0.0296626 1.83436 0.000759415 0.0561713 0.11007 5.77043 0.221567 302.548 4.85167 2.61822 1.5305 0.0212359 0.87558 47.5227 0.793602 7.20664 
0.016484 0.100591 0.000172537 0.00166556 0.0588818 20.4175 7.57944e-05 5.36639 0.0141844 0.14749 0.121377 339.47 0.00027656 4.22382e-05 0.360204 13.0859 2.94643 5.49326 
2.77205e-05 0.269843 0.0051478 0.00104273 0.207483 21.165 0.000326252 0.00531509 0.0730394 2.22072 0.0723968 221.449 0.0033312 0.528056 2.47387 38.9674 4.87151 1.10488 
0.255886 0.0466763 0.0483061 0.00200712 9.91431e-05 1511.43 0.0195689 0.00497361 0.0101197 367.954 0.434029 50.0071 1.14975 0.194768 1.99523 49.7881 2.73532 3.7797 
0.0129054 3.20526 0.0693989 7.65764e-05 0.00183348 2218.99 0.00827639 3.81933 0.000924621 0.0171493 1.83258 220.283 0.00144307 0.180301 1.92292 37.7073 1.48013 1.46359 
0.000405876 0.00942136 7.22088 8.62579e-05 0.00832488 0.0912535 0.0451771 1.37917 8.57924e-05 64.2752 0.652429 54.194 0.00543044 0.182457 1.28992 43.9329 2.32248 5.41551 
5.83832 0.00677662 0.00171378 6.14813e-05 0.0646111 104.252 0.0142369 0.111643 0.950407 48.5327 1.58305 69.9832 0.230053 0.000749311 3.07247 15.4446 1.90618 1.43644 
0.000537053 0.00883001 1.74597 0.000115926 7.98495 0.092854 0.376378 0.00474983 0.137115 18.0711 0.117644 2.34031 0.000248995 0.00843892 0.992729 40.9259 1.26448 7.77939 
0.00251834 0.000949347 0.000978178 0.000917129 0.000205781 880.871 1.79273e-05 0.000755958 0.00102479 0.100935 0.0594817 47.2707 1.64688 0.00315017 0.73457 49.9823 3.4574 7.10609 
0.0323384 0.000541 0.000320499 2.54296 2.24083 2381.22 0.000192998 0.000902485 0.000293813 14.7585 0.0212356 0.0109969 0.00284938 0.0494797 0.77819 46.5444 0.812375 8.52269 
0.00118744 0.004926 0.0248781 1.92972e-05 0.074231 104.846 1.21859 1.32057 0.235698 0.784231 0.0028476 306.13 0.00145111 0.00336698 3.55366 39.093 7.8705 3.71414 
0.000265958 0.00545948 0.00285133 0.0601516 0.0583758 0.0530294 0.000426198 1.10467 0.0220271 3.99008 0.00105927 0.160211 0.00032825 0.329267 5.273 48.0913 2.08151 9.60894 
4.14063e-05 9.21209 0.0153114 2.12221e-05 0.00181882 68.4254 0.00986575 0.54832 0.00813703 34.3816 1.44075 47.1789 2.45413e-05 0.00154386 0.714693 28.8925 3.30496 7.79379 
0.00114958 6.94568e-05 0.0378349 0.0239686 5.49031e-05 0.79273 4.48524e-05 3.53095 0.132691 0.71951 0.0173736 435.472 0.00825139 0.0859601 4.91734 13.3163 2.23066 4.34254 
5.05857 0.953329 0.0144694 1.73278 0.256633 1.69169 3.32682e-05 1.64313 0.224681 0.0195325 0.00303871 110.667 0.00141404 0.0182115 0.569377 4.02883 1.94202 9.11437 
0.0761181 0.814733 4.95655 0.00339145 0.0573982 32.1659 0.0372338 0.00642496 0.0921702 5.5236 1.29752 101.938 0.0667596 0.0363349 4.44348 38.532 5.69351 6.99833 
0.00259244 0.016661 1.42128e-05 0.00849586 0.0529924 1.18768 0.000637752 2.24674 0.00825141 98.8856 4.68765 10.3113 6.20523 2.51474e-05 5.89596 47.8106 1.38881 8.74487 
2.10929e-05 0.00994692 0.00315812 0.00839125 0.0581756 404.764 7.78624 1.52207e-05 5.31369e-05 196.049 3.32622e-05 1.12315 2.22645 0.197367 1.19965 29.0973 1.32798 7.91696 
0.00139049 0.927502 0.486368 7.18512e-05 8.21143e-05 592.88 2.52721e-05 0.0255154 0.183969 0.0955117 0.132165 0.0693482 0.405119 0.000183442 0.719669 41.8245 1.74871 8.99156 
1.71518 2.05763e-05 0.00499034 0.214383 0.00326733 0.27221 1.15885 0.774229 0.456897 0.0321427 0.000226109 102.592 0.000244364 0.000414916 2.97464 19.7505 1.4973 8.11003 
0.597338 0.000700793 0.237054 4.57603 0.36499 0.408333 0.00676037 0.691823 0.0562482 0.0464728 0.158806 95.3339 0.00110448 0.000165889 1.80651 5.52514 2.74938 9.33001 
0.00021073 0.00105629 3.60418e-05 0.000471801 6.2039e-05 170.241 0.249713 0.638311 0.298546 21.2332 0.0683757 459.556 2.25891 0.00321065 0.873657 2.35982 3.04468 9.23472 
3.34181e-05 0.000256176 0.00138589 0.00074535 4.43735e-05 38.6392 0.0027768 0.0769496 0.1819 12.3795 8.91838 106.711 4.96297 0.041996 5.75545 10.5332 2.04254 5.97481 
1.48459e-05 0.00879099 0.085181 0.000746972 1.34939 4.89104 0.00774723 0.0399161 0.00142249 0.0338694 2.45065 96.8392 0.000510506 0.00481107 7.58769 30.7991 1.15837 1.71125 
4.19486 0.0333258 0.0110189 0.0140923 0.00280696 41.2784 7.00415 2.70239 0.280698 0.124419 0.00458468 439.189 0.000284913 0.000320292 7.96945 16.9366 2.4804 8.77005 
1.0312 0.00763605 0.0436011 3.67192e-05 0.0830973 0.0110006 4.26803e-05 1.21447 0.0452054 0.23862 0.0108983 169.056 0.452587 5.5779e-05 5.74828 27.3002 1.43573 8.89683 
0.140923 2.67504e-05 2.79015e-05 2.37904 2.07704 1161.99 8.31534 2.38421 0.818358 15.6313 0.142246 190.297 5.68861e-05 0.0250973 0.694529 15.7253 2.49484 4.68689 
0.237519 2.83876e-05 0.391363 0.0150867 0.0576115 0.0380605 0.132519 0.368998 0.233362 0.0120067 0.0038331 339.855 0.00412954 1.02386e-05 6.05894 9.85676 1.74666 1.49816 
0.0539636 2.09052 0.000243277 5.27351e-05 0.0306809 0.268744 7.39425e-05 0.0162636 0.365253 11.3356 0.0177987 23.5558 2.36973e-05 0.243324 2.27531 47.6573 3.05046 5.12574 
0.163366 0.00022007 9.87611 0.00398688 0.0652375 2.22496 1.24149 0.000358083 0.00120654 0.844391 0.0159403 77.5131 0.000154559 0.0524696 0.738125 36.6439 1.30694 5.13293 
0.199745 1.18676e-05 0.000251192 0.00782586 1.68466 0.965312 5.56792e-05 0.87838 0.0326984 0.135057 1.09971 0.0492522 1.04677e-05 0.0554712 0.525779 49.0575 1.61604 9.77681 
8.25506e-05 7.27223 0.0099017 0.0577189 3.33076 37.3897 0.00736822 6.37025 0.011804 1.29896 0.00927893 0.405932 3.8114 2.40247e-05 1.40931 38.6395 1.99652 6.02039 
3.06839e-05 0.000111835 8.95215 0.0361631 3.22978 2131.14 0.000116091 2.75397 0.103667 0.515084 1.09969 422.257 0.000484151 3.71027e-05 1.34431 3.10706 1.18387 8.42745 
0.00254679 1.28129e-05 0.0806643 0.00107565 1.69707 0.0207089 0.0282287 0.0392003 0.0363188 1.49416 0.31431 370.178 5.60039e-05 0.990679 2.14786 9.93504 5.50427 5.52799 
0.010503 0.253231 0.00543804 0.0166048 0.487712 0.0474251 0.236733 0.253603 0.0963996 4.63375 0.00875011 234.974 1.97161 0.00653964 1.00627 5.25595 1.33797 4.35885 
1.42712 3.57369 0.000611699 0.00149803 0.00205114 8.51942 0.00739243 0.158879 0.0288044 4.68147 0.046909 155.319 0.115197 0.245693 1.7461 10.765 2.54856 9.18134 
8.44687e-05 0.677848 6.25617 9.32147e-05 1.77557e-05 2.33347 0.000264722 1.34642 0.0678328 0.0764367 1.9602 7.73942 0.25042 0.00188667 1.68674 27.5091 2.02426 9.91036 
0.181442 0.241826 0.114521 3.42227e-05 0.195734 0.366022 0.000970595 7.11786e-05 1.94589e-05 73.6439 0.424448 0.0481034 0.0715361 0.193642 1.86091 44.7287 1.7002 8.94088 
1.29203 0.132301 3.81741 0.57273 0.0279183 0.030912 0.0295792 0.0134139 0.0922663 2.55078 8.38648 194.462 3.09712 0.0797722 5.51482 4.88446 3.76433 3.85151 
0.0058167 0.00586126 3.78865 1.11586e-05 0.666317 35.9741 8.57377 1.1556 0.706812 0.707515 1.99587 228.623 1.1772 0.00277607 1.94894 21.4831 9.64311 3.47801 
0.000426645 0.0620587 0.761174 0.000176713 0.947803 0.0125973 0.0597614 0.285516 0.00992474 0.423971 0.0752646 52.3344 2.99061 2.41924e-05 1.60137 19.9295 0.941405 6.77904 
0.000255855 2.19601 0.00162294 0.175666 7.63123e-05 2931.54 1.84951 0.12648 0.203973 0.274333 1.28863 31.8155 0.117546 0.0183038 9.26428 17.4943 2.16335 4.95196 
5.19366 7.58025e-05 0.085406 7.77782e-05 0.129978 113.71 2.95919 0.0207941 0.000173233 115.833 3.78747e-05 0.125489 0.197776 0.0784257 1.53177 46.3494 1.3382 6.98623 
0.00480128 0.000132797 2.47327 8.33454 1.85967 149.252 3.92272e-05 0.610869 0.035031 0.187206 0.0301717 7.31614 1.732e-05 0.0202843 1.2927 42.3521 0.736236 4.79396 
4.24289 0.0875925 4.0898 5.17124e-05 0.372165 127.299 2.61717 0.00142706 0.20781 0.169622 0.000408189 0.0139234 0.214525 0.167164 1.67935 31.3345 1.61261 8.63798 
1.77679e-05 0.672733 7.3547e-05 7.44969 8.70867 0.683559 0.144234 5.04273 0.482738 79.0343 4.6585 136.363 0.0122444 0.0222533 0.480905 29.269 1.77213 2.76523 
1.74993 0.172198 9.10117 0.017893 0.000198065 929.89 0.00261645 0.00558858 0.000275674 29.3829 1.35363 0.236763 0.0112918 0.0772856 2.26309 47.6296 1.78014 9.48353 
0.000450442 0.0895169 1.64462e-05 1.11866 0.00187216 975.915 0.0690849 0.0534148 0.868776 1.18247 0.00772119 51.2623 0.0896259 0.00355564 7.86697 46.8155 1.21332 2.83684 
3.32424 0.0128085 0.41667 0.0107832 5.66537e-05 0.209139 0.433898 0.885635 0.0301706 0.963585 0.0548787 394.147 5.56611 1.56123e-05 2.47078 32.2237 1.02225 1.46211 
2.25079e-05 5.78597e-05 0.28676 0.00224844 0.000112754 642.493 3.76765e-05 0.00337957 3.94108e-05 0.0177932 0.00657794 14.1626 0.253325 0.0457136 0.356927 46.7373 1.33516 7.28245 
0.000444172 0.251039 0.00105289 0.000914809 0.500543 2278.52 4.49366e-05 2.46793 0.023797 0.0978686 0.0146573 262.599 6.72427e-05 0.108677 6.45182 43.8468 3.19394 0.871229 
5.4224e-05 0.0296463 3.38458 1.69221e-05 0.0013337 0.0836003 1.05053e-05 0.195974 1.11105e-05 0.0617466 0.00047243 1.27214 0.00138311 0.141371 3.24904 44.9675 1.38404 5.22373 
0.000709249 0.00109083 0.000173301 0.265153 1.26825 1081.93 0.0489954 5.75225e-05 0.0319909 0.246118 0.00554891 4.54117 0.106855 0.158563 1.35724 45.1609 3.01711 9.85636 
2.26895e-05 0.0327548 1.19318e-05 0.715766 0.92801 86.6184 1.72411e-05 0.072725 0.00176152 63.6647 0.000107164 1.1622 0.193394 0.150555 1.31849 40.2184 1.98256 6.47047 
0.00304191 0.274714 2.48266 7.51924e-05 0.32739 1.59673 5.8119e-05 0.0571278 0.552178 83.7061 1.19206 102.925 4.94092 0.000494949 0.913153 36.6118 3.54486 0.707209 
4.19862 0.000266745 2.02424 0.00340294 0.0572106 82.6899 0.0886498 1.0915 0.898906 2.74526 5.72736e-05 54.4468 0.0546896 0.22418 3.41219 43.3198 2.86611 7.77867 
0.000127774 4.95952e-05 0.000213147 0.998615 2.69388e-05 0.818118 0.000223091 2.13197 0.0612895 68.6309 6.17881 342.194 4.11064e-05 0.00506041 0.749387 19.6104 1.40123 1.80605 
0.00185122 0.191271 0.00193926 3.75737e-05 0.00533409 2309.56 0.000397988 4.44196 0.0468466 1.84218 1.72671 69.04 0.108586 0.0137927 1.47057 26.239 2.03008 5.20641 
5.1445 1.62516 4.22878 0.0242713 0.0112163 39.8424 0.000118031 9.48418e-05 5.33676e-05 2.25163 0.000582891 0.0201321 0.030005 0.208403 3.08999 29.8619 1.14405 8.18989 
0.000187265 0.0152532 4.63071 9.94432e-05 0.000309204 2633.72 0.000237249 0.0148342 0.0237835 0.0127114 0.766733 69.0458 1.77926e-05 0.00060544 4.53339 10.9513 1.71138 8.61316 
0.000585054 0.000171555 7.13673 0.00043425 0.00181709 190.259 0.019408 0.0678175 0.0432958 0.349084 0.106622 116.551 0.00170709 1.20846e-05 2.26365 40.4244 0.628668 1.02661 
4.95476e-05 4.68258e-05 1.0465 0.00510497 0.0362409 0.227625 0.0127778 0.362811 0.166616 0.636385 0.00243083 36.5088 0.0336533 2.47923e-05 0.489453 30.8424 3.07019 9.92591 
0.00150009 0.0339956 0.000327989 5.96616 0.0432826 0.0722182 0.353583 0.000556965 0.0357366 0.0584717 1.30884 0.0111407 0.137802 0.000426648 2.77998 24.178 0.82791 8.85768 
0.0189337 0.00803383 0.131022 0.000576589 7.59504 1526.15 0.00165273 3.06407e-05 0.200242 0.0353468 8.84782 0.0247454 0.238167 0.00200326 2.15344 28.3911 1.43767 7.14308 
1.15093e-05 1.89261e-05 2.20179e-05 4.67295e-05 0.681733 141.614 0.0079005 0.0246571 0.0597322 1.36531 0.248088 227.4 0.0089019 0.0795669 3.63327 8.24775 1.45352 2.43728 
0.000728385 0.010109 0.000737784 0.00133108 1.20539e-05 0.0365187 0.00456489 0.128624 0.00458905 0.065985 4.77104 266.211 0.0878066 0.0159224 1.43825 7.73252 3.32025 1.75179 
0.00106505 5.80012e-05 0.0016114 0.279097 0.00883899 0.0154054 2.99175e-05 0.692032 0.0511709 0.045715 0.0067045 170.824 0.142141 0.0948285 5.95124 31.9901 1.63573 4.14474 
0.0133096 0.000516882 0.000213461 2.60827e-05 0.0246451 96.8791 5.9884 0.0173943 0.201412 0.0657412 0.0201541 164.904 0.00130993 0.946188 2.17123 12.7616 7.96472 6.56002 
0.000137928 2.42061e-05 0.296146 0.000661737 0.00085181 1538.11 0.0291983 0.301794 0.000598491 37.1603 0.146719 21.2265 0.00324683 0.104148 1.48479 37.4742 0.845787 6.1904 
0.206543 0.00379633 1.96994 0.000130443 0.0186264 1053.07 0.00540636 0.0441777 0.00591312 0.67678 1.23888 100.042 2.55098e-05 0.000238322 2.44672 37.1166 0.929529 1.53045 
0.000190617 2.35497 1.79749 0.462182 5.486e-05 1.19852 0.594305 0.0554303 0.0442327 0.297948 0.00465238 406.192 0.000645764 0.00850278 0.91501 4.64245 4.77958 9.53475 
2.83687e-05 3.42366 0.00918144 0.0709953 2.09722 49.5522 0.00896812 0.00306752 0.0989031 0.38251 1.29854e-05 0.228237 2.08284e-05 0.236353 4.45434 37.6145 1.59937 7.99825 
1.30079 0.00743554 0.00683313 0.00247438 0.0503239 0.82552 0.689317 0.0962229 0.222929 0.507475 0.00907169 58.8335 0.012697 0.0447886 7.1147 21.8361 0.996072 3.63132 
1.40458e-05 0.0829052 1.19045e-05 0.00171571 0.00533866 1031.29 1.87801e-05 3.55496 0.0156696 7.7158 1.08654 427.079 0.000108633 0.00724455 5.87484 47.732 1.25488 0.671069 
0.00728189 0.033238 0.0677818 0.270468 5.49413e-05 1281.44 0.174366 1.34556 0.572528 381.61 1.84494 346.845 0.00330825 0.0656345 6.04418 16.3971 3.12237 4.2498 
2.41808e-05 5.09079 0.600165 0.108529 1.76685 8.59186 0.372442 6.77995 0.00463171 0.0386198 0.041478 46.9583 0.00323284 0.000159807 0.576107 47.8102 0.852408 7.96909 
0.000490975 3.97481e-05 0.154503 3.69753 0.0794756 19.2619 0.00160793 0.188338 0.674667 1.4316 0.282093 96.0713 7.18321 0.000117948 1.55608 38.8255 8.29144 8.95365 
8.6465 5.21629e-05 0.0210765 0.00150872 0.0181609 12.2955 0.000102441 2.16728 0.30828 44.0272 4.09385 455.705 0.0082786 3.10859e-05 6.39649 27.9756 1.00532 0.604172 
0.000762166 0.00237504 0.0480237 0.00704815 0.000374243 48.007 0.00403865 0.0294165 0.00124609 0.128159 2.75385e-05 0.520438 0.00722546 0.131985 1.03822 34.2243 1.71983 6.23366 
0.37512 0.005035 2.9516 0.222424 0.0337832 0.0895665 0.0388256 0.140747 0.334744 137.763 0.132185 130.102 0.00892247 0.0655232 1.00517 27.4388 4.40467 2.88809 
0.0797388 2.07269 3.42567e-05 0.239629 1.43597e-05 0.040263 0.0740533 1.25489 0.0327552 33.3177 0.390536 255.78 6.35053 0.0158592 0.741874 14.6369 4.40259 6.72108 
0.00485185 0.00104031 9.77211e-05 0.186455 0.0030784 0.130062 0.000342453 0.215229 0.170735 138.28 4.17778 33.5202 4.54438 0.00393885 1.32092 23.7377 1.49059 8.65615 
0.0162522 0.330788 0.00179928 0.000908443 0.278756 46.5338 1.28514e-05 0.0363994 0.487608 3.49112 0.192686 276.98 0.00186106 0.0485621 9.46954 10.5678 3.76354 3.62035 
0.00313606 0.0678538 0.000876456 0.000458013 3.19012e-05 0.408324 2.23094 0.170426 0.00534838 0.023693 7.40848 50.7221 0.605035 0.000462762 6.91108 45.1057 6.84444 7.57049 
0.00691868 0.00369827 0.000970139 4.58018 1.70987 0.385943 0.151748 2.57757 0.962208 59.6174 0.0196376 14.8313 0.00110384 0.196767 1.5897 38.2702 1.94366 5.98005 
4.7706 0.000549284 0.000796632 0.0129365 0.0044531 166.545 1.93033 7.53034e-05 2.50297e-05 7.83792 0.0382314 4.50025 0.00734105 0.0431552 0.316364 47.792 2.12371 6.68815 
0.000119074 0.00172851 0.347953 0.000649123 0.00287379 0.146832 4.58522e-05 0.736232 0.0198525 0.328281 0.0342341 113.496 0.0500102 2.73392e-05 7.53474 34.2205 2.02523 1.84768 
0.105006 2.39003e-05 0.0134451 0.523489 1.58173 1452.81 1.33946e-05 0.246572 0.0314118 49.082 0.0296448 437.774 0.000743069 0.00564294 8.27788 8.06424 1.69371 2.82413 
0.000227272 0.000102755 1.29736 0.080653 1.63521e-05 0.0181019 0.0561256 0.973451 0.110154 0.483521 0.0780522 31.2913 0.00510662 0.00154526 6.29444 48.5764 0.614982 3.82772 
0.000256921 0.0413864 0.0910594 1.03459e-05 0.000245575 0.0499273 0.295341 0.0287692 0.000608528 294.173 9.38657e-05 0.112317 0.0131663 0.120047 2.08008 49.7375 1.4672 7.21209 
1.20536 0.00107913 0.00012231 3.14597 0.0084358 194.999 4.38619 0.211691 0.0982958 4.38384 0.0356299 135.599 0.0849667 0.130175 1.76368 21.963 5.04922 6.05852 
0.000984513 0.564 0.0750229 0.807354 0.0127851 168.336 0.0964823 0.00046856 0.000564556 0.284245 0.000154196 0.198951 0.000569506 0.111405 1.52517 42.7785 1.41934 7.65451 
0.000210359 0.0748382 0.220305 0.000213377 0.126646 1.92662 0.00129288 0.199317 0.0897388 3.87765 7.25801 91.7284 0.0106717 5.54713e-05 2.73805 10.9197 2.89008 6.34083 
1.66758 7.68145 1.0898e-05 0.0096341 0.0806349 4.97519 1.52696 1.51432 0.158516 0.103913 0.359232 314.311 0.0371407 0.22561 2.13674 15.7612 3.52527 6.30037 
0.0132652 0.00202713 0.00316085 0.000395748 0.00144832 107.447 0.0463046 0.000324443 0.307613 0.0658892 0.161691 0.0406311 0.0485579 0.202096 1.9861 39.319 1.38494 3.14101 
0.000114234 7.66941e-05 0.0418438 0.0011106 3.8866e-05 10.4285 0.000303344 0.234766 0.625922 0.18401 0.0069113 153.688 0.000167951 0.00267329 1.40896 3.46701 0.857884 8.73514 
4.99766 0.00397286 1.09954e-05 1.91245 3.20114e-05 0.86352 0.00724319 0.324555 0.298703 0.0509001 0.00873901 11.7097 0.00215414 5.29083e-05 0.653011 44.3528 0.687469 8.42392 
0.012297 7.81937 8.28409e-05 0.000443048 0.0006193 4.55495 0.000155124 6.64243e-05 0.000147808 2.0013 4.73787e-05 0.741483 1.79877e-05 0.108335 0.478284 48.5645 2.84241 8.53862 
0.180231 3.84233e-05 0.00263461 0.635014 0.00410291 0.940355 0.0150174 0.0234949 0.00865055 0.95419 0.0249336 38.4289 3.89811e-05 2.99498e-05 1.31793 37.3205 3.39657 6.13533 
0.00470487 0.000328352 0.00900062 4.32563e-05 0.588753 0.0242321 0.0415601 0.238199 0.738745 394.152 0.566017 52.1423 1.03245e-05 8.89304e-05 1.27611 8.49005 0.888976 8.11694 
0.0579714 0.00379577 0.000180202 6.56313 0.00794158 30.7913 0.00091887 3.24624e-05 0.00157088 16.9137 3.7539e-05 1.23117 5.55229 0.077604 0.62208 43.4086 1.64209 4.25212 
0.0190013 0.0269661 3.13165 0.495646 0.614025 65.5544 2.01594 0.296571 0.118893 13.0288 0.891786 54.5832 0.117353 0.00397051 1.88603 37.0806 3.5792 9.29115 
0.00328067 0.118952 0.273208 0.0993759 0.00178797 538.498 0.0199579 0.0243672 0.49626 10.7099 0.436964 311.5 0.00140526 0.00012313 5.64314 5.11708 4.20964 8.075 
0.000106231 0.0241565 0.0013744 2.76021e-05 0.247507 27.6783 0.0169614 0.236259 0.559155 264.114 5.27282 157.71 0.000118436 0.000610064 7.18994 13.4502 1.86312 1.26104 
0.065548 0.00623708 0.00509342 0.000130912 2.14504e-05 3.41 0.237535 0.00014092 0.000458909 0.929474 9.09696e-05 11.2132 0.0114246 0.173088 4.10001 41.5381 1.30447 5.851 
0.067123 0.00647263 0.0324399 1.70275 0.0045376 81.4552 4.17308 0.0504323 8.33647e-05 0.0324159 0.0809947 0.118371 0.234523 8.91723e-05 2.85219 41.153 0.680594 6.22885 
0.000269095 0.00313271 0.000182196 3.20878e-05 0.046742 2964.67 0.000174574 0.00420584 6.28659e-05 0.130021 0.0547641 0.0441899 0.000446612 0.0729597 1.07153 49.5689 1.25556 5.14225 
0.00210817 0.034739 0.834434 0.0397135 0.126201 1.91857 0.385565 0.0483238 0.0540041 456.629 0.679441 415.064 5.77724 0.0383944 0.957869 43.1862 1.47192 9.95864 
0.0109183 0.00340788 4.97128 2.24445e-05 0.00039543 0.0556848 0.00537022 0.00987149 0.0043869 0.0419007 0.0749207 269.793 0.000789897 0.63085 5.15463 33.8765 5.35904 4.35273 
0.0223278 0.010543 0.439045 0.946319 2.65012e-05 0.089445 0.0372789 0.904143 0.00739632 0.0228712 0.234935 94.9395 0.000701992 0.438554 1.97846 34.8351 2.62035 3.11097 
1.89622 0.429212 0.00033652 0.000731327 0.0971878 2563.56 6.23539e-05 0.131135 0.0281653 1.21102 0.101862 150.778 0.0286089 0.0178917 3.57956 12.3448 1.04349 2.16857 
0.828551 7.0781e-05 0.318765 0.00490414 0.00161366 2585.9 2.31534 7.29429 2.84833e-05 13.9172 0.00434426 13.4259 0.000708448 0.0357352 0.392702 41.0326 1.12879 7.78333 
0.000969506 9.71049e-05 0.000405312 5.17566e-05 0.0140087 0.0454331 1.20383 7.97406 0.148268 2.07652 0.607759 281.277 0.0276644 1.34608e-05 0.364077 29.8851 2.31216 5.70653 
0.000127457 0.000547812 2.30267 0.00496804 0.000287154 0.0521068 0.000118687 0.138097 0.237382 2.58459 0.0180797 50.0993 0.0196086 0.00457731 2.03188 25.2918 0.852401 1.70947 
0.00153999 0.0010651 0.480077 0.0134948 0.00305179 53.7766 2.52312 0.100541 0.012834 0.0835892 9.50352 6.42935 0.00938216 0.114166 1.97556 46.3156 1.49021 9.29436 
1.49753e-05 3.80945e-05 1.08853 8.4013 0.041057 57.4192 0.234963 0.411194 0.552406 2.50509 0.0585107 427.331 0.000768588 4.03401e-05 2.91825 4.08875 0.744547 9.20103 
1.83254e-05 0.000153723 6.21542 0.000927797 0.000325461 722.225 0.218469 0.00407633 0.0313639 2.46619 1.87503e-05 4.91696 9.77494e-05 0.0458187 1.4625 42.9531 0.760196 6.3096 
0.000252764 5.04197e-05 6.75875e-05 0.0212729 0.0374768 0.619365 0.741023 0.0256612 0.460308 14.8772 1.12976 1.76254 0.0120763 0.00452991 2.41384 47.305 1.88146 9.46688 
9.74109 8.06585e-05 0.000379312 0.0063742 0.000101061 50.122 0.322873 0.163762 0.00241219 0.0124609 0.3809 130.553 1.05369e-05 9.94353e-05 0.951577 40.1882 7.86203 6.26743 
0.108531 2.83635 0.122241 0.312036 3.88855 0.306627 0.00813232 0.178755 0.000130677 1.28036 0.101586 0.358448 0.0897228 0.06287 1.13612 47.6039 0.899412 6.80064 
1.3982 0.000625181 0.000985243 3.88299e-05 0.262209 0.0659464 1.38987 0.0151584 0.000294205 1.75331 0.114651 1.10339 4.99382e-05 0.123443 1.19731 49.2935 1.80933 4.50619 
0.00240894 0.00112202 0.202189 5.3277 6.91682e-05 0.0685281 0.322021 3.52578 0.516305 57.1169 0.538244 211.372 0.00450842 0.0292926 1.00171 7.48006 1.86614 2.01448 
0.42503 5.98009 9.03715 0.721242 0.186782 43.6654 0.0111855 0.0275454 0.118412 10.7583 1.49483 286.609 1.01883e-05 9.11433e-05 4.24285 6.49189 4.45402 8.74133 
0.0250513 1.45639e-05 0.0108012 0.942951 1.11756e-05 102.389 0.343772 0.020876 0.000177717 0.254579 0.123033 0.0462653 0.725247 0.00532643 2.3088 39.1305 0.843869 6.1572 
0.000164735 0.0424013 6.88672 0.00585638 0.000151649 0.0490261 0.463944 8.08463 0.345641 0.143577 2.09215e-05 0.0398437 0.0700899 0.156586 0.881302 40.664 2.87565 8.4866 
0.0113887 0.0414802 0.474136 0.00637963 0.00822915 0.324374 0.0660155 0.0956457 1.04306e-05 8.27606 0.000782538 219.083 0.639615 0.123634 1.1914 33.2787 1.15469 7.52126 
3.07345 0.0961611 0.00212782 0.3411 0.000580976 2.40446 2.8798e-05 1.32422 0.0583091 4.43313 6.92313 95.8644 0.115506 0.00577977 0.712252 45.2135 1.15308 7.32846 
0.001913 0.000568984 0.000265365 1.49726e-05 6.22463e-05 0.0175147 0.0594297 0.398955 0.115218 0.558451 0.0367117 312.581 1.56617e-05 0.24864 9.97065 32.5882 2.87901 1.16914 
0.231719 0.0195785 0.00025999 7.29837 0.00566943 283.894 0.000388717 1.72149 0.254279 55.4364 9.95392 89.5839 2.65048 0.000188615 2.74092 16.343 1.13313 2.48719 
0.0314392 0.000960318 0.00129539 0.0468136 0.490587 32.365 5.70607e-05 0.496163 0.0642542 0.0933723 0.00690234 214.932 0.471757 3.58141e-05 4.20194 27.6762 1.1274 2.60896 
0.000793726 0.000553125 0.000900358 0.683333 1.11291e-05 0.0377189 0.183809 9.93064 0.072667 0.157322 0.32107 93.9148 0.887128 2.68762e-05 7.03942 36.9873 1.22776 3.95148 
0.0151404 0.94007 0.0161388 2.70172e-05 0.0218489 70.9999 9.75409e-05 0.254826 0.0262573 0.0114423 5.07958 0.0771211 0.0199762 0.370627 1.30123 34.3463 1.82653 9.14543 
4.76973 0.0207046 0.00956528 0.0392234 1.87095 59.639 1.24795e-05 0.505544 0.432452 0.156093 0.0410708 19.3744 0.00450997 3.15266e-05 2.47591 27.5564 3.54607 6.74983 
0.104754 0.0104267 8.4613 0.000242983 0.00207194 1608.94 1.50798e-05 0.00187699 1.26075e-05 113.66 0.0380295 16.6535 0.0148614 0.0648783 0.452054 43.2588 2.0789 6.05169 
8.16191e-05 0.0550339 0.0399868 0.000481014 0.00516769 30.3148 0.0017176 0.00662346 0.1687 65.7348 2.28475 12.1217 0.731525 0.00013977 2.49663 35.5301 1.94236 8.63022 
0.000135244 0.00406329 0.000136033 1.24124 0.000351975 3.424 0.000111 4.81934 0.0226365 0.0317621 4.22506 162.019 0.00133128 0.0037741 1.46202 24.3774 0.810689 2.05059 
7.65615e-05 0.172331 0.000419937 0.000177018 0.000401924 133.74 3.89013e-05 0.000512374 0.0481488 3.65991 0.00887349 51.4306 4.67126 0.000525802 0.269847 38.9066 0.958569 7.78049 
0.000485352 0.0117963 0.000279366 0.199393 4.08209 40.3183 0.623477 0.00532266 0.00961126 2.36143 5.03742 40.492 0.000175921 0.00880143 3.69909 28.4355 1.10831 4.08208 
1.70741e-05 0.0903534 0.101506 0.0602293 0.00117085 133.432 3.82873e-05 4.68186 0.0141079 0.012898 2.3459 425.871 3.62548e-05 0.0051578 0.741421 7.15878 2.66265 2.67841 
0.00207006 3.34927e-05 0.000107061 0.000948635 8.93518e-05 5.41024 4.44223 3.00276 0.0356757 0.736267 9.46223 206.122 0.255046 0.0278595 1.1762 46.3774 4.98354 4.40638 
0.243018 0.00394073 0.00276919 0.000196541 6.14463e-05 0.729677 0.098666 0.0554608 0.277872 12.6291 0.00339945 0.115458 6.57683e-05 0.0881011 0.927022 49.3831 0.895096 8.91044 
0.636494 0.0564764 0.0208179 0.189019 0.000729343 69.7909 0.0749814 7.69108 0.311621 21.0487 8.69804 341.629 1.92447e-05 7.29618e-05 2.228 29.0509 5.58829 7.98796 
0.00411261 0.0002025 3.36463e-05 1.13303 1.32873e-05 0.111752 0.0133314 0.256347 0.872801 1.73119 0.0413955 30.9171 9.13678 1.08974e-05 0.643682 33.4575 1.6761 4.89417 
0.129926 0.000924031 0.0123265 1.30821e-05 6.07308 295.689 0.000103511 2.78385 0.420999 2.4492 0.0775688 24.0351 5.92529 0.0203839 2.34583 40.2686 3.55095 5.00921 
3.88856 5.64661 0.0506182 0.297258 4.88893 315.15 0.56391 0.708934 0.000281947 0.430682 6.77912 0.156096 0.206031 0.0145527 1.2995 49.6615 1.22604 7.25262 
0.00315521 0.00799715 0.0123597 0.0253302 1.24155e-05 144.255 5.18438 0.462715 0.947051 43.9958 2.75859 21.8663 0.501023 0.0166358 0.669916 46.704 2.964 8.73362 
0.0297957 0.019111 1.0342e-05 1.30241 0.31319 13.211 2.36744e-05 0.597342 0.0660499 0.115177 0.0192934 365.381 8.63088 0.000822734 3.13875 12.8596 2.66804 6.94114 
0.164729 0.000638854 3.48901e-05 0.00287571 0.116903 13.5345 0.157113 0.294818 0.00384468 1.06906 4.51706 144.243 0.000556364 0.000382816 5.59818 8.07887 0.986447 7.9665 
9.92317e-05 0.00627633 2.28584 0.00369698 9.17523e-05 18.8072 0.0118839 1.26233e-05 0.290382 0.692328 0.0325273 0.134047 0.062349 0.0607426 0.569156 47.4941 1.02026 9.7703 
0.277994 2.75745e-05 7.35123e-05 0.0042686 0.00398171 2.04652 0.228426 0.0700135 0.120139 5.2164 0.135146 0.222486 2.89079 0.00129027 0.692552 35.9496 1.65082 8.2179 
1.64665 0.00322 0.0041721 1.09897 0.00696581 267.856 0.003679 0.855714 0.00593783 1.87965 3.57958 307.117 0.00627598 0.000118833 1.03841 7.46278 2.76201 8.02229 
4.99577e-05 0.406994 4.0621 1.36303 0.000100896 7.6563 2.08874e-05 0.123552 0.087722 0.431433 1.20419 332.259 0.0433334 0.000450281 1.60603 6.66118 5.22184 3.44237 
8.08176 0.15818 0.0139386 0.817595 0.000295469 0.0132439 0.219639 0.00394055 0.222682 59.0721 1.55201 0.257644 8.71997 3.93961e-05 4.55866 48.3505 1.88373 6.86264 
0.00786688 4.36793e-05 0.698575 0.000358684 0.669618 36.9747 0.000293079 0.0544703 0.434861 34.0843 0.039984 125.281 0.0235328 0.000661872 0.509832 42.1931 9.39587 8.22184 
3.52566e-05 5.34343 0.000321207 0.000155298 0.525087 816.857 1.66878 0.361119 0.0806486 32.8405 2.84506 106.277 0.265523 0.00168394 3.7247 20.1737 4.52633 7.53296 
3.90142e-05 0.00741919 0.000106227 0.0154009 0.034333 166.775 3.07543 2.13068 0.00884282 0.017472 0.377859 76.3891 0.00350921 1.36854e-05 6.05207 36.8003 2.91582 4.61766 
1.75022e-05 0.00272984 3.39758 0.000371143 2.08473 248.933 0.000108158 7.87345 0.934618 7.22289 1.28268 98.5258 1.30811e-05 8.8695e-05 1.92953 29.2881 2.62416 2.56528 
0.0069805 1.19468e-05 0.0803197 0.737008 0.0155645 266.801 4.19957 1.15465 0.00149973 143.262 0.216912 0.533909 0.00822207 0.0974286 0.877423 38.9121 1.44864 9.49106 
0.0671588 0.0166783 4.46629 0.128219 1.73571e-05 0.252781 0.265718 1.45364 0.265811 0.482509 0.00701617 3.67795 4.51305 0.000118929 0.644925 27.7212 0.855674 6.88693 
0.007624 0.586709 0.000152438 0.00318204 0.0733539 5.43976 2.87629e-05 0.856318 0.658924 2.75606 0.293999 163.175 0.0665627 0.114317 4.72714 9.27565 1.22775 2.45133 
9.49026e-05 0.53436 0.282498 3.74209e-05 0.00529337 562.565 0.000246343 1.49693e-05 0.000573009 0.200827 2.34109 0.0193476 0.263326 0.0154712 2.79826 46.4949 2.32353 9.8788 
0.00536361 5.18064e-05 0.0200765 7.12134e-05 0.0889423 15.5243 9.47369 2.11285 0.00895249 0.841307 3.87945 317.419 0.201942 0.0885719 1.89158 24.9793 2.08443 7.64076 
2.56261e-05 0.507567 0.0395764 0.00550127 5.06172e-05 0.626169 0.00635476 6.86827 0.101948 0.0222519 0.272618 199.488 0.0126789 2.05072e-05 0.735542 19.0754 4.26383 6.41418 
0.535668 4.80158e-05 2.45582 0.0492006 5.01701 778.108 0.00772683 0.000111724 0.0306717 0.798113 0.0696322 0.0599971 8.99943 0.135155 5.47297 47.6657 3.67158 7.29576 
2.5972e-05 0.852163 0.00218673 0.000417351 5.25728e-05 4.32498 0.0420231 0.114918 0.673559 1.85982 0.000859187 4.88126 7.85217 0.141441 5.31665 48.2494 1.23263 9.2679 
2.87296e-05 0.244725 0.0178422 4.22737e-05 0.02585 72.6304 0.000313881 0.267092 0.884204 0.846141 0.0229888 230.283 0.000216805 0.00146453 9.3602 5.39896 2.64966 7.51697 
0.000312568 0.000272662 0.0167984 1.73339 0.170691 490.59 0.538214 7.88682 0.00903411 0.19614 5.78771 35.4177 0.000913676 1.88313e-05 1.07912 22.5727 0.723697 9.00522 
0.00107434 0.0576516 0.134187 0.00601546 0.00366707 0.119759 0.00123856 2.38691e-05 0.00436923 0.0209361 1.12907e-05 0.0736526 2.59428 0.131696 2.50302 42.3499 1.64318 6.55237 
2.54767 0.00027889 7.93882 0.000129443 0.00016563 93.1222 0.000668176 0.010075 0.635361 2.53057 0.893089 68.8778 1.03112e-05 0.00211423 8.90082 31.4827 3.90886 3.99202 
0.000140918 1.03833 0.00452911 2.09435e-05 1.75481 1319.07 2.41887e-05 1.22121 0.4355 68.7852 1.48024 471.459 0.00101532 0.00650595 1.94521 36.0409 5.77555 6.46519 
0.141713 0.13948 0.00181257 0.00580644 0.192811 0.0913889 0.000316968 0.0927411 0.00674215 0.0127802 7.17413 54.3694 0.00116633 1.07006e-05 3.76937 43.2037 3.44641 2.33212 
0.485721 0.116846 0.580274 0.00041838 0.0528809 67.776 0.00301029 0.640696 0.467433 7.04864 9.68224 259.3 0.00278075 0.0398826 1.72402 7.28853 3.35388 8.11106 
1.22911 0.475562 3.23061e-05 0.000877561 0.127219 0.496615 3.96816e-05 2.30726e-05 5.25376e-05 0.0169326 0.0209313 0.203776 0.943243 1.54492e-05 3.18445 45.6556 1.32451 9.2512 
1.50286e-05 0.110596 0.00220272 0.000121781 8.10686e-05 1.82387 0.462817 2.85736e-05 0.892461 0.81498 0.0150544 0.0871096 0.000214121 0.0749301 1.01622 43.6836 1.89024 8.69608 
0.0190489 0.217035 0.000148818 0.785471 0.000883381 1090.99 1.31676 0.290389 0.269052 0.0784255 0.048496 10.3899 0.94797 3.30379e-05 1.50562 34.5082 1.5385 6.18396 
8.00061e-05 5.82925e-05 0.78476 0.000156976 0.116696 709.88 1.17348 0.0328536 0.115574 0.247112 3.68455 85.1499 0.000136626 0.0593161 1.12447 28.5961 5.38015 1.79285 
0.0533213 0.000293328 4.08781e-05 3.00979 0.000233981 445.574 0.344338 0.450232 0.0515163 195.557 9.46397 57.3009 0.000350356 0.00558633 2.3668 30.9734 1.00814 2.14484 
0.213011 0.626278 1.87631e-05 0.172312 0.022504 1.02621 0.000247394 1.17753 0.207208 0.0435954 0.00546478 85.7278 0.000370861 0.0029587 0.45614 29.7626 0.918693 9.18983 
0.000249984 0.000131304 1.76199e-05 4.76335e-05 2.14898 21.5165 9.08565e-05 0.0314938 0.0320555 0.412997 0.0246514 103.613 0.000861392 0.00287994 1.14448 7.11178 2.23402 9.30529 
1.36813e-05 1.21247 0.000545849 0.00279793 9.23462 47.4092 0.481382 2.80262 0.0739008 0.0697395 0.0100561 146.761 0.0380495 1.97418e-05 4.62991 12.088 2.36009 7.92391 
2.1306 0.00142686 0.830432 0.00396936 1.03681e-05 31.6835 0.00311956 0.366638 0.0107706 21.7382 0.00302257 40.9329 0.000863384 0.0340651 0.295407 45.7964 1.41607 9.16396 
2.03449e-05 0.00189454 0.00701193 1.3348e-05 0.0012079 62.0287 0.133125 0.0504798 0.20432 83.0168 0.422412 119.549 0.000105899 0.00158926 9.63723 11.9325 1.28885 7.9099 
0.164312 0.0103635 0.0158336 0.00113243 0.230138 28.0701 0.00013115 6.63833 0.19061 2.61596 0.548029 324.898 6.66448e-05 0.017837 3.00239 34.5632 0.698357 7.56546 
3.68664e-05 0.00136731 0.00309798 0.393775 0.00100677 278.524 1.62977e-05 0.000456755 0.00175737 0.132597 5.13918e-05 0.114416 0.913381 0.0559467 0.756067 47.6284 0.960887 4.68602 
1.87864 0.0724019 0.0771102 0.00139747 2.03213 0.11417 0.00081538 0.561825 0.10968 314.661 5.11241 291.43 1.19341e-05 0.00618437 1.02681 8.47384 3.36973 8.05842 
0.02888 9.09784 0.299411 0.000871696 8.04427e-05 0.0479563 1.01204 7.99522 0.0808212 0.165259 0.0427159 70.9023 0.0937011 0.000522088 0.683285 25.9766 0.714015 3.11705 
2.14899 0.0373431 9.48686e-05 0.0152802 0.0012939 0.0821668 0.00019039 0.83947 0.0439483 0.410254 1.80298 150.559 0.000158318 0.000217903 3.89345 27.2486 3.67087 3.5465 
6.1906 8.91836 0.0642309 4.14942e-05 0.000275335 15.8375 0.00594039 0.0230643 0.0228277 0.0945923 0.0557019 148.407 0.0100469 0.325643 7.53666 42.5681 4.91411 3.22493 
2.55541e-05 1.08233e-05 0.00243533 0.00443951 2.25609 0.0657985 0.000570395 0.00327424 0.00808674 27.8379 0.989789 3.96849 6.54201 0.00013057 3.03963 34.6543 1.33996 4.50161 
0.00171496 0.0824085 0.00422681 1.39704e-05 0.0532136 0.171457 0.069003 3.27358 0.488112 2.9923 8.27567 477.386 0.000111206 0.0689272 6.42793 32.3642 5.83244 1.9092 
0.0215334 0.000218345 0.00296452 0.00454439 0.00163764 228.836 1.08554e-05 0.182772 0.258908 0.404338 0.00374307 319.215 1.44585 3.41023e-05 1.05988 4.80872 3.10055 4.0695 
0.131819 0.0039537 9.97221 0.0233644 0.000151771 748.128 2.15797 0.00583998 0.00323906 3.83023 1.35159e-05 0.757388 0.0172629 0.19388 1.6018 37.488 1.8441 8.65929 
0.0053044 0.0958601 0.402664 0.913567 4.65189e-05 8.63794 0.00118909 0.369833 0.063326 0.0374162 0.0825377 300.293 1.12947e-05 7.09144e-05 3.14386 19.3513 4.74245 0.881512 
0.158047 5.17854 2.06282 0.010766 0.199163 1489.42 0.365331 0.961872 0.72624 0.180707 0.0224347 1.00229 0.027984 0.0890685 2.2837 40.8624 1.16813 3.62216 
0.000340136 0.204142 0.00246047 0.000158972 2.14859e-05 0.0413149 0.00716943 5.05496 0.430581 2.4953 0.0143883 82.7644 0.174278 0.000516643 1.50417 15.6143 0.882762 7.6984 
0.0046427 0.000248612 1.29734e-05 0.0991133 0.336395 770.708 0.000142067 0.741537 0.27042 0.12969 0.0253389 317.058 0.00175687 0.00247393 2.45026 34.2507 4.45301 1.41786 
0.000726034 4.35103 0.000172622 0.443321 0.149052 13.6838 0.00159802 0.111405 0.0208641 0.0540054 0.0357646 320.988 0.00108774 0.0149355 7.34966 44.3561 1.75726 0.900862 
0.0010322 0.000295187 0.000232815 0.771275 0.000244383 358.737 0.850242 0.0915464 3.45852e-05 0.0119533 5.81482e-05 7.1196 4.63013e-05 0.0910134 0.816698 42.1051 1.05559 7.15265 
0.312214 0.000136948 0.000187581 1.49337e-05 2.28146 0.142662 0.304425 1.10721 0.131939 3.25574 8.57255 165.712 0.00959547 0.272123 2.36499 11.5741 2.14706 6.28666 
0.129132 0.922315 0.000363931 0.006555 0.403346 229.917 0.00154374 0.487508 0.00497064 0.0174448 0.448493 172.391 0.000226315 0.27672 4.48278 19.2817 1.28307 4.68856 
6.17347e-05 0.24495 0.000194534 0.0481226 1.91009 21.1589 0.061588 1.09203 0.00773441 0.010835 0.907879 142.664 0.00134294 0.565104 4.8576 24.9772 1.37522 5.03863 
0.000142545 2.21014 6.16123e-05 2.71884 1.02722 198.781 2.23829 1.03153 0.0440688 0.14198 0.0689633 144.385 0.000189428 0.00138466 8.18926 46.2922 1.28535 8.14204 
0.00132645 2.5429e-05 0.000870855 4.28025 0.272977 2.04727 0.000425578 0.0133022 0.444047 0.0401558 0.000283831 104.149 0.000224327 0.00692675 4.02826 7.49794 1.6196 9.00023 
0.000137582 8.19918 0.0315551 0.0621077 2.07808e-05 1.37053 0.00256721 5.04571 0.281909 0.061058 0.394602 416.888 0.000280965 1.21301e-05 2.12653 7.14447 3.57244 5.81273 
0.000355052 0.0190692 0.0996498 0.702708 0.969987 0.0471902 4.20774e-05 2.59531 0.256214 31.5761 0.135567 43.1592 0.0131308 0.00929822 0.996623 20.4086 2.48218 6.75912 
0.388278 0.000479995 0.595698 5.36972 0.000388773 1355.31 7.64799 0.110646 0.198931 7.83615 4.56013 376.669 1.43237 0.00127487 4.7786 2.04454 0.994925 6.32431 
0.0216351 0.000230653 0.269107 0.00120763 0.00566094 2259.32 0.0533829 0.0533009 0.361119 0.0111813 0.0146258 116.859 5.96555e-05 8.2197e-05 3.06227 6.26704 3.51724 6.56183 
5.41063 5.06246 0.261876 1.00507 4.35122e-05 1277.67 1.57579e-05 0.0199823 0.179997 0.549502 0.0298792 7.201 7.66132e-05 0.000103002 2.212 44.6545 0.782114 5.96311 
0.00289486 0.00101577 0.00743744 0.000315124 1.07497 259.712 8.37408 4.59411 0.349287 117.936 0.999694 473.5 0.00660064 0.00290037 1.54636 14.8242 5.03896 2.8417 
0.212164 0.177988 0.477525 0.0413372 0.000133222 2011.77 2.90234e-05 0.841403 0.217511 9.96593 2.50672 28.8961 0.00304705 5.05511e-05 0.391127 23.4804 1.15933 9.26981 
5.32552e-05 4.57601e-05 1.59571 0.000339321 0.00586201 383.979 0.000895564 6.95943e-05 1.09328e-05 428.442 9.10169 163.43 0.0940049 0.0451943 0.823731 45.0466 1.02916 7.81332 
0.000495221 0.0069465 0.0809024 0.000742616 0.00259974 0.0545148 0.0908608 0.654171 0.0640839 0.239276 0.229038 41.7069 0.721657 2.4621e-05 7.01395 35.9732 3.09665 7.22843 
0.000102707 0.000237325 5.59597e-05 0.0103987 0.0189595 13.3795 1.37109 0.825959 0.372814 3.05498 0.0153676 132.48 0.000213022 0.00520689 2.11732 23.549 3.81837 3.68811 
0.0484241 0.0282717 0.00204087 0.00321968 0.825852 1303.67 0.000475601 0.282867 0.199545 2.23913 0.0352338 206.865 0.0234131 0.000820475 4.02385 25.1808 1.65365 2.19175 
0.0101062 0.0366937 0.119429 6.38701e-05 0.00025549 0.283451 0.230159 0.03509 0.0163739 0.300675 0.0265032 81.2869 0.113469 0.000233557 1.51296 45.1663 6.39045 4.86268 
0.000120026 0.234167 0.00140388 8.93716 0.0117815 0.0150887 3.23275e-05 0.0148587 1.99254e-05 0.984662 0.000205211 9.35986 0.0110032 0.0553419 1.24497 33.2492 1.01407 7.0706 
0.49888 0.000832772 0.11077 0.000155776 0.0110112 192.42 0.000121804 0.0802234 0.214065 0.339155 0.0925542 19.6188 4.36559e-05 0.29721 6.19073 33.1386 1.77902 5.82852 
2.60158e-05 0.254214 2.61065 0.000409233 1.975e-05 2.73119 0.0212549 0.770456 0.265332 416.038 0.202537 97.6036 0.00295553 0.0709596 1.67433 45.1916 0.908285 6.70689 
0.0991645 0.0035591 0.000791462 0.000255771 0.128893 0.139426 0.000145544 0.283937 0.0375541 0.154677 2.62269 163.61 0.40686 0.0533557 5.76558 19.2173 1.9964 2.75276 
0.00143215 0.425494 0.000864523 0.00022941 5.55276 371.353 0.0293819 0.302506 0.157904 0.386655 1.50719 77.3639 3.82948e-05 0.0225239 1.39529 18.42 3.59302 6.37526 
7.05166 0.000151862 0.504007 0.00157555 0.0693634 35.6862 1.30864 2.3547 0.420842 0.705838 1.16652 104.262 4.54853e-05 0.000233933 2.61002 22.4785 0.762676 7.4452 
0.304738 0.000366139 0.376876 0.000279482 0.0791538 134.108 0.234382 0.0185894 0.00725165 45.2142 0.00968703 0.242038 0.018917 0.0846246 0.927567 39.6621 0.982408 8.6931 
0.0678028 0.0226745 0.003119 2.13905e-05 0.00304491 17.3128 1.54468e-05 1.0855 0.5288 0.700846 0.384489 98.4053 0.0364767 0.0038177 5.35222 46.3423 1.23861 6.42208 
0.0535377 0.00124476 0.0261151 0.000245696 0.00332461 0.257191 0.294211 2.2526 0.381824 0.0559925 0.108402 372.185 0.000419266 0.000617682 3.355 12.5268 1.52051 2.16418 
0.00443076 0.000262159 1.72665e-05 7.25604e-05 0.0104693 0.112358 3.19731e-05 0.733634 0.0452318 0.0109138 2.11744 62.8548 0.000156325 0.000138048 3.3252 40.0487 4.1787 9.1885 
3.7406 3.97496e-05 0.125327 0.058285 0.000160275 631.633 0.0169653 0.90519 0.185488 0.193949 0.464358 130.994 0.0272021 0.00013406 1.43453 9.13482 1.50167 6.49898 
0.0965689 0.245721 0.0171513 0.0234964 0.0113052 61.2572 0.000817815 0.485834 0.247418 30.8635 9.4016 21.239 0.0284248 0.0195925 2.19187 22.834 3.60192 7.862 
0.00881482 7.40736 0.0917174 0.168664 1.54998 99.314 0.0028757 0.354672 0.0340245 0.0169696 0.410687 261.055 0.000107486 0.499628 7.37812 29.8733 2.49189 3.32557 
0.716324 0.000447039 0.00659776 0.0898246 0.1345 4.49912 0.00152028 1.47138 0.668455 32.8793 0.01077 164.155 0.000139775 3.68999e-05 3.51106 11.0699 0.671205 2.15264 
0.000201366 2.66814e-05 0.689825 0.558296 0.00499275 1024.67 0.0457536 0.175255 0.945305 144.765 1.9118 39.011 0.017559 2.92403e-05 1.0739 17.157 1.19007 2.43913 
3.90171e-05 0.0019938 0.0220624 1.32065e-05 0.00300317 0.183736 0.108418 7.77118 0.567668 0.043067 0.0086793 485.895 0.000159319 0.145948 5.8004 35.3958 1.44461 2.66373 
3.25342 4.93175 0.000485369 0.0301148 0.00459795 2.20671 1.1079 7.17572 0.0966653 5.11785 2.3242 244.63 1.29726e-05 0.0977698 2.89268 21.1121 1.34631 1.12158 
0.0107338 0.096283 4.52346 3.6559e-05 3.95246e-05 0.0709884 8.82657e-05 0.0369061 0.0494943 0.0148579 0.327263 294.432 1.46881e-05 0.000300772 8.3474 20.2982 8.64318 8.31818 
0.680743 3.91635 0.00845315 8.68532e-05 0.000531653 0.636588 0.000342354 0.577217 0.561193 0.144973 0.0446823 118.427 0.00241341 0.000120115 1.33761 31.0123 4.91934 3.54626 
0.000711637 2.20469e-05 0.0247819 0.00772642 8.06235e-05 0.769587 0.00130064 2.27778 0.15992 0.170588 0.0352279 160.165 0.000254515 0.000491968 0.472893 30.5548 2.34413 6.25247 
3.23855 0.00340516 1.72835 0.109583 3.22814 0.250186 0.00633964 0.273653 0.0069398 0.0189261 5.50844 286.18 0.00449136 0.00602979 4.99764 4.3047 1.90949 9.80041 
0.0065664 2.26768 0.204954 7.32368 0.0145253 26.0087 2.17695e-05 0.0427409 0.0814992 96.0541 4.9217 87.059 1.7543e-05 7.7131e-05 2.02758 39.843 6.76121 5.69325 
1.4629e-05 0.70792 0.101246 0.55436 0.000891261 391.153 0.00631599 1.45587 0.0226071 0.375247 0.376991 179.804 0.027568 0.00372425 0.904417 9.45733 2.1337 4.2101 
0.00108135 0.000270176 1.77658e-05 0.000115811 2.73742e-05 292.195 0.509658 0.146032 0.035009 1.63384 2.56427 284.333 1.76139e-05 0.247503 1.27636 3.0051 3.38326 5.71038 
0.0344125 0.639821 0.414267 6.26001e-05 0.000720297 128.349 0.0135548 0.111331 0.266447 0.225132 0.00833665 99.6523 3.85015e-05 0.038797 3.99433 20.9559 4.18968 9.7589 
0.00242844 1.89426e-05 0.000315996 1.45459e-05 5.08999e-05 0.925818 0.000235759 0.308557 0.240021 0.248441 0.585109 113.628 0.153293 0.0135992 2.67719 3.96272 1.14198 4.27333 
0.000342889 7.30032e-05 0.00217146 0.000124903 2.99381e-05 0.384289 2.59888 0.854619 0.0393395 0.0132525 8.07384 123.628 0.0102635 0.0108187 4.10991 12.5344 2.67969 8.01387 
1.92536 5.70867 0.0012326 1.83471e-05 0.200321 2.91867 0.0242093 3.1846e-05 0.000138372 3.58517 0.00135467 1.53686 0.156381 0.154161 2.66886 42.1568 1.81541 9.06799 
0.0011349 5.00134e-05 0.0126578 4.40158e-05 0.105364 2.22272 1.44688 0.166515 0.0718515 0.304903 0.00420221 130.196 0.082918 1.827e-05 1.55115 16.3272 9.04514 6.66812 
0.535821 0.275574 0.217009 0.186146 5.98659e-05 22.0718 2.31686e-05 0.0838439 0.550595 0.0396674 0.00972098 319.753 0.00293624 0.000181707 1.38922 8.18945 6.01553 8.25054 
0.0888044 3.1473e-05 0.00492088 0.00317611 0.00410716 0.321902 0.521986 2.9549 0.790953 36.4841 0.230873 47.5941 0.000651453 0.00213381 1.40625 17.737 1.69549 4.27779 
0.00160042 0.482059 0.0104734 2.64414 0.657834 9.7696 0.00205716 1.05731 0.0892891 0.0155021 0.682554 4.6472 0.000549645 0.00036093 1.22124 33.707 0.76221 8.62651 
0.0382753 3.31267 0.00100144 1.01998 0.000454724 153.218 0.397743 0.111987 0.449948 68.2194 0.175263 136.213 6.39221 0.00463811 3.13912 11.323 3.84287 7.71576 
0.00211279 0.125366 0.00417478 9.0134e-05 1.17077e-05 0.0925709 0.387097 0.314847 0.0884104 0.140765 0.175442 280.612 0.354055 0.000777638 0.891594 8.42618 7.77992 3.86478 
0.0282998 0.0127445 0.028208 0.000108266 0.00132856 2773.12 0.000210869 2.20578 0.019962 0.0151306 1.97047 486.272 0.310508 0.00120131 2.76112 4.78325 1.17951 5.37972 
0.000849155 0.0020826 0.00494582 0.046364 1.41433 0.126058 0.246533 0.00113728 1.44041e-05 1.41166 0.00917413 0.249471 3.57901 0.00012624 1.90898 47.5366 1.22915 3.48785 
3.16796 0.000148018 1.10452e-05 0.00106883 0.0149 29.3643 0.0331867 6.42271 0.213131 0.276417 0.0777128 192.312 0.116008 0.166117 6.87475 10.9023 0.891089 5.33703 
0.936857 0.839302 0.633935 0.0011633 0.244134 0.783367 7.51664e-05 0.564212 0.195157 0.0521551 0.0171822 283.864 0.000511663 0.73558 8.63107 7.47165 1.41708 6.12696 
0.00758727 0.000206754 3.12249 0.000769201 0.0112221 0.841097 0.0131219 0.00011374 0.00296758 1.8923 0.0247017 0.626785 4.36564 0.000579981 1.18977 37.8696 2.39881 9.32859 
0.00363791 3.45491e-05 0.0568037 0.000234201 3.09974 71.3785 0.00228723 0.314315 0.424492 0.724557 0.0079614 11.4759 3.43531 0.158266 2.52262 25.668 2.61917 7.67563 
2.14246 1.68453 0.0143818 4.55504e-05 0.000222085 552.564 5.43315 1.5297 0.028576 0.042445 5.91734 325.414 6.6219e-05 0.000562883 6.13146 41.5187 1.55535 5.78247 
0.982083 0.872012 0.00219967 0.552885 4.92674e-05 2.28556 0.321753 1.12903 0.565849 14.1158 0.299783 369.703 0.05364 2.8738e-05 6.6055 28.4615 1.14776 6.08968 
0.0650234 0.012945 9.92028e-05 1.15704e-05 0.00128165 0.128611 0.0305908 0.202754 0.0268516 0.0429198 9.87014 44.6439 0.00017011 0.00799679 8.43758 36.2238 1.38613 4.80322 
4.00415e-05 0.00151875 4.1199e-05 0.0202838 0.0435785 0.621939 1.5879e-05 0.934867 0.557904 0.200731 0.0929615 396.35 0.000397978 0.00114409 4.69119 9.32742 8.60889 6.7707 
0.160881 0.00747075 0.0041517 0.0845433 0.000183633 0.797392 0.00487738 4.38294 0.033897 0.226915 0.127101 255.849 2.63779e-05 6.89155e-05 0.71154 5.06574 1.36399 6.92826 
0.0190524 0.0148666 0.461887 9.14176 7.49556e-05 807.845 0.000559783 0.0386519 0.886141 73.5746 0.232891 68.8282 0.0588797 0.191127 3.04467 12.043 2.65313 8.1034 
0.123087 1.6452 5.61307 0.0125183 0.116377 0.231418 0.000563854 5.41275 0.400397 0.447968 1.1991 41.3087 0.00135558 0.00254911 2.42715 24.7798 3.4053 7.45741 
0.000578686 3.30916 0.112919 0.000104102 1.32595e-05 342.236 0.000108252 2.86307 0.138973 0.0103844 0.192802 261.398 0.00310703 0.00179266 2.94843 17.0014 1.92538 1.85667 
0.0726868 5.02581e-05 2.50193 0.00760595 0.00718213 150.785 6.49981e-05 0.595695 0.379772 0.24752 0.0549488 399.475 0.36941 0.000111027 0.624387 41.0193 1.60254 5.92194 
5.04904 1.54479e-05 0.0015839 2.04991 0.0108376 2700.14 0.00449711 1.8977 0.0488044 0.521976 5.93524 226.579 0.000178717 1.24781e-05 7.92122 17.9492 3.38811 3.83609 
1.33199 8.65375 0.564147 0.71946 0.00202353 1.9019 0.000144577 0.277372 0.151687 0.011138 0.0132687 86.0526 0.000213931 0.000856247 7.92618 31.1432 1.98977 7.61474 
0.0243168 0.333889 9.44389 3.03763e-05 0.00275993 1425.07 0.0197025 0.537342 0.620138 1.51366 0.00524504 200.854 0.00743006 0.0276037 1.74727 37.7586 1.13296 1.20795 
0.313712 2.69581 0.00687925 0.000178614 0.0138613 378.916 0.841976 0.112304 0.669391 29.991 0.249027 68.585 2.11646e-05 0.0295542 0.757208 29.442 4.47249 1.91057 
0.711069 9.74238 0.064626 0.00423926 0.00348278 16.5802 0.000271974 0.00543628 0.00046933 1.02684 0.0442583 77.6906 8.28693 0.00731186 2.66407 39.509 3.30174 6.83382 
0.0126132 4.57158 6.93045 2.17766 0.0119682 1301.67 0.00196077 0.158032 0.0675009 0.491 1.49496 72.1102 0.000106291 0.160875 3.17362 9.64321 2.47146 9.50638 
4.33749e-05 0.000170222 0.00275121 0.840777 0.0925873 1087.13 3.16787e-05 1.84012 0.0189166 0.461316 7.3285 222.36 0.000276003 0.00921021 1.53181 13.2934 3.82201 7.56187 
4.38137 0.0052812 0.00324989 1.0768 0.139997 2180.61 0.00960489 7.17664 0.324733 6.57021 4.27673 114.065 0.0460609 1.16832e-05 1.58297 33.4288 4.96039 5.83818 
0.000914475 0.00274404 0.000334315 0.075085 0.304898 5.70568 0.000119836 0.0919752 0.153705 0.0936821 0.0121157 37.8081 0.0748318 1.27496e-05 2.88577 46.4716 3.75167 6.1207 
0.00034974 0.00143434 1.55652 0.000469575 0.000526263 2.47543 0.0672459 0.0620022 0.201473 0.296918 0.00924658 48.1391 0.0328041 0.192882 1.70651 43.7854 4.53033 6.24558 
1.06411 5.23708e-05 0.000475026 0.000996869 0.0454731 2570.68 0.000240548 0.779205 0.264341 153.164 9.52631 351.821 0.000418765 0.00263703 3.19695 12.5873 5.68031 3.36556 
0.0476772 0.0805141 0.0169142 0.000144867 0.000514496 0.360806 0.200832 0.165382 0.00523529 0.0139416 5.25652 412.503 5.8002e-05 0.00128207 2.33016 8.70197 3.82213 1.0967 
9.74226 0.429145 4.04856 0.00657723 2.08287 1.84413 0.00333 0.760578 0.0678215 0.0125522 0.278171 205.598 0.0002052 0.000475712 0.973698 22.2825 3.66967 2.58764 
0.000307645 0.17845 0.0373525 0.0120145 0.00575269 0.0367798 0.407676 0.289914 0.763316 3.44464 0.068179 266.188 0.00128682 0.0203804 0.699598 22.8771 6.31312 1.78191 
0.0071556 0.00112761 0.000835566 1.82861e-05 0.0118774 2.41052 0.100122 0.638603 0.0438627 2.03685 7.55706 251.077 5.34577e-05 4.30307e-05 4.6846 7.749 3.21688 1.96981 
0.000647239 8.84653e-05 6.05396e-05 5.78127 0.0008611 178.791 0.0328762 0.10991 0.0983794 0.629232 9.07761 322.779 0.0036547 3.83507e-05 9.07447 5.7509 2.00228 3.27198 
0.0183393 8.71983 0.233688 2.04791 0.128292 350.332 0.000543675 2.25232 0.145359 0.234807 1.44921 51.8059 0.0056078 0.00277626 0.605856 49.5942 3.55046 6.53082 
0.627171 8.37589 0.0620014 0.0196922 5.22246 0.74848 0.000620161 5.92107 0.793325 0.705432 0.0257325 403.458 0.00479238 0.0266606 0.959422 10.7714 1.68988 1.65417 
0.587665 0.191093 2.16939 7.10671e-05 4.85111 337.683 0.00140718 0.264712 0.290572 0.0207475 0.0141107 106.387 0.00492033 0.305798 5.25769 13.0563 2.00107 3.46714 
0.00272416 0.503261 0.00296571 0.157057 0.00379397 550.788 4.2358 0.291102 0.000727552 0.673932 0.0319401 0.207494 8.9587 0.00918458 1.43351 22.0036 2.42337 8.28001 
0.0106012 0.121532 0.146448 0.695381 0.000283912 1099.93 0.000891177 0.0834537 0.0755075 0.168609 0.131478 453.894 0.000200123 0.495629 9.27907 2.7599 0.998242 9.81135 
0.00286762 0.00502471 1.40546e-05 0.00029036 0.0146915 38.078 2.88338 0.738676 0.247026 10.157 7.33748 447.175 1.26413e-05 0.00443742 2.40251 16.8748 1.28579 0.770951 
1.4812e-05 0.000221065 0.0054991 1.67532 0.85378 0.0298584 0.000721009 0.455662 0.120544 0.0638603 0.166503 93.7616 0.541367 0.00937971 1.90494 15.3087 5.06874 8.68538 
1.67925e-05 0.000118072 0.132911 0.387679 0.375166 0.692982 0.00217521 3.21592 0.0634159 0.728193 0.124734 464.588 1.43781e-05 0.862734 6.36863 16.1904 2.12217 1.07267 
3.16458e-05 5.20389e-05 0.0233766 0.00026675 0.130835 23.401 1.00243e-05 0.2065 0.114606 1.73332 0.0475904 100.756 1.18869e-05 0.00247194 0.638165 14.2195 2.56136 6.01441 
0.0522605 0.10759 0.0204992 0.01426 0.0137326 7.7573 0.0220657 5.62908 0.277026 0.072697 0.290986 441.485 1.34929e-05 0.000214598 2.30012 5.86573 1.31848 5.97287 
1.05735 6.90947 0.000262652 0.385931 1.1378e-05 20.941 0.786156 0.63759 0.120977 40.8276 2.87059 109.192 2.03041 0.000224967 4.62939 14.5483 0.889359 5.17269 
0.151068 0.00492738 0.789981 0.00575972 0.000425006 2385.39 6.11292 0.0593553 0.0716252 0.0156052 0.0484137 96.3459 0.000806099 9.60214e-05 1.31632 13.7719 6.99242 7.02827 
0.00146937 0.0495578 3.43182e-05 7.14162e-05 0.506446 2619.36 0.00121954 2.08681 0.0370774 5.28442 1.10289 305.188 0.000184776 0.000166999 1.61836 16.072 4.64668 1.79185 
0.000183332 2.28361e-05 0.000232289 0.000515995 0.000127596 0.0414717 0.00727497 6.38688 0.0759558 0.282249 1.65458 71.1727 6.95255e-05 0.00164344 6.10984 39.8152 0.797465 7.63893 
4.25857e-05 6.3188e-05 0.016123 0.00165745 0.000977431 828.414 0.0144956 1.15865 0.151187 0.271631 0.019644 17.3884 0.270195 0.0513853 1.54714 39.6357 1.12615 5.89636 
0.000649391 1.17688 0.000594356 3.29786e-05 0.00208295 1.94245 0.000262527 1.01309 0.0855849 0.0710451 0.0654796 337.021 0.00158601 4.20313e-05 1.18556 12.2102 7.12015 8.27038 
0.581337 0.000107826 0.132568 1.96193 0.273691 43.4081 0.000415288 0.83589 0.231643 15.1681 0.115608 51.6808 0.0591198 5.37796e-05 0.575544 34.3534 1.1082 1.83027 
0.0115179 0.0771614 0.00388155 2.05487e-05 0.00543311 31.2632 3.40821e-05 0.671366 0.122964 0.331316 0.158838 132.601 0.790489 0.0301821 1.47067 17.8981 7.81645 9.65055 
0.493478 0.000885753 0.0577191 0.0954118 0.0362982 971.974 0.000869313 0.0694257 0.278519 257.961 4.88114 73.1084 0.0121562 0.00475094 8.58165 26.6917 1.04459 4.90252 
1.36556e-05 0.802791 0.403333 0.000802065 0.00271748 0.0135294 1.05698e-05 0.357507 0.130074 0.131916 0.065806 124.877 0.116352 7.48186e-05 2.99934 25.393 2.74089 0.959608 
0.00904344 0.00281569 0.0638056 0.00982752 0.504666 0.209964 1.90756e-05 9.43587 0.00807224 0.140095 8.63338 99.4103 0.000649437 6.45157e-05 1.76552 31.6516 0.863883 7.76475 
2.41982e-05 0.000729059 0.0040511 0.0695 0.0389129 393.75 0.00157086 0.183762 0.0249813 0.0351788 0.897765 8.94558 0.0198877 0.000390003 1.12715 35.8004 1.48978 9.47528 
0.0656975 0.0628734 0.00108335 0.099119 7.36755e-05 0.921634 0.00636084 0.0561612 0.0419278 0.0500198 0.61879 47.7289 0.00209339 7.20834e-05 1.14556 32.9859 3.92018 4.03015 
0.000313145 0.000130323 0.0375745 3.82761 0.0671889 542.217 9.24319 0.82999 0.036395 0.116588 4.09827 306.471 0.171693 0.0936729 1.76 8.13967 2.47055 3.92823 
0.000532755 0.0768523 1.41907e-05 4.58061 1.71742 4.3774 2.52898e-05 1.6065 0.0297721 0.0252925 0.818545 350.046 0.00025783 0.0069795 2.40621 16.8049 0.943111 0.941188 
2.23988e-05 0.00109154 1.71132e-05 1.19791e-05 0.440835 2922.6 4.30398 1.13284 0.753194 0.127072 0.00338494 310.775 0.000814166 0.000862814 1.32106 24.5647 4.64545 2.6646 
0.0680426 1.51145e-05 0.448207 6.17029 0.0281996 0.421747 1.35923 2.60063 0.190098 5.60855 4.57453 59.7381 0.000256629 0.0188416 1.42333 30.923 4.11075 6.7963 
0.000129967 0.00167954 1.40434e-05 3.83375e-05 0.00241789 56.8345 5.63561e-05 2.83366 0.674723 4.47751 0.107775 263.009 7.9557e-05 5.839e-05 0.987619 35.556 0.991545 7.4005 
0.000220034 0.914779 1.04628e-05 9.38495 0.0315945 208.042 0.00255911 1.94088 0.397869 7.79534 0.0701787 344.8 7.74967e-05 0.000830215 2.038 9.62363 3.05171 2.17492 
0.27397 0.00186678 0.000149854 1.14355 3.83432 0.0434924 0.00363766 2.19747 0.983103 0.946114 0.0123997 270.559 0.000918056 7.47362e-05 4.17896 9.65097 2.64507 3.15576 
0.00063766 0.000109906 0.017546 0.0389042 9.26098e-05 8.32786 3.17154 4.90804 0.329487 4.19816 0.243588 250.406 0.0332387 0.00220553 1.40718 19.7097 0.937611 1.46457 
0.0499321 0.00255045 0.0999418 5.8942 0.278142 308.189 0.000122038 3.91387 0.124199 0.339829 4.01865 53.9723 3.84499e-05 0.00420997 1.38659 42.7701 2.36931 8.37914 
0.00282872 0.589339 0.280389 0.0740006 0.0672687 1042.56 0.0607924 1.17681 0.884533 30.899 1.18896 417.488 0.170021 0.00363537 3.65054 3.64779 3.32605 8.45605 
7.26804e-05 0.00521154 0.00333188 0.000847847 2.78654e-05 348.763 0.793541 6.70394 0.00294997 1.20569 8.56302 276.905 2.72043e-05 0.000169353 1.09244 33.8826 1.97504 4.81734 
0.0259289 0.000189477 3.46947e-05 0.00157156 0.00324936 394.88 1.06307e-05 0.0380438 0.000179261 3.42212 0.0124923 1.0377 5.30452 0.0066795 0.720863 38.0104 1.40536 3.43024 
0.00393451 0.018415 0.00333189 0.218172 3.74445e-05 5.68081 0.00922042 0.74626 0.0387906 0.0888435 3.78304 193.716 0.000101064 0.052712 2.05198 10.4854 1.82238 8.39262 
0.018754 5.15489 0.0011112 0.000891226 0.00064335 8.58242 7.0433 0.00676951 0.00538512 0.482546 0.0353142 79.8274 6.89814 0.0207701 3.8755 49.7298 2.63036 9.76828 
1.402 6.14592 0.032186 0.0237844 0.000153208 0.354006 0.0803202 3.81964 0.0102493 0.037215 0.603899 74.5384 0.00195865 8.93749e-05 0.932581 43.4185 0.907397 2.00735 
9.82479 0.00793093 0.00390216 0.000371341 0.25415 625.987 1.73863 2.31237 0.0766905 0.582396 3.83323 34.5422 0.000101543 8.44687e-05 2.28391 47.805 0.988927 6.17117 
0.000950269 0.000112415 0.0112281 0.0220527 6.95954e-05 40.2634 0.00201968 0.224121 0.520152 0.325954 0.00568914 156.927 0.0327969 0.00667917 5.90846 8.64438 0.827193 2.59515 
2.3205 0.0571762 0.0105821 0.743646 0.000184199 82.8283 1.84186 1.85823 0.0371936 0.161272 1.30046 483.478 0.00262439 0.000299548 1.49655 11.7734 1.91772 3.80928 
3.50679e-05 0.000135213 0.471369 0.0207684 0.000827628 1001.33 1.95935 0.0226503 0.00658663 0.089731 2.41519 26.5259 8.78079e-05 0.00107529 1.47254 28.9795 2.60819 7.67284 
0.00578011 0.00221344 0.000384973 0.0204571 5.59409e-05 0.510879 0.000163592 5.20809 0.0446284 0.38909 1.87614 401.306 0.00447587 0.0173181 0.800863 39.7543 9.51286 9.56695 
1.43877 0.0287356 0.00173099 0.0730462 0.00372177 0.254332 0.208327 2.66099 0.457027 18.9041 0.256118 78.9701 0.111692 0.0577986 8.21273 33.1158 1.90059 9.07363 
0.0745451 0.00117714 1.44415 0.00092481 0.000389291 78.3247 0.083587 0.901072 0.104089 14.3738 3.0942 196.933 8.49554e-05 0.106554 3.25422 11.6017 1.85386 5.41498 
4.69194e-05 2.43237e-05 0.179888 0.0155629 8.99821 3.13001 0.016336 1.54857 0.0765607 0.155088 2.36633 57.178 0.000187876 3.67051e-05 7.76675 20.8078 1.53271 2.8012 
0.000283369 1.29271 0.000434764 0.000242131 0.17638 12.4958 0.0485597 1.27273 0.142393 0.0338307 0.00320731 47.9681 0.00701226 3.7318e-05 1.00202 44.9794 1.8475 8.57495 
0.0351444 0.0234643 0.780417 0.00901829 0.0202167 714.892 0.000196185 0.13279 0.156462 0.760575 0.0334215 272.391 0.226919 3.30938e-05 0.811599 8.87063 6.99732 9.98579 
0.000680368 0.0202342 0.223127 0.033764 0.0038438 128.365 0.87749 0.862027 0.890866 84.4998 0.273191 437.833 1.8244 0.000583686 0.909198 6.97013 8.33461 5.0915 
0.0164908 0.449395 3.21036 1.10174e-05 0.00183597 473.891 1.94257e-05 0.215563 0.0834186 0.0472234 0.095347 35.4981 0.0577449 0.000308407 1.52626 21.5907 1.37634 3.37447 
0.0163233 0.0341117 9.73627e-05 0.0703748 5.62762 1.40576 0.000959075 6.97551 0.352908 9.61324 0.871255 206.029 0.000580796 4.19772e-05 0.699983 33.9505 2.51704 3.57634 
0.000431308 0.0679186 4.00135 0.0214366 0.00682731 1.73315 0.00562396 0.630629 0.0193857 0.0124961 6.3116 248.572 0.00887052 8.86794e-05 8.30382 39.4811 1.22748 6.52078 
0.0245525 0.000362479 9.26342e-05 0.0150412 0.00015635 0.131124 0.000175129 0.534623 0.473744 8.12695 0.43586 242.657 0.0677492 4.41645e-05 4.49774 4.52261 0.783398 2.02561 
0.0125782 0.00168611 3.00455 0.0315876 1.53374e-05 0.0437734 0.00179136 5.66909 0.259145 1.27471 0.0250422 177.136 0.513128 0.00302081 1.66494 30.2601 1.70993 0.880015 
0.0172486 0.108692 0.0383452 6.87586 4.24859 0.0498198 0.0125614 2.7524 0.492658 11.2251 2.19463 101.738 0.156515 8.24607e-05 1.41132 45.7226 3.09405 1.09098 
0.00707661 0.0008276 0.00762666 1.09717e-05 1.16719 201.031 7.97524 4.17267 0.512867 8.67198 0.240052 16.5828 0.00203766 0.0105813 0.940566 49.6348 0.914649 7.95208 
0.0875382 0.325943 0.111906 0.0402208 0.00261672 49.644 0.395989 0.0342698 0.0362643 12.2248 3.06048 203.442 0.0025682 0.0127022 2.90513 12.786 1.53531 1.76971 
1.56753e-05 0.0156001 0.0001383 0.603992 0.861687 2637.12 0.975527 0.455172 0.110912 1.16917 1.1135 106.639 7.74658e-05 0.000287126 1.30923 19.6472 4.07633 2.96114 
2.61647e-05 0.00846373 0.188287 9.19911e-05 0.0222537 199.929 0.00177432 0.0724149 0.0300215 0.222324 0.476343 119.885 0.00448329 0.00024082 1.24816 8.99668 1.27125 5.85114 
2.36079 0.430949 0.042362 0.01131 2.89164e-05 0.0667461 1.91428 7.66918 0.0758901 0.237281 5.32352 64.8186 0.0197892 0.00761657 3.76798 41.5296 2.50822 1.63015 
0.00216528 0.113578 0.000140437 0.0872133 0.000191765 0.0538714 1.39555e-05 1.39149 0.215894 35.6885 0.565386 394.745 3.79404 4.24358e-05 1.25276 14.4625 1.74441 3.84798 
2.21632 6.8804 0.0193423 1.69247e-05 0.00102796 0.0485678 6.2721e-05 0.182249 0.0112996 0.138169 0.443723 27.1904 0.0832414 0.000542387 2.06131 27.1059 1.26217 7.44919 
6.79173 0.000610541 0.000285724 1.99189 0.0296834 1727.19 0.0114559 0.447683 0.0469865 0.0394997 0.27538 136.354 3.92154e-05 0.0646037 1.57958 8.91756 3.52057 8.46475 
0.715999 0.000120356 1.03001 0.349534 4.61145e-05 0.143437 2.37656e-05 2.62596 0.181923 0.678463 1.63335 34.9653 1.85043e-05 0.00361753 0.964408 20.7111 2.66958 6.92062 
2.67403 1.2367e-05 6.81117 0.935355 3.14635e-05 9.44439 0.612303 0.00704865 0.0669187 0.684042 0.0574482 75.8876 0.000711534 0.000273126 1.25711 10.0022 1.23788 4.03494 
0.126246 2.8227e-05 0.000636687 0.0156209 1.40617 781.199 0.871602 0.145917 0.285482 6.52824 0.0331056 322.363 0.012444 3.9163e-05 0.691024 16.4911 5.76794 1.72235 
0.231101 0.0070699 3.51618 8.0514 0.033361 2734.78 4.87388 1.29105 0.878555 0.407517 0.0125433 22.9858 1.42599 1.39658e-05 1.43741 48.1537 1.41063 3.42978 
0.240818 0.00304325 0.158526 8.62019 0.000596167 141.117 3.82198 1.79995 0.223192 28.4679 0.200423 92.2097 0.0269209 5.6996e-05 1.11897 7.21485 0.890731 5.0783 
1.98591 1.52784e-05 0.0128723 0.837014 0.425614 0.517856 0.000512654 0.351647 0.264443 52.6044 0.817605 156.818 0.000777722 0.0262471 1.1765 14.7874 6.50714 5.49498 
1.16584 4.78053e-05 0.00241619 0.580256 0.766821 25.9061 0.000169666 2.27997 0.0193766 0.0646292 2.2458 45.3878 0.000836733 0.000757973 1.35937 40.3742 0.925775 2.31736 
0.000495524 0.185629 2.60678e-05 0.000827268 0.000241707 0.0608564 7.99062 9.97098 0.0457797 0.199921 0.0718352 89.0302 0.000973038 0.0166542 0.782681 39.5792 8.82448 5.58013 
0.0297019 0.0132299 0.00015402 0.000420924 0.00252747 0.553067 3.20965 2.48229 0.979078 251.937 1.09916 109.509 0.000325308 1.51734e-05 0.460383 36.6046 2.30531 4.60676 
0.0045508 0.0154515 0.0105528 1.78072 0.290841 8.29497 0.000552744 1.92891 0.53805 0.0150999 0.0157251 190.339 0.000674833 0.0726229 1.186 6.21272 2.96923 8.49287 
7.30434e-05 0.921725 0.00015272 1.62512 0.371816 4.22114 1.9329e-05 3.80688 0.0204623 0.0114965 8.50528 100.476 0.001391 0.0016606 5.26624 10.3914 1.19704 6.99071 
0.0331623 0.489312 8.15281 0.0017927 0.000944424 998.875 0.0136579 5.7684 0.565244 1.65923 0.156741 222.259 0.00714664 4.18766e-05 1.08365 18.6872 2.36907 7.49006 
2.63302 0.00287527 2.80769 0.0107788 5.451 0.733759 9.5274 0.0188222 0.000171561 2.53712 0.00754249 1.07235 7.2918 0.000302162 1.41975 49.4007 1.84303 5.28955 
0.0493468 0.000172171 0.0922534 0.183649 2.8817 0.0371591 0.00096775 4.98136 0.0373102 0.0760769 1.55016 168.881 0.00370813 0.00951033 1.22843 7.27302 2.57557 6.63317 
0.000170491 0.0571 8.32679e-05 0.000354299 0.0248174 1.37981 0.012577 0.214112 0.00993515 0.0233158 9.52312 122.006 0.00550394 0.0240812 1.09713 11.6839 2.47939 4.51274 
0.000220672 0.659134 0.260621 0.0505276 0.245572 0.0867931 0.00354879 0.0972246 0.851051 109.588 0.243034 54.5222 0.147792 5.62169e-05 0.888539 15.6762 5.21381 8.96791 
0.000855097 1.16485 0.00845482 0.00425711 0.249809 22.9028 0.222146 3.7211 0.0363718 0.0420989 0.070198 457.242 0.00113254 0.000398558 5.95105 30.9653 1.02148 2.03057 
0.0125927 7.54916 0.00137217 0.000104562 6.56718e-05 141.864 0.00263458 1.59537 0.0433984 87.3809 2.32527 92.7319 0.0139982 1.2623e-05 1.0508 13.2624 3.66183 9.33259 
8.34032e-05 0.23206 0.00830415 0.00380023 8.18808e-05 2283.52 4.12375 1.15362 0.00210081 0.0161915 1.96486 465.53 0.000120438 0.0977237 0.987406 29.3357 3.28474 2.92017 
2.28861e-05 0.635287 0.00475213 5.04771e-05 6.32923e-05 2.81091 0.000868424 3.45417 0.108336 0.0849671 0.0469253 401.392 3.85337e-05 0.0109036 2.1026 24.3354 1.14213 2.11357 
