0.00654691 4.65538 0.00129755 0.566421 0.000114075 0.130523 3.92076e-05 9.69171 0.0806352 0.0524679 0.00019811 0.0637427 4.85541e-05 0.385927 5.88125 26.0903 0.753696 1.23588 
0.000502978 0.00919456 1.8349 0.0019361 0.0055684 0.157232 2.08336e-05 2.41261 0.0178687 0.0530825 0.0593933 6.4714 0.815354 0.00843172 0.716728 10.7893 1.92577 8.17658 
0.081645 0.00294044 1.30386 0.00331689 0.0031432 2912.24 0.000675541 0.0103542 0.726672 85.7174 0.000105811 8.86866 0.000173976 0.282043 0.9162 40.8419 2.89352 1.9436 
0.0450044 0.000673378 0.000173237 0.000754761 7.15567e-05 52.2919 7.48558 0.473905 0.00608075 0.565908 0.00407305 3.17132 9.2371 0.000179938 5.44587 29.19 0.258982 2.93066 
8.1956e-05 0.00127126 0.229663 6.60021 0.0232309 0.118951 0.0101342 1.66521 0.198482 0.0145484 0.0443316 82.2879 1.51939e-05 0.347815 2.87992 12.8272 8.38132 9.03853 
2.60566e-05 0.118458 3.0714e-05 1.52062e-05 1.39461 143.621 0.030518 0.0887332 9.86737e-05 6.47097 0.000939482 13.8676 0.673032 0.294628 7.09844 49.4615 0.550581 3.40413 
2.66405 0.00402141 9.20493 0.000426032 4.7176 88.6425 4.03609e-05 0.000642418 0.0102551 12.6063 0.826684 40.3462 0.0144574 0.000113938 1.17821 11.2738 4.07055 4.34755 
8.45247 0.0597079 4.78504e-05 0.00131434 0.0578306 57.9237 0.681628 0.155298 0.000352136 1.76244 0.0211473 0.128456 3.03489 0.239407 3.00473 34.9289 0.771163 1.94062 
2.29491 3.58437e-05 0.00107126 1.56617e-05 0.00102235 0.105929 0.000496607 0.000367208 0.00146917 0.0891954 1.25777 2.3998 4.60441e-05 3.74192e-05 1.9821 24.3772 0.457989 7.9933 
0.000606605 0.000721051 0.0630236 0.0685082 0.254164 190.178 3.87055e-05 0.0121651 1.68828e-05 91.3907 8.99964e-05 0.0691675 0.503598 0.0388719 0.300918 24.2752 1.98186 3.1255 
1.71968e-05 8.21313e-05 0.00124977 0.000432554 1.13362e-05 98.402 0.0991525 0.00115624 0.021 6.85115 0.0261471 0.0885447 5.35931 0.00771051 2.16163 17.1007 0.908326 7.65167 
0.000144948 0.428395 6.32684e-05 0.0025919 0.0168898 0.29291 0.0806615 6.82741 0.306657 8.57509 0.288039 251.561 0.00500588 0.00871732 8.74907 16.7591 0.218876 5.51733 
0.425822 0.000663701 0.043654 0.998442 0.000312683 104.655 0.000366577 0.000809031 0.782417 361.997 0.468226 0.515108 1.0935 0.299621 2.15242 17.092 1.33253 2.18668 
0.00128793 0.00127847 0.000769854 1.59422e-05 0.63805 97.5012 0.00214375 1.1718 0.000184384 17.7869 0.0135007 128.004 0.0308861 0.284348 1.95327 24.7516 1.08719 0.641201 
0.000160217 0.54522 0.000379407 0.029294 0.180656 5.26129 1.81141e-05 0.00322758 0.00889448 0.245755 0.000968211 5.07737 0.00156894 0.230435 6.44473 23.5566 0.443293 1.99334 
2.93023e-05 0.00286692 0.00192748 0.00259409 0.313805 2.00287 1.18724 1.34641e-05 0.000881752 0.268609 0.000454404 0.0371423 0.000611064 0.605075 0.551995 47.1531 9.17242 2.4487 
0.0249335 0.00118394 6.1456e-05 8.29336e-05 0.201035 2800.71 0.000210034 0.0388036 0.000997824 0.268663 0.570487 0.0438123 1.05113 0.0129812 9.41063 38.6955 0.410599 4.28067 
0.555132 1.22621 0.0114893 1.04778e-05 0.0104997 1604.11 0.000271266 0.0423353 0.0248278 0.352902 0.000668438 0.344836 0.000296738 0.0274713 0.435387 47.532 1.56213 2.3414 
0.000101933 0.573345 0.00596956 1.27401e-05 0.00032094 5.85394 2.66218e-05 2.61483e-05 0.000475494 0.792021 0.164047 0.771784 0.000273432 0.0843083 0.728577 19.9601 1.95512 7.72702 
0.0632004 7.09166 0.437174 0.000233748 0.00189064 80.3043 0.0840414 6.65358 0.319604 0.176858 0.00321474 0.113136 0.0072696 0.0155874 0.0107859 47.6529 3.14361 9.45685 
8.97066e-05 0.000397865 0.0789114 0.000543587 0.940991 1.66901 0.00626778 5.38586e-05 0.0448881 0.0250159 0.0287578 0.987803 0.0633748 0.0140439 0.871593 34.9917 0.336075 7.9625 
0.00901775 0.293573 0.107961 0.041527 8.7205 11.5801 0.000432267 0.00610307 0.207185 171.532 0.00184442 0.169092 0.000636045 0.032661 0.457693 31.971 0.651512 8.18654 
0.000119284 4.44731 5.42504 0.000415196 0.00754321 1.12838 0.00120709 0.000191155 2.2393e-05 2.42972 0.00190001 29.3465 0.000126868 0.195998 9.31414 47.9947 0.632552 1.50909 
0.000152866 1.76765e-05 0.961461 0.000175109 0.000740666 0.290973 1.84031 0.000142792 0.00758514 5.03151 2.1349 1.84711 2.49553 0.000104512 0.703853 8.59097 1.61621 3.83929 
0.170919 0.552379 0.00915053 7.71686 0.00235231 0.0245811 3.49411e-05 0.00655626 1.02657e-05 1.6024 5.94498 39.1465 0.0025391 0.193597 3.61598 17.6221 0.704242 2.24416 
5.82949e-05 0.00211865 0.000681914 0.0077624 0.457122 0.0147318 2.96203 0.00972924 0.0102709 1.65342 2.22169e-05 24.0118 1.72055e-05 0.051569 0.317222 18.5745 1.56454 6.30636 
0.00968293 0.000129764 1.22311 0.0069146 0.000469837 0.277005 0.350643 0.00965457 2.76248e-05 125.52 1.82309e-05 2.1813 2.9831e-05 0.998223 0.838629 10.8247 3.25414 2.17988 
5.49273 0.00666705 8.57637 0.164175 3.90276 1.54429 0.00018333 0.000235541 0.0368771 2.49913 0.00302191 0.971502 1.41647 0.368692 8.78611 48.7773 0.62623 5.25776 
0.00259189 2.13622 0.000265796 0.00648561 1.79024 7.11088 0.0418199 0.000668707 0.00496853 0.193891 0.0246933 24.0886 0.226818 0.399254 0.546091 42.0188 8.47761 6.08072 
0.869501 0.000248894 0.00843093 0.0193432 0.487313 836.901 0.0652816 0.00952175 0.000553394 0.575823 1.96607e-05 0.233558 2.49398e-05 0.0832815 0.300786 22.8312 2.12294 2.34039 
0.000301631 0.717553 0.0525429 1.85085 0.00468076 2.8972 0.000551695 0.00108854 0.0318014 191.15 2.85817e-05 242.709 6.13956e-05 0.0419267 0.247375 43.6228 0.745302 7.30494 
8.81055 0.000137127 7.29144 0.0995759 0.000381134 50.1897 5.24503 3.15456e-05 0.000251053 1.05742 0.000422054 0.0494883 2.80087 0.0150483 2.70325 34.9148 0.765398 2.74042 
0.000951657 0.0276023 3.32529e-05 0.000113855 2.11946e-05 850.216 0.447568 7.43021e-05 0.00173551 0.0230724 1.26389 0.0611 0.00223375 0.217215 0.220539 38.309 2.65141 1.15056 
0.211546 0.0140714 0.0478172 1.80524 0.0193051 15.022 9.40356e-05 2.26886 0.0593675 0.012717 0.105448 61.7171 1.84453e-05 3.76164e-05 0.17604 26.7654 3.2247 6.41898 
0.000995949 5.93985e-05 0.000574428 0.0266429 0.000656486 0.830645 1.2318e-05 1.15807e-05 0.00158714 0.443977 1.67486 3.79551 0.0010863 0.00326783 1.68307 41.5644 2.5872 5.77818 
0.0257854 2.72146e-05 0.741323 0.0719234 0.840358 2.20114 1.71387e-05 0.0675527 0.0015242 24.0136 2.38751 51.3221 5.78398e-05 0.158053 0.638674 10.2877 1.28088 6.41938 
0.00350938 0.015197 4.96911 0.0213235 0.0017244 0.380143 0.000466164 2.92882 3.07258e-05 6.70423 0.0012216 0.118145 0.000673661 0.0539823 3.11214 40.2391 0.995545 3.60077 
1.97019 0.211718 0.0563259 4.2525e-05 4.13794e-05 313.413 6.27557 0.000381842 0.000143118 5.8123 1.15202 0.0793149 0.000660327 0.24737 1.46927 11.4588 0.604282 9.56242 
0.406295 7.14095e-05 3.39121e-05 1.7291 4.67048e-05 0.394854 0.0940577 0.00671152 0.999351 0.213746 0.00741463 0.574852 0.000112323 0.0135479 0.0906215 38.9244 1.28797 4.58516 
1.45219e-05 0.0123267 4.74175e-05 0.157038 0.0958431 11.3917 0.170255 0.818895 1.32782e-05 0.0213088 0.00180114 51.1634 0.00152415 0.411545 1.37332 39.8971 2.42458 2.9283 
3.15811 5.32584 0.0235424 0.136377 0.0971758 12.0158 0.500261 4.47081 0.000682631 108.529 0.531688 40.2498 6.52411 1.01078e-05 3.17218 37.4299 0.243906 9.38841 
0.00183706 0.00020541 0.000410256 0.0120376 0.0111126 1.02165 0.57703 1.55553 1.48966e-05 0.0267357 0.049438 0.0873401 4.80423 0.000104125 2.10834 30.2691 4.29176 2.00574 
0.307413 5.87482e-05 0.518273 0.00039143 0.000263221 30.4346 3.20611 0.0478668 0.0188446 0.0394769 0.0617901 0.0428484 0.316519 0.0848901 0.915243 22.2 0.623145 2.81529 
0.000208703 2.7056 2.31876 0.000902279 0.065304 0.0558359 0.00016772 2.81353e-05 0.0771992 0.145147 0.0688535 0.130244 0.99229 0.019341 0.35745 45.5785 4.42241 4.60418 
0.00334015 0.000475219 0.288343 0.0386807 1.46234e-05 0.0422658 0.00862608 0.0093453 0.000167495 11.1765 0.00575172 14.0244 0.153326 0.426194 5.27663 21.0803 2.20642 4.50005 
0.000583363 0.0296529 0.00115978 0.00350195 0.0249589 27.2052 0.000158361 5.02896 0.0172307 0.44861 0.000123744 280.75 0.115154 0.06959 7.45307 36.3472 0.357992 9.5227 
1.86874e-05 2.34915 1.52061 0.000308027 0.0243524 0.0823865 0.271769 0.843036 0.0262935 1.60099 1.37949 45.9201 0.00896929 2.63798e-05 2.13483 26.7128 2.58167 0.83615 
0.616467 1.50769e-05 0.456876 0.000313883 0.481479 0.271743 1.00679e-05 0.0341187 0.000981495 0.230245 0.0015282 243.273 9.04916e-05 0.181886 0.691039 34.8855 1.4973 4.06814 
0.0077571 0.000514991 3.91509 0.00352809 4.77319e-05 3.81592 1.94333e-05 0.000318587 0.0490592 1.63757 8.5138e-05 0.331157 5.3347e-05 0.210233 0.476712 41.2313 4.09045 2.29256 
0.000904008 0.00261925 1.04542 0.149718 0.00042895 0.0533764 0.00240671 0.000484604 3.16962e-05 275.935 4.00942 44.5495 0.0112112 0.0318575 2.34374 27.6098 0.393003 6.52241 
0.0104778 5.54304e-05 0.043255 0.00156442 0.00235602 2.28448 0.0105129 0.00467742 0.00928686 0.0996956 0.635857 92.9299 1.12129e-05 0.00191499 8.38759 16.5754 4.59015 7.18943 
9.57365e-05 0.00367867 0.00828656 0.782087 0.0452548 241.176 6.18353e-05 9.51722e-05 0.000273324 0.603538 0.019655 0.0365206 2.25796 0.0054183 5.36768 45.9667 0.337739 4.56257 
1.12179e-05 0.315083 0.00458014 1.15087 2.11839 0.43963 0.0002995 0.000361818 9.367e-05 0.0457848 0.00282072 43.6595 0.0146522 0.502086 7.61246 40.0609 0.880782 6.25638 
0.00536794 0.0206445 7.3498e-05 0.280076 0.00105916 5.77763 0.00422266 1.42734e-05 0.000502621 5.56586 0.877912 17.182 1.0607e-05 0.036564 0.256561 30.029 1.006 2.74182 
0.00553753 0.000191935 6.76363e-05 5.86126e-05 0.257945 95.3526 0.000479494 0.125018 1.60944e-05 7.35449 0.0019474 0.557719 0.000709071 0.163844 0.493094 25.1195 2.15699 4.68093 
0.0194598 0.226767 0.0283506 0.000630142 6.73169e-05 0.269654 0.0123212 0.000197022 0.00167872 1.3774 0.000692538 0.398815 5.06107 0.000500493 0.0940944 47.3794 1.37329 7.76724 
0.679445 0.000345308 0.000929292 0.121624 2.93918 0.258748 0.129261 0.000184266 0.000366352 34.788 0.0616772 1.00208 0.0855468 0.427814 6.08362 16.3251 1.43211 5.42434 
0.0842421 1.90283e-05 4.50056 0.106283 2.71625e-05 0.485231 1.51742 0.0103044 0.000116367 7.58729 3.68542 30.6537 5.61821 0.0019774 4.70731 6.64594 0.682115 4.86497 
0.212639 3.23438 0.000381498 0.00713464 1.19612 57.7873 0.000118854 0.00149853 0.00012724 1.78166 1.9964 135.079 1.32043 0.178385 4.83481 49.1825 0.798178 0.527189 
7.23706e-05 4.13844e-05 0.543109 0.0271242 6.7118e-05 4.04164 5.15048e-05 0.000172082 0.00227122 0.133418 0.0694805 1.12394 0.000376246 0.00364175 1.49914 39.6063 0.278516 9.42433 
0.0566925 8.83522 0.0819995 1.7999 0.0122355 2.09663 0.00129511 6.65738 1.07664e-05 3.74583 0.000131134 0.041798 0.00948085 0.307063 1.98656 49.4119 1.48976 0.921906 
5.99951e-05 0.00598787 2.33062e-05 0.00976249 0.304217 7.14862 7.32091 0.0573661 0.0177272 21.4225 0.0283568 6.66886 0.000514181 0.0149826 8.21375 45.5979 0.334868 3.63155 
2.39204e-05 0.000156814 1.52712 5.41232 0.000455641 0.0902159 0.807228 1.99191 0.0115763 7.86762 0.356401 0.574114 0.816629 0.0230877 4.47233 32.4722 1.12153 6.86466 
0.000486358 0.0419117 0.1598 0.00473091 0.00058388 1415.23 0.044376 0.235562 0.000257891 0.759971 0.000416682 0.0193174 6.77931 0.034596 0.919775 41.5721 1.63696 3.19291 
0.0238358 0.417874 0.0022434 0.0127821 0.000394968 16.9175 0.219002 3.6316 0.0221505 1.85442 0.000610675 54.7654 0.34105 0.10325 1.02699 30.0703 2.21855 2.49434 
3.74419 0.00168469 2.18374 8.93165e-05 4.05251 50.75 2.04879 0.0548123 6.40579e-05 0.837878 0.00303469 412.02 0.00211448 0.217091 3.11416 16.602 0.689975 2.46895 
0.00231998 0.0149897 0.0123401 0.0127946 0.000869512 32.6572 0.0336506 0.483899 0.0432742 0.0438575 1.93541 37.3834 1.35729e-05 0.00358556 7.25594 18.3397 0.284053 2.35699 
0.00543579 0.000164786 9.84608 6.80789e-05 0.0106251 1.99311 0.000201307 0.00127536 0.000627454 3.83883 0.00181829 6.54219 6.28903 0.000933005 0.60106 13.4296 0.828579 2.86819 
0.000501079 0.000307068 6.26575 0.000284329 2.99315e-05 7.36703 0.0163635 0.00176169 0.111323 0.0280624 0.286409 0.131263 0.0270566 6.78383e-05 7.64195 48.0393 0.314415 7.18151 
0.000310882 8.14776 0.0599586 6.0287e-05 0.000103317 511.446 1.07687 3.81676 0.042429 0.359431 0.017061 110.137 4.72332 0.237891 1.81655 11.5788 3.44792 6.966 
1.99814e-05 0.000140001 8.64497e-05 3.40173e-05 2.77002 0.0241821 0.0125142 0.000607806 0.000488199 31.0957 8.19127 17.4489 0.894921 9.21746e-05 3.64511 42.5257 0.906671 1.68972 
0.168916 2.50662e-05 0.135472 0.000778177 0.000209667 1192.23 1.73257 0.207458 0.0805802 4.27759 0.143358 18.1596 0.0742921 1.05539e-05 2.07467 12.8318 1.54537 7.36152 
0.010007 0.000246747 0.000119736 0.000128479 0.000208313 0.0114655 0.00233597 0.0552728 0.0714025 0.417274 0.118555 13.8562 0.000167905 0.00741992 3.32126 13.5127 1.31347 7.68069 
2.30516 0.00157252 1.101 1.48689e-05 0.00415951 0.980674 0.0110415 0.0232907 0.016614 9.63057 2.51974 320.871 0.000440424 0.881647 3.62625 8.23164 0.963248 3.73439 
0.0431173 0.0491098 0.0738779 0.191734 0.686384 1463.26 0.00013568 3.27266 0.121066 2.5588 0.0299793 301.786 3.22258e-05 0.0107181 1.5368 10.2779 2.94167 0.946684 
0.000159081 0.00265434 0.00651358 0.000314476 7.31198 1044.38 0.0185736 0.177723 2.80035e-05 24.3632 1.02349e-05 9.08166 0.0394863 0.0635889 2.85509 21.104 0.293861 4.11325 
0.00518665 0.000210192 0.0630659 1.49074e-05 9.69584e-05 8.79454 3.45778 4.04364 5.39912e-05 17.7929 0.00958433 0.342688 0.0052678 0.163176 1.31942 47.144 2.54618 1.79049 
0.497293 0.00388712 3.00743e-05 0.00226611 0.000220141 27.5402 2.47025 0.0289758 0.195195 0.165635 2.55636 2.59588 8.52287e-05 0.512558 1.01849 8.10609 3.48293 4.29861 
0.116073 0.000161625 0.00168916 0.00178954 0.640724 190.085 0.000356901 7.47982e-05 2.42645e-05 110.376 0.254775 6.71472 0.0388468 0.180996 4.00849 29.9933 1.69353 3.40991 
5.11749 0.104734 0.130796 7.02646 9.39384e-05 0.494051 1.52182e-05 0.000124706 0.00353859 45.1549 0.00353818 322.938 0.0275229 0.482823 1.0119 11.4396 2.93413 2.78696 
0.587539 2.23964 0.0267076 7.79292 1.61674 36.9454 0.000507986 2.39286e-05 6.6213e-05 0.132463 0.0177146 4.38181 0.000158684 0.137606 0.366321 12.0324 1.57849 8.971 
0.000474488 0.000788153 1.35819 5.7771 7.62806e-05 1.81906 0.00235142 2.90278e-05 0.000147907 2.19813 0.0282452 0.483927 1.59165 0.0169063 0.999922 35.15 2.39445 3.67439 
0.0246803 0.0443144 0.00726609 0.172918 0.137839 0.268414 0.742012 0.00137646 0.320931 2.02861 0.169259 6.29582 0.00812081 0.185263 2.50355 16.6226 1.07645 6.40055 
1.27207e-05 1.66998e-05 0.733985 0.00187762 0.805993 0.942911 0.538224 0.515117 0.00870625 5.42287 0.294083 0.474951 4.58592 0.000292044 1.65855 24.1595 2.90661 3.3749 
0.563185 0.00305616 0.00011178 0.0179522 0.182562 2.50828 0.0682859 0.343396 0.574413 127.48 1.20928 0.543947 1.20997e-05 0.121146 0.506808 8.8603 1.3742 6.91698 
0.0197759 1.46893 0.0003729 8.28967 1.30138 2685.39 0.772968 0.00038404 0.00364767 0.179287 0.109273 0.0100042 0.000462572 0.0202241 1.99246 35.281 0.905135 9.66602 
0.515311 0.0111948 3.86912 9.58334e-05 0.881044 184.847 0.00142272 0.0246254 4.99831e-05 261.677 0.106613 1.18475 0.42979 0.00873054 0.544451 43.0782 1.49863 9.99124 
0.000775023 0.000191312 0.270804 1.17733e-05 0.000299917 1571.84 1.57548e-05 7.14858 0.46304 2.33335 2.62963 0.417883 0.0294843 0.620011 0.660515 16.5439 3.4238 1.40966 
0.000691888 0.0342226 2.5455e-05 0.0360127 9.71122e-05 29.7294 4.39675 2.39629 0.209473 0.0168116 0.000935787 485.724 0.00376091 0.0880313 1.15516 18.2731 1.6671 1.34425 
2.82716 0.0438165 0.000111006 0.00405914 3.45002 0.0142888 4.19203e-05 0.00155682 0.000511585 2.72289 0.0552836 0.032302 0.00459027 0.0271931 0.29854 29.1476 1.36439 2.53956 
2.78522 0.104812 0.00245034 9.37039 0.00260283 0.907898 3.81727 0.034243 1.5184e-05 55.6304 0.000834562 9.74277 0.0628919 0.28348 0.952513 12.0393 1.68697 1.91586 
1.25588 0.374423 0.0264779 0.0195903 0.0580209 481.558 7.31873e-05 0.196915 0.191515 2.87624 3.04617 0.0104505 3.48329 0.803965 1.90706 15.1268 5.85962 4.11042 
0.000177881 0.00892746 4.97816 0.00475134 0.00102248 11.0409 0.034938 1.12423 0.0739118 40.1823 0.000273726 93.473 6.10066e-05 0.0735711 1.30225 25.7486 2.30693 8.23313 
0.00585931 1.24481 3.4006 0.108772 0.000255307 0.855791 2.32518e-05 1.52283e-05 2.50943e-05 141.088 1.11454e-05 0.0862818 0.00152899 0.326727 1.96272 12.3456 0.748356 5.8613 
0.00154209 0.000758058 0.000250568 1.69323 0.00184233 0.0197626 1.28864e-05 0.000327876 0.0741281 6.53521 0.00188786 16.287 0.000309896 0.26673 1.93563 7.7966 0.708692 4.88964 
0.00521379 3.64142 0.0348469 1.65822 0.733252 1.18226 0.0479579 0.00110134 3.04325e-05 0.579056 0.000252685 30.1444 0.282731 0.594717 7.2902 14.8518 0.883284 3.67225 
0.282191 0.00019716 4.76376 0.0474866 0.000817101 920.025 0.000114618 6.86022 0.000169838 0.693039 0.0768082 291.706 0.79567 0.00905399 2.82622 19.0812 0.670638 9.96954 
0.00280724 0.0490796 1.95348 0.0106582 8.61392e-05 2503.3 1.438e-05 0.0261695 0.000278294 0.828656 0.227827 4.37821 0.119571 0.115836 2.15502 20.0382 1.42227 5.67361 
0.000108048 0.312553 0.936817 0.0271028 0.000152024 38.1936 0.0831567 0.192782 0.00974555 3.9495 0.015104 29.5719 1.12802 0.955868 1.3232 42.7206 3.51032 0.621076 
0.00425102 0.00753423 0.113533 0.620798 0.00916865 14.2387 3.83584e-05 0.413238 0.000458272 44.4174 5.1493e-05 0.0467911 0.179172 0.136549 0.323206 23.656 3.34688 4.77322 
2.93604e-05 0.245431 0.00933802 0.000119859 0.888323 252.24 0.0246358 0.00330409 0.10421 100.612 0.209073 94.0257 0.000197067 0.373752 1.6526 12.6261 0.898659 9.10634 
0.00107839 0.126245 7.56866e-05 0.000391085 2.60822 45.3936 0.118497 9.66286e-05 0.00161891 43.9615 0.000481032 62.8565 6.65309e-05 0.275183 3.98402 43.1236 1.8363 1.24486 
2.50534e-05 0.0487607 0.0090821 0.00192614 0.16213 0.104969 1.17774e-05 0.133101 0.0713552 1.80564 0.0159429 21.3169 1.42193 0.00834726 1.70948 22.3485 3.34784 6.44169 
0.00956491 0.295733 0.000163498 0.0426025 0.000416529 57.6605 2.76025 6.4179 0.000393049 157.286 0.000272369 0.119595 0.000648948 0.0222818 0.171497 49.6213 1.43809 8.85014 
0.0159346 3.65905 0.836309 0.0657898 0.000281976 0.172152 0.000300535 1.00799 6.90229e-05 89.6948 0.000970403 0.674191 0.000785618 0.400733 1.14468 22.6917 2.92002 1.60153 
0.0501119 0.000181826 3.4467 0.0231336 0.00056056 6.8126 1.01845e-05 0.0150328 4.03369e-05 0.0364408 3.28703e-05 0.0489139 3.40139e-05 0.0443666 0.159888 39.8724 2.35879 2.48899 
1.7194e-05 1.02349e-05 7.35981e-05 3.76537e-05 0.322177 54.7556 0.000815877 3.82488 0.00287011 0.0442969 1.98358 451.914 1.68057 0.147831 4.45725 5.02044 1.04248 5.49996 
0.000259659 3.7491 4.64768 0.000548396 0.164183 0.0755984 3.69971e-05 0.000842256 0.00366498 0.264463 4.5571e-05 0.303304 0.0138241 0.0278034 0.767076 47.6616 0.343569 3.02248 
0.804416 0.458336 0.000695485 2.55046 0.31027 0.165694 0.000582875 0.000451637 0.0130734 0.527213 0.225527 2.65147 3.2774 0.000528587 3.27559 20.737 0.735851 7.10775 
0.0206094 0.0141461 1.43221 5.20422e-05 0.497216 2.64046 0.000253042 1.00111 0.00136375 27.9526 0.0714698 2.73324 0.726294 0.00442747 0.591904 49.0412 0.652676 3.66195 
0.0429032 0.315817 0.00552925 1.07866 0.0128877 0.169835 3.86405e-05 5.98168e-05 0.155565 0.0527133 0.000907512 492.788 0.359253 0.117206 0.947121 14.5777 0.837713 2.65933 
0.00562109 0.00116043 0.103 0.000781278 0.063251 0.0196654 0.0040767 4.14769 0.744544 38.6003 4.88848 0.963049 0.000139841 0.0011573 0.136625 38.1294 1.37879 3.05336 
0.0385938 0.00283657 0.000370975 0.000817556 0.000398022 11.7108 0.000105869 0.000231156 0.0343578 0.0238159 0.000217425 2.12321 0.0253216 0.0819664 1.15046 16.8943 0.69593 9.81868 
0.00014149 0.0161701 0.000764712 0.100133 0.0097032 266.626 5.18261e-05 4.46199 0.0101812 0.0187977 2.01526 0.435937 3.00877 0.474218 7.19708 19.0988 2.82284 1.01039 
0.0206489 0.00366234 1.66336 0.765878 0.00352493 10.0864 2.59754 0.0243588 1.40598e-05 0.0689886 0.0119218 0.199104 0.315949 0.00783119 1.48094 48.9534 1.23388 2.38137 
0.121751 0.000657727 0.0237603 0.179036 0.0095732 224.834 0.816824 0.00539705 0.0518923 50.9154 0.0024515 274.595 1.48835 0.192289 6.74189 35.1525 0.661347 2.2858 
0.110362 0.000340806 0.000375961 1.96694e-05 1.04438e-05 66.0252 5.28041 3.08915 5.823e-05 0.707124 8.83488e-05 10.0913 0.159279 0.0896265 0.887292 46.0071 0.352086 4.5946 
0.000109191 0.00882046 0.959492 0.0353859 2.77705e-05 12.9328 0.0332581 0.011963 0.0247791 6.83304 0.0586244 14.053 0.00140503 0.0392358 0.381156 43.7091 0.357609 8.66575 
0.000334854 0.587798 6.43562e-05 0.0128193 0.000228812 98.0949 2.7238e-05 1.3082 0.000121792 3.20905 2.83411e-05 0.0364561 1.48259e-05 0.00148374 0.204843 47.4931 1.15754 9.8135 
0.0174477 1.54513 3.83023e-05 0.000241247 0.000134191 11.5586 0.00153182 0.0170146 0.088093 3.72576 4.24944 131.572 0.000135755 0.000133198 5.45179 5.65441 3.16212 4.17596 
0.789283 0.00557418 1.76304e-05 0.0242789 0.000462694 0.488852 0.118115 0.0098278 0.00160713 0.0123035 2.29853 95.5802 0.000142112 1.47815e-05 8.43385 32.3478 2.38087 2.25359 
1.5442 0.0198144 1.32822e-05 0.255528 3.22076e-05 6.31168 2.71526e-05 0.313725 0.00130884 0.357287 0.000161602 90.6768 0.000855318 0.125552 0.29403 34.3029 3.34873 5.64341 
0.000875576 1.57237e-05 0.169057 0.00155225 0.0019452 297.205 3.63975e-05 4.4287e-05 0.225444 143.005 0.000107729 71.7171 9.64072 0.516046 0.759149 15.2623 2.69374 1.15683 
0.014746 0.507682 0.0884949 3.14141 0.0502494 0.259032 0.00119889 0.391887 0.0116108 0.137337 0.0277932 93.0093 0.000213759 6.37806e-05 2.92213 21.3508 6.32361 5.42289 
0.00413233 0.644343 0.00872972 0.0036424 9.59159e-05 0.0129318 0.53942 0.0266597 0.663566 49.6487 0.0612044 0.032265 0.00752089 0.482096 0.959791 13.7743 3.22412 9.02662 
4.95146 8.16322e-05 9.65627 0.0120714 0.0023528 0.0302517 0.000417603 0.221935 0.00399582 5.51546 0.0036367 0.336232 2.72594e-05 0.0122352 0.912848 42.5773 0.287897 7.37928 
6.54389 0.0361537 0.541106 0.000194036 0.000115689 0.1053 0.423326 7.53788 8.63703e-05 0.32934 2.54322 0.0314596 0.0933336 0.451557 0.384021 24.6932 6.67619 9.26972 
0.00077791 0.00030366 0.0415942 4.59438e-05 0.037491 191.513 0.000277707 0.0144373 0.00565698 0.0484914 1.47919 0.64548 0.000449236 3.74875e-05 1.38414 38.5141 0.294586 9.89541 
0.252499 0.000259361 0.790157 0.000195301 0.0399132 3.76712 1.33656e-05 1.23624 0.0315696 0.464027 0.000141133 0.0272145 0.54701 0.886575 2.68052 16.5733 1.77289 0.709609 
0.116012 0.00198599 1.48758e-05 1.23989 4.23476e-05 1.04333 3.34586 0.00853499 0.00215292 1.02397 0.0227732 0.214362 0.00114025 0.132959 1.08713 32.4773 0.722172 9.18237 
0.0247568 2.24974 0.00529068 0.00413683 8.87203e-05 44.9197 0.082896 2.69625e-05 3.3021e-05 1.5362 0.000989266 0.0160814 0.792596 0.135305 0.776572 23.5887 0.746084 8.85546 
9.14061 0.196689 0.00775206 0.00111624 0.0136808 1153.8 0.0340798 0.00123123 0.0120127 0.0658042 0.724193 9.25123 0.450741 0.0022875 1.89026 29.7522 2.35034 1.77793 
1.6639 0.000229975 0.0109824 0.000510419 0.00117347 9.01183 0.205459 0.000331138 0.00118821 0.861145 0.00422207 0.235196 0.017251 0.035316 1.02337 29.657 0.390488 8.01958 
0.000379348 0.000176458 0.00272137 0.000308046 0.00012468 55.1909 0.00186995 5.75881 4.11333e-05 26.4986 0.0134824 0.0273642 4.48599 0.00841123 1.53555 40.6384 0.43798 8.17594 
0.881787 0.657881 0.041541 6.28362e-05 0.00109824 1.14958 0.884602 0.0211081 0.000219656 19.885 2.21698e-05 0.0293278 0.00021369 0.0838165 1.06569 26.9366 0.644713 3.15725 
0.0251411 0.0021682 0.208725 0.000102882 9.41856e-05 4.25416 0.00167392 1.16528e-05 0.936593 342.344 2.85811 2.83252 6.41204e-05 0.574399 5.89515 8.71815 0.778036 6.0876 
0.0129695 0.00122243 0.0263118 0.894768 1.30024 685.812 0.000108074 0.000218865 0.0156736 0.181833 0.000466149 3.19503 0.299975 0.0110877 1.70125 25.5474 0.641755 9.44968 
0.00411937 0.0144199 0.305418 0.727034 0.000121111 3.83545 8.03612 0.003536 1.17611e-05 7.39029 0.000267131 37.5542 9.07215 0.183796 6.71022 32.0278 0.596404 2.75017 
0.00021482 0.023937 0.000113136 0.345369 1.78158 0.183206 0.000833622 0.0074235 1.45754e-05 0.0439535 0.0107738 0.0156166 0.000408533 0.0636131 6.73318 44.99 1.38308 9.1529 
0.0014178 0.00532691 2.39587e-05 0.0298385 0.0384657 18.3063 3.54962e-05 0.00279448 0.000376245 3.96789 6.65341 0.0216315 0.0496087 0.196307 2.44611 37.0057 0.465371 9.82259 
0.475821 4.10997e-05 0.00288793 0.796462 0.00113485 0.264582 0.00143768 0.166905 0.00674995 1.01959 0.315994 0.221203 0.946768 0.000155859 0.440409 16.7484 1.05903 2.78818 
0.280962 1.94172e-05 0.000129272 1.08793e-05 0.0904319 19.9724 0.0493809 4.39549e-05 0.00159637 11.7009 0.397517 0.0181776 2.60018 0.00754855 1.05839 24.1133 0.952559 2.44558 
0.370812 2.2106 0.351117 1.92813e-05 0.00514058 76.2158 1.19167e-05 8.4997e-05 0.131439 0.481936 0.562614 0.561667 0.000248525 0.00300459 0.322584 27.4011 1.36838 7.85969 
0.0133538 9.58235e-05 0.000335692 0.00956644 3.0899 0.639049 6.9443 1.42178 0.00501242 0.202423 2.02865 15.5184 0.04428 0.000239777 0.780055 10.9169 1.98781 6.29902 
0.000309149 0.619189 8.31049e-05 0.000691441 2.53276e-05 5.55659 2.12186 0.123701 0.0829357 22.8239 0.00332757 0.0968391 0.00322066 0.473362 4.56672 19.069 0.743403 1.38931 
0.0210541 0.023332 1.92797 0.0173722 0.00091199 0.248838 0.605091 3.21053e-05 0.0205707 2.72249 0.185454 98.6749 8.69082 0.142021 6.89842 44.2548 1.04059 4.79988 
3.0176 0.0341834 0.000655273 0.970446 0.000133517 0.0828938 0.000116863 2.04995 0.000380118 0.221103 0.000817629 0.018537 0.106559 0.242168 0.806589 38.6402 2.24962 0.865365 
0.000682816 8.21626 1.1134e-05 0.000988928 0.0594999 40.3763 0.00405396 0.00215033 0.0256415 1.31046 0.0148919 6.99514 0.000254422 6.11044e-05 1.10286 30.9244 0.8246 4.93377 
0.00673796 0.000531014 6.18067 6.54183e-05 0.0852329 40.449 0.000739139 5.05261 0.000976228 1.05608 0.000527233 0.0268335 0.0283792 0.44451 4.18019 46.1568 1.67475 0.555207 
0.486244 0.0015922 9.11931 3.86591e-05 0.0266018 10.0347 0.0157481 0.000615099 0.322174 0.127219 2.85562 0.0756226 0.132574 0.281289 0.501067 20.0381 2.1333 3.69483 
4.9459 0.199259 0.00376135 0.00547887 0.000206371 20.3006 8.84604e-05 3.41733 0.000450591 0.145886 1.56014 0.0646178 1.05748 0.00190996 1.35025 5.92005 1.15873 4.71554 
0.000446465 0.262154 0.00775497 0.000124097 0.0281086 155.386 1.21824 2.82916e-05 0.0642821 2.29297 0.00101645 0.101175 0.0398548 0.0562996 2.65589 33.7051 0.311442 7.99401 
7.3363e-05 0.00100899 0.671354 4.03136e-05 3.21032e-05 3.13279 0.0494937 0.00602116 0.127237 33.7509 0.0387017 1.73181 0.00060383 0.000165543 0.414566 41.6632 0.808127 4.19331 
0.0274229 0.000969498 1.62589 2.38713 1.05359 0.891375 0.000770795 0.000182306 0.000179439 0.0330639 5.78793 15.6312 0.0791765 0.082241 6.87546 49.8873 0.344 9.46022 
0.168674 1.60017 5.20433e-05 0.0272724 1.21343e-05 418.981 4.08195 0.94592 0.00152795 0.0146084 0.0355917 0.0391379 5.74177 0.000520015 1.94423 10.1618 3.88709 5.50442 
0.00291264 0.0943305 0.00037986 9.97953 0.000537651 98.9076 0.000798657 0.432329 0.00893367 385.9 0.00121674 16.5126 0.0582557 0.0101368 0.258013 46.2421 0.417337 6.01153 
0.071784 4.35642 0.336916 1.27722 0.00914807 0.121913 0.00056321 0.000245167 0.424518 0.199025 0.0698616 0.100173 0.0777776 0.375124 3.60215 39.4177 1.01568 1.06429 
0.00169684 0.00109446 0.0309098 5.7774e-05 2.96632 919.854 0.000106585 1.53697 0.00165029 2.27965 3.67642 246.292 8.95472e-05 0.0670543 1.92893 35.8425 0.302333 5.93669 
0.00365684 0.000624943 0.0010545 0.000336848 0.00104756 257.226 1.63153e-05 7.34461e-05 0.278502 0.960158 1.19293e-05 23.3749 0.718007 0.782338 1.16718 19.5942 2.50917 0.770607 
1.02564 0.00105868 0.0732971 0.000131614 0.00663728 2241.3 0.00149546 0.0634447 0.00155485 0.0669939 1.55469e-05 0.0226453 0.0138742 0.0217465 0.0931021 28.838 1.25276 5.45815 
0.000217971 0.622954 1.7797e-05 0.00175752 0.000940515 7.06612 1.33426 1.24184 0.00171181 0.155153 0.671703 0.0928129 1.47078 1.93071e-05 6.55307 30.0793 0.96741 2.25104 
2.99836 0.315832 5.41387e-05 0.0276695 2.04939 0.155399 3.17077e-05 8.54692e-05 2.48689e-05 44.8472 0.488713 102.6 0.377241 0.936709 2.72551 35.106 3.81698 1.30751 
0.000504741 0.0261288 0.0513516 0.146338 0.0280024 2725 0.000571468 0.00576787 0.000248987 8.05048 0.00126832 61.6598 0.00190065 0.173403 2.60075 21.3095 0.903739 1.73382 
0.735471 0.00194233 0.159077 4.97718 0.000214683 0.0539375 0.163223 1.66301e-05 0.0135592 323.717 0.0938811 0.303475 0.402804 0.49784 1.64065 26.4499 2.02058 5.9622 
1.32859e-05 0.000146248 0.0159579 5.9847 8.76344 0.0161989 9.99878e-05 0.37436 0.000155215 1.12453 1.10118 0.0343261 0.188761 0.00428093 1.4414 34.4867 1.64445 5.18958 
0.00131807 0.00350127 0.000581126 0.701213 4.29489 6.91208 8.68582e-05 0.0557524 0.187054 0.0173799 0.270937 0.846038 0.000697776 0.0649242 1.86822 17.378 1.32525 4.59621 
0.00427433 2.13848 0.000255686 0.296037 4.34988e-05 0.0279998 3.38737 6.57637 0.0525155 441.506 5.51372 71.9336 1.14615 1.57445e-05 0.233602 33.1722 3.97047 2.88039 
0.22095 0.0029701 0.00434383 0.0136307 0.000536039 702.183 5.18836e-05 0.000170337 3.94273e-05 0.037291 3.15165 7.18381 1.10784e-05 0.291429 2.98051 21.8891 0.668093 2.95196 
8.254e-05 0.258471 0.0446829 0.038534 0.0412979 180.724 7.32552 0.187717 0.000381659 3.45521 0.000657828 0.779718 6.81487 0.340386 1.45735 5.34655 1.29956 8.74209 
1.91598e-05 0.000141206 1.80388e-05 0.000738774 0.560712 45.6628 6.97566e-05 0.325177 0.00468668 0.123411 1.25031 1.41422 0.253608 0.0337833 2.67408 37.243 1.16926 1.25987 
0.715091 4.66203e-05 0.000268868 0.127532 0.0620319 595.043 0.000882141 0.000668271 3.18231e-05 0.0708068 0.0482889 2.81175 0.285934 0.000949768 0.154087 42.7149 1.97968 4.81048 
0.00129774 0.0200615 0.740167 0.00153074 1.16123e-05 0.0145904 0.00013716 0.067685 0.000755882 0.747389 0.146974 37.314 1.80381 0.111028 2.52222 16.0874 1.19241 5.78629 
0.00913388 0.998175 1.00439 0.00181022 1.56954e-05 2.57391 3.50034e-05 0.00585518 0.00172923 2.71405 0.333746 0.155561 0.000734766 0.117617 5.39054 34.0861 0.369236 6.64813 
0.00157001 0.00060973 5.21527 4.5547e-05 0.00445582 1.64403 0.55709 6.48281e-05 0.470839 0.100699 0.000273763 7.95408 0.311861 0.0272045 1.26611 29.9182 1.70398 8.54713 
0.0187893 0.0680103 6.08473 0.308303 0.31749 112.126 0.00119405 9.48491 0.183425 0.0105068 0.00152166 0.108577 1.14841 0.05949 0.843502 25.2224 2.51365 9.46271 
0.0694025 0.000146466 0.000523827 0.000635299 4.20549e-05 0.103998 8.3977e-05 0.000481781 0.0205434 1.70822 0.0201168 24.122 0.0276037 0.12424 2.29312 23.3856 1.22735 3.12782 
0.100263 0.001693 0.00137344 9.5059e-05 0.000114088 14.1267 2.19321 0.00512562 0.00729813 1.22778 4.70679e-05 42.006 1.3226e-05 0.66528 3.94418 39.8339 1.36669 0.472408 
0.000443142 0.28018 0.00947292 0.357074 0.00886077 0.0423102 0.00178842 1.65993e-05 0.0154283 38.6729 0.0203761 3.56063 1.71333 0.00166067 0.932674 45.5784 0.451731 4.30825 
0.000841482 0.0187918 0.00670589 3.09086e-05 0.0083155 15.3397 0.00283349 0.0578827 0.0104822 24.8719 0.13866 281.31 0.00475876 0.0012566 2.34355 36.3523 1.69741 1.4721 
0.0133977 0.168784 1.75893 0.00756018 0.974469 17.2791 0.000331958 0.00418216 0.117531 0.152875 0.297736 11.076 0.00385211 0.000837144 3.28604 47.6563 1.68575 7.96045 
0.0666314 0.000416998 0.0038204 3.42664 4.31978 6.47994 0.00127536 0.068745 0.265372 271.962 8.75667 167.575 0.000135371 3.0743e-05 2.71798 12.0815 2.77351 1.6649 
0.0351078 1.23021e-05 0.0153192 5.17889 0.000182846 0.0356349 0.000726385 0.00090144 0.0495195 0.0790806 0.000359378 6.83933 0.897803 0.00437462 2.27835 38.9306 1.6061 4.19981 
0.00019225 4.74482e-05 0.025764 0.00162279 1.48841 23.0758 0.0191355 4.50672 0.00273631 32.5811 0.0234242 419.222 0.0268269 0.865961 4.5173 24.3389 2.02567 4.86751 
0.000135598 0.00167465 4.23179 0.0109742 0.914836 0.0941606 4.14156 0.0236666 0.07308 0.347575 0.0656788 0.708517 1.17293e-05 0.0968557 0.705231 48.5879 6.33342 8.85857 
0.00115586 0.000577947 0.000814001 5.83769 4.03083e-05 0.162743 0.0001685 0.290617 0.0182909 4.0711 3.64342 61.9248 1.36127 0.0013912 1.14386 40.2507 1.71306 2.24083 
5.5792e-05 0.512316 0.143115 8.24329e-05 0.0359212 0.025104 9.06877 0.137031 0.000219341 0.0818584 0.0321951 0.0939339 3.40648 0.00157572 7.35192 41.1698 0.787174 4.73254 
1.62436e-05 0.421395 0.00715955 0.00389922 0.00792094 0.999138 7.10926e-05 0.0810361 0.0168513 0.0554387 0.000704848 248.13 0.230494 2.87668e-05 5.80743 48.522 1.93711 2.4755 
0.00156426 0.236344 1.0172 0.0126594 0.00129114 13.3039 0.00173361 0.335064 0.0273814 0.448368 0.0420904 12.8223 2.76339e-05 0.00387349 1.04493 47.8475 1.299 2.00956 
0.00151196 8.02392e-05 0.000379329 5.68256e-05 0.804853 2111.35 0.28 6.22417 0.00042274 2.90061 2.36815 0.0514394 3.57087 0.986092 6.92754 8.83603 2.01287 7.09085 
3.33189e-05 1.45119 6.44057 8.22575e-05 0.000260892 0.210586 0.00550223 0.110315 0.00517039 4.39873 5.73108 5.39154 0.0976669 4.1015e-05 0.561775 44.4663 3.73923 8.25228 
3.11698e-05 0.00225191 2.70089 0.000172081 9.37198 0.783502 0.0504482 0.204361 0.16991 129.233 3.359e-05 229.599 0.00174237 0.107236 0.866094 37.9015 0.612335 4.30647 
0.0335306 0.79796 0.000154366 0.000501516 2.80929 115.774 0.182311 0.56001 0.0657412 16.8586 0.0333668 155.745 0.110398 0.000147826 5.19862 46.7701 0.662623 0.778026 
0.000136172 0.00333154 0.0648119 0.49441 0.00784751 420.608 0.000383841 2.4318 0.419791 0.187769 0.0306247 0.334281 0.39565 1.07948e-05 1.30268 36.4551 0.323889 5.86175 
0.000363292 3.91432e-05 0.0313396 0.018359 0.814886 0.122817 0.000148237 3.37175e-05 0.00047751 4.32177 0.00803747 0.794847 1.90932 0.00275479 0.662606 36.876 0.709406 7.91499 
0.00945553 6.1002e-05 0.000140854 0.00301637 0.000133624 0.538001 8.57667 0.00135551 0.053469 0.0530975 0.000131311 0.448744 0.0226477 0.622769 2.76251 19.4649 1.70671 1.32385 
0.000546652 0.000692034 0.00141587 0.000331136 0.000140378 408.235 0.000229366 0.00115183 0.00415341 2.50077 0.151304 15.1158 0.00057912 0.00024433 5.07872 33.1543 0.515832 7.98182 
0.00120661 1.10734 0.000702948 2.98168e-05 0.0134096 0.393332 1.75993e-05 0.0409758 0.00698964 0.0322277 0.00231495 86.9629 0.251278 7.60887e-05 8.88602 36.2877 3.14597 5.17423 
0.113648 0.0027741 0.00498794 4.97161e-05 0.583758 35.6983 2.56727 0.000975022 0.0325574 0.305251 0.112258 11.8185 0.000317292 0.864825 2.31029 47.8426 8.49333 7.9025 
5.07289e-05 0.477636 0.000240567 0.00908483 0.830626 40.9899 0.00120955 0.00029622 0.00583791 0.015395 0.0294264 1.46782 0.00100785 0.387786 1.36089 13.2582 2.29029 7.1199 
0.000782474 0.0094068 0.000427649 0.0370531 7.00445e-05 9.09852 0.00748806 2.91944 0.550718 0.518549 1.78856 9.69611 2.90834 2.05414e-05 1.55457 12.3691 4.56 5.10255 
0.000814464 0.00241604 0.00142567 6.71991 3.65282 1164.86 0.382629 3.01163 0.294651 14.0469 3.66563 159.243 0.001641 0.0504454 4.29873 8.35563 0.382739 2.45565 
0.0471909 0.0336562 0.000613421 4.48993 6.77792 2.23827 1.5252e-05 0.0151967 0.135 56.9588 0.413566 37.4385 0.000115686 0.0565167 8.3471 25.572 2.56512 4.75671 
0.00470348 0.00279918 0.00242728 0.0351122 9.32379 48.5597 0.0107501 1.00281 0.0410107 73.3548 0.130831 95.6331 2.50328e-05 0.000208223 5.97544 35.7888 6.46912 9.12263 
1.00453 2.23465e-05 0.0043157 0.003204 4.5191e-05 0.0108596 0.00548011 0.102557 0.0165267 0.215217 6.44459 2.21661 0.441268 6.95797e-05 1.52794 45.9964 7.82979 4.90623 
3.39168e-05 0.0100432 6.14449 0.0497827 0.000140517 0.10858 0.0321667 9.50943e-05 0.0490818 278.24 3.3152 39.9673 0.257164 0.212883 1.84089 44.9916 1.06724 2.5098 
1.06455e-05 0.000250946 3.42396 0.632788 0.00179867 22.2742 0.725284 0.00906732 0.00265269 0.53673 3.75877e-05 0.615322 1.29455e-05 0.394522 2.19291 26.4634 1.38444 0.693166 
0.00499671 5.49168 0.0207385 0.0160913 0.747624 0.0114199 1.11076 0.00765721 0.148563 227.442 0.000783959 0.0568756 0.000746674 0.692394 2.24484 16.2014 1.65681 3.68779 
0.136502 0.000159432 0.068683 0.0295605 2.69373e-05 0.118073 1.00472e-05 0.0178048 0.10485 0.0100662 0.00465151 45.3657 0.000258793 0.0173538 5.07952 13.8032 0.739567 7.65416 
0.0148009 0.00144623 0.000107457 0.0221421 4.3552e-05 0.0173402 0.00150087 0.000192445 0.00298034 0.297977 0.101367 6.59117 0.000535189 0.502799 7.79763 35.2158 1.27332 1.23666 
0.00467594 2.1994 2.98656 0.00231794 6.45762e-05 119.017 4.34669 0.000361596 0.0232677 0.0847518 0.01647 5.59457 1.68743 0.206043 4.6439 35.6662 1.22068 1.34311 
0.0202281 0.0937341 0.285556 1.34652e-05 0.0386378 0.118293 1.54408e-05 0.161279 0.00878443 6.53622 0.000290131 1.48911 0.000697569 0.108757 0.347371 42.0531 1.96209 5.87764 
0.0535452 0.0855259 0.00417427 5.65262e-05 1.3668e-05 0.276732 2.67903 0.00176635 0.223271 0.018954 3.70702 0.071128 0.00132706 0.338338 0.955279 40.2671 2.59319 1.73339 
3.68837 0.00760245 4.72949 0.00261407 0.000162164 9.94179 0.00297045 7.89627e-05 0.240943 0.0504808 1.81888e-05 0.36076 0.314032 0.34334 1.34624 7.49116 1.42317 5.75134 
1.11279e-05 0.057984 0.00410111 0.00887118 0.000107457 0.015497 0.0754133 6.1444 0.354656 0.011078 0.00474405 14.5421 0.551592 2.35282e-05 2.18322 31.0783 1.72115 4.59988 
0.00666109 1.55934 0.000979032 9.13826 0.0878452 390.6 6.00838 0.0961747 0.00515571 0.0201828 0.00315212 0.0198016 0.000976098 0.0280662 1.81856 44.6516 0.64312 2.74004 
6.04131e-05 1.85556e-05 0.0116928 0.169647 0.445286 0.195175 4.06047e-05 0.00171652 0.0698087 0.0159634 0.0280635 0.337851 0.254427 3.7196e-05 1.02348 35.5259 0.414789 5.76523 
4.68487 0.208423 0.00475064 0.000349446 0.814551 0.0785753 2.70453e-05 3.61322 0.0811731 6.3046 1.29355 42.2281 0.113947 0.00111256 2.10685 29.9168 0.40836 2.06911 
3.82955e-05 0.140372 0.0353293 2.74368e-05 0.0398672 0.609299 0.279103 0.0826354 0.0202114 6.22517 8.3615 0.301016 0.103162 0.000575674 0.813386 36.385 0.527357 3.33795 
0.00111775 0.312753 2.78661 4.81836 5.70472e-05 0.161922 9.42446e-05 1.40233e-05 0.000613079 13.6004 1.92326e-05 2.89573 0.0758868 0.242565 1.16316 33.2787 4.1818 4.28456 
0.0128616 0.0304678 3.66623 0.0541797 2.76105 525.284 0.00037845 0.00669458 7.73056e-05 10.7631 0.000135659 7.54762 1.71584 0.767384 5.77851 16.3586 1.06354 2.76992 
0.0340961 0.00249461 1.49879e-05 0.00147309 0.0678551 0.0316061 0.0367515 0.00135488 1.42925e-05 0.0365399 0.000287338 0.0847694 1.64528e-05 0.149124 0.406064 20.7514 2.59451 7.75504 
1.76137e-05 0.0609296 0.00344904 0.0391901 4.60551 24.9675 0.0217427 0.00572491 0.00682209 0.0288525 1.86323 1.12905 0.00646881 0.0762723 0.950664 33.699 1.61031 3.68112 
0.0854525 2.15526e-05 0.00196206 1.91723e-05 1.02574e-05 0.0368637 0.0016455 0.00502723 0.000572978 0.584233 0.131349 0.394531 8.54104 0.000120696 1.24354 45.1962 2.88681 3.96241 
0.000174888 0.0108321 0.00442321 4.36204e-05 0.000359539 1.06291 0.089024 0.458183 0.0121451 19.7525 0.216001 126.592 0.224355 0.015413 0.954385 24.0033 2.7696 4.71242 
0.0235163 0.721378 8.97293 0.0279151 0.41222 0.39814 0.0715714 0.00104225 0.000177892 0.624592 0.216282 91.5858 1.40405 0.00209049 0.577002 41.1666 2.61784 1.77753 
0.150633 0.000497701 0.000840184 1.41162 0.0112233 0.044999 0.252489 0.699935 0.0506328 0.161648 0.0283119 377.216 0.000767741 0.000105057 2.88614 4.23879 0.65536 3.988 
6.59383 0.0439564 0.180729 1.6566 0.0120785 0.0323172 0.00466427 3.2793e-05 0.00169902 63.6864 0.000978952 0.363484 0.000413202 0.621877 1.26831 19.6646 3.16967 1.74849 
1.43772 1.19793e-05 0.00021205 0.0012687 1.06517e-05 96.8083 0.00104266 0.00656102 0.00492975 0.0503227 0.00416623 254.512 1.60533 0.000785263 5.72618 10.6709 1.38372 4.76711 
0.00533148 0.000147218 1.33239e-05 1.93099e-05 6.61643e-05 0.287949 1.7593e-05 0.738876 0.144516 0.29925 0.745647 0.344326 0.164112 0.00123512 1.81434 37.805 0.373488 3.53611 
0.184051 0.0012003 0.0165979 0.662047 4.19441 0.0391778 0.000101775 1.13117e-05 0.000157204 29.4549 0.0203593 0.0233446 0.226274 0.104832 2.28384 27.1001 1.64042 3.69696 
0.0011878 0.0427044 0.000132022 0.0881273 0.812222 52.8831 0.323753 0.0352285 0.000372985 0.0137713 0.000571083 0.132493 3.14786 1.87351e-05 0.706026 25.5506 2.05826 7.12634 
0.000663163 2.7659e-05 0.000114936 0.00707526 0.000537137 2.48531 0.000643907 0.00527742 0.0110396 0.063617 2.56577 0.0210545 0.273846 0.0681296 0.609892 35.1402 6.29526 7.68783 
0.267929 4.11733 1.38143e-05 4.66494e-05 4.02653 24.2493 0.0555945 1.94376 0.0102136 5.03224 0.476436 0.15488 0.0483159 0.0992193 0.189929 45.5969 1.96651 8.18667 
6.73768 0.000215908 3.71301e-05 0.0444387 0.00530291 427.792 0.0394944 1.43662 0.0272591 0.0136583 0.0399268 287.902 1.18876e-05 0.000605806 8.64215 33.7016 9.54641 8.57567 
0.0227915 3.80105e-05 2.67239e-05 2.58414 0.657477 150.858 0.00531596 0.287477 0.152062 0.184874 0.00488628 81.9502 7.66204e-05 0.00371496 1.58842 3.77304 1.12217 9.65946 
0.00077882 0.000159048 0.651389 0.0190119 0.000252667 22.8809 0.105453 0.107683 0.0401757 0.0259277 0.0691189 0.0748995 3.65527 0.00251351 2.16939 14.9386 1.60316 3.48027 
0.00404061 0.000551853 0.0765596 0.000367982 0.0806321 11.8009 0.00183637 0.000180353 0.0573272 0.475372 0.000814078 14.6151 0.000495313 0.36186 5.7686 22.5303 0.758191 3.188 
0.0448863 3.22437 2.89706 0.0732515 0.0270294 40.7976 0.224514 0.375832 0.088725 0.15544 0.406818 4.20193 7.41066e-05 0.0284373 0.634587 32.3031 0.581009 4.38028 
3.47592 0.00010351 2.7893 0.153403 0.0087284 0.977531 1.01189e-05 1.68736e-05 0.000275308 0.290721 2.33179 0.01697 1.0569e-05 0.0784018 1.78878 42.6738 1.05205 2.66449 
4.32321 0.0261589 0.220156 0.233138 5.02767e-05 0.164162 0.0124133 0.00398749 0.000467173 10.0115 0.215616 0.0144244 1.27391e-05 0.346171 1.35131 14.4622 1.96724 2.74927 
0.05899 0.00221663 0.000258686 0.422955 0.52585 10.3706 0.00643137 0.0453543 4.06387e-05 2.66932 2.39351e-05 181.756 0.006784 0.0420957 1.6956 28.2351 0.892823 8.60616 
0.000136247 0.550201 0.139013 1.0936 0.00046739 90.7885 0.518653 0.165536 0.127561 338.011 0.000163237 12.7278 2.3352e-05 0.502233 3.21733 26.1113 1.51794 3.80209 
0.000249002 1.01174 0.00029593 2.29722e-05 0.381581 601.618 0.000328621 0.235387 0.000440824 0.833972 0.012644 8.81463 3.80811 0.89644 1.21836 40.3977 4.7158 1.30935 
0.172027 0.0564948 0.00213738 1.14843 0.00349558 13.054 0.038228 0.00478935 0.000382438 0.192823 0.0348549 96.7912 0.00143504 0.0536593 9.52153 10.4593 0.868774 5.29128 
0.00130068 4.62836 0.00250198 0.373109 0.000656478 3.22622 0.00667418 0.00039348 0.723007 0.0304716 0.186896 0.0300414 3.03869 0.412066 8.33818 29.3 0.993559 4.83823 
0.000122863 6.56161e-05 7.8038e-05 0.000633369 2.42224 0.164307 0.00114138 0.00038154 0.00458155 99.7326 0.000271362 2.63827 7.8086 0.030501 0.209547 46.4554 2.05943 7.48969 
0.00825609 0.640559 4.16238e-05 0.645133 0.338334 0.162329 0.504688 0.307382 0.0341513 0.51246 0.000673847 10.4919 2.29982 0.845848 2.01382 11.0123 3.30484 6.93954 
5.87736e-05 6.41967e-05 0.0097071 0.0994126 1.76311 80.7129 3.26549 0.00391453 0.000806426 45.0867 0.0042643 33.7613 0.000469729 0.125037 0.589959 14.1168 1.92688 9.50667 
0.0858115 0.0108027 1.56008e-05 0.00438751 0.000248967 76.0679 1.36223 3.88282 0.0158519 55.1435 4.98886 107.326 0.00376517 0.000184474 1.04151 44.8007 3.29254 2.91093 
0.0101992 3.90742 3.89201e-05 0.00270974 0.0364564 2.89127 0.375933 8.2016e-05 0.0177877 17.5048 0.0134114 36.145 0.00234057 0.0569233 4.4435 21.0856 1.33146 2.54346 
0.21015 9.6226e-05 0.432287 0.158541 1.89817 60.6327 0.195364 0.0542688 0.146112 0.0321085 0.00798493 130.169 1.40594 0.17145 2.4041 19.2419 0.723299 8.88519 
0.245276 0.000446968 0.297594 0.0215202 2.54235e-05 47.5639 1.04213 4.43439 1.15866e-05 342.274 0.000154901 0.10807 0.000838658 0.0229478 1.0402 40.057 0.414233 9.58343 
7.0105 0.000381612 0.682153 0.000124475 3.51266 4.96432 0.0900527 1.18478e-05 0.0011927 18.8466 0.000411185 433.114 1.7074 0.088824 3.71152 25.3628 0.730647 8.01406 
0.000534501 0.000113333 1.06013 2.353e-05 0.029338 0.0458062 0.000120857 0.0882466 0.0158684 353.438 1.39103 120.861 6.55134 0.000225113 3.47867 18.9876 1.46077 1.63733 
0.000284085 0.0365082 7.63473 0.000230194 0.00465303 0.0965415 2.72376 1.19643 0.0188614 6.99486 0.000837272 0.388212 3.0705 0.0170745 0.699957 45.9263 0.346856 6.87669 
0.00244957 1.92925 0.000673749 2.71353 0.00104823 34.3537 5.5733 0.000525883 0.000322062 158.899 1.62871e-05 0.350181 0.000312592 0.11834 0.705379 46.2945 3.4065 2.30379 
0.144763 0.000262915 0.638966 0.0857323 1.36907 0.0235024 0.0251503 0.000410013 5.2049e-05 0.163218 0.146642 4.84077 6.59787 0.0627972 6.51516 34.3673 1.48735 0.746191 
0.0234617 0.00180738 0.886809 0.0396168 0.00143156 85.047 0.0008542 0.00201932 0.000338074 0.347443 0.00669661 0.0148412 3.4955 5.15203e-05 1.77228 43.1821 3.83294 6.504 
0.155731 0.000638361 0.914802 0.0356326 6.27565e-05 91.8669 0.00833924 0.381284 0.000791962 19.2294 9.21984e-05 0.128902 0.00107953 0.203442 1.56546 43.3336 4.66629 8.01113 
3.17279 0.0233217 0.0602827 0.0221492 1.67752e-05 196.775 6.71633e-05 0.0615622 0.0422999 0.346662 0.350949 52.4317 7.42585e-05 0.00174882 7.99551 28.2309 1.16593 1.0256 
0.132747 9.95498e-05 0.12456 0.00131089 0.000563762 3.74158 0.000148882 0.232619 0.00139566 0.052008 0.00262802 295.198 0.00064396 0.0611615 0.418682 18.9149 1.8732 9.80757 
1.32482e-05 0.001839 2.32518e-05 0.000624966 0.155172 425.318 4.08907e-05 0.000292018 0.000413485 81.2105 1.12909 0.443612 0.00107644 0.819533 6.72412 11.9136 1.49438 7.54641 
0.000858584 0.0373489 2.48502e-05 0.252784 0.0173263 3.19981 0.000732936 0.131922 8.35941e-05 0.13803 0.00835867 0.0358659 0.00353428 0.366968 0.952684 27.0062 4.85429 4.64943 
4.78437 0.0182516 1.4734e-05 2.32868 3.23424e-05 29.7394 4.15246e-05 1.50714e-05 0.0905725 1.07486 2.70621 0.0191998 0.164827 0.045726 4.12369 46.2899 0.395062 4.14966 
3.7902 0.446502 0.39324 0.0103662 0.533761 1087.35 0.223594 1.75023 2.50504e-05 0.100365 0.639925 0.21019 0.696772 0.000334235 3.24208 28.2244 1.67796 2.27589 
0.0043421 1.44988 0.100616 0.120406 0.00182032 1.17713 0.0982818 0.0331267 0.829148 163.993 0.170574 76.5334 7.59881e-05 0.229811 2.4931 21.8001 4.9237 1.85297 
0.0407379 0.000352056 0.12684 0.085114 0.00141308 491.909 0.000330857 3.11334 0.00302545 163.915 8.91188e-05 1.08946 0.000606595 0.0259452 0.859746 49.3552 1.78518 2.90517 
0.00407752 0.00187486 0.0208559 2.17204 0.0167454 0.902636 0.0170457 0.0719793 0.15285 0.0785352 2.29917 96.805 0.184303 0.0126899 5.01526 2.92631 2.40879 1.19211 
0.0289484 0.00502128 0.0171794 0.100067 0.000152597 0.147739 0.0126947 0.0984431 2.76816e-05 0.0227395 0.254622 70.4735 0.000145483 0.774762 0.833484 35.9456 8.14039 5.44844 
5.96753e-05 6.94061e-05 0.00225594 0.000568727 0.0556717 1.29195 0.0263528 0.000274781 0.0105345 0.0145624 1.61495e-05 20.5697 9.55824e-05 0.0714828 1.30405 31.8737 0.396162 5.40673 
0.000168691 0.000153239 0.00105963 0.232667 0.0149292 0.0436674 8.45481e-05 0.19577 0.00128903 0.018209 0.0286557 4.33307 0.000373036 0.0175538 1.45634 40.0891 0.741242 2.34023 
0.358701 0.000817009 0.0123577 0.0314693 0.000184702 19.2656 0.454044 0.00333207 0.150626 0.224156 0.0284674 34.9879 0.573202 0.377827 4.21046 12.7621 2.0114 6.51491 
0.0186279 0.000123157 4.3533e-05 0.0929176 3.09664e-05 0.0328276 0.00104842 0.0550452 5.60136e-05 3.13664 0.816879 79.2282 1.24627 0.0562146 4.30141 20.968 0.594946 5.62478 
7.01383 6.26524 0.346322 8.19684e-05 3.1551e-05 1.30029 0.000213002 0.302225 0.00861348 2.27197 0.000368959 18.8525 0.000600203 0.0478271 1.3813 22.1867 1.47631 9.66274 
0.244438 0.000207349 2.37088e-05 0.646176 0.00159585 0.0508719 2.46005e-05 0.000122079 0.221721 0.330743 0.000638811 54.4328 1.36135 0.19412 1.01888 21.7007 2.06313 2.43509 
4.36293 0.000740902 0.098855 0.000649255 0.00324446 0.219919 0.0199248 1.02021e-05 0.431767 92.095 0.0241725 2.72698 5.00432 0.987302 2.60586 35.4755 7.60515 7.39747 
3.78284e-05 1.22547e-05 0.00671026 0.246267 0.00280248 0.194724 1.71027 0.956055 0.0607796 0.0287925 1.55713 158.878 5.42525e-05 0.0217216 1.67044 2.61637 7.06209 7.4555 
0.000209687 0.000127918 0.00412831 0.0100493 0.0044516 0.838186 0.000327301 0.0111662 0.0459509 19.8927 0.000463333 6.8489 0.158426 0.87878 2.89924 7.12131 1.46871 6.38178 
0.206195 0.000522955 0.000905707 1.77185e-05 0.333063 0.128655 0.129604 1.03227 0.0453801 32.1187 0.00270166 438.77 0.0314809 0.847913 2.11887 14.2137 2.43692 1.98715 
0.00476748 0.00121127 0.000286842 0.139965 0.375133 0.0343728 0.000811819 6.27883e-05 0.000263637 0.125592 2.80645 15.009 5.2338e-05 0.000815138 3.34154 34.9178 1.77644 2.58361 
2.46482 3.30826 0.00273952 2.70808 0.000830466 0.338527 0.000456324 0.0167777 0.0345642 31.3472 0.00134192 0.974452 3.1316 0.123415 1.65243 15.9494 1.28234 9.83304 
0.00273726 0.000736602 0.387008 0.000653229 2.53806 0.0465005 3.04309e-05 2.0008 0.0851812 0.450992 6.48672e-05 2.71325 0.000774225 0.0936356 4.11067 38.9019 0.351022 9.8689 
0.0700341 0.0325873 0.172434 4.29063e-05 0.0177272 0.072461 0.0755469 0.000100726 0.0180903 0.12496 5.03473 0.107687 0.182846 1.18854e-05 3.73825 42.0859 0.509392 8.84827 
0.0251406 0.155532 0.00307305 0.0069552 0.000161116 1.68296 0.0250013 0.00321516 0.00545617 332.34 6.69591 0.728168 0.000588397 0.332777 7.41704 24.351 1.22815 4.69621 
0.00317116 0.0711889 0.0981063 1.1821e-05 0.00012036 0.0125345 0.000203167 0.000539442 4.47153e-05 0.484603 1.23769 239.092 0.750214 0.00445037 1.70994 23.1898 0.74588 9.76296 
4.14084e-05 6.66022 0.0226116 1.46783e-05 0.124122 23.7636 0.354604 0.00737734 0.0512394 192.617 0.000101886 288.217 0.0381679 0.0105359 0.311269 48.8894 1.07711 5.74116 
0.00449543 0.000879471 3.90324 0.0558235 2.50032 54.8588 0.000524064 0.00293048 2.54078e-05 1.22763 0.000272668 0.0487798 0.116632 0.0375388 0.981779 49.0467 0.337437 9.79749 
0.0158788 0.101084 7.31756e-05 6.87802e-05 0.000107102 2.01882 0.0319195 5.20501e-05 0.107907 9.64806 0.124154 10.3107 0.0225335 3.54834e-05 2.9139 48.3837 2.33377 2.36456 
0.0154318 6.93484 0.0141967 0.10547 3.79902e-05 0.0274758 0.156533 0.0276922 0.100241 3.5942 0.0858781 12.0481 6.12621e-05 0.247245 0.807977 16.6439 1.36732 6.91059 
3.39292 1.88143 0.782976 6.9966e-05 1.04713e-05 5.60039 0.565068 8.03188e-05 0.000862315 1.35572 0.00493313 0.479486 3.31195 0.000626257 1.74715 36.2727 2.05985 8.64299 
0.0371027 0.00075211 3.55403 0.000448178 1.55654 0.068938 7.6005e-05 0.124557 0.00213243 0.0361499 0.741328 8.35136 0.00125934 0.00117887 0.74952 36.6789 1.6775 2.9704 
0.83783 1.48822 1.26021e-05 0.00671951 0.113836 102.627 5.36392e-05 0.00332863 0.00168758 49.3668 0.0094801 69.0985 0.000198825 0.0264882 0.49441 38.6348 0.90454 3.30165 
9.35007 3.06152 0.000897509 0.216882 0.0511851 640.014 0.0206727 0.0775455 0.0560234 0.169607 0.0233485 5.59424 0.00181575 0.000181347 2.77618 28.0611 1.71527 7.06159 
1.5587e-05 7.04441e-05 2.50149 0.00259304 0.11416 2.79193 7.80697e-05 0.00183509 0.000130513 9.18837 0.000113172 0.0599712 1.9183 0.393261 1.41689 24.0912 2.30613 1.63198 
8.63186 2.12452 0.021161 0.0895046 0.153654 0.0142403 0.39609 2.50665 0.0255957 0.0884828 0.00423531 0.537558 6.19945e-05 0.526285 3.65231 30.2584 1.54264 7.92316 
0.00124493 2.3699 0.000368845 0.0367545 0.49207 27.8323 0.000322696 7.31825e-05 0.000226163 0.127644 0.000628408 0.0766973 0.000486212 0.267691 2.18725 23.178 1.02617 2.42544 
0.914053 5.6359e-05 0.609956 1.56798e-05 1.86015e-05 20.1729 4.25318 0.0131899 0.115783 95.1222 3.02873 111.35 0.0247768 0.4598 1.03244 20.0733 8.30727 3.94565 
0.0511971 1.45792 0.0318891 0.00010897 0.0513785 0.627686 0.433676 1.56205 0.000620607 0.304731 1.96994 1.54159 1.78926 0.0714421 1.19416 26.2963 5.53736 7.96829 
3.02734 0.0292162 6.15971e-05 1.00415e-05 0.0177533 0.0843595 0.0739718 0.00942758 0.00393881 10.3924 0.002109 140.993 0.00240551 0.0646295 1.84543 18.2338 0.758335 9.85872 
0.255652 0.00742985 1.43047 0.000550874 0.00252768 3.58345 0.000655926 0.0045131 8.77711e-05 16.3231 2.71868 1.513 0.000287558 0.0276121 0.197665 42.8679 1.15824 7.34472 
0.155531 8.4402e-05 0.0684903 0.00351204 0.000142911 0.0864691 0.497868 0.0172437 5.59448e-05 174.026 1.52091e-05 63.5738 0.149445 0.124392 0.528987 45.8202 1.91715 5.69861 
0.0040206 0.155221 0.0480119 8.08576 0.0200746 30.8131 0.22762 1.35399 0.000363476 1.62134 0.000296221 86.5301 0.000279387 0.411526 3.43663 16.8852 1.46582 3.86389 
0.000306916 0.0519534 2.08796 0.0029568 0.0217689 398.157 0.00238248 0.0025114 5.41324e-05 5.23006 7.09636e-05 4.3222 0.00100035 0.320837 9.89957 45.2743 0.596849 1.32439 
0.00314485 5.03068 0.00379224 0.00057333 0.247709 0.488051 0.00269857 0.00708575 0.00819176 0.0216379 0.00672725 80.9227 3.59107e-05 0.0717886 5.00378 43.4153 0.815277 8.48981 
0.00849419 0.000154227 0.596263 2.93403e-05 7.94533 0.0190315 0.00408843 7.94488e-05 0.130813 5.58791 0.00177198 0.0429854 0.000150021 0.063062 1.65822 38.8158 1.06353 4.07934 
0.000986108 0.000760659 0.000285421 3.70017 0.00551498 0.118522 1.63705e-05 5.20334 2.41408e-05 18.0887 0.00015014 0.0596246 4.63474 0.527236 7.06104 13.004 1.05972 9.20967 
0.156602 0.000250234 0.00290313 7.26599 1.3793 11.9492 0.0406716 5.0312e-05 0.00339852 142.379 0.0708398 5.62431 4.77766e-05 0.235659 0.927766 15.9773 2.00346 7.01008 
0.215721 6.44814 2.32014 0.0269564 0.0171534 0.0101874 0.0320922 0.630002 0.448856 24.0047 0.773184 44.5806 7.79325e-05 1.15658e-05 0.593515 43.6557 2.30798 0.404826 
0.00147707 2.91408 0.0010952 0.00220003 2.62755e-05 0.0370441 0.389644 4.6736 0.0845331 0.128054 0.00190601 372.137 0.00691204 0.0306047 0.601132 11.4155 6.52884 3.83136 
0.00912333 0.000166561 0.21907 0.0151888 5.86985 24.2069 0.00173874 0.728629 0.000139259 1.1434 2.05236 5.7818 1.38075 0.169929 1.49483 36.7261 3.55303 5.79945 
0.00270738 0.484136 0.000347515 0.468103 9.42335 2642.02 0.0415207 0.045545 0.177928 45.5293 0.000195633 83.2749 0.000351407 0.0265073 0.415329 38.256 1.75798 7.12076 
0.00659693 0.0062415 5.32177e-05 0.409315 3.10949e-05 0.498621 5.22093e-05 0.000113094 0.00815307 13.7258 0.00139705 149.495 0.00364499 0.426323 2.41378 35.493 1.87905 2.20164 
0.000810504 0.000184571 0.000924751 0.00626942 9.60504 0.669477 0.00759942 0.000537322 0.000622484 285.025 0.00518986 0.0712342 0.0184043 0.0398357 0.588219 27.2838 0.898926 7.38282 
0.0705802 0.110027 4.74352e-05 0.119986 0.0703004 0.0813325 1.92259 1.24522e-05 7.28267e-05 1.21092 0.0309767 12.9807 0.960952 0.351818 9.04104 32.7237 0.899058 6.33747 
6.0086 6.4754 1.53085e-05 0.968712 0.00318333 361.127 1.11757 1.74248e-05 0.626022 0.958703 0.163887 2.77298 0.0219267 0.000320324 5.48439 45.0775 2.5924 3.83393 
0.0271139 0.0153582 0.00161266 4.58476e-05 0.0301552 0.0444161 0.124012 0.437107 0.173439 2.39628 0.0381477 144.201 1.15897 0.384118 1.66459 4.50571 0.920344 2.98685 
1.86678e-05 0.00504896 0.0701529 0.016644 0.203748 154.937 0.0263306 0.000307104 0.682506 18.941 0.783499 5.11731 0.00026412 0.010525 3.28647 26.3146 0.894118 2.85577 
5.42465e-05 5.74567e-05 0.00819677 0.000706344 0.000701423 583.722 2.1654e-05 0.205561 1.48422e-05 464.418 0.0100486 43.4604 1.70767 0.900892 6.96364 17.224 1.3704 3.14969 
2.9512e-05 0.160556 2.89037 0.161264 7.07935e-05 0.23313 4.80902e-05 0.0650248 0.15032 0.669182 3.15864 16.4537 2.41729 0.0865882 3.35147 45.4079 3.84255 2.15864 
0.182831 0.0108295 3.48865 1.94794e-05 2.57569e-05 7.55026 2.29089e-05 0.0340304 0.0246145 0.711758 0.000112297 71.3989 0.70365 0.287316 1.69647 30.0221 1.80831 2.68754 
0.000532473 1.84956e-05 0.00374843 0.391214 8.07316 0.156733 0.000604152 4.80023 0.00869474 133.834 0.000117612 32.2146 3.60073e-05 0.133012 2.78712 26.1906 1.17259 6.77542 
0.727599 0.002511 0.0288056 0.000827181 5.98522e-05 1484.4 0.00545268 0.000641809 0.000788349 223.187 0.000600337 0.274726 0.0395803 0.258183 3.59624 32.4292 1.14627 1.6858 
3.475 0.00196984 0.00133687 0.0632174 0.0533882 329.497 0.714203 0.000656647 0.000117247 172.623 0.00292621 7.58034 0.000488783 0.118001 3.53933 27.8374 0.988298 4.68152 
1.62349e-05 0.00110849 0.000195175 0.000716639 0.00911395 263.977 2.47949 0.00244416 0.00121348 0.561858 1.40983 8.31305 2.77252 0.0175405 6.66455 21.4547 1.24852 3.03699 
0.429936 0.00236158 0.000109641 0.00420925 1.85182e-05 2821.76 0.000325695 0.631596 0.00416841 214.432 0.0731176 0.0730094 0.000430029 0.0479014 0.832197 28.6637 1.50128 4.63863 
0.0941349 0.00166127 0.00522577 0.00118299 0.00611641 12.5747 0.00110807 0.0310435 0.274957 5.96793 5.06358 112.504 0.282832 0.2612 2.98876 9.12629 9.99541 4.2134 
4.5217 0.502778 0.000107106 2.61238e-05 0.473955 322.41 0.00150677 1.31382e-05 0.000304313 0.340057 0.00340949 76.3407 0.000627598 0.283581 1.39845 24.5303 1.26322 1.614 
1.52196e-05 1.6341 2.50213e-05 0.203095 0.000192944 19.5104 2.70162e-05 0.0144789 0.00052906 0.0268897 0.228531 178.612 0.000149872 0.00998507 0.928474 26.3177 4.10277 2.53621 
1.02138 0.158224 0.00423285 0.906261 0.000250645 0.430035 0.000197412 0.0306324 0.000393343 0.484986 1.24082 411.632 0.00242809 0.0320361 2.89323 28.2636 2.21472 0.60259 
0.171329 3.45223e-05 9.33647 2.37794 0.122439 0.0256795 0.04401 0.000156106 0.00322106 0.267028 0.00099593 0.377968 5.45749 0.00525035 0.650937 31.8889 1.65746 5.91509 
0.000595091 1.7608e-05 0.000103302 4.31197 0.0300874 2.35318 1.5419 1.09967 0.000988738 0.519826 0.727586 0.386975 0.00191248 0.55794 8.36218 21.9385 0.813929 4.52444 
7.39061 1.10985 0.0111566 0.000826729 6.66616e-05 309.994 1.52423e-05 0.0154596 0.0313333 0.0174903 1.48133e-05 0.20874 0.0001568 0.135342 1.00886 32.8397 3.54887 7.7777 
0.000877912 0.0802502 1.69693e-05 0.0475691 0.0248929 3.16492 0.0276931 3.55368e-05 2.24097e-05 100.88 1.17641 0.0629599 0.000752038 0.479442 0.918178 21.8226 3.70181 6.8042 
0.14176 0.693743 5.02811e-05 0.000871218 1.03822 0.0753067 0.00702262 0.00592736 0.000243652 50.6786 0.000338802 0.6895 0.0436376 0.192531 9.92936 42.6799 0.635315 3.6851 
1.89314e-05 0.000507467 2.3297 4.24543 0.00141046 0.373384 0.0265212 3.35293e-05 0.000346818 0.119435 1.8403e-05 0.696737 9.02142 0.260134 0.665285 36.7181 6.66402 5.48064 
0.00225794 0.000910553 2.21382e-05 0.0668155 0.0192035 899.311 0.823147 0.117305 2.22218e-05 341.146 4.54905 327.927 0.1775 0.377511 6.59628 33.3302 0.961676 2.63437 
0.0829949 0.000166324 0.251004 0.00010335 1.06449e-05 0.0101972 1.80231 6.13822 0.0123657 0.199119 3.21408e-05 1.59063 5.5118 0.606042 3.52578 27.2912 2.09094 4.74181 
0.804922 0.00243627 0.00266099 0.000223106 2.97838e-05 1136.68 0.00266656 0.176826 0.00117479 0.0464655 0.456055 0.0712533 1.69544 0.494063 7.79106 10.9379 1.4583 8.32281 
0.00154253 3.85946e-05 0.000949848 0.121517 0.0290412 50.1718 0.00106559 1.53273 0.00186596 1.9574 3.17934 0.0109376 4.20519e-05 0.297892 3.75684 25.0359 0.840953 3.49694 
0.0349734 0.447366 4.68462 0.0413988 0.000346062 46.0816 0.148721 1.17803 0.0212154 0.179511 0.000306064 102.125 0.446347 0.00307541 1.54821 31.0045 0.639839 4.81271 
1.45856e-05 0.155094 0.744978 0.00281985 0.0442128 0.99361 0.0205909 0.0895038 0.000383767 1.74048 1.02298e-05 3.06719 7.5728e-05 0.101646 2.63393 18.2861 0.767534 7.94923 
0.546843 0.002137 9.84791e-05 9.49672 3.78682 941.717 0.00436123 3.45604 0.0169691 0.0549682 2.88659 7.16433 0.0134721 0.112564 1.42359 25.2595 0.713455 3.7588 
1.03736 0.000245206 0.000633328 0.110962 3.97627e-05 0.0163869 7.83887 0.266571 0.0554252 0.0186052 1.08073e-05 0.0453379 1.12521e-05 0.80036 9.59636 16.8163 1.0754 6.71144 
0.000119383 5.1533 0.0431822 0.187689 0.0358051 0.185906 0.0567943 3.75896 0.0510446 0.0915169 3.50804e-05 2.37963 0.132211 0.061022 0.650001 23.502 1.25907 4.50837 
0.00742075 1.02482e-05 0.298048 1.24684e-05 5.24335 0.388162 2.93555 0.00139248 0.00290399 50.8261 1.65907 5.04072 0.000589471 0.65479 3.69794 20.8228 1.9887 2.62936 
2.45577 3.698 1.73052e-05 0.000355192 0.468145 10.1133 0.00102465 0.0247732 0.0217213 0.157554 0.0419978 0.894794 4.60489 0.00041065 2.75527 15.4306 1.00862 6.44205 
7.10251e-05 0.000229692 0.166623 1.16058 8.75294e-05 6.72192 0.28607 0.582125 0.7623 2.74389 0.00837668 99.0695 0.411303 0.0285064 1.82017 42.3552 1.39079 7.28437 
0.74982 0.00796867 0.140679 0.702733 0.000198918 1.40442 0.0154311 3.10301 0.000644786 0.118643 0.41406 18.4124 0.000674634 0.0138487 0.357694 47.2678 1.4086 4.34651 
0.000461173 3.46154 1.17002 0.0788499 2.99776e-05 0.532183 0.0383121 3.08645 0.000371386 209.298 0.000427252 0.0801251 0.0305089 0.028321 0.111936 31.812 1.3947 8.70316 
0.0330935 0.305466 0.0764764 0.000202368 2.39625 0.227785 1.62377e-05 0.0642052 0.471575 0.0416197 0.0302851 294.722 0.396647 0.00523827 3.55564 8.5667 5.94738 9.78624 
2.23412 0.000589603 0.0130071 1.93203 0.00105562 2843.32 7.71682 0.017791 0.0292583 47.5824 1.12459 94.6224 0.890334 0.00130057 1.40207 12.7011 2.99622 7.04396 
3.42428e-05 0.15343 0.0386701 2.91629 0.00620468 0.0221194 0.000133102 0.00505995 0.108841 36.1536 0.0144944 85.2173 0.00236207 0.220076 0.56951 49.5983 3.49455 9.68 
0.133107 3.34631e-05 0.674592 0.0063949 0.00628012 274.719 0.00103841 2.81944 4.31194e-05 26.1766 0.00757649 16.7638 0.000479783 0.105363 0.661812 44.0462 0.775611 5.76472 
6.55775 0.000856328 0.0709996 0.000674393 1.15849 25.8388 0.0065758 9.14782e-05 0.541434 49.7386 0.0254247 0.451257 2.34726 0.000275103 0.229799 49.8268 0.441582 7.04148 
0.0059779 0.0329409 0.0120086 2.56546 0.0102826 0.0196909 0.00176308 0.699106 0.0531134 0.306153 1.49263 89.9218 0.0456836 0.00358339 2.12417 20.3567 1.45536 0.299464 
0.111888 8.72844 0.769352 2.94047e-05 8.32924e-05 0.966073 0.00028174 0.589718 0.0136763 0.113365 0.00197528 1.07596 0.00334984 0.143088 4.0616 36.2189 0.554599 7.04329 
0.00797042 0.000529447 0.00794664 0.262466 9.23154 0.045887 0.00218925 0.104247 0.0922434 16.0385 0.0843227 385.417 4.0946e-05 0.010745 1.6461 8.74988 2.38298 0.503407 
1.33705 7.29899 0.249213 3.5367e-05 1.1856e-05 0.0681455 0.213961 0.0734279 6.14138e-05 2.16057 0.112803 0.0662882 0.0789456 0.0814136 0.717439 24.0952 0.997576 6.15511 
0.102777 0.00148465 9.03241 0.000117987 0.000355065 185.659 0.112189 2.69212 0.463713 1.78657 0.22075 0.23044 7.79783e-05 0.0852192 2.48061 45.1184 0.42363 7.04605 
8.64463 0.00053971 0.0366438 0.00023257 0.103857 0.339491 4.0541 0.000236074 0.0867085 0.284951 0.217013 0.0886182 0.350948 0.634108 8.70786 44.4061 1.37434 2.8548 
1.14371 3.22292 0.182712 1.09279 5.79192 827.598 0.578996 2.80361 0.000259833 1.11681 0.17678 21.0185 7.39852 0.155242 3.29124 9.81901 1.08774 8.77082 
2.694 0.315734 1.18431e-05 1.4152 0.0314095 0.157073 6.62148 3.9408e-05 0.000148142 4.84196 4.58919e-05 16.6869 0.0236328 0.0364111 2.73081 43.254 0.611866 4.29479 
0.00372085 0.0103398 3.60898e-05 0.256721 0.00371102 2576.75 0.00328464 0.27812 0.0737377 0.38113 0.0318022 53.9909 4.52597e-05 1.07205e-05 4.34132 23.1309 0.846283 0.742254 
0.0023865 0.0122576 1.7476e-05 1.53115e-05 1.53823 0.0117698 7.30795e-05 0.00583584 0.0428873 62.1113 0.00280875 36.7687 1.50325e-05 0.237336 1.67971 29.4239 1.06767 5.00452 
0.00466732 0.0868459 3.19758 0.00603267 0.00019319 83.2276 0.125579 0.0135623 0.000390923 71.3941 0.000943159 0.243032 0.123684 0.0142977 0.783208 42.5038 0.459583 6.49171 
2.22883e-05 0.00767681 0.00114405 0.000435747 0.613524 3.60008 1.00032e-05 0.00384012 0.346311 1.02815 0.000225737 1.81182 0.0110069 0.342116 2.7121 35.4019 2.12377 1.89313 
0.477121 0.0361696 0.0426673 0.00027741 0.0159941 0.152818 9.30215 0.0928219 0.000109827 0.145863 0.0026512 0.0122049 0.00507365 0.0348218 0.962845 35.1211 0.466383 8.27002 
7.32996e-05 0.000116477 4.61786 0.00219228 0.150113 0.0711482 2.21642 1.31613e-05 0.223009 75.5861 0.00191828 2.20313 0.0521675 0.0481013 0.83225 47.1521 1.24064 1.69608 
0.0297363 0.000806922 6.02994 0.000114199 0.223629 0.0401875 2.12308e-05 0.012435 0.372945 59.6423 0.401391 183.911 1.81378 0.00490367 2.83663 25.5701 1.67083 1.81734 
0.126419 1.08611 0.00164238 0.108653 0.00953523 811.551 0.78444 0.00463528 3.24422e-05 2.29489 2.31069 39.3681 0.455097 0.000678412 3.11445 48.0873 0.445823 4.12126 
7.82548 0.000277802 0.000500352 0.0226987 0.000100734 0.0143721 2.08541e-05 6.74774 0.204608 3.15435 0.0486714 0.0934064 2.31411 0.0666816 3.57574 40.3827 2.12174 7.38314 
0.0137701 0.124481 0.00851634 6.37676e-05 0.880959 0.0381347 0.419408 0.00738439 2.00023e-05 84.9883 1.0409 71.9776 0.000471866 0.220203 2.6364 46.9307 1.03088 4.67759 
4.21741 0.768579 0.00382834 2.43061 7.92046e-05 0.992722 0.408652 0.0271957 0.00271715 57.8322 0.000699463 0.363827 0.000470844 0.02677 0.381394 40.7767 0.741997 9.74082 
0.027811 0.66268 0.329245 0.00107024 2.39442e-05 0.172776 0.02109 0.0135557 2.587e-05 169.637 0.000125983 1.00372 0.000686463 0.0627985 0.373852 25.4371 1.93372 9.4944 
0.00754196 2.66452e-05 0.000660263 0.00140156 1.37871 43.9097 0.00134261 9.77434 2.44168e-05 7.93853 0.0212736 0.0584693 3.95805 0.00290073 0.512087 46.1642 1.59273 5.88523 
0.000429353 0.874097 6.49624e-05 0.0712785 0.000979885 0.0719997 0.220596 0.000317937 3.18105e-05 109.955 0.117939 3.70846 0.893732 0.0192492 0.856577 45.3068 0.923091 2.59155 
2.8552 0.224895 0.000251722 0.00260256 0.00121596 0.822606 5.37226e-05 3.43 0.21062 0.0600339 0.466282 216.76 0.00609954 8.28645e-05 1.25035 4.97835 8.46136 9.49035 
0.000339011 0.000128645 0.0083033 0.279615 2.80675 0.0705021 0.345837 0.0138801 0.180354 88.1797 0.127575 19.2321 0.0235722 0.000192437 1.86874 26.9779 5.04287 6.73298 
0.00370024 0.0176097 3.61163e-05 0.0441149 0.00131842 0.126651 0.0197716 0.000358434 0.010138 135.867 0.287671 1.88489 0.425143 0.102843 0.427349 45.1402 2.99501 5.21045 
2.57548 0.265351 0.000149116 0.00459264 0.000158504 0.0574182 4.1708e-05 0.229545 0.0554569 0.528413 0.559709 279.761 2.93335 0.564821 2.42286 2.30992 3.85494 4.38788 
0.000137567 0.0539748 0.000223501 0.00908246 5.7536 0.30615 0.000108066 0.0132933 0.394147 21.3907 0.00163453 5.81042 0.0332103 0.0199882 0.475805 35.466 0.530152 5.94417 
3.00992e-05 0.152163 3.50876e-05 0.00141471 0.000518874 733.129 0.00898541 0.0425212 0.0132699 0.0196613 0.00243291 3.6763 4.74026 0.0520386 1.8159 22.6414 2.38325 5.59643 
0.158989 2.6413e-05 3.48587 2.15553e-05 0.00227315 632.847 2.33731e-05 0.656713 0.000858942 0.0181724 0.964969 0.20884 0.530779 0.000129104 6.61311 23.6014 0.970537 4.70606 
0.0428635 0.0284085 5.40632e-05 0.00500738 0.000141575 38.2887 0.000447244 0.00129166 0.822969 0.032088 0.155863 0.0300415 1.07517 0.000350638 2.76139 17.8713 0.766298 3.83263 
0.26033 0.0440444 1.56185e-05 1.13002 0.000845386 2702.29 6.31188e-05 0.774804 0.0482669 13.7408 1.72661 359.986 0.00265553 4.99329e-05 3.36335 3.08808 0.938265 6.03199 
9.74727 0.161888 3.56786 0.234835 0.0148171 3.72027 0.00836352 1.51366 0.0229882 13.8772 0.000127329 0.0478861 5.85153e-05 0.587301 3.3391 35.383 2.38268 3.08304 
0.00360564 0.359342 0.0125575 0.286161 0.954625 79.8699 0.00170595 0.997465 0.137411 8.0168 5.01189 390.044 0.000475068 4.26817e-05 5.67463 7.41436 1.16333 0.54429 
0.002394 0.00117958 0.30144 6.3062 7.77496 0.0709661 0.0294301 0.0167951 0.770339 17.4613 2.21513e-05 0.0227321 4.39683 0.28586 2.78071 27.1774 1.20051 2.13079 
0.0013095 4.65603e-05 3.67557 0.000887165 0.00174406 10.3772 5.0048e-05 8.09139 0.0243981 235.314 0.00238429 94.374 0.259833 0.169702 2.46628 39.8774 1.83006 5.39016 
0.226872 5.79767 0.0383179 0.00987918 0.00239835 8.39974 0.855016 0.434704 0.373265 0.0612851 0.00189039 60.341 0.000166648 0.00259758 2.61173 29.9188 4.20897 1.71936 
0.456447 0.962677 1.60592e-05 0.048381 0.0026855 6.57696 2.01557e-05 0.179938 0.00793262 0.308873 1.85817 0.035956 0.842243 0.00721362 2.46164 29.7621 1.26517 9.12241 
0.00023697 0.463129 0.00488864 0.00172244 0.000885005 8.69643 0.0108365 0.0198882 0.127683 0.0106767 1.22641 0.0580338 1.64096e-05 0.0874581 2.62249 33.0624 0.648173 7.34525 
6.1363e-05 6.58118e-05 0.302737 1.3122e-05 8.207e-05 9.55171 0.214702 0.144653 0.228342 4.37583 0.0912162 162.62 1.76833 0.387875 1.58109 42.3935 3.00679 5.7997 
0.000619313 0.0216697 0.0396238 0.0310025 3.06958 105.854 4.61141e-05 0.300588 0.044937 6.71497 0.401904 249.569 9.66999e-05 0.121082 4.35682 14.8336 0.974345 0.973514 
0.00130423 9.49016 0.0551506 0.00389015 0.00371011 0.808955 0.0242993 2.83428 0.0213605 8.41651 0.169017 178.082 0.000359265 0.0245371 1.81368 24.8473 2.09507 3.70039 
2.6343 0.00181598 0.321692 0.142586 0.108392 45.8736 1.07347 0.0141852 0.0558294 3.56251 0.17583 31.536 0.000186053 0.00198783 4.7018 35.3132 1.23282 1.559 
0.00302432 2.13831 8.48667 0.0328819 0.00418605 87.6881 0.0550647 0.613462 0.776803 4.80008 4.11013e-05 181.81 0.239242 0.0540753 0.161617 41.9895 2.06382 9.15255 
0.0864789 1.37498e-05 0.00300227 0.109282 0.00498838 1.37179 0.00410118 0.00449331 0.000103085 0.0252328 6.10758 0.0247145 0.211953 8.08496e-05 8.53075 39.8465 0.717002 3.58118 
0.000195474 0.0268362 6.42813e-05 2.05494e-05 0.000142829 1.38188 1.02842 7.80529 0.0151637 13.1124 0.0012358 0.0988072 0.000885005 0.056009 0.886273 44.589 1.47923 2.6529 
0.295726 0.000705014 0.49674 0.211933 0.000258472 0.336694 0.000758086 0.0521424 0.518236 349.876 3.88639e-05 32.6222 0.000331321 0.0419614 1.40111 49.2713 1.89262 6.03609 
2.62872e-05 0.0176589 0.000131931 0.280919 0.0126649 660.105 0.000305591 0.000525173 1.73501e-05 426.657 0.0104284 0.0591957 4.66667 0.141154 4.14046 29.9831 1.00378 6.12654 
0.000535211 0.000160341 0.0256486 0.886922 4.43382e-05 0.117997 0.000623225 0.366486 0.000521605 0.658088 8.24195 342.918 0.0295608 0.0110237 0.551065 4.06566 2.47061 5.16731 
0.350669 1.37045 0.456661 0.28352 0.00233023 0.424961 0.000111946 0.384419 0.000924656 18.149 0.00444814 0.0345984 0.00801278 0.421951 2.41824 34.5588 2.09927 3.25896 
0.820218 0.00092514 8.25189 0.00954728 2.81745e-05 11.7419 3.29335 0.000674076 0.166681 19.2619 7.37329 3.41803 0.00607094 0.686434 3.54215 21.9217 3.43428 8.40667 
1.88151 0.181477 8.13834e-05 7.32061 7.30172 72.8051 0.248758 3.74409e-05 0.00221913 201.467 7.04733 5.65052 0.00399988 0.0710411 0.62186 36.8953 0.582732 6.44832 
0.000133639 0.000324395 0.0175379 1.33787 0.00195317 46.4259 6.76048e-05 0.0809235 0.0687986 0.0258162 0.00146691 38.1321 2.74179 0.0443981 0.923145 45.1555 1.32239 4.47295 
0.000134315 6.94664e-05 6.97437e-05 0.0753023 0.000158773 851.603 0.00120949 0.392219 0.000227824 0.117987 0.0169105 4.58459 2.11786e-05 0.673341 6.92294 28.9444 1.16075 2.53708 
1.72536 0.00126339 7.76275e-05 0.016379 4.5603e-05 34.7248 0.00202232 0.00128054 0.100471 0.124612 0.000788304 112.084 0.0159329 0.249489 3.01496 27.3713 1.67423 6.12391 
9.92048e-05 1.97023e-05 0.000266796 4.86307e-05 1.66439 0.946793 0.186146 0.13015 3.59033e-05 4.69577 0.00129867 0.3364 0.152398 0.103496 2.93942 39.3942 1.9196 7.24647 
0.0245521 3.55305 0.00109535 0.00856818 0.0209643 0.0117949 0.00100091 2.5334 0.931144 1.86033 0.109302 83.4041 0.314301 0.0116453 0.481797 10.266 4.45063 4.64911 
0.00784005 0.0185776 3.97521e-05 0.000730388 0.418131 0.0176912 0.39342 0.137297 0.022344 0.53641 3.61842 154.748 0.00160568 0.0153914 1.08464 36.1318 3.91604 7.732 
0.0120499 3.09232 0.0922212 9.27213e-05 0.0145085 1921.33 0.000188727 0.214259 0.790678 6.50359 0.056373 1.45449 0.00448289 3.06513e-05 0.462902 39.3123 0.919129 8.90216 
0.0215129 0.418393 1.42409e-05 0.000110784 0.0266557 0.132331 0.491972 0.00138664 0.0113251 0.734582 0.162079 0.0321939 0.0012981 0.326273 7.68255 38.222 0.997971 3.12413 
0.000220769 3.44524 1.49635 4.05039e-05 2.34899e-05 0.435031 1.24244e-05 0.0146549 0.539587 8.27865 1.15336e-05 7.88763 0.00268199 0.44003 2.43396 41.6769 2.3709 4.59809 
0.1712 8.68 0.0986163 0.0271883 0.00413154 0.0490697 0.0250293 0.178065 0.10517 8.63568 0.19123 183.278 0.00022158 0.577438 3.60987 49.3764 2.63187 8.23292 
0.00274362 1.89659e-05 6.50112 2.59179e-05 0.00191734 1146.15 0.00840382 0.179261 0.00560262 0.578215 0.14771 227.185 0.000387675 0.000214389 0.519278 26.8931 1.72968 6.73726 
4.74771e-05 0.00218624 0.000228526 0.001593 0.0397873 0.0581884 0.0500772 0.0423148 0.0352448 0.043862 0.0155835 0.0262781 0.129899 0.228136 0.77639 48.4026 4.83909 9.43953 
0.102795 4.5512e-05 0.0645138 1.24607 0.0145936 0.0765543 1.9728e-05 0.032362 0.000191964 0.687348 0.0177739 3.6003 0.000479591 0.317237 6.54631 25.6114 0.783344 6.15741 
1.20587e-05 0.0811178 7.92225e-05 0.000232742 0.0015126 3.47187 0.000433271 9.74955 0.000673004 48.282 0.207341 5.59053 0.000574724 0.29223 4.94687 16.8467 0.939509 9.35963 
1.5485e-05 0.643625 0.168957 0.000480989 0.0426837 40.7397 0.0128581 0.00222548 0.430821 5.23477 0.000703914 110.383 0.450456 0.140511 0.818958 47.784 4.34829 5.16267 
2.18251e-05 0.0166404 0.0056813 0.655684 1.14324e-05 1824.76 0.0228034 0.00111634 6.31106e-05 0.709123 0.0251388 0.546546 0.00418008 0.86258 2.94477 38.675 3.80078 2.70131 
0.00282603 1.7662e-05 0.00817622 0.0325184 5.67386 0.0506511 0.105013 0.000331442 0.00845176 41.6457 5.70964 31.608 0.000291454 1.36244e-05 3.00343 10.7827 2.75935 9.6184 
3.75577e-05 0.0286416 0.00235244 0.000177861 0.0792237 1323.79 0.00204036 0.00358617 0.00305335 0.0826403 0.142292 40.2474 1.14484 0.0159572 3.35604 18.2483 1.86932 9.05884 
0.00156194 0.00388393 3.02802 0.115867 5.35421 135.899 8.35473e-05 0.00254595 1.02807e-05 0.128532 1.60247 174.222 0.545439 0.0521525 1.18522 21.8619 2.41079 5.27479 
0.000740543 1.32217 0.000750975 0.0047288 0.00269839 2049.2 0.0337371 0.100319 0.00127222 0.489993 0.125038 0.0130379 0.0173598 0.845351 3.18097 30.7073 4.52102 6.92156 
1.07207e-05 1.35848 0.421632 7.52715 0.889129 377.374 0.0041169 0.000657299 0.0918736 2.04444 0.120127 0.0916691 0.00125226 0.0318098 0.514817 46.2298 0.691679 5.626 
1.85291e-05 0.0665923 0.00271505 4.10236e-05 1.79302 13.6861 0.00693841 0.000128629 0.0284678 9.51931 3.0313e-05 98.842 8.22173 0.199167 2.0606 46.9816 1.78367 6.91585 
1.83507e-05 0.0122592 0.0302378 0.000274019 0.00119557 5.31903 0.00126801 0.874826 0.00104296 0.0170632 0.00604297 2.92684 0.066008 0.266881 2.32403 24.1674 1.98818 6.96715 
6.97819e-05 1.84672 1.05256 2.37393e-05 1.57356e-05 88.5065 0.00286291 5.68094 0.00395502 0.509163 4.66686 237.753 5.04073e-05 3.16385e-05 4.98946 23.3691 0.623357 1.26902 
0.0299614 5.49421e-05 0.0257897 2.86903e-05 0.000838891 709.673 0.400614 5.45504e-05 0.000146195 5.32992 0.0139048 1.43983 0.0924415 0.326929 4.34911 21.5713 1.4124 9.74711 
0.493003 0.882613 0.00662739 2.24144e-05 3.00308 3.75608 0.601112 0.0459387 0.00314731 107.568 0.999945 294.796 0.111815 0.469981 9.48138 39.1054 0.896648 4.98646 
1.64994e-05 0.00122788 0.00848839 0.0397765 0.0921295 1.10073 0.242407 2.74593 0.0258269 368.377 0.00353599 6.20986 0.00010877 0.167101 1.73326 42.0109 0.892223 4.10594 
0.000212945 1.88855 3.1219 5.98534e-05 0.000156986 9.54653 9.14684 0.00655019 0.00445963 266.045 0.892472 0.343437 0.125004 0.103714 1.82987 32.4206 0.626725 6.4945 
0.000124914 0.0223445 1.50305 0.0509403 4.32033e-05 0.540378 0.467108 0.281131 0.122276 0.293224 4.51295 430.565 0.0175262 0.00184776 2.46854 20.9036 1.3051 0.315024 
5.32745e-05 0.000731496 0.0004162 0.00501317 0.0072745 85.7748 0.468009 3.14112 5.74941e-05 0.100374 0.381136 206.949 1.24801e-05 0.407514 6.92 30.8285 1.29269 7.88151 
3.01875 3.97255e-05 0.00333983 8.53287e-05 0.0133169 20.5754 0.000113595 0.0144745 0.189293 2.52748 0.013778 150.935 0.0002523 0.0750195 1.95163 10.8051 0.937967 4.20594 
2.07887 7.38056e-05 0.127718 0.000294366 9.33015 3.88022 0.0668053 0.0953599 0.352699 7.40477 0.00705629 218.286 9.78314e-05 0.284458 1.38131 47.8707 9.14162 2.70968 
0.0133412 1.29118e-05 0.0732231 0.000741676 0.000592553 0.0129488 0.000200796 4.55941e-05 0.0149697 0.288399 0.00022776 0.0261003 0.00107298 0.116034 0.510941 48.6551 3.80892 7.60477 
0.0388204 0.0335362 0.00033377 0.018179 1.64337e-05 4.83409 8.63348e-05 2.8469 0.011229 0.133486 2.44043 70.1017 0.635281 1.30605e-05 2.12402 22.2854 6.40005 8.23521 
0.00406939 0.799746 0.00254181 0.139789 0.601279 0.0354282 0.000386031 0.0194728 0.323517 0.171108 0.0278074 97.0117 0.151818 0.00731868 1.3311 42.1023 5.46502 9.27131 
1.1649e-05 0.0130194 0.211084 0.00111322 0.000104502 0.944989 2.50376e-05 0.000136271 0.0766926 2.06306 3.22313e-05 3.68264 8.38684 0.0376598 0.832505 43.819 1.67328 6.1496 
0.542986 0.0325856 5.02912e-05 0.0162987 0.00202282 0.0243014 0.00167794 0.0568515 0.0125333 7.02698 6.78058 0.0227852 1.14748 0.0282305 1.40731 27.4315 1.31138 9.09565 
5.41188e-05 0.000112809 5.72584 0.000290614 0.000850302 1.14882 5.22857 0.0371994 0.086717 0.0630718 0.00226356 92.5346 0.458085 8.58508e-05 3.14851 11.3965 0.608008 3.3453 
0.0455633 0.00409384 5.96023 0.767648 0.000881407 558.608 0.902678 3.01589e-05 0.00324577 0.0124131 2.69436 0.652521 0.0018828 0.426456 2.89396 47.0981 0.762602 6.99286 
0.0360413 0.0102206 0.359263 0.00685413 4.94342e-05 0.23601 0.0666839 0.0116276 0.00468765 330.357 0.000434854 3.03878 0.00280009 0.297665 1.4098 37.4372 2.29188 4.51125 
0.00030869 0.000183302 3.36684 1.27556e-05 2.33582e-05 0.0176277 0.0127834 0.656547 0.0554417 1.14627 1.53212e-05 7.43966 1.8556e-05 0.237085 2.93072 28.1693 0.875549 7.07751 
1.05293e-05 0.0215614 0.023778 6.70079 1.85183e-05 0.0144473 1.54323e-05 0.000733949 0.00949241 3.70401 0.003708 116.476 0.00888806 0.17832 3.31731 33.8582 1.18973 3.2186 
2.05595 0.00120266 1.47351e-05 0.000241919 0.000954065 16.7365 0.000422061 0.37343 0.543638 0.811873 0.00639457 114.323 1.0487e-05 0.00333008 1.31648 3.45444 0.973341 4.42242 
0.000980449 2.49689 0.00876655 8.87299 0.00182718 1.70064 0.000221325 1.90296 0.563811 0.207906 2.15594 0.0597486 0.637191 0.0157102 5.13504 24.7063 1.31868 9.80023 
0.212627 1.23008e-05 0.00961382 0.000503978 0.00382423 0.114763 4.69989e-05 0.649249 0.0806799 0.015429 0.000762576 0.079272 0.146954 0.149561 2.28362 21.2961 1.15703 8.82359 
0.000680571 0.0590023 1.02202e-05 1.8997e-05 1.43414e-05 274.188 3.00304e-05 0.199523 0.0993754 0.651347 0.0464067 0.0617331 9.47834 0.0306352 0.788508 29.1602 1.67029 9.06035 
0.454061 0.0836681 0.00413274 1.34579 0.001617 9.96396 0.00019234 2.80887 0.248202 0.0646396 2.14987 10.9587 0.0932916 5.02477e-05 3.61782 20.9313 1.03424 7.14786 
0.00521401 0.000727647 8.28024 0.000565647 0.00156531 1.03491 3.81915e-05 0.00476444 0.000362896 11.1659 0.140814 184.939 0.54119 0.195127 1.11574 22.4153 1.85267 5.16324 
1.04917 0.031983 0.835219 0.000739874 1.02564 0.0641122 0.0284895 1.69521e-05 0.108152 1.73035 2.6731 54.7359 0.419053 0.000392912 2.39178 42.734 0.59567 8.72336 
0.593044 0.0213057 0.00214699 2.10222 0.000113636 524.135 0.681024 0.0198894 0.00205469 3.75058 8.44878 96.3488 0.21218 0.0024312 1.58876 31.8442 6.17783 2.17385 
3.20007e-05 0.0970446 0.000448752 3.51026 0.0405776 0.127627 0.00122744 0.000111778 0.000146357 0.664088 0.00206122 0.0193388 0.011495 0.087663 1.29599 39.9967 1.84035 6.93454 
0.304571 0.000328289 0.000186681 0.000229607 6.39024e-05 12.9388 3.0828e-05 2.26523 0.0306215 0.0567836 0.698871 11.8566 0.0303235 0.000214831 3.02052 38.9394 0.802497 6.8539 
0.842197 3.17393e-05 0.000236207 0.0156997 0.478465 0.970758 0.00177812 7.70436 0.000169162 25.7809 2.38332 6.19704 2.1958 0.0119757 1.27538 20.4021 1.60315 7.91131 
3.33433 1.44042 2.56529e-05 0.000483464 3.94553 0.209392 1.61422e-05 3.7456 0.401445 0.0662267 0.00543438 89.3904 0.161533 0.000792609 6.30643 16.5537 1.87593 3.11676 
0.000676335 0.000451124 3.25062 1.33718e-05 0.0160479 0.346568 3.73476e-05 6.27349 0.704547 5.94935 6.33037 227.315 0.298716 0.0631592 5.51452 5.9654 1.13153 1.23669 
0.137096 0.0572566 1.27032e-05 8.24782e-05 0.00897765 1721.68 0.0734708 0.0667009 1.69342e-05 7.9491 0.463653 1.72025 0.0182466 0.0861632 3.12383 47.8027 0.657805 4.32289 
0.000294766 1.57618 0.000831924 0.00184819 0.00241737 49.4665 0.000170671 1.10164 0.399687 22.3391 0.507679 77.285 0.000478355 0.00285779 4.56068 13.5467 0.569801 3.43739 
0.176432 2.34641 4.90734e-05 0.000355971 0.000356633 1.22758 0.0483486 0.188673 0.0731701 0.300355 6.88868 2.60164 5.34946e-05 0.000307945 2.98764 37.1294 0.723035 9.49339 
1.6666e-05 0.0017492 0.00237626 0.0137702 0.000251 8.5429 0.0589536 0.136926 0.0445301 1.13023 1.67169 113.034 0.00154693 0.00248915 2.66436 46.6083 8.40577 1.37514 
1.09978 0.119674 0.00609784 0.557069 7.90392e-05 0.408341 0.00236593 0.0149159 0.00164715 1.57076 4.53117e-05 0.0547747 1.07094e-05 0.146866 0.804478 49.7448 2.53137 9.93105 
3.40198 0.0267953 0.26556 1.41341 0.00669131 2.12555 0.0986505 0.471739 0.212651 0.0368917 0.00390686 340.092 2.24913e-05 0.0216542 1.86717 48.6934 1.41388 0.769479 
0.0317116 9.11141e-05 0.000342206 0.0313451 3.57046e-05 9.65156 0.323503 1.37854e-05 8.45822e-05 0.0164752 3.62218e-05 0.0177496 0.525557 0.141788 4.81088 32.8612 0.881553 7.14662 
1.32439 0.0220134 3.73414 0.532152 0.00465328 117.689 3.62875e-05 0.00132501 0.00158784 0.101947 0.00144096 0.277615 0.000106482 0.0361717 1.16202 44.7431 0.917324 4.4942 
0.000347026 0.000594246 0.000614608 0.00559357 8.9475 0.0852231 0.427848 1.00921 3.7115e-05 0.0508356 0.217557 0.0691381 0.407358 0.00452291 0.812321 25.9703 1.70148 6.1228 
5.29565 0.067519 7.73614e-05 7.6025e-05 0.00532451 834.177 0.368033 8.85336 0.750661 0.0780535 0.867156 14.3552 0.00141181 0.000490696 3.65645 33.3623 2.70587 6.45635 
0.0154807 1.15208 1.08941 0.0226976 0.545732 0.769289 0.017803 9.99591 0.173664 228.031 2.78953 294.881 0.00454978 0.00911526 1.11477 27.4856 3.50411 3.58521 
0.0106643 0.00333977 0.469704 0.0294971 0.464552 3.80627 0.000256605 3.53406 0.0135005 0.26472 2.91997 0.394648 0.0267201 0.0715078 1.08971 35.5291 0.853053 4.11857 
0.000747065 0.056879 1.26232 1.86168e-05 0.00882085 0.878485 9.77654e-05 0.00141976 0.00881511 0.0259162 0.0208566 386.495 0.0200525 0.000170312 8.51131 10.8009 2.83306 3.6707 
4.85619 4.3685 0.00743744 0.00823847 0.123278 122.122 0.000120042 1.47307e-05 0.00018989 0.0780933 0.00409699 13.9678 0.227584 0.180062 0.809532 40.3524 3.64254 9.77879 
0.00984991 0.000821789 0.270915 0.000471791 0.11609 0.725727 3.80155e-05 2.21838 0.045032 0.328273 0.000788909 148.481 0.00197203 0.00235768 1.96439 49.4213 3.13721 6.01936 
2.661 0.00536978 0.0937725 7.36593 5.54569e-05 0.275016 0.00104044 4.25212 0.00197355 6.84036 0.0318487 0.268436 5.89189 0.000594912 0.406605 35.742 1.2714 5.40643 
0.148401 0.000866068 0.0229721 1.71875 1.44931 1.06381 0.00269531 0.00479792 0.000867151 1.71302 0.235085 0.779649 1.66064 0.0108386 1.47621 32.3893 2.01476 7.38838 
0.000153359 0.0878172 0.730925 0.000123173 9.1446e-05 95.5502 5.89744e-05 0.276493 0.0257125 0.0213823 6.03676 486.051 0.126516 0.317787 3.03577 3.79399 4.95032 3.68618 
0.00422095 0.0170642 2.81795e-05 0.43188 0.435586 11.566 0.00133717 0.383572 0.00850028 5.14567 8.50606 2.15004 0.0777457 0.124722 2.72438 35.7713 0.900212 7.67311 
0.0022195 2.64791 1.06374e-05 0.000247443 8.2866e-05 165.689 0.124393 0.000220463 0.00323516 38.8705 3.7027 0.912674 2.58763 0.0119772 4.4299 42.1151 1.06011 8.45878 
1.68968e-05 3.45919 5.95411 0.000356596 0.00194298 0.109984 5.32145e-05 1.90716 0.202446 0.0324048 0.257987 355.167 0.019187 0.00157445 1.53794 19.8754 1.17545 7.21002 
0.000192503 4.52624e-05 0.0109286 0.00546031 1.44398 66.4577 0.0350516 0.150541 0.0115689 0.497778 0.10224 0.075711 3.63917 7.23898e-05 1.73158 20.1477 2.72071 7.74276 
0.0632234 0.566161 4.35274 0.0860974 0.461849 212.39 0.000310159 0.000152406 0.318041 6.11636 0.935517 0.0169888 0.568663 0.0664731 0.402078 47.2457 2.50346 8.44626 
0.00018954 1.00813e-05 0.0296626 1.83436 0.000759415 0.0561713 0.11007 5.77043 0.221567 302.548 4.85167 2.61822 1.5305 0.0212359 0.87558 47.5227 0.793602 7.20664 
0.00118744 0.004926 0.0248781 1.92972e-05 0.074231 104.846 1.21859 1.32057 0.235698 0.784231 0.0028476 306.13 0.00145111 0.00336698 3.55366 39.093 7.8705 3.71414 
0.00259244 0.016661 1.42128e-05 0.00849586 0.0529924 1.18768 0.000637752 2.24674 0.00825141 98.8856 4.68765 10.3113 6.20523 2.51474e-05 5.89596 47.8106 1.38881 8.74487 
0.828551 7.0781e-05 0.318765 0.00490414 0.00161366 2585.9 2.31534 7.29429 2.84833e-05 13.9172 0.00434426 13.4259 0.000708448 0.0357352 0.392702 41.0326 1.12879 7.78333 
0.00153999 0.0010651 0.480077 0.0134948 0.00305179 53.7766 2.52312 0.100541 0.012834 0.0835892 9.50352 6.42935 0.00938216 0.114166 1.97556 46.3156 1.49021 9.29436 
9.74109 8.06585e-05 0.000379312 0.0063742 0.000101061 50.122 0.322873 0.163762 0.00241219 0.0124609 0.3809 130.553 1.05369e-05 9.94353e-05 0.951577 40.1882 7.86203 6.26743 
0.0151404 0.94007 0.0161388 2.70172e-05 0.0218489 70.9999 9.75409e-05 0.254826 0.0262573 0.0114423 5.07958 0.0771211 0.0199762 0.370627 1.30123 34.3463 1.82653 9.14543 
0.007624 0.586709 0.000152438 0.00318204 0.0733539 5.43976 2.87629e-05 0.856318 0.658924 2.75606 0.293999 163.175 0.0665627 0.114317 4.72714 9.27565 1.22775 2.45133 
2.5972e-05 0.852163 0.00218673 0.000417351 5.25728e-05 4.32498 0.0420231 0.114918 0.673559 1.85982 0.000859187 4.88126 7.85217 0.141441 5.31665 48.2494 1.23263 9.2679 
1.36813e-05 1.21247 0.000545849 0.00279793 9.23462 47.4092 0.481382 2.80262 0.0739008 0.0697395 0.0100561 146.761 0.0380495 1.97418e-05 4.62991 12.088 2.36009 7.92391 
0.00171496 0.0824085 0.00422681 1.39704e-05 0.0532136 0.171457 0.069003 3.27358 0.488112 2.9923 8.27567 477.386 0.000111206 0.0689272 6.42793 32.3642 5.83244 1.9092 
0.00108135 0.000270176 1.77658e-05 0.000115811 2.73742e-05 292.195 0.509658 0.146032 0.035009 1.63384 2.56427 284.333 1.76139e-05 0.247503 1.27636 3.0051 3.38326 5.71038 
0.000849155 0.0020826 0.00494582 0.046364 1.41433 0.126058 0.246533 0.00113728 1.44041e-05 1.41166 0.00917413 0.249471 3.57901 0.00012624 1.90898 47.5366 1.22915 3.48785 
0.0243168 0.333889 9.44389 3.03763e-05 0.00275993 1425.07 0.0197025 0.537342 0.620138 1.51366 0.00524504 200.854 0.00743006 0.0276037 1.74727 37.7586 1.13296 1.20795 
9.74226 0.429145 4.04856 0.00657723 2.08287 1.84413 0.00333 0.760578 0.0678215 0.0125522 0.278171 205.598 0.0002052 0.000475712 0.973698 22.2825 3.66967 2.58764 
0.126246 2.8227e-05 0.000636687 0.0156209 1.40617 781.199 0.871602 0.145917 0.285482 6.52824 0.0331056 322.363 0.012444 3.9163e-05 0.691024 16.4911 5.76794 1.72235 
0.0125927 7.54916 0.00137217 0.000104562 6.56718e-05 141.864 0.00263458 1.59537 0.0433984 87.3809 2.32527 92.7319 0.0139982 1.2623e-05 1.0508 13.2624 3.66183 9.33259 
