3.74028e-05 0.00126409 0.0202089 0.136974 2.37338e-05 0.116662 3.61856e-05 0.24154 0.00106351 0.0194177 4.75342e-05 0.844732 0.000112244 0.719991 0.248559 2.4014 1.18859 0.189247 
0.000273947 0.047699 1.50145 5.89519 0.414054 0.0479816 0.0729956 4.65014 0.000213727 151.777 0.591442 2.08349 0.707405 0.130248 2.08518e-05 0.847749 0.101321 3.84054 
2.85225e-05 2.81596e-05 0.968775 0.0289244 1.02268e-05 1.19507 2.06908 0.000335408 0.000282824 2.13528 0.00050919 4.77256 0.00350813 0.0231479 0.00311899 1.07354 0.000361133 5.54884 
0.274212 0.0225748 0.370533 1.98279 0.0193209 2509.26 0.00145309 0.0216622 0.00138055 0.0179406 0.0012923 304.757 2.84736e-05 0.000183431 0.000181617 37.3927 0.210622 0.26655 
0.000121584 2.64995e-05 9.25311 0.0532144 0.033262 3.23574 0.00055381 1.25041e-05 0.00551471 37.2922 1.22106e-05 0.83021 0.00241038 0.0081941 3.83713e-05 3.84121 5.03554e-05 1.68572 
0.0207725 4.88446e-05 0.00251315 1.87553e-05 0.666745 29.984 3.59189 0.0220267 0.684666 0.0619124 2.104 1.08347 4.07337e-05 0.10536 0.105773 2.86654 1.01362 0.465938 
3.07614 1.79732 0.106486 1.95568 1.22182 122.287 0.929113 0.0107706 0.00240991 0.275286 0.589925 0.0655138 2.537 0.119148 4.89371e-05 0.126099 0.786607 4.93317 
0.227975 0.000551904 1.34813e-05 1.04751 0.000252934 0.344505 0.555863 0.0583581 0.000177129 19.9358 6.88988e-05 112.968 0.105281 0.00352892 0.000509275 2.89186 0.000574523 6.78088 
0.163855 0.0179215 2.04674 0.14761 0.00100231 14.1686 0.188943 0.000192498 0.000226211 24.8996 0.0156862 176.593 1.12761 0.473256 0.0029945 0.687245 0.320083 1.91371 
0.226151 0.00286125 0.000340544 9.06045e-05 0.000958558 8.96044 8.97326e-05 2.96942e-05 0.221995 37.2958 0.478112 0.113224 0.0027062 0.0174377 0.00414886 1.37551 0.0030847 9.11738 
1.51938e-05 0.18158 0.00228934 0.0190232 0.000405572 0.395455 0.00155054 8.09951 0.148891 62.4966 0.000981103 0.114726 0.000108635 0.000182285 0.00131269 47.8269 0.00426078 0.285725 
0.00101171 0.982556 1.53053 1.34516 0.24548 654.332 0.013408 0.0611947 0.000900491 0.181254 0.127646 0.947764 0.00175228 0.00729396 0.000108936 4.93796 0.000235412 7.53304 
0.401707 0.00122942 0.00813188 1.06968 0.0170905 0.223859 0.00241759 0.0159067 0.00429268 6.52677 8.14332e-05 0.918015 0.0169542 0.0717195 0.0338494 6.97509 3.77263 4.27494 
2.17968 0.00028135 0.572657 0.00604258 1.56604 1.60683 0.00043111 0.0151076 3.79003e-05 0.108214 0.493539 2.09779 0.00725675 0.553909 4.47494 0.681875 0.000264464 2.09977 
1.54792e-05 0.00190507 5.12495 0.00576484 0.0890552 0.168726 3.36388 0.231395 0.0729991 203.259 0.0511212 0.0151381 1.65473 0.00102649 0.0311361 11.3428 2.05838e-05 0.381324 
0.0172331 0.0107604 3.1955 0.00215228 0.00198662 64.9393 0.0700801 0.000247954 0.20815 235.915 0.0126813 0.149566 2.0179 8.48283e-05 0.0718846 17.9728 0.000323439 0.411237 
0.00886304 0.690687 0.000206901 4.68003e-05 0.00187817 0.0325791 0.0135536 7.04142 0.000985655 82.1676 0.000250237 0.0146603 0.00491845 0.00310391 1.40742e-05 14.9502 0.0611321 0.584057 
0.0271569 2.04079 0.00013966 0.000130888 2.71934e-05 2038.27 5.84419e-05 0.00661601 0.0221525 0.0901602 0.000299319 91.3036 0.0341657 0.00171681 5.13691 3.57647 0.00370996 4.78585 
0.0170794 8.74326 0.00515331 0.0600965 0.00167688 0.824845 0.000873812 0.00250268 0.000393452 0.0262401 4.37752 25.903 0.644097 0.000842107 1.61484 19.6274 0.14155 0.0234627 
0.00163588 1.09581e-05 0.00361928 0.000218604 0.474999 0.0804186 0.0352821 0.0767505 0.00291855 0.0215392 0.00061654 0.023841 0.0119528 0.121975 3.18222e-05 1.09256 0.105828 3.96465 
0.0136051 0.00961569 9.68263 0.000243456 0.000358044 1250.54 1.40748e-05 0.430843 0.00129778 1.4755 2.44964e-05 0.0304381 0.115096 0.16161 8.93423 33.8024 0.0176718 1.20661 
0.0165505 1.22987e-05 0.0157421 0.00107097 0.101997 1.1481 1.5889 4.97615e-05 0.00107182 0.0295276 2.96052 196.405 2.97204 0.234127 6.82092e-05 0.444894 0.773277 0.32473 
0.000735103 0.000153862 0.692136 0.000168487 0.000241694 0.094003 0.0204573 1.95877e-05 0.0198967 0.0538547 9.14024e-05 0.0652814 0.00181105 0.563854 0.952924 0.50784 6.18478e-05 0.816003 
0.00125561 0.000428689 0.308053 2.79124 5.0778e-05 1372.74 0.514239 6.13607 0.00013762 0.718468 5.03157e-05 3.81133 0.000188308 0.0149508 9.56913 18.7798 4.3072e-05 0.726395 
1.79291e-05 0.000296175 0.00120983 0.0803734 0.0128021 10.8068 2.55828e-05 1.18319e-05 0.00341807 0.73427 0.00310651 0.0219322 2.79294e-05 0.00239121 2.3568 7.96885 6.73956e-05 4.01131 
9.94212 0.00815183 0.0183939 5.0215e-05 0.101819 20.7366 0.000273389 0.068616 0.000269115 5.67192 5.76138 0.134442 0.00857458 7.51377e-05 0.0524547 22.4767 0.00013153 0.213901 
1.76236e-05 0.00880195 0.00097518 0.000473396 6.38806 0.711871 0.067194 4.15278e-05 0.000431016 416.079 0.0268362 6.69158 8.56917 0.00409521 7.02976e-05 6.94772 1.14562 5.3513 
0.106178 0.000170061 5.00066e-05 0.0017495 7.64209e-05 1646.23 0.328087 0.00263095 0.486335 0.0754675 0.00278915 3.08972 3.07269e-05 0.0012428 0.000762892 29.9188 0.000495801 0.198594 
6.79315e-05 5.91539e-05 0.001531 1.06229 1.86833e-05 1.24241 0.456161 1.50764e-05 0.314747 1.64161 3.25076e-05 60.6305 0.687682 0.00882284 0.0565354 7.28646 0.00209015 2.70423 
0.0838783 0.0591689 1.56276e-05 0.000849997 0.00387611 0.602967 0.00858383 0.000781598 0.00144821 0.0623994 5.9614 0.0211853 6.80764 0.00860541 8.08714 1.63853 0.0304423 0.0895158 
0.000134705 0.141912 5.61278 0.125607 0.00482089 0.0422966 0.00198113 4.184 0.0249217 62.4973 0.188806 7.00019 0.019243 0.00915548 2.36989e-05 4.57574 0.000127685 6.68215 
0.00155499 0.200739 0.0559316 0.000171041 0.066946 1.53037 4.54408e-05 1.25707 0.165055 28.1859 0.00217742 0.0524172 1.96633 0.000193863 1.0168e-05 4.31397 0.000299229 9.12934 
0.00334529 2.81246 2.85902 0.000258133 0.163136 4.46221 1.86448e-05 0.22436 0.0871783 0.658079 0.000564021 0.0243629 5.03774e-05 0.0478819 0.000290543 1.72651 0.0400493 8.18278 
3.94111e-05 0.0181793 0.000378222 1.72186 0.000759789 5.86247 0.000658657 0.00158536 0.0242467 0.0102197 0.0588865 0.78452 3.84951 0.00240012 0.00162648 0.106396 0.191831 5.3967 
8.58093e-05 0.000233868 0.00560205 0.0103355 0.00183934 0.106051 0.0231125 2.78052 0.000816101 15.6143 0.00463752 11.4619 8.99446e-05 0.00724996 2.18673e-05 8.59002 0.00520082 1.73039 
0.19307 0.00373858 8.44991 0.00570799 0.0860896 22.0423 0.000271367 0.000285302 0.00201785 0.0802891 0.0279928 135.177 1.11029 0.0060882 0.000299922 1.74623 0.332379 0.570567 
0.000149455 0.00953776 0.0434478 0.165782 0.539714 1236.67 4.59483e-05 6.40133 0.0303349 419.204 0.197882 0.111304 3.38117 0.00118734 4.6663e-05 4.61567 0.0110699 4.23236 
0.011147 0.00117696 0.0052826 1.0146e-05 0.000274118 0.135619 4.97331 0.000617087 0.0142754 0.170458 0.000113249 0.957119 3.24571 0.00236982 1.04843e-05 10.2104 6.42027e-05 1.93235 
2.28732 4.39304 0.0050772 1.20404e-05 0.00817723 0.727241 0.0939892 0.00147028 0.00123247 0.0181396 0.000718668 1.01583 0.0306584 0.017613 0.00706873 1.87351 0.0310816 1.77001 
0.547879 2.2538e-05 0.0121121 2.43015e-05 5.73091e-05 174.798 4.12002 1.26965e-05 0.00957029 31.9851 0.000377458 46.7365 0.216973 0.000625719 0.0186667 32.0864 3.41824e-05 0.122701 
9.83998 0.00314621 0.558513 0.22797 1.06943e-05 0.0293175 0.000660272 0.248007 0.000787269 0.0835541 0.332104 37.4336 0.000762813 0.030257 0.00115218 13.5157 0.182685 0.0957166 
0.0375207 6.13605 4.30248 5.60704 9.96588 131.525 6.58786 0.0178758 0.00983809 6.34712 0.735095 4.23684 4.26324 0.000464412 0.000494477 0.258595 0.00138026 5.0245 
0.00979371 0.000562573 0.00549506 0.000101497 0.33777 0.314941 8.2843e-05 0.28281 0.000554783 0.1183 0.000930968 0.0382434 0.000451505 0.0220876 0.000966689 2.06784 3.2908e-05 2.22736 
0.000142539 0.0159588 0.0142497 0.00035731 8.24726e-05 484.114 0.00150272 0.000390083 0.0101125 177.63 0.000155651 67.9596 0.0498915 0.00538356 0.00178006 4.47856 0.00065639 1.17404 
0.000511851 0.00892848 0.121217 0.0078943 0.228551 307.954 0.00154317 5.25496e-05 0.000162737 1.95511 0.000198465 5.68342 0.00211347 0.268151 0.0481319 0.228452 0.0328561 9.64738 
0.000189591 0.00355446 0.00647076 0.000123538 0.000684628 2034.21 0.00121711 0.162773 0.0312723 5.33598 1.33524e-05 0.0289731 0.000883019 0.0582508 0.00114849 1.54741 0.000426919 9.60566 
2.80128e-05 2.83555 0.135276 0.000191167 0.00114955 0.672789 1.868e-05 8.31189 0.0624005 489.451 0.00162288 1.26839 5.39176e-05 0.00877327 8.21327e-05 6.38816 0.0827278 1.20825 
0.000724488 0.0383579 0.351982 0.894823 0.000248005 0.450167 0.000378519 0.0137488 0.604187 0.0360655 0.00714728 0.0740696 0.0423247 0.00025145 0.049545 30.5046 5.12948e-05 0.566589 
0.027386 1.74844e-05 2.16104e-05 0.801036 0.217764 11.8518 0.00228528 0.0178215 0.00347161 139.737 0.786421 0.0254275 0.311088 0.000152803 0.00278269 8.33184 2.33184e-05 0.369804 
0.171075 0.0150024 0.054392 0.344709 0.0255852 0.0275538 7.86879 6.67168 0.000472631 158.311 0.00945848 1.68179 2.6819 5.94549e-05 0.307876 6.65415 0.000209175 4.56431 
7.45133e-05 0.000875045 6.59646 5.0686e-05 0.0261373 52.9448 0.000191127 0.000197038 0.000499259 0.0232001 0.000288021 66.1619 1.46548e-05 0.0066101 0.00216646 2.81134 0.0125469 1.4574 
0.112817 1.99988 1.33819e-05 7.54478e-05 0.0102196 3.52197 0.000256274 0.326912 0.00686326 1.63127 0.651572 8.98483 0.000259083 0.0084701 0.000160462 10.2267 0.404772 2.49273 
8.83197e-05 2.83861 0.000226077 0.974861 0.0179003 0.403299 0.00138486 1.77242e-05 0.0031292 0.0324043 0.154887 0.0327941 0.00188267 1.33946e-05 2.11049e-05 25.2606 0.0176953 0.784992 
0.0259246 6.68824 2.16605e-05 0.033673 0.150176 524.161 0.0533084 0.837629 0.000111662 0.320449 0.000911907 4.6151 0.00563612 0.376298 0.00224311 31.3932 0.529309 0.0101269 
0.257696 0.000340972 2.62864e-05 1.76285 0.53173 641.572 0.0142848 0.00440614 0.789637 6.54651 0.00880743 0.581845 0.0464005 0.00202361 0.137652 8.60515 0.000837402 0.709209 
0.00284754 0.0177262 0.173847 0.36463 0.00362859 1762.74 5.03583 2.01396e-05 0.00186375 5.94894 0.787419 0.399347 0.526715 0.000190023 1.26763e-05 1.3898 0.138196 6.89979 
0.00462458 0.014296 0.000194388 0.0365655 4.78447 1.44481 0.000636289 4.65861e-05 1.49478e-05 315.735 0.000768248 0.407487 0.000663128 0.00795111 1.08017e-05 1.64725 0.0158873 7.16285 
0.00218909 0.0285043 0.00794551 0.000765889 0.853634 5.70563 0.000258348 0.00134971 0.00107158 22.4596 0.000369892 0.0851429 2.60895 0.0273548 0.0334726 2.18592 0.0352541 6.64624 
0.0262565 0.00434026 1.12964 0.00070484 0.0740023 191.154 1.55205e-05 2.94833e-05 0.0914741 0.213261 0.000701983 0.0109878 0.383398 0.00249703 2.30734e-05 2.08463 6.9748e-05 5.11869 
1.29697e-05 1.49842e-05 0.000210718 0.455832 0.000271005 90.4252 0.0120199 0.0866918 0.00276747 0.654915 0.000306268 316.395 0.00500719 0.000319039 0.00274354 15.7536 0.00148879 2.1458 
0.0296939 0.000664129 1.30529 0.000472816 3.03729 926.266 0.000100146 0.444626 0.00521267 2.33574 0.00233324 0.0257153 0.00429897 0.00127236 1.00828e-05 9.49709 0.00545277 0.777145 
0.000850599 2.64568e-05 3.75162 1.25236e-05 3.58811 0.131569 0.0159075 2.92724e-05 0.000383119 39.6307 0.0021199 219.799 8.26585 2.48996e-05 6.95114e-05 18.1436 0.00221509 0.427495 
0.00249208 0.00110604 0.0137045 0.0873516 0.00499979 9.45893 0.00138621 1.01626 0.0123768 0.159066 0.00109076 0.397316 0.21066 0.00849405 1.76408 12.2951 0.00119032 0.665296 
0.0452151 0.0191435 0.000174881 1.09609 0.0047961 0.372541 0.160699 1.57699 2.01805e-05 0.367091 0.000265192 0.0765175 0.0346523 0.00162365 0.00206237 5.43616 0.00310759 8.00897 
3.7393e-05 3.29328e-05 0.000273043 1.07093e-05 1.28081e-05 52.4747 0.000705459 0.0301987 5.60658e-05 62.8588 0.0176073 0.213016 1.9893 1.24757e-05 1.60056 6.95655 0.00327088 1.86971 
0.00901983 0.000354215 4.80564 0.00451234 5.30115e-05 0.0397485 0.00240065 0.00420944 0.00131216 0.0416975 0.590208 1.5414 9.57019 0.00513485 1.1444 0.0464401 0.0831799 2.52119 
1.20648 0.0699892 2.14719 0.000245214 0.0181612 247.105 0.000325572 0.0181658 0.068499 0.0630049 0.73459 0.802554 9.98865e-05 7.22031e-05 0.014519 2.58386 1.59514 3.23362 
0.000322723 9.11829 0.0149419 1.73251e-05 0.000152119 34.3595 2.11437 0.119185 0.501346 7.70713 0.00076475 0.137599 0.201987 0.0304942 0.448056 20.617 0.000522105 8.85285 
7.44734 0.00323743 0.0277826 0.000385266 0.0246355 6.92082 0.662687 0.119342 0.010102 109.007 5.9009 4.38059 0.25352 2.01217e-05 0.0731965 2.86637 0.00144518 6.20377 
0.000434756 4.1006e-05 0.000220324 2.27311e-05 6.26681 10.9171 0.252581 0.000152721 0.23783 0.143201 1.17659e-05 0.241568 0.324014 0.00162973 0.00454539 9.50179 0.00752365 0.875622 
0.000154515 0.000848002 2.85446e-05 0.970959 0.000103399 65.2222 0.807342 0.00602254 1.4771e-05 24.3334 0.000988509 2.01677 0.00235559 0.554935 1.91028e-05 0.274056 0.123747 5.27383 
0.047376 0.426554 0.0176258 0.00166022 1.20872 1595.23 0.780061 0.433637 0.0188004 0.0439756 0.000869423 1.10511 5.74628 0.000488089 0.547775 0.539358 0.0364291 7.45973 
1.80458e-05 1.5736 4.23002 4.09572 0.097188 9.06393 3.12083e-05 0.041859 8.23971e-05 49.0626 2.25772 0.803514 0.00223466 0.00830383 0.0107067 9.96459 0.00864254 0.300358 
0.0242306 0.00455374 0.000119204 6.23576 0.0979512 7.90934 0.00605788 0.0732446 0.00490487 0.682247 5.32372 8.93272 0.017032 4.85118e-05 6.1678 8.1889 0.0972726 0.262187 
9.15697 0.037377 1.39353e-05 5.24965e-05 3.38864e-05 260.588 0.000460232 2.60751e-05 3.05346e-05 3.69946 0.0457842 40.721 2.17172 0.203055 1.62515e-05 0.511757 0.232753 2.92933 
0.771557 0.0377305 0.000507191 0.00354646 1.47813e-05 46.2287 1.00601e-05 0.000668787 0.000115459 79.748 0.000975378 49.1589 0.240274 0.00148561 0.000503257 5.38527 0.000242896 7.08894 
0.00717828 0.116289 0.0128097 4.29982e-05 1.70845e-05 0.0431073 0.00691213 0.0396824 8.34669e-05 0.257897 0.00468099 4.35869 1.76882 0.000986409 8.54808 28.0603 1.35715e-05 2.32343 
0.00153399 7.70026e-05 0.817281 0.0168346 0.0322289 0.0936992 0.00163213 2.3991e-05 0.024952 21.2561 0.000214806 45.1232 0.567735 0.0366318 1.15 16.978 1.96788e-05 1.83484 
0.414129 0.767677 0.153284 2.3081e-05 0.293633 0.0203258 0.151108 2.52722 0.000506116 0.239046 0.000100765 0.0128356 3.41742e-05 0.00249114 0.0742892 8.79831 0.000257051 1.99533 
2.00951e-05 0.000669721 0.0378453 0.0498922 1.11775 196.3 0.201953 0.000138611 0.000169573 8.00258 0.0189097 2.85733 0.0236575 0.00742115 1.56775 3.11237 4.80266e-05 6.60689 
0.0939091 0.0565542 0.00154446 0.00033582 3.80126 0.0730622 0.0276624 0.00069877 0.0115188 0.19088 0.0176829 10.8583 1.70772e-05 0.000485293 1.58373 18.8164 1.75102e-05 4.81247 
2.76566 0.220094 8.31674 0.037363 1.42061e-05 161.772 0.199549 4.33902 0.0576116 0.0773126 7.6069 0.892167 0.0029903 0.00616803 4.47115e-05 1.57185 0.0300588 5.24079 
6.62067e-05 2.98214 0.0760644 1.60699e-05 0.0013987 0.603791 0.553275 0.0149845 1.47059e-05 18.9007 0.000781162 3.46944 0.716569 0.000936358 0.270352 28.3633 0.563679 1.75982 
2.34027e-05 0.000518369 0.000210087 0.102573 4.01783 810.511 0.0955344 3.10816e-05 0.0401577 31.2011 8.09344 4.78488 0.376001 5.85556e-05 0.672702 1.80652 0.000102402 2.185 
0.00209615 4.31911e-05 0.000694957 0.267746 5.67285 44.9696 0.555946 6.4521 0.0137158 12.618 0.00215158 303.137 0.378687 0.000549223 0.258749 4.07817 0.000349381 4.85926 
3.62161 0.00166614 2.10169e-05 0.00036481 2.15973e-05 98.9083 0.000986567 4.36778 0.0115656 0.0330063 4.38718 2.93608 0.0553376 0.026237 0.00146947 0.592957 0.0061781 3.42778 
7.87724e-05 4.68814e-05 3.64975 0.00157055 2.48806e-05 0.0131936 0.000498092 0.000258963 0.000648608 0.0894058 0.00107803 11.9998 0.167176 0.00245127 0.0373896 10.3956 0.00549109 6.17347 
1.33035 0.0364178 1.45277 0.0205888 0.129895 44.6634 0.000114195 0.242217 0.00103984 93.9098 0.127796 107.858 0.000120254 0.0123846 0.000170876 28.5957 0.148197 0.408229 
1.00194e-05 0.034054 0.00010413 0.0131043 0.000963988 178.47 4.78494e-05 1.09136e-05 8.43168e-05 0.105892 3.12944e-05 54.3743 0.000987087 0.0316756 0.00366815 14.0929 0.357439 0.0978896 
3.68842 0.281155 1.00931e-05 0.144159 0.00582735 0.395824 0.00628789 5.48521e-05 0.00467311 2.48001 0.00503264 33.1729 0.000728291 0.000924676 2.49295e-05 39.8718 0.00405215 0.249859 
0.000129521 4.7099 0.311408 0.000341353 0.0576565 0.010341 0.00163858 1.85244 0.113096 2.62228 0.0022487 37.5145 0.0166476 0.234245 0.00170706 10.4668 0.514507 0.0810803 
3.29621 0.0102477 0.00743613 0.0681997 0.0247844 47.1323 6.60022 1.6452 0.364385 0.438109 0.000125074 62.1762 0.189448 0.000388516 0.00148763 29.0196 0.00335459 0.451655 
0.321192 6.44992e-05 0.0073375 0.00112535 0.000157739 2193.86 0.000375837 9.33077 8.5645e-05 0.918752 0.00205759 20.3371 0.0848805 0.00104936 0.000107825 26.3602 2.65055e-05 1.1512 
0.0183946 0.0192648 0.011602 0.000303435 0.0033574 47.6816 2.57505e-05 0.000776588 0.0191791 0.105207 0.0131212 0.0697091 0.0466944 0.000955768 0.00144148 36.5298 0.0376583 0.499653 
0.000972614 0.00929345 0.316462 2.44077 0.000170037 289.348 2.11287 9.77543e-05 0.126366 0.0891184 0.00100813 1.99415 0.0811994 0.00155457 0.897932 27.0134 0.00325669 0.947837 
0.0995963 1.19948e-05 0.785247 0.0106498 0.00125168 0.117277 0.00502086 0.000159366 0.0609394 1.32022 4.08557e-05 1.75764 0.721154 0.238179 0.287282 0.531293 0.0765645 1.6721 
2.43286 2.29601e-05 0.0235569 0.205846 1.06234 1987.22 3.89283e-05 0.000143342 0.0590078 337.012 0.000357836 2.84271 0.000815788 0.0510618 0.396276 3.71252 0.00028277 2.80703 
1.20635 3.48943e-05 2.13241e-05 1.34853 0.000110578 0.440898 5.41625e-05 0.0383745 0.00144599 0.660737 3.23031e-05 189.304 8.47979e-05 0.000830679 0.000458399 36.9166 0.000541595 0.120972 
0.282592 1.111 0.00568464 0.156498 4.98359e-05 1301.87 0.0907039 0.776664 2.30748e-05 0.0328708 0.00843797 8.20199 0.293895 0.00234782 0.593416 1.9408 0.0464956 8.89849 
0.0659063 0.235239 5.5797 3.35559e-05 0.399925 0.0782068 0.307038 0.0464495 0.00527887 5.7781 0.0198959 4.65615 2.24808e-05 0.0697705 0.989662 34.5068 0.208022 0.0372299 
0.0376409 0.0819215 0.00143736 0.0181994 4.86545e-05 0.0391696 0.00326824 0.0371293 0.00331369 3.17479 0.00373739 2.74265 2.29198e-05 0.00363097 0.000205667 9.58323 0.000103975 4.2906 
0.000196581 0.000154276 0.0225721 0.0560108 1.24395 40.0776 0.998424 0.123372 1.53844e-05 11.6407 1.53325 0.0300614 0.000328947 2.84951e-05 0.000413594 9.20375 0.00587224 4.1081 
0.282158 0.0138003 0.199411 6.38183 7.03399 0.886193 0.00657447 8.29903e-05 0.0107793 42.3747 0.0247888 0.0173671 0.72555 0.0150271 0.01373 9.44527 0.00138949 2.76516 
9.00374e-05 4.03922 0.00414428 0.0653963 0.0150009 1.3494 0.0674582 6.16208e-05 2.52746e-05 0.534556 0.000279478 197.669 0.178928 0.000308141 0.00746377 18.9025 3.23398e-05 0.356319 
0.000132557 1.03989 0.315567 0.00455048 0.000458216 1299.44 0.260543 0.0369793 0.000789687 0.0261207 0.000463662 425.077 0.000316528 0.0024252 0.0953934 24.5186 0.0172776 2.94225 
5.32643e-05 0.223034 0.0651171 2.07088e-05 1.29331e-05 0.409203 0.00010185 0.17495 0.0640006 0.0237768 1.22488 10.6853 0.290579 4.05826e-05 6.53626 1.01435 0.00121132 1.04581 
0.00117264 0.000526166 0.127918 0.0513642 6.40123e-05 2910.42 0.0135238 0.0273123 0.0287534 0.14246 0.000104313 0.028342 0.0314308 0.00304007 0.0978227 7.39605 2.42229e-05 6.3491 
4.7005e-05 0.193285 0.70831 0.00762815 0.0180761 1981.26 0.077109 0.000271512 0.0550492 0.223188 0.000549269 0.0108929 0.166064 1.11901e-05 0.00104171 42.4086 0.201978 0.45055 
1.41513e-05 0.0357625 0.0102331 4.21748e-05 8.33608 99.1694 1.7269e-05 0.0274229 0.00126171 6.06824 0.6704 0.0142271 0.000219857 1.21297e-05 0.000244973 8.55572 0.00109628 7.32361 
1.84424e-05 0.885576 0.809624 0.135958 0.00490755 15.0296 0.494395 2.25714e-05 9.25017e-05 0.0593323 0.691642 16.902 1.33113 0.0104721 3.3634 0.565021 0.000329607 1.29595 
1.05263 0.0190402 0.135206 0.344331 0.458023 238.12 0.000782524 0.0140896 0.0063701 448.955 0.557309 0.101258 0.00348491 0.0031913 0.000330617 35.5663 0.000181684 0.250562 
0.0475716 3.18105 0.011762 0.0100537 0.001841 0.762149 0.0115106 0.918647 0.000326343 88.6767 7.90853 1.65894 1.70933e-05 0.148768 0.000584286 1.91663 0.342714 1.33083 
0.00142808 6.25088e-05 0.00303915 0.486405 0.00727093 2.79184 0.000798292 9.72466e-05 0.00835081 201.853 0.552526 0.825243 0.000119637 0.0407468 0.0652453 1.03496 1.26882e-05 6.2055 
1.84879e-05 0.62445 0.000122036 0.262761 0.0011644 1.32742 1.14404 4.85559e-05 0.000286682 11.7302 0.000518561 1.36622 0.045002 0.0119809 0.00215698 2.30226 0.00388799 2.46907 
0.793928 1.55532 0.0513245 1.26212e-05 0.0517612 7.7022 0.0308518 0.000270005 1.44822e-05 8.53066 0.092031 401.714 1.64635 0.0118013 0.000495622 5.03266 0.0767575 2.26377 
0.00394069 3.5434 0.740534 1.44874e-05 0.00313213 44.5328 3.30517 0.30297 0.00358976 0.525288 4.05008 50.9303 0.0787336 3.5542e-05 3.55918 30.045 0.0729269 0.105669 
3.2271e-05 0.990145 8.19401 4.74171e-05 0.000102578 2593.29 1.13628 0.075668 0.0339472 195.365 0.246525 0.0156317 4.12553e-05 0.000761108 0.116866 48.9769 0.0111668 0.0917529 
0.000131755 3.54027e-05 1.37782 2.03549 2.22906 14.5071 0.00138578 0.0010595 0.0222472 18.8812 6.06247e-05 3.26088 0.000666782 0.000235564 0.0129825 29.1107 3.78089e-05 0.20881 
2.71351 0.187706 0.103099 1.39776e-05 0.140545 0.0122577 1.30909 2.9991e-05 0.00143526 16.3338 0.0215288 0.077345 0.289499 0.0270123 0.0029302 1.46437 0.000694361 5.89939 
0.000367032 0.000176085 0.0378575 0.0845622 0.00146078 2.77694 0.000288441 0.000109717 0.00480106 0.408329 0.779315 0.0135277 2.56677 0.139042 0.557083 0.447588 0.0204781 8.54492 
0.299155 0.000171236 0.000122022 3.9241e-05 0.00085567 132.148 6.90565 5.03588e-05 1.11864e-05 1.14936 0.813971 0.290933 0.186148 0.0056404 0.000952277 2.07558 1.61432e-05 8.65575 
0.000472653 0.00628427 0.001728 0.017677 0.326197 2.62316 1.07181e-05 0.471268 0.0332103 23.8911 0.0654654 0.154573 0.000917657 0.0068101 6.16301e-05 2.65664 1.0832e-05 4.34328 
0.0741012 0.0108245 0.000753006 1.18278e-05 0.00406027 180.419 0.000351597 1.03975e-05 0.052135 0.0916967 0.0299054 0.465017 0.155306 0.000232282 0.00985757 8.29343 2.9096 8.02971 
0.000518484 0.178819 0.11208 0.239548 0.000427345 0.0505608 0.0327405 0.00014384 0.0317928 1.04558 1.07019 1.05429 0.0619008 0.00193746 0.000350986 4.38781 0.319754 1.43992 
0.371731 2.76643 0.000517554 0.00150461 4.10466e-05 0.0219753 1.59464 0.00432875 0.0100907 46.97 0.000969134 36.5596 0.189333 5.25724e-05 0.00101993 20.7418 0.00356753 0.566729 
0.0271672 1.34899 0.324552 0.189639 0.000326438 1.40539 6.32132 8.67587 4.09074e-05 61.6606 0.00883785 0.0174826 0.000972397 0.000595195 8.57923e-05 9.54821 0.0764598 1.18605 
0.000641837 2.42379e-05 0.00121592 0.0742868 1.94449 0.0185186 3.77503 0.157004 0.02156 0.231899 0.626957 7.73412 0.136117 3.72604e-05 0.0241987 0.802528 0.192679 2.98101 
0.000693816 4.59114e-05 5.26488 0.346692 0.000134823 1.4904 0.000448713 1.93404 0.00164223 249.51 0.0964835 98.5417 3.34329 0.000714396 0.00501952 6.36713 0.000539241 0.880284 
4.54143e-05 1.51928 0.0526073 0.0170865 8.74424 35.7134 0.255511 0.0569355 6.73593e-05 138.459 0.0173593 89.8393 0.0111017 0.000436799 2.37335e-05 22.564 0.0936605 0.695222 
0.13197 0.34412 0.000164485 0.000252113 0.634548 9.66915 0.000815491 0.000222159 0.0187935 0.651741 0.00106569 11.8566 9.5774 0.0339889 1.23951 0.906962 0.0890511 1.40075 
1.94693e-05 0.107907 0.000371885 0.0027037 1.07361e-05 0.0913914 0.00854807 7.01e-05 0.0223102 1.03541 2.16785 8.1592 0.195061 0.0144096 0.0434224 0.787798 0.245906 6.76865 
3.88569e-05 1.87737 0.00924615 0.000105192 0.0307818 0.0742918 0.000245146 0.0106522 9.97013e-05 0.0128595 0.0705104 0.11329 0.0059664 0.000778436 0.00377934 6.32022 0.0105653 1.54181 
0.00185002 3.58287 7.23086e-05 0.271155 0.000993161 2511.53 0.00133923 0.00204107 1.71225e-05 78.6625 0.00045911 2.09633 1.83851e-05 0.000234596 2.98903e-05 12.4933 0.00785829 0.542952 
0.000560545 0.173216 0.264043 0.0454461 1.8876e-05 0.0509131 1.01979 5.21359 0.108284 385.109 0.000544046 9.68161 3.26336 0.000276253 0.00915719 35.1386 0.0654576 0.168558 
0.113771 0.0379411 6.35434e-05 1.71903 0.00840083 0.0123521 0.00106018 1.01667e-05 0.0169267 336.232 0.125103 1.128 0.281231 0.0106705 0.392406 28.1234 0.000296733 0.176593 
0.00796633 0.000295877 2.69051 1.3019e-05 1.08099e-05 21.7154 0.0122636 0.142949 0.0438524 6.44422 0.0516203 0.0219798 1.48738e-05 0.758333 0.866277 0.279664 0.00226203 1.04237 
3.03174e-05 0.00146192 0.000133952 0.00110993 0.597353 0.044319 0.000138356 3.04014 5.52701e-05 24.5957 9.56782 214.316 0.0268696 0.000760743 0.00483722 6.01967 0.000303419 6.63844 
3.18817 3.50674e-05 0.395114 2.35804e-05 3.65044e-05 25.3604 0.005015 0.0132853 1.5657e-05 131.272 0.339493 2.60171 0.267856 0.0024395 0.000828674 4.04052 0.000346461 1.4212 
0.0863616 0.00135168 0.0564861 1.13378e-05 0.191374 0.0639802 6.84614e-05 0.367771 0.396421 28.4712 0.00391589 0.342845 0.00201117 0.0533926 3.82187 4.57687 0.110983 3.11519 
0.00474228 7.36921e-05 0.145324 0.227741 6.91788 0.122142 3.59026e-05 0.000143296 0.00946876 211.238 0.00391943 0.905524 2.23463e-05 0.0024349 4.7048e-05 11.3828 0.00763971 7.45715 
0.163467 0.00100895 0.216335 4.42743e-05 0.0612221 0.0213506 3.17249e-05 0.00464189 0.439466 8.52076 0.000185051 0.0363009 8.42336e-05 0.00384752 0.0651101 21.4286 0.266895 0.499567 
6.43438 0.14111 0.700254 0.131851 2.3755 1.97645 0.0116909 1.52914e-05 0.00264161 36.6914 6.57871e-05 0.0198168 0.057588 0.0114833 5.82161 31.9669 1.78472e-05 0.861298 
0.54142 2.3233 0.000236137 0.00197407 0.125133 3.54488 0.123125 0.411515 0.301953 0.102395 1.83003e-05 6.63696 0.000513893 0.00993262 0.000375706 5.96373 0.0957471 1.75638 
0.0278303 4.69666e-05 2.44063e-05 0.00245353 1.29114e-05 0.150138 0.0051846 7.09993e-05 0.062701 2.30662 2.06234e-05 0.0445859 0.00920498 0.000429112 0.0144535 11.7047 0.000230016 0.68641 
2.46686 0.00515079 0.0113337 3.69593e-05 0.017821 0.131944 5.65395 3.87343 0.741721 1.0337 0.409476 0.0281615 0.00486578 0.00148011 0.0208927 16.5064 0.0393993 0.282109 
9.02387 0.000151325 1.82666e-05 0.0642501 3.08919e-05 1.66164 0.461779 3.15958e-05 0.000236528 0.0569164 0.0025624 77.1345 0.00435359 0.0150571 0.00486227 2.25441 0.000138353 6.0596 
3.38656e-05 0.0202176 9.7226e-05 0.00987915 1.43235 0.0737514 0.00527804 1.08128e-05 0.201926 0.744368 0.00157579 1.45895 1.35442e-05 0.00472326 0.000763855 5.14775 0.00034092 4.86673 
1.07388e-05 1.44777 0.000230344 0.000323554 0.0064469 251.461 3.49726 0.000358998 0.428093 0.732375 0.0030483 56.5422 0.270191 0.0100154 0.000163616 16.9169 2.58586 0.125107 
1.1249 0.0841388 4.03692 7.58191 0.087037 0.147201 0.011231 0.00745862 0.000556093 1.64586 0.000555049 14.3981 0.0226698 0.102022 4.76507 20.6751 0.0797683 0.159287 
4.40133 0.000227933 0.0148667 0.0245378 0.00749116 474.2 0.000533677 0.000204496 0.00560457 7.58021 0.00217027 0.267606 0.218563 0.000190769 0.0355184 5.55036 5.82002e-05 8.98894 
0.88379 0.257564 0.00816352 0.00393602 0.00398168 1.30692 0.154752 0.024276 0.0139404 0.0342749 0.0128828 10.3407 0.00850107 0.114588 6.54731e-05 3.7748 0.592642 5.61866 
0.0258709 0.0451132 9.64367e-05 0.0032057 0.169447 90.1968 0.0614122 0.00175165 0.002389 8.09177 0.0160792 2.1727 0.671288 0.22632 1.30642 1.32037 0.00236161 0.644198 
0.378938 0.0296086 0.00304488 2.74199e-05 4.95514e-05 1813.66 4.22245e-05 1.91823e-05 0.000814731 0.217309 0.000851354 0.15687 0.00067842 0.257304 0.962524 5.74177 0.0942288 0.268728 
0.0261225 6.53354e-05 0.111671 0.165232 8.53277 0.749763 0.0944586 0.147291 0.293129 435.417 0.000143607 139.628 0.393668 0.00501935 1.78567 32.8292 0.000513446 0.182446 
0.0764655 0.000265882 3.49417 2.42752e-05 3.31393e-05 0.199823 0.354021 0.261928 2.3586e-05 0.0435945 2.07291e-05 0.0827532 0.00209265 0.00727111 0.00143838 2.36467 0.000196709 8.62843 
0.0181169 5.30383e-05 1.3113 0.00355546 0.891607 2264.48 3.42856 0.00130831 0.00465754 0.992333 0.00276953 0.0985577 0.000435537 0.0113234 0.000214881 2.34198 0.0020319 5.46713 
2.14089e-05 0.00324797 0.00178711 0.000247716 0.0481507 0.177276 7.9066 2.2256e-05 0.155285 91.1234 7.79678e-05 0.0136218 0.0532686 0.072146 5.90777 20.6364 0.0074318 2.25716 
0.0203793 2.77131e-05 0.0102587 0.00426044 0.0296615 96.4657 3.9661 5.23956 2.3211e-05 6.30319 5.00066 23.8456 0.117957 0.835841 0.0229079 5.90511 0.816375 0.0319123 
1.03659 0.186593 0.0080124 0.00594241 0.00394673 112.745 0.0212144 1.11909e-05 0.000519988 412.077 2.7196e-05 5.16363 1.11503 0.0129121 0.271613 5.90958 0.00619551 0.744378 
4.37193e-05 0.0687656 0.000189698 0.906993 0.00242345 921.338 4.45409e-05 7.17443e-05 0.0341821 1.60523 2.206 0.184738 0.112355 0.00149905 0.895513 1.47063 0.00015123 7.02069 
0.000371272 0.000900431 0.0785488 0.00612785 8.4642e-05 68.0163 2.40196 0.165471 0.00318376 0.0158761 0.0147579 9.65439 0.455491 0.0277458 0.02987 48.8258 1.65977 0.0600728 
0.000142476 0.843169 0.00381631 0.228811 0.000623715 595.434 0.0099004 0.25944 0.000370064 3.15784 0.00168596 73.5115 0.0405658 0.000196938 0.0263041 31.3448 0.616978 0.72471 
3.89847 1.18213 2.132e-05 0.385439 4.03554 0.0724562 1.12275 0.00394307 1.93715e-05 0.891252 0.00101381 56.2937 0.0433327 2.88231e-05 0.000386314 20.8991 0.00943168 6.40122 
0.0128939 0.0607189 0.327565 0.093137 0.0630423 0.587324 5.01797e-05 8.84372 0.00405662 58.45 0.688114 23.0251 0.00314492 0.000220444 0.155981 2.60653 0.0816205 4.1676 
0.338125 2.57397 0.071396 2.35369e-05 0.506364 0.0650553 1.19874 0.00226183 0.0293211 0.450161 7.30551e-05 0.953384 0.0245804 0.0650303 0.00163766 2.66699 0.222349 0.877356 
0.000556871 0.000472964 1.28214e-05 4.90744 0.0300882 28.167 0.000296634 0.000128212 2.09735e-05 51.8751 0.00203361 0.0145912 0.464066 0.000879483 0.042402 8.05494 0.00060769 1.16831 
0.000826642 1.36247 5.8729e-05 0.0292474 1.64696 992.772 3.65143e-05 2.08066 0.000300706 2.30721 2.76215 0.0123841 0.174583 0.00144238 0.917924 16.8412 5.11632e-05 1.81827 
0.000219333 0.00279611 1.25423e-05 3.7476e-05 1.01472 1.57543 0.609832 5.4283e-05 6.88361e-05 100.795 0.0801505 3.60345 9.54179e-05 0.00746127 0.476942 4.33824 6.82599e-05 0.93895 
1.26683e-05 0.0223466 1.10116e-05 5.68975 1.61687e-05 5.00393 0.0462062 0.753997 0.000113191 2.51684 1.31353e-05 0.0479086 0.0156293 0.00565387 3.58686 26.995 0.000118583 0.169486 
0.00112594 5.72205e-05 0.0821299 0.000143219 0.568158 0.112044 0.540506 0.00442487 0.00159456 0.448037 0.000838135 13.8891 5.01544e-05 0.00642022 9.33705 13.3832 0.000152468 5.63251 
0.00383117 1.8355e-05 0.0919029 1.72025 0.000166673 0.0650627 0.00154969 0.000601532 0.0588686 0.438199 1.86102e-05 0.0244972 2.25303e-05 0.00259524 0.0102273 8.1032 6.30492e-05 2.63637 
0.668048 0.000781738 0.00117771 0.00101235 0.351115 25.4084 0.00119823 0.00203711 0.0268472 79.9632 0.00200908 0.282907 3.07611 8.5854e-05 0.364756 29.938 0.00163387 0.375754 
0.000722949 1.61928 0.00927456 0.0350344 3.79478e-05 0.0209202 2.74758e-05 0.000226569 2.38865e-05 0.0291515 2.7719e-05 14.2265 0.0269744 1.80463e-05 0.0446746 42.8949 5.41112e-05 7.60251 
3.17855e-05 0.00574152 0.125482 0.0165495 4.3526e-05 1743 0.000760221 3.19268 0.0906664 0.0560481 1.717e-05 20.6487 0.000156201 0.037919 0.606272 1.26128 0.000646847 9.22951 
0.00116719 1.37384 1.66542 1.21311e-05 7.70973e-05 192.543 6.12611e-05 0.0072615 0.000113131 0.0574849 0.000767547 0.0150032 0.000552792 0.000747798 0.0824107 43.9043 0.00063413 1.67175 
0.799326 0.00587168 1.71325e-05 0.735452 0.488581 0.329136 3.15371e-05 1.54297 7.75183e-05 9.34737 7.82729e-05 0.0984772 3.37144e-05 0.00352968 0.00430191 4.04276 0.00225972 1.65759 
0.00153512 0.00166304 0.358922 4.25196e-05 1.35609e-05 0.755085 3.57897e-05 8.04262 0.432152 1.61955 0.321077 7.72476 0.049215 0.000200055 3.71999 7.68927 0.19245 7.60315 
2.79091 0.0614011 4.13403e-05 9.11669e-05 0.796083 47.7761 4.39132e-05 0.0169202 1.01131e-05 123.683 0.780144 0.0181052 0.00560543 0.00078426 1.00293e-05 11.2206 0.0349798 0.942426 
0.0199559 0.241694 0.00102199 0.00106813 4.03883 29.1019 2.37946 0.00663853 0.0390714 0.0125493 4.57199 0.0540608 1.76911 0.00165125 5.80351 1.00635 0.000881232 1.04637 
0.00391984 0.0442189 0.000383535 4.71739 0.187491 0.0490957 1.29059 0.00378562 0.000108751 0.34077 0.00816757 18.3521 0.00112173 0.000690421 0.144 27.8204 3.62924e-05 0.93123 
6.8995 0.00938487 0.0166371 0.331216 0.000330959 72.5794 1.40924e-05 0.000132288 0.0146182 0.0222738 6.43946e-05 5.0122 0.00599492 0.00137448 0.000312677 9.86253 3.41163e-05 3.40783 
0.174953 0.00464081 1.60146 0.000885398 0.168832 212.33 0.0978432 0.00593615 6.45344e-05 90.2619 3.51457 21.8458 0.400577 0.00152352 0.312991 4.857 0.0336256 0.888895 
0.00021637 0.000195996 8.41402e-05 0.000145878 0.0834495 0.175683 0.000731529 0.0988525 0.333726 0.144209 0.00640745 0.269499 6.12311e-05 0.280697 2.61017 34.8418 0.700705 0.0688433 
0.000211806 0.00013623 0.00386684 0.41605 3.05622e-05 1.02836 2.61727e-05 0.00302756 0.00016515 461.339 1.06271e-05 0.0119816 0.0573693 1.93497e-05 0.0155341 13.6668 0.195862 4.67818 
0.272167 1.62219e-05 1.02003e-05 0.00967132 0.00972203 4.59112 2.48662 0.170824 0.168737 67.5918 1.25453 23.0537 0.626882 0.0184909 4.86761 10.9584 0.107119 1.28897 
0.124505 0.00544882 4.83636 0.00650827 0.884231 0.689931 0.0578722 0.00137158 1.09982e-05 26.6871 0.0451687 11.0996 0.424764 0.000202046 0.456024 30.3555 0.000147594 2.27267 
0.00240775 0.000463269 0.169763 0.239272 0.000605492 30.0284 0.214962 2.17363e-05 0.00150149 8.29816 0.233095 0.199731 0.458024 0.609593 5.50924e-05 0.221613 0.839496 5.03245 
0.000437356 2.69837e-05 0.197657 0.0381129 1.63196 1449.2 0.00186836 2.01842 0.00036577 2.47288 0.0680392 0.0259583 0.00234913 0.00166117 0.404154 29.1093 0.00157609 0.330367 
7.77309 0.0630722 0.446999 1.06258 0.000147102 3.14553 0.801835 0.000585935 0.937643 3.51581 0.0290995 0.0183504 0.0697173 0.00499655 0.1507 28.1711 2.97132e-05 4.24158 
0.143546 0.000399169 0.00907305 0.0791622 1.87825e-05 1481.75 0.075561 1.18235e-05 0.00299552 0.248828 5.22015 0.588829 0.00558709 0.000458483 0.231086 10.6726 0.000237525 2.40472 
1.10001e-05 0.000759123 0.000278003 0.00758519 0.00102965 0.297026 0.513051 0.0282681 0.00191479 121.26 0.0283005 0.14496 0.00738197 0.000178534 0.000639204 6.79324 3.28377e-05 4.85251 
1.54324e-05 0.000261213 1.26607 0.00137228 3.13654e-05 1.0934 0.563129 0.000254653 0.0953053 0.0519365 0.0101039 0.177629 0.00813661 0.00532554 0.00738447 6.88151 0.00601886 9.58657 
0.000142822 0.567065 1.51953 0.127319 0.000236492 413.049 0.000364789 0.000169997 0.00253959 328.877 1.64242 110.065 0.0260917 0.913345 4.95722 0.520677 0.00184124 3.00737 
0.00306623 0.00656032 0.779671 0.0121158 0.00014099 156.387 2.08499e-05 0.00532661 1.24213e-05 1.61091 0.791515 18.1052 0.0467859 0.000127517 4.28402e-05 8.04421 0.0961525 3.01579 
0.474853 0.000317787 0.135595 0.00304695 0.174518 21.3483 6.32851e-05 3.07236 7.31569e-05 82.0107 0.13844 6.07336 0.0897291 0.312771 2.95034 1.07752 0.112988 3.43867 
0.0257572 0.0280142 0.0672521 0.00511351 0.0631494 0.151606 0.000431501 0.016117 0.0805389 0.119189 0.00259544 0.841898 7.67544 4.77402e-05 0.00101206 2.04362 0.966924 0.280506 
0.680296 0.00022515 0.761165 0.556424 0.032493 0.0197267 0.155506 1.04673e-05 1.21745e-05 23.1196 0.0137959 448.944 0.662284 0.0101523 0.0288537 2.39193 0.0766075 9.29355 
0.000237588 0.631452 3.59389 0.561077 0.00198073 177.591 0.0187768 5.21741 0.843367 26.323 0.0279352 0.0213253 6.17839 0.0141609 0.0308439 1.14358 0.00112427 2.33475 
4.18297e-05 0.0543474 0.282429 7.58777e-05 2.69868 14.6961 2.03205e-05 0.028475 0.0410529 73.2481 0.025822 51.8547 0.379537 0.00715082 0.16603 25.937 0.00109397 6.77885 
0.000202314 0.000383069 0.000500708 0.000111894 0.06964 12.3611 1.71215 1.41554e-05 0.00144099 1.77993 0.000923018 9.73197 0.000262968 0.002781 1.59418e-05 10.5238 0.0224948 0.859474 
0.00460463 0.00635191 0.00581931 0.0004467 0.0143431 44.8797 8.96448 0.0705934 0.289035 0.0219651 1.11867e-05 12.3234 9.36929e-05 0.000161793 5.88788e-05 10.0805 0.00228544 2.21668 
0.000413666 0.0399191 0.186014 0.00209536 0.000243617 1.32952 4.90942e-05 6.27649e-05 0.0202158 86.7753 0.000675324 22.3521 0.869451 0.246977 0.613488 0.893516 2.85875e-05 2.34419 
0.00302618 0.879552 0.0032688 0.000347863 4.60736e-05 14.3537 0.0305111 0.0063968 3.37056e-05 138.017 0.00222797 22.5732 7.9815 0.319633 0.000198094 9.58571 1.83752 0.78919 
0.000454071 1.25535e-05 0.0394043 0.00247576 0.0156717 0.156516 0.00615327 2.36355 0.0305833 8.77487 0.00483342 3.70423 0.000587429 0.0257981 1.22051e-05 20.0175 0.425031 1.16353 
0.125421 0.883922 0.28224 0.00626196 6.26363e-05 0.158049 1.56649e-05 0.00656574 7.40326e-05 2.57367 0.0459512 15.4967 1.59896e-05 0.00753224 0.000231856 25.7679 0.61847 0.174514 
5.72055 9.85599 1.6153 0.0666474 0.0004948 0.0133936 0.0149029 0.150593 0.000171458 1.40635 0.171161 1.01877 4.13208 0.00425436 5.98502 10.4235 3.6236e-05 0.261443 
1.10427e-05 0.0266468 0.0453822 0.269039 0.702971 681.467 7.9235 0.0466269 0.000297893 405.92 0.0307879 0.555549 0.195526 0.0211958 1.97544 10.5563 0.00382696 0.222834 
1.18388 0.0550809 0.000377588 0.162416 1.004e-05 0.0418535 6.4652e-05 1.04102e-05 4.6326e-05 46.2245 0.00216469 0.30795 0.210724 0.0252588 3.5781 39.7834 0.00244088 2.57254 
0.0138389 0.228249 1.80172e-05 3.07305e-05 3.362 1275.7 0.0313509 0.00130509 0.0675113 0.169203 0.534056 0.0827348 0.133707 0.000252812 1.58266e-05 17.4882 1.44017 0.305751 
0.00469815 9.54569 1.21324e-05 0.00145227 0.000130199 0.574766 1.16556 8.12888 0.000252455 177.12 3.95608e-05 1.02401 0.00546086 0.000170342 0.00209469 14.5807 0.00065102 0.539369 
0.0522025 0.0134479 0.000358835 0.178726 3.54121 439.516 1.23569 5.77487e-05 0.839409 52.7499 0.406519 0.0296044 0.0213876 0.00525474 0.0167798 17.3656 0.022426 0.458416 
0.00183794 1.30239 3.47085e-05 4.38917e-05 0.00265607 0.0439895 2.5676e-05 0.00607952 0.000888631 0.0124552 7.8468e-05 1.88565 2.39208e-05 0.0077928 0.00551104 10.5871 0.307851 0.877737 
0.0400232 0.0916353 4.58461 0.00201898 0.145683 632.722 1.76098e-05 0.00220986 0.0155436 2.54848 0.00132491 0.0919134 0.0078449 0.060655 5.80415e-05 1.9972 0.282519 1.19875 
0.000800834 0.135687 0.147973 5.71388 0.163325 0.0816464 1.03623e-05 0.748896 2.07249e-05 0.675517 0.0797394 0.357134 1.51656e-05 0.57455 0.000104615 6.12932 5.53067 0.998473 
0.0107439 3.03085e-05 0.141619 5.21456 0.0525103 212.452 0.0168749 0.0426487 4.54291e-05 0.0605366 0.000610352 12.1694 0.00107244 0.000395032 0.0167728 7.97419 8.81369e-05 3.0913 
1.41764 2.50098e-05 0.000717663 0.00127584 0.000173043 0.0755678 0.221125 5.42969 0.063776 1.00495 0.0258337 0.776928 0.0403679 0.423507 0.00293046 18.9067 1.38538 0.0355488 
1.23453 0.0215134 4.87089 0.00296285 0.0047149 6.45381 0.118445 0.00721918 0.277539 0.0682111 0.454833 0.0255024 1.64261 0.000535751 1.27573 0.483603 0.0162775 1.55428 
2.12472e-05 0.000796486 0.000207769 4.36493 0.000703742 0.378206 6.86521e-05 4.52442 0.000139668 5.99353 0.0291621 6.2506 0.0145297 0.00208582 0.0260905 24.076 0.0101763 9.2842 
0.00940356 5.77968e-05 0.00103542 0.00187128 3.57106 164.473 0.00544572 0.0141653 0.00959325 0.0746408 0.032111 0.0491802 0.00479998 1.14998e-05 0.0800179 11.3684 0.0091737 5.12351 
5.02623e-05 0.00151306 0.0603952 0.0150144 0.25861 1.58732 0.000661032 0.00783559 0.000140893 2.86734 0.658405 0.079276 2.0776 0.134939 0.911021 1.22338 0.911454 4.08161 
0.16221 0.414479 1.67417e-05 6.60897e-05 0.00828984 7.31926 1.95453e-05 1.24633e-05 0.00021477 6.17319 3.82599 0.0138018 0.125193 0.000861444 0.000749435 19.307 1.66452 0.613995 
0.185 0.210207 0.000492498 9.39667 0.00260362 1258.05 2.30562e-05 1.83183e-05 0.074188 0.225668 0.49233 1.07462 0.000180378 3.18263e-05 6.48363 17.053 0.000132679 9.44073 
0.000197856 0.000263281 2.08057e-05 0.0116178 0.000170421 96.8423 0.741682 0.00796059 0.00147144 0.093136 0.00701269 0.151256 2.48306e-05 0.299356 2.19016 1.16849 1.18346e-05 1.18871 
0.104848 0.00014035 3.03604 1.02977e-05 1.29498e-05 9.34174 0.000530735 0.000183203 7.51259e-05 2.73321 5.35374e-05 30.9929 0.0051985 0.000513008 0.000448991 42.6573 0.0502179 2.89577 
2.6309e-05 0.0449779 0.00121185 0.0109424 0.000311442 2475.21 0.0417083 7.31317 3.14087e-05 23.6811 0.254899 0.116425 1.50182e-05 0.000384969 3.28716e-05 15.3606 0.0295422 3.98079 
0.00058216 0.0659633 0.000110059 1.22641e-05 0.000218094 0.137445 0.011879 0.000384381 0.0334543 111.372 0.0376139 0.0990707 1.71282 0.158735 2.89209 14.6373 2.7972e-05 4.36814 
8.7802e-05 1.40983e-05 0.0111923 0.000365016 0.00595415 263.437 0.280716 5.89367 0.00125771 0.0111829 1.48569e-05 6.57693 0.00413801 0.00585401 9.039e-05 3.41935 0.0150046 3.439 
3.41072e-05 1.70613 1.67534 0.465063 2.66897 0.133383 0.177934 0.0226175 0.00518005 0.837122 0.0653036 0.518464 6.69862 0.050112 3.95908 2.96631 0.000434548 0.236993 
0.43678 0.00018017 2.59658e-05 1.04647 9.08553e-05 98.3502 4.20124 0.00206955 6.95837e-05 129.056 1.95741 100.37 0.306565 0.0147364 0.190094 14.916 0.0369622 4.13723 
0.650689 1.89242 4.25218 0.000127461 0.00116482 2352.65 0.000137596 1.92966 0.0211931 0.655791 1.42707 0.101997 0.0076429 0.0405295 0.0453255 2.82412 0.149298 4.77461 
4.31124 0.00934535 2.57628e-05 1.86688e-05 1.13292 10.2932 0.0753489 0.0399343 0.000940256 0.251398 0.0159815 0.0765532 2.59138e-05 0.991188 0.0041687 0.490487 0.584534 2.60102 
0.0337056 0.000191668 0.00074819 0.000113908 0.176265 355.503 0.000706456 0.00175091 0.00258637 46.9074 0.00114406 0.432438 0.00309552 0.786836 1.14343e-05 28.0975 0.928484 0.0193896 
0.000202225 0.000365224 0.868624 0.0268212 0.0590276 2.8415 0.204001 0.000429966 0.000190128 18.5658 4.79079e-05 247.872 9.21724 7.91963e-05 0.0245574 19.3825 2.90763e-05 0.882449 
0.00605154 4.59228e-05 4.09497 0.0139696 0.000628974 3.55406 0.0676179 4.39907e-05 2.89237e-05 367.201 0.873389 477.186 0.000428149 0.40574 2.21986 0.756351 3.64828e-05 3.13017 
2.18007e-05 0.489985 0.00369247 4.11971e-05 0.000206524 273.874 0.00038431 0.566381 0.137436 0.289917 1.17915e-05 16.2995 1.18734 0.116337 0.00115095 3.57159 0.548091 0.460224 
0.00142222 0.000206892 1.01119 0.000332185 0.000387709 0.0243094 0.134645 0.000145545 0.0155193 0.349699 0.000131049 2.70903 0.0339459 0.000342259 0.000197888 17.7593 4.01956e-05 1.45197 
1.20455 0.0135529 0.000236335 0.00082439 0.000193465 1.5869 0.0401297 3.60299e-05 0.000147554 0.332813 0.28135 87.4614 0.000146541 0.00914424 1.34799e-05 8.39104 0.178574 1.26726 
0.000242785 0.503912 0.000809622 1.32315 0.00160921 0.0240149 1.06281 2.41711 0.00678986 6.82685 1.45183e-05 1.69956 0.00677135 0.00567735 0.0209716 4.43405 1.0044e-05 6.33063 
0.0352535 1.44688e-05 1.59262 0.00228008 3.94318e-05 1.78433 4.60768 0.00913504 0.000161267 15.45 0.0132138 0.0391918 1.35956e-05 0.220065 1.18842e-05 11.0606 2.02627 0.200301 
7.68561 8.2727 0.139491 0.00167021 0.0429135 2.2303 0.562892 0.362855 0.0170688 0.10938 5.34709 480.898 1.66606 0.00774016 6.39798 0.0682584 0.037407 5.52162 
0.0393982 0.0479022 0.00372873 0.00105499 0.00210085 89.7075 0.0685473 2.06345 2.85121e-05 0.0619018 0.000220096 415.892 0.0459565 0.00126571 1.49458 29.8542 5.49121e-05 1.4018 
0.0817334 0.000214928 0.000163823 0.000179456 0.00143476 48.8859 0.0485926 4.9321e-05 0.0441851 17.0547 0.000635521 24.1822 1.2343 0.00125711 0.703487 17.8759 0.00136324 0.352596 
0.0436237 0.00773622 0.00484756 0.000310234 1.3385e-05 1365.22 6.63003e-05 0.00575628 0.0269425 0.142589 0.0198871 0.0646437 2.05855 0.0533187 0.0856219 17.1343 1.42905 0.0965777 
4.38318 0.0236872 1.67342 0.000280214 0.380211 1248.02 0.00224838 0.00207842 0.0013152 0.0346322 0.00051263 0.701131 0.00276403 0.00786429 2.6724 40.8208 0.000406963 0.259371 
0.00721396 0.000298812 0.000216106 0.00549299 0.022559 72.29 0.666486 0.000121971 0.00811977 0.743654 0.914158 0.0173925 0.00177543 0.00298395 0.00388164 14.6765 0.94385 7.09033 
0.920084 0.00603087 3.52643 0.0452452 0.000876522 10.1855 0.000248333 0.0210566 0.00135594 0.748522 0.00338699 0.274455 0.0505681 0.000380042 5.31803e-05 14.9034 5.39405e-05 6.06339 
0.000457301 0.900482 1.44844e-05 2.1718e-05 7.2841e-05 860.056 0.166934 0.945051 0.00410217 0.0476461 4.81414 339.435 2.38986e-05 0.0155405 0.00012444 0.330029 3.68741 1.00868 
1.11168 3.17484 0.000146052 1.29347e-05 0.000875277 0.900174 3.38744 2.77941 0.0014685 0.121754 0.00132339 0.0406008 0.00613074 0.000497115 6.20908e-05 17.8671 0.107501 7.09353 
3.39782 2.20259 0.00106205 1.07068e-05 0.0130561 1.38124 0.00365865 0.0199133 0.0245634 0.425252 0.000768423 0.399687 0.0342913 0.0780761 4.27823e-05 42.6608 0.679564 0.0697891 
0.11974 0.0263011 1.44894 2.90124 0.211927 1.55952 0.000125247 3.73459e-05 1.56716e-05 1.29355 1.52343e-05 0.922744 8.37161 0.00649836 1.12242 44.3121 0.000403369 0.219799 
0.00206921 0.000300852 2.98759e-05 0.00010728 9.24833e-05 0.125622 0.000330264 0.00128873 0.00235824 1.33662 0.00730773 0.883742 4.95144 0.000310197 0.0144084 1.40376 0.161412 4.5758 
2.00842e-05 0.0103442 0.000105247 0.0587962 1.0521 0.0104328 0.567485 5.22593 0.00585582 100.176 0.00335578 0.0554506 0.537674 0.0341354 0.78707 13.6013 3.04312e-05 2.5382 
1.06432 1.18258 5.79029 0.00266866 1.6922 136.514 2.37713e-05 0.0106949 0.187538 0.462272 0.000652449 0.613396 0.353507 0.041141 0.634277 3.77293 0.0364899 2.08233 
1.07379e-05 0.00445819 0.0138915 0.0567029 0.0110051 0.0645482 0.0117722 0.00013479 0.000127469 4.41117 0.0119321 0.0229229 0.00140192 4.84077e-05 0.000108532 23.5194 0.0992854 0.530576 
0.0190202 0.0124791 0.518963 0.000226643 5.4859e-05 0.635723 0.00218577 0.274995 8.13977e-05 0.0211195 0.00629795 83.0056 0.331257 0.112955 0.264054 1.11411 0.0416775 4.47088 
4.20937e-05 2.34832e-05 0.000481739 0.00165598 0.0401957 53.9777 0.184796 6.40486 0.726531 62.6171 0.00418687 0.0288811 0.000145649 0.0217101 0.299588 35.289 0.000317447 7.72569 
2.5826 0.000556053 0.4932 0.00546615 1.28931e-05 0.368248 5.6718 0.00159623 0.358944 1.68184 4.13171e-05 0.013476 1.00189e-05 0.00120621 0.188182 22.2282 0.000277916 2.00959 
1.52367e-05 0.00129796 0.631484 0.0194571 0.00149801 306.857 0.0939419 0.000269984 0.132616 1.16206 0.00257168 2.31266 8.52896e-05 0.00209552 0.272594 16.5653 0.0324613 2.36739 
0.0021612 0.000330561 0.132028 0.0323063 0.00016805 564.362 0.00513315 0.444545 0.0122598 199.723 0.707148 4.34594 7.14475 2.46639e-05 0.000679984 25.0154 5.15857 0.922602 
0.016347 0.000253577 0.000264041 0.00990346 0.00281278 0.356747 6.98386 0.00279658 0.000392729 140.009 2.92262 0.0963299 0.000119081 0.000726025 2.76252e-05 27.1816 0.0283408 0.535497 
0.000167523 0.389857 0.00157869 0.547941 6.05757e-05 604.136 0.00840524 0.487814 0.0957354 10.5223 0.000208046 31.6827 1.42833e-05 0.511339 1.09479e-05 0.223417 0.16888 5.36093 
0.00226087 0.0357737 0.000569865 7.98651e-05 0.00328323 1.30856 0.000104249 0.00128736 0.000563562 78.5875 0.000161662 2.43279 3.90434e-05 0.00209914 0.792013 39.2825 1.49187e-05 0.943567 
6.74544e-05 1.83475e-05 0.0012399 2.6201 7.99736 120.087 1.12011e-05 1.38839e-05 0.00166191 0.0229582 0.00586877 14.3598 0.521284 0.22029 0.367445 7.06232 0.234464 0.0998779 
1.15321e-05 0.0748539 5.30608e-05 2.24733 0.669526 0.042067 2.58366e-05 0.0418615 0.0284308 0.818909 0.000103669 8.37455 0.00163016 0.0519087 0.0456383 39.5758 2.67174 0.276655 
0.199771 0.564452 0.00125093 0.161798 0.716435 813.662 4.38754e-05 0.119081 0.00194038 0.0259999 3.15191e-05 38.3682 2.74866e-05 0.0148845 0.00035586 30.7752 0.250109 0.0893954 
2.24208e-05 0.00586996 1.81622e-05 1.33142 0.0021275 484.186 0.000494371 1.83006e-05 0.0138305 28.8649 5.90399 0.0205669 0.0539475 0.0566183 0.0379625 14.5067 0.437579 0.212697 
1.49838 3.22568 0.00430585 6.37982e-05 0.00919428 0.0890177 0.000164965 0.0239699 0.0583763 5.30183 0.0001026 0.0808056 0.289233 8.62492e-05 0.000279737 34.0517 1.16894 3.0656 
1.70661e-05 2.11298e-05 4.60476 4.06622e-05 0.167063 0.0135666 0.0119637 0.0217827 3.94102e-05 0.0167296 0.000162629 19.716 3.88408e-05 0.281981 0.000451661 0.454352 0.238056 4.93455 
0.000975452 0.00911936 2.42323e-05 4.89415e-05 0.000194315 2.582 0.000839477 0.199954 0.0253548 464.348 0.011922 49.6058 4.60303 0.00803312 2.46945 15.4489 0.0690297 2.00625 
0.0197389 1.36733 0.0621623 0.619711 3.2424e-05 2029.59 0.000631035 0.000439345 0.00277402 29.7287 0.0130823 4.14216 2.3337e-05 0.0155141 1.13206e-05 15.9513 0.748118 0.400765 
0.00676313 8.77262 0.00052856 0.00303125 4.52982e-05 0.0959408 0.0154547 7.57089 0.000165391 0.0308554 0.0145646 0.0411785 0.000334065 0.000385983 1.10108e-05 21.3401 0.0010834 6.26517 
5.03143e-05 4.35061e-05 3.50507e-05 0.0182465 0.00128493 1299.99 0.0110149 0.0526684 0.320346 277.251 0.0121673 0.348325 3.23627 0.000819318 0.0671986 6.06351 0.000120407 8.7043 
1.98709 4.34764 0.0408973 0.000824921 0.977813 2258.94 0.786877 0.000101653 3.5843e-05 0.0116124 7.10752e-05 0.0966839 0.000622208 0.188502 0.605681 48.026 1.83737 0.104991 
0.464525 1.92323e-05 0.15679 3.0325e-05 8.64528 0.0451107 0.000842615 0.0595956 0.188695 0.0787027 0.000410701 1.35985 0.101058 0.0100493 3.35754 44.9582 0.000196969 0.212751 
0.000386853 0.00368123 3.26752 1.93094 1.55061 0.0477297 0.00311021 2.17221 0.00790183 282.873 8.1935e-05 23.1361 6.76652e-05 0.436508 1.34532 2.60916 0.0908824 0.654255 
0.00294376 2.26848 0.262992 1.64509e-05 0.000402166 1.7213 1.55547e-05 0.00183753 0.0136916 0.0297525 0.000108687 0.0318987 0.155991 0.00183451 0.0408423 12.6996 0.132007 0.513031 
6.4293 0.000423773 0.00130072 1.48764e-05 0.109422 2585.89 0.518314 4.37127 0.000276795 31.9915 0.00179143 13.7601 0.00241179 0.00492284 0.131543 18.6728 0.0001363 6.34285 
0.000515213 0.0145788 0.000233889 0.169668 0.459726 242.789 0.122595 0.0172702 0.0300421 159.858 0.000350528 0.350057 0.208652 0.00218068 0.364068 10.1437 0.000546255 5.90989 
1.60468 1.09314 1.3726e-05 8.18388 0.0033056 0.726092 0.000221639 0.0202254 0.0751435 16.54 1.79138e-05 0.0609649 0.0164339 3.07894e-05 0.0525145 26.1469 0.000362279 7.45748 
0.000260853 8.40331 0.001261 9.73112 1.78176e-05 198.823 0.0514113 0.0253517 8.16683e-05 0.483024 0.0323079 98.1008 1.64212e-05 0.000120511 0.0124342 49.2048 0.000902823 2.65594 
0.0022514 1.06958e-05 0.00102226 2.78468 7.44598 0.174391 0.0240955 0.000297989 0.108107 84.6963 7.44707e-05 375.733 0.0231304 0.00015679 0.154576 14.3699 3.50556e-05 2.62405 
4.30007e-05 0.000734266 0.162787 0.221556 0.904914 1.12828 0.0428082 0.00328997 0.105115 4.54517 0.00645968 0.0114848 0.000680738 0.197214 0.000422588 36.4214 8.63103 0.871402 
0.514431 2.55488 6.38933 0.0014076 2.26934e-05 0.208244 0.00104045 0.655423 0.0130456 2.20953 0.000566979 8.28882 0.00011575 0.000492533 0.0571495 24.632 0.00237296 4.44638 
0.000381717 0.194155 0.0234803 1.41315 0.060462 1094.69 1.26155 4.6624e-05 0.000871543 0.248453 0.000183999 0.20488 0.131108 0.00654416 2.61026e-05 13.7323 0.231827 0.762524 
5.68857 0.00619921 4.94017 0.000501055 0.0916735 615.709 0.0947422 9.05633e-05 0.139703 0.0206448 0.00116013 0.687093 0.00295943 6.488e-05 3.23934e-05 7.85729 0.00629121 5.45698 
0.161879 0.00291987 0.223059 0.0802197 0.142084 1296.2 3.76934e-05 3.92598e-05 5.9261e-05 13.9478 0.0258294 9.67126 3.67001e-05 0.0344031 0.340771 2.1993 0.0290103 6.34102 
1.00836 0.000703074 0.154935 4.11029e-05 0.0680157 364.007 0.00029174 0.20871 0.115594 2.41138 0.0054247 47.0713 3.59344 0.274777 1.33711 1.02499 0.0169078 2.56521 
0.0829319 5.53276e-05 0.141829 0.0882734 0.0920166 44.4473 0.0123548 0.000894447 0.00126862 0.0399854 0.000312244 28.032 0.0429755 0.000270146 2.88464e-05 15.4337 0.00417455 5.41441 
0.357315 0.00153068 0.562801 0.00683883 0.292018 0.189567 1.20907e-05 1.7425 0.000118405 46.7133 1.65745e-05 0.371998 9.923e-05 0.00113418 0.265347 36.3712 3.72745e-05 0.171432 
1.87576e-05 6.26286e-05 5.2215 0.0141211 2.09087 0.188012 1.09679 0.00986415 0.0247036 0.90556 2.242e-05 122.685 0.0207461 0.041834 1.55904 14.383 0.00034182 3.39793 
0.000705299 3.32927 0.000827801 0.00428982 0.000124552 2117.94 0.0232855 0.000339108 0.00472543 43.0822 3.03912e-05 366.201 4.17819e-05 2.92115e-05 0.000605815 22.1415 0.000311886 5.01893 
0.0875371 0.200879 0.0001023 0.00212107 0.00305182 0.0883452 0.00121676 0.225392 0.0855546 487.48 0.000137367 22.3096 8.82293e-05 0.000241754 0.00164934 16.9481 0.000224582 1.7814 
6.71169 1.80002e-05 1.48288 7.89714 0.000993534 129.594 2.15861 0.00158243 0.0928263 12.1126 4.16389 392.726 4.63006e-05 0.000913397 0.00152588 0.836066 3.40249 0.168588 
0.00453709 0.0275806 0.799073 0.59323 0.000270376 188.149 0.785761 0.0788947 0.00742332 127.341 0.00544909 16.8737 0.141806 0.00799661 0.779143 17.8389 0.010538 4.30916 
0.0160915 1.52221e-05 0.0028106 0.029245 0.255074 0.186851 5.57965e-05 1.76778 0.331092 11.2132 6.76796 11.3158 0.0566938 2.37086e-05 0.00122191 2.72511 0.384577 0.540347 
0.109439 0.0132094 5.89155 1.52411e-05 0.00102985 44.4768 4.1995 1.11497 1.01995e-05 112.863 2.68802e-05 0.910688 0.000981828 0.058062 9.80602 30.6884 0.015862 0.413581 
0.00418175 0.00392683 0.000272488 0.16588 0.0699642 58.7854 1.47692 0.0523494 0.000262284 0.385687 0.0978306 0.108143 0.0108507 0.00211208 0.105914 6.93494 0.00551209 2.57194 
0.045404 7.0684 2.75295 0.17439 9.08635 0.0283645 4.62274e-05 0.751861 0.14238 1.28986 0.000317514 15.5272 9.41743e-05 0.000382904 0.103219 33.7659 0.00320329 0.313216 
0.000441222 0.436624 2.27511e-05 0.00466129 3.86701 1105.27 0.00015783 0.00566734 0.000194556 227.901 0.0415626 0.989975 0.0106775 0.0268939 2.82348 37.1432 0.000918326 0.22045 
6.64059e-05 9.3845e-05 6.03801 0.374609 0.000536399 179.988 0.000457671 9.67186 0.000187004 29.7186 0.000344436 88.6444 0.000290589 0.000314973 0.00261365 27.9213 0.063542 0.42874 
0.000974292 0.160391 0.00709063 1.61391 0.000938963 0.351616 0.521031 0.000211971 0.0104304 169.128 1.50596e-05 0.0426859 0.000612418 3.27142e-05 0.255595 43.2313 0.00598554 8.57779 
0.0725041 0.267112 0.0108974 0.00737402 5.71069 113.77 0.0210123 0.000708136 9.21208e-05 0.150461 0.160296 0.548102 0.000366942 0.00167256 1.41147 24.03 9.04287e-05 6.72742 
0.276848 0.069402 0.0477898 1.9885e-05 0.00742443 1789.43 0.0041784 1.16762 0.000194582 7.08858 3.34313 0.171303 0.232763 2.6447e-05 0.149792 4.15058 0.0132135 6.53048 
0.00158676 7.41434 0.110771 0.0159035 0.18558 15.2421 0.948851 7.97293e-05 0.000854884 38.7453 6.57928e-05 6.3475 0.00161442 0.077904 0.00208472 5.49647 0.439293 0.658424 
0.000571508 0.000214814 0.0026854 0.00105896 6.20309 0.0122923 0.159142 0.000124489 0.242799 0.117657 6.46498e-05 208.726 0.0829056 0.23927 0.885925 1.45036 0.00128575 3.46957 
0.364455 2.80835 7.25161e-05 8.63391 1.03855e-05 243.534 3.11014e-05 0.000168702 3.26164e-05 4.64395 0.297151 17.9779 0.0344484 0.0493337 0.000310596 1.21203 0.26877 4.98382 
0.221104 0.000407168 0.000105521 1.2214 7.12469e-05 1.50152 0.00502974 0.00284054 0.00147865 0.0272776 1.61204e-05 255.149 0.000216403 0.190834 7.16546 17.5172 0.000149882 4.0501 
0.000858407 0.0219103 0.0567917 2.93608 0.0220409 0.0163278 1.77779 0.0459194 1.42362e-05 0.545621 0.0172871 11.255 0.000468164 0.00153558 0.000256751 35.402 0.23943 2.75673 
0.0950583 0.00358896 0.000883238 4.97101 0.0252944 2.60474 0.000189081 0.000157168 0.703914 2.23319 0.000340839 3.04334 0.0164622 0.000753902 0.403091 42.0767 3.24645e-05 0.40195 
0.0124792 1.56911 0.0846315 0.000263172 1.56285e-05 34.7458 0.000334585 5.01548 5.43093e-05 1.91128 0.00157187 113.181 0.384568 0.00026565 0.0429295 22.9517 0.000140648 1.37589 
1.12106e-05 1.09585e-05 0.128092 2.68972 0.125297 0.440261 6.50444e-05 0.0804504 0.0609678 499.625 0.00861523 155.723 0.00423495 0.00442461 0.000380156 7.55193 0.0629854 1.38391 
0.441139 7.10618 2.60436 2.36459 2.2243 9.46008 5.17127e-05 0.000107097 0.000151358 6.05275 0.260033 68.4502 0.0673557 1.33057e-05 0.00765917 5.98066 0.618815 5.41811 
1.13641e-05 4.15244 2.71464e-05 0.000547797 1.49771 575.531 2.01265 5.9693 1.38611e-05 0.0276021 2.05798e-05 82.1725 0.00492232 0.0659583 0.950592 24.6783 0.0547564 7.8339 
0.00525051 3.40487 2.34801e-05 0.459651 3.06897 0.0393628 0.0557033 0.00159818 9.6062e-05 0.393854 4.10498 0.79703 0.029102 0.173402 0.790218 1.1824 4.16235e-05 5.63333 
1.27423e-05 0.00470954 4.02845e-05 0.00713521 0.278883 44.5558 8.5372 0.132569 0.00012673 0.0494368 0.0246325 0.206871 0.000120569 0.00496871 1.60311e-05 7.20791 0.00921803 6.7738 
0.00010082 0.135478 0.000895703 2.67998 6.22161e-05 1.9721 0.00107602 0.00932032 0.00124689 0.307692 5.74693 0.171887 3.557e-05 0.0176228 6.1368 21.0337 0.00208769 1.87026 
0.0165166 5.28534 0.000848894 0.00209625 0.000374178 0.0214629 0.00147702 0.0922766 0.00416703 202.256 3.67633e-05 0.149426 2.54076 0.044194 0.838545 2.07161 0.00597875 5.44911 
0.00537573 0.535335 0.811249 0.000584729 3.86632 0.0211569 0.24085 0.02663 0.00275508 60.6274 0.234427 57.1649 0.00126032 0.0135684 0.337738 7.02748 0.000167702 4.41383 
0.000156323 2.23076e-05 0.0027472 4.98706e-05 0.0106935 3.49274 4.2366e-05 0.0230272 0.00325081 0.0805 0.123601 0.0248988 0.265398 0.00316416 0.645091 7.13101 0.112873 0.472949 
0.0033866 0.000363624 0.0430078 0.00538493 0.000254085 1893.6 7.31576e-05 0.577434 0.516288 0.0675394 1.47812 1.84365 0.000815922 0.0730986 0.000148345 0.758549 0.231216 9.5283 
0.0208452 0.000102495 0.00562185 0.0768331 2.27879 191.289 0.0620537 0.0206952 2.54359e-05 0.0658825 1.68994 0.401289 0.000877032 0.000172209 0.000165816 30.7923 0.189069 0.408222 
0.00267615 3.92785e-05 0.00369493 0.027597 0.103143 10.2825 2.89759e-05 0.00206053 4.33373e-05 11.3936 0.0135807 0.651625 0.00163637 0.00624054 0.000308633 17.5614 0.21514 0.292182 
0.395321 0.819863 1.26486 0.000129704 0.00208808 733.814 0.00724425 0.000522514 0.466752 95.0312 1.08459 0.131877 0.100412 0.337099 0.115538 21.676 3.56139 1.59397 
5.74434 2.60183 0.12829 0.00218223 0.000894691 104.03 0.00217746 8.73987e-05 0.000893635 209.115 9.09097 2.29836 0.661105 0.000365385 1.07599 49.0026 0.0254029 2.94235 
5.21733e-05 0.0724425 0.000486697 1.56327 0.000258015 0.168268 0.000250331 0.000425407 0.000455456 0.022751 5.81834e-05 0.0348391 0.267434 5.08646e-05 0.391157 14.0652 0.000990848 6.68637 
0.00829233 1.98347 0.000185992 1.12091 0.00164153 0.371176 0.00587912 0.0367769 0.0044658 14.6851 3.3805e-05 7.9068 0.071447 0.0181246 7.83259e-05 36.008 2.92286 0.675338 
4.15869 1.11308e-05 0.0608797 9.21549e-05 2.62872 49.724 1.46729e-05 0.171556 0.0955794 42.4454 0.00201131 216.262 0.559165 0.00241069 0.115296 7.15275 0.00131104 8.61217 
0.000428712 2.12458e-05 2.3537e-05 0.00125129 4.32168 17.306 0.286428 0.00445676 0.000211098 310.695 0.0182291 9.19916 0.0147831 0.00178144 7.90152 19.5988 0.00586875 2.63135 
0.117656 3.25355 0.000157738 0.000148885 3.24098e-05 0.112787 9.64832 0.000125168 0.000231819 27.8084 0.0169183 8.02767 0.4203 2.9889e-05 0.0179896 30.2386 0.0611029 0.704323 
8.21891e-05 2.99641e-05 0.000117235 0.014652 1.14902 698.367 0.000164474 1.47716e-05 0.11531 1.96538 1.51026e-05 6.10865 0.00191699 0.00664791 0.00831943 14.0828 0.236886 4.82904 
0.000156342 0.0214343 0.000230224 0.0971363 0.000419557 273.335 5.63158e-05 0.0118284 0.0844174 10.0756 1.39575 0.0910965 2.06792 0.0039085 4.58732 29.1852 0.00543188 4.80983 
0.00203714 1.68911e-05 0.000590014 0.00250588 0.00959938 1233.09 0.11875 0.000395436 0.152809 0.767959 0.0534251 0.0765094 0.0383352 0.0226785 0.035933 3.80552 0.0219224 7.94127 
2.19874 0.595052 3.30366 7.8706e-05 9.62244e-05 1786.73 0.0539805 0.0605691 0.0132063 12.9697 0.0120665 0.0126919 0.000533854 0.000357555 0.000525676 16.7367 0.00178774 3.57538 
0.00448854 0.00589669 2.28724 4.58372 0.0128942 1177.3 1.09013e-05 2.62153e-05 0.0251524 0.122 8.43519e-05 30.6778 0.00684131 0.000173531 0.000321465 14.2286 0.016352 2.46921 
0.004413 0.0016147 0.318643 0.124925 0.000593959 0.0247624 0.00215569 0.196761 0.000165376 35.4142 0.0909175 268.066 4.2392e-05 0.165045 0.000820346 2.39044 0.573803 4.64069 
6.8259 0.047334 3.60038e-05 0.011372 0.10692 673.132 0.00254653 0.000375116 4.03609e-05 4.78995 0.0238579 146.193 3.75597 3.23971e-05 0.881883 2.2083 0.00175289 3.73269 
0.00368598 0.00383788 0.00975384 0.920858 0.363449 3.53517 0.0108643 1.85997 0.223326 0.0677133 0.000412793 0.284511 1.636e-05 0.00786796 1.15027 29.6057 0.778872 2.52972 
0.000205554 1.10007 1.15813e-05 0.00245599 0.0101974 33.676 0.310376 2.65367e-05 0.000474765 0.166162 8.51116e-05 22.9616 1.06639 0.317092 0.0052685 0.538521 0.35136 3.41755 
0.00157363 0.0339761 0.295651 0.295501 2.21001e-05 23.6493 1.73085 6.39911e-05 2.06284e-05 17.5116 0.0846442 73.729 0.000275501 0.390587 3.56273e-05 0.454035 0.357541 3.97648 
0.108721 0.847772 4.05336 0.000129639 0.263204 175.993 0.237572 0.131454 2.72525e-05 70.9943 0.282581 1.18896 0.00106701 0.00128715 0.0345772 4.9908 0.00600745 7.89666 
1.63931e-05 0.00061521 2.37548e-05 0.00253729 4.00801 0.010598 9.16668 8.94513e-05 0.00199841 1.13251 9.61823 391.805 0.349777 0.221888 3.45609e-05 9.66754 4.48579 0.0491934 
0.0255251 0.00376196 4.49381e-05 0.000224736 0.0172546 40.6771 0.00306289 5.84587 0.000486326 0.302816 0.0124897 4.50897 5.58574e-05 0.00982319 0.499124 8.04957 0.0895019 1.88362 
3.85172 0.248561 0.0646989 0.723082 0.00280664 23.2967 0.34927 0.00815165 0.000312448 25.0014 0.233118 0.106122 3.44616e-05 0.000483019 0.677007 32.0562 7.73234e-05 1.12901 
0.000121893 0.00248015 4.69762e-05 7.68956 0.781624 201.481 0.0370129 0.0480529 0.000600816 1.1861 3.63839e-05 0.0434654 0.0459649 3.25385e-05 0.219446 17.2371 0.137398 0.636011 
0.0723579 0.315229 0.00665078 0.000107612 0.00463576 199.945 6.3571e-05 0.799235 6.9291e-05 491.581 1.34671 5.26877 1.6918e-05 0.0135143 7.1117 18.7558 0.000271347 3.50314 
2.5059 7.77405e-05 0.202149 6.87199e-05 0.000503774 13.9876 0.0809334 0.00101497 0.000542431 40.0612 0.448 1.65538 0.000136222 0.00346703 9.34968 32.705 0.00217814 0.78313 
0.0240286 0.0263621 0.0634191 0.00165298 0.0139649 355.624 0.0710228 0.246433 0.0280051 41.3238 8.627 92.0827 1.22314e-05 0.00369806 7.62775e-05 4.34731 1.52459 0.927472 
0.0314862 7.15747 0.021663 2.63086 0.000335459 0.324943 5.63735e-05 3.64571e-05 0.415887 0.0604362 4.54987e-05 25.4614 0.00244201 0.00326138 7.13064e-05 17.8224 0.123904 3.49435 
0.156775 0.0757367 0.00162954 0.00227353 0.00116413 2.06802 1.3305e-05 6.3343 0.835935 0.214027 0.205125 114.434 0.00122762 0.629539 6.36496 0.802283 6.6577e-05 1.70065 
0.0095223 0.000425042 0.316962 2.09457e-05 0.000329073 1.17426 1.45992 0.000837497 0.0318115 175.792 0.00027157 0.586372 0.00141098 3.23584e-05 2.46051e-05 12.9076 4.59979e-05 5.46888 
2.54912 0.000912854 0.22497 0.309842 0.000729439 0.527849 8.45814e-05 0.00203789 1.85641e-05 2.73656 0.127507 28.7862 0.000696799 0.211629 6.59362 8.1674 0.000668305 4.74561 
0.00338019 0.0592032 0.00102609 2.5284 0.0491841 0.107988 0.0016095 0.000713866 1.83792e-05 0.0908777 0.221465 307.414 2.79797 0.036036 0.000161957 1.69099 1.37524 1.10103 
8.49746e-05 9.15393 0.015708 0.00662459 3.05268 2775.46 0.207017 9.34072e-05 0.867078 148.707 0.00465734 0.618158 0.000330804 0.780189 7.61281e-05 4.02308 1.41014 0.123757 
0.265631 0.464408 4.87685e-05 0.132409 0.00179193 1559.72 2.61849e-05 4.02308e-05 0.226805 0.842468 0.000261169 0.108207 0.469231 0.000558065 0.277519 8.73242 0.000222128 5.1658 
0.334096 0.375146 1.92967 1.3155 0.000124114 366.799 2.93557e-05 2.1731e-05 0.726894 106.613 4.629e-05 0.27358 0.168369 0.0244172 4.315e-05 20.74 1.592 0.637733 
0.00818529 0.000217087 7.9531 0.00365556 0.0446499 84.6925 0.579131 9.91026 0.0657125 62.4421 0.0652788 35.7071 0.116494 6.67005e-05 0.00256962 46.7541 0.268346 0.187906 
0.00625484 0.021264 0.0525374 7.26071e-05 0.264558 306.22 0.016991 6.67517 0.262385 326.581 0.00159557 61.3657 0.227022 0.0450878 1.39249 3.48413 0.0711475 2.38751 
1.35469e-05 0.000435393 0.00332779 5.14779e-05 4.05679 2421.76 0.0109932 0.000161209 0.0188437 0.297902 0.245931 0.0334347 4.39201 0.0898101 3.66904 0.978599 2.8775e-05 9.85797 
0.000108511 0.00381237 0.00129117 3.64126e-05 1.99847 0.737265 0.264457 0.129069 0.0246834 0.0134514 0.00105103 0.242295 5.96813e-05 6.51578e-05 0.108227 32.1049 2.09454e-05 2.41282 
0.60976 1.59592e-05 0.0528627 2.46125 1.16756e-05 0.0549133 0.000211991 0.0626303 5.06412e-05 0.0678537 0.0274104 0.256651 0.198098 0.0280034 0.00153455 3.19007 0.563321 3.01497 
0.26445 0.67082 0.133867 0.0292335 0.0141744 0.690496 3.27797 0.0208986 0.155482 19.5923 0.0542423 0.0109322 0.000924936 0.0122782 0.050208 6.36172 0.000156014 9.1736 
0.00752285 1.34533 0.000134073 0.0573361 0.0944265 1.09812 0.178315 0.0254389 0.0531094 1.70593 0.0974864 1.73164 1.56429e-05 0.52352 0.000183144 43.5263 1.2715 0.0286122 
0.000149551 0.00125041 0.00018723 0.00541411 0.0632989 5.58747 0.00030178 0.365372 0.00321706 0.0277673 0.00305715 0.0191529 0.000271262 0.0648838 2.17819 7.22749 5.81724e-05 3.81483 
2.92109e-05 1.26069 0.0554139 0.000135821 0.0195416 529.313 0.0116109 9.91643 0.00212504 0.0146153 0.311041 0.0113999 8.93155 0.00119716 3.09582 7.50172 2.47258 0.234854 
0.328111 0.0272406 4.59485 4.01611e-05 3.40087e-05 12.1369 0.00239531 0.172862 0.101314 82.6492 0.0571953 17.0969 0.00023108 0.000841143 0.491293 13.8498 0.286373 0.150102 
6.33326 0.0127462 0.00330024 1.84739e-05 0.00271972 1487.54 0.13719 0.512115 0.00058792 18.7094 1.32855 0.155712 0.00394462 0.166917 0.0121456 0.833468 0.33746 5.58124 
3.93836e-05 0.000524705 7.40124 0.031374 0.0106512 119.465 0.000300945 1.63168 0.000102794 72.5815 0.0535882 145.663 0.00921937 0.0113461 0.277346 20.7706 0.0100259 5.22829 
0.00120241 1.78366 0.0478602 7.45645 2.62882 1271.13 5.20348 0.00186361 0.0222687 43.7923 0.000317802 0.0103325 0.0336661 0.0181319 0.0807495 15.165 0.521932 0.332645 
6.17073 0.0110154 1.5456e-05 0.001639 3.01895e-05 33.1794 1.53772e-05 3.6736 3.14183e-05 0.459743 0.0332723 2.20337 0.261145 0.0028375 0.158619 12.6332 0.212536 5.21304 
1.129 0.0656046 2.24385e-05 0.124037 1.22411 0.139404 0.0046709 0.00369876 0.000360167 0.165769 0.000364827 0.691954 1.27266e-05 0.00496207 3.11332 47.8863 0.731713 1.8235 
0.000106229 8.14317 1.8171 0.000477657 3.967 0.137187 1.15376 1.83264 0.157922 0.174378 0.00466799 93.8862 0.000110607 0.0109398 1.26994 0.266282 0.850174 8.84528 
0.227193 0.0011822 0.0187638 0.00165196 0.368201 0.0664479 9.0465e-05 3.60732 1.0205e-05 1.56284 0.000228057 423.368 0.0114266 0.804871 0.310546 0.226521 0.22466 2.04593 
0.440052 0.000269507 0.315486 1.13204e-05 0.00505164 1.80405 0.0280247 1.35255e-05 2.90748e-05 334.971 0.0031218 6.72859 4.58692e-05 0.000439588 0.130499 19.822 0.000113135 9.73041 
0.00169083 0.151351 0.0015644 0.00870376 1.35303 0.0246142 6.48222 3.06199 0.0129068 0.0113525 2.54046 0.569181 2.87128e-05 2.79262e-05 1.78894 34.3914 0.0585066 2.36756 
0.00387423 0.00747406 0.00136541 2.2162e-05 0.00347214 2.62131 9.1243e-05 0.00260891 0.233377 230.457 0.000728603 2.34273 0.000112068 0.000478683 0.787302 15.1026 0.000754844 7.19686 
0.00023325 5.74493e-05 0.00942172 0.00217131 1.58084e-05 0.0100298 3.78579e-05 8.99971e-05 0.359166 57.5775 0.00294062 0.0444491 0.210796 0.00062755 0.0140336 49.6467 0.0769131 3.48447 
0.0274829 0.800852 0.00528897 0.000447083 1.0143e-05 18.3735 0.000160717 0.000200522 0.0144157 322.662 0.000786047 66.5501 0.742142 0.00638339 0.787341 18.4094 1.22465e-05 9.5904 
2.18606e-05 0.0555635 1.27681e-05 2.51296 0.543234 7.81745 0.0785427 2.17665 0.0317299 0.422927 0.00020056 0.0155889 0.237743 0.00721458 0.302582 14.0061 0.0990628 0.785547 
0.00755735 4.94321e-05 1.75412 0.00728725 4.27584 57.123 0.00100669 0.164604 0.06835 0.311604 0.0395593 0.0170528 0.00676944 0.0620188 0.139019 35.699 0.512978 1.8194 
8.51063 2.27573 0.101665 6.30064 1.54145 0.896072 0.000432736 0.00223392 0.0363522 1.93453 0.324775 203.063 0.000274264 0.00157509 0.000333223 6.96312 5.58124 0.212488 
1.26294 0.00848748 0.000842599 0.00768762 0.0307674 1.63856 4.56295e-05 0.000350464 0.252249 2.8301 7.72813 0.227851 1.01979e-05 0.00592235 4.56474 13.5569 0.0161442 3.49691 
0.000343338 0.000356356 0.350738 2.53441e-05 1.24139e-05 65.0364 0.00082666 0.0029811 0.412951 278.352 0.00227133 0.0923399 0.177943 0.0137259 0.803122 29.9445 0.153693 0.480795 
0.00119931 0.000354919 2.07296 0.250456 0.0433095 6.31329 0.0249217 3.63964e-05 0.0210234 22.0837 0.290277 1.06067 7.04664 0.0262643 0.000869236 14.7741 1.47007 0.696798 
3.44142 0.00471821 0.0001957 0.0403524 8.23553 0.0159684 0.000828624 1.79062e-05 0.00447124 32.6984 2.97126e-05 6.3056 0.000220543 0.0121586 0.0602533 4.53867 0.493941 5.3978 
0.000818243 0.0627788 0.000134456 0.00864156 0.00194219 632.581 2.8751 9.05558e-05 0.013209 287.273 0.00805335 0.64595 4.2658e-05 0.540559 0.510222 3.63218 0.98836 0.324459 
3.89691e-05 0.0930613 1.16561e-05 0.187053 0.0498263 0.0406771 0.000107186 0.000771938 0.000275684 34.6635 0.722127 12.3771 0.404983 0.0041389 1.01005 11.0969 0.00292753 6.4867 
0.000108932 0.205921 0.000532644 7.44716 0.000424472 271.131 0.0235737 1.11657 0.20698 18.0192 1.32681 0.356712 0.000137551 0.361564 0.00120449 23.1136 1.16945 0.0553382 
3.35852 3.78887 0.567776 7.98043e-05 4.00216e-05 1926.71 0.906926 5.33836e-05 0.112182 0.809614 1.47031 0.577534 1.52852e-05 0.197018 0.62263 5.69363 0.46029 0.444999 
2.08678e-05 1.05261 3.13131 0.000546012 0.00037928 744.701 0.356399 0.23069 3.02602e-05 0.0428331 0.00113815 0.0769447 0.00126968 1.42809e-05 0.0539417 41.4963 0.0239313 0.524562 
5.56443e-05 0.0315064 2.14994e-05 0.0014428 2.48797 565.001 0.000214398 1.0418 0.00537401 0.0698712 0.533532 9.6994 0.000322176 0.0318306 0.00044404 14.4892 0.618494 0.518932 
1.6093 0.00182812 2.24349e-05 8.27535e-05 0.000294727 74.1961 9.14317 0.0002911 7.16704e-05 19.7188 0.0368821 486.664 0.000304875 0.0128681 0.249247 9.27949 0.138583 1.69604 
8.26104e-05 0.122459 0.371688 3.71965e-05 6.41019 0.0837553 0.680325 0.392332 2.17526e-05 1.85306 0.122389 139.576 2.5348 0.00676275 0.797351 31.9895 0.0655074 4.89955 
0.000662112 1.40321 0.000290339 0.122082 0.298654 5.42125 0.0196808 0.000825255 0.00214187 4.65918 3.78308e-05 129.884 0.100668 0.655935 0.00126232 16.7156 8.48828 0.812134 
0.000472417 0.000117051 0.00515747 1.42121e-05 0.13607 3.20426 0.300373 0.0650645 0.031628 1.81784 2.23941e-05 0.570737 0.000155519 0.000138053 1.5057 34.1958 0.000752817 9.92151 
0.000415111 0.000860443 0.000205419 0.000148883 0.597887 0.116031 0.0871331 0.0603331 8.58153e-05 4.34258 0.600968 0.10106 0.000149716 0.0130789 0.997127 47.4153 0.0113169 5.75005 
3.23883e-05 0.194371 0.00733286 1.50925e-05 3.54172 0.060378 4.03822e-05 5.73956 0.0456222 0.227478 0.0033945 0.663786 1.01729 0.000948414 0.193719 3.45133 0.223054 7.79677 
0.0360111 1.5251 0.0192864 0.00022552 0.227471 0.0293316 1.78917e-05 0.00159337 0.000625671 29.9191 0.000125339 0.0885632 0.406838 0.39951 2.25305e-05 42.521 4.24717 0.132971 
0.000401309 0.00536775 7.844e-05 0.247101 0.000728759 28.5029 0.909978 0.00182956 0.0202233 10.449 0.0100094 73.2028 0.0672009 0.43033 0.826095 7.68815 2.16287 0.743426 
6.36482 3.63957 0.0484961 0.00949876 0.000570586 0.978346 2.52437 0.00038503 0.118014 0.0873162 0.736238 1.34747 0.014712 0.332883 9.11991 31.1378 0.303474 2.15159 
0.000145755 0.000575205 0.080436 1.86511e-05 0.00458852 1.35393 0.244769 0.788211 0.000195558 0.63049 0.00887364 0.706184 0.000278765 0.000326211 4.28838 26.0722 0.00706326 9.16416 
1.27462e-05 0.032499 0.00215067 0.000185161 7.56998 141.911 0.000144759 6.922 0.000163678 30.3462 2.26057e-05 11.7367 0.000187534 0.00548146 0.018104 30.4426 0.333437 6.30795 
0.000810367 0.00311378 4.89242e-05 0.0229453 0.000327866 0.526735 0.0686587 0.0172431 0.0119439 0.226892 1.19287 3.75905 0.00951204 0.373038 0.0353922 22.0251 2.66558 0.520279 
0.0211105 1.67335e-05 1.1557 6.96916 0.000507314 783.891 0.0175942 0.00568379 0.00242013 58.1132 0.000136624 66.3399 3.3841e-05 0.0303014 0.000921029 34.7878 0.590672 0.428475 
8.50734 0.0051502 0.0138878 5.98519e-05 0.000636965 31.8301 1.33449 0.0117447 2.34481e-05 48.4154 0.000173245 0.818918 0.0810287 1.65722e-05 1.43456e-05 45.0236 0.143898 0.554814 
0.0316851 0.0435388 0.000425145 0.000747098 0.00948452 0.38245 8.68543 1.57481e-05 0.00224111 302.108 0.00103472 19.6966 0.121766 0.11391 4.27832e-05 5.81514 1.12477 1.51797 
0.0143425 0.00176466 1.06482 0.0110834 0.000119772 3.45782 4.55054e-05 0.00024133 0.0730132 0.102625 3.81177e-05 0.436978 0.00102483 0.291176 0.48779 22.2517 1.06341 0.473749 
1.57154 0.00177514 1.19915 0.00657092 0.0834627 0.867749 8.95027e-05 0.133959 0.00150474 7.57401 0.0142795 0.101335 0.423802 2.09754e-05 0.405603 19.2734 0.00268252 5.03039 
0.453165 0.0410771 0.000331292 0.0756829 0.382704 240.199 5.76733 0.000101079 0.895623 132.999 0.000124069 74.1053 0.00942533 0.0622635 0.0329467 44.7946 0.898884 0.138206 
0.00354676 2.57397 0.386136 0.143236 5.48257 0.0266312 0.00172854 0.000353207 0.00449974 133.708 0.87474 0.0767672 1.64324e-05 0.187468 0.00587655 2.59321 0.874833 0.430943 
8.75396 0.208122 0.00383354 0.0307308 1.41853e-05 17.7887 1.22413 0.00880382 1.45119e-05 4.1962 0.740085 0.275491 4.41441e-05 0.000342673 1.47691e-05 33.045 0.122079 0.695953 
0.000175837 0.000116 0.00609722 1.2041 0.268001 9.37025 0.00170311 0.171114 0.374568 1.40067 2.87379e-05 0.433325 0.276602 0.000196821 0.74675 38.8619 0.000150886 1.08661 
0.00132779 2.81512e-05 1.35036 0.000458303 1.62556 8.22437 0.41379 0.000209185 0.0183636 238.719 0.188057 4.70191 0.0010901 0.0115801 2.25586 14.2406 0.0105806 1.65305 
8.08455 0.206335 0.00723314 0.869472 0.148262 1.1181 0.118813 0.00157902 0.00147835 184.723 1.44598 177.272 4.74302 0.000553533 0.00417626 17.1022 0.780192 0.61445 
0.000652251 0.000213015 0.040139 0.000387251 3.5987e-05 707.19 0.26248 9.827 0.000681522 0.0109908 0.203318 4.16 0.00349955 0.537744 9.02142 4.48354 0.0850221 2.11568 
0.321443 0.093618 0.000255366 1.80527e-05 0.00709698 2.23422 3.321e-05 0.100535 0.198215 326.221 1.28189 38.3618 0.000193501 0.000173781 3.67349e-05 19.5178 1.85506 3.62303 
5.21249 0.000143536 0.00015269 1.37228 0.442013 2.44448 0.441907 7.45583 0.244642 0.848272 0.00116679 48.4248 0.273966 0.213683 0.216798 0.653415 0.141849 9.59429 
4.47461e-05 0.0199276 0.00781558 0.000622138 0.000548039 0.315159 0.0881231 1.97212e-05 2.79953e-05 0.0556601 0.000135231 13.0373 0.0030501 0.00239513 0.220444 20.966 0.0198713 6.22123 
0.00366129 0.000244736 9.12027 0.187337 0.000374772 6.15015 4.8683e-05 1.11179e-05 0.000106935 52.623 0.00471303 21.2157 0.0663588 0.00334776 0.6158 11.9854 2.93452e-05 3.67662 
0.0192415 0.0333765 4.53394e-05 0.000134174 0.000866197 164.444 0.000538333 1.08531e-05 0.468888 0.257084 0.00011554 0.0122935 0.00707118 0.403586 4.17354e-05 1.0073 1.29465 2.11241 
0.149949 0.274599 0.000768787 6.03837 0.00118521 4.94861 2.39422e-05 0.000802699 0.657681 1.07564 0.000391823 0.0155333 9.85799 7.38756e-05 1.09564 5.34468 0.0972301 3.27471 
4.97615 0.0863139 1.25189e-05 2.19146e-05 0.217309 253.874 0.34341 4.20142 0.00020769 1.7761 0.0999813 0.0603797 0.000208135 0.000156673 0.346318 20.8723 0.046606 1.59403 
0.000623698 0.00107539 2.07363 0.000168811 0.0593512 0.0715886 0.00342391 0.772648 0.0108907 290.765 0.0389656 51.787 2.11485 0.0509831 0.010858 20.147 7.32525 9.18677 
0.185412 0.126603 0.768293 7.42249e-05 0.0458417 4.01472 0.0507733 2.95411 0.0046154 0.314757 5.34373e-05 3.62019 2.2678e-05 0.396363 1.05439e-05 28.1777 2.12375 0.0688363 
0.00183449 0.0641015 1.24485e-05 0.212173 0.00227055 1183.84 0.00422875 0.000770259 3.39038e-05 6.4494 5.18059e-05 0.114649 4.86698e-05 0.000296435 0.00476772 26.1251 0.120926 1.25313 
0.000200343 0.000144291 0.00542916 1.30556 3.44595 0.0754965 0.0785988 9.90126 0.11798 304.604 2.08926e-05 2.54587 0.00226454 0.16759 2.08302 8.91436 0.71516 0.935559 
0.00432174 0.00829311 0.00480585 3.13093e-05 0.0929138 2649.63 0.0949902 0.4843 0.0183281 1.13787 0.0113556 0.317797 1.71752e-05 0.00205223 8.21884 41.6714 1.02537e-05 6.26003 
0.00106442 0.00940274 0.0148694 5.82257 0.245388 0.116703 0.00913754 0.126374 0.465775 0.0579317 0.211356 43.5763 0.00640521 0.384775 0.234332 11.9876 5.85119 0.331238 
0.000131879 0.233457 0.00121238 3.18057 0.299525 3.29385 9.22397e-05 0.0154921 2.56783e-05 0.603178 0.00712182 0.0241089 0.000276845 0.00047539 0.0416157 24.7151 0.0465683 5.40939 
0.0474956 0.142564 0.0010198 6.66075 1.37168e-05 0.0376038 7.19362e-05 0.76021 0.0951265 1.59432 4.65761e-05 0.245252 0.0312969 0.00840117 0.234196 6.45249 0.402057 9.52073 
0.000546677 1.75787 0.0424615 0.00386147 0.288288 6.18468 0.000139744 4.30556 0.000188301 0.416172 0.00414438 0.308497 0.01416 0.000757489 0.0549135 16.5892 0.0406848 9.68698 
0.029146 1.43846 0.703658 9.18215e-05 0.021106 0.0281517 0.0140634 0.0463124 2.82385e-05 0.095634 0.00167713 89.4035 0.00428076 0.0888613 0.00078926 1.98141 0.512593 5.34472 
0.00626231 0.00101637 0.00175252 9.32559e-05 6.54977e-05 13.114 0.390693 0.000164925 0.000102481 11.7204 0.0471713 41.3246 0.000445082 0.000250095 1.1712e-05 22.9184 0.489093 2.31542 
0.0266532 0.0149364 0.00731734 0.00206019 0.00478853 13.0667 0.0105433 0.0461191 0.604275 1.70893 9.89099e-05 3.02909 8.04799e-05 0.0012784 0.0365349 16.1813 0.303824 1.37147 
0.393721 5.17087e-05 2.92625 3.40465 0.0620468 1.8334 0.0262031 0.000300204 0.462117 114.013 0.00220825 127.704 0.000102211 0.234528 2.21323e-05 1.61004 1.94666 6.31178 
1.17008e-05 0.000513701 0.0276723 0.000130965 0.000675512 0.0624575 8.30822 8.5711 0.100309 0.100503 0.00132413 97.8476 0.636257 0.0161181 0.00240759 2.73179 0.793467 0.356217 
0.382168 0.000261801 0.196556 6.63093e-05 1.2781 32.6049 0.19323 2.29198 0.023938 0.0345954 0.0255074 2.89425 0.00177151 0.00509889 1.49422e-05 36.2403 0.76599 1.22477 
0.0445522 0.566456 0.00380923 5.24754 0.233118 700.815 0.000331841 0.000597335 0.0111907 0.424931 1.02342e-05 0.0526948 2.86766e-05 0.0053733 0.000378349 11.4092 1.30322 4.05397 
0.656823 0.00698237 0.065201 1.31807e-05 1.13966e-05 1241.67 3.13075e-05 0.00624659 8.39879e-05 89.5693 0.0152833 123.183 0.000710433 0.260172 0.103637 2.16804 1.80377 2.86022 
6.77773 7.16927e-05 0.0118329 0.115413 2.33976e-05 0.0242351 0.0427715 4.79676e-05 4.59578e-05 0.0737006 3.05474e-05 0.0172693 0.176536 0.000672644 0.00165516 14.2258 0.29537 4.75417 
0.00023593 0.0039684 0.00974011 0.00012237 0.0644607 52.4408 0.00143825 1.69852 0.470759 0.666747 0.844747 13.4494 0.00970175 0.0146173 0.010538 1.35876 0.747654 1.00634 
0.00411471 0.10586 5.15783 1.78712 0.00414453 0.439499 0.0228767 2.64913e-05 0.0303494 4.23396 0.000472425 0.0313208 0.0513876 0.116467 1.85309 9.14937 0.145334 1.70308 
0.00284328 0.423812 0.000130312 0.15639 0.0709519 2.75893 0.00518346 0.00704609 0.104523 0.278374 0.0377665 0.0117797 0.00668737 0.187266 0.093625 2.66074 0.661813 5.77136 
0.000510399 0.304219 2.86889 7.79375 0.00134691 1.32874 0.434747 3.77277e-05 0.218241 0.561783 4.57555e-05 0.051522 2.31822 4.5898e-05 0.0210357 6.27785 1.01997 4.86575 
0.0212019 0.0363389 0.000613833 0.00296436 0.00181441 0.868577 7.09546e-05 2.91457 0.000173899 262.993 0.0992994 0.0877482 0.000615814 0.00334467 1.44911 16.9699 0.0449786 3.50653 
6.89518e-05 0.266846 7.28359 0.480177 0.0412309 48.6055 0.00118441 0.00209021 1.17244e-05 1.5434 0.000344083 109.399 0.343463 0.0393823 0.358949 9.03782 0.637654 1.57777 
0.0274081 3.58077 2.21001 2.7551e-05 0.000940474 22.2343 1.47715 6.6808e-05 0.386325 0.0103893 0.265362 0.0211353 0.161452 2.54707e-05 0.00408831 20.2561 1.42181 0.455943 
0.0214495 3.80354e-05 6.97717e-05 1.9449 0.0167843 85.2084 0.00081117 1.87668 0.027159 0.0819573 0.900506 0.183708 0.477502 0.187474 0.000111528 17.279 7.00929 2.84506 
1.02451 3.49819e-05 0.0690545 0.00125673 0.0611975 0.304156 0.00131397 0.00082529 0.00114738 1.37942 2.69634e-05 212.586 7.98309e-05 0.0107719 0.000903964 32.1309 0.719733 6.90817 
0.0115479 0.0014375 2.20478e-05 0.00570627 1.80474 0.283736 0.000958818 0.000107858 0.0014219 69.5112 0.0190934 0.0441773 0.000211905 0.0352794 0.000132563 2.85139 1.16068 6.90639 
0.00161621 2.71194e-05 0.142856 0.0516563 0.00182595 1.5464 0.00258514 0.0624844 0.131278 22.9077 0.301269 0.0460679 5.97064e-05 0.614146 0.0190502 25.3134 2.64566 0.0800431 
0.00177676 0.00823694 4.91978 6.24522e-05 0.457213 9.79413 0.0252367 0.00407015 0.00579575 0.283463 0.147563 0.184783 0.000386872 0.358639 0.000250663 1.90828 1.82083 2.20419 
0.011102 0.00353016 0.00149269 0.756698 0.000524333 103.54 0.00093776 1.09807e-05 1.54805e-05 0.0255495 0.0568755 0.296649 0.416617 0.326478 0.0751941 8.80656 2.35408 1.02798 
0.0133941 0.235481 0.000124042 0.581236 0.161398 0.0109516 1.00055e-05 4.35263 0.00489761 0.0683541 0.0421727 8.42656 0.0505229 0.200529 0.000592215 1.28206 0.740745 6.40839 
8.2779 0.0419394 1.59823e-05 0.251422 1.96807e-05 0.594809 5.09914e-05 5.10257 0.0554309 0.0514287 0.663982 206.382 5.70228e-05 0.000184353 0.0367036 2.4138 2.02616 0.376985 
0.0835118 0.010839 0.000107467 0.00105462 8.84897e-05 0.743794 0.00871539 0.309464 0.0016488 1.5917 0.947863 0.0110361 5.39761 0.000493226 6.29519 3.73597 0.0737352 3.82152 
7.14738 1.47347e-05 1.24636 0.000364718 0.010463 0.686868 1.34611e-05 1.37589e-05 0.00704187 76.7042 0.000395861 7.48076 0.0942083 0.14725 4.22396 6.48085 0.0298639 5.77686 
0.109405 0.000821772 0.000504178 0.0167432 0.000363087 0.168184 0.0560007 1.88983 0.0435576 0.298322 8.83123e-05 2.29331 0.00197919 0.0115346 0.00622659 31.6124 1.2978 3.0873 
0.0905788 8.1826 0.00176677 0.00101249 0.0137399 1288.33 1.03461 4.60191e-05 0.000108675 0.705862 3.18658e-05 0.0763783 0.0872627 0.00389013 0.000110297 12.8208 1.42809 8.31456 
5.66874e-05 0.000115482 2.72003e-05 1.67296 2.59893e-05 159.434 0.0186755 4.85081 3.09957e-05 37.9541 0.00241657 0.0145831 0.000241917 0.193031 1.59318 3.84916 0.302425 1.18394 
0.000243499 0.080415 0.101499 0.00447837 0.00219268 0.379614 1.82574 0.000109244 0.0476722 166.232 0.0105254 0.537635 0.00181709 0.00581063 0.00147253 30.7186 0.795979 4.00183 
0.000586216 0.179992 0.00042444 0.0177251 0.000157883 1051.82 0.00390779 0.000259889 0.00794869 0.0111909 9.11294e-05 0.156374 0.00807645 0.00937784 1.49729e-05 7.09372 0.626991 3.21728 
0.000255491 0.00138064 0.0289786 0.00011062 1.58848 0.0553378 0.0018092 0.00062348 0.176622 48.8985 6.64022 0.0158678 0.00153537 0.00136256 3.01122 23.0911 0.0563153 8.33318 
0.00912307 4.36062 0.00373265 0.00469378 0.796529 2565.62 0.000478033 1.22104 9.59652e-05 57.6662 0.507448 56.2398 0.000144821 0.0402139 0.300329 44.8608 0.159605 3.8439 
0.000624599 1.36935 3.85345e-05 1.77348 0.133741 122.896 0.000504878 0.000984149 0.0205462 0.0143415 0.00125708 1.5022 0.000818326 6.98454e-05 0.415565 27.758 0.100351 6.71818 
1.50508 3.92084 0.43435 0.00274545 2.74352 0.0119233 0.83499 0.010358 0.00190513 73.5646 0.00012443 0.335671 0.00331448 0.281648 5.39637e-05 2.66187 3.25822 8.36348 
0.000155872 1.45392e-05 2.77156 0.000390772 4.341e-05 3.00278 0.117561 4.62513e-05 0.000755795 1.44422 0.00180432 3.64262 0.126474 0.0588327 0.43743 4.33133 0.221683 6.71528 
0.010972 0.375037 3.24449e-05 0.00234856 1.11841e-05 1781.69 0.000176724 1.99049 0.00175512 2.14283 5.1319 1.85091 0.0791465 0.533763 0.000102587 20.9809 3.33325 0.25256 
0.302591 0.00180938 0.000465945 0.000126914 1.04895e-05 0.0122755 6.70815e-05 3.43818e-05 0.130767 0.172552 0.0441686 0.166884 0.0438242 0.134652 0.308018 9.10984 0.624909 2.66689 
0.0010985 0.000220343 0.000605343 0.000483877 0.974671 527.617 0.527285 2.95543 0.00143136 0.0394316 0.00267087 53.1886 0.00950293 0.549647 1.04533 0.793708 0.384527 7.20531 
0.143585 0.00113776 2.03091 0.0642501 5.41135 0.585053 0.274898 0.000360553 0.000152256 15.7157 0.00876553 3.90777 0.000156752 0.0616861 0.00020806 9.07454 3.08068 5.49757 
5.16165 1.16209e-05 0.00278263 0.308959 1.32345 36.0479 0.944062 0.0133489 0.325031 2.02959 0.479495 0.0152074 3.70618 0.00137003 0.000973938 1.9225 2.06863 5.27747 
2.92474e-05 0.00135482 0.962949 1.08182 0.000410932 0.55472 5.81219 3.47411 0.00476047 364.723 0.309327 179.434 0.00193222 0.0277762 0.00993849 5.35988 0.912415 5.00365 
0.00148231 0.0523954 0.000162774 8.61614e-05 0.0893348 205.3 0.0117821 1.27995 0.0127949 0.0997244 0.000579064 0.805309 0.00080942 0.0177142 8.46566 43.7221 0.0687206 4.35023 
0.0506126 5.06876e-05 0.00284455 8.18282 0.0950759 0.216672 0.000107623 8.95739e-05 9.03312e-05 41.647 0.0156927 0.285565 0.000144053 0.101126 0.0643264 3.04612 0.99769 4.01971 
7.0168 8.66693 0.0371027 1.93421 3.17647e-05 431.363 0.0312021 1.56329 0.12505 146.779 2.00729 110.859 2.4453e-05 3.38047e-05 0.0212592 29.5724 4.55301 8.53619 
0.000245507 0.000187781 0.00354456 0.774699 2.19366e-05 6.9057 0.543371 0.000100717 0.000353805 65.2619 7.1764e-05 0.580363 0.00364232 0.0714249 0.16835 18.2914 1.08936 3.63704 
0.000191131 1.08851e-05 4.14589 0.00521937 8.08122 241.587 0.082823 0.18125 0.00773041 0.0387272 3.1475 0.11208 0.560287 0.316412 7.92578 2.86727 0.204151 8.64719 
8.42693e-05 2.05583 0.0100246 3.79236 0.164173 0.076979 0.00180726 0.0411838 5.84971e-05 0.0259555 0.00235985 0.554355 0.00182649 0.00834499 2.51984e-05 13.9001 0.663231 2.23665 
0.384604 0.00031379 0.0293036 2.54361 0.177354 3.79054 8.20765e-05 0.0188245 0.094419 12.7756 1.06365e-05 59.3722 5.98083e-05 0.00404455 0.311923 15.5716 0.221469 9.4312 
0.0028428 0.0372497 0.00013452 5.40481e-05 0.0108068 0.11067 0.0165378 0.298677 0.00323001 15.3714 1.04384 50.274 1.43381 0.00070686 3.7641 36.1388 0.290541 0.183443 
0.00029289 0.0448741 0.000760513 0.000199752 2.83464e-05 2863.9 4.41159 1.06859 3.06466e-05 93.9375 0.0686403 0.0772312 0.0109692 0.00172427 0.000225406 28.1515 1.30974 4.74579 
2.73157 1.37838e-05 0.000336009 5.56812 7.45665e-05 734.68 0.00148068 1.03846e-05 8.57203e-05 17.7892 0.267911 65.4741 0.2804 0.00678102 1.63685 41.6201 0.0981521 5.47525 
5.25448 0.0494546 0.0661248 0.000608519 1.85023 187.811 0.00202273 0.910222 0.121719 0.955108 0.0326373 1.2546 4.46829 0.0752192 0.540317 7.55888 2.41223 5.99944 
0.017092 0.000217138 0.00772867 0.0118994 0.00074305 51.7601 0.405349 0.0524911 0.000252219 0.221071 0.000698366 18.1979 4.59096 0.000976504 0.791026 5.44597 0.344497 5.67717 
2.0599e-05 0.85175 0.000535359 2.67475e-05 0.114675 154.575 9.72941 0.000807496 0.00552342 6.84794 0.446209 0.206013 0.0862998 0.096355 0.0343038 16.4553 3.35947 2.52023 
0.0282867 8.60826e-05 0.00255055 0.00477912 0.057156 0.225032 1.62471e-05 1.25077 0.0134744 0.218432 0.598567 17.3424 6.31365e-05 1.99506e-05 0.201275 22.6625 0.73442 0.17916 
0.147871 8.86246e-05 7.4257e-05 0.00074277 0.120655 1.70456 0.000570285 1.31039 0.12101 145.939 1.36064e-05 0.0305975 0.0392107 0.0461574 0.0248167 31.5135 1.89185 5.30985 
0.163482 0.0162551 0.711148 3.45842 7.69651 1.0101 0.263589 0.0855343 0.00692126 0.236952 0.130125 0.15481 0.718502 0.00048584 5.28332 42.1546 0.169843 3.92252 
4.62565 0.0014417 0.431043 0.000103105 0.0191733 0.0388016 6.24447 0.0280514 0.0272844 7.15529 2.39085e-05 0.36683 0.012357 0.039967 6.65794 39.3864 0.291439 1.91809 
0.063741 0.000178898 0.0148655 0.0617924 0.0579018 54.246 4.79558 0.22459 0.0137886 149.128 0.0795983 0.0214764 0.0143043 0.0129866 0.316015 21.1772 0.291397 4.70602 
0.226845 0.00697594 0.00064499 0.585119 3.96547e-05 16.522 0.779324 0.266018 0.00107347 44.191 0.546753 55.0884 0.615844 0.000455615 2.70666e-05 35.2859 1.83401 2.75694 
0.277111 0.00292596 0.000301171 0.606539 1.30763e-05 49.3697 7.9835 0.238099 0.622857 0.030202 0.275194 426.965 0.0277856 0.222795 1.05474 8.15608 4.15551 0.045042 
1.81126e-05 0.000277864 0.0559512 0.658613 0.280075 0.0975891 0.00262205 0.201916 0.000207743 0.0413354 0.000378267 39.6266 0.00254044 0.0485339 5.83066 42.3567 0.269171 1.2783 
1.25084 0.000513785 0.0228782 0.0552482 3.33255 76.0415 0.00607466 2.47663e-05 0.00560934 9.28317 0.156925 74.7177 0.000140736 0.653826 1.75259 11.0538 1.35508 2.48201 
0.000105952 0.462464 0.000349082 0.00504456 0.05697 0.0455073 0.000332632 2.16082e-05 0.030363 2.61117 3.33423 6.33171 0.164285 0.000609036 0.418811 21.8523 1.30677 4.92016 
0.0954917 1.01833 0.000313656 1.32517 3.37536e-05 237.734 0.000118902 0.00144396 0.109106 7.20361 6.17015 0.350199 2.14989e-05 0.107204 0.208991 34.6727 4.83848 5.54398 
0.0385938 0.00283657 0.000370975 0.000817556 0.000398022 11.7108 0.000105869 0.000231156 0.0343578 0.0238159 0.000217425 2.12321 0.0253216 0.0819664 1.15046 16.8943 0.69593 9.81868 
0.100263 0.001693 0.00137344 9.5059e-05 0.000114088 14.1267 2.19321 0.00512562 0.00729813 1.22778 4.70679e-05 42.006 1.3226e-05 0.66528 3.94418 39.8339 1.36669 0.472408 
0.150633 0.000497701 0.000840184 1.41162 0.0112233 0.044999 0.252489 0.699935 0.0506328 0.161648 0.0283119 377.216 0.000767741 0.000105057 2.88614 4.23879 0.65536 3.988 
0.295726 0.000705014 0.49674 0.211933 0.000258472 0.336694 0.000758086 0.0521424 0.518236 349.876 3.88639e-05 32.6222 0.000331321 0.0419614 1.40111 49.2713 1.89262 6.03609 
