-36696.77119
-36648.54412
-36626.89585
-36593.76515
-36582.56363
-36558.51777
-36537.64694
-36519.46675
-36500.63798
-36476.17499
-36408.91834
-36392.7699
-36381.86586
-36344.65256
-36289.95387
-36274.41516
-36266.02776
-36254.55175
-36242.94989
-36179.87315
-36162.16456
-36138.39288
-36137.36065
-36132.11172
-36100.62885
-36087.23171
-36021.47967
-36001.07269
-35995.84985
-35973.38485
-35955.73846
-35948.83279
-35922.4974
-35911.34087
-35889.68403
-35843.05246
-35838.60264
-35826.14817
-35803.82932
-35803.52901
-35759.69709
-35745.61049
-35740.61658
-35716.78127
-35643.41207
-35607.23732
-35567.15085
-35518.75577
-35486.58206
-35474.71605
-35473.94365
-35471.65885
-35471.15016
-35456.82115
-35455.37903
-35406.9265
-35398.51844
-35372.06506
-35363.0824
-35342.53458
-35307.54176
-35266.70331
-35232.13604
-35193.34466
-35173.61977
-35158.01311
-35119.81466
-35111.92086
-35078.13826
-35062.704
-35047.67194
-35027.85835
-35013.2859
-34998.65568
-34997.86234
-34994.27622
-34971.90566
-34965.75011
-34956.97968
-34949.63838
-34829.41521
-34825.85702
-34825.25923
-34709.65729
-34645.89258
-34597.6398
-34591.5179
-34580.3015
-34574.18028
-34557.00868
-34545.20513
-34479.40009
-34466.18518
-34452.1051
-34344.51859
-34260.58052
-34166.07909
-34125.86115
-34059.74808
-34044.26877
-34039.3782
-34018.72509
-34002.98542
-33974.60445
-33964.68118
-33936.59512
-33893.50457
-33891.34267
-33855.70024
-33853.00443
-33828.50785
-33784.44302
-33754.75117
-33603.41737
-33574.76062
-33555.23721
-33416.37556
-33376.41253
-33374.32081
-33371.20403
-33315.0926
-33265.76718
-33264.08976
-33248.06173
-33245.13595
-33202.49905
-33200.83599
-33159.21876
-33145.25474
-33130.36287
-33110.47378
-33026.66636
-33024.6523
-33006.83645
-32969.24823
-32936.53324
-32897.9961
-32896.2094
-32870.58881
-32850.46557
-32845.17658
-32842.65698
-32818.86576
-32798.32859
-32789.93661
-32773.84634
-32666.99877
-32569.98692
-32533.932
-32476.50722
-32415.93479
-32411.87438
-32406.48795
-32371.96854
-32353.81175
-32337.98581
-32319.69082
-32272.00473
-32241.92824
-32141.59895
-32059.01636
-31941.47784
-31925.19965
-31915.42402
-31901.47354
-31897.45077
-31867.6855
-31849.76711
-31805.39839
-31795.13898
-31794.57821
-31775.1965
-31741.87191
-31706.80434
-31702.9027
-31700.99147
-31685.98819
-31680.8304
-31623.8047
-31615.22228
-31592.06695
-31543.28367
-31535.24641
-31527.44936
-31518.69166
-31518.23553
-31426.78754
-31416.51511
-31349.29973
-31323.32507
-31214.69039
-31186.85729
-31172.55938
-31145.88994
-31112.0814
-31075.25856
-31048.29069
-31031.69156
-31014.4121
-30999.59631
-30964.0235
-30939.52903
-30934.03476
-30924.99496
-30924.80485
-30920.11788
-30886.02777
-30842.34305
-30831.47374
-30814.13415
-30778.80231
-30665.39117
-30571.42464
-30565.34907
-30505.82817
-30426.09263
-30383.96512
-30366.32988
-30297.36096
-30191.24945
-30167.20277
-30069.95253
-30049.84041
-30005.60846
-29998.6304
-29934.02792
-29922.29196
-29876.97049
-29852.80769
-29831.34964
-29772.74061
-29750.89519
-29664.95994
-29583.21314
-29535.99085
-29516.82958
-29502.93867
-29441.97853
-29420.0241
-29415.85381
-29398.31358
-29337.79932
-29308.13025
-29216.86188
-29213.57471
-29188.72638
-29159.55182
-28916.20097
-28829.17385
-28727.29417
-28724.34445
-28655.13722
-28542.96519
-28522.76684
-28503.16178
-28425.64975
-28419.87772
-28377.72822
-28341.27649
-28231.03159
-28195.24171
-28135.92892
-28111.31918
-28061.84535
-28057.45632
-27944.4697
-27891.84302
-27881.45063
-27863.7825
-27783.24037
-27697.07901
-27692.89047
-27573.71516
-27546.04365
-27388.15429
-27372.68422
-27365.54771
-27306.18876
-27186.99912
-27126.52544
-27115.34188
-27085.13499
-27064.42431
-27054.26515
-26738.77143
-26672.15327
-26645.70018
-26604.74354
-26582.85091
-26567.10572
-26517.0278
-26510.93103
-26509.89993
-26406.67867
-26347.55155
-26329.86411
-26317.55758
-26253.57404
-26242.68218
-26235.05308
-26183.86183
-26132.5013
-26085.48982
-26054.97064
-26012.98086
-25916.46681
-25883.11157
-25855.46773
-25849.88671
-25782.1584
-25747.02067
-25735.9436
-25720.69162
-25692.99928
-25644.31755
-25614.88466
-25430.39676
-25290.98181
-25264.54771
-25249.44526
-25225.51224
-25152.27666
-25125.98026
-25106.30652
-25039.63542
-25022.46526
-24975.37903
-24839.84636
-24825.94473
-24798.10276
-24771.60906
-24715.21502
-24674.999
-24583.61871
-24572.11976
-24501.29809
-24492.40426
-24481.62998
-24467.28328
-24378.56207
-24378.23902
-24369.73709
-24314.55849
-24270.92985
-24256.91603
-24252.59309
-24234.46055
-24219.46442
-24107.48901
-24102.445
-24088.34064
-23882.23124
-23815.14569
-23735.2679
-23614.03988
-23553.42184
-23470.00797
-23454.03728
-23304.33384
-23226.07896
-23096.71651
-23078.82202
-22995.27076
-22923.97724
-22920.41277
-22853.15201
-22742.80227
-22675.67003
-22419.90899
-22357.40137
-22343.33136
-22317.99517
-22317.88227
-22113.7165
-22087.83607
-21976.37824
-21973.36148
-21948.7647
-21796.87233
-21787.33688
-21774.9692
-21774.20919
-21654.23757
-21541.63537
-21530.44822
-21506.68054
-21496.73498
-21313.70409
-21216.07874
-21189.73656
-21045.82122
-21042.43545
-20801.2136
-20565.28735
-20431.96465
-20343.2569
-20290.64287
-20042.67609
-19978.53942
-19950.48776
-19862.67707
-19661.11585
-19526.18204
-19485.93638
-19454.24625
-19436.98086
-19418.60983
-19407.84791
-19310.45533
-19296.49146
-19287.64238
-18973.66752
-18958.09763
-18771.0362
-18745.93558
-18690.99011
-18650.76709
-18639.10028
-18622.17501
-18583.7553
-18576.19509
-18546.93028
-18435.48192
-18240.4588
-18234.53629
-18183.97067
-17989.23861
-17747.35761
-17615.67641
-17578.98037
-17562.35698
-17524.069
-17462.64685
-17432.8056
-17312.80182
-17300.66179
-17176.13455
-17075.96017
-17070.57333
-17064.34967
-16864.06028
-16831.67303
-16784.41269
-16748.52432
-16699.18202
-16688.44212
-16652.69919
-16539.29963
-16429.42865
-16363.38749
-16287.3644
-16043.3191
-16020.75233
-15956.33909
-15718.79242
-15634.90113
-15551.61012
-15499.80813
-15383.90078
-15052.4132
-14929.21812
-14634.97303
-14520.20014
-14392.52291
-14098.56893
-13488.37206
-13467.81128
-13272.94153
-13261.99152
-13207.85479
-13070.73936
-13018.95338
-12690.64998
-11618.01182
-11045.80828
-10336.78936
-10271.8448
-10264.34094
-10088.64171
-9345.917182
-9340.30773
-8763.035124
-8450.691764
-8353.436951
-8236.157156
-8161.209106
-8156.075924
-7575.572953
-6146.56232
-5799.644361
-5162.350499
-4982.37321
-4833.892586
-3967.52395
-3540.607084
-3398.478786
-3187.762401
-3047.452644
-2852.938314
-1338.341526
