0.0239043 1.10893 0.242509 0.495701 2.99495e-05 0.0774901 0.0310793 0.434694 0.945116 0.168565 9.94688 43.8326 0.507282 0.00257691 2.25004 23.3711 0.0928596 0.000576104 
7.43928 0.0108698 4.84071 0.00875157 2.35726e-05 0.0233424 3.00971 6.61717 0.000169878 0.464649 3.84688 34.1404 0.00115778 0.02286 0.00062237 0.0128625 3.04009 0.00526291 
5.55717 0.00556236 0.00231359 0.0226256 0.00923587 1.99961 0.0209887 4.82719 0.000103041 0.0111102 8.95708 0.206075 8.29969 0.0443517 0.0556812 0.616312 0.000453949 3.94997e-05 
0.00314871 0.0160711 0.000216377 5.28816 0.0945555 75.7847 0.000161039 0.000647708 0.000678724 1.18333 0.65474 404.394 0.031585 2.4456e-05 0.963878 4.246 0.31192 1.24979 
2.70432 0.00905869 0.263484 1.23768 0.00103919 0.0238141 0.0660114 8.07064 0.265472 0.0130755 0.0177283 264.855 0.356429 2.88317e-05 0.000456162 8.74914 0.000145139 0.163884 
0.00359095 0.219805 0.634865 0.000216362 0.00768293 532.537 4.87935 3.23221 0.00176369 0.105335 0.0144073 3.10704 9.74986e-05 0.513999 0.604182 43.8023 0.000822818 0.0363919 
0.000268638 0.0511245 1.32345 0.00580044 3.48839e-05 103.747 0.0241614 0.000469808 0.00629937 0.0112444 2.53367e-05 11.6906 0.0415726 0.393506 6.21801e-05 4.42913 0.48966 0.000488996 
0.0065925 3.18485e-05 8.47573 1.47827e-05 0.00058719 1.49574 0.000266089 0.000845757 0.319258 1.36663 0.110219 451.629 1.62565e-05 0.00437369 0.111619 5.88969 0.00761608 0.336261 
0.0360099 0.066241 0.00258311 1.34477e-05 0.0416379 0.087187 0.000124794 0.00166013 0.142511 11.4395 6.27463 269.351 8.79237 0.0151335 0.000149425 2.4896 3.31491e-05 0.408526 
0.000455965 0.00804321 0.00021822 0.00178952 5.16648e-05 0.0278911 3.35364 0.000901868 0.200708 12.1498 6.70426 12.784 1.04186 0.00093889 1.3445e-05 28.9146 0.0146416 0.159002 
0.00628711 0.00103056 0.000166568 1.47009 0.73664 984.628 0.0163604 0.000127706 2.94893e-05 0.148834 4.71522 0.0120206 6.711 0.299923 0.00022109 1.44758 3.33075e-05 1.52678 
1.53932 1.01974 5.57176e-05 6.00182 3.08567 163.676 1.26312e-05 0.592409 0.00225671 181.126 0.412451 8.88637 0.000197041 0.513812 3.91803e-05 19.7189 0.140467 7.24434 
0.000511542 0.0105502 0.0122775 0.000112454 0.00655973 836.302 0.00106638 0.0805663 0.0841245 0.472539 0.226377 343.379 0.270501 0.000594587 0.0193682 4.02428 0.00991102 0.0775241 
0.0048717 3.70898e-05 1.03091 1.36401 0.218719 1523.46 1.2163e-05 0.471612 0.000117605 5.74094 0.0001105 22.4856 0.000944781 0.78411 0.132839 7.66042 6.34457e-05 0.330297 
0.364807 0.000224567 0.000154544 0.00205354 0.00771768 290.724 0.202983 0.0222038 0.876643 4.29152 0.00114896 11.037 0.467053 0.470229 0.0231173 23.9518 1.12072 6.65511 
1.68596 1.41516 1.69293 0.00202664 0.000470075 0.0198222 0.000997376 1.56025e-05 0.790927 0.034986 0.00267084 177.44 0.35711 0.00830854 5.2149e-05 0.239645 0.0271256 6.22359 
8.59986 0.000247705 3.74811e-05 2.49863e-05 0.0110534 308.6 0.00568341 0.000136257 7.8872e-05 445.026 0.0176505 109.532 0.00824568 0.420786 0.00526338 5.90051 0.000515251 0.335254 
0.148546 3.1943 0.981266 0.654161 0.672372 0.0728593 3.20014 0.000104009 0.0135322 11.8488 9.17988 0.400703 0.957723 2.61167e-05 0.000517775 14.2222 0.0933324 1.57505 
1.13411e-05 0.207003 0.00501079 0.0219197 0.000248014 2195.05 1.60402e-05 0.000639811 0.0791572 2.27193 0.00237405 365.703 0.000405954 0.0312744 0.000168513 32.7213 1.47051e-05 0.00275036 
4.6754e-05 0.000592108 1.53417 6.49602e-05 0.11257 502.252 0.373146 0.439427 0.00223523 92.76 1.53565e-05 2.37435 0.0307557 1.96483e-05 0.67585 0.0154186 4.36458e-05 0.208264 
0.0255197 1.52547 0.00104327 0.435808 0.0110696 198.515 0.000228726 0.403909 2.08646e-05 1.40027 1.57643e-05 0.0806569 0.00210975 1.0131e-05 2.01592e-05 0.163835 0.149042 1.75403 
0.0125409 0.636029 0.0330889 0.00113032 6.76673e-05 0.105286 0.00929662 6.4691 0.00304061 0.0819069 0.00526548 0.0172813 0.00203065 0.00500606 0.000263113 2.68315 4.65194 0.000114422 
4.46611e-05 2.61451e-05 0.00820383 0.000105176 0.000295102 0.107335 0.833101 0.00164436 0.224318 0.0602772 9.03722e-05 171.516 0.309652 0.000375018 4.75258 1.22268 0.82372 0.000302401 
2.56652 0.000154303 0.000258529 6.00479 0.00738723 0.0272108 0.000110777 0.00210424 0.00104917 1.28169 0.00067338 25.6229 1.08393e-05 0.00581602 0.0708032 0.129096 0.00334054 0.000155149 
2.29866 0.000429719 5.87211 2.2696e-05 0.179572 5.70273 0.0599181 0.000944104 0.000839241 17.4666 0.000970511 65.9577 0.0716714 0.0076455 0.00376949 0.0405265 0.000287853 0.000124152 
0.508125 0.0298299 0.0100667 0.000545521 0.00139286 1101.59 1.93231 0.0841851 0.0877095 4.17945 0.000823588 0.110211 7.99747 0.00212617 0.0378566 14.4203 3.09543 1.06866e-05 
0.006334 0.0584386 0.00447202 0.000167308 0.00145415 751.394 0.0105253 0.0062845 0.02117 91.6136 0.0106694 4.26827 9.91494e-05 0.00655653 4.52239 1.57819 0.00750945 2.04436e-05 
3.52873 0.0146174 1.05824e-05 1.87993 0.644391 285.619 0.00114089 5.39172 0.000112226 17.7128 0.000721441 15.433 0.0292123 4.8381e-05 3.42152 17.5263 0.00339869 0.000504831 
0.830612 0.417269 0.000516644 0.47689 0.000426213 0.992553 0.000243753 1.33306e-05 0.0247466 0.14629 7.48318 0.186288 0.000908012 0.00192301 2.03391 0.131814 1.31023e-05 5.93859e-05 
2.49845 2.2239 3.24594e-05 0.296988 2.62809e-05 387.13 0.918279 0.250234 0.000957737 8.75434 2.20565 0.0613839 0.0183684 0.00104188 1.1118 0.601892 0.010014 0.000145008 
0.012857 0.436715 1.13886 2.90608 0.0183468 9.11149 0.000722085 0.00890087 0.665506 0.0879646 0.00234227 0.0238243 6.0682 0.0152335 3.36645e-05 0.0260201 0.00266382 5.13353e-05 
0.511811 0.00233027 0.307362 1.3781e-05 1.30773 8.31928 0.00245569 5.21306 6.6307e-05 0.468827 0.000264833 244.067 0.0291344 0.000191253 0.399857 0.0150349 0.00018108 0.717002 
0.00453159 0.000867989 0.00268501 0.608692 4.29284 0.0108107 2.36565e-05 1.0992e-05 0.00659436 13.959 0.434509 1.18816 0.00367737 5.17188e-05 1.71708 0.0386884 0.026581 9.04324e-05 
2.15233 1.50151e-05 3.58455 6.39592 0.00245537 311.308 0.000140225 4.24551 0.0251907 0.016248 1.35671 0.0178258 0.00823839 3.38271e-05 0.0532108 0.0485223 0.000685422 2.62736e-05 
0.134979 8.77526 5.96619e-05 0.256769 0.00454018 0.310143 0.0338179 0.370576 0.0482047 69.1368 0.00228426 3.82095 0.0859045 1.09173e-05 2.65428e-05 5.29091 0.951887 0.0797383 
0.000568945 3.22451 0.00135137 0.0121824 0.0696069 1156.96 0.00179399 0.0241936 2.07358e-05 39.7237 0.0107926 379.544 0.00059785 0.000375709 0.00233242 1.05197 0.0193651 7.99539e-05 
0.0538316 0.284137 1.79699 8.66958 3.35783 0.627982 0.0124082 0.0327957 0.000516583 0.0100885 0.40709 18.9874 0.00670784 0.00637892 2.71746 0.0192026 0.000101072 0.000159799 
0.167944 0.000416639 1.54194e-05 0.000290222 0.00363148 0.428213 3.43076 0.00160911 0.0469244 0.0397615 0.000123002 0.809168 0.000289678 0.00224215 0.000631717 0.56358 0.000275247 3.58013e-05 
0.466205 0.00181321 5.00166 0.00350654 0.000480559 0.010586 0.00590033 2.42301 0.242487 1.58166 1.86994 1.79927 6.7974e-05 0.000109663 0.0177722 0.0126269 0.000638289 2.3034e-05 
0.000120246 3.06528 8.55482 0.270178 0.000678849 0.443649 0.00304825 0.000274901 0.00146749 73.0349 2.46867 0.0175238 3.99509 0.00959163 8.2478 2.67718 3.82878 0.000195948 
0.000216457 1.55915 0.210422 0.0766882 1.11131 8.6033 0.346087 0.126437 0.149032 2.10454 0.000110987 1.15124 0.0358048 0.000302432 0.000139619 0.148801 1.26096e-05 0.00524672 
9.92216e-05 0.258902 0.000296374 5.60271 8.47844e-05 0.171778 0.640609 0.0083041 0.0112771 0.578651 0.946055 0.0862612 0.00147004 0.000173169 2.54903 0.907819 0.335878 7.51048e-05 
0.33086 2.14992e-05 0.00138247 0.360581 0.756575 52.5553 2.11278 4.44646 0.0109853 66.8849 0.996305 4.4394 0.00161955 0.0468809 2.10147 2.22881 2.54209 1.98453e-05 
1.23316e-05 0.115516 4.07335 3.28314 0.00158731 0.116096 0.0116403 0.191851 0.544521 1.90141 3.78974e-05 27.4887 0.00793841 1.82109e-05 0.036457 0.15808 0.00147781 0.015971 
1.22041 0.00448871 2.84744e-05 2.0948e-05 0.788651 247.646 1.0803 0.0160093 0.000113507 4.49828 1.2866e-05 1.05497 0.000322132 1.41916e-05 0.0330937 3.8591 0.83459 0.0268301 
1.03205 1.35778 0.122175 0.326613 0.202353 2109.07 0.00058041 1.74454e-05 0.0222697 5.61918 0.00233236 0.064298 0.380611 0.00012663 0.0149255 0.2415 4.60469 3.15249e-05 
3.09553 0.223336 2.86487e-05 0.0568934 0.00544916 2698.44 1.06027e-05 1.38704 0.00182891 428.538 0.00126944 0.14041 0.0420292 0.000242851 9.10788 12.0332 4.90594 0.00446588 
0.000193942 0.0253183 0.000216877 4.02956e-05 3.14631e-05 3.09688 0.00693898 0.000234397 0.0836525 22.349 4.64416e-05 0.0303362 0.000497707 0.0015815 2.89872 25.2219 3.13783 6.28266e-05 
1.06145 0.000336519 2.81351 0.0667706 1.34684 1760.76 0.000360123 1.20914 0.0235488 0.563 0.181698 0.0518918 3.44074 0.0464693 0.417928 0.0129589 4.6536 2.18379e-05 
0.601626 0.000490749 0.186765 0.00322923 0.000114473 1.91863 6.54207e-05 2.72806e-05 0.00341972 0.0168026 0.000339196 16.2906 0.0209777 1.04902e-05 0.00217703 0.0954241 0.105554 0.0320967 
0.00100971 0.00302874 6.60888 0.00153501 0.0500172 0.056084 0.00168045 0.00039185 0.0190418 18.3042 0.0816633 0.0576173 1.69686e-05 1.02778e-05 1.35136 0.0623264 0.000830235 0.000170384 
9.0353e-05 0.00214499 0.655454 0.000397422 4.67402 113.632 0.0136375 0.00369778 0.000309578 267.755 0.000106883 0.0149805 0.00654471 0.000114459 0.000189014 0.0179923 0.000120793 0.00166433 
8.84721e-05 0.000512612 0.00935476 4.73201 2.31264e-05 13.8788 0.0460527 0.249443 0.127981 15.9254 0.000902775 5.17754 0.0036337 0.000215922 0.000428637 0.0183646 0.000136192 9.28765e-05 
0.000803839 1.07652 5.89572 4.76815 0.0783336 355.387 5.71392 0.00597947 3.26195e-05 133.326 0.230221 18.5243 0.00104464 1.22368e-05 3.03982e-05 0.0261074 2.1571 0.120784 
0.808624 0.0082642 2.097 2.37102e-05 0.0124824 172.404 0.00718485 0.00249395 0.0047448 41.9981 7.66692e-05 0.282082 0.101659 3.2635e-05 0.0915997 7.51076 0.796888 1.38767e-05 
0.000718125 0.00583031 0.00271016 6.58826 0.00157113 546.491 0.339521 0.000101143 3.00867e-05 26.4604 6.54082e-05 0.28714 0.0018477 0.0354072 0.000256125 0.0217269 1.78332e-05 1.23932e-05 
0.0564139 1.04787e-05 2.32592 1.56226e-05 1.53168 4.43276 7.7381 0.165771 0.112001 0.0101442 0.000278631 7.13635 0.000299851 0.000315829 1.22012 0.0185283 0.000541173 1.88389e-05 
0.00101714 0.00213996 1.14267 0.00590841 0.952748 0.365923 0.00012471 7.47908e-05 0.0992328 318.277 0.0012748 0.0123614 3.28902 1.87846e-05 0.000489218 0.0274595 0.000310085 1.89139e-05 
0.0107993 0.0792892 0.719303 0.128142 1.11365 0.134413 7.4998e-05 0.0488903 8.2577e-05 18.3539 0.473289 1.75524 0.0525646 1.49263e-05 0.00652159 0.110288 0.0617514 0.000592417 
0.000719695 0.00157292 0.00164524 0.000725454 9.78265 954.185 0.000344044 0.00190539 2.12391e-05 0.0283893 0.468949 0.708204 0.0219633 0.000148415 0.00546379 0.050745 9.91978 0.00677473 
0.00115712 0.0239899 0.789386 0.00110988 0.000149149 0.0209997 3.46696e-05 1.12344 1.62718e-05 0.43551 0.1606 0.0455614 0.000380706 1.84782e-05 0.0134801 0.0658675 0.181415 0.00218235 
0.092631 0.000162021 4.09083e-05 1.2372 0.00478295 0.0325183 4.80223e-05 6.23119e-05 0.199944 0.0114144 0.0109818 0.0267473 1.2576 0.00245016 3.6194e-05 0.0273227 1.73252 0.000440725 
0.147848 0.000686813 1.93358e-05 0.0295365 0.000932097 33.1129 0.00341331 0.00163985 1.6641e-05 165.342 0.00161291 0.0496457 0.00965992 1.71849e-05 5.08752e-05 0.0210408 1.56937 0.000457604 
0.000348267 0.00509733 0.0491708 6.61513 0.000210798 1674.63 0.245638 0.00380808 6.74503e-05 0.0302547 0.00266963 0.0416922 2.71047e-05 0.00128279 0.00131039 0.429151 9.51398 0.000234435 
0.00531174 0.00499975 0.027055 0.00201102 0.00221076 46.2186 0.000231016 0.0300141 0.0226127 7.34274 0.000135295 94.6402 0.516543 0.000193963 0.0895301 0.010024 0.00274519 0.00254282 
0.0330705 0.0253324 1.07002 0.0298403 0.0670325 0.171403 9.99014e-05 1.90931e-05 2.31303e-05 109.775 0.000641959 0.0142899 0.00223191 0.00777862 0.000211814 6.62626 2.74656 2.13115e-05 
0.542542 0.121125 0.00163566 8.06558 0.182521 1632.8 6.16733 0.000391252 0.113913 9.21191 0.0109953 0.0684397 0.0041731 0.0399287 2.94197e-05 0.0726174 2.88066e-05 2.07602e-05 
0.0998609 0.0364663 7.20248e-05 0.0005088 0.251991 0.0552943 0.000845502 0.00324308 0.000712382 4.3962 0.000406365 0.297123 0.0641062 5.48958e-05 0.812176 0.298771 0.00118518 0.131283 
8.74828e-05 0.0419733 0.0248643 0.123629 1.63726e-05 66.8693 1.65983 0.00491246 0.000141971 117.337 0.0153591 0.601908 0.953275 0.191089 5.44903 0.166201 0.213797 2.57926e-05 
0.371937 0.102855 0.000376745 0.00355913 2.94745 0.0100546 3.2664e-05 0.00645929 0.000132335 434.858 0.483346 0.0443007 0.00226916 0.00138267 0.00477727 0.0698939 2.9461 3.04462e-05 
0.0145364 2.2606e-05 0.00833899 1.2366 0.0165078 0.597707 0.000174709 0.0163484 0.0004278 13.7528 0.489593 3.3739 0.438665 0.00174256 2.96174e-05 0.0264952 9.97319e-05 4.91089e-05 
0.037776 0.309045 0.00213285 0.00219871 0.000105667 1278.89 7.95715e-05 0.956882 0.140077 231.516 0.00198457 1.06312 0.000140474 4.88356e-05 0.283762 0.235605 0.000378567 7.74412e-05 
0.000616509 0.80576 0.00354052 0.000242321 0.000453581 577.753 8.58102e-05 0.0866393 0.00107676 370.317 0.19651 0.0227019 0.000528313 1.90243e-05 2.43365e-05 0.508439 0.000704633 0.000190029 
2.22866 0.484789 0.000241096 7.64693 0.0119449 41.8538 0.000954428 0.493577 0.679676 241.966 2.87985e-05 0.0126835 0.00134645 0.00191987 4.66802 0.119572 3.60636 1.58536e-05 
0.0238271 1.27592 1.19787e-05 2.0036 8.06765 16.349 0.0853941 0.0867887 0.0240906 32.4102 0.000995635 0.492403 0.00915166 3.75219e-05 4.33201e-05 0.0432545 0.0205937 2.51973 
0.000838646 1.27059e-05 0.301102 8.24705e-05 7.47994 666.154 0.00053424 0.962324 0.000900359 125.973 0.0136258 0.108901 2.72066 0.967548 6.44519 1.25486 3.97863 6.90679e-05 
0.00942091 0.012048 2.75645e-05 0.0254002 0.721468 0.0440248 0.000297117 0.214089 0.000692509 0.131013 2.87406e-05 0.0194896 1.81162e-05 0.00422369 2.21662e-05 1.04668 1.52873 1.53059e-05 
0.401296 0.316168 1.91038e-05 0.00015661 0.000587949 2.44631 2.23508e-05 0.000147115 0.0028637 35.9887 0.0832087 7.36961 3.20939e-05 0.00446048 3.17175 0.502536 1.89266 0.000103305 
0.000102486 3.28121e-05 0.0380245 0.111739 0.00985704 1196.68 3.94609e-05 7.07205 1.36754e-05 1.32179 0.00304051 0.985031 0.000528882 0.00132002 0.00772165 2.31533 4.28469e-05 1.75345e-05 
1.73957 0.0497708 0.00010985 0.000101029 6.43449e-05 82.4253 0.165453 0.139169 0.00321433 16.1248 0.00886058 29.599 0.00185157 4.69436e-05 5.31798 0.0303646 0.00403275 0.00588215 
0.00070302 0.00012758 2.88816 0.000405639 0.00656463 719.779 0.078383 0.0142371 0.304898 4.43923 0.000214712 4.64115 0.00204033 0.000353074 2.14677 0.38571 0.0131913 0.00014373 
0.0043519 7.61372 0.521528 5.57269e-05 0.00120066 0.0655236 0.000368709 0.0294431 0.000131966 171.092 0.115005 15.6669 0.349194 0.00108479 1.43727e-05 0.0505383 1.93172e-05 0.00189584 
0.279817 0.127774 0.00436083 0.00379978 1.85358e-05 2763.37 0.000349009 1.05024e-05 0.000245493 183.468 0.038868 14.2494 0.0891382 1.12854e-05 0.000167953 2.38757 1.65862 0.00179009 
0.147797 0.127061 0.0480223 0.00063351 0.748336 146.182 0.00105328 0.000666247 0.000917973 1.53055 0.000687203 90.0741 3.69583e-05 0.000751639 1.12852 0.0838637 4.51747 0.00349636 
0.0484829 1.53079 1.76738 0.0124356 1.67027e-05 0.0538258 0.000431885 6.52578 0.00302173 83.5253 1.55163 0.023285 0.000743562 0.0624498 0.00093613 0.907011 7.00502 9.19661e-05 
0.0731571 0.140745 0.000147445 2.81818 1.15664 36.6429 0.00457128 0.168114 0.00628802 470.495 0.000365727 161.696 0.250438 0.00128897 2.90787e-05 0.179454 3.46992 1.21786e-05 
0.000401353 6.86556e-05 0.155194 0.0376399 0.114238 191.573 1.62978e-05 7.54759 4.38751e-05 272.353 2.79944e-05 2.17288 0.00135383 0.000123664 0.0817845 2.9619 0.939344 0.000947096 
0.0929363 0.537583 0.0030543 0.000250257 1.48768e-05 58.8579 0.0898935 0.0488187 1.06021e-05 0.0175099 2.04202e-05 0.0855513 0.000368108 3.70556e-05 0.00040615 0.814434 1.63146e-05 3.54096e-05 
4.39557e-05 0.103756 0.00223775 2.44841e-05 0.0171649 7.34818 0.0219086 0.00376868 0.000334364 131.513 0.00190367 24.7546 0.0083235 0.000671672 0.415274 2.56267 0.00337276 2.02061e-05 
8.00733e-05 0.00315295 5.49509 0.581733 1.02423e-05 0.026089 0.599176 0.00986579 0.0325859 0.183092 0.00010157 0.0122072 0.000784944 8.64853e-05 0.34797 11.6594 1.11101 0.00163664 
0.439806 4.15243 0.102213 3.6137 0.000104833 11.7116 3.5858e-05 3.44935 0.000288192 0.122514 0.002093 1.45011 0.000162157 1.48287e-05 0.00121527 0.146173 0.283198 0.10558 
0.00158425 0.797822 0.205699 5.09198 0.159928 0.961429 1.40019 0.0543189 6.4171e-05 0.225374 0.00242518 0.171846 5.68121 0.00996501 0.987376 0.59086 2.0261 6.61462e-05 
4.11586e-05 6.66292e-05 4.35914 1.08066e-05 7.19239 0.0754288 1.1031e-05 0.0114658 0.000898005 0.0306537 7.19885e-05 3.11659 0.0225284 4.89808e-05 0.19396 42.9485 0.131672 0.000583405 
0.000140943 2.43627e-05 0.764501 0.00091587 1.26778 0.883144 0.897622 0.00011474 1.03598e-05 188.266 0.677355 93.7823 0.0101283 0.000288596 0.065184 0.0151326 9.87291e-05 6.67865e-05 
0.0884739 0.00494084 4.05227e-05 1.8276 0.000678198 89.2056 0.000144157 0.0393977 1.32952e-05 379.541 0.00382781 289.315 0.00323157 0.000660946 8.15507 0.435884 9.90069e-05 0.0104462 
0.0744104 0.0719954 2.66957e-05 0.00571855 0.0144651 4.34658 0.00111821 1.25575 0.0438728 70.9055 2.49915 1.33126 0.0184484 0.000898824 4.89583 0.0152956 0.0157292 0.000184605 
0.17082 0.0575655 0.000132637 0.0018399 7.83035 5.86784 1.65561 0.000103351 0.000235303 0.0852375 3.28167e-05 0.0456929 0.0132766 2.36371e-05 0.438251 0.0213469 0.0655707 3.44254e-05 
1.62509e-05 0.00673306 0.00135964 0.000775055 0.488585 0.758979 8.11689 2.74232e-05 0.00172849 11.8274 0.120527 0.431449 0.0105247 0.000324605 3.70266e-05 0.0360987 0.11268 0.000470308 
7.6719 0.0444399 7.70816e-05 1.28077e-05 0.0507554 75.0285 0.00016334 0.00133096 0.00168035 0.0495911 0.0028528 182.316 5.54082e-05 0.000366117 5.63771 0.0453505 2.35077 0.00104064 
0.0426771 0.000460754 4.58973e-05 4.89072 0.175243 8.44165 0.142458 1.27592e-05 0.0138645 2.67173 1.68177e-05 0.236911 0.552537 0.000430404 0.569941 10.8722 0.000249731 0.000156464 
0.000141032 0.00788744 3.64586 2.0553e-05 0.586878 65.382 0.0184522 2.37808 4.40234e-05 0.013366 5.9193e-05 0.0638156 1.99612 5.77139e-05 0.000577776 1.05083 0.0152358 8.03263e-05 
0.000758349 0.0792582 3.94512e-05 1.12821 0.00101128 0.731579 0.0051731 0.0317461 0.000100125 245.764 0.00172287 0.600006 1.86818 5.19695e-05 1.77766e-05 0.0501063 0.0162222 0.0519199 
3.99784 0.00119169 0.00763429 3.67322 0.0290717 0.0480406 0.000789349 0.00119031 0.0126429 0.0590001 0.00015911 19.8949 8.53131 0.000154556 0.00974942 7.12742 6.10359e-05 1.32428e-05 
5.2405e-05 0.000322852 0.263662 0.0111466 1.5238 247.739 0.000195766 0.000884798 0.0109945 320.02 0.000320445 66.982 0.0049902 2.27064e-05 0.00521302 0.0959698 0.000195519 7.72786e-05 
0.471498 0.000672996 0.00406541 0.635454 0.176051 0.107925 0.0300172 0.0253714 0.000407464 28.4682 0.0342595 8.10725 0.00183852 0.000147994 8.46378e-05 0.126129 0.0328015 4.53376e-05 
2.43156e-05 0.00257064 0.692393 1.59266 7.53249 19.2088 2.18608 4.82004e-05 1.60373e-05 0.328717 0.0246701 0.29147 0.000924119 0.0127776 1.44969 0.157249 6.15964 0.00655962 
0.00239459 7.42618e-05 0.0493173 6.436 0.000754773 1.78678 0.0992594 0.036752 0.00156426 1.14501 5.97848 5.22678 0.00684205 0.000449685 2.97247 0.0406012 0.0276328 0.000206596 
0.172605 0.050504 0.0218032 8.43094 3.34455e-05 697.162 0.0153559 0.00145938 2.16489e-05 114.078 0.000346357 5.67776 1.04488 0.000270718 0.0443216 0.017631 7.92607 8.05555e-05 
0.0134963 0.000288735 0.523527 8.64393 0.086357 3.92298 0.000949263 8.48998 6.62469e-05 2.96064 0.00389544 1.74234 0.741236 2.26537e-05 0.41762 0.120601 1.44572e-05 0.00141849 
0.251711 0.0176687 0.0341652 0.0036993 1.95574e-05 2814.8 0.000376085 0.0939361 0.000109583 0.166405 0.0185941 4.0326 0.0012828 0.00267626 6.01437e-05 0.655827 3.14524 2.64176e-05 
0.346467 2.20704e-05 3.62684 0.0351138 1.10834e-05 207.59 1.56818e-05 0.331843 0.00345753 0.459032 0.282724 46.4861 0.00108191 0.00972674 0.0247336 0.0970147 0.000778973 0.000220203 
0.00872957 0.154561 0.0375029 0.000443866 1.10164e-05 327.8 0.0106958 0.13898 2.03073e-05 91.3133 0.000363079 0.10181 0.00272147 0.00069959 0.000533559 0.075174 0.0234568 5.10649e-05 
0.00257947 1.01922 1.499 0.0147441 0.00157681 0.0360267 0.0131855 0.461453 0.558391 0.0401925 0.000618362 1.18522 0.00491711 3.81565e-05 0.114553 0.0132853 0.000991311 0.000197235 
2.16487 0.000272758 1.3438 0.00344923 4.54221e-05 9.49983 0.274585 4.42744 0.00307786 0.0342487 5.5634 0.0117982 0.0059465 0.0767604 1.63122 0.231547 5.45378 0.000335151 
2.58955e-05 0.0165279 1.14406 1.78372 0.000919527 9.3382 0.140888 0.0103457 0.000239121 20.8077 3.08196e-05 8.32511 0.162949 0.0460573 0.0874234 1.31634 1.01953 1.40317e-05 
0.137744 0.0145093 0.0327631 0.000130437 4.65995e-05 1.27297 0.00123768 0.865638 0.00014628 2.42869 0.00122559 0.725643 0.166606 2.63406e-05 0.616201 0.0116042 0.618685 0.060118 
8.64261e-05 0.000697042 3.12921e-05 3.90929 0.426985 0.145556 5.72203e-05 7.63909e-05 0.0109055 0.0643958 0.000286749 0.0311399 0.00298572 0.00043279 5.98843 4.31636 4.97039 0.0010229 
2.17759 0.441258 3.76146 3.79833 0.00070065 0.289187 1.86541 2.29048 0.00758541 5.31193 0.000531209 2.67117 1.8753 0.00375124 0.277723 0.0184969 1.7046e-05 0.00563027 
8.86844 0.000183646 0.380537 0.136067 1.59348 0.043177 0.402966 0.329803 0.00329345 40.7979 8.06366e-05 83.3796 0.704903 3.74322e-05 0.0976654 6.35766 0.24641 0.00732095 
0.0014975 1.86093e-05 0.0158369 0.00129911 1.4694e-05 0.0140301 0.00286492 0.00711385 5.91252e-05 1.8415 2.12637 0.040863 4.83869e-05 0.000143229 0.000204139 2.36279 0.123552 0.000301087 
9.37822e-05 1.44162e-05 0.0753113 3.81316e-05 0.0537804 0.179781 0.153884 0.00171666 0.000107528 6.36509 0.002437 90.6963 4.54419e-05 0.000205601 0.00171945 1.13769 0.000373432 1.77265e-05 
0.000435663 0.000230625 0.0170915 0.000602739 1.37644e-05 0.0926215 0.0328592 4.42026 0.298778 288.089 5.36872e-05 0.0162734 0.0408976 2.45878e-05 9.81223 0.360716 3.56569 0.000132404 
0.00609481 0.00129213 0.0114053 2.38738e-05 3.46163 0.0607805 0.0111224 0.0292032 0.290021 123.109 0.00107435 0.201691 0.00629609 0.000492553 0.00545346 2.08013 1.70267e-05 0.000213538 
0.00339768 0.000194176 0.00333636 0.0037441 0.00197761 8.99279 0.00281066 3.22457e-05 0.502659 3.23282 0.0150542 0.014506 0.325576 2.54329e-05 9.85679 0.0850984 0.888122 0.00957342 
0.00128213 2.4614e-05 0.291207 7.20024 0.00322354 0.0308581 0.900254 2.65375e-05 0.00138852 7.18336 0.00128639 0.0158193 4.69104e-05 5.66058e-05 2.1746 1.79831 0.000388277 0.000949912 
1.13382e-05 0.967294 0.1661 0.000577558 0.838458 44.5815 0.450017 0.00596369 0.00011921 241.948 0.0068338 0.0330792 0.0475963 5.45937e-05 2.11984e-05 0.26954 2.0271 0.000418942 
0.00318982 2.80602 0.569164 1.92353e-05 0.00141678 2.66434 0.940204 0.293092 0.0615533 0.0746936 0.921986 64.6036 0.000646809 0.115403 3.7425e-05 0.0310704 6.18599 0.000133721 
0.90304 1.3356e-05 0.00656646 8.61766 4.49231 0.183417 3.2258 0.000145221 0.00112666 0.0127543 0.00024949 54.6318 0.626815 3.20532e-05 0.862021 0.0119157 0.124388 0.000325401 
0.000908039 0.000130699 0.0939644 0.0594376 8.33679e-05 80.3501 0.00551777 9.50112 0.000177683 27.5916 0.0163435 0.0178346 0.000322787 0.000115036 0.000188382 2.1281 6.77748 0.0648891 
2.69147 0.00173745 0.292643 3.79739 0.082957 6.69192 1.14114e-05 3.00659 0.000433875 0.48954 4.66704 0.0497302 1.38344e-05 0.0647467 0.000358595 0.0615384 0.1624 1.77761e-05 
0.00601068 1.70793 0.0722782 0.000192172 4.24311e-05 0.0685183 0.0209544 2.26617e-05 0.263338 0.574212 0.000793192 61.7443 0.592135 0.00395682 0.0021679 0.0147818 7.07812e-05 3.67778e-05 
0.120289 0.383192 0.0777985 0.0529714 0.00011342 2064.29 0.000438625 1.52271e-05 0.0409299 345.098 0.00117354 0.74515 0.0612483 1.57288e-05 1.23894 0.0238995 0.636479 0.000718749 
6.36935 2.66301e-05 0.00266855 3.80856 0.00139072 637.234 0.00790482 3.4022 0.00145498 6.14848 0.000106523 212.505 3.10874 0.00530209 0.00430632 0.0264307 0.50506 5.28795e-05 
0.0277881 0.448152 1.54231 0.000368211 0.00162056 4.77635 3.69709 0.151234 0.00261254 5.6329 0.0041939 0.111405 0.00117762 2.32581e-05 0.0117565 16.081 0.111717 0.00073646 
1.40746e-05 3.04821e-05 1.36178 1.81492e-05 1.9331 26.5648 0.000184621 0.039801 0.00828173 0.222638 0.0115641 0.147188 0.000446981 1.93365e-05 0.000620646 0.0388278 3.22237 9.84734 
4.27003 0.0307544 0.289968 0.725282 0.0142975 19.3202 2.78725 0.00874152 0.000489384 0.0498927 0.000312462 2.94376 0.0012546 1.16915e-05 0.000192361 2.69387 0.763084 0.00151334 
2.64031e-05 0.00100811 2.24457 5.08866e-05 0.00623382 127.669 0.000253386 1.56295e-05 1.33602e-05 0.0616913 0.000712472 170.425 4.34282 2.96992e-05 1.96966e-05 0.0114194 1.29744e-05 0.000562749 
1.94687e-05 0.0886297 0.0107453 0.0308243 0.000157824 0.0506327 0.417703 0.00965943 0.0780154 0.0547863 9.89851e-05 0.0117646 0.250103 0.0010711 3.4274e-05 0.359822 7.66981e-05 2.10423e-05 
0.551437 6.18195 0.106404 2.39155 6.41126 728.855 0.00067535 0.00343156 2.06184e-05 0.287271 0.129781 0.0147851 0.303378 0.0015427 0.140399 5.6572 6.41998 9.7189e-05 
0.000483424 0.512173 0.049788 0.0192993 0.000242558 27.5612 5.63326 0.0912311 0.00112317 6.79746 0.158904 370.806 5.22856e-05 0.00287435 0.01706 0.400491 0.000111941 3.55893e-05 
1.00997 0.371012 0.000367491 0.86992 0.000954901 1447.57 9.73805 0.00178793 0.00209379 22.1178 0.000520248 0.0493164 0.0524767 0.000250147 0.0213909 0.136813 0.0988259 0.00390033 
0.0455255 1.35229 0.509231 0.000113744 0.00241051 0.0225597 2.37932 8.109 6.38145e-05 0.721877 0.580466 242.673 1.26262 0.00312286 0.00614343 1.06881 2.43188 1.95621e-05 
0.0279522 1.02792 0.0095333 0.00100234 0.770997 0.0106417 0.0532496 0.00898733 2.58123e-05 0.0290016 0.00552906 56.2278 1.84168e-05 4.0397e-05 0.0892103 0.801347 1.12429e-05 0.0789833 
0.119783 0.00124414 0.00595011 1.28318 0.000274142 1.55804 0.171742 0.00898819 0.16998 0.0267353 0.140051 0.0801105 0.000314951 7.65462e-05 0.0214875 1.21337 4.98281 0.000205154 
0.000331185 1.18624e-05 5.24911e-05 3.29708 4.11493e-05 2.27608 0.00412253 8.31617 0.2452 0.170837 2.84725 0.164497 0.0786036 0.160218 0.164932 0.0196872 0.100966 9.89665e-05 
0.000152494 0.000124694 7.26877 7.10646 0.00142509 0.0212767 0.00161247 0.0444219 1.32307e-05 0.0628616 0.000284659 0.023312 0.00362408 0.00457173 0.167047 0.248368 0.000211991 0.000670992 
0.0622744 7.73763e-05 1.137 0.857498 0.000133788 1237.2 0.00400802 0.898148 0.548784 332.082 3.24476e-05 182.528 0.0230142 0.0720171 1.11443e-05 0.121885 0.0832505 8.37969e-05 
0.000558231 0.00904667 3.71452 0.0542326 5.51401 0.528593 0.00475091 1.10789e-05 8.29845e-05 111.865 0.160866 0.449746 0.00366344 0.000204573 0.0054372 0.0190053 1.21147e-05 0.0241093 
0.0354073 3.33379e-05 0.000500462 0.000521713 0.0273022 67.1255 0.00125701 0.000114403 0.000600661 2.779 0.00183594 0.0304352 0.000135353 5.74028e-05 0.000601402 0.590808 0.00808993 0.0940236 
0.0036295 1.728 2.70469e-05 0.00112752 0.000971791 13.6314 6.53367e-05 0.000303435 2.2923e-05 1.40024 0.0994528 470.726 1.04719e-05 0.318961 0.00402932 0.0130578 0.0427336 5.39284e-05 
1.40175 0.000156184 0.837587 0.000330075 1.87125 53.1514 0.0278201 3.11105 0.00161186 0.0495226 0.0178886 0.12422 3.37753 0.0941741 0.00384406 0.0322488 0.000327191 4.78282e-05 
2.05975 0.00022351 9.45583e-05 0.187378 0.00985725 0.0421935 0.0806337 3.48875 0.0119443 0.386204 1.21209 0.0297841 0.000552513 1.08127e-05 0.00275684 0.010117 0.000545177 0.0441991 
0.000508644 7.98571e-05 0.250149 0.0478508 0.308714 0.415695 1.54769e-05 1.40635e-05 0.00128449 9.90943 0.00280213 35.0518 0.794492 0.0300554 2.72968 0.0482324 3.08128e-05 0.00284227 
0.0279074 0.0964209 8.32107 7.90638e-05 0.00846376 406.377 0.0136264 0.0392415 0.0293061 42.5015 0.00376629 6.0388 0.0108479 2.63234e-05 0.599389 0.399754 0.000111579 0.0438161 
0.000255101 2.32243 1.10284 1.20717e-05 2.73972e-05 3.99764 1.92286e-05 0.806745 0.0483216 1.65179 0.00166742 5.80339 0.00107708 3.29153e-05 0.00114944 0.503963 3.44384e-05 0.121478 
0.000702229 2.54987e-05 7.35976 0.000162444 0.000450798 1.34316 1.98467e-05 0.033848 0.579995 396.976 0.00516669 94.5607 2.21141e-05 0.000462835 0.0211177 1.90944 0.211431 0.000246958 
3.08891 0.663331 0.00852148 0.000149054 0.000140965 9.56236 2.44444e-05 0.161866 0.92737 31.2773 0.00193626 2.33756 0.00731669 0.0283334 1.67957 0.0128623 0.000345098 0.00238154 
0.000451343 0.00124793 0.127973 4.04289 0.921526 18.3186 5.10176e-05 7.52524e-05 0.0200076 0.0251435 0.0309573 0.0983345 1.50184 0.000245892 0.000766524 0.0202634 8.93087e-05 0.000201268 
0.00402438 0.000201097 7.82723e-05 5.20926e-05 0.000744558 31.6607 1.09377e-05 8.24277e-05 0.0320596 0.112077 1.34813e-05 7.93906 0.0544259 0.000797861 0.0294068 17.034 0.687374 8.69794e-05 
3.65761e-05 0.498159 0.391058 8.51098 2.97625e-05 2.6159 0.0542886 0.00671012 0.0190854 5.30476 5.14953 2.82548 0.00237378 0.000167709 1.14252e-05 1.71017 9.59684 0.00142807 
0.00035035 1.18715e-05 0.00119563 6.65344 0.000151924 117.39 8.06793e-05 0.280431 0.000489264 0.0529881 4.47844e-05 0.0515628 0.00156698 0.129979 4.94546e-05 0.0346968 0.000713645 1.47549e-05 
0.000350873 0.000243232 0.066501 0.000186815 0.00915113 0.10352 5.81853 0.0246034 0.0100839 10.1949 0.00232644 0.0328759 1.74913 0.00316469 5.0341 0.277218 3.05814e-05 0.00481717 
6.22931 2.06996e-05 0.544394 1.20871e-05 0.00503851 561.054 0.759595 0.483035 0.00219109 1.56325 0.00245462 44.6239 0.00124943 0.00325685 0.00625571 2.64929 0.000133388 2.8668e-05 
0.0070773 0.00727705 0.00195476 0.00112851 6.11843 5.18752 0.0612726 0.0755761 0.302359 29.6702 0.946931 2.40519 0.0606629 0.00177796 5.0544e-05 1.24713 0.23368 6.73101e-05 
0.111734 0.00135679 7.23537 0.0391509 5.12371 0.886794 1.44264 1.77555 9.31661e-05 2.15434 1.45173e-05 4.13208 7.03022e-05 0.000491428 0.577135 0.536708 6.39659 1.03807 
8.50079e-05 0.000227583 0.00328237 4.91324 2.07461 59.483 0.00108217 0.00212627 1.00609e-05 20.7227 0.0673965 0.0311414 0.000475095 0.0047047 0.000298852 0.557042 4.77031 0.0107196 
0.0812706 0.000369776 0.00237049 0.0233243 0.0016432 13.0884 0.134016 0.0820207 0.812575 0.332015 4.087e-05 3.90899 7.0968 0.05605 1.55183e-05 0.037059 1.45437 0.000284654 
6.41059e-05 8.64445e-05 0.00021964 0.0235663 0.76933 5.96333 0.00269722 0.000175013 0.864245 0.451075 0.0143431 0.048445 2.78719 0.0254738 0.00198831 31.891 0.00371409 0.083099 
1.83501 0.015088 0.63824 9.47975e-05 0.0107734 0.475628 0.491565 0.0487186 0.00196829 128.741 0.0141157 345.633 3.40021 0.000158692 0.423746 0.914551 1.29335 0.00817521 
0.000217301 0.000161346 0.00638584 4.69102e-05 0.00353809 13.2366 0.412656 0.00305575 0.220288 0.0332686 2.07813e-05 1.3236 0.0041496 0.0111799 0.00317868 0.177529 0.022186 0.000347294 
8.20938 0.00031168 0.00302211 0.000905664 2.74213 2698.4 0.0310325 0.0344091 0.00467874 0.125711 3.18614 0.104888 0.0115297 0.0121883 6.72257e-05 25.6878 8.30601 5.01165e-05 
1.64537e-05 0.00053722 2.57324e-05 0.324475 0.00412202 58.7529 0.0255675 4.08084e-05 0.202541 0.422341 1.65068e-05 0.0231461 0.000332521 0.000126385 2.98559 2.64154 3.58443e-05 0.050627 
6.48335e-05 4.53238 0.000930643 0.0777017 0.00475778 371.452 2.4992 2.28074e-05 1.09275e-05 1.5524 0.0375655 24.765 0.000325687 0.00205836 4.23544 0.073043 0.0117437 0.358487 
0.000308266 0.0654814 0.0549536 0.772974 0.331165 0.224084 0.0171863 0.00492325 0.00236577 1.22874 0.0159834 0.852219 1.96882e-05 3.29036e-05 0.0063502 27.9103 1.24829e-05 0.00013656 
0.00041092 4.1497e-05 4.86924 0.343994 0.000162997 965.349 0.159571 0.00139527 0.0384981 0.0618845 0.00805328 9.34373 3.93338e-05 0.00402199 0.29649 2.40518 0.000963399 6.85161e-05 
0.00203528 1.78779e-05 0.00055345 6.03712e-05 0.0113566 0.0761634 0.00418959 1.91517 9.33568e-05 21.5235 0.00199098 0.488536 3.28731 0.0022249 0.000393708 38.6524 6.87339e-05 1.63491e-05 
4.88008 2.28997e-05 0.0038941 1.35043e-05 0.0271052 0.314919 0.0390715 0.323615 0.0734384 355.616 6.90338e-05 0.0313542 2.41807 0.0185559 0.177701 0.166147 4.96862 0.0182137 
0.05314 0.00288589 0.00322932 0.059306 0.0301152 2034.01 0.000303239 0.00966628 0.00128805 0.02954 7.67818 0.714081 2.2304e-05 0.0184602 1.29541 0.017085 2.01725 0.0773737 
0.00326052 4.80104 0.000156935 4.06584 0.0363833 0.754333 0.000193354 3.48016 0.0944588 14.393 0.00286455 5.69137 0.0921703 1.80133e-05 1.4668 0.599115 4.97572e-05 0.0950304 
3.80737e-05 0.146144 0.014531 0.00053485 0.00282537 299.384 1.58136e-05 0.00200749 0.00646359 30.5549 0.0001578 0.0375352 0.0658397 0.00192641 0.60953 0.116463 1.15575e-05 0.0177365 
0.000647985 0.659785 0.0157803 4.64736 0.00392597 1.69435 0.0504682 2.15626 0.000657997 0.0286211 0.000422492 2.30241 1.87856e-05 8.55514e-05 0.00273242 0.186151 1.02224e-05 0.0123508 
0.0899483 0.00139389 0.849202 0.0184134 0.0136185 2743.28 0.00440579 0.000349482 2.66822e-05 61.8959 0.000221225 482.54 1.96987e-05 5.80223e-05 8.04174 0.0504106 0.00395104 9.23516 
8.17206e-05 0.547568 5.25431 0.00581943 7.82059 0.174235 0.0425717 0.000639953 0.000394527 52.7299 0.00302363 1.13087 0.0195335 0.00951221 1.83588 1.9047 3.04252e-05 4.941e-05 
8.18207e-05 0.0932079 0.0155334 0.00172074 0.0202047 0.0153541 0.00258749 0.00168279 0.519668 0.0477272 0.00188763 0.0133595 0.00010539 0.00513023 2.44472 0.0177984 0.245757 1.11454 
0.471822 0.0105264 0.000110055 0.114156 0.000212071 118.992 1.56645 0.280854 0.250069 0.461401 8.95003e-05 1.59321 0.161071 0.00197111 0.790772 0.284672 0.0139615 0.000628262 
1.95563 0.461663 0.000162828 0.000169825 0.000612075 0.162177 0.000689335 0.000449708 0.105923 11.0608 0.00752729 147.004 8.74411 4.07205e-05 1.01924 4.03109 0.000110061 1.13298e-05 
0.00477514 0.00461437 0.0248518 3.74644e-05 0.00018095 2.84872 1.61166 2.42396 0.205038 12.2202 3.12648e-05 0.136582 0.000237155 0.0026822 0.00134552 0.956496 9.60515 0.0299543 
0.000915558 0.539708 7.35542 0.00250391 1.14228e-05 20.0093 0.134731 0.00200266 0.208806 0.217162 0.000349575 0.422845 0.139041 0.500377 0.0385518 0.0218063 6.92029 0.0515334 
1.29858e-05 1.27135 0.00102248 1.22135e-05 6.84486 1659.01 5.25523e-05 1.31551e-05 5.23269e-05 0.0251106 0.24804 0.472414 0.000589905 0.000816444 0.00468967 0.113024 0.00136904 0.00394841 
0.00110387 0.00432899 0.0082818 0.0314001 0.0314928 51.9779 2.00393 0.00146669 0.0159961 0.590728 0.000426537 0.210268 1.81554e-05 0.0169119 2.58346 1.74796 2.62879e-05 0.000880198 
1.34154 0.000209963 8.66348 0.0329854 1.37342 5.20779 0.0376754 1.38006 0.609966 0.0337375 0.0103479 0.145675 0.000223186 2.62224e-05 3.85143e-05 0.115276 2.36039 0.286026 
0.00577625 0.0157672 2.85478e-05 0.000402486 0.702971 0.517051 0.0229519 0.000150731 0.000762313 0.040352 0.00508293 246.828 0.000489203 0.00269037 0.0224602 0.0366899 7.81569e-05 0.0403026 
0.137328 0.00104626 3.03562e-05 2.39091 0.201271 1369.34 1.66991e-05 1.71133e-05 0.00023194 15.2995 2.30135 0.0118812 0.000456996 0.294372 4.25079e-05 0.0377937 0.442196 0.00034236 
0.000750982 0.000612733 0.000298042 0.000282894 0.789894 2042.19 0.000269916 0.00220224 2.61438e-05 0.124884 0.155978 1.02678 0.0239184 7.49602e-05 0.230044 0.0540973 0.000323548 0.00145733 
1.09369 5.65746e-05 0.00131661 0.00178584 1.91023e-05 627.776 0.000103068 0.182192 0.00026346 0.698873 0.00789692 6.54798 9.69666 0.00473195 0.00376632 0.509053 0.436644 0.00015196 
0.000153701 0.000613331 0.029893 0.328859 2.03084e-05 1361.3 0.0600143 0.544079 0.361843 0.154372 0.0635946 0.0278885 0.0228398 0.000218937 1.40526e-05 2.63219 0.357109 0.000161075 
0.000252596 0.000932472 1.15825 0.00191743 0.08728 0.425697 0.000161396 0.00579146 0.429862 0.0294702 0.396186 0.0790418 0.00244341 0.000425523 7.07859 24.2445 0.821276 0.000111022 
0.000177272 0.0826414 0.224276 0.00630039 0.0070689 886.443 0.101678 0.000297375 2.28731e-05 0.414814 0.0443062 0.0546153 2.55088e-05 7.32952e-05 0.000763178 19.5452 0.0678803 6.59831e-05 
0.00730592 0.000232849 0.403888 0.000119498 0.00104171 15.3061 0.000491675 0.118297 1.55568e-05 0.969212 6.31213 259.67 0.00741612 5.30829e-05 2.08511e-05 1.50004 2.27247 0.00187465 
7.69688 2.36038e-05 1.23153e-05 0.0156649 0.0117386 0.282501 7.65956e-05 0.00436481 0.0204842 263.011 0.000360368 0.0127157 0.603379 0.407544 0.000712565 5.40269 4.99814 0.000126118 
0.00168319 0.0027636 0.0594165 0.000302322 1.97959 1.51587 0.00046098 5.88841e-05 1.18468e-05 9.22095 0.0744067 0.13475 0.518829 0.166215 0.00153447 0.0118992 2.32938 0.0169718 
5.47418 4.97028e-05 0.313533 0.0936433 0.244961 0.236045 0.00215985 0.672715 0.00795897 0.195595 0.776173 0.0885976 0.000841956 0.0224896 0.17875 0.101424 0.305333 0.0062005 
0.00744163 0.000568565 0.00189174 2.20847 0.423281 1194.6 0.0571589 4.26598e-05 0.272455 0.0271609 2.86491e-05 0.531593 0.000838002 4.77537e-05 5.87698 5.95189 0.00106082 0.214177 
3.88018e-05 0.248483 0.933495 0.00135708 1.01917e-05 35.7661 0.326508 0.0102973 1.15059e-05 0.949759 5.83632e-05 0.127321 4.63289e-05 0.000156948 0.0121645 0.515671 0.22488 0.0576879 
0.191552 0.0568968 5.88268 0.0357755 0.000639341 30.3723 0.00729629 0.0035071 0.12325 9.39297 0.225322 175.695 0.119144 0.282046 0.989043 0.138512 0.104037 7.14466e-05 
7.92563e-05 2.84892 1.0202e-05 1.11494 0.00015441 0.830463 2.02203e-05 0.0012269 9.18333e-05 0.0384401 2.37194e-05 0.0288716 1.34395 0.0177685 3.12578e-05 0.125587 1.6449 0.0128264 
0.000851856 0.0344703 1.98494 0.000168027 1.45488 1180.28 0.000314977 0.00139357 1.94786e-05 1.56276 0.00842609 37.0063 0.000492993 0.0584622 0.0165483 0.024064 0.00266084 0.00211854 
3.9488 1.12675 3.86887e-05 0.0663769 0.00460723 0.03354 0.0299355 1.96203 0.000704108 0.0354285 0.0048953 0.564079 0.00567099 0.181676 4.60161 3.1585 1.09442 0.000230067 
0.0165864 0.0033503 0.000500245 0.160187 1.64579e-05 2.63213 5.83701e-05 5.87786e-05 0.000441002 153.092 0.0101207 0.025732 0.227611 0.0470629 0.00105124 1.45409 0.000260237 5.41791e-05 
0.000425934 5.71839e-05 1.57927e-05 0.00181739 0.000165221 0.0252306 0.000566383 1.58617e-05 0.394691 0.622168 4.48214e-05 0.704404 1.21836 0.00206027 0.000115138 9.15756 0.00015726 5.6544e-05 
6.3828 0.682197 1.78257e-05 3.23299 0.0936148 724.662 0.931674 0.00114904 0.00134413 25.799 0.0079851 0.867668 0.406291 0.112666 1.2583 0.0219794 0.00327125 0.00410107 
0.000701393 3.45381e-05 0.00881934 0.00885032 0.0424751 2.1887 0.000273228 0.422058 0.000548147 0.384674 0.000140042 2.75578 0.0938646 0.00532317 0.542023 0.0570739 0.0102747 0.0133587 
0.00288048 2.88268 0.00124452 0.0168682 0.00511382 0.0352225 0.806409 0.0191123 0.0379005 3.85117 1.14559e-05 273.348 0.00857354 0.0345008 2.74764e-05 49.3015 0.00601505 2.60428 
0.00144858 0.000995949 0.000103389 0.0238111 4.05561 0.0538582 1.88851 0.000789271 0.102688 96.4893 1.28057e-05 0.637346 0.25159 0.00319118 0.456946 0.0983976 2.43652 0.270925 
0.00153801 0.55913 1.23527 8.29523 0.000155907 40.4294 0.000156323 0.000944878 0.0224521 3.01469 0.00205863 0.064767 6.88993 0.132753 0.00012639 0.20562 7.53566 0.5795 
9.92558 1.44822e-05 0.000377928 0.00276599 0.000568716 2400.34 0.000241873 0.970968 0.223911 19.3034 1.21468e-05 1.36302 4.74735 4.74844e-05 0.00142656 0.278856 3.17508e-05 0.000226252 
3.72199e-05 1.3609 1.39651 2.03999e-05 3.86369 3.53088 2.61691e-05 0.0369052 0.0191505 0.30802 2.05894e-05 0.121551 0.431356 0.466191 0.0645031 0.755878 2.45731 0.00044 
3.25091 0.000290625 0.00428317 0.000116526 0.155311 0.0487263 3.53193 5.72878e-05 0.270072 0.292251 1.26715e-05 1.11387 0.000481159 0.0673084 2.91562e-05 0.881372 0.072666 8.64939e-05 
1.61583e-05 0.000875174 3.14412 0.00230742 0.258309 0.750951 6.86175e-05 2.22731e-05 0.00147055 0.0280791 2.12371e-05 245.335 0.00460269 0.00795674 9.32308 0.0691377 0.188836 0.167385 
0.877273 5.7116e-05 1.88725e-05 0.00787326 3.91101 445.093 2.16041 0.462478 0.0673624 1.06748 0.00686617 99.811 8.26219 0.0130833 8.23257e-05 1.03737 6.24676 0.00836891 
0.006984 0.00574716 1.46216 1.31531 0.000325615 32.3674 0.000208232 1.43645e-05 0.000112478 0.390655 0.612461 2.64808 0.860683 0.0325969 0.000190389 0.110727 0.00152285 0.000383622 
0.0392856 0.0126764 0.377338 0.000328104 0.0547419 1138 0.0291848 0.00289052 0.0103893 0.392436 6.46504 16.1583 6.38044 0.000790365 0.998233 0.0108284 3.14555e-05 0.000338476 
0.00035288 0.00115559 3.27126 0.00125791 0.120952 955.316 5.21819 0.57583 0.013039 0.159162 1.72024 1.53765 0.0396451 7.29707e-05 0.000207539 0.800678 0.18938 0.000397789 
9.23404 0.211084 7.6038 0.131832 0.000327377 2.27736 0.000857647 2.26972e-05 0.0167068 0.0130082 0.000461452 0.0671171 0.000385907 0.00198859 0.000637496 0.0983726 0.0011243 0.0135065 
3.35429e-05 2.25639 1.34711e-05 8.83277 0.0789846 0.0141842 0.000329522 0.825903 0.366846 311.792 0.0202691 17.2664 2.314e-05 0.000154989 0.0857663 35.0141 0.0572833 0.000114733 
0.103827 3.66956 1.47059e-05 0.00066084 0.0474812 368.253 7.19309e-05 0.0141545 1.66516e-05 0.0392365 0.000231343 309.293 0.000943114 0.321712 9.6701e-05 0.325842 3.34408 0.00628677 
0.000145796 7.5297e-05 0.0177005 0.00476203 1.73907e-05 0.0747725 0.0166333 0.865265 1.17119e-05 0.15137 1.57815e-05 42.3209 2.96391 0.000711715 0.00057262 4.89152 0.000180574 0.00128905 
0.0100319 0.000218225 0.640748 0.00189417 1.09368e-05 0.0172835 0.000165949 0.0453381 0.000195359 0.0195631 0.0730023 463.107 0.471451 0.237363 0.000492959 0.221382 1.5313 0.000187989 
0.0371361 0.000170345 0.314202 0.000375175 1.16134 1725.93 0.0033429 2.66376 0.000453413 87.4578 0.000339621 8.25195 0.000286875 2.9238e-05 8.65961 7.97487 0.000199654 0.0976121 
0.702501 9.57771 5.3201 3.26744e-05 0.00106571 0.0108086 0.411964 0.18265 0.040114 0.0426203 0.000771218 5.66996 2.67338 0.00158658 1.06135 0.0176674 0.526036 0.067299 
2.5695 0.000155512 5.51756 0.473534 0.00492904 34.7455 6.26068e-05 6.46231e-05 0.000290213 0.018519 0.00596418 423.687 0.292256 0.000412628 0.0105568 0.110198 0.803053 0.019608 
8.33656e-05 0.00185075 0.0620293 0.000928211 0.0931771 0.607815 0.00475048 0.0145088 0.00396004 0.816029 0.401922 192.699 0.313235 1.23992e-05 0.332385 1.13902 2.4053e-05 1.83526e-05 
0.0466882 0.0215148 0.000242283 3.91777 0.32998 158.099 0.0115758 0.922474 4.392e-05 0.114804 1.80942e-05 39.5555 7.63259e-05 0.00677576 0.000122409 0.029862 2.26735 0.452427 
0.000732329 0.0484564 0.000729236 3.33206e-05 0.0190213 0.325572 0.159844 0.232522 0.000113356 1.26848 0.00031905 1.48635 0.439262 0.00103497 0.000396082 0.264905 0.00105077 0.00790725 
0.11812 0.11474 0.000375549 6.64336 5.78402e-05 19.8477 0.000498849 1.40291 0.145049 3.42947 0.00135446 0.434325 1.61619 9.4488e-05 0.192441 0.0315573 0.0986584 0.136584 
5.11148e-05 0.00640151 8.50769 0.0473266 0.00170969 2.36752 3.09723 0.933556 0.629785 1.1134 2.76164e-05 33.5743 0.0170466 2.30687e-05 0.00102882 4.01139 0.000283987 0.239695 
1.73538 0.0112699 1.48406 0.207695 0.00223147 1678.62 0.422728 0.00021886 1.23658e-05 2.02167 0.00482555 0.341226 0.0114076 0.000121571 4.71864e-05 0.0356244 0.00136613 8.94926 
4.19606e-05 0.112687 0.0298259 0.00207431 0.000883971 45.9737 4.78947 3.05268 0.146105 0.134076 0.00013779 0.443517 0.086965 2.15635e-05 0.000841422 0.108989 0.0939716 0.207972 
6.79817e-05 1.42188 2.38572 5.49315e-05 2.58957 0.0545531 0.00219117 0.00135702 0.0708838 0.0929155 1.46123e-05 5.76139 0.0481516 0.00402498 0.522475 0.119448 2.90977 2.22798 
0.00110283 6.57763e-05 0.0123248 0.00036159 0.30894 20.9221 0.996369 1.95569e-05 0.277282 9.11161 3.06469e-05 0.254263 0.000164927 0.0246688 0.0612634 0.729901 1.36141e-05 0.000373082 
0.656955 0.00343784 0.768688 0.0075467 0.000119278 614.077 0.370545 0.316483 0.00510628 85.9079 0.038788 1.11042 0.00127396 0.00453678 4.54835e-05 0.387652 0.00277217 0.00516087 
1.08685e-05 0.00774796 0.000520615 0.417549 0.00686547 0.0207063 0.000302549 3.83289e-05 2.47062e-05 20.2801 1.85619 8.29396 0.0967253 0.000170226 1.2105 0.706964 1.69309e-05 0.00776425 
0.000489793 0.124487 0.469008 1.19161 7.58882 597.384 0.0278449 0.000471103 0.103148 29.0541 0.0138338 14.1488 0.00746171 0.00155662 0.372201 0.0434592 1.14979 0.641959 
6.4557 0.000132112 0.00272151 0.0203547 0.00245516 1.71991 2.4298 9.96064 2.20933e-05 9.73152 1.66045 8.06638 2.26737 0.000239435 0.000190441 3.35978 3.23336e-05 3.91744 
0.149483 0.000640512 0.00890797 0.000202727 2.40631 0.0401962 0.137281 0.000289785 0.0259133 15.0144 0.467234 1.55374 4.09886 0.000267887 0.0168973 0.0750793 6.80209e-05 0.00124454 
0.000310124 0.0833323 0.000325255 0.102824 0.0047507 0.103323 2.73145 0.000128353 0.000689667 0.835694 0.0510298 359.363 0.00139575 5.8711e-05 0.00127664 0.216414 0.00185788 0.4048 
0.407558 0.0173811 0.86726 0.000342139 3.00736e-05 0.595515 0.0321577 1.30895 1.25869e-05 0.025653 4.2814 1.93633 1.07611e-05 0.00606551 0.000126937 0.676534 0.0031375 0.00459334 
0.000243164 0.0275635 0.00920166 1.83263 0.0761107 0.280055 2.10176e-05 0.0345875 0.103614 9.13371 2.54344 0.192171 0.000975172 0.000263166 0.000122861 21.4031 0.130811 5.93776e-05 
2.03798e-05 0.000319606 0.272102 0.00210402 0.000280811 0.0765866 0.00039766 0.00011156 0.0245479 89.4365 6.87587 3.6402 0.00325044 0.00912421 0.0108033 29.226 9.08637e-05 1.19735e-05 
0.0221165 0.00397764 1.51153 0.481953 0.584198 0.0111328 0.0745251 0.069502 0.0684326 0.200918 0.0532339 0.0249398 0.000153956 5.57996e-05 0.00155219 4.72992 8.8857 4.32278 
0.0205697 0.000703891 0.291828 0.165829 0.113931 7.30945 1.87043e-05 9.65188e-05 0.132559 9.25887 0.0232973 0.384785 1.20581e-05 3.91276e-05 0.00963755 5.67871 0.00307536 0.00311966 
0.427879 0.000113801 0.000311207 1.40021 0.0010711 3.47593 0.109691 0.0180652 0.000577032 0.0133239 0.000308208 0.0456983 0.00277235 0.000369914 0.971138 4.53515 2.90769e-05 0.000936091 
9.78456e-05 0.000498055 0.000411784 0.000299257 2.15957 1676.76 0.0218874 1.09281e-05 0.130991 5.82989 5.41501e-05 0.032554 1.13169 0.0542266 0.00301443 0.0214327 5.23076e-05 0.0316965 
5.61437 0.412048 0.000472949 0.0250491 0.0115532 352.711 9.01505e-05 0.000144959 0.00417937 349.321 0.00013626 0.034826 0.801333 0.000252417 0.00161032 0.0449369 5.9954e-05 0.280641 
0.0145493 3.41157 0.00263607 0.00231546 0.0132863 3.09785 0.505082 8.25856e-05 0.0215896 18.5552 0.000166748 2.82413 0.2714 0.0170054 0.0106865 0.0115814 0.151369 0.065626 
2.41657e-05 1.45458 0.0664542 1.06564e-05 0.0914162 0.0914765 3.08288 1.08775e-05 0.00116526 0.0131355 2.87022 84.5588 1.6586 0.000272508 1.07717e-05 0.0125647 0.0642109 0.000813316 
0.00152278 0.0133745 0.018583 5.68767e-05 0.368971 0.0962128 0.00067942 0.000516161 0.0101939 0.0836901 0.00116264 16.422 0.00406297 0.00417248 0.0112723 3.06067 0.945338 0.00135551 
0.000346925 3.46181 0.0474207 0.115697 0.00642156 284.464 0.00900236 0.00222493 0.000904304 9.19645 0.0188441 16.5588 0.00545347 5.76098e-05 0.075715 2.3735 1.46146e-05 0.00873695 
0.0517881 0.108112 0.0546921 5.58364e-05 0.0606722 0.0775488 0.0121299 0.00270451 6.2943e-05 0.286422 0.0090907 59.3922 0.786479 0.00257421 0.000566937 8.22777 0.00384588 1.2774e-05 
0.0490979 0.0455165 0.00398053 0.0691733 0.430756 0.105933 0.164821 0.218907 6.68551e-05 0.937721 0.00360321 1.622 0.0657951 5.44552e-05 2.08435 2.04528 1.31862 2.25152 
0.225425 0.0025753 0.143094 0.125083 8.71161e-05 78.7654 0.0004962 0.0260165 6.94518e-05 0.778115 0.553262 23.9918 0.000188045 0.0125119 6.61517e-05 15.7347 4.70711e-05 2.20675e-05 
0.0445358 0.00130227 0.000674253 0.00917146 2.39919 2544.74 0.00195776 0.133127 0.0100585 18.7725 0.000758492 0.0326187 2.10641 0.00107354 0.0169101 0.0247713 0.00383175 1.62644 
0.00070548 0.168908 1.5403e-05 0.00521282 2.3381e-05 2.1475 0.00338046 9.31341e-05 0.0162469 0.750259 0.00132868 233.269 3.1076 0.00294005 0.00648919 0.125912 0.0749799 0.0154333 
3.95179e-05 1.9652 1.37138 2.28796e-05 0.00334791 81.6866 0.00768909 0.329004 5.70004e-05 96.8459 0.0349975 0.113328 5.79003 0.163161 0.000177561 4.50708 0.000576702 3.38637e-05 
9.21538 0.0611355 0.00177018 0.01545 0.0337962 2444.46 1.0977e-05 1.5086e-05 4.07551e-05 0.0566784 0.0409404 165.056 0.00023238 0.00563104 0.00167072 0.0714718 0.0195654 0.0694842 
0.00543105 0.00015227 0.0110772 0.0732583 4.73967 0.0113819 2.10546 0.257741 0.000344224 4.82864 0.000172166 0.246701 0.481736 0.566834 2.59176 15.613 0.00786564 0.676284 
7.7162 0.000203603 0.000129407 9.45335 2.59915e-05 131.776 0.103362 0.00181953 0.00117141 0.793007 0.000399712 0.0818351 0.0263694 0.000326253 0.0979274 12.6996 0.301748 0.000603358 
1.26559e-05 0.483338 0.0777981 0.00342797 0.930425 1112.64 0.407705 1.26066 0.972834 0.280686 0.0270758 0.0106976 0.120148 0.107069 2.45918e-05 2.21063 5.92804 0.201467 
0.22962 0.349566 0.000473453 0.00159774 0.477242 121.597 0.00300884 2.25585 0.0171572 49.0354 0.0264444 5.68321 0.0013303 0.000806127 5.19454e-05 9.19993 2.55363e-05 0.00111828 
7.3614 0.553 7.47308e-05 8.31202e-05 2.14853e-05 134.17 0.0170059 1.22037e-05 0.000122255 11.3146 2.12105 37.7596 0.250124 0.0398353 0.00224078 13.56 0.000504856 2.1127e-05 
2.79937e-05 0.000315937 6.96505 0.0171139 8.60206 24.767 0.000934251 2.97449 0.193183 452.252 0.00280605 157.329 0.227932 0.000129027 0.0050749 0.230232 0.0156 0.208809 
0.0134661 0.0155024 0.680922 0.0179743 2.2779 930.198 1.21278 4.73653e-05 0.302183 25.6566 0.00122322 98.9491 0.000574181 1.4434e-05 7.15756e-05 20.2495 0.00882813 0.00869961 
2.67617e-05 0.0513589 8.57558 0.0967686 1.76292e-05 0.164891 0.0022329 0.000935803 0.0371179 5.22591 0.000129166 0.0529221 0.00790743 0.000445115 0.0141376 0.0807882 0.0193697 0.224398 
0.00258578 0.000647035 0.0251365 1.58612 4.08717 19.2526 1.53193 4.70783 1.85322e-05 113.645 0.00515333 0.167718 0.000145907 0.306052 0.00123776 1.83653 2.33484 0.00141588 
2.39782e-05 0.729775 1.66364 3.61381 0.00182283 7.37981 0.726275 0.0057621 0.000134092 61.2496 0.0139575 1.94818 2.17041 0.000672021 0.273529 0.124619 0.00751483 0.13031 
0.0199994 0.0802939 3.58991 0.0997494 0.000120966 0.039269 0.424696 1.35076e-05 0.00702629 0.704927 0.0209113 230.582 0.000202539 0.00454625 0.513222 23.5798 1.88645 0.000163582 
1.31722 0.000403235 0.00395196 0.000119625 0.119279 191.164 0.000218873 0.0333662 0.000508544 0.875412 1.5009 232.838 6.20152 0.000358693 0.351695 0.152859 0.277464 0.000176146 
0.331972 0.000612163 2.6941e-05 0.626203 0.00328965 0.0185107 1.99574 0.000164373 0.0160105 0.0757365 0.00010907 1.77302 1.04727 0.654518 0.0602461 0.0101185 0.00074372 0.00552055 
0.000347666 0.00295733 0.0853974 0.000304391 3.58526 13.6343 0.0191913 0.00927367 2.49042e-05 0.123132 0.00849752 170.674 1.52273e-05 0.0166301 0.000635209 0.324143 0.0518042 0.0027708 
0.00306538 0.147241 0.425723 2.77324 0.00632508 1.80877 0.000748005 8.68704e-05 0.0460742 186.823 2.30769 1.70993 1.35504e-05 0.0694424 0.00107152 1.83478 0.00013404 0.000321635 
0.00118211 0.0722576 1.68049 0.14301 3.70149e-05 37.3456 0.000919365 1.30527e-05 0.00364772 0.0112492 0.000115889 156.386 0.000131106 0.000844336 2.58193e-05 3.8611 0.0150595 0.00211183 
2.15781e-05 0.0008254 0.000316134 2.65883 0.139346 0.243178 0.624022 0.000204008 0.0252269 35.5391 0.00126551 313.816 0.000356347 0.337187 0.0795419 3.06111 0.158158 3.76493e-05 
0.00766524 0.0026789 0.000724177 0.0268414 2.43585 3.1545 0.541533 0.0175889 0.00779908 39.8444 0.0815787 15.0889 0.000895225 0.00572653 0.00271461 46.7938 0.194598 0.000117597 
0.0787464 0.350532 1.0838e-05 4.11932e-05 7.58994e-05 1495.28 4.70365 0.0620582 8.28415e-05 0.0327083 0.0413172 0.038397 0.00062437 0.0889343 0.00976846 0.137217 0.00882277 0.00275321 
0.0767552 0.00804955 0.00110396 3.71339e-05 0.145496 1562.55 0.105452 2.9812e-05 0.808205 24.4751 1.3199e-05 0.0283611 2.58985 0.365014 0.00197732 2.07564 0.00165565 5.80642e-05 
3.9893e-05 0.000391078 0.747582 0.0656429 0.0358485 9.04985 3.31277 0.152776 0.246604 0.267885 7.55779e-05 229.344 0.159183 0.695901 0.000114629 1.71279 0.000508483 1.4731e-05 
0.000131653 6.67524 1.98749 1.09554e-05 5.77136 2858.69 0.28061 0.000399543 0.880489 128.665 6.95078 0.701693 4.23639 0.271705 0.252521 0.370376 1.84383 0.00758297 
0.00866636 3.24951 0.0206903 0.00406818 0.000650489 0.0351668 0.118231 0.0056942 0.0053837 54.7717 0.37434 200.559 0.00034389 0.00263648 1.14293e-05 0.115754 1.21564e-05 0.000919478 
1.01887e-05 5.79618e-05 0.0155759 2.6462e-05 0.276753 898.606 3.06443e-05 8.7707 0.000406071 2.34252 0.0110489 425.961 0.00498794 0.00145231 0.0764725 1.68495 1.20138e-05 0.00329711 
0.0090181 0.583807 0.0487462 0.0222393 0.0227841 1.61328 0.00657022 7.89419e-05 3.03436e-05 368.525 0.0332705 59.2463 0.00887237 0.00526271 0.0586915 3.8276 0.00661044 0.00133751 
7.65887e-05 0.193965 6.08687 0.005448 1.44645e-05 0.0122253 0.119597 1.56299e-05 0.00101578 0.107705 0.0137879 218.465 9.87937e-05 2.90428e-05 0.000939484 0.650083 0.103937 0.548 
5.6225e-05 5.66706e-05 5.72122 5.88282 1.25397e-05 0.278292 0.00218899 0.13029 3.48231e-05 5.43486 0.158189 164.429 0.000675718 0.00111288 0.172158 2.75794 0.000126148 0.00327466 
4.30299 0.0006105 0.947711 0.240667 0.0190735 0.0173345 0.837154 1.26625 0.0045236 0.0829596 0.000650757 6.93819 1.31041e-05 0.0394968 9.27944 0.0879991 0.0165667 0.644733 
0.26187 0.00776631 0.435654 0.000123568 0.0178026 0.0148141 0.00183768 0.396624 0.000222611 0.039064 0.00395034 7.13922 1.22645e-05 0.697562 0.000137563 4.70804 1.73912 0.000582659 
1.37644 0.443355 3.9842 0.0027129 0.81725 0.202579 8.18446 0.0555993 0.0287792 172.76 0.00509933 28.4616 0.0159467 0.927756 1.69685e-05 0.0147978 1.02822 0.0250257 
1.07451 2.03782 0.000393887 0.00344674 0.00719999 56.4039 3.64785 0.0452874 0.044248 37.7966 2.18784 0.130172 0.000863632 0.00641198 0.908645 0.0451801 0.0032817 2.3333 
0.448652 0.000710745 1.20667 0.089142 8.98153 60.196 0.00169911 0.000474022 0.000434983 222.437 0.00086826 1.05176 0.0584829 0.00892378 0.000461671 0.719088 0.837649 0.0378905 
5.27639e-05 3.0288 1.67128e-05 0.00807936 1.3682 0.0159904 0.00591713 0.141705 0.000422266 65.9405 7.19674e-05 5.47576 0.114892 0.00662299 0.00149162 26.4107 0.021409 6.97417e-05 
0.000487046 0.00073722 0.207237 3.2411 0.000303215 1.83627 0.000149325 4.20289e-05 0.00835627 0.0148347 0.459911 0.0153935 2.77909 0.0018491 0.0035357 0.929954 0.199922 2.31743e-05 
0.897127 0.00472023 0.0604795 0.00121845 0.0152893 2.97688 3.21741e-05 0.916685 0.000662583 4.21133 3.39138e-05 0.166289 0.0223092 0.0210416 0.000207764 12.6193 1.29428e-05 0.876882 
0.0161791 0.0607705 0.657923 0.000851532 0.169513 2.2708 0.00171644 0.00290696 0.00186167 0.34586 0.0103187 186.721 0.00811877 0.00620464 1.05016 47.3031 1.44303 0.00492773 
0.0037271 3.91162 2.4285e-05 0.167587 0.00367605 9.77336 7.12588e-05 0.273306 0.0959728 5.72287 2.17789 1.65592 0.000301377 0.000253802 0.216975 0.422595 0.0172322 0.0118762 
1.43835e-05 0.0359572 8.99936e-05 0.107872 0.0880919 596.9 0.0181669 3.0936e-05 0.019575 155.617 0.000223765 26.7325 0.0617902 0.0234746 0.000513665 2.63091 0.224672 0.00022163 
0.862482 0.00087977 0.540803 0.330685 0.016958 0.0122069 0.00663326 0.103146 0.000843476 1.57542 0.232605 0.397914 1.3444 0.555861 0.0489976 0.0719503 0.00727515 0.00194143 
0.0132952 0.000129017 1.26028e-05 0.0894845 3.31969e-05 1218.91 0.0774664 9.07717 3.5855e-05 49.7697 1.29638 4.36076 2.46574 8.47562e-05 0.000440577 0.0133523 0.0186905 0.102754 
1.61071e-05 0.0252998 1.0034 0.00123843 0.0125964 0.168186 0.000702547 0.000639289 0.00021653 0.0304922 0.0228299 0.497807 0.000882228 0.00354549 0.0461437 46.1148 5.12877e-05 0.000107704 
0.000255961 0.0252781 0.00826588 8.06946e-05 0.0177664 14.0712 0.0320506 0.00859858 4.16038e-05 165.438 0.00163214 0.117301 2.04467 0.0258048 0.0516293 16.5034 1.19831e-05 9.33677e-05 
7.20527 0.00520504 1.16262e-05 4.09789e-05 0.133914 335.637 2.45954 0.243682 9.0966e-05 5.24342 0.00259027 0.424497 0.000418665 0.000191241 0.000337471 13.0287 0.000267153 0.00400185 
0.252934 0.00130834 1.41711 0.101564 0.293533 0.028294 1.33833 0.0549357 0.00861969 0.0745045 0.00147268 30.8253 0.0323639 0.00144165 0.00398898 35.161 1.86554e-05 0.000238739 
0.0872944 6.36526 0.000126633 0.000290433 0.000157367 0.0557882 0.000296477 0.0236542 0.947615 0.0254519 0.00105581 0.11786 0.328747 0.00895079 7.25866e-05 0.656162 2.54914 2.21576 
0.0208799 0.701612 0.00278892 0.0458966 0.146104 80.1244 0.0535937 0.00127008 0.387294 0.079678 0.000330651 90.1098 6.89801e-05 0.0173837 1.06098e-05 0.220279 0.149557 0.0143975 
0.000247605 0.88473 0.0457076 0.00977267 8.72931 166.604 1.60701e-05 0.000114116 0.00411327 0.18579 5.28481 45.5838 0.000203032 0.00132339 0.0720383 0.0223555 2.78404 0.716574 
2.37319 0.000273621 0.00325516 9.44072e-05 0.207725 0.772062 4.9991e-05 0.421329 0.00169544 189.837 0.519784 0.508201 0.0355086 2.06362e-05 0.0794492 0.455176 1.16334 2.34285 
1.18703 0.00433287 0.00280524 0.726915 0.000787313 620.683 2.03536 0.918055 0.00053776 0.0202856 0.000338408 0.237101 0.000319183 0.00439739 0.5178 0.993209 0.000880124 0.032207 
0.00565572 0.0180851 3.38536e-05 0.00723316 6.14608e-05 0.34446 1.17268e-05 0.00123892 0.0218968 41.6278 0.00151255 2.10074 8.25751 1.60714e-05 0.00124412 17.1509 0.000305958 0.000236485 
1.26645 0.00054084 1.13891e-05 0.0543149 2.21328e-05 6.05072 0.00250407 1.39564 7.06978e-05 0.101979 4.31236e-05 0.189075 0.000649061 0.315117 0.000118538 0.037525 1.36218 0.195102 
2.94558 0.000256414 0.00195832 0.00073463 0.000199167 1.37686 0.00600231 0.0569945 0.000123511 154.231 0.00191639 0.418462 1.51623 0.206893 0.414591 0.174713 0.060883 0.00314624 
4.51754e-05 1.254e-05 0.00913452 2.72519e-05 0.00954428 1889.77 0.000187968 8.75627e-05 0.024766 0.51921 2.94049e-05 44.8735 0.0665424 0.00797257 0.00562228 9.62614 0.0701502 0.000807191 
2.13065 0.000301841 9.02056e-05 0.012182 0.626787 0.0121749 0.00155602 0.483405 0.00451626 0.498758 5.21954e-05 140.334 1.48549 0.05612 0.000165592 0.558383 0.000221227 0.00272674 
3.13854 0.000719228 0.00363488 7.25771e-05 0.134378 1458.13 0.00576311 0.0974049 0.00260745 134.462 0.0158665 2.44481 0.0301451 0.00345864 1.94123e-05 24.8181 0.00102803 0.00063767 
0.0220001 0.00672631 8.16652 0.017244 0.00468545 120.158 0.00067801 0.000306691 0.00124341 0.391188 0.00808645 15.0362 0.00217882 2.59813e-05 2.2896e-05 18.5036 0.00237417 0.00463471 
1.68669 1.73709 1.27203 7.80933e-05 0.695636 877.603 0.000176128 4.6118 0.544981 0.104107 1.01344 137.724 0.441525 0.711388 0.191557 1.00552 0.00144008 4.10245e-05 
0.00122215 1.63874e-05 0.303344 0.0374013 9.73351 0.114973 0.00623039 0.496904 0.00015861 1.5316 0.545114 2.34002 4.19522 0.00897101 0.021991 0.0524206 0.00662196 0.00642012 
4.29935 0.0462485 0.000364494 0.000538511 0.136874 3.90378 0.254902 2.55462e-05 0.245748 2.3122 4.84522 4.73872 0.109091 0.0654923 0.01237 1.01751 5.15212 0.113336 
7.334e-05 2.96661e-05 0.288533 0.151105 0.0249115 4.74379 0.372495 0.0382234 1.74007e-05 10.7257 0.000348351 0.225311 9.19735 0.154357 0.00149773 0.603017 1.29162 0.0183562 
6.15971e-05 0.070382 2.75167 0.0342496 4.3801 339.305 0.082407 8.83046e-05 0.00165495 34.4961 0.000115194 446.061 2.16537e-05 0.0915568 5.29713e-05 0.0456214 0.0222532 0.0364086 
9.62611e-05 0.000798633 4.51884 0.000332049 0.126522 0.133909 0.00400848 0.324209 0.0464383 25.0253 0.00513437 310.759 0.00127203 0.0154764 2.92662 20.915 0.00715818 0.000155964 
0.361953 0.139759 0.00121176 3.07014e-05 0.00878647 377.693 0.0455052 0.0215127 0.00051789 0.0953455 0.106752 272.407 0.000157413 0.0378339 0.00829909 0.0296992 0.892292 0.157025 
0.00178833 0.875431 0.0337754 0.105489 0.00395372 36.4279 0.000144264 0.00205056 0.00246381 0.135153 0.00794781 1.83441 1.02954e-05 0.878189 0.000309857 0.0446562 1.27801 0.0661489 
2.43132e-05 0.00037216 4.83778e-05 0.270237 0.0740564 205.406 0.000107688 0.461782 0.120994 0.538336 1.71072 28.1991 1.54234e-05 0.0336555 0.000314818 0.0296003 4.01277e-05 0.00637826 
2.09167 0.0170445 0.753786 3.05343 0.233475 0.371016 0.399348 1.0012e-05 0.056921 1.6314 0.0022433 49.4882 1.3718e-05 0.00968836 0.00214812 0.0935457 0.000118848 0.292944 
9.86412 0.0717779 0.00146692 0.00055685 1.19065 2994.86 0.000327619 1.51774e-05 0.00012157 0.0177504 2.81473 0.170252 0.000201168 0.0623294 5.6135e-05 5.48782 5.17173e-05 0.00069871 
1.65954 0.000199461 0.00017557 1.03118e-05 0.0501844 194.456 4.5137 0.18854 0.00113866 0.0263044 2.66183 0.861483 1.36657 0.0203781 0.197134 1.26671 0.00400568 3.57392e-05 
0.000241103 0.0932263 4.5358e-05 0.00118625 0.24976 79.5132 1.08962e-05 0.000142605 9.3156e-05 0.238996 0.478877 189.792 3.63056 0.478711 0.0125632 2.01148 0.604466 7.83322e-05 
6.83392 0.000123446 4.02785e-05 0.328438 0.0597083 0.438263 3.16465 1.64469e-05 0.000266179 65.085 0.262286 0.308819 3.08678e-05 0.736129 0.0230672 0.363551 0.827715 0.00198993 
4.10484e-05 1.45063e-05 0.132406 0.443786 0.000995672 203.073 0.086479 0.0332616 0.037722 0.409846 0.106266 1.19392 0.000460813 0.0706047 0.000154299 25.8014 0.13072 0.000117405 
0.580513 3.43915 0.0189366 0.000955035 0.137746 4.94015 0.0111707 0.14966 7.32673e-05 0.294137 0.13229 436.936 4.10646e-05 0.316613 2.46054 0.014057 9.86449e-05 0.657995 
4.4216e-05 0.0554321 0.0243183 0.567011 0.676642 69.201 2.36888 0.00065142 0.00229216 0.0154968 0.000963021 7.02103 0.000547759 0.00441833 1.72327e-05 0.0103254 0.0558737 7.36189 
5.6192 9.92327 0.00143426 0.000448648 0.00454704 0.742437 0.00289646 0.00283165 0.000326008 4.15792 8.18967 0.0345897 1.18366 0.00119889 3.4798e-05 11.4911 0.0481261 0.0835845 
5.0203e-05 0.0164049 0.658689 0.766917 9.17097e-05 10.7915 3.73496e-05 0.178126 0.056326 0.0361924 0.000582577 3.11846 0.000105728 0.0365233 0.0804967 0.0128903 0.049408 1.48203 
0.206298 4.43044e-05 8.81952 1.13633 1.68002 0.352458 1.36305e-05 0.344038 0.000277119 0.015011 0.0568886 8.07284 0.000108811 0.431686 0.000412846 7.33586 2.88711 0.0117662 
7.08298e-05 0.000432881 0.00406593 0.0636797 4.48951 2137.6 2.77045 0.000167479 0.356909 0.0297502 0.0283019 461.89 0.0195284 0.000755345 1.399e-05 0.0529072 1.23069 0.0038889 
0.000395902 8.67303 0.000305624 0.00118726 3.51415 0.518064 0.000697324 2.56499e-05 0.0682229 65.8078 0.0020031 26.0245 3.04598e-05 7.06243e-05 0.144388 1.7944 0.230226 6.86578 
0.00681105 0.924463 0.0251921 0.14634 2.96304e-05 0.0924046 8.07831e-05 1.09528 0.00328837 0.334087 0.00198184 0.248077 1.3026e-05 0.0126597 0.000595625 0.388689 0.000100667 0.0102709 
3.4255 0.0483855 0.657547 1.73898e-05 0.292105 344.853 0.492771 0.0412925 0.000277154 10.0954 1.45984 8.85873 2.00761e-05 0.31721 0.000166084 0.996945 0.00165056 0.000730278 
0.254536 0.000154421 8.08463e-05 1.18293e-05 0.00573816 60.518 5.68086e-05 0.00500374 2.6933e-05 69.3511 0.0530656 1.60982 1.38049 0.195829 2.98589e-05 0.80998 0.0963028 0.000781678 
0.0282718 0.646975 0.00141014 0.0143881 0.0368563 0.281194 0.536063 0.000649818 5.6825e-05 52.2829 0.00945841 0.0203155 0.199764 0.386678 9.70604 0.0154217 0.000184886 4.00013 
0.898426 7.44505 0.000199386 0.0344819 0.000794761 4.32047 1.37745 7.76293e-05 2.04586e-05 8.87747 1.41911 0.0479476 0.0356044 0.190886 0.115383 1.90759 0.0489072 0.000771037 
0.275299 0.000871702 0.00778049 6.01142 0.000530507 126.303 0.000887262 0.0761258 1.00958e-05 44.6442 2.54375e-05 379.464 3.16988e-05 0.00902976 0.00637409 0.115176 0.0197045 1.44659 
7.12554 0.633006 0.000435639 0.000737023 0.101024 733.235 1.43125 0.584229 0.0709406 2.4522 2.49798 25.1929 0.00039583 0.192891 0.00139629 18.7503 3.58403e-05 6.27713e-05 
0.00553145 0.0775315 0.00102774 0.24673 0.0294896 73.1631 0.0174063 0.000643102 0.00161716 7.29162 0.0743239 211.079 8.28218 6.16233e-05 0.763188 0.577448 0.00134094 0.0050939 
0.0189258 0.0254396 8.23603 0.657613 0.0117561 1.33954 0.131227 0.970964 0.0394978 0.0851833 0.00111172 9.646 0.226225 0.343191 8.38344e-05 0.0145455 0.14928 0.125788 
2.55242e-05 0.0676435 1.05062 0.018454 0.0233692 0.0441227 6.59529e-05 1.69029e-05 0.000561186 14.4911 0.00030006 0.0105631 0.230976 0.000510897 0.000919008 1.15304 0.0103571 0.168781 
0.00170031 0.115214 0.0111759 0.0060965 2.17863e-05 3.69743 0.0131622 0.000280319 0.00183611 0.0246787 0.000516707 0.215092 2.16753e-05 2.7592e-05 0.0644023 3.11786 0.430466 1.60226 
0.0583741 0.0396456 2.83938 0.000179455 0.00501243 0.26898 0.158449 2.62485 2.03384e-05 402.502 0.0860945 6.33926 0.000804187 0.00421127 0.571822 1.78398 0.0226723 0.0365558 
0.293909 0.0330543 6.33352e-05 0.00397676 4.29371e-05 4.58815 6.91745e-05 7.52887 0.000145211 0.0330175 0.587795 119.505 0.571107 0.0330358 4.3763 0.0437615 0.110423 0.420142 
1.91998e-05 8.67557e-05 2.73686 0.00182518 0.00980651 28.7508 0.503477 0.00517191 0.000226263 0.0142588 0.0223525 174.214 9.85821e-05 0.00683881 8.01181 11.4254 0.00114771 0.0167746 
3.73804e-05 5.47557 0.656589 0.0236482 4.94264 2.71352 0.00228813 0.250717 0.235491 57.2935 1.3497e-05 2.80031 0.00195359 0.0135066 0.0769159 0.0291376 1.41471e-05 1.0568 
0.000114221 0.263035 9.38961 1.16736e-05 3.38042 0.014553 7.19605 0.000432068 1.27163e-05 0.980486 0.0446644 0.589062 0.526696 0.246403 0.0594983 2.69627 0.000421143 0.000377394 
0.363295 0.00110786 4.80074 6.44836e-05 0.131011 11.416 0.00061964 0.000150807 0.0934528 0.0684735 1.14241e-05 325.733 4.31128e-05 0.00129757 0.0471971 0.0498386 0.0190757 6.39979 
0.000104299 0.068183 0.516186 9.78836 0.261103 0.710963 3.18194 0.00139955 0.0647475 26.9942 0.00391064 1.62448 4.62855 3.15812e-05 0.000961507 1.18963 0.000683519 0.0232798 
2.27769e-05 0.72001 0.559024 0.0878647 1.99411 38.4327 0.00300972 0.000101623 0.000724655 19.5487 1.80159e-05 471.535 0.110772 0.0115428 0.00774734 0.062561 0.192418 3.11128 
0.00160847 0.0071648 6.96014 0.000447632 0.761326 1.69776 4.59236 0.060541 0.00203764 0.187441 4.03571 0.204293 0.011857 0.116158 0.000265277 6.70394 0.0936595 3.86288 
0.18958 0.000291618 1.41257 4.81577 0.03591 0.0123375 4.54775 1.64426e-05 0.00121351 22.6819 0.000497331 0.0100165 3.85313e-05 0.00328952 0.00011006 8.78716 0.000300219 0.00221566 
0.00163299 0.214774 1.39221 0.0261184 0.0101439 109.017 0.000195515 0.00725351 0.00071974 2.39632 8.82168 0.0962109 4.79922 2.87391e-05 0.011961 0.776797 0.00442991 0.000309734 
6.56957e-05 0.00138978 0.00865997 3.93865 2.30327e-05 2.1585 5.9989 1.62785e-05 0.447549 99.2554 0.000375956 6.99574 0.0261624 0.00144482 0.00084462 3.53719 0.00116222 0.0347575 
0.000451263 5.1196 5.10498 0.110276 4.99686 1324.44 2.16261e-05 0.00506559 1.90008e-05 131.981 5.02607 0.0187536 0.00233387 0.00244962 5.92648e-05 0.0844676 0.000816957 5.28858 
0.0307919 0.0084743 0.00775733 0.0472072 2.01048 7.92472 1.53911e-05 0.0296233 0.0479495 179.482 0.330372 0.0205301 0.000128054 0.00107922 0.0138455 9.31807 0.032342 0.00354145 
0.0174982 0.00245959 1.69838e-05 0.255286 1.18658 2346.91 1.43632e-05 5.85498 0.000314208 2.20527 0.629489 6.27345 0.000463922 2.99328e-05 4.57323e-05 14.418 0.0058424 0.0536661 
0.608905 0.0025769 0.0619568 0.00226179 1.90463 80.3772 1.53146 0.00124277 0.000321111 51.1785 0.086794 374.831 1.13386e-05 0.000706267 0.0130167 1.80806 0.0211247 0.162005 
0.00036945 1.38506e-05 0.886184 2.12836 0.000458867 12.2824 0.363434 1.00366e-05 0.719027 0.135791 3.14698 0.0635046 0.0403177 1.02199e-05 0.115379 13.3037 0.00697024 0.000769273 
6.52481 0.622501 0.000478298 0.0155798 0.00022757 0.0420564 0.000196056 0.0192649 0.00954963 1.40797 7.15555e-05 202.162 0.0228481 0.0321989 0.329964 0.0411776 9.06935e-05 2.77409 
0.00126355 0.00208389 0.000569788 0.000849482 0.00703165 1.03875 0.000800604 0.0609053 0.257771 137.185 0.000170916 0.266479 0.000237846 0.0486986 0.00199161 46.9892 0.00426601 9.41533e-05 
0.00237105 0.0582621 1.14063 0.139193 2.2142 158.067 0.000152722 0.00395396 2.28397e-05 203.219 0.0367223 45.2347 0.00450637 0.137893 0.418974 0.104206 0.0714769 0.0883679 
1.14277 2.74698e-05 5.30023e-05 0.00670956 6.89224e-05 0.015427 0.0022769 8.89715e-05 0.766589 1.63784 1.4816 0.0857508 4.33318e-05 0.647432 0.000120498 1.97673 1.74933e-05 0.170154 
2.11965e-05 9.43634e-05 0.000267632 9.12137 1.88161e-05 1190.28 4.45425e-05 7.1706e-05 9.63205e-05 336.991 1.71476 0.026439 7.19152 0.00365318 1.15552 0.0830852 0.181514 6.04335 
0.00488866 0.0331283 5.3253 0.00022538 0.507649 1805.33 0.000449981 0.663851 0.0011267 104.479 2.22553e-05 0.0179748 0.0868895 1.21846e-05 0.000787175 33.8628 0.00176989 1.45062 
0.000858944 0.00166796 1.01731 5.42795e-05 0.000478913 660.629 0.00338495 4.76091e-05 0.282508 1.38809 3.13292e-05 0.171196 7.26039e-05 0.00494331 0.257321 0.191976 0.0179491 2.20371 
0.338536 0.0413763 0.00015356 0.0179271 0.0216419 142.586 0.290564 0.0559223 0.000471394 0.496521 0.00152788 9.86334 7.43316 7.4668e-05 0.712684 17.4227 0.000366793 0.459385 
1.54207e-05 0.00132821 0.00552277 9.32911e-05 6.30408e-05 48.9425 3.18404 0.0235773 0.0967195 14.6387 0.00264972 0.0992361 1.102e-05 0.000273785 0.100146 1.63103 2.03973e-05 0.143975 
0.00106887 2.63485 9.75278e-05 1.06683 5.52016 708.863 0.000785893 0.00318366 0.346323 1.0607 4.3994 95.7984 0.0546384 0.00116442 0.099279 0.49055 0.0142643 7.84861e-05 
3.56288 1.69417 9.82187e-05 0.000278053 0.00453039 1.29648 3.55967 0.00294536 4.7695e-05 12.0519 0.192568 0.0221241 0.045174 2.38685e-05 0.0966771 2.94349 0.00010637 0.0523868 
0.479648 0.0440902 3.42359e-05 8.84644e-05 0.00156239 1490.79 0.0470658 0.559049 0.000185573 24.7292 0.00879392 14.9949 6.06956 0.212504 3.01639e-05 5.4914 1.54708e-05 0.000194734 
0.519018 0.0052001 0.0570086 1.00445e-05 1.16149 0.167959 0.0039591 0.00364888 7.16173e-05 10.1457 1.44155e-05 85.7481 0.00190379 0.0905243 0.0135289 0.135025 0.388955 0.316649 
7.20256 0.000325881 0.231444 0.000251363 0.0459123 73.0434 0.00275695 4.36867 0.000943677 0.0264707 0.0019579 0.156895 6.07915 2.95494e-05 0.0233493 0.0101774 1.09574e-05 3.3933 
0.0147915 2.01671 0.854182 0.0144977 0.199347 152.358 3.14185e-05 0.00116963 0.000395519 2.25449 0.00167051 0.155685 0.00110279 0.157406 3.19498 37.5193 2.92263e-05 0.770476 
3.23694e-05 0.105715 2.73778 0.000582432 0.00135919 0.0532132 4.35534 0.000313271 0.04331 0.66301 0.0474635 7.56136 8.88674 0.00024283 1.41954 0.015503 0.000354812 1.47243 
5.75548e-05 8.64732e-05 0.0309376 0.0865082 0.000888623 0.972295 0.0126919 1.15911e-05 0.0922575 34.7093 5.85192 0.2768 0.00162899 0.962892 0.00333591 1.35578 0.00262478 0.000394813 
0.000982299 6.86342 0.013224 0.0249585 0.169708 1583.54 0.415275 6.2725e-05 2.1162e-05 2.91259 0.52558 3.16647 0.0082094 0.00529413 1.10391e-05 38.2379 0.438691 0.00564807 
3.54132 0.749061 0.0415652 0.00152135 1.49462e-05 389.049 0.00848269 0.000125101 0.000761876 0.800064 7.5981 22.4829 0.333618 0.0121055 9.10236 0.0299296 9.12398e-05 9.67095 
4.07733 0.497343 0.000538845 4.38274 0.0190619 1.61453 4.52403e-05 0.00184244 0.301594 0.406255 0.00124363 51.8433 0.0835071 0.00621947 1.11178e-05 0.226575 7.55587e-05 2.30545 
0.000770548 0.00894739 0.0229717 9.20126 0.000704596 10.5952 0.0283084 1.26986e-05 0.0256629 0.0196652 0.000381484 225.328 0.001089 0.00190781 0.000833828 2.78396 0.39591 0.159099 
0.132164 0.000146307 0.000615553 0.00693553 0.000355143 0.517653 0.000944634 0.0223934 0.019296 92.5527 0.00956291 282.536 0.120987 0.00255372 2.40344e-05 1.32939 0.00299543 0.184499 
0.27749 4.0109 0.0276176 8.01617e-05 3.10177 0.0212898 0.000402684 7.25921 1.90809e-05 4.90579 0.000362867 0.324874 1.06985e-05 9.27403e-05 4.84652 22.3996 0.00031182 0.595603 
0.263178 1.74198 6.22607 4.13585 0.0572253 0.0113857 0.0430852 0.0176279 0.0100397 0.0245095 7.62581 0.141355 0.813368 0.240895 1.88497 0.362613 0.473213 0.0400259 
0.00115132 2.38776e-05 0.0533619 0.0627281 0.889135 11.7309 0.000253211 0.282193 4.13619e-05 24.2924 0.00122707 298.935 0.00798377 0.0357477 1.4524e-05 4.10749 0.958231 0.0680709 
3.06884e-05 0.018271 0.000149109 0.0286583 0.0074986 85.2824 0.000204634 0.00209149 0.306893 0.336895 0.193008 4.15373 3.0139e-05 0.00833365 0.181604 0.010283 0.0357424 8.16254 
0.000955812 1.73661e-05 0.0067697 0.929926 0.552683 0.0209021 0.0736121 3.80059e-05 0.00313451 0.0332 2.08533 0.0300003 0.123664 0.151118 0.000260231 37.5439 0.0101953 0.000125622 
4.4906e-05 0.012196 0.67386 0.18771 0.087166 61.7246 0.000120699 0.000372759 0.00357682 7.70163 0.00826248 0.506636 1.67421 0.00115065 0.000439223 30.5122 4.11414e-05 0.494279 
8.53413e-05 0.0408374 0.0774304 0.062772 0.152697 0.133171 0.0133872 1.61893e-05 0.00744914 0.4698 0.0024287 0.461278 7.17905 0.752084 5.37757e-05 0.41638 4.3881e-05 9.22594 
0.000381142 0.00500178 0.0770074 0.00109189 6.95573e-05 692.039 0.0766752 3.69676e-05 0.072094 0.181873 0.0478422 4.82331 6.65738e-05 0.169189 0.00564046 19.6635 0.0121186 0.000258412 
0.00579604 2.33552e-05 0.000132789 0.0121916 2.70285e-05 0.762353 0.00115101 0.00129272 0.00781621 0.0955767 1.31941 3.558 0.046794 0.00882781 0.000129993 3.21434 0.0108265 1.27557 
0.00353582 5.60907 0.00563718 0.0176256 0.00881297 959.476 0.00249632 2.60256 0.00471804 2.20474 0.000849881 0.0267198 9.10069e-05 0.0221201 0.000169642 44.769 0.44042 0.00186492 
2.81576e-05 0.173054 0.0170899 3.02782e-05 0.00251552 74.3042 0.582008 0.0908267 7.47245e-05 39.8436 0.00018903 0.0142832 0.0191797 0.00219358 0.0500705 0.667397 3.80064e-05 0.541588 
8.02911 5.46526 0.75725 0.000336199 0.000273773 0.0782024 0.000346357 0.00108002 0.0516503 79.8673 2.7025 7.15478 0.273616 4.25515e-05 4.83104e-05 1.17124 1.03183e-05 0.0264238 
2.65747 7.50788e-05 1.86311 0.00125425 0.000336687 166.637 0.00522807 0.0322631 0.00548504 0.283089 0.196706 0.128403 3.54343 1.09876e-05 0.554222 0.532474 0.000391284 0.0118422 
0.000105821 4.03351 0.00132339 9.4532e-05 0.172076 0.229238 0.000332577 0.00271016 0.8528 302.269 0.0115195 20.3044 0.807682 0.000108443 0.204405 10.2091 0.129211 0.00256679 
0.0383623 0.069273 0.00059199 0.00782157 0.00065303 20.4436 0.0268406 2.69881e-05 0.0158054 165.558 0.000534607 0.0308443 7.88713e-05 0.342828 0.000138356 0.552371 0.892973 0.0754745 
0.00330547 0.359937 0.000113503 0.0965524 0.00144994 9.61744 1.09712 3.28775 0.447449 3.42042 0.0951303 0.0435124 1.16682 0.315315 0.00129953 0.643146 0.000212228 0.00673928 
0.00018852 0.00116999 0.00855516 0.00801717 1.57067 0.0765806 0.456032 6.45889 0.0245236 144.217 3.21536 10.9264 9.40964 0.93731 0.0113575 2.57331 0.00274492 0.00060644 
0.140456 0.000111211 1.17957e-05 0.211883 0.00668841 5.46861 0.00631798 2.27953 1.24339e-05 27.1301 7.10389 27.3813 4.42298 4.09064e-05 0.0124377 0.116955 0.128061 0.0485575 
0.000391525 0.000122569 0.00104369 4.5581e-05 1.44878 2.08661 0.911094 0.000502193 2.60235e-05 219.635 5.05123e-05 375.456 0.366066 0.0158336 0.00443169 0.814926 0.758188 0.797831 
0.000223905 1.14289 1.54126 5.5085e-05 0.00142357 3.51961 0.00797679 1.47661 0.0216377 0.0139216 0.000403605 0.508862 3.44727e-05 0.000298223 0.00740537 20.0226 0.000155889 0.0113122 
2.43459e-05 0.000156344 0.0101596 0.000655224 2.04661 82.2558 0.000903231 0.00774517 0.0778497 0.017312 0.000680685 55.4977 0.0818524 0.0587048 0.0983521 33.3437 0.00556048 0.0287466 
0.00898843 0.000318691 3.39964 0.472428 4.68901e-05 411.592 0.0176864 0.00170608 5.56818e-05 1.38199 0.00301182 296.365 2.08654e-05 0.192321 0.0199091 2.91443 0.00237189 0.00291214 
0.556897 0.797183 0.000565322 0.00390338 1.12546e-05 0.170717 0.0168812 0.62359 0.271982 64.3562 1.29427 415.619 0.00350031 0.00511507 0.000205679 9.40071 0.00116308 5.65906e-05 
0.000355968 0.000192607 0.226225 0.00532486 0.00874587 8.82489 0.394782 0.00893142 0.22222 80.6143 0.0936168 0.623731 5.52968e-05 0.000874146 0.00448893 12.3733 0.00719727 0.0241457 
0.0611083 4.34393e-05 0.0029575 0.902426 0.00306215 0.779123 0.000296399 1.11048e-05 0.638694 365.97 2.47717e-05 177.817 4.20019 0.0591125 0.563922 14.9169 0.000554553 0.00192811 
0.00012122 5.82622 0.0181275 6.58957 0.00800545 162.696 0.0159267 0.00457586 0.00135935 0.171942 0.0026135 408.152 1.10967 0.230021 0.218773 0.035607 0.00857346 1.52361 
0.375862 0.00108201 0.0469732 1.03963 2.86977e-05 0.318298 1.66729 9.23364 0.00406832 2.61787 3.24689e-05 0.0726756 0.000376737 0.225475 2.88664e-05 0.110855 1.01344 3.69245 
0.0310923 5.20868e-05 4.61597e-05 4.19372e-05 1.11504e-05 0.0108697 0.0166927 1.57277 0.049185 14.5284 0.000260672 1.01101 0.0509362 0.0487982 0.0164243 2.28695 0.0338141 0.0355362 
1.56919 3.03888e-05 0.822785 0.000122056 1.76634 1.55554 0.00131335 0.0761926 0.0119097 12.541 0.417508 360.685 0.695241 0.00938851 0.00201132 0.0737998 6.02064e-05 2.09476 
1.7995 0.0042189 0.000136413 0.00131179 0.00282279 1.52731 6.40528 8.18627 0.220163 0.283232 0.00717594 0.861087 0.641969 0.126064 0.0130847 0.0294634 0.000409099 8.94682 
0.389926 6.71722e-05 0.255931 1.42474e-05 0.000380052 0.0181692 0.00241056 5.91894 0.0152302 0.0119631 0.0127831 43.6035 0.0204632 0.068058 1.272 22.151 0.000303407 0.00423374 
0.175759 0.031778 0.152438 1.81529e-05 0.0865513 133.462 0.323486 0.0397223 0.00439095 0.0108363 0.00303963 0.174572 2.88387e-05 0.000370471 6.01545e-05 1.2887 0.000135445 1.39582 
0.00223418 0.00134051 0.00934724 1.34667 0.544898 2947.04 0.0083137 0.00146671 0.592848 0.10481 0.00226846 232.244 0.807236 0.00791048 0.0141052 0.478743 0.00820187 0.0112065 
0.0111763 2.78471 1.42963e-05 0.128121 0.000138636 2.00898 0.749613 0.000254615 8.80307e-05 0.417982 0.241653 0.0220076 1.67808e-05 0.0596936 0.00025282 36.5391 0.0328277 0.00176545 
0.485293 1.68915 0.126449 1.11242 1.92088 0.236703 0.120847 7.7687e-05 0.00130542 0.932442 0.000435433 17.0031 0.000420455 0.00137769 3.24333 1.68104 0.00174679 6.89809 
0.00776896 0.113728 0.631871 2.17031 0.0481287 1634.08 0.187964 0.00341699 0.156217 1.30207 1.59465 6.22446 0.90793 0.253192 0.00142479 34.3119 0.365612 0.000520588 
0.00128803 0.0588136 0.00220823 0.0979182 0.217237 1465.47 0.0318721 1.80237e-05 0.589373 0.0172489 2.2678e-05 12.8546 0.233294 0.269895 0.00468296 4.66357 0.835082 0.0241513 
0.284935 0.0889286 1.40904e-05 3.67654e-05 4.16299e-05 0.0985262 5.64253e-05 0.000653347 0.0780063 0.0584311 0.00392335 5.7376 8.48437 0.000445348 6.36003e-05 1.76242 0.00211038 0.0136731 
0.00439079 1.74144e-05 7.83241e-05 0.0137889 0.0142336 2.32361 0.0610059 0.000743399 0.00894431 0.0472628 0.0640727 238.412 0.000109526 0.0386727 2.90232e-05 0.03719 0.000440764 1.20396 
2.41483e-05 0.00599425 6.81309e-05 0.0119028 0.00395602 0.221769 6.44929e-05 0.00201044 0.0708939 23.2696 0.00195329 8.17139 0.106387 0.0134259 3.84772 22.4974 0.202692 0.0695243 
2.62317 0.0404527 0.105239 3.92263e-05 0.000132294 2.60419 1.25587 0.014667 4.33238e-05 0.0715687 9.07636 31.0123 0.0268293 0.269002 1.10739 2.16247 3.18613e-05 0.0258719 
0.0761251 3.95195 2.37807 0.0101506 0.00172768 4.47751 0.00108519 0.00155995 0.0694114 204.056 0.00343637 10.5465 0.000440515 0.0895778 2.4726 0.346951 0.00289516 3.03612 
2.75521e-05 0.00157365 4.94906e-05 0.00042588 0.000154436 0.86232 0.822096 3.03556e-05 1.35737e-05 0.0172146 0.453202 236.099 2.96123 3.09466e-05 0.0276837 44.1322 5.71865e-05 0.000222861 
0.0122636 3.19225e-05 0.5492 0.0867208 0.000432514 12.3016 0.0077735 0.0308313 0.00238537 0.323227 0.0215341 1.27166 0.99658 8.41369e-05 0.00259812 1.95543 0.297281 0.180139 
0.00013658 0.146518 0.303619 3.88394 3.59531e-05 20.6785 0.0530221 0.0247235 0.0113573 0.973288 7.90801e-05 0.622438 0.193469 0.804151 0.0233358 0.0784188 0.0182592 0.227419 
0.0468301 3.95089e-05 1.35038 0.184946 3.06438e-05 0.0110442 0.000182763 0.0589268 0.273312 0.894987 5.24441 0.218104 0.942752 0.0112342 8.46934 0.938992 0.00696433 0.719768 
0.000335967 0.000120121 0.386751 4.66938e-05 0.000229263 23.2897 1.28297e-05 3.46421 0.0047818 1.24401 1.39489 0.0194316 4.73945 0.00208577 0.00291833 0.0605079 0.00323534 0.18087 
0.0832131 7.63481 1.41258e-05 0.00251188 0.000385923 0.381258 0.157273 0.000186568 0.198726 37.7026 3.868 0.0110037 6.07038 0.183057 8.04705e-05 0.0481461 4.57053e-05 0.519527 
0.112669 0.284819 2.43026e-05 8.51615 0.234153 378.45 5.93375 0.00152392 0.00907173 4.63989 0.0275341 68.6925 0.00507732 0.109879 2.39096e-05 0.259124 1.73762e-05 0.319085 
0.270516 0.00364602 0.00995713 1.25521e-05 0.00115774 25.0175 8.33134e-05 2.88569e-05 0.424284 3.43934 0.30101 0.025718 0.00180872 0.00268357 0.0202765 3.95495 0.00513225 0.180088 
0.0103634 0.00279389 1.06619 0.000457358 0.177657 171.932 1.80264e-05 2.86071e-05 0.77895 156.162 1.71088e-05 0.73891 3.74052 0.623029 1.03146 35.1199 1.46033e-05 0.00103791 
0.000117221 0.0819482 0.000144802 0.00502452 0.00392774 115.332 1.84782 0.0202914 1.1039e-05 0.0284833 1.02101 0.183781 0.00107776 0.119953 0.000206193 0.240384 1.16677e-05 1.71736 
0.000378606 0.0160515 0.000164436 0.00900914 0.0473943 240.016 3.75047 0.159519 0.149358 122.502 0.00112483 0.75554 7.70853e-05 0.000143005 0.000784776 49.2003 0.000136918 1.23986 
0.238449 2.95812 6.08443 0.00117472 0.397176 5.14038 1.53425e-05 2.64971 0.000121728 373.079 3.4639 0.086411 0.000129797 0.319835 1.72913e-05 2.11631 0.152078 0.277645 
0.60559 6.66881 1.0725 3.08774e-05 3.97212e-05 0.175981 1.12778 2.16015 0.000408194 0.154179 0.395511 19.8563 0.00107531 1.38187e-05 0.00679972 29.8987 0.0724578 0.00884405 
0.00201455 3.65105 0.00304255 0.0165471 0.199912 0.0117338 7.38447e-05 0.0734828 0.292901 360.89 1.38677 0.017543 0.438148 0.0946631 0.00179501 22.0862 1.21608e-05 0.00465435 
0.488947 0.00198653 1.90612 0.0425289 0.961439 725.469 0.0363606 0.0151004 0.272179 0.209703 2.45828 1.13167 7.21376 0.0483319 0.00109246 5.30764 0.00316459 0.00241397 
0.0615684 0.00364357 3.28047 0.0331017 2.15922 2.19768 4.09654e-05 3.01141e-05 2.11459e-05 3.11277 0.0242856 1.95583 0.00116317 0.00281684 0.0117377 12.6018 0.000810959 0.0704249 
0.000634924 0.0520277 5.9178e-05 0.000198939 0.013235 86.129 0.521179 0.000147458 0.0294577 31.4049 0.024689 5.87748 0.00935098 0.000780733 1.74766 21.8454 0.000572161 1.74081 
0.0123613 0.954682 0.062904 9.62155e-05 0.0467926 82.8568 0.285183 0.000441006 0.000660453 20.4147 1.47869 0.102609 0.0715608 0.962196 0.00826379 0.815868 0.00478894 0.063856 
0.545 0.0026456 0.365574 5.35207e-05 2.00008e-05 0.0257321 0.00925327 0.00245722 0.000522628 10.7043 1.16651e-05 21.0933 0.000206002 0.622576 0.000321147 0.126207 0.0646341 0.263203 
2.63512 9.87281e-05 0.535756 0.0959179 0.000108226 0.546324 0.000118447 4.97066 0.0440476 0.0913335 0.264261 4.12975 0.00533888 0.772953 0.0187756 21.0096 0.00945643 0.00139739 
0.00286894 0.0129551 0.301057 7.08566e-05 2.78843e-05 38.4589 3.82203e-05 0.123232 0.00265506 0.376629 0.023911 454.803 0.00705317 0.103441 0.0127279 8.96239 0.00108489 0.0395232 
2.04921 2.07026e-05 3.08635e-05 0.000109666 0.851259 2.44655 0.000345318 0.00143982 0.00567949 1.21844 4.12574 66.5612 0.000172595 0.00204672 2.09379 1.69096 1.68323e-05 0.0366804 
0.000567214 1.79384e-05 0.441042 0.00018092 0.00148779 0.82362 0.155788 9.0843 0.0479103 1.28691 0.00256019 240.889 0.0380697 5.90592e-05 0.0814181 0.19498 0.000272663 1.66276 
0.00851 3.98051 0.155516 0.119508 3.95757 0.139429 3.1754e-05 0.00215657 1.21551e-05 12.5093 0.0103851 9.2692 0.000219345 0.0160141 1.79087e-05 0.955461 0.000185884 3.49234 
2.64617e-05 0.064428 0.0138371 1.09287e-05 1.02853 12.7739 5.32716 3.9236 0.00143419 105.956 1.07534 354.428 0.000432996 0.472537 0.0117412 3.04354 7.07837e-05 0.0145575 
3.64734 0.86089 2.85895e-05 0.00662051 0.0113204 0.0152217 0.00140815 0.00318405 0.0437433 0.263642 0.000158245 13.1447 5.26602e-05 0.0406491 2.06099e-05 10.2366 0.0377689 0.0558188 
9.33895 0.22066 0.281381 7.50985e-05 0.010687 57.51 3.76791e-05 1.07645e-05 0.0126363 5.69956 1.44011e-05 281.645 0.0807814 0.178798 0.275817 2.88797 0.000324422 0.229385 
0.272661 0.0391727 0.000116937 0.000134866 0.043981 17.0692 2.16551e-05 0.112189 0.000456626 0.0101512 0.451814 28.6208 2.19023 0.929919 6.18378e-05 0.0320276 0.0246661 1.68331 
0.00200791 1.67255 0.00205857 6.54986 0.0171417 63.9222 0.501831 8.88496 7.7883e-05 0.280369 0.000703418 13.8933 0.0194925 0.648164 0.0786618 0.122096 0.00028341 0.41871 
0.199901 1.71486 0.000591311 0.0440545 3.45165 0.0149124 0.0164638 6.62569 0.172282 112.571 0.298295 0.0254179 9.06286 0.000254819 0.227245 14.7984 0.00364701 7.97519 
2.97995e-05 1.30818e-05 0.000884966 3.32805 5.60846 0.0368884 0.000326931 0.00114984 0.10522 0.296437 0.000125008 62.8271 3.08799 0.459462 3.37237e-05 0.0709985 0.00341325 3.26117 
0.0740347 9.5583 0.00113468 0.0187014 6.02938 2946.02 1.96106e-05 0.00458846 0.00182643 47.7495 0.257998 286.128 0.0159636 0.0876353 0.526326 39.4514 0.00020435 9.56312 
8.98152e-05 0.0127358 0.000272621 0.160568 0.000838861 0.812051 0.00213298 6.6852e-05 4.66707e-05 387.01 2.0786e-05 5.71384 0.596378 4.39542e-05 0.00214794 4.72149 0.0516921 6.10812 
2.12653e-05 0.250428 0.764671 2.99878 0.155481 1.32268 0.432985 0.354489 0.0250387 14.5114 0.322835 166.802 0.0100716 0.194136 0.0190001 0.0305901 0.00461886 3.51646 
4.72399 3.18618 3.2362 6.42021 0.00506086 0.813554 0.000253671 0.0240252 3.51443e-05 4.48207 0.176499 17.5043 0.00203738 0.0201941 0.0106905 4.66901 0.00261986 0.521402 
0.000665715 6.00788e-05 0.000409639 4.95749e-05 0.348716 99.2332 0.0635334 4.00706 0.000415449 19.3808 0.0893827 0.864246 0.000356261 0.3934 0.000249986 3.07198 1.03522 0.10734 
0.112574 0.130691 0.0140655 0.124355 0.357146 188.821 2.14107e-05 1.33718 3.59939e-05 0.0106173 0.107965 266.682 0.000807908 0.0209921 0.702134 30.9634 0.000108578 0.0395457 
0.000687417 0.0968195 0.00115887 0.0190584 1.45941e-05 1133.88 7.35191 0.0108784 8.00623e-05 51.4794 0.00720212 206.254 0.00378903 0.024547 0.00498536 2.44612 4.42257e-05 3.63513 
0.000259171 1.5177 0.00100043 5.54314e-05 0.000581182 3.23512 0.278293 0.179422 0.00331484 77.5523 0.248177 9.60541 0.0168723 0.0306193 1.3878e-05 48.2492 0.220865 0.0942235 
1.12952 0.777783 1.42421e-05 0.0011202 0.797602 0.464003 0.00938947 0.000331292 0.00147291 9.39694 1.10426 7.09293 0.0257433 0.0126559 6.19288 9.46053 0.00377353 1.50441 
0.0271569 2.04079 0.00013966 0.000130888 2.71934e-05 2038.27 5.84419e-05 0.00661601 0.0221525 0.0901602 0.000299319 91.3036 0.0341657 0.00171681 5.13691 3.57647 0.00370996 4.78585 
0.0165505 1.22987e-05 0.0157421 0.00107097 0.101997 1.1481 1.5889 4.97615e-05 0.00107182 0.0295276 2.96052 196.405 2.97204 0.234127 6.82092e-05 0.444894 0.773277 0.32473 
0.00125561 0.000428689 0.308053 2.79124 5.0778e-05 1372.74 0.514239 6.13607 0.00013762 0.718468 5.03157e-05 3.81133 0.000188308 0.0149508 9.56913 18.7798 4.3072e-05 0.726395 
0.106178 0.000170061 5.00066e-05 0.0017495 7.64209e-05 1646.23 0.328087 0.00263095 0.486335 0.0754675 0.00278915 3.08972 3.07269e-05 0.0012428 0.000762892 29.9188 0.000495801 0.198594 
0.027386 1.74844e-05 2.16104e-05 0.801036 0.217764 11.8518 0.00228528 0.0178215 0.00347161 139.737 0.786421 0.0254275 0.311088 0.000152803 0.00278269 8.33184 2.33184e-05 0.369804 
0.257696 0.000340972 2.62864e-05 1.76285 0.53173 641.572 0.0142848 0.00440614 0.789637 6.54651 0.00880743 0.581845 0.0464005 0.00202361 0.137652 8.60515 0.000837402 0.709209 
0.0452151 0.0191435 0.000174881 1.09609 0.0047961 0.372541 0.160699 1.57699 2.01805e-05 0.367091 0.000265192 0.0765175 0.0346523 0.00162365 0.00206237 5.43616 0.00310759 8.00897 
0.000972614 0.00929345 0.316462 2.44077 0.000170037 289.348 2.11287 9.77543e-05 0.126366 0.0891184 0.00100813 1.99415 0.0811994 0.00155457 0.897932 27.0134 0.00325669 0.947837 
1.20635 3.48943e-05 2.13241e-05 1.34853 0.000110578 0.440898 5.41625e-05 0.0383745 0.00144599 0.660737 3.23031e-05 189.304 8.47979e-05 0.000830679 0.000458399 36.9166 0.000541595 0.120972 
0.0863616 0.00135168 0.0564861 1.13378e-05 0.191374 0.0639802 6.84614e-05 0.367771 0.396421 28.4712 0.00391589 0.342845 0.00201117 0.0533926 3.82187 4.57687 0.110983 3.11519 
4.40133 0.000227933 0.0148667 0.0245378 0.00749116 474.2 0.000533677 0.000204496 0.00560457 7.58021 0.00217027 0.267606 0.218563 0.000190769 0.0355184 5.55036 5.82002e-05 8.98894 
0.174953 0.00464081 1.60146 0.000885398 0.168832 212.33 0.0978432 0.00593615 6.45344e-05 90.2619 3.51457 21.8458 0.400577 0.00152352 0.312991 4.857 0.0336256 0.888895 
0.000211806 0.00013623 0.00386684 0.41605 3.05622e-05 1.02836 2.61727e-05 0.00302756 0.00016515 461.339 1.06271e-05 0.0119816 0.0573693 1.93497e-05 0.0155341 13.6668 0.195862 4.67818 
0.000142822 0.567065 1.51953 0.127319 0.000236492 413.049 0.000364789 0.000169997 0.00253959 328.877 1.64242 110.065 0.0260917 0.913345 4.95722 0.520677 0.00184124 3.00737 
0.000705299 3.32927 0.000827801 0.00428982 0.000124552 2117.94 0.0232855 0.000339108 0.00472543 43.0822 3.03912e-05 366.201 4.17819e-05 2.92115e-05 0.000605815 22.1415 0.000311886 5.01893 
0.00158676 7.41434 0.110771 0.0159035 0.18558 15.2421 0.948851 7.97293e-05 0.000854884 38.7453 6.57928e-05 6.3475 0.00161442 0.077904 0.00208472 5.49647 0.439293 0.658424 
0.364455 2.80835 7.25161e-05 8.63391 1.03855e-05 243.534 3.11014e-05 0.000168702 3.26164e-05 4.64395 0.297151 17.9779 0.0344484 0.0493337 0.000310596 1.21203 0.26877 4.98382 
1.63931e-05 0.00061521 2.37548e-05 0.00253729 4.00801 0.010598 9.16668 8.94513e-05 0.00199841 1.13251 9.61823 391.805 0.349777 0.221888 3.45609e-05 9.66754 4.48579 0.0491934 
0.265631 0.464408 4.87685e-05 0.132409 0.00179193 1559.72 2.61849e-05 4.02308e-05 0.226805 0.842468 0.000261169 0.108207 0.469231 0.000558065 0.277519 8.73242 0.000222128 5.1658 
0.00169083 0.151351 0.0015644 0.00870376 1.35303 0.0246142 6.48222 3.06199 0.0129068 0.0113525 2.54046 0.569181 2.87128e-05 2.79262e-05 1.78894 34.3914 0.0585066 2.36756 
2.18606e-05 0.0555635 1.27681e-05 2.51296 0.543234 7.81745 0.0785427 2.17665 0.0317299 0.422927 0.00020056 0.0155889 0.237743 0.00721458 0.302582 14.0061 0.0990628 0.785547 
0.00284328 0.423812 0.000130312 0.15639 0.0709519 2.75893 0.00518346 0.00704609 0.104523 0.278374 0.0377665 0.0117797 0.00668737 0.187266 0.093625 2.66074 0.661813 5.77136 
0.0214495 3.80354e-05 6.97717e-05 1.9449 0.0167843 85.2084 0.00081117 1.87668 0.027159 0.0819573 0.900506 0.183708 0.477502 0.187474 0.000111528 17.279 7.00929 2.84506 
5.66874e-05 0.000115482 2.72003e-05 1.67296 2.59893e-05 159.434 0.0186755 4.85081 3.09957e-05 37.9541 0.00241657 0.0145831 0.000241917 0.193031 1.59318 3.84916 0.302425 1.18394 
7.0168 8.66693 0.0371027 1.93421 3.17647e-05 431.363 0.0312021 1.56329 0.12505 146.779 2.00729 110.859 2.4453e-05 3.38047e-05 0.0212592 29.5724 4.55301 8.53619 
