-169.0007946
-168.9955192
-168.9940602
-168.9923406
-168.9914659
-168.9897849
-168.9891841
-168.9871566
-168.9827062
-168.9772963
-168.9711393
-168.9693631
-168.9635512
-168.9572902
-168.9534116
-168.9470102
-168.9417935
-168.9402268
-168.931781
-168.9288338
-168.9264977
-168.916095
-168.9157701
-168.915218
-168.9151755
-168.9148435
-168.9124347
-168.9110066
-168.9032693
-168.9032233
-168.895519
-168.8899624
-168.888324
-168.8829456
-168.8820303
-168.8811999
-168.8805403
-168.8788747
-168.8777329
-168.8777205
-168.8769878
-168.8761625
-168.8703656
-168.8677266
-168.8675539
-168.862777
-168.8594846
-168.8541429
-168.8506895
-168.8485746
-168.8484677
-168.8445863
-168.843522
-168.8384395
-168.8224468
-168.8222011
-168.81585
-168.8086476
-168.8070774
-168.8060615
-168.8054369
-168.8050468
-168.8046069
-168.7988527
-168.7945419
-168.7936426
-168.7871948
-168.7856562
-168.784005
-168.7805316
-168.7789931
-168.7728072
-168.7590815
-168.7584818
-168.758402
-168.7492123
-168.748648
-168.7468672
-168.7431944
-168.7370604
-168.7346281
-168.7326221
-168.7198466
-168.7155683
-168.7143425
-168.7142655
-168.7109949
-168.7048534
-168.7031847
-168.6983729
-168.6979689
-168.6961443
-168.6945406
-168.6912403
-168.6779845
-168.6745929
-168.668748
-168.6684078
-168.6663727
-168.6574044
-168.656986
-168.6556432
-168.655018
-168.6464125
-168.6365262
-168.6281671
-168.6278228
-168.6269637
-168.6242704
-168.6139548
-168.6107182
-168.6030094
-168.6000118
-168.5914983
-168.5889771
-168.5814303
-168.580148
-168.5694146
-168.5690533
-168.5683457
-168.5680936
-168.5679178
-168.5674253
-168.5616553
-168.5610103
-168.5558052
-168.5538924
-168.5520892
-168.5500657
-168.5481694
-168.5419365
-168.5417415
-168.5387297
-168.5262592
-168.523468
-168.5218856
-168.5218369
-168.5172935
-168.5070718
-168.5031131
-168.5018536
-168.4920098
-168.4913581
-168.4877144
-168.4849066
-168.4618779
-168.4445674
-168.4366944
-168.4324463
-168.4305707
-168.429466
-168.4219012
-168.4199676
-168.4050397
-168.3925941
-168.3914635
-168.3870921
-168.3780289
-168.3672311
-168.3630098
-168.358997
-168.3510174
-168.3421722
-168.3404157
-168.3343454
-168.3322368
-168.3281446
-168.3279115
-168.3263727
-168.3083966
-168.3079379
-168.3071404
-168.3067163
-168.2960912
-168.2882003
-168.2825637
-168.2750483
-168.2738226
-168.2715488
-168.2714736
-168.2710908
-168.262893
-168.2613305
-168.2595741
-168.2571397
-168.2540069
-168.2468423
-168.2398766
-168.2386007
-168.234559
-168.233057
-168.2312486
-168.2281551
-168.2275982
-168.2197664
-168.2166913
-168.2075957
-168.2017513
-168.1992847
-168.1985983
-168.1981626
-168.1950462
-168.1781044
-168.177862
-168.1776955
-168.174977
-168.1707685
-168.1681658
-168.1645794
-168.1645489
-168.1641752
-168.1621249
-168.1605398
-168.1598407
-168.1569759
-168.154598
-168.1545415
-168.1448485
-168.1432078
-168.136378
-168.1330454
-168.1267039
-168.1157269
-168.1077481
-168.1046742
-168.1011984
-168.0964479
-168.0940234
-168.0843927
-168.0759546
-168.0733945
-168.0687897
-168.0644048
-168.0624815
-168.0603237
-168.0505544
-168.0446383
-168.0378452
-168.0259486
-168.0250192
-168.0198354
-168.0191459
-168.0178696
-168.0171257
-168.0061054
-168.004656
-168.0014333
-167.9995061
-167.997404
-167.9909184
-167.9847887
-167.9685686
-167.9640426
-167.9602518
-167.9554779
-167.9545325
-167.9520602
-167.9482993
-167.947966
-167.9362307
-167.9360692
-167.9290674
-167.9191825
-167.9024154
-167.9011894
-167.9004454
-167.8964493
-167.8932739
-167.8859587
-167.8842898
-167.8841808
-167.8734815
-167.8687002
-167.8623783
-167.8620601
-167.8529586
-167.8427619
-167.8400102
-167.8379213
-167.8371741
-167.8362134
-167.8274334
-167.8229315
-167.814828
-167.8127413
-167.8113062
-167.7892932
-167.788098
-167.7825576
-167.7794409
-167.7778923
-167.7673652
-167.7672781
-167.7664979
-167.7612999
-167.754915
-167.7533165
-167.7509843
-167.7488365
-167.7392422
-167.738108
-167.7006491
-167.697886
-167.6921105
-167.6892481
-167.6891598
-167.683205
-167.6517213
-167.6460124
-167.6458597
-167.6419251
-167.6355898
-167.6344522
-167.6255241
-167.6227287
-167.6144334
-167.6098053
-167.6043249
-167.5785236
-167.5720583
-167.5486071
-167.5419736
-167.5402947
-167.5352606
-167.5289555
-167.5241084
-167.5202271
-167.5165245
-167.5057198
-167.504989
-167.5002729
-167.493206
-167.4891216
-167.4791356
-167.4466977
-167.445616
-167.4397529
-167.4303624
-167.4197147
-167.402794
-167.3943566
-167.3927421
-167.3879133
-167.3811596
-167.3725502
-167.3622641
-167.3598746
-167.3592161
-167.3525937
-167.3515163
-167.3349912
-167.3259204
-167.3153656
-167.3113056
-167.307847
-167.3025328
-167.3017731
-167.2772502
-167.2659187
-167.2640916
-167.2629266
-167.2571412
-167.2520849
-167.2429806
-167.2416681
-167.2367762
-167.2237833
-167.2086602
-167.2074353
-167.2052293
-167.1806738
-167.1599013
-167.1502748
-167.1436931
-167.1400793
-167.1326802
-167.1286686
-167.110297
-167.102911
-167.0982927
-167.0910201
-167.0868353
-167.072451
-167.070805
-167.0662312
-167.0605372
-167.0446583
-167.0438091
-167.0416119
-167.0327802
-167.0274312
-167.0224653
-166.9968018
-166.9828735
-166.9745601
-166.9685908
-166.9605104
-166.9344487
-166.9341322
-166.932558
-166.9128741
-166.8555204
-166.849184
-166.8439878
-166.8070862
-166.7948636
-166.7742758
-166.7556385
-166.7455972
-166.7436066
-166.7395131
-166.7135774
-166.6952074
-166.6797949
-166.6749128
-166.670098
-166.6559259
-166.6410846
-166.6230038
-166.6227837
-166.6209576
-166.6153445
-166.6087629
-166.6047362
-166.6005393
-166.5380345
-166.4974578
-166.4866751
-166.4717114
-166.4676926
-166.4571057
-166.4549267
-166.4535639
-166.4529194
-166.4523993
-166.4399363
-166.4176789
-166.3844943
-166.3790372
-166.3681324
-166.3636911
-166.3514062
-166.3408195
-166.3185678
-166.3136563
-166.3114652
-166.3059564
-166.3007806
-166.2953348
-166.2817333
-166.2769656
-166.2729279
-166.2724426
-166.2293529
-166.2163021
-166.1989147
-166.1720652
-166.1075186
-166.1061379
-166.0915127
-166.0708887
-166.036043
-166.0259952
-166.0103139
-165.940337
-165.9146451
-165.9061279
-165.8859026
-165.8649578
-165.8194125
-165.800132
-165.7660588
-165.7588336
-165.7420457
-165.7410367
-165.6820095
-165.6288526
-165.5891602
-165.5879077
-165.5566097
-165.5470275
-165.4513186
-165.4446694
-165.4056109
-165.3849643
-165.3296747
-165.2258262
-165.174871
-165.1697288
-165.048461
-164.7605273
-164.722985
-164.637472
-164.5860044
-164.5414926
-164.4977549
-163.5289082
-163.4607769
-162.9446124
-162.7973699
