-217699.9587
-216880.5709
-216716.1905
-215936.0891
-215926.3025
-215564.6571
-215081.2397
-215045.7375
-214196.4511
-213919.0799
-213750.0608
-212341.7358
-211716.5534
-211589.1394
-211442.5579
-211309.4319
-211162.1945
-210625.9114
-210145.531
-209976.1887
-209733.7601
-209451.1913
-209331.1601
-209318.5753
-209298.4298
-208749.5166
-208357.2682
-208263.8772
-208121.2547
-208020.3772
-207579.7169
-205639.6916
-205570.4564
-204523.2646
-204160.6873
-204108.1524
-203520.4441
-203017.3999
-202903.2353
-202785.6608
-202686.7343
-201912.3758
-201473.5104
-200647.1888
-199224.1965
-199020.1207
-198793.5741
-198485.8167
-198287.1385
-198143.0523
-197856.8358
-196964.5685
-196234.9768
-196139.0395
-195694.3022
-195171.1442
-194968.4682
-194541.0577
-194469.0617
-194065.3254
-193605.8557
-192986.5911
-192894.409
-191904.5879
-191802.0058
-190697.4079
-186560.4253
-186528.8964
-186472.9676
-186312.9459
-185830.9839
-185764.1334
-185043.6685
-184442.2973
-184181.5168
-184076.2938
-184031.5162
-183911.8181
-183742.9322
-183578.4918
-183502.8846
-183136.7807
-182327.8741
-181748.1419
-181696.1859
-181589.8012
-181267.5273
-181203.6532
-180486.9558
-179427.4259
-179355.1758
-178776.9631
-177811.6453
-177618.5365
-177185.4296
-177071.3502
-177026.3042
-176867.1042
-176695.8982
-176471.7194
-175425.5447
-175236.3336
-174995.5289
-174961.0146
-174472.757
-174147.9988
-173831.2371
-173475.5751
-172769.2467
-172416.3443
-171566.2073
-171258.2251
-171030.1007
-171013.0143
-170859.7554
-170239.3542
-169060.0574
-168356.9332
-168261.2107
-167998.771
-167819.4649
-167773.2864
-167465.7959
-167377.2498
-167356.8348
-166993.6667
-166541.8621
-165643.4589
-165505.8455
-165118.2346
-164950.2671
-164314.4527
-164066.3877
-163716.2612
-163711.7618
-163664.702
-163400.9431
-163347.2157
-163343.5841
-163214.5151
-163086.4444
-162701.3782
-162218.1764
-162190.4406
-162079.568
-161935.7134
-161920.4063
-161805.9284
-161477.5385
-161307.5024
-161004.4777
-160996.6733
-160641.3595
-160513.7034
-160276.2439
-160069.3733
-159912.6958
-159493.5304
-158932.5143
-157877.7267
-157490.9668
-157311.6457
-156919.7224
-155949.6547
-155929.5657
-155423.0121
-155021.88
-154873.3155
-154725.5419
-154510.8334
-153437.8937
-153346.7658
-153314.3424
-153054.9431
-152576.2623
-152330.6929
-152010.7198
-151913.9624
-151794.2195
-151686.9844
-151384.4344
-150641.4868
-149868.9447
-149606.3882
-148918.953
-148564.8593
-148479.3424
-148458.6591
-147899.8218
-147376.4184
-146798.0639
-145625.3091
-145284.72
-144417.3571
-144379.3297
-144336.2291
-144295.6093
-144289.5703
-143845.4018
-143818.8477
-143687.6541
-143303.5998
-143094.6354
-141400.0807
-140561.8223
-140131.2094
-139998.9947
-139887.2243
-139274.2123
-139211.0181
-139199.9583
-138880.0884
-138581.6482
-137719.0599
-137710.671
-137608.6796
-137293.5094
-137060.0503
-136955.85
-136742.9536
-136738.3806
-136296.3705
-135775.3639
-135692.1256
-135648.7614
-135064.9147
-134885.3689
-134185.6529
-133778.3152
-133228.487
-132615.6598
-131943.7231
-131341.4868
-131297.5382
-131120.8169
-131011.7473
-130800.0859
-130370.9331
-130164.3275
-129885.3987
-129871.3872
-129559.2723
-129191.3424
-128657.7228
-128544.3779
-128371.1686
-127870.4409
-127790.206
-127516.9343
-127125.8919
-126997.9275
-126840.0178
-126582.131
-126210.4826
-125108.6916
-124787.2891
-124640.0478
-124365.4827
-124099.1558
-123659.6588
-123556.3492
-122916.7746
-122510.7652
-122364.2754
-122346.4387
-121567.1076
-121444.7259
-118776.9472
-118660.6975
-118494.9195
-118265.7009
-118164.3023
-117714.9773
-117655.1839
-117402.5917
-117381.7973
-117161.9205
-116781.872
-115847.224
-115423.4184
-115374.4335
-115371.2222
-114888.2039
-114872.1018
-114856.943
-114740.9121
-114446.2227
-114320.4495
-113922.192
-113536.598
-112915.2122
-112674.0463
-112446.5871
-110562.9914
-110270.7027
-110089.0038
-110033.4055
-109648.1606
-108941.8978
-108642.5447
-108343.922
-108245.5924
-108006.1378
-107134.9443
-107066.7463
-106736.7661
-106118.5892
-105860.3115
-105556.9091
-104726.7733
-104260.1917
-103479.3168
-103401.5178
-102426.7331
-101827.2406
-101765.6113
-101571.2582
-101339.5554
-100536.8559
-100239.0453
-99396.02579
-98815.24079
-98726.07534
-98039.2687
-97955.77802
-97946.77452
-97575.94506
-97557.15011
-97496.20781
-96799.78681
-96326.67542
-95772.34208
-95324.95145
-94937.20157
-94889.20107
-94803.83048
-94566.98091
-94079.6173
-93938.48111
-93546.49856
-93464.6802
-93430.43301
-93361.72778
-92697.69683
-92494.2831
-92398.77335
-92316.06803
-92044.47301
-92038.60856
-91866.8711
-91306.86682
-90711.58561
-89603.76755
-87604.9277
-87246.82486
-87125.13653
-86818.34997
-86569.73287
-86220.59577
-86001.8897
-85751.68506
-85232.28074
-85031.18155
-84738.22292
-82506.41186
-82474.08619
-81643.23933
-81583.44808
-81383.18523
-81068.62568
-80762.72021
-80300.33478
-79780.29431
-79609.43998
-79494.42279
-79170.71857
-78865.15337
-78810.93153
-78785.2665
-78769.81562
-77947.03839
-77569.80331
-77557.28732
-77094.9503
-75903.40974
-75382.0132
-74878.57699
-74769.95606
-73989.61723
-73493.03157
-72827.37457
-71773.35538
-71266.43366
-70787.22722
-70769.76255
-70605.81154
-70182.86319
-69874.02258
-69696.2042
-69519.50893
-69187.44279
-69137.40866
-68590.68718
-68421.18657
-67824.37371
-66376.60652
-66254.28344
-66039.75125
-65907.78754
-65588.77921
-65571.07873
-65389.6558
-64961.67836
-64531.45833
-64117.63415
-63951.02522
-62863.5394
-61071.50073
-60520.1667
-60041.18094
-59784.99603
-59773.42945
-59562.86556
-59288.50275
-59262.35479
-59257.85456
-59033.27231
-58863.14282
-58483.72631
-58411.22849
-58332.16314
-58095.05306
-57186.41369
-56763.1298
-56392.61608
-55672.51392
-55665.54263
-55452.76219
-55128.91312
-53747.12568
-52468.97203
-51748.09668
-51617.74094
-51592.86982
-51550.07332
-51433.79684
-51289.04642
-50475.05217
-50247.13274
-49793.4876
-49773.85251
-49664.10174
-49396.24677
-48655.78575
-48201.38265
-48117.30437
-47150.06543
-46349.64943
-45750.12668
-44886.17886
-44226.07931
-44125.22132
-43661.3986
-42259.14784
-42140.11726
-41952.91752
-41932.4909
-41636.86223
-41204.98085
-40143.84227
-39821.75548
-39228.05297
-39138.26513
-39019.92217
-38836.80345
-38482.18319
-38419.52241
-38159.46107
-35745.61049
-35474.71605
-33974.60445
-33853.00443
-32969.24823
-32842.65698
-32569.98692
-32272.00473
-30939.52903
-30505.82817
-28231.03159
-26329.86411
-25644.31755
-25249.44526
-24798.10276
-24771.60906
-24492.40426
-22317.88227
-21506.68054
-18546.93028
-16287.3644
-4833.892586
