-14610.05614
-14608.00825
-14604.00828
-14596.69214
-14567.72613
-14562.42206
-14556.90888
-14555.95788
-14530.94885
-14520.20014
-14517.50058
-14500.59692
-14479.35539
-14464.44737
-14421.53092
-14407.90504
-14392.52291
-14383.69995
-14377.8919
-14371.86874
-14351.30666
-14345.70135
-14330.76084
-14309.07706
-14296.14216
-14287.36916
-14264.98622
-14254.34454
-14244.37098
-14240.29445
-14240.27933
-14202.89279
-14202.27276
-14201.90956
-14195.77462
-14176.53367
-14173.49999
-14162.54455
-14145.38765
-14122.86137
-14103.49016
-14100.35748
-14098.56893
-14094.36222
-14092.18735
-14083.40601
-14075.17577
-14049.94406
-14034.08568
-14024.12772
-14010.67456
-14003.16702
-14003.15624
-13978.77623
-13930.94569
-13895.03714
-13888.58757
-13886.10886
-13869.34865
-13848.46051
-13847.07232
-13844.84947
-13832.73802
-13827.9433
-13731.33728
-13723.24859
-13718.38178
-13703.61592
-13640.18615
-13615.0405
-13610.0667
-13608.55983
-13596.4853
-13549.95725
-13546.08479
-13538.17654
-13488.37206
-13473.71366
-13467.81128
-13359.17395
-13353.51905
-13334.92653
-13288.47778
-13272.94153
-13261.99152
-13241.38575
-13235.23531
-13221.31724
-13211.12158
-13207.85479
-13197.7507
-13185.94247
-13184.69481
-13164.17502
-13157.91999
-13116.16195
-13112.73875
-13106.45105
-13070.73936
-13058.88394
-13018.95338
-12974.94694
-12971.49752
-12966.83374
-12951.1183
-12941.05619
-12932.54076
-12925.36166
-12881.70738
-12870.30852
-12851.9881
-12827.92307
-12816.45117
-12814.38026
-12803.15997
-12801.45248
-12789.96234
-12768.10969
-12758.02321
-12691.90399
-12690.64998
-12684.74724
-12681.76745
-12670.6074
-12664.29303
-12661.68129
-12658.57218
-12569.06261
-12553.02514
-12545.88799
-12527.00378
-12518.65975
-12480.9937
-12469.90958
-12460.80691
-12457.96307
-12443.99866
-12423.33983
-12404.56714
-12390.55023
-12371.70943
-12347.24873
-12333.26881
-12330.66585
-12300.11842
-12290.15048
-12289.89901
-12233.26962
-12210.40567
-12190.85608
-12187.92589
-12120.94552
-12110.33087
-12105.97458
-12082.64552
-12081.87098
-12071.59337
-12058.88581
-12058.83778
-12053.71907
-12026.04113
-12003.45037
-12001.49871
-11990.67492
-11983.17602
-11926.06512
-11901.9179
-11866.45925
-11844.58287
-11838.85114
-11835.23216
-11834.9454
-11811.69958
-11802.95839
-11794.05368
-11775.27604
-11766.88178
-11746.78837
-11671.20007
-11657.90406
-11639.60695
-11618.01182
-11613.85601
-11603.90571
-11599.05284
-11597.41872
-11591.89148
-11580.97144
-11524.97698
-11462.25256
-11452.63907
-11421.71063
-11416.80433
-11386.78066
-11381.61471
-11373.20628
-11364.37382
-11363.7011
-11346.88293
-11322.19871
-11265.83527
-11258.38816
-11220.85539
-11197.25237
-11196.70811
-11180.40515
-11165.82444
-11134.93063
-11126.93155
-11120.20216
-11091.12155
-11079.30287
-11066.819
-11045.92286
-11045.80828
-11040.86385
-11017.97849
-11014.52246
-10955.36505
-10918.86763
-10890.67453
-10874.88067
-10860.37276
-10854.12314
-10827.90821
-10785.54044
-10783.40336
-10780.97211
-10771.07813
-10736.71943
-10723.02562
-10692.02786
-10685.91396
-10665.98999
-10602.48087
-10572.18358
-10555.76152
-10548.15205
-10508.03569
-10460.43316
-10457.81518
-10444.50322
-10413.62548
-10409.49166
-10383.55971
-10358.07792
-10344.57502
-10336.78936
-10290.51838
-10271.8448
-10264.34094
-10251.19449
-10241.33327
-10231.7534
-10192.44649
-10183.60389
-10174.83265
-10152.38625
-10136.41354
-10125.31694
-10113.30905
-10088.64171
-10062.54848
-10045.65054
-9993.497759
-9942.269295
-9940.894565
-9909.337917
-9892.328924
-9857.304057
-9838.34475
-9827.643718
-9813.705764
-9803.326345
-9765.00174
-9758.140025
-9692.932909
-9490.320657
-9475.253925
-9468.274591
-9442.51626
-9384.565842
-9378.883226
-9352.038384
-9345.917182
-9341.28854
-9340.30773
-9252.313342
-9232.884252
-9219.961489
-9185.197445
-9098.536573
-9084.237568
-9045.08917
-9024.161031
-9010.492409
-8939.147778
-8905.412344
-8904.862944
-8863.590238
-8851.762577
-8780.663076
-8763.035124
-8758.041197
-8741.02756
-8740.248896
-8716.377601
-8709.566638
-8695.237319
-8664.07985
-8638.300327
-8587.139577
-8547.654506
-8499.243157
-8461.515016
-8458.931878
-8450.691764
-8402.776755
-8402.167029
-8353.436951
-8315.928645
-8294.404654
-8291.134985
-8268.480988
-8236.157156
-8223.730867
-8188.822495
-8188.374698
-8168.740266
-8161.209106
-8157.818978
-8156.075924
-8086.053843
-7965.298698
-7918.966374
-7859.683908
-7844.488618
-7829.957718
-7829.527554
-7786.441201
-7638.003765
-7610.7564
-7575.572953
-7566.976881
-7559.363846
-7557.11962
-7554.422679
-7522.24104
-7407.232848
-7373.145416
-7365.290187
-7339.645725
-7332.808535
-7320.335434
-7302.696409
-7272.245358
-7066.595764
-6988.70229
-6968.985727
-6943.819759
-6942.963616
-6909.060194
-6835.3046
-6801.835312
-6702.083254
-6696.857759
-6619.896642
-6547.316078
-6498.13576
-6495.328534
-6480.125741
-6390.362233
-6329.424488
-6264.369706
-6244.519883
-6241.758419
-6231.909554
-6215.518632
-6162.581477
-6156.085377
-6146.56232
-6133.791167
-6132.668368
-6048.886166
-5980.327772
-5921.469248
-5868.039881
-5799.644361
-5798.025468
-5786.235851
-5753.551542
-5617.790261
-5494.829995
-5451.979062
-5334.514176
-5220.945897
-5176.685538
-5170.052045
-5162.350499
-5095.312017
-5034.560482
-5023.769203
-4999.058957
-4995.239327
-4982.37321
-4942.957778
-4833.892586
-4798.916604
-4785.181483
-4778.775058
-4729.561724
-4684.109434
-4674.425511
-4624.39404
-4615.986684
-4442.543407
-4375.760757
-4189.49263
-4132.999571
-3967.52395
-3896.449476
-3773.904102
-3746.53521
-3744.908785
-3698.289227
-3687.869434
-3665.164618
-3540.607084
-3529.846074
-3522.040043
-3496.983492
-3481.231348
-3398.478786
-3317.061577
-3309.001895
-3282.767255
-3206.280823
-3187.762401
-3047.452644
-3022.246804
-2922.185979
-2901.358114
-2855.381468
-2852.938314
-2846.75703
-2534.14135
-2527.29186
-2514.586307
-2463.791061
-2453.326366
-2423.038486
-2353.735775
-2314.422401
-2255.790693
-2243.135896
-2238.173239
-2205.643573
-2166.890037
-2079.349217
-2045.521356
-1953.366537
-1819.501719
-1791.772685
-1755.425724
-1699.419911
-1695.904695
-1576.601337
-1502.008427
-1395.116401
-1379.580139
-1359.498865
-1348.703407
-1338.341526
-1337.291703
-1272.521922
-1251.045921
-1231.013853
-1225.021811
-1221.808544
-1092.010447
-1049.534262
-988.5060753
-839.0943163
-754.7792897
-656.3253421
-650.6258953
-643.4688027
-626.1649103
-512.0323254
-505.3446501
-470.1199158
-397.4685417
-336.0576039
-332.8767376
-318.3987183
-267.0167985
-255.2475953
-253.9525237
-207.9734964
-193.3070056
