-169.6883297
-169.6856804
-169.6813619
-169.6784153
-169.6764451
-169.6726683
-169.6676673
-169.666129
-169.6620012
-169.660636
-169.6598133
-169.6554649
-169.6514343
-169.6486672
-169.6418869
-169.6404177
-169.639102
-169.6337965
-169.6295376
-169.6257555
-169.6203649
-169.6189113
-169.6160734
-169.6132662
-169.6086529
-169.6031025
-169.6030558
-169.5935168
-169.5908006
-169.5903088
-169.5877279
-169.5813112
-169.5769433
-169.5746041
-169.5734291
-169.5715413
-169.5694073
-169.5662699
-169.5607594
-169.5594379
-169.5584754
-169.5577549
-169.5556176
-169.554093
-169.5514308
-169.5485794
-169.5467303
-169.5465426
-169.5416888
-169.541429
-169.5385608
-169.5374769
-169.5335719
-169.5219261
-169.5204705
-169.5158928
-169.5140132
-169.5120095
-169.511068
-169.5079049
-169.502139
-169.4901964
-169.484406
-169.4830097
-169.4703152
-169.4691401
-169.4611057
-169.4580337
-169.4576933
-169.4565009
-169.4540644
-169.4449034
-169.4420408
-169.4413522
-169.4369599
-169.4322096
-169.4321087
-169.4289506
-169.4269978
-169.4265975
-169.4208111
-169.4183241
-169.4165186
-169.4139969
-169.406439
-169.4048837
-169.4018305
-169.4009066
-169.3926484
-169.3840466
-169.3784964
-169.3729438
-169.3718179
-169.3665056
-169.3555665
-169.3494628
-169.3399237
-169.3355591
-169.32948
-169.329308
-169.3280774
-169.3239892
-169.3235095
-169.3230346
-169.319932
-169.3144717
-169.3076099
-169.3043185
-169.3013285
-169.2983922
-169.2956905
-169.2943649
-169.2941516
-169.2894015
-169.2876781
-169.2753909
-169.2727478
-169.2713053
-169.2671686
-169.2654777
-169.2568769
-169.2547193
-169.252696
-169.2484591
-169.24512
-169.235968
-169.2312574
-169.2283749
-169.2273983
-169.2096634
-169.2050977
-169.2026039
-169.1960932
-169.1957731
-169.1938659
-169.1887676
-169.1837366
-169.1812061
-169.1767866
-169.1760111
-169.1716445
-169.1715381
-169.1473481
-169.1459189
-169.1439534
-169.1385424
-169.1309512
-169.1278044
-169.1237529
-169.1208992
-169.114367
-169.1126885
-169.1040506
-169.0981883
-169.0939739
-169.0917246
-169.091072
-169.0891013
-169.0887866
-169.0856653
-169.0714165
-169.0711739
-169.062848
-169.0596831
-169.0299967
-169.0292852
-169.0233574
-169.0181055
-169.005702
-169.0037041
-169.0024261
-168.9955192
-168.9940602
-168.9923406
-168.9897849
-168.9772963
-168.9693631
-168.9417935
-168.9402268
-168.9288338
-168.9157701
-168.915218
-168.9151755
-168.9148435
-168.9124347
-168.9032693
-168.895519
-168.8899624
-168.8829456
-168.8820303
-168.8805403
-168.8788747
-168.8777329
-168.8769878
-168.8703656
-168.8677266
-168.8675539
-168.8594846
-168.8506895
-168.8485746
-168.843522
-168.8384395
-168.8086476
-168.8060615
-168.8050468
-168.8046069
-168.7988527
-168.7945419
-168.784005
-168.7789931
-168.7590815
-168.7584818
-168.758402
-168.7492123
-168.748648
-168.7468672
-168.7431944
-168.7155683
-168.7142655
-168.7109949
-168.7048534
-168.7031847
-168.6983729
-168.6979689
-168.6912403
-168.6779845
-168.6745929
-168.668748
-168.6684078
-168.6574044
-168.6556432
-168.6464125
-168.6365262
-168.6278228
-168.6242704
-168.6107182
-168.6030094
-168.6000118
-168.5914983
-168.5889771
-168.5814303
-168.580148
-168.5694146
-168.5690533
-168.5680936
-168.5674253
-168.5616553
-168.5610103
-168.5558052
-168.5481694
-168.5419365
-168.523468
-168.5218856
-168.5218369
-168.5172935
-168.5031131
-168.5018536
-168.4920098
-168.4913581
-168.4877144
-168.4849066
-168.4618779
-168.4219012
-168.4199676
-168.4050397
-168.3925941
-168.3914635
-168.3870921
-168.3780289
-168.3630098
-168.358997
-168.3510174
-168.3404157
-168.3343454
-168.3322368
-168.3281446
-168.3279115
-168.3079379
-168.3067163
-168.2882003
-168.2825637
-168.2750483
-168.2738226
-168.2715488
-168.2714736
-168.2710908
-168.2613305
-168.2468423
-168.2398766
-168.234559
-168.233057
-168.2312486
-168.2281551
-168.2275982
-168.2166913
-168.1992847
-168.1985983
-168.1981626
-168.1950462
-168.1781044
-168.1776955
-168.174977
-168.1681658
-168.1645489
-168.1641752
-168.1605398
-168.1598407
-168.1569759
-168.154598
-168.1545415
-168.1448485
-168.1432078
-168.136378
-168.1267039
-168.1157269
-168.1077481
-168.1046742
-168.1011984
-168.0964479
-168.0940234
-168.0843927
-168.0759546
-168.0687897
-168.0644048
-168.0624815
-168.0603237
-168.0505544
-168.0446383
-168.0198354
-168.0191459
-168.0178696
-168.0171257
-168.0061054
-168.0014333
-167.9995061
-167.9909184
-167.9685686
-167.9640426
-167.9602518
-167.9554779
-167.9520602
-167.9482993
-167.947966
-167.9362307
-167.9011894
-167.9004454
-167.8964493
-167.8932739
-167.8859587
-167.8841808
-167.8734815
-167.8623783
-167.8620601
-167.8529586
-167.8427619
-167.8400102
-167.8362134
-167.8229315
-167.8127413
-167.8113062
-167.7892932
-167.7794409
-167.7673652
-167.7664979
-167.7612999
-167.754915
-167.7509843
-167.7488365
-167.7392422
-167.738108
-167.7006491
-167.697886
-167.6891598
-167.6517213
-167.6460124
-167.6458597
-167.6419251
-167.6355898
-167.6344522
-167.6227287
-167.6144334
-167.6043249
-167.5486071
-167.5419736
-167.5352606
-167.5289555
-167.5241084
-167.5202271
-167.5165245
-167.5057198
-167.504989
-167.5002729
-167.4891216
-167.4791356
-167.445616
-167.4397529
-167.4303624
-167.4197147
-167.3943566
-167.3927421
-167.3879133
-167.3725502
-167.3598746
-167.3592161
-167.3525937
-167.3515163
-167.3349912
-167.3153656
-167.3113056
-167.307847
-167.3025328
-167.3017731
-167.2772502
-167.2640916
-167.2571412
-167.2520849
-167.2416681
-167.2237833
-167.2086602
-167.2074353
-167.1502748
-167.1436931
-167.1326802
-167.1286686
-167.110297
-167.102911
-167.0910201
-167.0868353
-167.072451
-167.0662312
-167.0605372
-167.0327802
-167.0224653
-166.9968018
-166.9745601
-166.9605104
-166.9341322
-166.932558
-166.9128741
-166.7948636
-166.7556385
-166.7455972
-166.7436066
-166.7395131
-166.7135774
-166.6952074
-166.6797949
-166.6559259
-166.6410846
-166.6227837
-166.6209576
-166.6153445
-166.6087629
-166.6047362
-166.6005393
-166.5380345
-166.4974578
-166.4866751
-166.4717114
-166.4676926
-166.4571057
-166.4529194
-166.4523993
-166.4399363
-166.3844943
-166.3408195
-166.3185678
-166.3114652
-166.2953348
-166.2817333
-166.2769656
-166.2729279
-166.2724426
-166.2163021
-166.1720652
-166.1075186
-166.1061379
-166.0259952
-166.0103139
-165.8859026
-165.8194125
-165.7410367
-165.6820095
-165.6288526
-165.5879077
-165.5470275
-165.4513186
-165.4446694
-165.3296747
-165.174871
-165.1697288
-165.048461
-164.7605273
-164.722985
-164.637472
-164.5860044
-164.5414926
-163.5289082
-163.4607769
-162.7973699
