-177.9062535
-177.887577
-177.8785553
-177.8719892
-177.8630849
-177.8505202
-177.8499002
-177.8454526
-177.8347045
-177.8210409
-177.8117192
-177.7903789
-177.7891615
-177.7789021
-177.7707115
-177.7577246
-177.7453936
-177.7450111
-177.7348827
-177.7343359
-177.6926435
-177.6914403
-177.6809343
-177.6723644
-177.6678857
-177.6657607
-177.6606847
-177.6528628
-177.6468433
-177.6402615
-177.6286912
-177.6247293
-177.6216259
-177.6203929
-177.6181087
-177.5807999
-177.5695925
-177.5610581
-177.5597143
-177.5549634
-177.5524163
-177.5344645
-177.5317816
-177.5287756
-177.5275112
-177.5237913
-177.5075731
-177.5075288
-177.4884449
-177.4835828
-177.4681364
-177.4639514
-177.4512173
-177.4314173
-177.4298154
-177.4231263
-177.4072272
-177.3847916
-177.3800155
-177.3605729
-177.3182582
-177.3081051
-177.3036761
-177.2707511
-177.2682284
-177.2490561
-177.22259
-177.2208596
-177.206549
-177.1992311
-177.1874443
-177.1702865
-177.1620098
-177.1540871
-177.1153656
-177.1120358
-177.1057427
-177.0949011
-177.0914964
-177.0738995
-177.0601616
-177.0572124
-177.0209645
-177.0119705
-176.9707247
-176.9660209
-176.9356143
-176.9243522
-176.913569
-176.9041477
-176.8934861
-176.8878981
-176.8866599
-176.8629236
-176.858148
-176.8531465
-176.8195935
-176.817892
-176.8084876
-176.8029019
-176.8019416
-176.8015328
-176.7986949
-176.7985537
-176.7963539
-176.7943031
-176.7854889
-176.7812736
-176.7587415
-176.7584451
-176.7532859
-176.7475822
-176.7455808
-176.7360938
-176.7312306
-176.7237892
-176.7126004
-176.6793633
-176.675217
-176.6583836
-176.6509305
-176.6455225
-176.6318955
-176.6093155
-176.6076156
-176.6057015
-176.6020718
-176.5906211
-176.5797454
-176.5709204
-176.5623846
-176.5453338
-176.5438995
-176.5374815
-176.5362875
-176.515212
-176.4969239
-176.4663232
-176.4560239
-176.4361073
-176.4265094
-176.4241096
-176.3732244
-176.3727601
-176.3669361
-176.3664515
-176.3441922
-176.3271546
-176.2848509
-176.2807481
-176.2639973
-176.2148471
-176.1633661
-176.1597311
-176.1578561
-176.126502
-176.1071707
-176.1065866
-176.1017967
-176.1005455
-176.0753768
-176.0159347
-175.9929651
-175.9886553
-175.9838393
-175.9701809
-175.940865
-175.9214783
-175.8737975
-175.8671852
-175.8670481
-175.8502211
-175.8241337
-175.8110131
-175.8100469
-175.8084194
-175.8045962
-175.8017302
-175.8009825
-175.7853312
-175.7694295
-175.7457592
-175.7370784
-175.7365938
-175.7257925
-175.7167574
-175.6777023
-175.676266
-175.6566511
-175.6563022
-175.6540717
-175.6408182
-175.6398973
-175.6361017
-175.6186163
-175.6145833
-175.6012715
-175.590623
-175.5798392
-175.5684594
-175.5413937
-175.5000491
-175.4691687
-175.4410865
-175.4358302
-175.4312841
-175.4224648
-175.4125245
-175.4088722
-175.4069333
-175.3999228
-175.3583754
-175.3549188
-175.3172704
-175.3140849
-175.2964688
-175.2792547
-175.2488465
-175.2398496
-175.2383353
-175.23618
-175.21806
-175.2154733
-175.2120467
-175.1853277
-175.1843931
-175.1806501
-175.159667
-175.1505886
-175.1435351
-175.1005912
-175.0827186
-175.0821216
-175.0685204
-175.036359
-175.028862
-174.9969486
-174.9921782
-174.9666763
-174.9665937
-174.9501714
-174.9364306
-174.9125778
-174.8995075
-174.8817262
-174.8539311
-174.8298251
-174.8293737
-174.8219688
-174.8085502
-174.8039035
-174.7912771
-174.7766608
-174.7721881
-174.7654316
-174.75269
-174.741579
-174.7393081
-174.6936077
-174.674407
-174.6732583
-174.6717061
-174.6635537
-174.6596934
-174.6511182
-174.6329632
-174.618671
-174.6149981
-174.5700758
-174.5338466
-174.5273991
-174.5230129
-174.4715859
-174.4410596
-174.4356214
-174.4076205
-174.3563514
-174.3532947
-174.3483548
-174.3325586
-174.3324345
-174.3134643
-174.3083676
-174.3047356
-174.2979194
-174.2828494
-174.2732925
-174.2450783
-174.2275249
-174.2104475
-174.2021057
-174.1771194
-174.1743453
-174.1617776
-174.1601514
-174.159267
-174.1260909
-174.1178031
-174.1102543
-174.0959125
-174.0947208
-174.0851996
-174.078638
-174.07251
-174.0321575
-173.9339396
-173.9214363
-173.8696018
-173.8682833
-173.8579106
-173.8501495
-173.8267208
-173.7969251
-173.7576806
-173.756976
-173.7562175
-173.7526437
-173.749377
-173.7437623
-173.7402135
-173.7294929
-173.6906138
-173.685289
-173.6766524
-173.6393069
-173.6214712
-173.5945551
-173.5873959
-173.5763109
-173.5559
-173.5429844
-173.5270119
-173.5254059
-173.4988653
-173.488575
-173.4124189
-173.404739
-173.3837606
-173.3811512
-173.3804468
-173.3582212
-173.3392266
-173.3018714
-173.2626337
-173.2466899
-173.2297381
-173.1383424
-173.1261015
-173.1162618
-173.1012137
-173.0365421
-172.9780777
-172.960038
-172.9394844
-172.9159805
-172.9152487
-172.8873602
-172.8844516
-172.8724771
-172.8696398
-172.8051657
-172.7489458
-172.744858
-172.7334311
-172.7286418
-172.7155442
-172.7144916
-172.6426286
-172.5824535
-172.5696867
-172.5641008
-172.5587592
-172.5496072
-172.5330132
-172.5294028
-172.5288844
-172.5186109
-172.4922011
-172.4769345
-172.3638955
-172.3513717
-172.3001016
-172.2859794
-172.2765309
-172.2652797
-172.2643073
-172.2518762
-172.1932536
-172.1838628
-172.1766602
-172.1553126
-172.1396367
-172.0629703
-172.0397683
-171.9886624
-171.9499493
-171.8849043
-171.8628493
-171.8453775
-171.8435024
-171.8247046
-171.8012472
-171.7968725
-171.7644907
-171.7599356
-171.7443547
-171.7076555
-171.6579307
-171.6524036
-171.5956335
-171.5865502
-171.5608726
-171.5592145
-171.5339169
-171.514127
-171.4648297
-171.4571825
-171.3648248
-171.3563659
-171.3251504
-171.2632136
-171.2467796
-171.214425
-171.2115572
-171.1491808
-171.1194407
-171.092439
-171.0844537
-171.0556278
-171.0176947
-171.0159776
-171.0038531
-170.9962192
-170.9589609
-170.9425213
-170.9008662
-170.8964402
-170.8316227
-170.8125359
-170.8115508
-170.7978718
-170.7589329
-170.6699535
-170.6687672
-170.6580743
-170.5789336
-170.5193267
-170.4727317
-170.4642733
-170.4384114
-170.4188092
-170.3657237
-170.3617246
-170.2714842
-170.2697378
-170.2550971
-170.2292128
-170.109913
-170.0795791
-170.0657076
-170.0096072
-170.0086111
-169.9650995
-169.8993289
-169.8896051
-169.8736554
-169.8517937
-169.8468133
-169.8259962
-169.8121343
-169.5813112
-169.5465426
-169.541429
-169.5204705
-169.3013285
-169.2876781
-169.1715381
-169.1473481
-169.1278044
-168.8485746
-168.8384395
-168.8050468
-168.784005
-168.7142655
-168.5558052
-168.5218369
-168.5031131
-168.4920098
-168.0191459
-167.9602518
-167.7794409
-167.738108
-167.5289555
-167.2640916
-167.1286686
-166.6410846
-166.3844943
-166.3408195
-166.1061379
-165.174871
