0.00897933 0.00164309 0.016461 0.00221938 0.005421 47.477 0.0405836 0.129304 0.991177 0.265531 1.64571e-05 57.8168 7.63089 0.195814 0.784954 26.6703 2.58272 6.86473 
0.046285 0.068798 0.00122014 0.133261 0.000203741 1.85869 0.000442573 1.26791 0.000147614 0.0367177 0.00133558 0.322107 1.02902 0.0027945 1.38341 43.7835 0.776662 9.86319 
6.76994 6.82642 0.000452122 0.0181084 0.122417 1.09213 0.18254 0.0210289 0.000249643 410.683 0.00818077 24.2302 0.00507494 0.14198 2.0411 16.9841 0.837993 6.33712 
0.0599364 0.000116451 0.0293354 0.00051522 0.274466 1664.56 0.21382 0.561067 0.286089 13.8497 1.39482 17.3062 0.00010673 0.390859 7.73954 36.2542 1.1698 7.91821 
1.25751e-05 0.000341352 0.000531819 0.290179 0.0240367 0.455724 7.04593e-05 0.0704197 0.0648484 0.313992 0.1721 95.371 1.45954 0.161311 1.26858 13.5857 2.28739 1.2416 
0.0690133 0.00134315 0.000299407 0.0308349 0.0182281 4.30699 0.00020543 0.000617587 0.00361125 9.71621 0.73475 400.576 0.00119889 0.537999 4.82262 20.1593 1.14109 8.5421 
4.43481 0.0445269 1.04912 0.403015 2.28735e-05 0.767764 0.000932283 2.32019 0.00179877 0.0504752 3.06528 197.17 1.45569e-05 0.00487878 0.392317 22.9943 1.76076 8.61647 
1.96099e-05 0.000122928 0.00654297 0.00335371 9.74345 89.1364 0.0246035 0.00758751 0.115196 132.456 0.810312 125.243 0.266729 0.00658115 2.1933 11.5066 1.0476 6.89295 
0.0686373 1.74955e-05 0.0398435 3.08025e-05 4.80268 34.6385 0.00380783 0.00117944 2.00422e-05 11.1666 4.10126 46.028 0.00103846 0.50662 2.8656 40.7208 2.43856 2.79082 
0.54745 0.375074 0.016764 0.000728662 0.000781756 26.052 0.079379 0.0479615 2.29732e-05 112.613 0.0145982 0.0686842 8.67131 0.0587307 3.45849 49.2699 0.58274 7.42776 
1.35556 2.28527e-05 0.119923 2.10634 0.145278 45.4937 0.125083 0.833509 0.659898 0.0271939 0.000187586 75.3913 0.000165277 0.000106134 3.13943 10.1983 2.04988 5.73847 
6.37523e-05 3.36348e-05 0.613392 0.0910529 0.000819055 11.5054 0.000342426 0.0321423 0.00325824 15.4377 0.0953802 229.078 4.60419 0.0799934 8.93131 13.1676 1.08285 2.67743 
0.772973 3.61482 0.000385372 0.581119 0.169922 0.0869879 0.0349577 0.517558 0.128531 77.6514 0.678661 0.240127 0.00964369 0.0530853 3.82196 42.3734 0.495874 9.32805 
1.8816e-05 0.000636508 0.00298854 7.3942e-05 0.000493334 0.106036 4.35319e-05 0.00229959 7.27055e-05 0.171428 3.87693e-05 39.3003 2.79222e-05 0.207256 6.20248 41.8081 0.860182 6.90946 
0.0141222 1.46458 5.39919 9.33615e-05 0.00221678 0.245372 0.00117021 0.00219201 2.11171e-05 0.0123044 0.248678 6.86614 0.506365 0.0317776 1.80791 24.9221 3.17733 9.24555 
0.000581253 0.264851 0.000116872 0.0230158 0.00230243 1.60656 9.85318 4.69778e-05 0.00677446 0.416474 0.539172 1.37805 0.0136113 0.578657 2.43939 13.2549 1.84196 9.73564 
0.000212945 1.88855 3.1219 5.98534e-05 0.000156986 9.54653 9.14684 0.00655019 0.00445963 266.045 0.892472 0.343437 0.125004 0.103714 1.82987 32.4206 0.626725 6.4945 
2.46482 0.0183715 0.100666 0.035569 0.00971569 0.0328315 4.50187e-05 0.065154 0.0854409 20.0586 0.000393194 1.74353 5.99094e-05 0.411696 3.01973 19.9157 1.55636 6.12691 
0.00173649 0.0522544 0.953737 0.142918 0.00693082 51.3461 0.000394465 8.26671 0.202474 0.0436724 0.0898209 0.59232 0.913858 0.466713 2.78493 31.113 4.52223 6.02226 
0.0706588 0.044326 0.0297133 0.0255902 0.000134526 21.3042 0.0326489 1.62152e-05 1.48225e-05 0.170979 0.0320137 24.8977 0.298579 0.204462 5.65485 33.2923 0.81398 4.62029 
2.59277e-05 0.00564421 0.101666 0.031006 2.88276e-05 1761.36 0.0490408 0.00195623 7.68395e-05 76.8498 6.70822e-05 1.39835 5.31536e-05 0.0111973 0.389379 45.5796 0.537924 8.12937 
0.26903 0.000156576 0.232699 0.253173 0.00237996 0.0247821 5.16582e-05 1.60443 0.616879 0.351232 0.0210749 179.949 1.63016 0.390625 8.02066 17.015 0.990517 0.868084 
0.000763499 9.9502e-05 0.0702615 0.00809 0.592613 2480.67 0.00278772 0.0933264 0.000157368 0.0102656 8.47514 432.855 0.0846249 0.000543096 0.924336 19.9643 8.12267 1.69198 
3.82204e-05 0.00994883 1.42082 0.159579 0.00103781 7.8442 0.253814 0.0149422 0.00010098 0.0340758 0.708724 64.3556 0.0873852 0.000880169 1.45936 33.4961 0.831834 5.86625 
0.0018998 0.000328388 0.000224903 9.3881e-05 0.000976764 1.16369 8.23916e-05 7.86746e-05 0.00555201 0.245909 8.00571e-05 57.8869 0.237098 0.0967611 2.62665 44.1749 1.67836 4.05188 
0.0288231 0.0158079 5.30842 0.0131709 0.00370191 3.45473 0.0384206 2.66064 0.759297 0.0604098 0.377846 330.664 4.3792e-05 6.15619e-05 2.599 24.2303 1.6368 6.39842 
0.0425414 2.21e-05 0.00214627 0.201006 3.21826 0.052956 0.00315642 1.27675 0.0112879 0.102884 0.0225648 263.37 0.0386024 0.00170376 1.86796 3.90854 1.22595 4.57215 
4.5304 0.000333484 0.00779793 0.000430962 1.55398e-05 396.739 0.0696305 0.000392859 0.0885908 30.6697 0.00019533 0.117257 2.64843 0.039849 0.364498 33.5299 0.975991 3.24279 
0.000124914 0.0223445 1.50305 0.0509403 4.32033e-05 0.540378 0.467108 0.281131 0.122276 0.293224 4.51295 430.565 0.0175262 0.00184776 2.46854 20.9036 1.3051 0.315024 
9.0762e-05 0.000132269 0.284504 4.49919e-05 0.699747 0.474541 4.92963e-05 1.80519 0.0690341 0.0752069 1.3984 18.4473 0.000818393 0.0239207 8.56744 33.06 0.924741 3.01348 
0.0180256 5.07278e-05 3.06304e-05 0.00117817 0.0906898 1175.24 0.0003298 3.62068e-05 6.46119e-05 12.6476 0.00773131 37.825 0.367875 0.218029 3.69976 47.262 2.93146 7.34699 
0.0177409 3.11138 0.0189399 0.055871 0.000359357 807.548 0.000508088 1.46774 0.0141208 0.169585 0.128045 240.478 0.00912361 9.6563e-05 2.29788 34.0497 0.382705 5.21181 
0.0188504 0.000321682 1.13499 1.70903e-05 0.000732024 0.242218 0.0277283 2.75188 0.00955425 0.0566402 0.00197293 105.636 1.59902e-05 0.983279 3.20335 12.131 2.29468 9.58656 
0.00904659 2.41182 0.0984609 0.366425 0.566679 7.77171 1.2254 0.416356 0.00661021 0.255381 1.58334 0.0146347 0.253396 0.0226276 0.369894 35.9048 2.10049 9.14756 
8.56449e-05 0.000324557 0.00231434 0.00727934 0.00046503 515.976 0.0050391 3.20413e-05 0.000907938 0.345414 0.23954 0.166525 1.68024 0.00380683 2.07432 33.045 1.22558 7.70076 
5.32745e-05 0.000731496 0.0004162 0.00501317 0.0072745 85.7748 0.468009 3.14112 5.74941e-05 0.100374 0.381136 206.949 1.24801e-05 0.407514 6.92 30.8285 1.29269 7.88151 
0.00409336 0.0202064 5.88456e-05 0.00864271 1.38018 0.0218196 6.12592 0.162836 4.02631e-05 0.054899 0.00326925 0.938794 1.50846 0.144115 1.27663 44.5103 0.814811 6.34341 
1.07788 0.170426 0.726828 4.81825 0.725699 0.0590285 2.42695e-05 6.95153e-05 0.000152621 8.14406 0.0431171 0.0502606 0.00153934 0.108238 2.23458 46.63 1.68754 3.17439 
0.00159869 2.42192 0.00391416 0.0020786 4.32986e-05 0.137707 0.000273365 0.00669219 0.000428586 0.457207 0.0460667 0.0470198 3.35143e-05 0.765146 8.05859 22.7205 1.45052 7.06806 
0.000137851 6.15444 0.455273 0.00975599 0.0185703 0.0381588 0.72262 0.000380895 0.00147314 48.7149 0.851099 31.0871 0.00554164 0.0504246 0.327288 47.5729 0.891314 6.71678 
0.0321718 0.00238174 0.000235226 0.00236623 0.000194213 546.646 0.298039 0.202619 7.77456e-05 0.528555 0.303135 0.0846036 1.98412 0.000897932 0.855265 33.4576 3.66837 3.40164 
3.47576e-05 0.00246101 3.50772e-05 0.000656091 0.000304492 1235.46 0.0115407 0.0246189 0.000532548 15.9919 0.00125501 39.2323 0.702492 0.400851 3.10366 25.6103 2.29943 5.07808 
0.00210845 7.56386 0.000106069 8.12124e-05 0.000234355 50.9276 7.17752 2.6489 0.247756 3.10411 0.0230724 5.79027 3.78735e-05 0.00436758 0.487456 36.0695 1.33633 9.05813 
0.257959 0.000235546 0.117125 0.162075 0.0573228 0.0212222 0.0147718 0.191395 2.20146e-05 16.1098 4.03354 11.171 0.372115 0.137545 3.88458 27.2146 0.900521 6.44073 
0.18493 0.042507 9.94683e-05 1.95198 0.00131016 132.865 0.337115 0.154019 0.000873285 0.0178957 0.000324757 4.19751 0.0389961 0.0601799 2.2207 34.9588 1.13766 8.64478 
2.03946e-05 0.00751836 0.147648 0.000824152 2.38936e-05 0.389892 0.000288848 0.0287528 0.00313943 0.068928 0.41041 125.713 0.0102357 0.0502945 3.04427 33.4991 2.53269 3.49508 
1.78607 1.04317e-05 1.19012e-05 8.54 1.2877 2.23329 0.000294874 8.77696e-05 6.25434e-05 0.499208 0.00397994 0.871858 3.72546e-05 0.0655941 0.800235 45.8484 0.596815 7.4818 
0.000328092 0.964422 2.64504 4.57496 3.95905e-05 186.296 1.1178 0.000366774 0.000207036 1.09483 9.52731 0.017386 0.0581518 0.125248 4.76754 43.0313 0.526172 6.4185 
3.99365 1.4579 0.000136019 1.07201e-05 0.0638587 0.158335 0.0232596 0.000641312 0.00416609 99.0904 2.62003 0.0119283 0.000227493 0.23635 1.31595 27.6828 1.98201 6.40733 
0.00399591 1.15203e-05 0.0646717 1.50826 0.000987829 118.759 0.000238286 0.0035759 0.0601034 7.5859 0.183547 3.61902 0.171747 0.00671715 1.88444 35.9489 0.562031 3.80258 
0.00516023 0.133121 0.126542 5.62764 1.28864 1.9578 7.38792 0.000200046 1.50943e-05 0.0425243 0.0268573 1.17678 2.49381 0.000207422 6.09662 48.891 1.06095 3.46387 
0.0070012 0.0197109 2.44337 0.00694162 4.82355 24.8377 0.00627731 0.00100105 0.726528 0.0219739 2.70858e-05 0.0114182 1.87735e-05 0.360463 2.08694 36.0924 2.49848 9.63072 
1.42621 6.58596 0.158453 0.0329758 0.00903055 0.0223444 0.119154 0.0224466 0.0316731 0.352691 0.1608 0.0492344 0.404805 0.00692292 1.74972 43.1008 0.577375 8.25522 
0.000105906 1.66473e-05 1.31523e-05 0.0417468 0.0158776 28.4582 0.249827 0.0236054 0.17973 59.5984 0.425367 274.264 0.392503 0.00680713 3.08611 5.70117 2.25987 1.6885 
0.00308977 0.0139694 4.04615e-05 3.50893 0.00902849 0.543047 0.431037 0.00959685 0.000100079 0.0151014 0.600956 1.19324 0.085381 0.0781178 1.75417 37.372 0.849168 4.01872 
0.000453606 0.000625967 0.157575 0.000675834 1.6659e-05 1000.29 0.850572 0.195945 0.0117229 0.0659989 0.0225081 471.329 0.0181396 0.00360942 9.43478 16.1809 0.557212 4.13684 
0.00035782 3.07953 0.00020203 6.67054e-05 9.74069e-05 10.6858 1.33068 0.0101341 0.157296 2.19311 0.0550086 0.531708 0.000704373 0.240521 4.07664 23.7927 0.84056 9.22857 
9.13625 0.0150165 0.00805523 1.92199e-05 0.0115683 2285.7 2.03401 0.35013 0.0373948 3.04055 0.0079824 0.119026 0.0515574 0.0661502 1.22252 39.9363 1.70891 8.48586 
0.0937568 1.14161e-05 0.0139962 2.66056 1.02794 185.041 0.000154593 0.218461 0.000118541 170.317 0.0222461 15.5495 0.00236859 0.349498 2.44933 44.0569 2.89629 3.08925 
1.55101 0.973531 4.82025e-05 3.18205e-05 1.1289e-05 156.419 0.000214 0.00126211 2.42016e-05 282.846 0.00124757 0.121847 0.0011998 0.399517 5.25513 29.8197 1.0808 7.60756 
0.10049 0.00012576 1.93632 1.63445e-05 0.0192218 75.9974 0.000468409 0.0200496 0.00472654 1.3068 1.81528 131.912 6.16192e-05 4.45954e-05 1.223 29.6176 2.15919 1.13717 
0.0254559 0.0899509 0.000181498 0.000197785 1.3797e-05 0.30419 0.0429726 0.00613011 0.0404955 0.0112669 0.0644719 46.8145 0.0956074 7.95568e-05 2.42512 49.0296 0.651385 2.77133 
5.41898 3.03566 9.31053e-05 4.1401e-05 0.0462679 1211.04 0.0196958 2.82137 0.0011176 14.8822 0.552327 3.66323 0.0653646 0.141008 2.14625 46.9249 0.938124 4.57554 
3.01875 3.97255e-05 0.00333983 8.53287e-05 0.0133169 20.5754 0.000113595 0.0144745 0.189293 2.52748 0.013778 150.935 0.0002523 0.0750195 1.95163 10.8051 0.937967 4.20594 
0.000203173 0.0410057 9.73129 0.00297438 0.000157182 0.22962 1.17142 0.00334981 0.00639276 1.19975 0.00132887 1.57596 1.45027e-05 0.487695 6.02888 43.2869 2.59262 4.67972 
0.000716054 0.035867 8.05605e-05 0.087844 1.4953 0.0116595 0.136912 0.00331165 0.00237832 0.244831 0.0230648 26.9981 0.0697375 0.198728 2.11174 20.1757 1.99455 7.90738 
0.00059353 0.000665048 1.70808e-05 0.00187326 7.93711e-05 12.8856 0.00940426 0.140879 0.00399584 0.121686 1.66278 433.527 0.00671455 0.0334534 3.92731 12.8482 1.7207 8.9692 
0.965291 7.66851 0.000891892 0.000290327 0.00272719 11.4271 5.3451 0.699784 0.0228338 234.893 2.453e-05 0.0687516 0.32534 0.0287576 0.477659 44.3263 0.975268 6.524 
8.97825e-05 0.211039 0.197597 0.329959 5.38407 0.385384 1.38286 0.000900467 0.000167473 1.81417 1.56412 45.1047 0.922681 0.000608753 1.30079 45.9459 1.86737 1.38714 
0.0021984 1.03431e-05 2.3534 0.55129 0.168196 0.0195352 0.0445631 0.130456 0.0037467 0.11685 4.88385 251.291 6.93546e-05 0.210466 7.94127 5.91924 0.496211 8.20959 
0.117956 0.00372935 0.0747586 0.000136837 3.96211 2.06584 0.0020837 3.84429e-05 0.00204504 258.694 9.1097 63.6994 4.98619 0.00903319 1.34711 23.8932 1.28343 4.62539 
2.71891 0.000417595 0.00299878 0.0102275 0.00191937 0.0155944 0.141523 0.00048523 0.000584513 0.0431914 0.083474 20.9791 4.24003 0.0186795 8.60001 19.8607 1.48768 5.47271 
8.63626e-05 4.12541 0.0173289 2.05426 4.52785 700.79 0.0404097 0.232259 0.000467042 0.0928262 0.00527064 169.995 2.42651 0.388292 8.78207 25.0444 1.18927 8.76187 
0.0110153 0.732485 0.00561646 7.071e-05 0.0815606 27.6017 4.46249e-05 2.13035 0.0982894 310.483 0.510439 175.859 0.0735827 0.00102388 5.26963 19.7679 0.597258 7.17258 
0.0504389 0.00034888 2.22727 0.00117144 8.54752 24.7621 0.00184728 1.44495 0.16806 2.25511 0.0221337 315.626 0.0832254 0.430139 2.65786 29.9524 2.42515 2.42354 
2.99537 2.06731e-05 0.378898 0.564382 1.1998e-05 1.27551 0.000634794 0.230753 0.00130044 377.201 0.00253875 0.0850907 1.56936 0.122217 0.899935 33.8897 2.57188 6.305 
0.0384476 3.47715 0.00385566 0.469203 1.45197e-05 0.0309802 0.817761 6.32936 0.176037 2.44732 0.537954 0.370727 1.79663 0.00305648 0.824512 22.2582 1.51736 9.3614 
2.07887 7.38056e-05 0.127718 0.000294366 9.33015 3.88022 0.0668053 0.0953599 0.352699 7.40477 0.00705629 218.286 9.78314e-05 0.284458 1.38131 47.8707 9.14162 2.70968 
0.121828 0.000234653 0.424241 0.2407 0.000116109 0.0168415 0.00928605 0.00336888 0.00141857 10.8292 3.11783 0.640244 0.000476826 0.990096 7.26459 35.5418 2.70529 8.76861 
0.236386 9.7696e-05 1.64608 0.00106645 0.46575 669.317 9.64717e-05 0.72635 0.00341937 0.0676489 0.631293 19.1711 2.18309e-05 1.17476e-05 4.02346 46.2377 1.34659 5.3927 
0.000140428 0.13446 0.0482604 1.31834 1.09571e-05 2.86637 0.0639152 0.200773 0.00233873 0.0112902 0.573799 168.217 0.184061 0.13657 9.23409 24.5412 5.98917 9.5957 
0.0332818 1.33707e-05 0.193496 0.0908508 0.00136999 0.0125076 0.345528 3.99565 0.000358839 54.2736 0.00816897 41.475 0.00216342 0.0678592 0.819604 38.6241 1.14525 4.98771 
2.18884 0.0118943 0.669064 0.000792669 0.484176 60.457 0.150673 4.69593e-05 0.00283447 0.282947 0.0265238 212.961 0.603293 0.0149637 1.7866 49.9244 1.08914 6.93277 
0.0125337 0.736658 5.43489 0.05688 0.0018223 0.0297923 0.00754614 4.63174 0.977299 1.05429 0.105402 98.2008 5.79333e-05 9.79482e-05 1.18163 20.4724 1.585 0.954015 
3.25166 5.19533e-05 8.9163e-05 5.82836e-05 0.261347 147.277 4.94572e-05 0.0882576 0.00786039 0.174343 0.348038 365.749 0.00024644 0.126259 1.69077 4.53505 1.29504 9.90512 
0.153229 0.0114604 4.7934e-05 0.0110666 0.0502131 2122.81 0.542172 0.360986 0.145234 0.313832 0.596268 167.891 0.380573 1.18671e-05 6.48762 9.31494 0.58847 3.79497 
0.00114508 0.0114829 0.186692 0.815925 5.12804 0.216729 0.00742563 1.4126 0.0115371 0.539825 0.0296671 459.618 0.0247958 2.76574e-05 1.37834 5.84392 2.88414 2.79902 
0.0223783 0.0363399 6.87538e-05 0.00122983 0.0160844 0.845834 0.0920704 0.203769 0.000135078 0.316672 0.00167069 0.630786 5.2762 0.00126177 0.240727 32.5399 0.905131 8.22059 
1.56512 0.000487685 0.015077 1.19811e-05 2.52355 0.0832345 0.000319341 0.00153644 0.00242272 0.0214107 0.0854504 163.205 3.79357 2.29496e-05 6.37733 25.0695 2.41694 7.8484 
0.000773745 0.000639083 6.4854e-05 9.66664e-05 0.000176464 114.81 7.32794e-05 0.00032287 0.00145617 27.6582 0.100525 0.0189834 0.00146048 0.0320259 0.192054 49.5843 1.64618 8.09598 
0.0938626 3.73196e-05 3.47851 6.53131 2.35183e-05 402.64 4.59818e-05 0.520866 0.000149003 0.973564 0.00515275 0.315641 0.106199 0.0396996 0.970924 46.1125 1.42111 5.20752 
0.0133412 1.29118e-05 0.0732231 0.000741676 0.000592553 0.0129488 0.000200796 4.55941e-05 0.0149697 0.288399 0.00022776 0.0261003 0.00107298 0.116034 0.510941 48.6551 3.80892 7.60477 
1.9321 6.52579e-05 4.11614 0.0228519 0.000639126 159.443 0.170663 0.138323 0.0638885 0.0764463 0.0117015 323.602 0.00106806 0.00154978 7.18261 34.6669 4.26349 2.77905 
0.0226057 0.00188478 6.8898 0.362736 0.920119 6.14422 0.000264943 0.00394199 0.00144792 139.569 1.39402 0.382431 0.996729 0.380206 4.8726 36.0181 1.62664 3.33142 
0.0922352 0.210488 0.0351447 0.000118417 0.422624 0.0267927 8.25435 0.00804315 0.000931486 9.34631 3.58778 0.0163506 0.5172 0.0857637 1.39349 37.0485 1.11111 8.80922 
0.00841205 0.000428476 2.904e-05 0.000209315 0.000512927 0.0159367 0.000194348 0.47769 0.263713 0.83443 0.0474867 1.67381 3.15807 0.00811391 2.65066 29.4018 1.53838 5.75942 
1.28649 0.00117694 0.063964 9.50702e-05 2.54192e-05 245.823 7.54152e-05 0.016664 0.165604 0.408455 6.21609e-05 0.0319885 1.08583 0.142492 1.47831 32.8053 2.53516 7.57392 
0.000150699 0.00012206 0.000150327 9.03191e-05 0.431338 1.3254 0.00396684 5.97555 0.50727 1.60306 0.000192337 0.163094 0.000629795 0.262582 2.32794 30.6281 1.55076 7.32819 
0.0142908 0.195799 3.8257 6.50121 3.66996e-05 565.526 0.00749306 2.62426 0.63096 0.261699 0.680821 0.520067 0.121976 0.00130632 1.5895 47.6916 0.719337 9.42679 
8.94313 3.47559 0.000829992 0.000276942 1.94212e-05 0.018732 0.000668899 0.156367 0.0705674 136.669 1.47036e-05 3.25115 6.02064 0.103443 2.35865 46.347 0.771972 2.23185 
0.000111497 0.0404911 0.0101471 0.000884715 1.21406 0.598058 0.000307536 2.1813e-05 0.000760957 35.7359 0.0813789 43.4469 0.818528 0.0616367 1.42441 37.2488 0.704158 4.49738 
0.0388204 0.0335362 0.00033377 0.018179 1.64337e-05 4.83409 8.63348e-05 2.8469 0.011229 0.133486 2.44043 70.1017 0.635281 1.30605e-05 2.12402 22.2854 6.40005 8.23521 
0.11139 2.80649 0.0217619 3.72981 0.180217 0.279506 0.2313 0.024997 2.363e-05 20.2225 2.30754 7.41427 1.13236 0.0176898 2.55007 49.6625 2.43006 8.12475 
0.00406939 0.799746 0.00254181 0.139789 0.601279 0.0354282 0.000386031 0.0194728 0.323517 0.171108 0.0278074 97.0117 0.151818 0.00731868 1.3311 42.1023 5.46502 9.27131 
0.717744 0.0509521 0.174496 0.0053857 1.77733e-05 3.07911 0.989838 2.03182 0.405724 21.1872 1.75972e-05 0.010839 0.000184271 0.0390113 0.828034 33.3052 0.690956 8.97091 
0.540899 0.0361193 0.00180573 1.66417 0.0161948 1.28727 0.00132733 0.0205612 0.0561251 3.31482 0.023758 2.17212 0.068158 0.0790018 1.61778 49.3733 2.39642 3.77086 
1.1649e-05 0.0130194 0.211084 0.00111322 0.000104502 0.944989 2.50376e-05 0.000136271 0.0766926 2.06306 3.22313e-05 3.68264 8.38684 0.0376598 0.832505 43.819 1.67328 6.1496 
0.000136141 0.568898 0.0112304 0.0806166 0.0366754 23.31 0.00124718 0.255744 0.239452 0.0222336 0.409985 0.0418303 0.0718202 0.679248 7.44763 45.7457 3.25414 9.92692 
0.0936505 2.91522 0.00125354 4.45008 8.10514 20.6602 0.404169 0.000212465 0.0746924 4.46336 4.08206 1.69327 0.221439 0.222783 3.79072 45.555 2.22421 3.06719 
2.64744e-05 0.00265952 1.54767 0.00456972 0.581965 3.7201 0.000364396 0.000201466 0.00051176 2.33068 1.36792 1.34421 0.00154229 0.352848 2.01305 23.2702 1.95228 7.01091 
0.12891 0.315372 0.19454 6.56838 3.62077 0.441942 0.00179886 0.00342918 0.000637847 0.0523787 0.0374712 17.8586 0.522036 0.00122654 0.489197 42.7923 1.37048 8.02632 
0.0419916 4.3868e-05 0.227248 0.000170019 0.509615 2.69234 0.178451 0.10376 0.000696881 1.05231 0.0020489 11.1112 0.49133 0.0779123 1.91403 39.8965 1.5896 3.15901 
5.13359 0.61526 0.533131 9.79531 0.108927 547.298 9.34166 3.73267 6.70756e-05 0.124731 0.0399478 0.0300001 0.915442 0.390453 4.56052 36.7612 2.78489 5.24144 
0.542986 0.0325856 5.02912e-05 0.0162987 0.00202282 0.0243014 0.00167794 0.0568515 0.0125333 7.02698 6.78058 0.0227852 1.14748 0.0282305 1.40731 27.4315 1.31138 9.09565 
0.000572239 0.000418125 0.00110401 9.55424e-05 4.09839 1523.87 0.00418299 0.0141331 0.0131709 1.76683 0.00547991 0.232288 0.037696 0.0395169 0.354188 39.2439 1.10602 7.07969 
5.41188e-05 0.000112809 5.72584 0.000290614 0.000850302 1.14882 5.22857 0.0371994 0.086717 0.0630718 0.00226356 92.5346 0.458085 8.58508e-05 3.14851 11.3965 0.608008 3.3453 
0.003554 0.0013299 0.791085 1.00378e-05 0.00145963 0.024089 0.000144023 7.02863e-05 0.00315924 2.51553 0.000829113 0.0918875 0.0363157 0.122508 0.528265 48.5947 2.23386 6.99185 
0.134169 0.96638 0.26996 1.81415 1.28896 0.106238 1.93694e-05 5.96656 0.0117647 1.05007 1.54677 123.425 0.122028 0.0233079 5.63967 24.3615 1.85487 7.01651 
0.0455633 0.00409384 5.96023 0.767648 0.000881407 558.608 0.902678 3.01589e-05 0.00324577 0.0124131 2.69436 0.652521 0.0018828 0.426456 2.89396 47.0981 0.762602 6.99286 
3.00575e-05 0.401323 1.90108 0.00151109 0.0170857 1441.76 0.0408127 0.00479929 0.0747919 0.359615 0.724078 0.384481 0.000147082 0.0117089 1.3061 31.9314 0.799653 8.30478 
0.000119167 0.979158 0.79874 0.00022473 0.000649181 0.851309 0.000881381 0.393392 2.09668e-05 4.94377 0.293847 0.668147 0.0247411 0.0706246 3.27278 36.1959 0.656437 3.85101 
0.00327974 2.25345e-05 2.6301 0.478476 2.73351e-05 0.0647787 0.00476291 0.000596802 0.0152236 1.97496 0.00659226 4.19055 0.0193423 0.0665485 1.34725 44.7081 1.77594 7.61018 
0.157901 6.62387e-05 0.0118832 0.00350389 2.56083 2911.86 0.0219669 7.01174e-05 4.39252e-05 9.6911 0.0615477 6.42896 0.000579991 0.0942287 4.75972 45.0209 0.774816 6.00942 
0.151526 7.26754 0.422626 0.658427 0.012272 66.4363 0.0201944 0.121124 0.00171788 0.303613 0.773993 256.77 0.0627166 0.117569 9.47134 36.0231 2.84013 7.59749 
0.0360413 0.0102206 0.359263 0.00685413 4.94342e-05 0.23601 0.0666839 0.0116276 0.00468765 330.357 0.000434854 3.03878 0.00280009 0.297665 1.4098 37.4372 2.29188 4.51125 
0.00259414 7.07746e-05 0.0347559 0.0383237 0.149102 1.43028 1.2981e-05 0.0100128 3.65291e-05 0.122767 9.80902 0.0116519 0.000209064 0.450381 1.36929 34.2852 1.83557 5.96707 
0.00318945 0.00060022 9.66847e-05 0.000631186 0.0160985 161.41 0.00269802 0.013868 1.00215e-05 0.748845 0.00115668 71.3464 5.55817 0.0018631 0.719527 49.1375 1.00515 7.43059 
1.46967 0.00397281 0.474671 1.37496 0.00307816 0.421579 0.545796 2.03358 0.210831 0.0728447 0.100838 219.771 0.000476243 0.00705229 3.57671 9.99802 1.9884 0.747781 
0.0986225 0.0123061 0.0151578 0.00063382 0.0471731 0.0388956 0.603401 0.145199 0.00750012 9.29675 0.0016019 3.01702 0.000430001 0.0652327 1.53988 47.8156 0.689597 6.84279 
0.0216912 0.00116252 0.0119761 7.31925e-05 2.70695e-05 1.92822 8.62272 0.000214784 0.00703656 15.724 1.14573 0.360093 0.00010175 0.0994189 1.47605 44.9608 1.86465 3.83141 
0.000209765 2.65767e-05 0.0250062 0.0087033 0.00021576 9.03265 0.00140778 0.925031 0.753695 13.4099 0.000369635 2.36584 0.0837458 0.520402 3.57515 32.5627 3.40062 7.77768 
0.00115254 0.0236912 2.01935 5.92638 0.000133762 3.61475 1.01178e-05 0.54414 0.0320897 9.2668 9.64838 55.3409 0.00102942 3.39444e-05 2.60984 24.0783 2.22753 1.10681 
0.00409238 0.000303761 4.28474 0.000448015 3.70623 0.0792084 0.01501 0.812499 0.183484 0.301213 0.00595471 284.096 0.000385919 0.0934976 2.65913 6.77484 3.85313 4.95116 
0.0032392 0.132546 0.0103117 0.00109245 4.38606e-05 0.251538 0.439808 0.000130143 0.964029 1.71052 0.010189 0.844448 3.1234 1.34402e-05 0.963733 38.121 0.465498 7.32868 
0.22644 0.0272887 5.63039e-05 3.60592e-05 2.0125e-05 303.436 0.011264 0.000780494 5.66993e-05 0.0568263 0.0167507 0.291584 0.0288533 0.156842 0.784538 18.9147 1.65473 6.9711 
1.92084e-05 0.000208436 0.546699 0.0213148 1.90579 142.607 0.00783583 0.178264 0.0570203 8.34494 0.0133339 391.337 0.000150579 0.000359262 1.22461 8.36269 2.34975 4.96255 
0.00314448 0.000596968 0.000357299 5.60748e-05 3.74372e-05 0.0426348 0.0156031 3.2315 0.000757613 0.0307637 0.284462 4.28976 1.56339e-05 0.206791 1.64278 32.8157 2.12604 8.73411 
2.91475e-05 0.442358 0.00309763 2.01557 0.0077077 0.144669 0.167918 0.000100174 0.770601 0.17261 0.0576516 0.0351244 0.205185 0.0185117 0.432371 45.9502 1.46316 5.51309 
4.4257 5.17553e-05 9.37849e-05 0.000326128 3.14182e-05 564.784 0.113519 0.560298 0.00212842 40.5892 8.94198 32.9938 0.000158532 0.0703433 0.663369 40.9403 0.898493 7.42428 
0.0854685 0.521696 0.504364 0.0157132 0.00207292 30.2761 3.12124e-05 0.142252 0.208857 0.0183239 0.00327946 19.4835 0.1216 4.71484e-05 7.26557 47.0554 0.520857 6.08347 
0.0043978 0.00123958 0.526546 3.12555e-05 0.000719768 0.50383 0.645736 0.0675023 0.000867662 0.0736722 5.16254 135.666 0.776334 0.00686418 3.33994 10.3913 1.93016 9.24006 
0.00030869 0.000183302 3.36684 1.27556e-05 2.33582e-05 0.0176277 0.0127834 0.656547 0.0554417 1.14627 1.53212e-05 7.43966 1.8556e-05 0.237085 2.93072 28.1693 0.875549 7.07751 
0.0361719 1.23243e-05 6.32183 0.0041678 0.00317033 3.54546 0.0303223 0.000217109 0.000457255 0.0175621 0.00041495 5.8652 0.000147787 0.359788 4.49804 25.9457 1.53103 5.74653 
1.05293e-05 0.0215614 0.023778 6.70079 1.85183e-05 0.0144473 1.54323e-05 0.000733949 0.00949241 3.70401 0.003708 116.476 0.00888806 0.17832 3.31731 33.8582 1.18973 3.2186 
0.000419208 1.63912e-05 0.00883631 4.98062e-05 0.000168635 1088.49 5.01554 0.0016579 0.000135768 1.04317 0.00607145 0.472412 4.06181 0.108983 2.9357 28.1517 1.12333 5.00274 
0.0996194 0.0517881 0.000779268 0.588589 0.0308384 0.0252002 0.248445 0.472663 0.000183994 11.2087 0.000631644 19.7984 2.15277 0.0705684 0.912972 32.8306 0.648991 7.13199 
2.05595 0.00120266 1.47351e-05 0.000241919 0.000954065 16.7365 0.000422061 0.37343 0.543638 0.811873 0.00639457 114.323 1.0487e-05 0.00333008 1.31648 3.45444 0.973341 4.42242 
0.0213501 0.360833 0.00130445 1.3481e-05 0.000115964 0.380575 7.08145e-05 0.43501 0.103673 0.766496 0.00169586 310.031 4.14803e-05 2.94375e-05 2.50833 13.1425 6.27074 7.87787 
0.00225984 0.00035452 0.552264 1.4206e-05 0.655116 2.85262 0.402805 1.58199 0.172625 0.342614 0.00296946 145.729 0.269694 0.0367344 2.55136 10.5858 1.11201 8.45163 
0.00888315 2.16139 0.446091 0.00112533 0.0104977 0.289221 1.16557 2.42522 0.0827794 12.4335 0.312478 103.978 0.279162 4.34024e-05 1.06948 18.8504 1.50024 4.71193 
1.09872e-05 4.22248 0.107914 0.00388054 0.747712 703.773 9.33005 3.66241 0.0550049 0.0268294 0.0630374 293.957 2.22505e-05 0.0039705 7.9356 38.4237 3.46799 0.743941 
1.36471e-05 0.00143367 0.00272655 4.44638e-05 3.68296e-05 0.0804735 0.00553664 9.93904 0.257057 0.0331427 0.0261908 164.908 0.318283 0.0367208 3.17581 19.8625 1.82553 0.999273 
0.000980449 2.49689 0.00876655 8.87299 0.00182718 1.70064 0.000221325 1.90296 0.563811 0.207906 2.15594 0.0597486 0.637191 0.0157102 5.13504 24.7063 1.31868 9.80023 
0.212627 1.23008e-05 0.00961382 0.000503978 0.00382423 0.114763 4.69989e-05 0.649249 0.0806799 0.015429 0.000762576 0.079272 0.146954 0.149561 2.28362 21.2961 1.15703 8.82359 
1.92691e-05 0.000106043 3.25576e-05 0.0360146 8.22698e-05 40.9937 0.0592585 0.193405 0.00118941 0.010269 1.45539 72.4804 0.00151278 0.190972 0.614089 10.6094 3.22166 4.65834 
0.0954224 8.53623 5.74752e-05 3.56985 0.00166095 500.497 8.3466e-05 0.905682 0.0711715 0.0924749 0.0176888 427.234 0.000275968 0.0109878 8.37036 17.0095 0.783103 0.584808 
1.71335 0.0758869 1.72739e-05 0.143314 0.104774 0.0252622 0.000154142 3.43967 0.436402 11.8946 2.77394 361.378 5.86321e-05 0.000526084 6.87204 18.4238 0.563607 1.94535 
0.000571687 6.03999 3.01726 0.00419404 2.64813 159.263 0.000303785 2.38682 0.00966606 0.0114603 9.45104 155.936 0.0101654 8.14973e-05 3.95593 7.27818 1.12986 1.3575 
4.17388 8.78909e-05 1.69927 0.0150519 0.00015699 0.0308317 0.143632 0.00606486 0.0725138 33.8812 1.12943 48.1733 0.0110384 0.0413541 5.0555 18.6903 1.11396 6.13813 
0.000680571 0.0590023 1.02202e-05 1.8997e-05 1.43414e-05 274.188 3.00304e-05 0.199523 0.0993754 0.651347 0.0464067 0.0617331 9.47834 0.0306352 0.788508 29.1602 1.67029 9.06035 
0.0105329 7.4784 0.00414364 0.497012 0.000373006 6.77613 0.14256 2.42977 0.125745 0.0395066 0.00683195 206.401 0.198908 4.02784e-05 2.11483 26.3055 0.927463 3.64689 
1.68668 0.00846444 0.150058 5.83442e-05 0.000193754 0.0978612 0.215777 0.206121 0.151645 5.856 1.99321 81.4559 1.53541 0.000109958 4.50186 4.12386 1.06308 8.90213 
1.69708e-05 0.474751 1.631 6.84233 8.23585 182.78 0.000815786 0.0149294 0.0028311 0.4063 0.034952 194.731 0.000652622 3.31488e-05 4.95542 10.7279 0.863264 6.80705 
0.454061 0.0836681 0.00413274 1.34579 0.001617 9.96396 0.00019234 2.80887 0.248202 0.0646396 2.14987 10.9587 0.0932916 5.02477e-05 3.61782 20.9313 1.03424 7.14786 
1.11233 7.9973e-05 0.000170594 3.34351 0.000425989 25.0644 0.310028 0.227904 0.031124 0.131751 0.0044558 148.965 2.90779e-05 0.00643371 2.088 9.29555 1.61764 5.03082 
0.100672 7.51466 2.5303 1.17116 4.39882 4.53832 0.0288961 3.0164 1.783e-05 0.0309366 0.000167002 116.813 0.0214199 0.0220296 0.189643 42.6912 1.63989 8.13795 
0.00521401 0.000727647 8.28024 0.000565647 0.00156531 1.03491 3.81915e-05 0.00476444 0.000362896 11.1659 0.140814 184.939 0.54119 0.195127 1.11574 22.4153 1.85267 5.16324 
0.00995142 9.02569e-05 0.726607 0.00139367 0.00223818 21.1166 0.100795 0.0877446 0.000102179 0.793071 0.0358882 14.0305 4.9534 7.2812e-05 2.01982 28.1838 2.34635 6.93483 
0.000399969 0.00057078 1.45773e-05 0.024605 1.22508 20.2826 0.000410906 0.97647 0.000495743 28.3875 0.0556715 140.254 0.00284008 0.159853 1.36666 42.4593 1.03161 7.84852 
2.94919 2.2662e-05 6.54005e-05 0.0058738 0.17056 0.0235204 0.000145131 0.217779 0.105197 0.257425 0.725043 14.8305 0.0574385 0.00045848 4.3142 26.228 1.25984 4.40564 
0.00144553 0.00962937 0.00202852 6.15047 0.0130752 0.17892 0.0213312 0.0331187 0.0594919 69.7564 3.82397 213.687 0.0147997 0.00154745 3.90467 21.1487 4.85161 3.23614 
7.32772e-05 0.0854534 7.89089 0.0141316 0.0624128 1.36247 1.12048 0.450629 0.0374177 0.629174 0.556125 81.5284 0.00176946 0.000157391 3.35916 23.9353 1.16699 0.79927 
0.0036183 2.9753 2.40713 8.60379e-05 0.000481826 1154.67 0.000890833 0.00158461 0.00186456 0.932341 1.10059 159.966 0.000269669 0.282501 8.34266 46.0116 1.86683 8.764 
0.000178055 2.09348 0.00512756 0.0013518 0.000174638 0.0292714 0.00059787 0.955869 0.0067706 0.0203605 0.118527 0.0529418 1.04728 0.122471 8.45736 37.4462 1.51667 4.45752 
0.102201 0.00153056 0.159234 0.0150311 1.00225 0.940119 0.000372657 3.39878 0.0576331 0.0665391 0.00145881 475.041 0.00255388 0.504654 2.12256 16.7389 2.52487 7.7379 
1.0344e-05 0.138777 0.000194262 1.23259e-05 0.0512556 0.0590097 0.000328311 1.61492 0.244696 23.5212 0.020036 14.5122 0.00267577 0.260379 4.85019 46.8492 1.00774 3.60269 
1.04917 0.031983 0.835219 0.000739874 1.02564 0.0641122 0.0284895 1.69521e-05 0.108152 1.73035 2.6731 54.7359 0.419053 0.000392912 2.39178 42.734 0.59567 8.72336 
0.593044 0.0213057 0.00214699 2.10222 0.000113636 524.135 0.681024 0.0198894 0.00205469 3.75058 8.44878 96.3488 0.21218 0.0024312 1.58876 31.8442 6.17783 2.17385 
0.0147362 0.000235104 4.18765e-05 0.000219352 0.760991 0.0146818 0.0114834 0.231955 0.00853036 5.65145 0.000391148 1.46035 0.042593 0.277959 6.53904 39.4201 0.917714 5.84206 
1.76578 5.69982e-05 8.82192 0.00797724 0.00221443 291.267 0.053017 1.74189 0.575729 92.3196 0.0477155 101.142 1.95941 0.100827 5.294 45.0122 0.7352 7.49143 
0.243697 0.0114798 0.0375614 0.000248673 0.518327 182.862 0.197534 0.00852288 0.00595368 0.0172032 0.170807 3.60546 0.0103037 0.433835 5.84057 33.7294 1.32914 5.00021 
1.67725 0.0286801 0.000692521 0.006991 0.0108612 0.229703 0.491342 1.96443 0.131026 23.6238 0.870108 65.5487 2.8126e-05 6.54399e-05 8.88958 20.6625 2.65717 8.19887 
0.328915 0.00897921 0.00662187 1.43329 0.00133589 0.093255 0.00239761 0.0040272 0.00272323 0.0117626 1.82372 0.135828 0.108728 0.000395175 0.723205 38.9739 1.82471 6.0521 
0.3509 0.000987148 0.000514455 1.63127e-05 0.000628771 0.0451708 0.000209981 1.67706 0.0422173 0.0175852 0.288955 106.411 2.54239e-05 0.502138 2.71416 12.4533 4.6663 6.3796 
2.34163 1.6469 0.199295 0.105609 7.32788 107.194 0.00748216 0.0017978 0.156001 0.299744 6.65759e-05 15.5014 0.000205645 0.292659 6.51269 33.1833 1.19578 8.52919 
2.26246e-05 4.14352e-05 0.00606788 4.68107e-05 1.17152 0.676722 2.43418e-05 8.58756 0.0257239 401.842 0.380953 0.849592 0.862315 0.0457207 0.553987 43.0158 1.3311 7.63119 
0.249093 0.00179104 0.0431072 0.000610351 0.150743 18.663 9.55834e-05 0.0227058 1.99762e-05 369.003 0.000147824 0.119012 0.116529 0.133434 2.28472 20.874 1.16026 8.88835 
0.00015474 5.55601e-05 1.58478e-05 0.000206505 1.02009e-05 5.85947 0.000433963 0.00633378 0.00868999 0.270312 5.20898 6.65715 0.399812 0.00011055 2.09446 34.8061 1.60387 3.56879 
0.81812 0.0219301 0.000409195 2.44327e-05 2.10952e-05 19.3954 0.001556 4.34487 0.000302088 0.51415 4.39874e-05 0.236971 0.223137 0.158977 1.14256 38.3589 1.70898 7.23994 
0.00189276 0.108698 0.000144085 0.000553501 0.0113363 34.2633 0.0109577 3.56956 3.7085e-05 0.156445 0.167415 0.593938 0.00164178 0.133788 2.86581 48.6469 0.786652 4.14012 
0.000119045 0.0543183 0.103905 0.10718 0.18577 0.0722315 0.000350776 0.000112352 4.50234e-05 0.114734 0.655186 21.2643 0.156452 0.00916953 2.13074 46.0558 0.895804 6.14865 
7.35172e-05 0.842524 0.0498602 0.142851 0.00505402 194.086 0.0231129 0.57463 0.497783 49.7108 6.46241 6.32268 0.00554196 0.00183194 1.22439 39.4517 3.3652 8.33401 
0.0003942 0.0946026 6.86568 3.43411 0.00341241 533.307 3.68255 0.000524832 0.0101507 10.0104 0.540654 0.0403808 2.91157 1.71341e-05 1.12553 18.9933 0.718795 9.42543 
5.39404e-05 0.0121678 0.00415728 8.20775 0.000544401 2.97138 0.000902339 0.0313588 7.4754e-05 17.1023 4.32175 43.8299 0.00333245 0.252588 7.12704 46.7248 0.727219 9.82343 
0.000217403 0.000472774 0.000143689 0.0361612 1.11251 104.63 3.16718e-05 0.000238816 0.00514878 0.119523 0.649229 0.018963 0.864851 2.94907e-05 6.16981 33.5793 1.40514 8.73304 
7.92017e-05 0.0067545 0.0343081 0.000904053 1.22517 0.0433234 1.17298 0.111841 0.000755318 35.0382 0.0830274 1.57121 6.45307 1.04762e-05 2.23619 49.7754 1.1156 6.00587 
8.4687 0.000161103 0.00136539 9.45068 5.62447 4.02492 0.000295041 0.000338455 0.0128953 3.17087 0.00311744 5.52066 0.000582078 0.110132 1.11884 42.8964 3.41149 8.93466 
1.32879e-05 0.00175719 0.0215306 0.0240984 5.91686e-05 1.38781 1.62815e-05 8.09536e-05 0.0764666 0.325307 1.10743e-05 56.7567 0.000101478 0.33429 7.69464 25.6448 0.942738 8.64127 
0.00570279 0.197027 6.18802e-05 0.0022371 0.0529481 442.019 0.000164348 4.45447 0.000706486 0.145473 2.82955 14.3144 0.000558173 0.187975 5.04843 31.526 0.80027 9.6145 
0.395632 0.000938909 1.21078 0.011507 0.00128601 498.416 0.144057 3.32531 0.0293054 0.027328 0.00281209 17.2241 0.00168691 0.0702309 0.92425 35.1008 2.02796 5.96642 
0.0564727 8.87746e-05 0.339864 6.21634 0.00367525 6.16321 0.0166115 1.28281 0.903822 10.2869 0.00386862 329.975 0.0142474 0.0529343 1.65295 5.25836 1.21254 8.81802 
0.412277 2.60341 9.15525e-05 0.0366218 0.0005992 965.644 0.0273891 0.748706 0.554241 5.8679 0.0697549 130.439 0.000934264 0.000166463 1.91184 3.01482 0.702177 7.36241 
2.75073 0.0493003 0.016743 0.00252495 0.422726 0.124625 6.43038e-05 2.68507 0.00456746 3.42463 0.0576487 0.02706 4.36859 3.3402e-05 2.95337 33.8588 2.507 9.13345 
0.000418444 0.551475 2.71045 5.74426 0.000108001 59.9258 0.0202038 0.0152055 0.0526262 0.0675136 0.0715881 31.1058 1.09098 0.337963 2.7054 43.3349 4.93726 4.19141 
0.00255752 3.8927 0.754681 0.069007 0.993519 2.17809 0.00515848 8.92347 0.130617 8.44959 0.064468 29.3693 7.99796 0.00220272 0.990106 17.0474 1.04765 9.4975 
0.116148 0.0068151 6.73697 0.156837 0.0240501 0.0253791 0.132663 0.160236 0.00433662 0.0362852 0.120182 85.9081 0.00456111 0.0133812 2.69724 6.75141 0.619179 7.5857 
4.45039e-05 3.71135 8.88529 0.135835 4.54093 192.648 0.00776082 0.032704 9.82033e-05 97.4512 0.000337166 11.5304 1.68012 0.0445387 0.331856 48.0419 1.52468 8.33953 
3.20007e-05 0.0970446 0.000448752 3.51026 0.0405776 0.127627 0.00122744 0.000111778 0.000146357 0.664088 0.00206122 0.0193388 0.011495 0.087663 1.29599 39.9967 1.84035 6.93454 
0.247874 1.68397 0.119976 0.00155985 1.36734e-05 1.02358 9.07983e-05 3.51039 0.518307 0.202522 0.00877076 131.061 4.5856e-05 0.0596407 5.78196 18.9063 2.76456 8.34662 
0.304571 0.000328289 0.000186681 0.000229607 6.39024e-05 12.9388 3.0828e-05 2.26523 0.0306215 0.0567836 0.698871 11.8566 0.0303235 0.000214831 3.02052 38.9394 0.802497 6.8539 
0.0569975 2.31743e-05 0.000312093 2.02821 0.114152 896.319 1.15716 0.365985 0.1964 42.7271 4.43374 27.6045 3.44991 0.000414049 2.72303 21.6043 1.46078 3.25442 
0.00370792 0.0426601 0.000996373 0.000141309 0.305598 20.1286 0.298659 0.342568 0.00202518 0.144083 0.898183 0.0143618 0.460051 0.00882263 2.12933 41.3968 2.19695 5.35973 
1.93744e-05 2.52167e-05 0.0185953 0.00498126 0.00271563 1.69208 9.67605 0.142827 3.37009e-05 85.0864 0.225022 4.30284 0.000229751 0.103829 0.66814 36.4259 3.02575 5.79159 
0.842197 3.17393e-05 0.000236207 0.0156997 0.478465 0.970758 0.00177812 7.70436 0.000169162 25.7809 2.38332 6.19704 2.1958 0.0119757 1.27538 20.4021 1.60315 7.91131 
7.92709 0.239484 0.736129 0.0213738 0.000491504 0.609475 0.000576305 0.0567033 0.136529 0.238061 4.89557 166.962 0.0705126 0.00853985 3.05041 2.23406 2.77132 7.02803 
0.000261976 0.00110728 0.000388827 0.000348632 0.00034135 40.7569 6.8322 0.905778 0.110822 122.821 7.07622 208.127 0.000158185 0.376108 0.819656 21.3485 5.49032 0.942798 
3.02783 0.000474985 1.88377 7.69662e-05 0.0431616 0.0157886 0.0684841 0.0167139 0.060327 1.27731 0.0445085 162.313 0.49084 0.124503 1.24585 21.0228 3.17702 2.41999 
1.42505e-05 0.357525 2.60362e-05 0.15207 0.00174374 0.0369654 0.000766215 4.71107 0.00617149 0.0296714 1.64855e-05 23.9639 0.00217921 0.304565 1.85455 28.0351 3.11572 8.57719 
1.25599 0.00266339 0.000132329 0.00495741 0.000140166 2.94009 0.0112789 0.544838 0.496418 487.824 2.46581e-05 1.50518 2.58309 0.292989 4.57591 30.4702 1.75267 8.58827 
0.00502394 0.138489 0.00114254 0.899951 0.000349309 0.0128864 0.0341177 0.00517444 0.00959101 0.467176 0.0146894 387.279 0.00189406 0.167434 1.48804 31.3125 2.24418 5.98377 
3.38603e-05 0.000918869 0.0525066 2.85328 0.0257988 16.2265 0.996121 0.813091 0.434724 21.9304 0.0164501 339.684 1.38739e-05 0.0498281 0.843971 5.63117 1.83989 5.51819 
0.0380509 0.0029698 1.73204 3.10151 1.08085 38.2643 0.000538528 7.47239 0.00124228 0.0205492 0.127118 90.1924 0.0330043 0.210296 0.768896 44.886 3.44991 4.96281 
2.7288 1.62217 1.38105 0.00130522 2.49112e-05 1999.68 0.00762562 0.000242584 0.0242929 25.8262 0.186231 0.422449 7.68944e-05 0.253009 1.98993 19.1502 2.00433 8.82732 
3.33433 1.44042 2.56529e-05 0.000483464 3.94553 0.209392 1.61422e-05 3.7456 0.401445 0.0662267 0.00543438 89.3904 0.161533 0.000792609 6.30643 16.5537 1.87593 3.11676 
2.59179e-05 0.00226325 0.423663 0.0431609 0.00433749 2174.44 0.0699169 0.00318993 0.00403771 0.187771 1.52929 471.65 0.00796326 5.4742e-05 7.98436 6.90912 1.12764 3.44372 
0.000676335 0.000451124 3.25062 1.33718e-05 0.0160479 0.346568 3.73476e-05 6.27349 0.704547 5.94935 6.33037 227.315 0.298716 0.0631592 5.51452 5.9654 1.13153 1.23669 
0.408753 0.0476259 0.00122136 0.000194365 0.00266128 6.82548 0.000433567 1.10085e-05 0.0983833 421.799 0.0022525 3.65784 0.343209 0.224491 3.52206 21.222 1.22786 9.54373 
0.254651 0.000697455 0.000749218 0.00254392 0.20863 125.357 0.000117435 8.84028 8.10601e-05 0.0266092 0.114197 0.301855 0.25687 0.257559 1.09192 20.7871 3.21804 8.27517 
0.000615761 0.367932 0.0112319 0.00604731 0.319647 1.29271 0.00708896 0.000646644 0.138015 0.193243 1.79499 0.136807 0.000466049 0.28851 4.29005 33.0034 1.25872 6.99152 
0.00105348 0.174733 0.00456242 4.38266e-05 0.510353 0.823558 1.485 0.447853 0.00154251 54.8205 0.579241 9.30031 0.0053675 0.112644 0.462589 45.9194 2.70052 9.67781 
0.819056 0.00121515 2.32908e-05 1.86882e-05 1.14865e-05 0.0553699 1.20237e-05 4.81498 0.00513545 0.0800774 3.46332 336.451 8.9375e-05 1.88462e-05 1.7226 8.98407 1.63987 2.82647 
0.0121707 1.2994e-05 6.78151 0.0676608 4.16878e-05 410.53 0.00210674 0.494096 0.367192 2.21024 0.519614 226.664 1.66649e-05 0.0013509 1.33348 1.51263 1.46577 7.4994 
5.07058 0.014829 0.147127 3.6991 4.54242e-05 1.4677 0.00522279 0.120272 0.000601664 0.299742 0.000146725 219.312 5.42664 0.144978 1.22476 20.9108 1.07593 9.5206 
9.10228 0.179054 0.7803 0.000411219 0.000930944 417.558 3.20532e-05 0.000735905 0.0062693 32.0563 0.000178108 13.9699 0.0879519 0.50606 4.21302 26.3712 2.08967 9.67624 
0.137096 0.0572566 1.27032e-05 8.24782e-05 0.00897765 1721.68 0.0734708 0.0667009 1.69342e-05 7.9491 0.463653 1.72025 0.0182466 0.0861632 3.12383 47.8027 0.657805 4.32289 
0.16936 0.00102085 0.120353 1.01311 2.4531e-05 401.548 4.53208e-05 0.344888 0.0695103 0.0586537 0.00313424 241.394 0.706105 0.192857 1.00979 7.10015 2.79007 4.85095 
0.849896 0.844478 0.00248624 0.283928 4.82517e-05 0.0344667 0.0276184 0.032524 0.0292328 0.121357 4.37828 418.686 0.0552558 0.174264 1.58741 14.4411 3.18701 1.20435 
0.0870894 0.00116893 0.267062 0.502377 6.01595e-05 0.282144 9.92329e-05 0.00101332 0.00296746 0.922431 5.55756 3.47092 0.304615 6.02365e-05 4.31761 43.9023 0.890832 4.17473 
5.14316e-05 0.126099 0.0253114 0.00105351 0.00615648 222.62 0.365071 0.0775514 0.0042894 8.0606 0.0511118 347.235 0.00287235 0.00484483 0.499712 19.346 2.11309 1.5765 
0.000332961 0.000480165 0.00765998 0.451952 0.000289221 347.879 2.61581 0.453948 0.0139194 37.5117 6.27321 6.82026 1.35217 0.0527646 1.20349 23.7975 1.5858 7.2156 
0.000294766 1.57618 0.000831924 0.00184819 0.00241737 49.4665 0.000170671 1.10164 0.399687 22.3391 0.507679 77.285 0.000478355 0.00285779 4.56068 13.5467 0.569801 3.43739 
0.035318 7.3353e-05 0.0637418 0.0525876 7.40603e-05 54.9424 0.00747379 1.94768 0.00758094 0.0193551 0.401227 94.5351 0.194394 0.664658 2.14272 37.1125 4.7035 2.47434 
0.176432 2.34641 4.90734e-05 0.000355971 0.000356633 1.22758 0.0483486 0.188673 0.0731701 0.300355 6.88868 2.60164 5.34946e-05 0.000307945 2.98764 37.1294 0.723035 9.49339 
1.6666e-05 0.0017492 0.00237626 0.0137702 0.000251 8.5429 0.0589536 0.136926 0.0445301 1.13023 1.67169 113.034 0.00154693 0.00248915 2.66436 46.6083 8.40577 1.37514 
1.10273e-05 0.28565 0.00896407 0.202523 0.25516 575.241 0.167711 0.0059227 0.00022672 2.62332 1.19783e-05 0.116801 0.00700654 0.0626736 4.33662 38.3606 0.966275 5.95428 
1.80921 0.00955919 8.58817e-05 0.0506597 0.00220046 1303.75 0.006054 1.85396 0.0241363 0.0279314 1.20636 318.351 3.16458e-05 0.555437 2.36748 19.944 1.67931 9.88989 
3.22565e-05 0.00142105 0.0793918 7.52367 0.00106224 73.5268 0.000165065 2.17341e-05 0.00104496 33.071 0.000279271 29.8678 5.73684 0.228793 3.78923 41.7666 1.41965 7.11707 
0.132666 3.47039e-05 4.5261e-05 0.00413069 5.41275 1.22988 0.00119183 0.564602 0.220542 4.94544 0.00065252 142.264 0.155361 0.00825327 0.790755 28.2935 5.07923 8.06112 
0.00906788 0.384653 1.43969 1.77454e-05 0.999058 17.5781 3.76986e-05 1.62832 0.528638 0.042594 0.194274 60.6135 0.000270097 4.67513e-05 7.36184 16.6027 2.44369 6.48695 
0.729258 0.0039776 1.53277e-05 0.0762853 9.05722 0.0109557 0.000197404 0.00626149 0.000511782 2.96055 0.275209 34.8786 2.11407e-05 0.33239 6.36502 43.0529 1.1134 9.75664 
0.00631825 0.00038712 0.00269376 0.00131 0.00246361 0.0171353 2.75876e-05 9.82765 0.326641 0.186427 0.000809658 497.592 0.00134804 0.179892 1.90823 38.7904 4.74919 9.23088 
1.09978 0.119674 0.00609784 0.557069 7.90392e-05 0.408341 0.00236593 0.0149159 0.00164715 1.57076 4.53117e-05 0.0547747 1.07094e-05 0.146866 0.804478 49.7448 2.53137 9.93105 
0.244624 3.56417 0.000844374 0.64156 0.000228153 481.924 0.303653 0.00369106 0.935579 0.33409 0.0046761 0.431602 0.0608094 0.134452 0.91463 28.0668 2.2144 8.32308 
0.000188765 2.36546 0.906837 0.00494833 0.00145701 0.946003 2.37845e-05 1.5426 0.000834503 0.0912311 0.0119498 47.9996 0.000688499 0.256339 7.49535 36.7086 1.54976 9.64157 
3.40198 0.0267953 0.26556 1.41341 0.00669131 2.12555 0.0986505 0.471739 0.212651 0.0368917 0.00390686 340.092 2.24913e-05 0.0216542 1.86717 48.6934 1.41388 0.769479 
2.63396 0.00420231 0.012432 0.069428 8.31561 1.84324 2.80788e-05 0.00469411 0.00118542 87.4107 2.20094 3.64453 0.0238621 0.438992 2.26749 33.1598 2.88686 5.54586 
0.000101273 0.000271534 7.99326 0.00191497 0.00025922 2157.82 0.731757 2.52596 0.00012922 0.257276 0.00952402 0.0288863 0.0733498 0.227236 6.81885 44.7903 0.741242 7.37221 
0.582104 0.00256512 0.00262315 7.05488e-05 0.393009 924.383 4.61641e-05 6.55158 0.00624535 0.328851 0.879745 283.881 3.76774e-05 1.54193e-05 6.81813 23.1514 1.25882 2.94797 
0.0316152 0.346087 1.11315e-05 4.19114 6.16895 57.5317 0.014685 3.8985 0.120222 0.082131 0.0256103 68.3509 0.0647292 0.00180286 3.16062 47.4665 1.08648 0.60388 
0.00215665 0.0194 2.68049 0.0353097 0.00351502 77.7009 6.82824 0.0197667 0.0216144 0.0328026 6.06923 163.989 1.28102e-05 0.00344224 1.7219 10.171 2.38794 9.29124 
1.17222 0.000421601 0.00205802 0.000156376 0.000137421 6.91922 0.0128153 0.000145571 0.0114821 106.412 0.0016872 5.26037 0.00197337 0.102032 2.41488 46.5292 0.85617 6.07589 
0.000476321 1.4 2.13119e-05 1.2199 0.000594502 3.70375 0.000123416 0.00666188 0.00250661 0.181699 0.523648 282.455 0.000529342 0.000826912 5.2558 22.3754 8.86907 7.17309 
2.695 2.65772e-05 1.85512e-05 1.5099 0.0453258 78.3486 0.220602 0.569141 0.00766195 0.02462 3.50929 64.0084 0.0209464 0.00213636 2.10824 7.36597 1.32073 8.61065 
0.000427571 0.00134937 0.000726347 0.702726 5.05663 1817.67 2.67883e-05 0.0182116 0.000621242 2.25129 1.01944 368.25 0.0212596 0.099945 1.68372 38.2558 1.11321 4.97139 
8.70914e-05 3.96437e-05 1.38907e-05 0.00623164 5.92889 0.36177 0.774807 0.000264656 0.175717 39.571 0.54957 49.0998 5.76478 0.157142 0.983081 44.4418 4.05184 7.59095 
3.07642 0.0254804 0.00101188 7.50976 0.148992 0.0431306 0.597194 9.92632 0.0252868 348.556 0.000828408 46.4629 6.52964e-05 0.0718703 0.874986 29.1601 1.27486 4.49926 
0.602865 0.000481376 0.0228736 0.00209734 6.10214 0.0779044 8.14884 0.0239703 0.0455359 3.12276 7.01892e-05 0.0155526 2.3686e-05 0.143069 2.65177 37.1544 0.836273 7.12172 
0.000926174 2.16853e-05 0.00200655 0.00978447 0.02113 119.207 0.0187207 1.07528 0.0326928 0.0100125 0.0174845 307.782 0.000172923 5.9415e-05 0.905558 2.92174 1.2554 2.96658 
0.012402 0.00052322 0.000439522 6.85443e-05 0.125304 3.00191 0.0268774 0.0018963 0.00454258 168.224 0.0303047 0.203118 0.54111 0.34137 2.12397 25.0007 2.6598 5.4346 
6.0953e-05 0.0614902 4.86323 1.01366e-05 1.0182e-05 0.303823 4.73932 0.108428 0.00749854 3.01447 0.827945 43.769 0.000237658 0.393515 5.09026 25.2709 1.26484 6.0448 
0.0226702 0.0398397 0.0559656 1.18885 0.0618222 3.24681 0.00204888 0.000925193 0.0263821 46.7084 5.51406e-05 0.973677 0.00161144 0.144468 1.8507 42.9023 1.57733 4.43073 
0.212013 0.0609507 1.83563e-05 0.00214232 0.0140204 5.92803 4.52003 0.0114599 0.00936608 4.14599 3.7286e-05 16.712 0.0823712 0.190021 2.07732 27.3414 1.0565 7.85756 
1.43348 7.52154e-05 0.919071 6.57741e-05 0.00165108 23.6903 0.0255085 0.00222838 0.00310217 2.06282 0.00013095 0.974479 0.0138568 0.414861 2.69672 43.4313 2.55103 3.01348 
5.56611e-05 0.000319114 0.936183 0.00320844 3.47624e-05 0.0304449 0.01478 1.64608e-05 3.91714e-05 0.0131077 0.000295003 12.5154 0.00272787 0.136556 4.63898 42.6389 1.08298 5.18664 
0.0383736 0.000702813 0.000355865 6.814 2.20429e-05 14.8435 0.0728714 0.115879 0.0128701 0.257144 0.0487439 372.997 0.00628399 0.00226065 7.62211 18.191 2.49088 5.61778 
0.0290204 0.0922344 1.84457e-05 9.51686 0.444604 8.14108 0.0169728 0.000730421 3.8616e-05 76.8653 2.341 0.0139758 2.05531 0.0154832 1.08261 44.164 2.62897 8.65224 
5.83678 0.0393519 3.31966 0.0429353 3.79183 592.597 0.000401433 0.00057316 0.3251 30.4114 0.000876019 7.26509 0.0748698 0.286484 1.51079 43.4563 2.78722 3.19352 
0.905824 0.151134 2.45797e-05 0.000114801 2.90241e-05 3.06153 0.000109837 0.454606 0.151577 6.10106 0.683734 249.365 0.0089017 0.0138025 2.06967 34.7331 4.29033 1.03932 
8.86421 0.000161182 1.51021e-05 0.00199719 2.65207e-05 7.93449 0.000518939 0.051016 0.365786 2.75111 0.00799555 93.0757 0.0882655 7.49085e-05 1.90569 13.3036 1.4827 7.12768 
1.09499e-05 9.44631e-05 2.10367e-05 2.0285 0.208815 9.64437 0.00106756 1.3166 0.453421 1.14211 1.80181e-05 221.518 0.000280163 0.0847915 0.42066 43.3556 2.22662 3.60373 
5.2798e-05 0.00322112 0.000557054 0.425925 1.63589e-05 1.913 0.704165 0.455627 0.00647809 8.62774 8.24501 129.45 0.000109121 0.0627212 6.5392 27.9337 1.32408 4.12598 
0.0317116 9.11141e-05 0.000342206 0.0313451 3.57046e-05 9.65156 0.323503 1.37854e-05 8.45822e-05 0.0164752 3.62218e-05 0.0177496 0.525557 0.141788 4.81088 32.8612 0.881553 7.14662 
0.249893 0.097273 0.0723722 6.21118e-05 0.00424507 0.018372 0.000133909 0.462603 0.00191776 0.163892 1.33727e-05 0.0113119 1.48999e-05 0.0814977 0.534421 36.9828 0.875586 7.47623 
1.32439 0.0220134 3.73414 0.532152 0.00465328 117.689 3.62875e-05 0.00132501 0.00158784 0.101947 0.00144096 0.277615 0.000106482 0.0361717 1.16202 44.7431 0.917324 4.4942 
0.0164994 0.418088 0.00862801 0.000137599 0.000459009 0.0146737 4.74643 1.34198 0.0481093 30.5684 0.0685734 77.1635 0.0082865 0.233954 2.1046 33.8591 1.96565 8.04649 
0.00147963 5.34995e-05 0.0170214 0.272173 0.0530953 0.0464515 0.0236905 0.0257181 0.000414532 1.80629 0.124054 63.4194 0.000445657 0.114148 1.48098 40.7285 0.897035 8.9596 
0.000347026 0.000594246 0.000614608 0.00559357 8.9475 0.0852231 0.427848 1.00921 3.7115e-05 0.0508356 0.217557 0.0691381 0.407358 0.00452291 0.812321 25.9703 1.70148 6.1228 
0.000739556 0.0134008 0.000211061 4.11447 4.73329 0.0103391 1.31655 0.00599133 0.000647373 22.7213 0.000165509 0.0187121 0.79079 0.0485934 1.98515 43.7049 0.900146 9.35646 
3.15652 0.000106622 0.0411165 0.02557 4.63267e-05 3.23501 0.0611864 0.128093 0.000400822 1.45137 0.00451421 0.0110882 0.811283 0.214194 0.903661 47.5078 5.03685 9.88279 
2.10761 5.86654 0.0031077 0.00568501 8.11855 0.0193104 5.31643e-05 1.75994 0.000764737 0.226145 0.0150555 62.8747 0.00568809 0.638374 3.40988 46.1269 5.1383 6.4698 
0.00118376 0.0148211 0.0184835 0.00659477 0.253939 17.3508 0.430261 0.131324 0.487527 30.3759 1.19816 119.954 4.8418e-05 0.0179992 4.47079 8.10176 1.49513 2.44407 
0.212887 0.000177251 0.0186323 0.000151502 0.000243137 2467.79 8.3756e-05 0.224535 0.00456217 0.841804 0.0203904 53.0991 0.000232146 3.98292e-05 1.73747 23.8492 2.28006 5.77589 
0.258611 2.44887 0.0158476 0.000259712 1.33498e-05 0.0144629 0.0888724 0.261129 0.00149122 0.462385 0.261045 0.29737 0.0373179 0.178562 4.59437 32.2836 0.797397 8.03057 
0.0470086 4.40066 0.00217308 0.00844957 1.40154e-05 519.152 0.000246269 9.97256e-05 0.00994808 0.0110795 0.0131792 0.347938 0.630022 0.00477137 3.38222 48.0283 0.612766 9.45903 
0.711311 8.8618e-05 4.00861e-05 0.00143912 0.000500977 250.639 0.000470739 0.0198931 0.0576511 4.01746 0.0107404 32.8134 8.48603 3.08449e-05 0.25233 38.0731 3.90253 8.40887 
0.17635 0.814615 0.000111447 0.0192191 7.61527 0.276822 0.00073925 7.36467e-05 0.000549284 11.9652 4.89031 0.0920864 3.59389 4.34619e-05 4.67844 27.6583 1.95179 8.81386 
1.78045 3.23442 0.807982 0.00963264 0.00125819 143.827 3.55744 2.39245 0.314201 227.551 0.228812 217.898 0.788795 0.000236709 1.95739 23.6222 0.708789 5.74245 
0.470961 0.107231 0.000688314 0.0306932 2.78873 2027.34 0.00176334 0.00281898 0.0188011 0.880119 0.186615 51.8686 0.267019 0.0951091 2.99253 46.1171 1.93661 4.07697 
5.29565 0.067519 7.73614e-05 7.6025e-05 0.00532451 834.177 0.368033 8.85336 0.750661 0.0780535 0.867156 14.3552 0.00141181 0.000490696 3.65645 33.3623 2.70587 6.45635 
0.00307195 0.000117385 1.13349e-05 0.00382026 5.4191 787.725 0.00181795 0.0463201 0.0360369 0.178328 0.0183606 29.8219 5.34621e-05 0.285755 3.20438 42.865 2.56137 4.63284 
0.0154807 1.15208 1.08941 0.0226976 0.545732 0.769289 0.017803 9.99591 0.173664 228.031 2.78953 294.881 0.00454978 0.00911526 1.11477 27.4856 3.50411 3.58521 
0.00500854 0.00790645 0.0225599 0.0102788 0.242837 0.954867 0.000203806 0.00940242 0.400731 0.0211865 5.3468 0.0694647 0.0127311 0.000508586 0.745583 40.6188 1.45949 6.3903 
0.0106643 0.00333977 0.469704 0.0294971 0.464552 3.80627 0.000256605 3.53406 0.0135005 0.26472 2.91997 0.394648 0.0267201 0.0715078 1.08971 35.5291 0.853053 4.11857 
0.000200691 0.0433917 0.000486016 0.00120104 0.000255104 480.817 4.96254e-05 0.568599 0.046275 0.68924 0.0278239 321.196 1.13544 0.00126403 3.2506 11.1987 2.76127 6.75141 
0.00024331 6.51092e-05 0.205655 2.90133e-05 4.08052 75.0153 3.41129e-05 0.0774158 0.0935419 0.142872 0.00716577 119.014 0.00189824 0.221178 9.1616 23.7082 2.6376 7.23097 
0.546453 0.000791161 5.46865e-05 2.23829e-05 0.00227265 97.2143 0.000624389 0.000158368 0.107307 0.606277 0.000573384 204.133 1.76873 0.382131 7.32381 38.0913 1.4977 9.23657 
0.0759648 1.5328e-05 0.0029535 1.48505 2.90208e-05 598.187 1.01392 0.00471317 0.0434934 3.60866 0.0280477 0.699653 0.000894539 0.258514 3.47333 31.89 1.51237 4.33415 
0.0979554 5.12643 0.363472 0.000963629 0.668108 753.885 0.394878 0.00729014 0.0799583 1.6025 0.0197448 103.85 1.2195 0.151828 2.86386 26.8752 0.784485 9.92834 
0.327603 0.0194313 2.49831e-05 0.00259384 0.0163491 1690.49 0.0101802 0.0295106 0.000808963 7.14471 0.00139476 34.7254 0.0982937 0.11652 2.04763 30.9106 0.968366 4.12216 
0.000137887 5.61721 0.000294297 0.00552542 0.00117951 0.125296 0.309255 1.19014 0.296954 190.43 1.45396e-05 35.4263 3.73988e-05 0.13651 0.847953 34.6063 1.32458 9.25941 
0.0760595 4.33306 4.42377e-05 8.13439 0.0162089 0.0285357 9.81545 0.00680225 0.0015323 0.0377124 4.60543 2.53544 0.107827 0.0204799 0.688052 38.3285 3.10089 5.29196 
0.57775 2.14167 0.00128596 0.00487236 0.0723838 416.074 0.185666 0.513498 0.227246 0.231048 0.113499 59.3006 0.207722 0.0125845 1.79054 10.1741 0.992604 3.81531 
0.000407752 0.00722648 0.0249358 0.00013881 2.19988e-05 1.92637 1.10599e-05 0.000253246 3.67857e-05 59.9391 0.00350934 5.50573 0.0793696 0.333851 1.50699 44.7761 4.04911 6.72352 
0.000341402 3.26485 4.80265 0.00352658 5.32928 4.63781 9.46731e-05 0.204109 0.192782 7.46107 2.34351 97.6771 0.504458 0.00983218 3.56579 13.544 8.33391 9.47275 
0.903919 0.000869471 1.19308e-05 6.35753 0.255828 0.022675 0.0237248 7.59262 0.0274967 2.85072 6.49686e-05 109.637 0.0120296 0.264881 1.42636 36.5287 3.23898 7.41741 
0.0240628 0.732319 7.97443e-05 0.000288559 1.74837e-05 633.052 6.31825e-05 4.87314e-05 0.0246726 0.139839 0.0495788 245.806 6.50784e-05 0.355825 2.99165 37.5951 2.62581 6.36865 
0.000747065 0.056879 1.26232 1.86168e-05 0.00882085 0.878485 9.77654e-05 0.00141976 0.00881511 0.0259162 0.0208566 386.495 0.0200525 0.000170312 8.51131 10.8009 2.83306 3.6707 
1.81256 0.834071 0.00010703 0.0432496 0.0828035 33.673 0.45007 0.0140973 0.00262312 1.51888 0.87916 0.3698 1.11226 0.00562654 1.43777 46.3448 2.24286 5.41656 
0.0231872 3.10668e-05 0.387196 0.00459084 0.000129026 2.48356 0.123029 2.87812 0.00211936 9.24371 8.10931e-05 44.2308 0.000208286 0.244014 3.24941 28.8845 1.34621 4.09453 
4.5683 0.0128107 0.000260088 0.024881 5.15988e-05 5.47464 0.000153052 5.80657 0.234052 1.01726 0.036387 0.827041 2.37957 1.70806e-05 1.426 49.3739 1.25418 4.21747 
0.0366459 0.000654543 0.000682902 1.59617 0.00103748 0.0425374 0.00230177 5.7905 0.00331635 0.0385083 0.462602 457.833 3.89968e-05 0.00638267 6.31199 23.1829 2.34569 3.09845 
0.001403 0.0401666 1.677e-05 3.59406e-05 0.0119144 61.0688 1.5008e-05 6.80018e-05 0.000711339 1.05563 0.0047287 0.218335 0.041135 0.16106 0.925934 41.1053 2.75316 3.16962 
0.000312327 0.00201888 0.00310133 0.011599 0.000853534 135.457 1.70805 1.73201 0.226722 0.979034 0.0002118 0.0707051 0.0228998 0.150278 1.74836 40.8044 1.67147 2.70661 
0.138381 0.708146 0.0383662 0.000158775 0.000320953 0.0228988 0.0243648 0.101963 0.460229 10.4479 0.0371952 231.828 0.755779 0.000369361 0.387229 44.9408 9.21478 8.23625 
6.4211e-05 0.0485114 0.00204838 2.1555e-05 0.00141053 0.0551673 4.07523 4.10787 0.0509593 0.0147436 0.43993 285.399 0.00205955 0.481321 4.17104 13.4879 1.10728 4.13091 
4.85619 4.3685 0.00743744 0.00823847 0.123278 122.122 0.000120042 1.47307e-05 0.00018989 0.0780933 0.00409699 13.9678 0.227584 0.180062 0.809532 40.3524 3.64254 9.77879 
6.10817e-05 5.36087 1.08397e-05 1.08746e-05 0.327218 35.7635 0.0366984 8.88257e-05 1.01618e-05 0.587887 1.11114 5.16178 8.13851e-05 0.263931 1.27796 34.165 3.1578 8.23602 
4.13021e-05 0.000644066 0.0288224 0.000222613 2.03527 0.151587 0.430454 0.931873 0.00877155 0.26266 6.209 138.564 0.032854 0.000325788 2.53482 25.6159 1.20361 1.31545 
0.00128847 0.000985577 0.122995 0.00207704 1.41653 0.141657 1.13403e-05 0.969407 0.00810238 0.225512 0.0132936 0.45976 1.66002 0.0296787 1.79047 36.295 1.90586 7.14799 
0.00984991 0.000821789 0.270915 0.000471791 0.11609 0.725727 3.80155e-05 2.21838 0.045032 0.328273 0.000788909 148.481 0.00197203 0.00235768 1.96439 49.4213 3.13721 6.01936 
0.00025716 8.18669e-05 0.946932 0.017974 0.225765 0.789667 4.93848 0.268238 0.0111032 5.30831 1.42473 202.25 0.124758 0.00194466 2.00983 5.95701 0.899229 9.92065 
1.75507 0.00257418 1.03497e-05 0.000981039 1.38322e-05 22.1468 3.54834e-05 1.01951 0.432181 6.0047 0.0134789 319.383 0.000134282 0.171895 1.21183 22.8987 2.19556 1.20411 
0.104681 0.00034691 0.000877521 0.591283 6.22699e-05 0.0240028 0.00150714 5.05347 0.85472 95.6388 0.397717 59.2058 9.43602 0.00147221 2.57065 32.0794 0.593573 5.54144 
0.000202187 1.28975 0.217691 4.08291e-05 0.398871 241.897 0.000134952 0.052031 0.131813 11.3336 0.453222 96.5111 1.1314e-05 0.000675502 1.18996 9.96808 1.55366 6.84499 
2.661 0.00536978 0.0937725 7.36593 5.54569e-05 0.275016 0.00104044 4.25212 0.00197355 6.84036 0.0318487 0.268436 5.89189 0.000594912 0.406605 35.742 1.2714 5.40643 
0.000335786 4.65854e-05 0.00447819 0.00463292 0.15129 0.0527459 0.000333161 1.89981e-05 7.97795e-05 28.9018 0.723806 0.0129364 5.77249 0.000915397 4.04898 48.6817 0.691175 4.12404 
0.000244414 0.0227146 0.242807 0.00167949 0.179112 96.568 5.94979 5.11783 0.0036179 0.0214575 5.24747 306.8 0.00486824 0.00922712 8.94252 26.9413 0.509718 5.52458 
1.528 0.0074477 0.00163042 1.08035e-05 0.000381844 0.0125919 0.000452122 1.39513 0.0341976 0.21389 0.33607 416.691 0.000133267 0.0305442 4.90816 16.2149 1.64687 8.4852 
0.000320056 0.0135597 0.000203215 0.00468657 1.23426 0.0221444 0.206751 3.05753 0.00165621 254.018 0.0136006 256.821 0.435421 0.152323 1.74442 39.4752 1.62221 5.93052 
0.0253251 0.0488687 9.56595e-05 4.5399 0.000131501 0.0169222 0.260305 0.000150198 8.50141e-05 14.9369 0.0026176 499.254 3.85921e-05 0.0765526 1.95211 36.849 1.52249 3.98818 
0.00681586 0.278983 0.00080899 1.35993 0.0898843 0.0765708 0.00600204 5.07788 2.47718e-05 127.002 0.0125798 0.708291 0.000891365 0.313827 1.10591 48.892 2.74517 2.47154 
0.0141361 0.307405 0.000106158 0.126336 0.00096069 0.0143596 1.75233 0.446244 0.087613 0.0236907 0.00318969 17.4266 0.00247151 0.0191419 1.71103 43.4426 1.60963 5.62386 
0.0349224 0.0251348 1.38491e-05 1.12307e-05 0.064803 0.0544511 5.1945 0.0500939 0.000546187 4.55309 0.000322816 0.607767 4.34119 0.193444 3.18464 47.0638 1.81728 7.32124 
0.000208116 6.47716 0.00310557 0.00961542 3.11678e-05 0.972389 0.00218859 0.0106385 0.539537 83.2047 0.00521439 0.339375 0.0657418 0.25504 2.71444 27.0505 2.44541 9.67089 
6.79927 0.167871 0.00713019 0.000570116 0.0037886 170.38 1.20406 4.53717 0.520119 31.383 1.27305 141.723 0.000382555 0.0476498 3.48692 41.3915 7.36684 6.10928 
1.02996 0.000463543 0.0896917 8.26276 0.000170255 0.367147 0.0772964 0.00789516 2.67347e-05 0.0715429 2.77632e-05 2.37404 0.487206 0.035731 1.09459 30.6236 0.685241 5.55276 
0.00226923 0.023225 5.17282 0.0068075 8.20771e-05 0.0639951 0.283059 5.11356 0.200541 0.171816 0.00436223 236.27 0.000153985 0.00102556 1.3826 6.7097 0.599282 6.85946 
0.00150045 2.47542 0.00160154 0.000467336 0.71732 0.0302671 0.0420101 0.601463 0.0559751 3.61875 0.931689 83.9217 0.381599 0.609968 1.39953 9.57085 4.91792 6.02535 
0.148401 0.000866068 0.0229721 1.71875 1.44931 1.06381 0.00269531 0.00479792 0.000867151 1.71302 0.235085 0.779649 1.66064 0.0108386 1.47621 32.3893 2.01476 7.38838 
2.02506e-05 0.00310305 0.0478014 1.70737 0.00452952 0.0321435 0.0316449 0.0156795 0.00260728 0.370685 0.0227514 52.8157 9.426 0.213524 2.05725 21.7111 2.10758 4.49607 
0.00132119 4.07263e-05 1.94702 0.00130298 0.00265627 0.267122 3.09025e-05 6.12655e-05 2.97053e-05 5.9331 0.00486451 16.3317 3.1464 0.0180531 0.731925 42.1697 0.75787 6.4298 
0.184422 1.58182e-05 0.00286794 0.000324685 0.000177764 53.6365 3.86668e-05 0.326792 0.0279523 77.1841 1.99522 458.031 0.0432223 0.00120032 3.93059 8.38249 5.12788 7.95427 
0.272913 0.301633 1.43826 0.0020388 0.00147256 1129.64 0.00490453 8.68803e-05 3.64e-05 0.516942 0.033439 59.0449 1.32945 0.138345 1.32915 45.3872 2.0761 4.49524 
0.000153359 0.0878172 0.730925 0.000123173 9.1446e-05 95.5502 5.89744e-05 0.276493 0.0257125 0.0213823 6.03676 486.051 0.126516 0.317787 3.03577 3.79399 4.95032 3.68618 
0.0175547 0.349334 7.8788 0.00454565 0.00504361 0.225269 0.00472191 0.000873381 0.00608435 0.0144383 0.000147585 0.0149345 0.000159941 0.0772208 1.31273 39.8793 1.04505 9.44875 
0.398221 0.959234 0.00265403 3.50298e-05 0.00112304 51.5458 6.57473 0.000698678 0.61792 0.114466 0.000848413 0.0420112 1.05407 0.166234 4.41065 35.2217 0.96251 6.72229 
2.35313e-05 0.357281 5.68165e-05 1.12563e-05 0.670076 2567.79 0.0679941 5.88933 0.111028 0.964783 7.10953 57.0914 3.46946e-05 0.0839742 3.96916 21.9792 0.80593 2.83263 
1.41772e-05 1.13634 0.0183752 4.12618e-05 0.00036594 0.424965 0.000606787 0.00546807 0.049084 497.748 1.29717 211.033 0.00263051 0.146929 3.04262 43.0775 1.59661 8.55364 
0.00422095 0.0170642 2.81795e-05 0.43188 0.435586 11.566 0.00133717 0.383572 0.00850028 5.14567 8.50606 2.15004 0.0777457 0.124722 2.72438 35.7713 0.900212 7.67311 
0.0700443 0.004711 1.09961e-05 0.318972 0.000427457 0.265373 0.000454425 1.11238e-05 0.0213414 174.232 3.8598 28.4533 0.420115 0.146443 1.13652 30.7098 1.49786 8.4528 
0.0022195 2.64791 1.06374e-05 0.000247443 8.2866e-05 165.689 0.124393 0.000220463 0.00323516 38.8705 3.7027 0.912674 2.58763 0.0119772 4.4299 42.1151 1.06011 8.45878 
1.76856 4.09307e-05 8.89436e-05 1.08102e-05 0.000291972 0.736048 9.54554e-05 0.622889 0.0174252 0.0849179 6.6067 420.319 0.000774499 0.143784 3.97539 6.90801 7.21095 5.4382 
3.10712 1.54433e-05 0.00676358 5.98394 1.56466 51.592 2.28519e-05 0.0413701 0.0297872 0.0407933 0.0261394 0.634159 1.42537 0.0048054 1.18902 47.3545 1.34579 5.41749 
0.432827 0.104412 0.0115983 0.0661486 3.98063 12.8202 0.0298495 0.0846844 0.0214083 9.18092 2.15521 0.0112345 0.00195836 0.21733 1.2959 47.2573 2.99361 4.80884 
0.00199049 0.000382222 0.000169261 1.81711 9.51709e-05 0.0183642 0.0379474 0.835918 0.00613585 2.9832 2.83578 188.663 0.00884423 0.000732854 2.28277 4.15163 2.38428 8.0518 
0.845829 0.00230063 0.00122658 1.19524e-05 2.57884e-05 143.386 0.00476305 0.256433 0.173579 115.271 0.0713036 11.2968 0.00135971 3.77745e-05 0.687937 39.1694 1.03711 9.60504 
2.36695 9.8342e-05 0.272124 7.7377e-05 0.0753256 261.294 5.57769 0.000193139 0.00732128 167.633 0.861885 0.0683471 2.5899 0.338141 3.71229 46.8455 3.0715 6.92334 
0.00239282 0.000888533 0.910628 0.0111048 0.000254998 1.41295 0.0281749 0.00631851 0.0658955 0.339464 0.143426 139.527 0.827887 0.00159966 8.95071 15.4219 0.6924 3.57724 
0.3448 0.00280181 0.0814191 2.38707 5.18889 34.634 0.0555901 0.000138698 3.74428e-05 0.0180574 0.00029648 0.250131 0.0137949 0.140821 2.537 41.9863 0.823874 7.90523 
0.0104017 0.000733047 0.000680406 0.0318318 7.76773e-05 1611.04 3.52669e-05 0.00882466 0.000394412 460.747 8.33477 45.1311 1.9597 1.68252e-05 1.21303 44.8816 1.40261 6.6761 
0.185201 0.000259326 0.0002907 0.00203059 1.09146e-05 453.807 5.50222 4.38928 0.633134 0.311333 2.75455 179.504 0.154861 0.0326152 5.03712 24.5548 4.12579 2.17585 
1.68968e-05 3.45919 5.95411 0.000356596 0.00194298 0.109984 5.32145e-05 1.90716 0.202446 0.0324048 0.257987 355.167 0.019187 0.00157445 1.53794 19.8754 1.17545 7.21002 
6.34049 0.00149645 2.16102e-05 1.55184 0.212316 202.523 0.00114179 0.993671 0.17004 4.70432 0.37859 0.756858 6.55473 0.000326102 1.07128 49.2264 4.07834 2.62109 
0.00400156 0.000307181 0.00190296 0.355147 3.14561 0.0428792 0.000343729 0.000547318 2.14976e-05 0.989485 0.198118 29.2529 6.10579 2.451e-05 7.28682 36.6968 2.44032 9.37313 
0.0103642 2.59017 1.35565e-05 8.39057e-05 0.286259 12.4077 1.52905 1.34217 0.127542 0.244018 0.543773 79.1044 0.00422253 0.000862871 1.43048 28.9434 0.610419 4.01888 
0.000530967 0.00244491 0.000310737 0.00116572 9.52967e-05 6.51731 0.000920751 6.83514e-05 0.000132316 1.23243 0.000621018 5.18267 5.62938 0.0290941 0.802751 43.1985 1.60235 7.50649 
0.000192503 4.52624e-05 0.0109286 0.00546031 1.44398 66.4577 0.0350516 0.150541 0.0115689 0.497778 0.10224 0.075711 3.63917 7.23898e-05 1.73158 20.1477 2.72071 7.74276 
0.0248634 2.8216 0.198006 6.51891e-05 0.000173462 0.143178 3.25569 0.690827 0.000262211 5.79499 2.79537e-05 0.142848 1.49811 0.246505 1.40465 48.4966 3.75932 5.28699 
1.02914e-05 0.00865697 3.51114 7.41043e-05 0.000141081 12.2749 0.562408 0.974406 0.0714198 0.0592804 0.0280036 261.084 0.0230261 3.44953e-05 2.89131 30.0574 4.37513 2.76504 
0.0632234 0.566161 4.35274 0.0860974 0.461849 212.39 0.000310159 0.000152406 0.318041 6.11636 0.935517 0.0169888 0.568663 0.0664731 0.402078 47.2457 2.50346 8.44626 
0.0011803 0.00816451 2.46286 0.0152163 0.0311628 302.106 0.0126757 0.137127 0.00118128 0.0102815 1.92074 181.768 0.0233216 0.0658933 2.33468 17.9666 3.01554 5.90781 
1.29968e-05 5.18313e-05 0.000469702 7.95718e-05 0.439089 0.0324152 0.000643165 0.384518 0.51968 6.17146 1.59665 290.307 0.0100608 0.0178651 4.98022 9.28196 2.18866 4.50916 
0.0109193 0.00293451 0.00227235 0.00368169 0.0388377 0.540044 0.000111522 0.379442 0.15104 0.0728501 0.0236517 120.048 0.0383676 0.352487 4.22024 5.62282 1.82439 9.85991 
0.0495303 5.00409 0.728369 8.70335 0.232053 19.2537 0.00375077 0.241413 0.00841607 66.5378 0.599663 131.669 0.107877 0.158029 1.23535 40.4579 6.56022 3.73577 
0.00018954 1.00813e-05 0.0296626 1.83436 0.000759415 0.0561713 0.11007 5.77043 0.221567 302.548 4.85167 2.61822 1.5305 0.0212359 0.87558 47.5227 0.793602 7.20664 
0.016484 0.100591 0.000172537 0.00166556 0.0588818 20.4175 7.57944e-05 5.36639 0.0141844 0.14749 0.121377 339.47 0.00027656 4.22382e-05 0.360204 13.0859 2.94643 5.49326 
2.77205e-05 0.269843 0.0051478 0.00104273 0.207483 21.165 0.000326252 0.00531509 0.0730394 2.22072 0.0723968 221.449 0.0033312 0.528056 2.47387 38.9674 4.87151 1.10488 
0.0129054 3.20526 0.0693989 7.65764e-05 0.00183348 2218.99 0.00827639 3.81933 0.000924621 0.0171493 1.83258 220.283 0.00144307 0.180301 1.92292 37.7073 1.48013 1.46359 
0.00118744 0.004926 0.0248781 1.92972e-05 0.074231 104.846 1.21859 1.32057 0.235698 0.784231 0.0028476 306.13 0.00145111 0.00336698 3.55366 39.093 7.8705 3.71414 
0.000265958 0.00545948 0.00285133 0.0601516 0.0583758 0.0530294 0.000426198 1.10467 0.0220271 3.99008 0.00105927 0.160211 0.00032825 0.329267 5.273 48.0913 2.08151 9.60894 
5.05857 0.953329 0.0144694 1.73278 0.256633 1.69169 3.32682e-05 1.64313 0.224681 0.0195325 0.00303871 110.667 0.00141404 0.0182115 0.569377 4.02883 1.94202 9.11437 
0.00259244 0.016661 1.42128e-05 0.00849586 0.0529924 1.18768 0.000637752 2.24674 0.00825141 98.8856 4.68765 10.3113 6.20523 2.51474e-05 5.89596 47.8106 1.38881 8.74487 
0.00139049 0.927502 0.486368 7.18512e-05 8.21143e-05 592.88 2.52721e-05 0.0255154 0.183969 0.0955117 0.132165 0.0693482 0.405119 0.000183442 0.719669 41.8245 1.74871 8.99156 
0.010503 0.253231 0.00543804 0.0166048 0.487712 0.0474251 0.236733 0.253603 0.0963996 4.63375 0.00875011 234.974 1.97161 0.00653964 1.00627 5.25595 1.33797 4.35885 
1.29203 0.132301 3.81741 0.57273 0.0279183 0.030912 0.0295792 0.0134139 0.0922663 2.55078 8.38648 194.462 3.09712 0.0797722 5.51482 4.88446 3.76433 3.85151 
0.000255855 2.19601 0.00162294 0.175666 7.63123e-05 2931.54 1.84951 0.12648 0.203973 0.274333 1.28863 31.8155 0.117546 0.0183038 9.26428 17.4943 2.16335 4.95196 
5.19366 7.58025e-05 0.085406 7.77782e-05 0.129978 113.71 2.95919 0.0207941 0.000173233 115.833 3.78747e-05 0.125489 0.197776 0.0784257 1.53177 46.3494 1.3382 6.98623 
1.77679e-05 0.672733 7.3547e-05 7.44969 8.70867 0.683559 0.144234 5.04273 0.482738 79.0343 4.6585 136.363 0.0122444 0.0222533 0.480905 29.269 1.77213 2.76523 
3.32424 0.0128085 0.41667 0.0107832 5.66537e-05 0.209139 0.433898 0.885635 0.0301706 0.963585 0.0548787 394.147 5.56611 1.56123e-05 2.47078 32.2237 1.02225 1.46211 
0.000444172 0.251039 0.00105289 0.000914809 0.500543 2278.52 4.49366e-05 2.46793 0.023797 0.0978686 0.0146573 262.599 6.72427e-05 0.108677 6.45182 43.8468 3.19394 0.871229 
0.00304191 0.274714 2.48266 7.51924e-05 0.32739 1.59673 5.8119e-05 0.0571278 0.552178 83.7061 1.19206 102.925 4.94092 0.000494949 0.913153 36.6118 3.54486 0.707209 
0.00185122 0.191271 0.00193926 3.75737e-05 0.00533409 2309.56 0.000397988 4.44196 0.0468466 1.84218 1.72671 69.04 0.108586 0.0137927 1.47057 26.239 2.03008 5.20641 
1.15093e-05 1.89261e-05 2.20179e-05 4.67295e-05 0.681733 141.614 0.0079005 0.0246571 0.0597322 1.36531 0.248088 227.4 0.0089019 0.0795669 3.63327 8.24775 1.45352 2.43728 
0.000137928 2.42061e-05 0.296146 0.000661737 0.00085181 1538.11 0.0291983 0.301794 0.000598491 37.1603 0.146719 21.2265 0.00324683 0.104148 1.48479 37.4742 0.845787 6.1904 
2.83687e-05 3.42366 0.00918144 0.0709953 2.09722 49.5522 0.00896812 0.00306752 0.0989031 0.38251 1.29854e-05 0.228237 2.08284e-05 0.236353 4.45434 37.6145 1.59937 7.99825 
1.30079 0.00743554 0.00683313 0.00247438 0.0503239 0.82552 0.689317 0.0962229 0.222929 0.507475 0.00907169 58.8335 0.012697 0.0447886 7.1147 21.8361 0.996072 3.63132 
1.40458e-05 0.0829052 1.19045e-05 0.00171571 0.00533866 1031.29 1.87801e-05 3.55496 0.0156696 7.7158 1.08654 427.079 0.000108633 0.00724455 5.87484 47.732 1.25488 0.671069 
0.00728189 0.033238 0.0677818 0.270468 5.49413e-05 1281.44 0.174366 1.34556 0.572528 381.61 1.84494 346.845 0.00330825 0.0656345 6.04418 16.3971 3.12237 4.2498 
0.0797388 2.07269 3.42567e-05 0.239629 1.43597e-05 0.040263 0.0740533 1.25489 0.0327552 33.3177 0.390536 255.78 6.35053 0.0158592 0.741874 14.6369 4.40259 6.72108 
0.0162522 0.330788 0.00179928 0.000908443 0.278756 46.5338 1.28514e-05 0.0363994 0.487608 3.49112 0.192686 276.98 0.00186106 0.0485621 9.46954 10.5678 3.76354 3.62035 
0.00313606 0.0678538 0.000876456 0.000458013 3.19012e-05 0.408324 2.23094 0.170426 0.00534838 0.023693 7.40848 50.7221 0.605035 0.000462762 6.91108 45.1057 6.84444 7.57049 
0.00691868 0.00369827 0.000970139 4.58018 1.70987 0.385943 0.151748 2.57757 0.962208 59.6174 0.0196376 14.8313 0.00110384 0.196767 1.5897 38.2702 1.94366 5.98005 
0.000119074 0.00172851 0.347953 0.000649123 0.00287379 0.146832 4.58522e-05 0.736232 0.0198525 0.328281 0.0342341 113.496 0.0500102 2.73392e-05 7.53474 34.2205 2.02523 1.84768 
4.99766 0.00397286 1.09954e-05 1.91245 3.20114e-05 0.86352 0.00724319 0.324555 0.298703 0.0509001 0.00873901 11.7097 0.00215414 5.29083e-05 0.653011 44.3528 0.687469 8.42392 
0.012297 7.81937 8.28409e-05 0.000443048 0.0006193 4.55495 0.000155124 6.64243e-05 0.000147808 2.0013 4.73787e-05 0.741483 1.79877e-05 0.108335 0.478284 48.5645 2.84241 8.53862 
0.0190013 0.0269661 3.13165 0.495646 0.614025 65.5544 2.01594 0.296571 0.118893 13.0288 0.891786 54.5832 0.117353 0.00397051 1.88603 37.0806 3.5792 9.29115 
0.0109183 0.00340788 4.97128 2.24445e-05 0.00039543 0.0556848 0.00537022 0.00987149 0.0043869 0.0419007 0.0749207 269.793 0.000789897 0.63085 5.15463 33.8765 5.35904 4.35273 
0.0223278 0.010543 0.439045 0.946319 2.65012e-05 0.089445 0.0372789 0.904143 0.00739632 0.0228712 0.234935 94.9395 0.000701992 0.438554 1.97846 34.8351 2.62035 3.11097 
1.89622 0.429212 0.00033652 0.000731327 0.0971878 2563.56 6.23539e-05 0.131135 0.0281653 1.21102 0.101862 150.778 0.0286089 0.0178917 3.57956 12.3448 1.04349 2.16857 
0.828551 7.0781e-05 0.318765 0.00490414 0.00161366 2585.9 2.31534 7.29429 2.84833e-05 13.9172 0.00434426 13.4259 0.000708448 0.0357352 0.392702 41.0326 1.12879 7.78333 
0.000969506 9.71049e-05 0.000405312 5.17566e-05 0.0140087 0.0454331 1.20383 7.97406 0.148268 2.07652 0.607759 281.277 0.0276644 1.34608e-05 0.364077 29.8851 2.31216 5.70653 
0.000127457 0.000547812 2.30267 0.00496804 0.000287154 0.0521068 0.000118687 0.138097 0.237382 2.58459 0.0180797 50.0993 0.0196086 0.00457731 2.03188 25.2918 0.852401 1.70947 
0.00153999 0.0010651 0.480077 0.0134948 0.00305179 53.7766 2.52312 0.100541 0.012834 0.0835892 9.50352 6.42935 0.00938216 0.114166 1.97556 46.3156 1.49021 9.29436 
9.74109 8.06585e-05 0.000379312 0.0063742 0.000101061 50.122 0.322873 0.163762 0.00241219 0.0124609 0.3809 130.553 1.05369e-05 9.94353e-05 0.951577 40.1882 7.86203 6.26743 
0.000793726 0.000553125 0.000900358 0.683333 1.11291e-05 0.0377189 0.183809 9.93064 0.072667 0.157322 0.32107 93.9148 0.887128 2.68762e-05 7.03942 36.9873 1.22776 3.95148 
0.0151404 0.94007 0.0161388 2.70172e-05 0.0218489 70.9999 9.75409e-05 0.254826 0.0262573 0.0114423 5.07958 0.0771211 0.0199762 0.370627 1.30123 34.3463 1.82653 9.14543 
7.65615e-05 0.172331 0.000419937 0.000177018 0.000401924 133.74 3.89013e-05 0.000512374 0.0481488 3.65991 0.00887349 51.4306 4.67126 0.000525802 0.269847 38.9066 0.958569 7.78049 
1.70741e-05 0.0903534 0.101506 0.0602293 0.00117085 133.432 3.82873e-05 4.68186 0.0141079 0.012898 2.3459 425.871 3.62548e-05 0.0051578 0.741421 7.15878 2.66265 2.67841 
0.00207006 3.34927e-05 0.000107061 0.000948635 8.93518e-05 5.41024 4.44223 3.00276 0.0356757 0.736267 9.46223 206.122 0.255046 0.0278595 1.1762 46.3774 4.98354 4.40638 
0.00411261 0.0002025 3.36463e-05 1.13303 1.32873e-05 0.111752 0.0133314 0.256347 0.872801 1.73119 0.0413955 30.9171 9.13678 1.08974e-05 0.643682 33.4575 1.6761 4.89417 
0.164729 0.000638854 3.48901e-05 0.00287571 0.116903 13.5345 0.157113 0.294818 0.00384468 1.06906 4.51706 144.243 0.000556364 0.000382816 5.59818 8.07887 0.986447 7.9665 
9.92317e-05 0.00627633 2.28584 0.00369698 9.17523e-05 18.8072 0.0118839 1.26233e-05 0.290382 0.692328 0.0325273 0.134047 0.062349 0.0607426 0.569156 47.4941 1.02026 9.7703 
0.277994 2.75745e-05 7.35123e-05 0.0042686 0.00398171 2.04652 0.228426 0.0700135 0.120139 5.2164 0.135146 0.222486 2.89079 0.00129027 0.692552 35.9496 1.65082 8.2179 
0.0069805 1.19468e-05 0.0803197 0.737008 0.0155645 266.801 4.19957 1.15465 0.00149973 143.262 0.216912 0.533909 0.00822207 0.0974286 0.877423 38.9121 1.44864 9.49106 
0.007624 0.586709 0.000152438 0.00318204 0.0733539 5.43976 2.87629e-05 0.856318 0.658924 2.75606 0.293999 163.175 0.0665627 0.114317 4.72714 9.27565 1.22775 2.45133 
2.5972e-05 0.852163 0.00218673 0.000417351 5.25728e-05 4.32498 0.0420231 0.114918 0.673559 1.85982 0.000859187 4.88126 7.85217 0.141441 5.31665 48.2494 1.23263 9.2679 
0.213011 0.626278 1.87631e-05 0.172312 0.022504 1.02621 0.000247394 1.17753 0.207208 0.0435954 0.00546478 85.7278 0.000370861 0.0029587 0.45614 29.7626 0.918693 9.18983 
0.000249984 0.000131304 1.76199e-05 4.76335e-05 2.14898 21.5165 9.08565e-05 0.0314938 0.0320555 0.412997 0.0246514 103.613 0.000861392 0.00287994 1.14448 7.11178 2.23402 9.30529 
1.36813e-05 1.21247 0.000545849 0.00279793 9.23462 47.4092 0.481382 2.80262 0.0739008 0.0697395 0.0100561 146.761 0.0380495 1.97418e-05 4.62991 12.088 2.36009 7.92391 
2.1306 0.00142686 0.830432 0.00396936 1.03681e-05 31.6835 0.00311956 0.366638 0.0107706 21.7382 0.00302257 40.9329 0.000863384 0.0340651 0.295407 45.7964 1.41607 9.16396 
0.164312 0.0103635 0.0158336 0.00113243 0.230138 28.0701 0.00013115 6.63833 0.19061 2.61596 0.548029 324.898 6.66448e-05 0.017837 3.00239 34.5632 0.698357 7.56546 
1.87864 0.0724019 0.0771102 0.00139747 2.03213 0.11417 0.00081538 0.561825 0.10968 314.661 5.11241 291.43 1.19341e-05 0.00618437 1.02681 8.47384 3.36973 8.05842 
0.00171496 0.0824085 0.00422681 1.39704e-05 0.0532136 0.171457 0.069003 3.27358 0.488112 2.9923 8.27567 477.386 0.000111206 0.0689272 6.42793 32.3642 5.83244 1.9092 
0.158047 5.17854 2.06282 0.010766 0.199163 1489.42 0.365331 0.961872 0.72624 0.180707 0.0224347 1.00229 0.027984 0.0890685 2.2837 40.8624 1.16813 3.62216 
0.000340136 0.204142 0.00246047 0.000158972 2.14859e-05 0.0413149 0.00716943 5.05496 0.430581 2.4953 0.0143883 82.7644 0.174278 0.000516643 1.50417 15.6143 0.882762 7.6984 
0.129132 0.922315 0.000363931 0.006555 0.403346 229.917 0.00154374 0.487508 0.00497064 0.0174448 0.448493 172.391 0.000226315 0.27672 4.48278 19.2817 1.28307 4.68856 
6.17347e-05 0.24495 0.000194534 0.0481226 1.91009 21.1589 0.061588 1.09203 0.00773441 0.010835 0.907879 142.664 0.00134294 0.565104 4.8576 24.9772 1.37522 5.03863 
0.000142545 2.21014 6.16123e-05 2.71884 1.02722 198.781 2.23829 1.03153 0.0440688 0.14198 0.0689633 144.385 0.000189428 0.00138466 8.18926 46.2922 1.28535 8.14204 
0.000137582 8.19918 0.0315551 0.0621077 2.07808e-05 1.37053 0.00256721 5.04571 0.281909 0.061058 0.394602 416.888 0.000280965 1.21301e-05 2.12653 7.14447 3.57244 5.81273 
0.0216351 0.000230653 0.269107 0.00120763 0.00566094 2259.32 0.0533829 0.0533009 0.361119 0.0111813 0.0146258 116.859 5.96555e-05 8.2197e-05 3.06227 6.26704 3.51724 6.56183 
0.00289486 0.00101577 0.00743744 0.000315124 1.07497 259.712 8.37408 4.59411 0.349287 117.936 0.999694 473.5 0.00660064 0.00290037 1.54636 14.8242 5.03896 2.8417 
0.000120026 0.234167 0.00140388 8.93716 0.0117815 0.0150887 3.23275e-05 0.0148587 1.99254e-05 0.984662 0.000205211 9.35986 0.0110032 0.0553419 1.24497 33.2492 1.01407 7.0706 
2.60158e-05 0.254214 2.61065 0.000409233 1.975e-05 2.73119 0.0212549 0.770456 0.265332 416.038 0.202537 97.6036 0.00295553 0.0709596 1.67433 45.1916 0.908285 6.70689 
0.0991645 0.0035591 0.000791462 0.000255771 0.128893 0.139426 0.000145544 0.283937 0.0375541 0.154677 2.62269 163.61 0.40686 0.0533557 5.76558 19.2173 1.9964 2.75276 
0.00143215 0.425494 0.000864523 0.00022941 5.55276 371.353 0.0293819 0.302506 0.157904 0.386655 1.50719 77.3639 3.82948e-05 0.0225239 1.39529 18.42 3.59302 6.37526 
7.05166 0.000151862 0.504007 0.00157555 0.0693634 35.6862 1.30864 2.3547 0.420842 0.705838 1.16652 104.262 4.54853e-05 0.000233933 2.61002 22.4785 0.762676 7.4452 
0.304738 0.000366139 0.376876 0.000279482 0.0791538 134.108 0.234382 0.0185894 0.00725165 45.2142 0.00968703 0.242038 0.018917 0.0846246 0.927567 39.6621 0.982408 8.6931 
3.7406 3.97496e-05 0.125327 0.058285 0.000160275 631.633 0.0169653 0.90519 0.185488 0.193949 0.464358 130.994 0.0272021 0.00013406 1.43453 9.13482 1.50167 6.49898 
0.0965689 0.245721 0.0171513 0.0234964 0.0113052 61.2572 0.000817815 0.485834 0.247418 30.8635 9.4016 21.239 0.0284248 0.0195925 2.19187 22.834 3.60192 7.862 
0.00108135 0.000270176 1.77658e-05 0.000115811 2.73742e-05 292.195 0.509658 0.146032 0.035009 1.63384 2.56427 284.333 1.76139e-05 0.247503 1.27636 3.0051 3.38326 5.71038 
0.0344125 0.639821 0.414267 6.26001e-05 0.000720297 128.349 0.0135548 0.111331 0.266447 0.225132 0.00833665 99.6523 3.85015e-05 0.038797 3.99433 20.9559 4.18968 9.7589 
1.92536 5.70867 0.0012326 1.83471e-05 0.200321 2.91867 0.0242093 3.1846e-05 0.000138372 3.58517 0.00135467 1.53686 0.156381 0.154161 2.66886 42.1568 1.81541 9.06799 
0.0011349 5.00134e-05 0.0126578 4.40158e-05 0.105364 2.22272 1.44688 0.166515 0.0718515 0.304903 0.00420221 130.196 0.082918 1.827e-05 1.55115 16.3272 9.04514 6.66812 
0.0888044 3.1473e-05 0.00492088 0.00317611 0.00410716 0.321902 0.521986 2.9549 0.790953 36.4841 0.230873 47.5941 0.000651453 0.00213381 1.40625 17.737 1.69549 4.27779 
0.00160042 0.482059 0.0104734 2.64414 0.657834 9.7696 0.00205716 1.05731 0.0892891 0.0155021 0.682554 4.6472 0.000549645 0.00036093 1.22124 33.707 0.76221 8.62651 
0.00211279 0.125366 0.00417478 9.0134e-05 1.17077e-05 0.0925709 0.387097 0.314847 0.0884104 0.140765 0.175442 280.612 0.354055 0.000777638 0.891594 8.42618 7.77992 3.86478 
0.000849155 0.0020826 0.00494582 0.046364 1.41433 0.126058 0.246533 0.00113728 1.44041e-05 1.41166 0.00917413 0.249471 3.57901 0.00012624 1.90898 47.5366 1.22915 3.48785 
4.00415e-05 0.00151875 4.1199e-05 0.0202838 0.0435785 0.621939 1.5879e-05 0.934867 0.557904 0.200731 0.0929615 396.35 0.000397978 0.00114409 4.69119 9.32742 8.60889 6.7707 
0.0190524 0.0148666 0.461887 9.14176 7.49556e-05 807.845 0.000559783 0.0386519 0.886141 73.5746 0.232891 68.8282 0.0588797 0.191127 3.04467 12.043 2.65313 8.1034 
0.000578686 3.30916 0.112919 0.000104102 1.32595e-05 342.236 0.000108252 2.86307 0.138973 0.0103844 0.192802 261.398 0.00310703 0.00179266 2.94843 17.0014 1.92538 1.85667 
0.0726868 5.02581e-05 2.50193 0.00760595 0.00718213 150.785 6.49981e-05 0.595695 0.379772 0.24752 0.0549488 399.475 0.36941 0.000111027 0.624387 41.0193 1.60254 5.92194 
1.33199 8.65375 0.564147 0.71946 0.00202353 1.9019 0.000144577 0.277372 0.151687 0.011138 0.0132687 86.0526 0.000213931 0.000856247 7.92618 31.1432 1.98977 7.61474 
0.0243168 0.333889 9.44389 3.03763e-05 0.00275993 1425.07 0.0197025 0.537342 0.620138 1.51366 0.00524504 200.854 0.00743006 0.0276037 1.74727 37.7586 1.13296 1.20795 
0.0126132 4.57158 6.93045 2.17766 0.0119682 1301.67 0.00196077 0.158032 0.0675009 0.491 1.49496 72.1102 0.000106291 0.160875 3.17362 9.64321 2.47146 9.50638 
0.000914475 0.00274404 0.000334315 0.075085 0.304898 5.70568 0.000119836 0.0919752 0.153705 0.0936821 0.0121157 37.8081 0.0748318 1.27496e-05 2.88577 46.4716 3.75167 6.1207 
9.74226 0.429145 4.04856 0.00657723 2.08287 1.84413 0.00333 0.760578 0.0678215 0.0125522 0.278171 205.598 0.0002052 0.000475712 0.973698 22.2825 3.66967 2.58764 
0.0071556 0.00112761 0.000835566 1.82861e-05 0.0118774 2.41052 0.100122 0.638603 0.0438627 2.03685 7.55706 251.077 5.34577e-05 4.30307e-05 4.6846 7.749 3.21688 1.96981 
0.587665 0.191093 2.16939 7.10671e-05 4.85111 337.683 0.00140718 0.264712 0.290572 0.0207475 0.0141107 106.387 0.00492033 0.305798 5.25769 13.0563 2.00107 3.46714 
1.4812e-05 0.000221065 0.0054991 1.67532 0.85378 0.0298584 0.000721009 0.455662 0.120544 0.0638603 0.166503 93.7616 0.541367 0.00937971 1.90494 15.3087 5.06874 8.68538 
0.0522605 0.10759 0.0204992 0.01426 0.0137326 7.7573 0.0220657 5.62908 0.277026 0.072697 0.290986 441.485 1.34929e-05 0.000214598 2.30012 5.86573 1.31848 5.97287 
0.000183332 2.28361e-05 0.000232289 0.000515995 0.000127596 0.0414717 0.00727497 6.38688 0.0759558 0.282249 1.65458 71.1727 6.95255e-05 0.00164344 6.10984 39.8152 0.797465 7.63893 
0.581337 0.000107826 0.132568 1.96193 0.273691 43.4081 0.000415288 0.83589 0.231643 15.1681 0.115608 51.6808 0.0591198 5.37796e-05 0.575544 34.3534 1.1082 1.83027 
0.0656975 0.0628734 0.00108335 0.099119 7.36755e-05 0.921634 0.00636084 0.0561612 0.0419278 0.0500198 0.61879 47.7289 0.00209339 7.20834e-05 1.14556 32.9859 3.92018 4.03015 
0.000313145 0.000130323 0.0375745 3.82761 0.0671889 542.217 9.24319 0.82999 0.036395 0.116588 4.09827 306.471 0.171693 0.0936729 1.76 8.13967 2.47055 3.92823 
2.23988e-05 0.00109154 1.71132e-05 1.19791e-05 0.440835 2922.6 4.30398 1.13284 0.753194 0.127072 0.00338494 310.775 0.000814166 0.000862814 1.32106 24.5647 4.64545 2.6646 
0.000129967 0.00167954 1.40434e-05 3.83375e-05 0.00241789 56.8345 5.63561e-05 2.83366 0.674723 4.47751 0.107775 263.009 7.9557e-05 5.839e-05 0.987619 35.556 0.991545 7.4005 
0.27397 0.00186678 0.000149854 1.14355 3.83432 0.0434924 0.00363766 2.19747 0.983103 0.946114 0.0123997 270.559 0.000918056 7.47362e-05 4.17896 9.65097 2.64507 3.15576 
0.00393451 0.018415 0.00333189 0.218172 3.74445e-05 5.68081 0.00922042 0.74626 0.0387906 0.0888435 3.78304 193.716 0.000101064 0.052712 2.05198 10.4854 1.82238 8.39262 
0.000950269 0.000112415 0.0112281 0.0220527 6.95954e-05 40.2634 0.00201968 0.224121 0.520152 0.325954 0.00568914 156.927 0.0327969 0.00667917 5.90846 8.64438 0.827193 2.59515 
0.0245525 0.000362479 9.26342e-05 0.0150412 0.00015635 0.131124 0.000175129 0.534623 0.473744 8.12695 0.43586 242.657 0.0677492 4.41645e-05 4.49774 4.52261 0.783398 2.02561 
0.0125782 0.00168611 3.00455 0.0315876 1.53374e-05 0.0437734 0.00179136 5.66909 0.259145 1.27471 0.0250422 177.136 0.513128 0.00302081 1.66494 30.2601 1.70993 0.880015 
0.00707661 0.0008276 0.00762666 1.09717e-05 1.16719 201.031 7.97524 4.17267 0.512867 8.67198 0.240052 16.5828 0.00203766 0.0105813 0.940566 49.6348 0.914649 7.95208 
2.36079 0.430949 0.042362 0.01131 2.89164e-05 0.0667461 1.91428 7.66918 0.0758901 0.237281 5.32352 64.8186 0.0197892 0.00761657 3.76798 41.5296 2.50822 1.63015 
6.79173 0.000610541 0.000285724 1.99189 0.0296834 1727.19 0.0114559 0.447683 0.0469865 0.0394997 0.27538 136.354 3.92154e-05 0.0646037 1.57958 8.91756 3.52057 8.46475 
2.67403 1.2367e-05 6.81117 0.935355 3.14635e-05 9.44439 0.612303 0.00704865 0.0669187 0.684042 0.0574482 75.8876 0.000711534 0.000273126 1.25711 10.0022 1.23788 4.03494 
0.126246 2.8227e-05 0.000636687 0.0156209 1.40617 781.199 0.871602 0.145917 0.285482 6.52824 0.0331056 322.363 0.012444 3.9163e-05 0.691024 16.4911 5.76794 1.72235 
1.98591 1.52784e-05 0.0128723 0.837014 0.425614 0.517856 0.000512654 0.351647 0.264443 52.6044 0.817605 156.818 0.000777722 0.0262471 1.1765 14.7874 6.50714 5.49498 
0.000170491 0.0571 8.32679e-05 0.000354299 0.0248174 1.37981 0.012577 0.214112 0.00993515 0.0233158 9.52312 122.006 0.00550394 0.0240812 1.09713 11.6839 2.47939 4.51274 
0.000220672 0.659134 0.260621 0.0505276 0.245572 0.0867931 0.00354879 0.0972246 0.851051 109.588 0.243034 54.5222 0.147792 5.62169e-05 0.888539 15.6762 5.21381 8.96791 
0.0125927 7.54916 0.00137217 0.000104562 6.56718e-05 141.864 0.00263458 1.59537 0.0433984 87.3809 2.32527 92.7319 0.0139982 1.2623e-05 1.0508 13.2624 3.66183 9.33259 
