0.0327366 0.00181093 0.00240883 8.90424 0.000895621 46.227 0.0404873 0.0790672 0.439954 75.2271 0.296902 347.369 0.0775952 0.0005894 1.3669 10.6741 2.43037 0.697269 
0.139214 3.18321 8.87077 2.39429e-05 0.46221 80.5326 0.109022 1.00038 0.459029 0.0577104 0.00746285 120.377 0.0328408 9.55994e-05 1.36283 49.341 1.74761 0.701037 
1.32165 3.0423e-05 0.000648633 2.99042e-05 0.00059991 2.32954 0.0664813 1.79433 0.0283343 1.06836 0.835276 198.1 0.000544539 0.00163216 0.999891 7.3475 2.31346 2.48213 
0.00217184 0.081189 0.000221888 0.0113486 1.12777e-05 1.03108 0.0083428 1.10252 0.0475284 1.50715 3.12144 62.9448 0.00308869 1.7259e-05 0.91403 36.0503 2.06565 9.0116 
7.48031e-05 0.0511948 0.000408954 0.664259 2.52103e-05 285.365 0.0164585 1.79372 0.469359 0.724914 0.0943128 27.0499 0.00924968 7.71969e-05 1.14728 29.5943 1.8981 6.49597 
3.39821e-05 1.50207 0.788846 0.0184693 0.00487646 2.00568 0.000205611 0.294788 0.523759 9.30171 0.252186 21.08 5.43742e-05 0.00423068 1.02715 36.278 1.57471 4.54466 
0.0595339 1.34971 0.118505 0.36172 0.00511213 1965.74 0.0336705 6.16863 0.263044 1.73217 1.54569 186.259 0.00216986 3.73592e-05 5.55534 37.936 1.3014 1.04556 
2.28128 0.000952285 0.130886 0.0153127 0.244432 1200.1 0.204237 0.414166 0.0159017 0.495274 2.16424 218.337 0.129063 0.0153586 2.26886 28.0045 1.48699 0.600533 
4.20408 0.00549685 0.00448854 0.000851881 0.14567 3.12947 3.96253e-05 0.301126 0.33237 2.78857 0.0523327 264.641 8.08466e-05 0.104772 2.21356 36.8018 2.31392 0.379347 
0.0483579 2.20035e-05 0.00691461 0.0075189 0.000531008 2189.92 9.93931e-05 0.105953 0.00768679 0.0639461 0.343441 74.3686 0.00168326 0.0180343 1.06829 25.248 3.55123 2.05868 
0.0597275 0.932377 5.50807e-05 0.00101532 0.00761683 1.26686 1.55205 0.244218 0.211685 0.0398857 0.00159433 369.921 0.0184938 2.12708e-05 1.12723 2.85063 3.05975 3.39474 
0.00903792 0.00386441 0.000416581 2.29167 0.257298 0.595765 3.017e-05 1.89342 0.0509207 11.5711 6.74815 380.425 1.59053e-05 0.00304379 3.84327 3.4424 1.06025 3.6766 
0.213249 0.000374397 0.000208207 0.00130111 8.02228e-05 0.0931402 0.0351519 0.21814 0.0646994 17.3442 2.9508 356.108 1.50321e-05 0.0121657 1.24247 5.03388 1.94108 1.87321 
0.0358131 8.29741 0.0789447 2.68247e-05 1.6106e-05 1490.93 0.000312274 0.247282 0.0196159 0.262885 0.188781 35.4804 0.00559274 0.000832228 4.13506 27.2077 1.03821 7.19041 
0.0243477 0.000125851 0.07873 0.000291258 0.0373265 6.81154 0.00135624 1.22169 0.565224 23.2936 0.287975 76.855 4.20382 0.000107958 9.0864 22.1953 1.0844 6.63983 
0.720398 5.94466 0.149692 0.0144832 7.77735 0.0404585 0.0264974 0.944575 0.00622476 0.0362094 1.33659 432.948 0.000304741 0.022258 8.24418 9.1769 1.32963 2.107 
0.000547536 0.000106656 0.00134311 7.0013 0.127428 0.0670164 3.06035e-05 3.56073 0.0895093 3.04138 1.07679 109.406 0.000891912 4.48216e-05 3.19356 10.5605 1.04246 7.37086 
0.00171575 0.00699535 1.98925e-05 2.57634 0.0044041 1.46608 0.0166775 0.928526 0.100875 29.9954 2.54965 36.057 0.00316537 2.84607e-05 3.65923 27.768 1.10301 7.4312 
1.46432e-05 0.891019 0.000134225 0.138037 0.125079 2666.83 0.00663735 0.636653 0.16604 104.606 4.91247 130.242 0.018947 0.014012 1.21964 26.0781 3.51878 1.70893 
0.223175 0.000149688 0.10766 4.07424e-05 1.49088 0.011532 0.0388035 2.29608 0.0516663 0.0238932 0.0110658 42.6759 0.283135 0.000686495 0.995895 26.886 1.56998 5.65789 
0.00185094 3.55283 0.0945473 9.65075e-05 9.65182e-05 0.0285893 0.000246456 1.27945 0.189364 15.6843 1.91475 149.436 1.17621e-05 0.00348585 2.92765 9.33613 1.03565 2.05675 
6.68973e-05 0.0055116 0.000256449 0.00644932 0.682344 0.779756 6.30154e-05 1.85123 0.171684 55.4739 4.0231 47.0332 0.000600453 0.0095147 1.54613 20.2918 2.37352 7.7459 
0.000714758 9.33472e-05 0.263946 0.0409482 0.314411 1.17436 1.03981e-05 8.436 0.185343 5.17516 0.161952 60.4503 0.290603 0.00059649 1.07042 38.9224 1.12148 4.34942 
0.031973 0.987871 0.000599022 0.000190569 0.0726034 105.097 0.00311725 3.49556 0.513807 0.344429 0.00577671 258.88 0.0347342 1.76961e-05 2.32345 16.1598 1.47681 3.01936 
0.586964 0.0162159 0.696859 0.283683 0.0753039 7.25577 0.394191 0.679527 0.00563522 0.0238718 2.31748 234.112 0.000521788 0.000126228 6.36488 31.4905 1.07331 1.24527 
0.0851958 0.00183336 0.0986723 3.81091 0.020404 2339.39 0.00126309 0.450923 0.132713 0.999128 0.0178577 400.879 0.195612 3.26606e-05 2.29146 2.68801 1.23433 3.28293 
1.59089 0.0030252 0.0385822 1.19079e-05 0.00471875 1.80711 9.32966 3.45739 0.249005 0.58189 0.267387 338.773 0.000103298 1.0702e-05 2.27732 5.37633 1.23521 2.00942 
0.64013 0.00274952 0.000747933 1.87441e-05 0.0362717 0.197366 0.210901 1.12944 0.377826 93.6921 8.36409 237.365 0.30209 0.000122402 1.44081 11.8667 1.46395 4.04398 
1.83628 0.0444076 1.31308 0.148604 6.31324e-05 0.0991782 0.0610591 1.07297 0.206948 21.6323 0.326738 283.112 0.0451132 0.0141991 1.16732 10.5537 1.53113 2.00354 
1.73445e-05 0.238555 5.24538e-05 7.87845e-05 0.0288504 2.60406 0.0809141 3.5147 0.0799331 0.315793 0.800749 13.1523 8.93727e-05 0.000412139 2.19954 41.7873 1.46386 7.43455 
0.000169763 1.55105 0.978723 0.00059479 6.2422e-05 836.518 6.68446e-05 0.380225 0.0701395 30.4816 7.88222 52.7464 0.00169977 0.000991451 1.37144 16.023 1.35792 6.63366 
0.00194798 2.34058e-05 0.000151119 0.0965044 0.00167889 2504.06 0.0281615 0.532637 0.00924213 0.251001 3.59111 89.5251 0.000394572 0.000347282 1.01071 14.5985 1.55338 8.28232 
0.000236135 2.10905e-05 0.00211875 0.00103515 0.0391195 21.7206 0.0724367 0.138035 0.045217 0.917576 0.557471 41.8778 0.00095937 0.00272354 0.687846 29.4047 2.71603 3.63819 
2.67666 0.000528274 3.92788 5.1218e-05 0.00160151 1921.73 2.3273 0.0273545 0.37539 6.80631 0.13144 100.636 0.000138915 5.90098e-05 5.46957 34.1118 1.0347 1.2122 
0.3602 0.000751422 0.0028276 1.26327 0.0367458 0.043116 0.0424456 2.16811 0.00989721 0.134576 0.400742 35.9291 0.000233838 2.48618e-05 1.4759 36.8792 1.79713 5.09742 
3.13027e-05 0.0267043 0.000200125 0.000141768 0.000253188 50.8424 3.65399e-05 0.177208 0.0149043 6.81149 3.97038 79.7599 0.117726 0.00224394 7.36011 32.6352 1.37164 3.64988 
0.938982 0.0132737 0.0220241 0.00732967 6.72954e-05 1343.24 0.000965879 0.679076 0.373526 276.127 3.49303 497.88 0.00148084 4.45815e-05 2.58852 2.92413 1.80701 1.41025 
0.00145617 0.000219487 0.0180541 0.00103783 0.00150934 62.2616 0.0134769 0.126056 0.0645821 3.01234 1.96426 173.012 0.00461664 0.00139142 1.13467 10.5062 3.21386 2.14668 
1.39823e-05 7.87982e-05 1.28371e-05 4.50708 0.00725745 0.0120543 7.53559e-05 0.377705 0.132775 8.8411 1.52027 21.5167 0.000644474 0.000151939 1.16785 40.2248 2.15695 8.94257 
4.10377 3.59716e-05 4.11469e-05 0.00086146 3.17886e-05 115.356 0.000101846 0.26983 0.126605 0.892072 0.00695143 255.784 6.35729 4.77272e-05 3.62502 8.02128 1.17726 1.94744 
0.39768 0.00243772 0.000177861 0.878322 0.000391437 797.447 1.49428e-05 0.436431 0.0189186 0.42901 2.35097 71.8803 0.351419 0.00275788 4.83459 38.0968 1.79404 1.15004 
0.0060329 4.88797 1.34 2.85513 1.223e-05 8.49892 0.205813 0.906583 0.02596 1.74288 3.73742 62.3069 2.88752e-05 0.00954823 1.05645 47.7154 2.25968 1.18557 
2.53507e-05 0.000329537 0.413419 4.55481e-05 9.55565e-05 0.962532 2.25838 0.367979 0.183522 1.54868 0.580766 59.3029 0.00735627 0.000457577 2.3355 18.088 1.35801 1.71595 
2.86179e-05 0.000746261 0.0629275 0.00507238 0.00140264 2217.19 0.0281055 0.948452 0.017048 0.0505375 2.3747 212.653 0.000449088 0.000370867 1.52193 13.9472 1.73578 1.4315 
5.81272e-05 0.000567013 7.68001e-05 0.016635 5.45208 0.166377 0.105384 2.31775 0.233761 7.09709 0.214392 193.369 0.000727694 0.000581305 1.83478 24.4453 1.08733 4.44133 
0.000380184 1.39674e-05 1.62125e-05 0.0621716 2.20962 0.0981386 2.66839e-05 5.72428 0.679932 2.98076 0.105678 266.534 0.000134027 0.000182838 2.81078 5.02105 1.23506 7.78821 
2.04556e-05 0.00193343 7.56742 1.05272 2.33722e-05 1206.88 0.000121524 0.238766 0.0124239 0.149522 5.2762 152.536 0.00335256 0.00177362 1.69122 7.76319 1.93556 9.2284 
1.29165 0.00129945 7.53713e-05 0.000135469 5.90025e-05 3.58675 0.000406024 0.145617 0.137889 0.199166 0.0226359 50.661 9.8943e-05 6.2794e-05 1.08364 26.7657 2.93211 3.25134 
0.0051102 0.248786 2.28668 0.0164355 0.00132874 0.0502628 0.218728 5.82586 0.196114 0.319887 0.0224707 54.9616 6.26762e-05 7.40862e-05 1.3457 17.0033 1.06521 7.42276 
0.000107736 0.865379 0.29906 0.193145 0.065656 0.0181394 0.292238 2.07165 0.0347018 0.92015 0.64209 400.921 0.00135453 0.000653987 0.99459 3.50488 4.50675 8.78199 
2.35467 0.00194117 0.364904 0.00577687 0.00186317 13.1913 1.9712 0.0158414 0.00770516 0.0159411 0.86123 66.9881 0.000700982 0.000511727 1.65829 9.8598 1.28286 8.48371 
9.11831 0.00774971 4.4344e-05 1.21431 0.00166303 1.54818 0.0126326 1.86415 0.285561 55.4665 3.88933 226.77 2.9382e-05 0.000952076 1.59524 6.71193 1.69308 8.89567 
0.0420819 0.0108527 1.42334e-05 0.000136025 0.072412 16.0292 1.59166 4.47996 0.126699 3.57459 0.697291 377.21 1.99808e-05 0.0182838 4.76645 14.3176 0.896042 2.93625 
4.04353e-05 0.0570739 6.95875e-05 8.9677e-05 0.00116022 323.903 0.00402044 0.57341 0.0188343 5.0936 6.16591 29.4975 0.0374758 0.00162004 1.0256 22.7462 1.3167 7.18266 
0.000771924 0.000561621 0.00018648 1.02793 0.00089098 0.208371 0.000529567 0.588967 0.278397 2.12166 0.0057775 176.156 3.20074 0.00148453 1.15834 8.437 4.29884 7.18932 
0.00022456 0.048795 1.11139e-05 2.19201e-05 0.0173513 2.58487 0.510492 5.78617 0.387014 137.102 2.12835 322.604 0.00112256 2.67514e-05 1.48209 23.5279 1.67671 3.68765 
0.9065 5.5318 0.0105826 0.000295021 0.0743698 5.67029 1.85821 0.552328 0.0384141 0.0100284 0.00446596 29.3725 0.00906409 1.73461e-05 0.9346 18.0075 1.54895 5.71694 
0.000586985 0.620832 0.096388 0.00615305 0.000509271 5.14704 0.0414627 0.232283 0.0555136 54.8372 1.98535 100.899 0.00168681 2.43653e-05 1.24076 12.2571 3.35193 5.86335 
0.000386781 8.8647e-05 0.00230549 0.214098 4.77473e-05 0.0127074 0.00145638 1.44419 0.0312251 0.420388 6.6217 329.059 0.150915 0.0246178 9.60959 47.6271 1.40283 0.501954 
0.000504296 0.00236955 0.23093 4.67685e-05 0.000467757 0.0787963 0.151363 6.23272 0.860037 38.7899 0.882261 241.709 0.00131552 0.00254898 3.21618 32.0658 1.5635 1.14062 
0.00707173 0.000515663 0.000546821 7.80081e-05 0.0354113 1333.84 0.114615 7.69493 0.0166591 0.39001 0.965414 326.059 0.000624807 1.02397e-05 1.29223 29.3176 1.28683 1.70548 
0.0121376 0.320036 0.186786 0.00111589 0.00352626 1040.7 4.65443e-05 5.55504 0.009147 0.250367 2.85984 152.631 0.000149031 6.68008e-05 6.09406 33.7498 1.00465 2.42585 
1.70267 0.000712437 0.00264135 0.0873709 0.186211 64.1133 0.0114516 2.81753 0.101532 2.73565 0.440272 114.832 4.27321e-05 1.04666e-05 1.58305 47.9079 1.50901 4.08196 
0.000560352 0.0869974 2.21764e-05 0.341353 0.100913 1555.19 0.000490699 0.47629 0.842835 95.0317 0.682331 165.052 0.00192132 0.000187871 1.2129 5.53319 1.57705 5.72619 
0.860531 3.22955e-05 0.00105502 0.0795301 0.000278445 6.98832 0.0307508 5.03161 0.167064 6.73913 3.36971 483.023 2.25569e-05 7.17019e-05 2.90154 29.7736 1.33621 1.3016 
1.00557 0.621167 0.000191742 0.361364 1.13326e-05 610.713 8.62643e-05 0.799735 0.0353475 0.100026 0.0354869 118.339 0.0119136 5.28627e-05 1.83998 28.8001 1.1397 0.991464 
1.26149 0.00600587 8.92327e-05 0.00129436 0.000374073 6.32151 0.000570857 0.107478 0.0369032 0.534722 0.306378 114.683 0.000123325 0.000335937 1.67165 3.12062 1.19672 8.56781 
0.0178952 0.000883536 0.0204448 3.49955 0.000980397 94.5433 0.000466696 1.11808 0.020882 0.0100327 0.369641 124.764 0.00146924 0.0545082 1.54357 31.2259 1.66048 2.80111 
0.00435905 0.000449362 0.0146777 0.0187721 0.548719 0.0362578 0.0349267 3.48559 0.0943771 1.12403 0.26322 75.45 0.0508601 0.00247123 5.2296 34.1108 1.03928 1.51793 
3.81243e-05 1.16897e-05 0.0181249 0.00489142 0.0414169 0.0208752 0.000204284 1.36718 0.214446 247.615 8.51187 120.087 0.000108921 0.0356417 1.44773 46.4657 4.31836 1.09743 
0.000530585 0.00470562 0.000315646 0.672629 0.215033 8.7205 0.000390013 1.14434 0.125498 7.41992 0.0489487 18.3816 1.79446e-05 0.00175567 0.990954 34.226 1.38801 6.01567 
0.00557427 0.00551343 0.633856 5.9445 0.00186828 146.948 0.000402477 0.955509 0.0244838 49.8539 7.04275 12.5421 0.168032 0.000685397 1.42197 47.4026 1.4974 5.2727 
0.00019885 4.83272e-05 0.0185433 3.37985e-05 1.59668e-05 0.498526 0.0376521 0.445074 0.0102038 0.014391 3.61929 125.895 0.00293057 0.0154565 3.09984 6.19255 1.92893 4.15584 
0.0202153 6.34969e-05 0.120643 0.413425 0.82273 494.362 6.15706e-05 3.73075 0.0954169 1.74977 4.52673 326.274 0.012728 1.02962e-05 3.07872 16.9656 1.28024 1.98514 
1.52503e-05 0.000359993 0.0393823 0.00531734 1.55871e-05 1511.12 0.0296705 0.275034 0.00823252 0.728277 1.35044 323.795 0.00542391 0.000501513 3.25378 9.06278 0.975078 7.59532 
0.179318 7.11014 4.66631e-05 0.00018785 0.00175597 107.001 0.000401102 0.840856 0.0128583 0.369125 1.87947 215.685 0.000455058 2.01373e-05 3.45763 5.43324 1.09851 8.77733 
2.99573 5.26441e-05 0.0167873 0.513979 2.72115 245.782 0.133891 0.418967 0.0253336 6.12604 5.29965 405.338 7.99862e-05 0.0154255 1.98503 4.77656 0.936808 1.82336 
0.00354404 0.0380967 3.59937e-05 0.000182532 0.0502389 56.0216 7.66632e-05 0.351188 0.0310677 16.348 5.88439 124.217 0.05858 0.000140764 3.60308 6.99188 0.950749 6.33561 
6.5529e-05 0.0607838 3.68461 4.5719e-05 7.76166e-05 756.577 0.0700067 0.183283 0.00279901 0.0699868 4.41744 18.0351 0.000517081 0.00855543 0.753117 47.8482 2.80718 7.48673 
0.000316772 0.223576 1.31189 0.00194712 0.0471052 8.18176 0.00503212 0.192009 0.0490479 1.44956 0.808837 104.689 2.39576e-05 0.00071364 1.2241 26.4656 1.59655 7.08861 
0.440031 0.000732394 0.0539571 5.25773e-05 0.000439061 76.8187 0.000744135 0.90587 0.155971 0.51247 0.0198863 268.982 1.33977e-05 0.0002359 1.61139 15.2284 2.08065 0.835086 
0.000164042 0.000866572 0.254867 0.000931039 0.140778 10.1365 0.0820929 0.217228 0.12463 1.06407 0.476121 406.073 0.000462492 0.000297215 2.90414 10.8404 1.82048 0.657928 
0.000355951 0.078747 0.000267492 1.70959 0.241763 111.219 0.0282358 0.486558 0.110039 3.82942 0.454301 73.6659 0.141966 0.00203163 2.79205 12.1858 1.02355 5.24964 
0.000288648 2.03494 0.00392744 0.000989005 0.503054 114.078 1.43653 1.29009 0.0577129 6.32568 1.7686 459.503 0.907663 0.0067773 3.96797 3.47262 1.14823 3.81196 
2.06388 6.32285 5.51548e-05 0.111409 2.25972 0.0158153 0.00288504 2.77761 0.543785 9.05859 0.555002 271.659 0.132221 0.00296366 2.69838 29.3937 1.77196 0.357889 
2.06049 0.0380344 1.81162e-05 0.0231778 0.106443 184.311 0.0149222 3.97318 0.18383 31.943 6.42799 423.457 0.0466672 2.80791e-05 1.36582 27.7022 1.63595 0.809017 
0.0843924 0.000814035 0.000136593 1.71313e-05 0.000533015 0.115152 0.00423577 0.642265 0.402244 54.3288 0.216034 132.529 1.79806e-05 0.00359356 1.34222 12.3892 1.42747 1.15714 
0.0123449 0.0251652 0.0127168 0.00089234 8.09081e-05 177.222 0.000148506 0.419652 0.0259746 0.0191087 0.142411 78.5205 0.0565235 0.000346407 1.75772 13.3776 1.57822 3.32169 
1.0666e-05 0.00644238 0.00542634 0.0761384 0.00461275 0.0806585 0.0444056 7.62215 0.00935255 0.109363 5.64417 298.529 0.00758956 0.00132734 2.24465 27.4524 1.30852 3.0867 
0.00710312 2.87708 0.00196385 0.00504204 0.343872 27.8468 0.235241 8.6224 0.0152276 0.115484 3.67852 36.5772 0.00153177 0.00136142 0.680774 35.0565 1.48953 2.26957 
4.61242e-05 0.000165871 0.678433 1.67998 0.0277873 2.97997 0.108755 1.24175 0.107542 4.65439 2.87194 104.896 0.0279265 0.0420763 3.87051 31.0852 1.13701 1.83053 
0.000250085 0.000241177 2.64299 9.47507e-05 0.000162732 563.851 0.000777371 4.06262 0.019866 1.23707 5.44339 236.84 0.000124357 1.53272e-05 2.21803 20.7172 1.04959 6.65069 
0.00216261 1.04363 0.0355793 0.951863 0.000394815 1827.37 0.000287549 3.87524 0.422602 0.269845 0.00220753 144.686 1.40427 2.94144e-05 3.6256 22.4363 1.22241 2.66583 
1.23709 0.00558934 0.00534559 0.359354 0.000132623 7.61122 0.334866 0.649133 0.0426283 0.351443 0.0228171 187.466 0.0171226 0.0754734 5.00309 20.4734 1.34183 1.73705 
0.00578181 0.850411 0.00355664 1.28765e-05 7.00863e-05 0.712144 0.34393 0.1646 0.0479922 10.5153 1.53167 26.5882 0.000229038 1.83636e-05 3.93961 33.3669 0.805078 8.21368 
0.0246018 0.000892335 0.0387039 1.15272 0.000243323 393.984 3.43411 2.02057 0.176829 0.0167359 0.0364205 435.205 0.00068667 0.00674493 2.32527 38.4407 1.68394 0.214462 
0.000122834 0.000606843 2.35222 0.00130931 7.71465e-05 2.32549 3.0491e-05 0.940465 0.507109 119.433 2.29418 139.669 6.29025e-05 0.0140078 2.76217 14.0001 1.67226 1.074 
6.21585e-05 0.32431 1.90671e-05 1.34356e-05 1.19713e-05 80.3237 0.0014628 2.90206 0.347725 360.449 9.5121 200.783 1.02613 0.000434982 2.79058 27.2608 1.18942 2.14978 
0.000213059 1.54901 4.08479 0.000653213 1.08697 40.3372 0.342856 4.88745 0.472362 0.0902334 0.00697181 80.1042 0.222875 0.000258667 1.82618 49.6115 1.57448 2.1993 
1.14051 0.0900009 0.404113 0.0616808 0.000301864 1.33949 0.00661448 2.16077 0.0507607 1.31142 2.03621 445.145 0.00039447 0.0115269 1.2185 2.30209 1.97057 6.98858 
1.07207e-05 1.09107 4.10872e-05 0.000647368 0.63236 0.659175 0.952839 2.92359 0.0400705 0.212973 0.863794 174.384 0.000295232 0.0178246 2.26771 31.2067 1.19965 0.359071 
0.00062517 7.4556e-05 0.0210906 5.31418 0.0476957 1366.22 7.70414 2.42784 0.898233 186.301 0.200092 308.997 0.0787886 0.00344187 0.978727 4.21804 2.4939 6.45464 
0.00488981 0.332131 0.0148939 8.11362 1.0197e-05 9.85873 3.42314e-05 0.435512 0.0104767 0.0302099 0.791136 194.539 0.0613895 0.00167545 6.42565 18.2716 1.09774 2.7229 
0.355088 0.000226382 0.138233 0.0179997 0.0578253 3.98946 0.0014643 2.60908 0.0122831 0.0429451 7.93174 369.882 3.41779e-05 0.00695823 1.58973 11.4652 2.72576 0.77542 
2.31475 0.000260396 3.13302e-05 0.00413462 0.00980669 89.1436 0.0345958 1.11223 0.986961 0.0881368 0.00449501 144.521 1.84273e-05 0.0127252 1.37087 6.82401 1.80533 6.2223 
0.011758 5.71684e-05 1.42618e-05 1.2443e-05 0.00413292 113.986 0.0431282 0.546203 0.0182947 0.0416614 5.8241 80.0649 5.08081e-05 0.00162928 6.58117 39.6841 1.20574 1.2172 
1.01423e-05 0.00695794 1.32918 0.84076 5.48055e-05 4.1327 0.134545 0.449041 0.134881 13.9547 9.19719 468.171 1.08285 0.000458915 4.31581 12.1956 1.60272 0.866116 
0.000340864 0.000311769 0.52514 8.73578 4.14974 19.7941 0.351588 2.62795 0.0123839 6.25873 3.95255 58.4764 0.000624548 0.000430423 1.02317 28.3609 2.40517 2.3491 
0.000407467 0.00210936 0.107426 0.000172041 0.00168276 1.49455 0.00475796 0.0928486 0.102529 9.48495 0.28069 41.7372 0.00172023 0.00799535 1.90833 20.1444 0.954833 3.82938 
7.93831 0.00198634 2.25799e-05 0.00351036 1.185e-05 0.0174726 6.20028e-05 4.90055 0.758599 0.429908 0.018351 425.004 0.000119759 0.000213743 2.21397 40.0556 1.67799 0.326713 
0.000278517 5.05758 0.00016948 9.32808 1.98789 48.5291 0.000511441 1.46135 0.0583736 2.27659 1.52407 263.762 0.00115199 0.0233443 2.94359 7.84303 1.24018 6.18579 
0.000238724 0.0168283 0.963034 0.820047 0.00492557 0.560902 7.7168e-05 0.333848 0.230397 1.16853 0.0270739 89.5897 0.99239 5.90927e-05 2.52058 28.9818 1.35956 4.05471 
0.241 1.36609e-05 0.00147826 2.16574e-05 2.8196 0.338505 0.0901944 0.977025 0.0146255 0.016302 1.79712 89.315 1.43314e-05 0.0505573 1.57389 27.3774 1.71855 1.33281 
1.06609e-05 6.45318e-05 0.00385673 0.0727435 0.38557 0.103595 1.14503e-05 3.30131 0.0587766 0.999896 0.106503 106.079 0.109846 0.00173683 0.750049 46.7463 1.69008 4.40161 
0.00589794 0.15126 1.62886 3.91091 0.00434898 79.8574 0.000103618 0.493823 0.325638 30.6663 2.99613 185.624 0.0025499 8.6648e-05 2.39333 7.45389 1.57979 4.93033 
5.56127 3.89057 0.417184 0.786938 0.00086573 8.75527 0.906349 2.72426 0.0331001 0.0827858 0.373202 196.648 7.007e-05 2.01596e-05 3.30672 34.2838 1.32988 0.560627 
0.0385324 1.60349e-05 0.180852 5.19207 0.000295908 7.49393 3.5564e-05 2.89176 0.577416 61.7504 3.19567 465.022 0.0652563 8.83168e-05 1.78929 7.27605 1.60599 2.27581 
0.000219693 0.00351731 0.254091 2.71329 0.00786313 0.0361553 0.0869565 6.21747 0.0750697 1.24479 0.281494 453.682 1.33724 0.000409676 1.03755 28.5332 3.82296 0.657702 
0.214289 2.39978 0.00120145 3.17532e-05 1.60796 117.61 0.217568 1.0168 0.0842474 4.44728 5.59675 219.97 0.00882592 0.0018501 0.938751 17.2687 1.89812 3.52941 
0.14944 0.0222882 0.174359 2.26126 0.00014134 0.534021 0.0210402 0.766065 0.00776327 0.0142977 0.43855 29.1697 0.00664605 0.000332518 3.2215 47.4745 1.08868 2.79331 
0.00695365 0.000204317 0.102245 0.00356184 0.00259147 26.2241 0.000182171 0.498748 0.0124815 0.0915939 4.15021 57.2952 0.0243928 0.00533329 1.24993 35.5187 3.48834 2.50154 
0.125469 0.0301854 0.0476613 0.440967 9.32525 0.385498 2.12739e-05 2.04247 0.965321 36.0944 0.388602 81.7955 0.00136466 0.000306538 2.94417 30.7506 1.30629 1.03436 
7.80544e-05 1.50885 0.000964964 0.000592661 0.0077469 15.9074 1.48049e-05 1.56118 0.18131 0.439434 0.017942 55.8903 0.00157389 0.000188885 1.48081 40.9286 1.01841 2.30134 
1.13913e-05 2.61003 0.00289692 0.000924777 0.000420074 415.103 0.0417661 2.6742 0.702955 211.495 6.62237 321.676 0.117333 7.81576e-05 2.15439 24.7543 1.33139 1.21576 
0.0784858 0.000131504 0.796166 0.00021327 0.00217559 0.31834 4.67282e-05 0.914913 0.0234772 0.0920655 1.48051 143.553 0.000195884 0.0089089 1.52546 9.33722 1.27484 2.05664 
4.59753 0.000114029 3.316e-05 9.81761 4.04568e-05 0.426773 0.05496 1.35316 0.182323 1.1923 0.161778 103.26 4.49263e-05 0.00012439 1.79575 32.726 2.31826 0.599548 
0.0339406 0.505704 1.20143e-05 0.0495194 0.0048053 0.0139764 2.0352e-05 4.83023 0.00455964 0.308142 3.52438 327.789 0.00164443 0.000226441 1.34564 6.12604 1.42312 2.6901 
0.0320341 2.45856e-05 4.92178e-05 3.72892e-05 3.58862 0.0303547 0.135992 1.13853 0.179509 3.01465 0.00979994 40.3996 0.000720911 5.08808e-05 1.02419 39.2642 2.35679 4.03474 
1.00188e-05 0.0105528 0.000974855 3.31175e-05 0.0124723 0.0190176 2.49003e-05 0.491952 0.203249 19.1038 2.91786 42.4285 0.134362 0.000276401 1.50165 30.7331 1.46385 4.6922 
0.0332338 0.0417369 0.00296908 0.382309 1.838e-05 0.878047 0.000241513 2.85205 0.0330667 0.0316894 2.70812 396.12 3.59034e-05 0.000467009 2.66458 37.6529 1.99933 0.273958 
0.0482097 0.112075 0.00182523 6.02539e-05 2.26586e-05 2.15929 0.226549 1.03948 0.266907 140.428 5.68884 212.63 8.53843e-05 0.000714739 4.16517 29.7087 1.06558 1.70765 
3.46919e-05 0.000242934 0.000296046 0.0102818 7.09007e-05 1160.48 0.00874643 0.321591 0.177885 27.2028 1.5889 246.754 0.00164298 1.1337e-05 2.84766 31.5601 1.30091 0.889486 
0.000680404 9.99472e-05 0.000221132 5.83164e-05 0.00891265 0.654783 0.0502648 4.75455 0.219714 13.9357 4.18641 101.368 0.0779078 5.57209e-05 1.38128 48.9529 2.44058 0.924014 
0.740879 0.00310591 0.24636 0.022978 0.00149351 0.0249517 0.000245288 1.79552 0.0977974 0.570576 0.336761 294.578 0.000677168 0.00362148 3.30715 29.6493 1.61217 0.460011 
1.48644e-05 2.55115e-05 0.000186288 0.00106241 1.25379 0.0367128 0.00184362 0.46624 0.202376 1.59385 0.0713123 215.445 0.043677 0.0235903 2.50612 6.21609 0.987859 1.38381 
0.0103903 0.0581143 0.00258528 0.055525 0.0376134 330.762 0.0477864 1.58822 0.0185435 0.0211942 0.22406 399.965 0.0285342 0.0299051 1.16674 9.4531 1.50472 1.81167 
0.00657765 0.000191225 0.000148468 6.13864 7.36001e-05 223.764 0.000160406 1.16281 0.178076 29.1124 1.87105 48.2756 0.0261209 0.0166958 3.39494 18.346 1.20267 5.53225 
0.00773659 0.000400896 5.02109 0.000297999 0.00189587 0.313444 0.675283 0.156363 0.0281155 0.232377 6.4696 183.94 0.0241152 2.89414e-05 4.04338 6.79266 1.14434 1.90445 
0.000374234 4.6138 0.072751 0.000632647 0.00521525 0.146594 0.000797278 4.77787 0.0280424 0.223184 5.72282 386.889 0.000668477 0.039246 5.40825 5.46706 1.31639 2.0947 
0.000374168 0.34398 0.0106638 0.000744295 9.20338 0.013343 0.0347089 2.02878 0.0308196 19.5438 9.43477 167.572 0.0392988 8.00295e-05 0.889512 49.5472 3.31501 0.366245 
0.00045484 0.0150917 0.585777 0.000196961 8.96524 0.136139 0.000465838 0.325177 0.477537 265.325 1.45229 115.218 0.367749 0.019515 5.15724 16.5506 1.18357 3.85067 
0.226774 0.417497 0.164439 0.000498582 0.00109367 3.03921 0.0835642 1.47532 0.238806 0.731957 0.0419993 46.5338 0.00952302 6.39907e-05 1.08525 24.9783 2.19489 6.92669 
0.124974 6.52527 6.22175e-05 0.0977362 0.0944555 0.020347 0.000352831 1.14167 0.468956 326.156 3.68054 230.205 0.00153841 0.000158559 5.27514 6.79881 1.08419 5.38924 
0.000868409 0.0864324 0.000323816 0.000693796 0.000261077 0.0119647 0.00679921 0.22373 0.0112376 0.157906 8.72783 167.272 0.0127483 7.55134e-05 1.99895 8.1305 2.12376 3.57133 
0.787206 0.00518601 0.234843 0.00976553 0.00517994 13.3976 1.85154e-05 0.270573 0.0521971 0.511392 0.342396 87.4591 1.53694e-05 0.000186977 1.69245 12.474 2.20092 4.53489 
4.0239 0.000286613 0.00126624 0.0298045 0.000311367 28.2613 0.00627399 0.747521 0.178635 0.117056 0.0303992 36.8833 0.000234166 0.000266527 1.60257 29.5277 1.30947 3.39572 
0.000919783 8.13612 0.478771 0.0146208 0.00552558 51.5369 0.0558765 1.17402 0.264979 0.200406 0.00465171 74.9636 1.81134 3.69948e-05 0.94721 35.099 1.56045 4.66757 
0.00560273 0.0034566 0.000328182 0.0280493 0.000201051 11.292 0.0188253 0.41477 0.441838 484.935 5.18166 178.737 0.169175 2.04342e-05 1.32909 17.6367 3.66449 1.06835 
1.33846 2.55968e-05 0.00463652 1.64697 4.33047e-05 77.568 0.472608 7.0858 0.413072 3.20073 0.137647 321.698 8.53841e-05 0.0160635 1.92749 10.896 1.30623 6.66656 
3.14236 1.12204 0.000534527 0.0269311 0.951916 0.275242 0.0159313 8.11949 0.207486 44.3943 4.23745 379.334 7.06206e-05 0.018687 3.23869 20.2862 0.935978 2.12366 
0.00020869 0.193489 0.00171384 0.000663755 0.00415959 949.803 0.497679 1.14456 0.0122126 0.104038 1.61401 186.136 6.00924e-05 0.000835285 8.57484 32.1545 1.06946 1.24337 
0.0503887 0.000811392 0.072581 0.00994605 1.95986e-05 0.0132587 0.0271847 2.97153 0.561641 0.78564 0.12398 123.844 0.000673784 0.00357763 7.61166 20.498 1.24308 2.32454 
2.56481 0.0832591 0.000686776 0.622496 9.76799 73.8321 0.000601054 2.57673 0.0555357 0.645602 0.379344 92.1457 0.000791585 0.0337755 1.05733 14.5826 3.17351 8.45258 
2.04373 2.55133e-05 2.07542 4.11373 0.0052504 0.27071 0.00987869 0.0609709 0.141047 38.1806 6.63902 499.284 0.0576695 0.000256348 3.63291 5.70759 1.14791 1.34093 
0.00173227 2.43879 0.0022751 1.15825e-05 0.00884244 2.25522 0.113951 0.258413 0.653901 4.57946 0.0397034 96.4222 0.0035294 0.0327915 7.5991 17.9223 1.06892 4.33021 
0.000127824 1.21247e-05 0.000622868 2.1803 0.852096 575.976 0.401279 1.83651 0.0665703 0.195617 0.376036 115.15 5.92919e-05 0.000495325 1.86134 20.8312 0.91337 9.45142 
0.0683418 0.00383462 0.0216769 0.283087 0.331176 349.73 0.00108281 0.0245215 0.158138 248.745 3.44563 204.655 0.0398886 0.00365492 1.6448 6.78458 2.11666 2.26901 
1.6862e-05 0.120763 0.247179 6.03797e-05 3.30114 28.9216 0.000580132 0.47573 0.0887024 0.512488 0.0586017 242.397 0.00126845 0.0223892 0.894841 25.4626 4.21386 1.10252 
3.52513e-05 0.00138612 0.0290144 0.00117579 0.162414 40.5905 0.00240251 0.563398 0.439053 1.63365 0.00680139 114.802 0.000413449 0.0395305 7.23591 40.4048 1.31365 1.31147 
0.000189501 0.000929309 0.0237921 0.0571057 0.00041637 560.031 0.0223395 0.595939 0.119061 13.6146 3.04777 21.4006 9.7464e-05 3.82427e-05 1.49779 47.8598 2.47308 2.61021 
7.18726e-05 0.0783994 4.66525e-05 0.00206116 0.932113 8.59388 0.123067 1.91858 0.0223364 109.219 9.20658 61.3434 0.0115096 2.95474e-05 0.968151 31.8658 2.45474 2.33411 
7.89302e-05 0.773713 0.914474 0.0594986 0.000257768 0.0168195 0.00393032 3.11115 0.458887 1.62402 0.0428677 230.997 1.36788 0.00186706 1.14307 23.9271 1.95771 0.521852 
0.371285 0.00114561 0.0150944 0.544705 0.0534771 58.6621 3.96355 8.05743 0.122982 13.2837 3.73246 418.281 0.101243 0.000206236 1.26545 37.5984 1.44884 0.729699 
0.00183565 0.008611 2.73061 0.0700403 8.04903 23.5559 0.00941058 0.712758 0.234463 0.186985 0.0316464 30.2177 0.181534 0.000530105 4.35155 29.7984 1.08916 4.4414 
0.686608 3.86729e-05 0.00581275 1.93915e-05 0.738495 0.0176127 0.0861219 2.13819 0.0108437 0.0614997 1.82336 457.184 0.112412 0.305134 4.31962 4.58363 1.38783 2.28796 
4.48392e-05 0.400134 1.21526 0.00082125 0.00229498 347.853 0.0272348 0.120643 0.243487 0.613882 0.015945 104.932 1.19202e-05 0.000174784 2.11306 39.8216 1.2264 1.07337 
0.00350072 0.0190186 0.178193 0.974276 9.43137 9.62625 0.00545344 0.429631 0.0295115 0.708256 0.520606 121.794 0.000544851 0.000984251 8.99186 31.8646 0.868878 1.17459 
2.32255e-05 7.40184e-05 0.057025 8.32424 1.74526 5.67414 0.00137062 2.79381 0.203159 9.06597 0.716227 211.702 3.15738e-05 0.000243836 0.829396 19.6428 2.26032 3.11214 
5.23293 0.00211173 0.000868133 6.24381 0.0353453 768.428 0.0161468 0.213916 0.0699609 1.99943 0.362376 375.255 5.97234e-05 0.00517936 0.950503 2.72686 2.99129 7.76034 
0.00359891 0.000339764 0.00109373 0.00342421 0.0994809 0.0158171 3.81903e-05 1.45329 0.00621465 0.0160163 5.87258 399.423 5.04453e-05 0.00237502 1.13151 4.76348 4.34028 3.7277 
2.41233 4.36771 0.598605 5.29457e-05 0.0130798 25.4027 0.0218371 0.309328 0.118313 0.382916 0.0359033 118.105 0.515908 0.00254118 5.20623 27.5727 1.40765 1.64425 
0.00511985 0.0579732 0.0339557 1.37425e-05 0.00855228 2.75246 7.7009e-05 0.959268 0.331846 0.474285 0.0117705 161.081 2.80474 1.66397e-05 2.25378 11.7501 1.36407 4.21529 
0.00346313 1.5371e-05 2.85963 0.0365729 0.00264956 61.4042 0.000625514 3.57728 0.281367 13.9635 0.525698 334.219 0.101674 0.000972169 2.40927 36.49 1.44776 0.856259 
0.0287653 7.99223e-05 1.04649e-05 2.7696e-05 0.0348047 5.11829 2.08698e-05 0.466826 0.239175 85.1616 1.23554 140.007 1.46825 0.000990482 0.887483 4.85965 1.77944 9.24376 
0.154476 0.465507 8.59543e-05 0.134461 0.000537682 0.0449909 0.000211207 1.96605 0.043335 0.484027 0.273141 365.825 0.0442967 0.00526309 2.33016 28.2083 1.77879 0.258908 
0.0119732 0.00107853 7.68035 0.240624 0.00185753 0.0494524 0.000101802 0.048888 0.27662 6.93628 0.884137 63.788 6.39142e-05 4.52726e-05 2.15401 8.62392 1.85846 3.96473 
0.00264997 0.000270432 0.000878456 0.00074882 0.135202 2.94886 0.000418792 1.62772 0.0069832 0.242321 0.870925 415.196 0.00275854 0.000435837 3.66336 39.8703 1.67107 0.230175 
0.0193517 0.000762859 0.000845733 0.0149276 2.01555 0.0357869 0.000344004 4.24791 0.781927 6.95139 0.313021 487.046 0.00157181 0.0155251 2.57429 9.81304 1.90385 0.599333 
0.0124598 1.78632 5.17649e-05 0.00432946 1.79656 10.9201 0.761785 8.93489 0.00342704 0.0264989 0.786894 102.239 0.000266433 6.59112e-05 0.943893 26.9635 1.12185 1.95446 
6.78547e-05 0.00053895 5.06803e-05 3.18988e-05 5.8143e-05 673.217 1.16872 5.60394 0.0216186 0.0330048 0.36147 116.685 0.000276519 0.000961726 4.92634 20.3537 1.09838 2.40952 
0.0706424 0.000314597 2.73885 0.654591 0.0013725 1306.31 1.46088e-05 0.321262 0.0657623 0.287603 0.0768495 54.4391 0.000847228 0.00115723 0.92268 24.8231 1.46366 9.28199 
5.99849e-05 1.04694 0.00676084 0.00160147 0.00764586 45.7745 2.06936e-05 0.190863 0.286794 3.38256 0.0153784 81.2969 0.000126336 2.10698e-05 4.25333 13.3161 0.872967 9.78464 
0.00156904 0.000181533 0.00220638 0.683319 4.30341e-05 1.17829 0.00454829 0.719589 0.0391074 1.29608 8.84356 151.274 0.000118513 0.00495435 5.62173 10.1568 1.13196 1.41405 
0.00589283 0.115747 5.16515e-05 0.143357 0.89812 1353 1.73849 0.710496 0.427345 160.847 7.05079 72.1607 7.60068e-05 0.000166038 1.25449 45.5877 2.26446 0.734946 
0.0121195 0.000417445 0.150697 8.39079 0.00752098 16.1001 0.00266935 0.135551 0.0151695 3.12249 1.95792 409.753 3.346e-05 0.0276357 1.4015 5.2356 1.87054 1.2902 
0.000595157 0.0309356 0.000126009 2.87958e-05 0.0732456 0.118047 0.135509 7.19456 0.0102888 0.0711408 2.69977 293.104 2.61683e-05 0.000251236 1.06416 43.5523 1.51393 3.48712 
0.151979 1.02266e-05 0.0273096 0.000667756 2.26881 54.955 0.234407 3.23976 0.291366 1.79512 0.301929 473.779 0.0004379 0.0645289 2.97746 31.3611 1.76012 0.423793 
0.027473 0.50339 0.00195674 0.70439 1.30238e-05 0.026308 0.000323644 0.895097 0.0398201 28.9231 0.261554 70.3597 1.74524e-05 0.00122803 0.950015 27.3907 3.12441 3.52106 
0.000190524 0.753047 0.000202001 0.0093764 0.000537666 0.142708 0.993701 1.23768 0.332805 0.312438 0.00879277 159.842 1.02771e-05 0.00692195 2.16996 38.3706 1.13165 2.10488 
0.00131639 2.28541 0.500943 0.00140006 0.747519 0.500412 1.12497e-05 3.87578 0.0220193 0.347701 0.178549 148.055 0.0663184 0.00193016 2.32109 11.2439 0.905989 2.57726 
0.00249041 0.00162195 1.42851e-05 0.00197859 0.464481 3.12746 0.0146649 0.789736 0.900329 28.8211 0.288126 295.484 0.000129839 2.71317e-05 1.70349 28.6236 1.43042 1.15336 
0.000510576 0.000203085 3.55074e-05 7.40713e-05 0.0408327 64.3214 0.031523 8.24082 0.0184715 0.0658 7.77435 246.56 0.000138156 0.00229175 3.05673 14.1309 1.51017 1.44491 
0.00287719 2.67594e-05 0.000132362 0.00174089 0.910527 4.37185 0.0732733 0.0739922 0.00850264 0.179529 0.897945 345.734 0.00640328 0.0170904 4.32285 2.80721 1.005 8.77508 
0.000592628 0.336623 7.90566 3.8406 0.000108746 777.982 0.0162518 0.745931 0.104821 104.79 9.0302 62.5644 0.0100068 0.0133626 1.70868 16.461 1.02455 3.46824 
0.54549 0.000733429 0.00343499 3.83903 4.4009e-05 0.0713322 0.00555281 0.314743 0.190848 11.3826 0.137447 19.3641 1.25724e-05 0.00040201 1.58559 32.2701 1.46361 6.55888 
0.172033 1.67918 0.000633829 0.369458 1.56903e-05 21.4219 0.000605997 0.261431 0.135472 0.0678707 0.00795909 23.6359 0.0277735 0.0001012 3.8184 41.9659 1.21777 4.33356 
0.00120251 0.0859089 0.926706 0.0298426 1.56815e-05 0.338113 0.565482 0.268919 0.117054 8.56247 2.77903 347.566 0.000517502 0.0422659 6.26566 10.5569 1.10971 2.07944 
0.00155169 0.0205794 9.73539 0.000299128 9.9231e-05 0.559621 0.0029738 0.0926656 0.0528324 0.417021 4.93577 24.7944 0.000414724 5.72277e-05 1.83224 28.8218 1.60695 6.3864 
0.000497261 4.58628 0.169444 0.790433 1.65239 0.014091 0.000462253 4.32483 0.00595079 0.074493 6.49922 77.2966 0.00129106 0.00255353 0.965303 25.3145 2.68001 3.23425 
0.00288455 3.50059e-05 1.54756e-05 0.000642216 2.64451e-05 9.56685 0.0011802 1.96375 0.249813 30.8167 1.98466 230.842 0.000198523 2.31509e-05 2.86468 16.3974 1.02102 2.79825 
4.45417e-05 1.94011e-05 0.0195481 0.0138093 5.09132e-05 160.714 0.00656912 0.270962 0.0360528 0.173892 0.178307 494.024 0.000215778 0.0557896 1.88857 3.98698 1.5184 4.12296 
3.59125 5.49748e-05 4.43285e-05 4.10168 1.14345 0.189056 0.0142959 8.06636 0.611024 2.77059 0.0480223 46.8244 3.96112e-05 0.000273929 1.16759 44.7307 1.42149 4.32554 
7.3177e-05 0.993121 1.27857e-05 0.00511475 0.000252068 1129.72 1.85607e-05 0.793277 0.366344 0.910176 0.0563056 377.896 0.173615 0.0119549 1.2324 2.52378 2.49711 9.30022 
0.00348975 0.00601274 5.32004e-05 2.58494e-05 1.16662e-05 0.135135 0.00111609 0.472559 0.259581 1.0787 0.07212 168.463 1.78704 0.000786678 3.81589 9.25049 1.25885 5.52269 
4.13382 6.17942 0.0498052 0.000839025 8.68389e-05 1.97002 1.9697e-05 0.613133 0.110806 0.207917 0.0555284 151.301 0.000501614 0.000235282 0.920986 18.7181 3.08889 1.86282 
0.475308 2.09302 1.06958e-05 0.000316027 0.00136109 0.0877388 0.496056 1.19586 0.0350235 0.0615985 0.226789 162.616 0.000564102 0.000272026 3.32866 11.4903 1.26646 2.17753 
1.22077e-05 0.0396821 3.6458 0.0849687 0.00412367 293.098 2.86777 0.13895 0.0248083 0.0350326 0.122273 249.46 0.00023632 0.000246851 1.85276 4.05848 1.09055 8.55257 
4.12869 0.000510868 0.0841907 2.89574 0.416961 0.39708 0.193692 0.601612 0.0511891 0.0886797 0.123164 200.153 0.00121092 0.000339451 1.34529 18.3372 1.87974 0.951667 
1.36626e-05 0.188143 0.0433979 0.617838 0.28663 13.2174 0.00122845 3.79134 0.2885 339.386 8.77784 391.392 0.0344817 0.00124386 2.37906 9.40355 1.23083 9.61285 
0.000724164 0.0649725 0.439589 1.59915 0.000329696 0.163651 0.541962 3.57554 0.215465 14.2854 0.13991 345.274 5.07715 0.000189041 4.41103 7.3045 1.06033 1.85852 
1.15136e-05 1.08135 0.000307555 0.0010602 0.00824529 153.998 1.56991 0.713057 0.0611067 0.240249 0.32832 174.496 0.000371016 0.0542075 1.37451 3.33601 1.84831 6.70698 
0.00563811 0.109815 4.64661e-05 0.719393 6.28596e-05 0.0956711 0.000624554 2.17847 0.112386 184.945 4.17739 38.0028 8.39146e-05 1.58959e-05 1.03091 39.309 1.05281 3.49629 
0.52923 0.0767299 3.18441e-05 0.00376398 0.00149758 330.408 0.0279387 3.13825 0.0642264 4.48826 2.6858 121.962 0.000743518 0.00813878 3.05968 14.078 1.37094 3.7738 
8.71327 0.00500015 0.152387 2.47306 0.00544283 1.82505 0.262038 1.55662 0.00915909 0.0356524 2.24526 84.2749 9.02697e-05 0.00570473 1.38502 13.4415 1.19799 6.98475 
0.000844748 0.00364849 0.00107403 0.000165261 0.000276495 3.23595 0.41103 1.41127 0.353016 8.30024 0.455152 159.227 0.00020114 0.000374201 1.22014 33.2886 1.56321 0.400707 
0.00187005 0.00102716 3.16387e-05 1.09031e-05 0.000581492 0.0232539 0.14319 1.48834 0.036615 0.466671 0.606417 233.373 0.00105945 6.37808e-05 0.94318 24.2284 2.66232 0.748934 
0.058119 1.10057 1.45938e-05 8.46911 0.145379 0.0190247 0.00103229 5.42752 0.19986 4.82613 0.592833 63.2767 2.90165e-05 1.18433e-05 1.42765 43.8425 1.74199 3.53695 
0.00190827 7.57517 4.04508e-05 0.0225881 0.00255095 842.456 0.631005 0.224998 0.00685546 0.139865 2.97807 70.6755 1.15812e-05 3.18115e-05 3.40744 22.6121 1.33595 1.5667 
0.000465397 0.0030623 0.0009877 0.0633298 0.0127256 0.0685055 0.0414143 1.57913 0.0168374 9.58625 3.671 69.8106 2.90252e-05 0.00458171 1.06268 20.6668 1.80494 6.67098 
0.0681041 0.135228 0.0182399 7.8361 0.0602125 1164.61 0.396597 1.70019 0.260559 0.827029 0.317195 172.759 0.193045 2.07658e-05 9.0294 43.4637 1.38468 1.02986 
2.95172e-05 1.62548 8.96843 0.0287099 2.12844e-05 0.330207 0.00538192 0.195965 0.491976 145.978 1.09137 167.138 1.00465e-05 1.02991e-05 2.59027 24.1768 0.93209 1.03948 
0.0185388 4.37459 0.00028606 0.131543 1.94681 0.694405 1.05462 8.59472 0.51149 71.3935 0.329936 127.194 0.00304097 1.16625e-05 1.17503 44.9775 1.94801 5.94754 
2.91823e-05 0.0132969 0.00184338 0.0259433 0.651412 730.266 0.0199825 6.15452 0.250191 0.506035 0.451731 46.3106 0.000114542 3.20691e-05 1.69374 27.8457 1.45041 9.06444 
1.275 1.40053e-05 0.0441924 0.00759391 0.000145815 4.81146 7.71689e-05 1.48868 0.00557403 0.0436475 9.70531 229.998 0.0511756 0.21603 2.4942 38.0065 1.80516 0.480148 
0.00505018 0.168003 0.00264744 0.127221 0.000342174 22.8509 0.00553758 2.68008 0.2306 1.76907 0.159407 371.965 0.0118293 0.0436925 1.25308 24.9149 2.41016 2.58501 
0.00718619 0.00824592 0.165952 0.0151164 2.67141 50.899 0.0376147 0.380171 0.843505 53.5883 0.652963 57.079 0.00109767 0.000435584 4.63634 24.5418 1.0922 9.0669 
0.127681 0.0114836 8.4866 1.46042 0.0213448 2.84521 7.56674 0.0820142 0.0227809 0.0728609 0.255428 154.444 0.220129 0.00113607 1.18057 12.2866 3.46956 2.14158 
1.42911e-05 3.20765 0.0157826 0.0511711 1.22988e-05 1349.6 0.0200992 9.188 0.47375 20.4179 0.848314 335.134 5.02593e-05 0.00193772 1.66401 27.2245 1.75461 4.64714 
0.0205585 8.9795 3.64185 0.135453 1.18428 0.165218 8.79444e-05 2.94518 0.00509302 0.0359898 4.24248 274.698 0.0773374 0.000132467 6.29274 8.04846 1.01508 3.0629 
0.0297604 0.000350505 0.00425379 0.385688 0.132967 1722.41 4.16995e-05 0.895428 0.519973 5.14122 0.0604507 286.272 0.0749274 0.0023659 1.11335 13.5794 1.83499 1.96015 
1.07719e-05 0.000226804 0.0497629 5.65877e-05 0.0362634 693.209 6.60523 4.09744 0.0676652 3.66755 5.14886 296.597 0.00351041 0.000503901 1.49307 21.5469 1.45196 0.957244 
3.99645 0.03398 0.0027129 6.02943e-05 0.00195314 3.95239 4.25317e-05 0.884861 0.150781 2.7865 4.45518 107.482 0.000693497 0.0659256 1.54166 9.18232 1.85341 3.76935 
4.52496e-05 0.622522 2.17998 1.20496e-05 0.426978 18.1362 0.0141547 0.770113 0.343773 0.545569 0.00256548 234.568 2.22978e-05 7.06177e-05 0.98104 6.96748 1.74472 8.27131 
0.238297 0.0215117 0.114168 1.89684 0.0204026 13.2141 0.238674 0.115159 0.173846 63.025 0.0677361 175.821 0.014601 5.37696e-05 0.863057 12.3043 3.52738 2.33547 
0.000616671 0.234149 0.725964 5.13122e-05 0.0045827 33.2703 0.000509254 0.402547 0.945561 305.923 0.135927 379.578 0.0369268 0.00012902 1.06172 1.94142 1.69354 8.34608 
5.70558e-05 7.24254e-05 8.59623e-05 0.00608119 0.286692 221.803 0.00012855 1.69315 0.022292 0.0710786 0.290288 271.947 0.000128574 0.0181588 0.919769 12.347 1.96823 3.42569 
1.26109 5.63251e-05 0.972074 0.482955 0.00236739 9.2147 0.00741106 0.330077 0.0238873 6.34423 7.25392 388.899 0.114697 0.00368557 1.31629 9.87103 2.36528 1.33302 
5.99295e-05 0.441289 0.000760165 0.0966001 0.0004145 12.5341 0.0558461 0.919288 0.0801289 1.09677 1.07218 106.518 0.00041916 0.000205911 1.14859 9.73052 1.18893 3.99515 
0.0392591 0.555981 9.94351e-05 0.00383793 0.315418 53.9245 0.000120297 0.306745 0.736226 65.1362 0.265174 105.903 4.07118e-05 6.25998e-05 1.43286 39.9694 2.93977 0.748738 
0.632007 1.77672e-05 9.43793e-05 0.000151798 0.154762 1893.81 0.732391 1.26777 0.0691601 0.658647 0.259751 78.3293 0.000195329 0.000165482 4.26421 35.718 1.42945 1.71321 
0.000637626 9.69595 0.0157265 5.73451 0.00262719 0.419434 0.0300906 0.125325 0.0356159 0.487488 0.422855 29.1517 0.000311058 8.37104e-05 1.71934 27.7322 1.52154 3.80633 
0.000384764 0.00147347 1.0493e-05 0.00105043 5.12172 154.327 3.65836e-05 1.92156 0.0822694 71.9907 9.95111 291.848 0.110781 0.00826753 6.20177 12.4208 1.08169 2.41338 
0.104052 1.04851 0.00721925 0.000734037 0.000213079 497.696 6.15097e-05 0.186056 0.0653858 0.242069 0.0317002 21.2668 0.0887316 1.3552e-05 2.99898 31.5962 1.17095 6.12892 
0.0141813 2.41592 7.90176e-05 0.00656042 0.0129173 413.977 0.000174545 2.62268 0.0112878 0.01206 3.10391 302.774 0.000105395 0.000231283 1.10353 26.4084 5.46831 0.880608 
0.435249 8.81798 0.424649 0.00184898 0.453857 52.4638 0.00040596 1.18317 0.0139925 4.35446 2.93873 222.008 0.0267466 1.67056e-05 0.865143 12.997 1.6566 2.26119 
0.00111932 0.0341045 0.797893 0.00620172 0.200254 6.86588 0.000754261 2.21012 0.455362 344.652 1.08176 81.2565 0.104907 6.89584e-05 1.71863 10.2688 1.46731 6.32475 
0.0346381 1.99436e-05 1.08081 0.296943 0.00574036 8.11315 5.20069 0.153184 0.031139 0.0500936 0.135997 404.651 1.21984e-05 0.0372069 3.16924 7.94409 1.51186 0.723682 
0.000447343 0.00106006 0.045214 0.000660645 0.00155781 2.23504 0.000133856 0.224586 0.0749842 0.821633 0.451572 218.253 0.00113839 0.00165664 2.50426 9.43061 1.26183 1.485 
0.387599 3.6244 0.000385668 2.7585e-05 8.48209e-05 0.0398897 0.0324074 0.891622 0.233908 31.1872 0.0096431 152.933 0.00518609 0.000936967 1.61702 19.897 1.67876 1.12562 
0.000229839 0.327602 0.0348679 0.00563354 0.000378644 47.2747 0.000543928 0.312769 0.0198464 0.123436 3.55805 296.659 0.00491414 0.000826611 4.9519 42.6502 1.67573 0.148518 
3.01562 0.000109323 0.0971379 0.163258 0.000115572 2584.49 1.896 1.7582 0.777311 12.2296 0.209385 283.12 0.00027613 1.60028e-05 1.84278 5.65477 1.20118 9.37677 
5.32144 0.0106751 0.000337218 0.000368501 0.000865966 136.801 0.000182562 1.12496 0.00571011 3.63871 8.21775 362.36 3.35527e-05 0.00109701 1.2523 3.16232 1.17832 4.59551 
1.07535e-05 0.000285502 3.49231 2.89384e-05 0.000111953 185.275 3.47e-05 0.127271 0.271103 15.6107 1.20179 14.6797 1.99467e-05 0.00994707 1.93181 19.8697 1.05607 8.47523 
1.99119e-05 1.01078e-05 9.99745e-05 0.069397 7.26461 275.413 0.342435 1.75727 0.145815 9.07252 1.27 120.642 9.35803e-05 0.000173994 6.58379 39.9333 0.896109 1.58349 
0.0338923 0.000734808 0.00484268 0.000107375 0.00606722 0.676709 0.256621 7.47117 0.0320178 16.8962 9.03295 226.793 0.180477 0.00241211 1.12143 40.1563 1.90488 1.17464 
0.00327667 0.0910929 0.000812501 0.137789 0.00799994 336.726 0.0483371 2.94277 0.154851 1.44266 0.208493 99.3368 0.048252 5.02827e-05 3.40512 23.9991 1.22811 1.95546 
2.30405e-05 0.0103614 0.032042 0.0119908 0.01732 10.2046 0.00125783 1.71773 0.447371 1.90266 0.0913925 499.716 0.000276618 0.00248198 8.59232 6.90669 0.927489 2.23883 
0.313133 0.174695 0.000596994 1.93467e-05 8.47143 0.244541 0.285339 0.166278 0.0655923 0.0936326 0.0360926 242.982 1.12056e-05 4.84428e-05 2.73879 12.8755 1.09324 1.02862 
0.00946023 1.73284 0.00871571 2.10661 0.722879 0.191948 0.000524808 3.14316 0.0313759 7.92074 7.02552 492.333 0.0611873 0.000440732 1.57985 3.45669 1.11472 2.35146 
0.0674402 0.0156211 0.225084 0.000156767 1.64741e-05 1.62678 0.000410591 1.20093 0.0158811 0.117877 2.16229 66.6249 1.5768e-05 2.25513e-05 1.71408 32.4163 1.60996 7.27579 
0.000598674 0.0988301 0.00712583 0.000212716 1.36865 0.0881359 1.17882e-05 1.01376 0.400611 43.1788 1.30801 214.442 0.00030753 0.00416062 1.71799 4.56808 1.8353 5.36171 
0.00464784 0.772139 0.00610833 0.00198438 8.97918e-05 1011.95 0.00244225 0.485556 0.243971 0.250026 0.0186892 317.802 0.0235719 0.000539952 5.51641 16.8872 1.15166 1.36282 
7.93156e-05 1.29397 0.00301352 0.203743 0.0282447 0.036256 0.000287125 1.2997 0.00259308 0.151786 9.52801 10.9858 1.57278e-05 0.00122389 1.20801 46.9918 1.29871 5.17929 
0.0916529 0.371151 0.000108615 0.154539 0.0012773 1.04682 0.976293 1.4411 0.574534 29.8657 1.8478 395.651 0.00139851 0.0232003 1.75906 34.3459 3.04792 0.130726 
5.51887 0.000664241 0.00190821 7.96641e-05 0.236472 1.78623 0.000472186 1.31669 0.202749 0.123458 0.00250807 22.7625 0.000497548 1.21043e-05 2.05159 21.0049 0.97882 8.36688 
0.00182072 0.358022 0.000149193 0.000878056 0.0342694 1357.23 0.034125 0.881714 0.662711 28.6035 0.322148 313.03 1.80997 0.00296825 0.985105 4.53166 3.79779 6.79306 
7.23614e-05 0.00016002 0.147443 1.14131 0.358334 955.867 0.0116683 0.973722 0.0174549 0.0459805 0.238766 172.228 0.000202471 8.76087e-05 1.72373 9.11383 1.2357 2.25591 
1.56973 0.000513703 0.692432 0.00250089 0.0700013 1093.66 2.43114 8.97098 0.137365 9.80637 5.99344 338.903 0.0622546 0.0002559 1.0412 30.0329 1.58525 8.2099 
0.0892552 0.0181604 1.50095e-05 0.575727 0.000119144 5.72744 0.000461325 4.03357 0.00737585 0.0265229 9.88133 351.126 7.41816e-05 4.97857e-05 1.04268 10.919 1.53594 2.07857 
5.91909 0.000328995 0.205553 2.15552e-05 2.63522e-05 1338.32 0.0406229 0.258574 0.0182697 2.06995 3.80679 21.6216 0.0148804 0.00476115 0.895429 33.1464 2.91871 4.05091 
0.0150091 0.223682 0.000345978 0.000118969 0.00343188 1694.25 0.0289509 0.281992 0.0139791 2.44766 9.61002 437.185 0.00122995 0.00220522 7.36671 9.59339 1.05193 1.14004 
0.896077 4.51287e-05 0.000179076 0.311584 3.97875e-05 1047.07 0.000348949 0.576917 0.165007 11.0396 1.71999 71.7047 0.0170807 0.000138611 2.90451 35.5052 1.53183 1.5357 
0.958866 0.0154612 0.166178 9.75412 2.73013e-05 0.0671973 2.68845e-05 0.213083 0.110193 3.01361 0.186858 94.6617 1.56899e-05 0.0288254 6.85034 39.5825 1.1606 1.65283 
0.0148955 5.58259 2.35097e-05 0.0017482 0.00934083 0.0918468 0.0013732 0.156546 0.309576 1.66545 0.0204612 99.3839 1.01704 0.000720283 1.34054 11.4568 2.25557 6.23582 
1.66689e-05 1.58396 0.000999625 3.96591e-05 0.000200955 424.147 4.3598e-05 0.0344593 0.00677703 0.0835975 0.743672 75.8666 0.0496709 0.000207242 8.45422 42.0089 1.08166 2.68728 
0.00361414 0.001913 0.744395 0.41345 0.536315 1164.32 1.62481e-05 0.455326 0.688652 23.6106 0.126441 150.666 0.309962 0.00617453 0.905167 17.8314 1.92044 2.05176 
1.51996e-05 1.21725e-05 0.00955985 2.77128e-05 0.00418376 34.9863 0.000145062 0.816076 0.0320158 0.129999 0.582231 315.522 0.0577965 0.00190281 2.16912 9.0427 1.35312 9.39203 
0.0051096 4.26644e-05 0.000222102 0.0670356 0.000853653 2.91074 2.1775 6.06412 0.0894175 2.10108 3.75829 483.401 0.123049 1.29803e-05 2.16501 11.5499 1.51667 2.73787 
8.9751e-05 0.000389597 5.84206 0.000270268 2.40206e-05 6.76801 1.0203e-05 0.046546 0.154099 5.25164 0.272128 71.7442 0.00830669 2.95034e-05 0.97463 11.7028 1.439 7.16399 
6.17961e-05 6.16012 8.19607 0.000430379 1.91924e-05 0.105683 0.0147669 1.42807 0.0819552 0.662005 0.536505 88.5591 0.0230141 1.55494e-05 3.97185 25.521 1.04797 2.4359 
2.91074 7.16223 1.80836e-05 0.000111805 0.00533223 0.116523 1.12694e-05 0.0940846 0.155904 63.1471 1.26913 489.291 0.869433 0.000281278 1.28105 17.9959 2.489 0.168061 
0.14893 0.000399164 0.000174388 0.00113794 0.888967 0.034891 4.68644e-05 3.9015 0.0141511 0.684019 7.7422 181.504 0.000106334 0.0210984 1.20422 21.9716 2.10828 0.595626 
0.0202903 0.0365907 0.00237148 1.50031e-05 0.00103016 0.0499333 1.0707 4.33038 0.0166869 0.0170478 1.90537 115.383 0.00174265 0.00742561 1.38144 38.4531 1.50747 0.613017 
5.84722 0.00513886 4.04059e-05 0.0202028 0.789222 0.646672 0.000138558 3.51064 0.764051 165.648 0.76378 201.833 4.98316e-05 0.00653308 1.85607 8.51026 1.07458 2.32324 
0.086558 3.57675e-05 1.26681 6.60587e-05 0.121006 15.3615 0.000452161 0.0826309 0.0579824 2.69109 0.782237 45.3769 0.28776 4.28098e-05 2.29013 20.3395 1.58588 6.26912 
0.00075008 0.000426155 1.95307e-05 0.0403968 1.80548 1.14016 4.63752e-05 0.455462 0.165521 7.76165 0.0507542 156.094 0.0201495 0.031543 1.74191 24.2225 1.83644 0.686559 
0.00848905 0.212324 2.47311e-05 0.0022718 0.391205 0.145469 0.000795067 0.447775 0.0117584 0.0635431 1.05737 458.09 0.00014151 0.00881241 0.93417 39.92 2.85619 0.185211 
0.000541123 0.0205092 0.00102545 0.00260753 7.37957 0.185855 0.0297824 1.71996 0.444732 118.954 0.465134 72.6372 0.000245118 0.000294033 1.2785 12.0186 1.03901 4.96445 
0.110953 2.36457 0.00119139 0.000514218 0.000351914 280.384 0.0153544 0.466803 0.506376 51.522 1.41543 493.082 0.0364494 0.0282856 3.71686 1.63963 1.06798 8.56255 
0.000628978 7.69016e-05 0.000541152 0.00653981 0.000143662 2.14525 3.63721 0.443899 0.0357459 3.29562 1.45504 10.8604 0.0116075 0.00178229 1.74844 39.1966 1.55993 8.08559 
0.00121616 0.168341 0.000823662 0.0128062 0.000147724 437.124 0.000807807 0.401869 0.0763068 0.286899 0.435764 59.848 0.0996166 0.000119192 1.29345 11.9376 2.20104 5.28177 
0.156064 0.823801 0.307301 1.61059e-05 0.00024463 63.7325 0.000174879 0.049065 0.0181829 0.127456 1.89894 166.37 0.000284622 0.000530333 1.96719 4.43315 1.18156 4.57492 
0.00168216 0.000978824 0.112715 0.011822 0.224108 1.81045 0.0028818 0.156 0.0926189 32.6228 3.03656 193.598 9.35384e-05 0.00741481 4.43365 4.84531 1.01771 8.60642 
1.29849 1.18322 0.00202029 2.53721 0.00497217 44.0464 0.235873 5.24601 0.222918 2.29962 0.108342 214.953 0.023007 0.00171787 1.2403 8.63425 1.82706 2.98698 
0.000899866 0.0331875 0.0139289 0.762697 3.48683 3.01546 0.0149931 0.652271 0.518507 193.469 1.29397 317.051 1.54282e-05 1.66974e-05 6.43786 5.713 0.925223 3.48681 
3.36308e-05 0.0397869 0.000162658 0.23722 1.51693 39.2528 0.344115 1.41636 0.136004 0.215648 0.000931171 112.038 0.00632086 9.10333e-05 1.13262 44.0117 1.55355 0.989295 
0.107101 1.88717 0.00891347 0.000321401 1.6064e-05 6.2903 3.55315e-05 0.729552 0.0127077 0.115232 0.475141 474.484 3.42853e-05 0.00643557 1.5405 46.9985 1.47154 0.185742 
0.00065359 0.026309 5.57429e-05 5.32251 0.00107639 0.530054 0.00260192 0.405303 0.794946 7.6455 0.0365673 478.542 0.00205599 0.00541801 1.12237 10.9915 4.44953 0.767052 
0.0178985 0.353679 2.39979 0.000102587 0.000245725 191.138 2.1611 3.53868 0.00504105 1.90625 8.16172 42.6052 0.000916413 0.00015004 0.682358 44.589 1.23103 2.75721 
3.29276 0.000573524 0.000144114 2.27379 2.38246e-05 56.2785 0.316183 0.430828 0.224526 11.6692 0.248659 57.4245 0.00547826 0.00113883 0.965039 12.7839 1.63827 6.98643 
9.85649e-05 5.81954 3.18122e-05 0.0674017 0.00412765 7.70642 0.149353 2.6982 0.0158789 0.198393 0.622583 357.15 0.0990284 3.15882e-05 2.65817 9.5686 1.19731 4.60129 
0.00135826 9.73738 0.00426895 1.95422e-05 0.00335553 0.350582 0.00735666 1.80072 0.0350845 0.968533 7.88657 174.861 0.0157354 0.00755445 1.04201 6.64526 2.58064 2.32145 
0.00945246 9.35685 0.00499616 0.0618139 0.0323104 0.848023 0.322808 0.640301 0.070752 18.3255 1.28468 93.3745 5.12838e-05 0.00036879 1.56613 26.8359 2.10967 1.3823 
0.000331111 1.61628 0.000179916 0.939025 4.13454e-05 322.359 0.00201883 2.40126 0.073798 3.37793 1.4088 270.72 0.00562132 2.3718e-05 1.58408 11.0279 1.51825 4.50426 
0.000109239 0.0101525 0.00651506 0.000156053 0.00102402 1.36645 0.218473 1.71299 0.208653 0.882284 0.576186 400.218 0.00119667 3.01147e-05 1.2556 8.60928 2.42491 0.648873 
0.000178221 0.872066 0.0196537 7.84868e-05 1.57268 7.06418 0.0153442 0.112106 0.00592024 0.0184245 1.81556 282.87 0.000481639 0.013497 1.09444 4.47649 2.94085 3.04671 
7.4702 7.19816e-05 0.00578464 0.14202 0.00250403 0.0284288 0.000293595 0.78906 0.307344 2.59371 0.0248758 207.747 0.112704 0.004194 1.14749 28.3079 3.57511 0.724279 
6.51166e-05 0.00158367 0.09257 0.000131375 0.000163525 0.879489 0.00160376 0.566548 0.047063 1.92645 0.558456 393.099 0.0981143 1.20513e-05 6.67195 45.6458 1.1426 0.377174 
2.09454 1.06983e-05 0.000204618 0.000121397 0.000244183 0.0306397 0.565724 7.77903 0.072263 2.07528 5.0991 189.656 0.000104071 0.00185712 9.23146 42.2351 1.18649 1.72015 
0.487643 0.0876572 0.000338539 6.20929 0.00575726 32.0471 9.83615e-05 2.23255 0.0463544 0.531814 1.23259 79.1655 8.67597e-05 0.00745137 1.82321 18.4983 1.41826 5.27485 
0.544425 2.93532e-05 0.204486 0.263507 4.94463 0.223288 0.00043928 3.33006 0.0623019 1.11495 4.84293 218.666 0.000712006 0.00994041 2.59876 5.30313 1.01152 4.38266 
0.586866 0.00716447 0.0118741 7.26087e-05 0.000390441 0.0255393 0.00775082 0.597544 0.736557 169.638 3.23862 136.397 0.135214 0.00365003 2.57701 11.4386 1.5421 2.66171 
0.00189347 3.74793e-05 0.128193 0.0148373 0.471912 1444.43 3.38007 1.30513 0.0167808 0.313194 1.89977 395.542 0.00105084 8.13149e-05 3.72411 6.69188 1.04777 2.06059 
0.0664331 0.00172328 0.000515991 0.305326 0.000102707 125.695 1.48579 1.15871 0.909065 252.726 1.27218 156.221 0.0143295 0.00172039 2.29231 46.2229 1.04821 0.808825 
8.47629 2.53648 0.950331 9.75968 0.146604 2.84228 1.97045e-05 1.14918 0.538061 13.3008 0.0660536 22.9732 0.00858621 3.83537e-05 1.08088 40.1561 1.26185 1.55621 
0.0146775 0.000353005 0.00131607 0.0105987 0.0581919 1.51246 0.00110704 3.82414 0.00617812 0.087294 1.08481 322.942 0.000625583 0.00170305 1.54472 17.3172 1.3614 2.38792 
0.118366 0.00228618 0.000435963 0.0050423 0.00706958 0.903657 0.00042299 0.331059 0.515084 65.2837 0.046308 244.975 4.08013e-05 0.0450582 5.06483 47.879 1.35582 0.220755 
0.000132674 0.151893 0.000425749 0.00498183 0.000533475 0.196098 0.677582 0.135137 0.0247874 0.0640592 0.183089 436.292 1.02575e-05 0.00353875 4.55275 42.0463 1.41695 0.132277 
1.93943e-05 0.000734536 0.00658077 1.35474 1.90398e-05 0.155964 0.00928404 1.91316 0.564182 72.7948 0.583643 300.417 0.0695763 5.98844e-05 1.41269 8.39819 1.69011 1.32072 
0.0233992 0.210951 0.0068813 0.000139935 0.204749 702.441 0.0355085 0.425358 0.496108 6.08473 0.0157933 217.467 5.90369e-05 0.000250252 1.37965 23.9948 2.45277 1.03909 
0.0148294 4.63154e-05 0.000132123 4.07298 0.00017408 0.0235257 0.0341821 3.6452 0.0510153 0.0957652 0.538864 18.1659 5.34609e-05 1.49319e-05 1.15632 33.9077 1.87411 5.73269 
0.216629 4.36793e-05 1.52106 0.0769043 2.45005e-05 0.0407402 1.26692e-05 0.335241 0.0163488 0.861264 1.3601 55.0494 6.98167e-05 0.00451743 0.883962 45.0508 3.00893 2.01937 
0.000287038 0.000343283 0.0165008 2.37151e-05 0.000677166 0.719912 9.78 9.5304 0.0227129 0.242716 2.73257 134.417 0.00140213 7.18081e-05 1.13732 10.9129 1.46027 2.65268 
0.00844789 0.00296795 0.903029 6.18646 1.53735e-05 1.32422 7.32134e-05 0.823113 0.0268148 0.118246 6.51036 78.1201 0.00262973 0.00111593 2.84543 9.81645 1.05351 9.28755 
0.00157605 0.140339 0.0151273 0.284281 0.000450976 14.2491 2.61066e-05 0.83743 0.00747178 0.0876929 1.76982 129.918 0.000489996 0.000418586 2.22915 6.56024 1.64959 4.88324 
0.000248654 0.121136 0.000829702 4.33992 0.000146289 25.6127 0.0016571 0.703191 0.212115 3.75315 0.0990145 229.873 0.000766755 0.000591815 7.71521 6.25809 0.906863 7.86767 
0.181382 0.0244361 0.00445226 0.113128 0.0439569 1846.95 0.249794 0.120727 0.016589 1.97468 6.90994 139.919 3.21187e-05 0.0215927 9.24282 17.7661 0.931997 4.72553 
0.0287129 0.00476712 0.00421015 0.00109442 0.00105225 1140.8 0.000385027 0.603872 0.0261878 0.0613136 1.8425 163.408 4.55439e-05 0.00373152 2.9579 37.037 1.40187 0.782419 
0.000296186 1.46802 5.08439e-05 1.07677 0.00034971 4.47223 0.000861579 0.109968 0.065465 12.9114 6.73554 180.007 0.188867 0.000358177 1.384 13.7298 1.7509 0.854924 
0.0278728 0.0260574 0.0166068 0.00401051 0.0717602 4.55132 0.00151467 0.744137 0.104078 0.810578 0.0524115 179.13 0.00092562 0.00594458 0.950759 14.6081 3.47632 2.09255 
0.00224794 0.404313 3.73864e-05 0.0548874 7.18258 6.20012 0.00117451 1.93639 0.00624045 0.056549 2.01076 222.813 0.0026577 0.220067 9.42346 11.2254 1.02811 5.51735 
5.67223 0.00497371 1.31178e-05 0.000293047 0.00237661 0.132816 0.0120485 2.03172 0.419293 5.84557 0.0710936 419.87 3.95618 0.0563048 6.70446 21.2845 1.21603 0.534293 
0.00601411 0.00494783 0.457782 5.02008 0.0249701 3.01311 0.0134909 0.297757 0.0123534 0.24167 2.58778 57.9841 0.0255401 0.016565 6.7317 36.5302 1.32414 3.3595 
4.23048e-05 3.09842e-05 4.32695 2.87242 0.00807735 20.423 0.147967 0.0270704 0.0500937 1.77012 1.52569 310.988 0.000958307 0.0036055 9.91209 26.8618 1.28968 0.717106 
2.48472e-05 1.3707e-05 0.0349629 0.0180971 8.13561e-05 38.1685 1.10388e-05 0.0682728 0.0237132 0.85468 0.958885 42.1625 1.27314e-05 9.7029e-05 1.57707 20.7273 1.4936 3.89346 
0.00220211 0.0244825 0.223635 1.55012e-05 0.00195794 96.8127 0.0819377 0.0614834 0.022313 0.234835 0.281073 414.228 0.0620896 0.000706392 0.91288 5.12623 4.75147 3.6529 
2.37131 0.0227948 2.37691e-05 3.20881e-05 0.0815871 31.5891 0.000114796 0.214665 0.264827 5.66394 0.43308 41.629 0.00171656 0.000211069 3.48757 34.2572 1.35863 2.50401 
3.73618e-05 0.00384487 0.155725 0.0376783 0.0627621 1504.45 0.125775 0.273237 0.0865397 3.71807 1.32424 111.799 0.00014678 1.18999e-05 1.2997 9.08885 2.79901 4.43043 
0.00228549 0.000275192 0.513194 0.00434245 9.00782 259.947 1.00293 1.32248 0.109371 7.31833 1.12602 209.732 3.22678e-05 0.000871271 1.10809 47.2798 1.74678 0.856314 
0.735913 0.00194067 0.000730832 0.000340099 0.0154409 8.74372 6.20965 2.48266 0.00552039 0.0543755 1.78382 228.953 0.000246367 0.00121633 2.15755 34.9641 1.00379 0.971825 
0.207942 5.87722 0.0681676 3.20209 0.00550316 0.71751 1.00904e-05 0.320705 0.0307451 0.163981 0.327457 58.8522 0.00928308 0.00023451 9.38718 29.3695 1.02892 8.82139 
1.52876 0.00335358 0.0393799 0.289339 0.164137 16.9815 0.025663 9.33118 0.00854174 0.112072 1.00003 482.445 0.000556243 0.00398479 2.99807 32.9781 0.961992 1.06482 
0.00246196 2.18828e-05 0.0620148 0.00303377 0.215604 756.848 2.57263e-05 0.186368 0.0266232 0.0954156 0.838296 152.752 0.00353716 0.000776203 5.2768 23.3768 1.26907 1.08926 
6.66959e-05 0.0990512 0.00242158 0.205338 1.28309 247.964 1.87124e-05 3.73331 0.676695 2.3027 0.0186662 195.503 4.19927e-05 0.0122965 1.19873 11.95 2.03384 9.70862 
0.188381 0.0725073 0.136802 3.7678e-05 5.48369e-05 49.537 2.15705e-05 0.314842 0.934996 11.3572 0.173217 106.511 0.00310773 1.38825e-05 1.5237 20.4826 2.15968 1.09091 
0.24238 0.000923266 0.0144958 0.163404 0.00615401 1800.05 0.00193347 0.792224 0.394857 3.41969 0.0439476 377.043 1.93563 0.000340133 2.02715 6.40833 1.19721 2.05062 
0.145384 1.84744 2.87892e-05 0.00147607 0.000372852 26.2763 0.673997 0.781562 0.00969184 0.142058 6.4696 78.8088 8.5021e-05 0.126665 2.14519 10.2786 1.65693 5.9635 
2.81714e-05 0.000619683 0.364857 0.00183375 0.000677212 25.0602 0.000112515 1.06444 0.0231228 0.0109778 0.68594 493.355 1.05754e-05 0.234843 3.09838 12.4032 1.59535 1.48071 
5.96915e-05 2.84483 0.000340977 0.00011124 7.40604 25.2231 0.0105076 1.60161 0.0930843 2.97584 1.51808 245.857 0.174326 6.67422e-05 2.64989 21.6689 1.32187 0.870374 
1.81812 1.23726 0.032338 2.25578 0.0137672 0.152167 0.0237302 0.555749 0.00595453 0.0838102 8.27298 220.745 0.0482312 0.093279 1.18329 6.23502 2.80657 4.31294 
0.00733853 0.870886 4.92939e-05 0.136367 7.55594 0.619827 0.000106414 1.60584 0.0101199 0.0967232 0.776955 18.3341 0.0179257 0.00529303 0.855701 35.8815 1.62065 5.11786 
0.713952 0.000233327 0.304719 0.00930745 4.01174 0.728801 0.0724106 2.60457 0.0356045 21.9002 1.09206 70.4637 0.040398 0.00906457 0.729145 24.5055 1.50729 6.13196 
0.00607559 0.00737786 9.58841 0.0014609 0.0965978 0.0100986 0.020696 0.0812408 0.00786305 0.0272693 0.664974 38.6718 0.000622632 0.0135484 4.5861 39.0567 1.00082 3.73482 
0.000573073 0.00181576 0.00852839 2.45833 2.24893 3.79447 1.18193e-05 0.577035 0.257405 0.258891 0.0145025 69.5088 0.000286489 0.00174093 1.05507 28.1123 3.54042 3.22072 
2.66856e-05 8.98467 0.317787 0.000352127 0.00153303 44.6893 0.000267509 0.988645 0.0289617 0.0838486 0.482423 123.81 3.7013e-05 0.000159923 2.51978 15.7283 1.01215 1.91566 
0.000321278 0.47582 5.65902 3.21685 0.786823 0.862847 0.00137034 2.046 0.0857488 2.25958 0.895991 132.796 0.023934 4.02376e-05 1.67047 28.335 1.61482 1.33577 
1.30151 1.61781e-05 0.0121985 0.000301155 0.0316373 752.691 0.000160597 2.46335 0.389436 3.57502 0.287627 112.341 4.59122e-05 0.00284763 1.38756 14.0967 1.51879 2.27545 
0.0015657 0.0375864 0.0183783 0.490598 0.0149124 0.38192 0.189511 0.999351 0.221344 0.819727 0.0442528 212.564 0.000160052 4.67942e-05 1.36156 45.635 1.63164 0.557178 
4.50409 1.58532 0.0195102 0.00603256 0.0601955 262.762 2.69619e-05 0.431437 0.605665 98.6631 0.271631 26.7911 0.000197965 0.00012532 1.59766 27.4267 2.10956 6.06379 
0.372531 0.482695 2.58201 0.00071033 0.00345191 2.46233 0.0235488 0.213621 0.172351 9.70537 3.09589 127.46 0.147557 0.0116259 6.82146 10.1581 0.943437 2.85264 
0.134193 5.35571 6.19494e-05 1.67211e-05 5.80725e-05 0.601744 0.000518968 1.31443 0.310061 6.75651 0.235742 146.6 0.00677677 1.1193e-05 0.882278 35.8494 3.09282 0.717725 
2.03098 0.00190696 0.000188806 0.000255608 0.00110255 1.74903 1.08519 0.697232 0.0632138 2.82881 1.1564 253.325 0.00804664 0.000542075 1.31962 2.91723 1.86572 8.5274 
3.58649 2.59962e-05 0.0389309 0.0761973 0.000433494 0.159853 0.101918 0.392795 0.429193 8.48928 0.117668 59.3691 0.00561215 5.14275e-05 1.36601 12.696 1.60779 4.90043 
3.90502e-05 2.00576e-05 0.0984479 0.00244758 3.12268e-05 65.6969 0.0108573 0.925464 0.0565183 2.51494 3.00849 144.292 0.0080974 8.04503e-05 2.24116 29.3197 1.80665 1.74963 
3.76366 0.0657432 0.293171 0.00114687 1.09059e-05 286.372 0.000193992 0.486607 0.0449404 1.89766 1.78197 152.908 0.00579321 8.63138e-05 1.29371 17.5121 1.68269 2.88161 
0.0014338 0.0177396 0.000208315 0.000103731 2.2548 0.0806199 0.00755084 6.90421 0.373859 1.26807 0.100873 493.056 0.159473 0.00304862 2.31562 3.33135 1.66034 6.61247 
0.935291 5.67817e-05 0.000746216 5.80947e-05 0.03512 0.101941 0.000152874 0.728921 0.14139 0.179095 0.0115602 331.185 0.000155803 0.0453544 6.5739 43.0731 1.42978 0.316511 
0.00226996 6.48434 0.000141132 2.95311 0.149579 21.0876 0.0035501 0.59893 0.164208 4.11371 0.0611613 15.6125 0.00561409 4.5815e-05 0.77482 36.0996 1.6829 8.7192 
1.93284e-05 0.00722241 4.31968 2.55957e-05 0.000542063 43.8134 0.00130368 0.884039 0.579927 164.724 3.34544 282.152 0.00529981 0.0460301 1.31487 8.21033 1.71133 1.50711 
6.81897 5.52863 1.06552e-05 0.00323842 1.45678e-05 363.995 0.654886 0.165707 0.0955473 29.2418 0.479287 81.4094 0.00153501 0.000914964 4.67772 20.3588 1.16488 3.88036 
0.0783636 3.94345 0.0110863 0.00204324 5.47623e-05 0.186023 9.98364e-05 3.20877 0.075572 0.132792 0.0328913 388.332 0.0641962 0.000778748 1.4116 42.8856 1.49408 1.02234 
0.00376459 1.71001e-05 0.174711 3.48222e-05 0.61477 0.22964 5.40783e-05 0.399724 0.990992 8.35481 0.0489435 288.875 7.48603 1.413e-05 9.27629 11.636 0.969281 1.96458 
0.0690998 2.33856 0.000184783 5.56662 1.41234e-05 64.6782 0.000281264 1.07857 0.00941841 0.0548849 2.92977 74.9748 4.59043e-05 0.000573881 1.2477 30.4905 1.2036 1.18225 
4.73009 0.112984 0.000639133 7.43631e-05 0.00073261 5.29522 2.28347e-05 0.86112 0.0152611 0.060405 0.502148 325.166 0.000193641 0.00922693 1.70904 18.6332 1.11622 1.40938 
3.92449e-05 0.000902005 6.96308 3.93299e-05 0.0104212 69.6483 3.66166e-05 0.421791 0.230409 28.4712 0.840119 129.057 0.000752368 8.71925e-05 1.2724 12.4037 1.24578 2.73788 
0.502588 0.966521 0.165073 3.79524 2.61852 6.81127 0.000127141 1.21636 0.103165 5.79032 1.50074 420.697 5.98443e-05 0.0270206 2.2092 3.04647 0.938452 7.15822 
0.260913 0.104433 0.00105433 0.0317505 1.46679e-05 169.706 4.59929 0.227985 0.0170949 0.356167 1.11255 12.9236 1.98801e-05 9.78871e-05 2.24049 41.7278 1.26818 2.88848 
0.000177835 5.85606e-05 7.52417e-05 1.64455e-05 0.223934 0.010897 0.00544202 0.231228 0.0653962 0.314663 0.360646 116.885 1.22435e-05 0.000180782 7.88287 36.1378 1.12519 1.38043 
3.52333e-05 0.0449693 1.7222e-05 1.65139 0.477012 185.452 4.10746e-05 2.28569 0.0116413 0.330261 0.581333 324.213 0.0365635 0.00880318 2.21359 33.4119 1.52053 0.261518 
3.10947 0.258295 3.96036 0.0499519 0.407772 51.9281 3.34859 0.031262 0.0163475 0.843994 6.53128 54.3458 0.0297963 0.0160664 4.26074 24.3819 1.05951 3.35201 
0.264623 0.0165442 0.0225519 0.000138395 2.87646e-05 457.502 3.88246 1.15757 0.324905 14.7426 0.182758 235.849 0.0242267 0.000283135 2.07415 25.967 1.4712 0.440651 
0.212213 0.00844205 0.0761843 0.0887122 0.000883128 6.0364 0.718028 0.181927 0.182079 0.703721 0.0199626 145.829 0.0083405 1.54078e-05 1.44266 6.56838 1.57419 4.70804 
0.157057 7.20855 0.000131345 0.00105289 4.17786 0.364682 0.000198563 0.659284 0.0753798 10.5848 0.21671 10.1198 2.7512e-05 0.000307397 0.746759 38.3004 1.57251 9.391 
0.00521422 0.00237625 0.00379656 0.00359057 0.00176263 737.459 2.37006e-05 1.22652 0.303992 24.8666 0.054162 479.256 7.50747 0.000523567 0.954575 18.3456 3.13847 0.284987 
0.000380874 4.54015 5.36889e-05 0.0036274 0.115574 1564.58 3.9854e-05 1.29669 0.082641 0.272795 2.01138 496.812 0.0703696 2.12273e-05 4.34561 34.8267 1.71466 0.160097 
0.99933 0.00557891 0.280484 0.000103143 0.491709 192.084 0.00279097 3.49443 0.0832721 8.26004 0.759957 377.99 0.00458256 0.00720462 1.46368 25.8993 1.05583 3.02308 
0.00297758 0.174947 0.0866824 0.394595 0.00872795 0.608566 0.014228 0.460368 0.0825314 192.287 2.50877 19.6953 9.61688e-05 3.27566e-05 0.924717 49.0998 1.73477 4.07108 
0.0058159 3.66401e-05 3.93581e-05 0.201154 0.000192007 51.5283 0.000350936 0.124257 0.245702 32.5319 0.264274 102.132 3.80495e-05 0.00170938 1.33818 14.5602 0.948693 3.18106 
3.85495 1.02627 5.61772e-05 0.000107091 0.000287758 6.4311 0.0439058 3.02373 0.24715 0.243939 0.0494789 318.24 6.73461e-05 5.86059e-05 1.78128 16.8335 1.41358 2.29505 
0.000513514 4.96819 0.0190931 0.000521944 2.79608 4.15397 3.81474e-05 7.13492 0.253002 8.07708 0.632982 258.368 6.29149e-05 1.78699e-05 2.2859 9.3193 1.33096 2.92228 
0.000581491 6.04456e-05 0.0957654 0.00521793 0.169224 0.267615 3.10683e-05 4.49018 0.0190866 0.197385 8.46848 280.438 0.0121327 0.00815426 8.94723 38.0087 1.11332 0.537929 
4.46591e-05 0.00103234 0.0547101 0.283512 1.32406e-05 7.304 9.57292e-05 2.11254 0.0392904 0.442354 1.09371 210.357 5.60125e-05 2.45286e-05 1.95908 13.6945 1.32468 4.27819 
0.104203 2.80301 1.42765e-05 0.0651994 0.0126858 0.174497 0.0085829 0.225382 0.128928 0.143288 0.000864703 124.978 0.98555 0.00100145 3.35633 20.0168 1.30462 1.66334 
0.00298006 0.014349 1.51776e-05 3.00171e-05 0.171515 1920.61 0.267668 4.2467 0.157353 0.324069 0.217044 277.347 2.19274e-05 3.83078e-05 2.92352 17.6576 1.53373 0.871152 
0.790384 0.0574759 0.000335615 0.181565 2.81372e-05 4.6778 0.000456491 2.74053 0.188968 0.100443 0.00542663 292.244 0.0187864 0.000717397 1.25987 30.6676 2.15413 0.339835 
0.000142895 0.0235372 0.143698 6.22191e-05 1.49738 149.224 3.21014e-05 1.81383 0.794448 14.8338 0.189589 473.31 0.102626 0.00426702 1.45925 4.22548 1.52527 4.45356 
0.665772 0.000102757 0.094728 0.0192378 0.263841 593.388 0.142876 0.770971 0.425856 116.518 0.484203 23.2766 0.000231701 1.63333e-05 1.13532 33.7043 1.09916 3.74621 
0.00424335 1.0529e-05 0.03366 0.00014398 0.0165523 185.074 0.177162 0.397936 0.00400598 0.0176052 1.97418 312.337 0.00106197 0.0180489 4.1809 23.9173 1.34885 0.510546 
0.19405 0.0700728 0.00688343 0.602336 2.39627 20.1503 0.000226553 0.991168 0.00754986 0.0858259 0.200067 249.023 0.000162404 0.00121308 1.05118 17.6115 1.24156 2.50695 
0.0292108 0.0195186 0.0258144 0.00429249 1.38064e-05 48.716 2.31118 7.4392 0.585277 101.203 1.74397 488.289 2.52203e-05 1.18572e-05 1.66033 19.2973 2.09076 0.726998 
5.21266e-05 0.110417 0.0409086 0.398487 0.000771785 0.0930503 1.35546 2.11456 0.65954 106.559 0.880279 315.191 8.56785e-05 1.65423e-05 3.49284 11.809 1.15039 0.928488 
0.0303202 0.000475639 3.36099e-05 0.000662965 0.0976683 806.371 1.36638 1.16927 0.0664328 2.6065 0.390444 256.207 0.000105403 1.50946e-05 1.66323 3.48487 1.50251 5.17207 
1.8389e-05 0.00580716 0.000514911 0.0826045 0.000368874 19.0726 0.0237355 0.695851 0.0287652 36.5311 6.31597 336.469 0.612884 0.00727626 2.58185 9.84251 1.15994 5.84721 
4.73016 0.0159581 0.00416855 0.000106758 0.675404 1.06444 0.00256718 6.01729 0.87288 9.13173 0.090886 149.617 0.000156325 0.000419786 7.69224 29.1468 1.13721 1.32414 
3.91096e-05 0.000181093 0.00160691 3.24252 0.00223185 1.18953 0.000317071 6.34445 0.164447 19.4598 0.126249 101.42 0.0032628 0.000690062 1.31831 21.4292 1.55174 1.45407 
0.00447169 1.25074e-05 0.00205069 0.0119582 0.0023572 373.207 0.000361444 0.478779 0.0608721 0.222089 0.212872 410.912 0.00508636 0.00213646 1.7853 17.5258 1.30277 1.11537 
0.0770447 9.47078 4.32658e-05 0.00227497 0.000452279 7.93108 0.00732945 2.40722 0.0225488 0.0968286 0.411104 63.2806 0.000208589 0.00113235 0.876159 40.4807 1.36884 4.6255 
0.182862 0.0124665 0.349463 6.11904 0.799676 170.8 0.000739425 0.552942 0.00285794 0.213453 3.0754 250.452 1.04113e-05 0.00501301 1.33861 5.45207 2.6425 3.75168 
8.66215 0.199388 0.000116471 0.978422 0.820206 363.098 0.00162532 0.809743 0.00178774 0.175954 4.04032 156.737 0.00146492 0.000852279 0.982045 18.6769 2.11165 1.20348 
0.0063395 0.00191243 1.41038 0.000789411 1.16675 1.13875 0.0358209 0.376618 0.116441 0.0110679 0.00414379 48.1336 0.000715365 0.0014821 2.18316 16.6677 1.21954 6.05873 
0.423819 0.000188356 0.00801617 0.0270921 1.02031e-05 77.1646 0.00528268 2.05468 0.521188 0.499862 0.0101036 212.324 0.0147018 0.0237753 2.16444 4.98683 1.22096 2.68613 
0.540809 3.97098e-05 0.0912167 0.0721501 6.31756 0.777273 0.56346 6.24128 0.0178971 2.18644 0.775026 327.161 2.50135e-05 0.000636493 1.02472 11.8306 1.81832 3.4967 
0.000911112 1.30811e-05 1.13689e-05 0.77052 0.0296009 27.1754 0.00100017 0.614636 0.0629532 5.47304 1.01563 29.5795 0.0417094 0.000162354 0.95079 28.701 1.57355 4.41684 
0.00557881 0.000104065 0.0997056 0.00959474 0.000112982 0.010863 0.159999 0.397145 0.668842 139.267 1.45325 244.331 1.25992 0.000286158 1.67927 9.49684 1.87299 1.18564 
0.0480116 0.000389653 0.0386305 0.833016 0.143977 168.301 0.0790759 3.20964 0.404751 0.950395 0.0162293 390.364 0.0228062 0.00696583 2.59349 18.9134 1.35213 0.977712 
0.676156 6.27641 0.00026434 0.501585 0.000147814 5.05008 0.0013182 0.0865644 0.0998673 0.449494 0.0190049 173.666 7.73393e-05 1.11079e-05 1.63655 6.2632 1.72874 2.88606 
0.0195583 0.000185831 0.0132889 0.237069 0.437065 7.09435 0.00280081 1.63663 0.305344 188.967 2.67434 126.234 2.00678e-05 0.00734645 1.69306 22.8489 1.30154 3.0709 
0.000210003 0.0241165 1.2036 0.213652 0.00705604 747.563 3.78126 7.95042 0.522046 95.1927 0.742472 234.197 7.44332e-05 1.01718e-05 0.961924 18.5458 1.54816 5.34609 
4.15731e-05 0.00493082 0.00384152 6.50974e-05 0.144681 0.0245073 2.74006e-05 5.93898 0.982238 43.5404 0.166426 168.856 0.0173373 4.08363e-05 1.15418 13.9702 2.09502 3.08953 
0.000610356 0.000949663 0.0610495 1.86286e-05 8.93892 490.704 0.0471826 1.51291 0.0344169 13.941 1.00223 83.9999 0.0221787 0.00169992 3.46209 15.6845 0.964891 3.18408 
3.14279 0.0029304 0.825318 0.00127497 0.965463 0.735601 0.83655 0.236174 0.212879 2.50676 0.243547 255.596 0.00517267 5.57216e-05 3.519 8.89473 1.0816 2.11452 
4.09995 0.0330758 0.023912 3.26745 0.0119203 1.79837 8.10622e-05 1.59666 0.000461581 0.0152035 7.77534 165.091 0.000119497 0.000135246 1.9932 42.4305 1.49361 0.540911 
0.010231 0.043549 0.00222339 0.00983633 5.0099 11.2119 0.000557496 2.07691 0.0799639 0.256472 0.035643 24.3153 3.10767e-05 0.000135252 1.04241 26.5519 1.14499 5.79131 
0.00327046 2.4488e-05 0.00257503 0.00483 0.000227249 7.28127 0.00113765 1.65567 0.121156 2.43146 0.0477183 335.79 1.58445 0.0510422 2.94198 18.5387 1.31603 1.71921 
0.000563099 0.399055 0.106796 1.66748 0.00354643 551.432 0.000299256 1.29573 0.0336317 0.280545 0.595511 420.322 0.058659 0.0113247 1.8836 5.82469 1.41094 6.60147 
1.07741e-05 3.27746 0.00479014 0.000376264 0.00306188 33.7114 2.46963e-05 0.941039 0.810991 126.43 1.4354 274.127 6.13043e-05 0.0022971 1.50023 27.9891 1.89954 0.281288 
0.000668435 1.48752e-05 0.00450803 0.000257968 0.0742891 718.279 1.52928e-05 0.0479435 0.0793086 241.12 0.818439 43.013 0.033217 0.0184048 3.88829 19.1982 1.11657 5.08172 
0.00110187 1.17812 2.91987 4.64679e-05 5.0051e-05 0.145662 0.262433 0.771704 0.107953 0.189845 0.0262749 12.8342 0.00321764 6.19338e-05 1.42186 43.0607 1.26412 4.69429 
3.16501e-05 2.22047e-05 3.40827 0.316347 0.365801 1301.61 0.0921933 0.0405777 0.0254594 0.0169466 0.118522 102.904 0.000304974 5.26932e-05 4.72645 30.0225 1.31665 0.829389 
4.80412e-05 0.349376 0.0256192 0.000727532 0.0029909 5.17945 0.00397524 0.404928 0.522213 1.44033 0.019969 298.047 0.0112802 0.0249667 2.56418 44.5723 1.62873 0.338505 
0.00856638 0.000100361 4.14954e-05 0.000184517 0.00010102 0.265392 0.000121495 0.63216 0.853534 0.590698 0.00758553 71.9321 0.00232141 2.0535e-05 0.941427 9.55844 1.46431 9.67056 
0.00126808 0.423265 0.00507501 0.000117266 9.77279e-05 2.57038 1.3779e-05 0.230326 0.23225 92.0981 1.39012 318.594 9.78003e-05 2.93201e-05 1.20112 4.41191 2.98324 2.82175 
0.000208322 0.227053 0.173473 8.8512 0.505135 0.325856 0.136013 1.65975 0.0308028 0.417048 8.27276 221.489 0.004112 3.18897e-05 5.48327 18.2314 1.22642 0.860904 
1.89395 0.000605787 0.00834649 5.23863e-05 0.0159931 1051.73 6.85697 1.00069 0.0841462 13.2593 4.25822 386.303 0.00576968 0.0303684 1.91339 4.97349 1.64507 4.09473 
0.00183015 0.000783278 0.0404581 0.0430751 0.00371057 45.199 0.0100863 0.312073 0.00641035 2.48204 9.21018 329.438 0.00121793 0.0106336 5.85333 35.5232 1.2834 0.432987 
5.56416 0.0119811 0.000632393 1.9645 0.00317553 1850.84 1.54491e-05 0.613858 0.642946 31.6159 0.550374 206.22 0.000147074 1.02961e-05 4.30285 14.0845 1.19378 1.133 
0.00172723 2.52786 1.52182 1.77234e-05 0.00429926 2538.9 0.00050937 0.560955 0.84017 3.37119 0.0596618 149.293 0.0604635 1.60028e-05 1.64913 6.55496 1.42187 5.42874 
0.216859 0.00011271 0.676424 7.81835e-05 0.0357709 0.0343348 0.00046249 0.592939 0.477053 2.75934 0.0576712 78.0374 0.000527739 2.83276e-05 1.29804 8.39754 1.96318 2.80431 
0.00126822 0.595589 0.0484138 0.0236075 1.49959e-05 2552.16 0.617052 0.422578 0.312884 14.6932 0.257778 103.267 0.234396 2.66867e-05 1.24735 32.8674 1.14838 2.536 
7.58793e-05 6.61492e-05 0.000308705 6.71515 0.0102592 0.499921 0.000203463 1.01777 0.205063 146.927 6.83947 58.605 0.425965 0.000456659 5.25468 18.957 1.10667 5.51745 
0.0019881 0.0488794 0.00429155 0.000923345 0.000652606 1.65452 0.067201 0.349253 0.0924446 5.61465 0.281764 273.177 6.04314e-05 0.0126991 1.24902 3.82825 1.6093 2.18574 
6.68788 0.00784158 1.5649e-05 0.0335362 2.3179e-05 4.45146 1.33277e-05 0.52787 0.593791 57.9328 0.115927 46.3267 0.0693953 8.93271e-05 0.974294 24.9099 1.72895 4.44947 
0.0973757 0.033523 9.97198e-05 0.103265 0.00086599 0.260158 0.0615885 1.90103 0.0123902 0.0536854 0.0534814 450.359 0.00046915 0.000160073 1.69525 28.5622 1.45769 0.655076 
0.000344358 2.92461e-05 0.00395107 1.13169 0.0161452 777.112 1.93057 1.27168 0.00748233 0.0152359 1.15457 365.124 3.35485e-05 0.000399735 3.50152 13.4033 1.27574 0.525573 
0.000407505 3.46589 0.00135789 0.00348729 0.000625874 110.531 0.12783 1.40906 0.0199088 1.30212 7.06072 28.2921 0.00547696 2.81731e-05 1.51481 26.9157 1.38299 2.39855 
0.00579238 0.000151802 2.95006e-05 0.00180585 9.57351e-05 1.12168 0.000536897 2.74299 0.0666093 1.20856 0.570864 308.306 0.000469447 0.0240187 1.20942 22.0951 1.75493 1.46181 
4.82521 1.39852 0.792703 0.120419 0.410761 1.66989 0.008575 5.37381 0.0907829 2.61296 0.706316 153.578 0.00561192 0.000166356 1.207 47.3972 1.35249 1.88956 
0.276243 1.58962 0.191685 2.19379e-05 0.0214695 10.0162 0.333263 2.75552 0.118062 34.4632 3.14966 54.7477 0.0346171 4.54973e-05 1.3489 38.1058 2.33523 1.99128 
0.000973887 3.61856 0.553458 0.0220764 0.75202 260.663 0.030543 6.41737 0.608335 91.6981 0.294837 242.398 0.00662376 0.000142241 1.11333 45.1748 1.54702 0.648017 
7.80504 6.93601 0.224611 4.39504e-05 3.34559 106.057 0.0200768 0.452769 0.249707 2.32964 0.0844165 113.781 1.39194e-05 2.09658e-05 2.88632 22.4956 1.53953 0.878407 
0.129855 0.242786 0.821515 1.17355 2.38551e-05 50.8978 0.0414947 1.0434 0.705026 55.8886 0.126959 253.812 4.22347 0.000428375 1.66885 7.76266 1.55587 5.4989 
0.00358585 0.174369 0.394914 0.000469026 0.00130082 28.8836 7.77499 1.35394 0.0686821 21.0923 3.59528 261.819 0.0176505 8.4165e-05 1.20797 35.4724 1.83976 0.577703 
0.00472238 0.959644 2.51858 0.0852686 0.0566037 2937.73 5.41856e-05 0.101999 0.371875 0.95905 0.0121971 51.1129 0.0130437 0.000162382 1.21312 25.154 1.31632 3.03287 
2.79093e-05 0.0150804 0.000541586 0.0783316 0.146377 4.2535 0.499442 0.959325 0.940277 36.7739 0.115408 197.581 1.40828e-05 0.000584533 2.16345 3.16956 1.46601 4.70929 
0.000378226 3.55073 8.77721 0.00160875 2.6795 0.0193077 0.426984 2.40534 0.0325109 0.0112741 0.0205094 34.8983 0.00195855 0.000872827 1.50798 44.3677 1.53875 1.44854 
0.00117833 0.205899 0.0113367 0.000207732 0.000111401 2163.1 0.000546712 0.733553 0.0617608 0.120402 0.78494 315.192 0.0224923 0.000276266 2.06214 43.1658 1.89504 0.246426 
6.53797e-05 0.00890901 9.2099e-05 8.23097e-05 0.101652 0.0437412 1.19455e-05 2.92849 0.222005 2.44624 0.157134 260.9 0.0325219 0.000872386 2.22053 47.1872 1.7945 0.439819 
7.1302e-05 0.0108833 8.56336e-05 0.000612672 0.000696392 2854.17 0.00646834 1.18318 0.0083205 0.0951619 1.86972 84.8392 0.000946408 0.00031532 1.24545 9.88052 1.35495 6.11775 
1.01983e-05 0.00735088 5.69402e-05 0.000854458 0.135486 1207.64 0.0108548 0.406676 0.0745132 0.0525683 0.0168392 184.753 0.000562004 0.0155636 1.12045 6.97411 2.3888 3.36849 
5.04616 6.66582e-05 0.0234593 0.000558115 0.224809 464.672 0.0260858 0.837245 0.0516537 3.25316 0.0483465 179.172 4.0189e-05 0.00014435 1.29458 31.8122 1.47966 0.96076 
0.0374349 0.00111682 0.00038264 0.0016472 0.0998006 0.124404 0.059329 6.84645 0.00928496 0.156737 2.17289 279.423 0.106263 0.000228679 1.61322 11.6677 1.95409 2.19277 
0.000275247 9.62519 0.00164975 0.434437 0.00614929 0.0327504 0.00594809 0.539301 0.00590011 0.214193 0.616527 63.8627 0.000399637 2.87088e-05 1.98248 11.5999 1.65191 5.48279 
2.55146e-05 0.000407495 2.11913e-05 0.639108 0.165557 265.109 2.20024 0.790497 0.00216032 0.0443235 1.36598 48.7361 2.63213e-05 4.18468e-05 1.2553 14.7974 1.99718 8.83127 
0.000790134 0.00375098 2.27402 0.00185771 0.087838 4.17207 0.0273371 0.497695 0.0423 4.93219 0.408274 290.095 1.78805e-05 0.00766021 1.98269 24.6019 1.46541 1.08636 
0.000152662 0.0596698 0.000101273 2.19943e-05 0.0171994 3.71093 0.00154071 1.33068 0.694114 242.014 5.95378 93.0815 0.00294126 0.00439116 2.17996 9.32349 1.08486 3.99409 
0.18955 1.7148 6.96171e-05 0.00138694 5.86629 0.0369738 8.77387e-05 0.218719 0.00896167 0.0919641 6.48936 99.9984 0.000261845 0.000306909 2.03527 7.74392 1.17413 8.26827 
2.46773 8.60541e-05 0.0114524 3.62602e-05 0.00280273 0.0241385 0.0545524 0.376258 0.271655 15.7299 0.337475 31.9499 0.000265659 2.28219e-05 1.39845 36.9045 1.84183 2.41257 
0.00820719 1.21116e-05 0.474355 3.35715e-05 0.00394807 2796.48 0.335088 0.163071 0.286773 21.0804 0.262606 396.944 0.00365037 0.00751912 1.3674 2.22838 1.75953 7.63081 
0.0499663 0.767526 0.00161887 7.08933 0.00218715 0.164224 0.00221115 0.660318 0.0947516 0.948009 0.00772786 453.158 0.00134052 0.00134049 5.90498 17.2345 1.33448 0.551445 
0.190131 6.69942 8.25995e-05 6.50911 0.0203689 0.0116583 6.13433e-05 6.81392 0.0322695 0.114858 0.0850101 205.806 0.113956 0.000989614 1.31249 13.8562 1.67518 5.43222 
0.84714 0.00117087 0.189269 0.000158833 4.77299 2.4814 0.00882672 1.14287 0.392126 57.3807 0.375778 48.5082 1.54469e-05 2.87762e-05 1.86817 17.9713 1.22819 6.19962 
0.00414183 0.00675684 0.0153912 0.534167 0.0465009 979.647 0.000482339 0.265477 0.0133331 0.0102146 0.00821788 445.919 3.2607e-05 0.000691532 9.68501 23.0141 1.16229 0.611949 
0.000146209 8.62899e-05 0.00185238 1.35706 0.0274432 1.74662 0.133798 0.854299 0.930158 19.3612 0.0143762 322.284 0.0109208 0.0290414 6.37067 9.51359 1.32685 0.925399 
2.28861e-05 0.635287 0.00475213 5.04771e-05 6.32923e-05 2.81091 0.000868424 3.45417 0.108336 0.0849671 0.0469253 401.392 3.85337e-05 0.0109036 2.1026 24.3354 1.14213 2.11357 
0.189978 2.07466e-05 1.57655 0.0277325 4.03504 0.271191 0.000991099 2.17431 0.244238 3.36809 0.0412069 353.969 0.0108921 0.000283621 1.3056 9.48324 1.74033 1.70004 
0.0970054 0.0273592 0.017764 0.000344712 0.000632085 0.0708448 1.47491 3.24962 0.0215978 0.402022 0.0648588 318.36 0.00142399 0.00012397 3.03559 16.1083 1.17808 0.879266 
0.00865527 3.68783 0.148981 2.0362e-05 0.000465558 0.0421081 0.00166428 4.79738 0.0938228 67.5635 5.44483 331.689 0.00597208 0.0124697 1.82861 35.804 1.68114 0.858274 
0.83425 0.000398158 0.158031 1.69819e-05 9.42831e-05 130.09 0.865338 0.929218 0.246239 13.7357 0.782677 334.828 0.00306082 0.118667 1.33925 3.45812 1.89481 7.00328 
2.73215 7.64469 0.000558975 1.89514e-05 1.56842e-05 0.0751329 0.0353205 7.04763 0.131157 13.2888 0.107783 52.5988 0.000837071 4.17246e-05 1.45321 36.9598 1.05681 1.58428 
6.26858 0.00215638 0.000185969 0.000339814 0.0165431 0.066382 0.000433775 1.5505 0.00916801 0.0355685 0.0859555 330.944 0.00806677 0.00293128 1.11689 7.95759 2.53043 1.45485 
0.00081241 0.000497315 0.72165 0.662046 0.0186239 78.9979 0.0427365 0.0460158 0.0136662 3.14429 8.00588 69.9688 1.91264e-05 0.00137291 1.45579 22.5717 1.3455 1.65962 
0.0017009 0.711045 0.442883 3.67762e-05 8.56911 0.131207 6.89118e-05 9.50231 0.922566 123.191 1.33718 228.182 1.18609 0.0363842 1.87901 20.8586 1.542 0.548965 
0.0102883 1.85001e-05 0.0148986 0.128909 2.55749e-05 2.23922 0.00676722 3.45572 0.038159 44.3742 8.41943 422.552 0.000189351 0.0207441 1.98049 20.6972 1.27162 2.62897 
2.87211e-05 1.80754 1.03767e-05 0.0198902 0.363267 0.205327 1.92338e-05 2.30418 0.121069 2.23948 0.0796441 83.6359 1.26817e-05 3.47178e-05 1.30804 12.3016 1.53483 5.9222 
1.06513 0.450344 5.06123 0.176816 0.946324 13.5301 0.00370744 0.0357701 0.218035 107.422 1.28867 204.137 0.000828521 2.73021e-05 1.45954 19.442 2.12371 0.540306 
0.00732769 0.00110433 0.000216319 0.00178866 0.00499683 0.628007 2.16075 9.36748 0.503254 314.288 0.271186 242.483 0.0488594 0.00307035 1.08525 8.67947 1.20455 9.65242 
1.30919e-05 0.0178205 7.7293 0.00825218 0.000264926 0.853172 0.329504 0.222111 0.159809 0.514216 0.113082 88.1575 2.3647e-05 0.00936663 3.43118 46.5021 1.3259 0.433521 
0.000240562 4.54128e-05 2.97811 0.305743 0.00011565 0.0396425 0.263882 1.8752 0.0347063 0.360674 0.0917091 86.1108 0.000629901 0.0256231 1.71164 10.2771 1.52886 7.25982 
1.27901 0.513693 0.000894148 0.487396 0.00106693 28.2778 0.0326826 2.24098 0.0110285 0.283071 0.584978 19.5041 0.000537196 0.0013787 1.80891 43.3663 1.13284 3.12808 
0.00561178 2.17779 2.10859e-05 1.863e-05 0.00861581 4.68247 1.7027 1.29507 0.00709036 0.055509 1.01924 320.099 7.11351e-05 6.14992e-05 2.04684 14.346 1.15258 1.10732 
0.285037 0.42597 0.00376717 4.48926e-05 4.61506 0.0336109 0.000605179 3.04663 0.0353197 3.27608 0.852526 369.59 0.000522343 5.28061e-05 1.91285 13.2239 1.29282 1.0501 
0.000100016 0.00160191 0.0449135 9.93327e-05 0.853364 106.506 0.0118268 0.203209 0.00629162 0.105008 0.137015 17.8025 0.0022454 6.81143e-05 1.5671 22.4835 1.2688 7.21395 
7.62837 0.131167 0.00049408 0.000425038 0.0338114 2027.67 0.000264797 0.24546 0.0388707 34.8739 5.10839 418.127 0.0148313 0.00253335 1.29638 6.05256 2.02004 1.11249 
0.0162062 0.589195 0.596823 0.00036315 0.000979513 0.976825 0.000178188 0.196993 0.348674 3.41059 0.0234706 183.05 0.00192645 0.00022691 1.94109 26.9774 1.22616 0.572062 
2.66902e-05 0.00486845 1.65471e-05 0.627178 0.000262888 265.977 0.00355091 3.09915 0.00611973 0.858462 8.32923 208.601 0.000180597 2.67835e-05 2.23447 38.9023 1.26198 0.367252 
3.35006e-05 9.94028 0.0124263 2.21259e-05 0.000876437 2165.68 0.327249 0.456102 0.0190871 0.178469 0.264109 426.431 0.0165265 0.000886918 1.80538 2.19768 1.16707 3.43496 
9.17594 0.00253078 3.24147e-05 0.303291 0.00252125 0.0414424 1.77863e-05 2.60477 0.206562 2.08801 0.368194 85.7716 8.49997e-05 0.000425927 1.71601 9.13186 1.47574 6.32016 
1.49732 1.03554 3.06868e-05 0.000313291 0.706389 596.903 0.000490226 2.03815 0.0987723 3.56296 0.531516 320.839 0.000739748 0.000838227 2.82273 46.1286 1.29817 0.189115 
1.20027 0.00109648 0.0122474 2.85129 1.24398 0.391779 0.317012 5.55459 0.0106106 0.483142 8.51634 354.833 0.0696146 3.20983e-05 1.81238 47.2124 1.66949 0.254702 
0.00562121 9.05761 0.0306367 0.882847 5.7397e-05 109.904 1.69184e-05 0.642263 0.0315393 2.24804 2.67089 459.326 0.0724259 0.0785192 1.45226 29.7933 1.87771 0.286001 
