0.00161454 0.00419977 0.0919773 0.00308198 1.5083e-05 0.20119 0.0269538 3.78925 0.0262563 4.14111 0.0278454 456.045 9.52824 0.0101731 0.000372132 1.57287 0.540322 1.36513 
4.17808 0.517841 0.114232 0.0116441 2.05961e-05 340.041 5.8674 0.000941478 5.23969e-05 72.2972 0.0166452 199.843 0.000298129 0.000289615 7.83768e-05 16.6886 0.581584 9.56284 
4.82224 4.0866e-05 4.15023 0.0002561 0.0352892 96.6899 0.000984852 0.139335 0.00413356 167.448 0.0308814 260.881 0.0514198 0.217064 0.886415 5.82688 0.273117 0.916565 
7.14738 1.47347e-05 1.24636 0.000364718 0.010463 0.686868 1.34611e-05 1.37589e-05 0.00704187 76.7042 0.000395861 7.48076 0.0942083 0.14725 4.22396 6.48085 0.0298639 5.77686 
0.00361841 0.00164103 0.00143408 2.13553 6.05795 3.30492 6.09976e-05 0.00194707 0.00283549 0.0542758 0.00798759 20.1537 8.16097 2.7817e-05 2.1606 49.7787 2.42765 0.435028 
2.54891e-05 0.0766299 0.0125548 0.643415 0.0053372 315.35 0.760217 0.28646 0.00145633 77.0318 0.006963 1.01546 0.000102183 0.0060062 8.07633e-05 22.5676 0.77627 4.77102 
1.18572 0.00413719 0.352637 0.149091 0.000563426 0.573801 1.40692 7.80144 0.0172212 72.9816 0.086411 0.472281 1.26242e-05 0.236281 0.00124982 5.77573 1.84491 0.925605 
0.00306697 0.000376381 0.000112191 0.000336712 0.988149 405.715 4.9125 3.82165e-05 0.00048085 5.23545 0.0234588 7.38051 0.699991 0.00136195 0.000800136 48.178 1.46576 2.0035 
0.0018841 0.0107355 0.394021 2.92574 0.00332769 0.477619 0.0244557 1.74 0.0548854 0.09215 0.000987026 21.0845 0.000510521 0.00659084 3.44758 9.92788 0.0531409 5.79792 
3.24364 0.0782041 0.057309 0.000499334 0.000330869 4.44455 0.0006705 0.267544 0.00658816 0.0131909 0.000129565 7.85262 0.561841 0.0241974 0.0473636 4.0558 0.333469 2.75656 
0.0515516 0.0347805 5.65866e-05 5.2846e-05 1.45371e-05 0.0841561 0.0255716 0.00175229 0.693361 1.02537 0.00107103 0.593603 3.94376 0.00446871 4.30104 7.97599 0.0255788 4.50566 
0.0972466 0.0150164 0.578815 0.000190558 0.21797 112.547 1.26323 0.80941 0.000738457 0.115284 0.107811 0.0113849 0.787284 0.00113723 0.0482731 16.8415 1.51832 0.459524 
0.000102752 0.127813 0.386294 0.000919345 0.000266619 123.374 0.00390904 1.91048 0.0896603 4.64601 3.58534e-05 0.733076 0.00300674 0.000183239 0.940767 41.3089 0.0370703 2.25227 
0.017658 0.00108637 0.0233444 0.00118871 1.28218 68.2995 0.0963032 0.00139104 2.73513e-05 23.137 0.220927 436.695 1.53664e-05 0.0149377 1.65187e-05 26.1265 0.793663 0.399839 
0.363802 1.18452e-05 0.0447636 0.0705738 1.84719e-05 15.5082 1.35532e-05 0.0392811 1.92439e-05 250.978 0.0047313 37.7577 0.00693874 0.00727531 0.0148001 8.80795 0.244363 1.76732 
0.044027 0.751631 0.637453 0.713024 0.000214806 0.0146937 0.00012412 0.00206633 0.0139115 0.0426331 5.68218 0.0147432 0.264949 7.00888e-05 0.0384715 1.13776 1.17363 8.58838 
0.00047852 0.000459173 0.00204291 0.25862 1.14986e-05 56.5619 0.16042 3.10007e-05 0.00106804 0.0841745 0.188727 3.50075 0.00170127 0.241261 0.00993192 1.31457 0.929912 8.04233 
0.0513065 0.151393 5.51712 2.43073 0.00930485 0.115573 1.11642 0.523728 0.000977165 0.50965 0.00345484 212.543 2.41161e-05 0.0110558 4.40377e-05 31.0473 1.35431 0.6433 
0.109405 0.000821772 0.000504178 0.0167432 0.000363087 0.168184 0.0560007 1.88983 0.0435576 0.298322 8.83123e-05 2.29331 0.00197919 0.0115346 0.00622659 31.6124 1.2978 3.0873 
0.000709831 0.00805336 0.000112313 0.00405867 0.658457 2.59506 0.00254195 4.65101 0.000113484 126.982 2.68977e-05 0.302262 0.0266914 0.427702 0.110647 4.16662 2.83279 7.30311 
2.85637 1.81765 7.4178 9.18677 0.000105405 1.9795 1.13329e-05 8.72923e-05 0.000570886 0.0395125 0.00103815 4.5275 1.50141e-05 0.00219913 0.00180813 38.0916 0.404622 1.13889 
0.00405839 0.000258891 0.00925136 0.000645634 5.51112e-05 83.5042 1.04078 0.00192944 3.17684e-05 7.32741 0.0475343 0.169051 1.02151 0.649428 0.356505 2.92496 1.24931 2.02929 
0.0905788 8.1826 0.00176677 0.00101249 0.0137399 1288.33 1.03461 4.60191e-05 0.000108675 0.705862 3.18658e-05 0.0763783 0.0872627 0.00389013 0.000110297 12.8208 1.42809 8.31456 
7.5304 1.77141e-05 0.000229652 0.00631678 1.20622e-05 58.8964 1.14775e-05 0.000185677 0.230654 2.54592 0.00137554 0.017574 0.00908091 0.00630447 0.121839 32.0791 0.88141 1.31674 
0.000177806 0.471396 2.80375e-05 1.21299 0.0019053 0.0162187 0.0113665 1.81567e-05 0.912739 103.681 0.00035393 0.333363 8.03678 0.127402 0.0171743 3.85508 1.16093 4.95739 
5.39034 0.0438421 0.306065 0.00979224 0.0242674 0.729165 0.0174898 4.25393e-05 3.95878e-05 0.768558 0.000500497 126.502 0.014466 0.0127712 1.03518 12.2668 0.109344 3.44506 
5.66874e-05 0.000115482 2.72003e-05 1.67296 2.59893e-05 159.434 0.0186755 4.85081 3.09957e-05 37.9541 0.00241657 0.0145831 0.000241917 0.193031 1.59318 3.84916 0.302425 1.18394 
1.46506 0.0994893 4.894 0.000153997 5.09672 583.403 5.24528e-05 0.193157 0.0316134 0.0331143 6.87009 2.87353 0.000176072 0.0139321 0.280928 24.7195 0.220277 6.07803 
0.271713 0.740233 0.200018 8.14655 4.09917e-05 389.456 0.00665695 0.00857398 0.00138608 19.0685 0.000440163 214.653 0.140826 0.0049241 0.00253263 30.7861 0.658659 1.03305 
2.34194e-05 0.498415 3.11171 0.0166865 0.00587032 60.3754 2.56856e-05 1.34376 0.000419789 195.723 0.000144559 6.18349 3.91878e-05 0.241292 0.000355683 7.68028 4.75909 5.30233 
0.0015003 1.08131 0.00120213 0.824012 0.00547794 2643.95 1.96487e-05 1.67129 0.0283783 0.18746 0.04715 0.0616509 0.299404 0.340494 0.000209464 3.38275 2.94503 5.33715 
0.711671 2.4432e-05 0.349717 0.000919316 0.00219622 2.84666 0.439324 0.391103 0.00914131 284.421 0.317954 0.717703 0.0959177 0.816518 0.4199 0.910007 2.21082 8.34248 
4.949 1.30586e-05 0.00535025 2.05061e-05 0.12059 2.33815 0.59942 0.00105429 0.50206 48.2684 0.00107395 0.159856 0.000631258 0.0941249 0.00179762 3.77491 1.29512 2.53019 
0.00218611 0.0041072 1.02353 0.000349137 0.883914 135.252 7.88606e-05 2.91851e-05 3.63584e-05 16.7271 0.000887937 3.08274 9.69294e-05 0.188737 0.00202995 4.53168 2.62599 2.359 
3.59298 6.50052 1.15251e-05 2.63986 0.00592119 1722.86 0.000293313 0.00019212 7.8592e-05 99.0557 1.95374 1.38099 0.243708 0.00230987 0.00179248 11.4295 0.645815 2.97858 
2.08768e-05 3.09125 0.231186 0.0025266 2.35698e-05 7.23189 4.91611e-05 0.60011 0.0015008 0.472353 0.0376516 0.697149 0.00350945 0.0162036 0.00762785 21.2794 0.986484 4.94579 
0.000384413 2.01326 0.147301 0.010963 1.0258 115.61 0.000124723 0.00025788 0.000627414 0.0197035 1.03046e-05 15.4893 0.000570568 0.00486029 0.00189438 33.3291 0.690915 4.87275 
0.983859 0.266397 0.000138403 0.00481707 1.82609e-05 422.398 0.000210178 6.57271 0.000322674 11.6828 0.00170562 3.55745 1.80656 0.0497889 0.00457509 25.2178 0.948127 0.299213 
0.000458009 6.23671 0.000132765 1.74656 0.0124553 24.4633 0.0529469 0.0048166 0.0041804 1.62511 0.0150967 3.58339 2.60137 0.0899401 0.000511835 9.07282 1.92233 2.30957 
2.48459 4.48893 0.0293667 0.0386065 0.0033166 43.8436 0.313533 0.000113057 0.00323377 0.0237187 1.31558 0.0855036 0.0157859 0.00217192 3.56341e-05 7.06105 0.776117 9.338 
2.29066e-05 0.178543 0.811392 0.000537923 2.70975e-05 0.0332024 0.000799389 0.507824 0.000384695 3.33209 2.53169e-05 0.355986 0.00945468 0.00513943 0.00114585 39.7554 1.07859 0.816886 
0.000829319 0.00121596 0.00946277 0.00134281 0.000201403 275.903 0.015936 0.718958 0.566934 43.5194 0.27427 3.22084 0.000129676 0.14649 0.000316528 2.73318 1.43543 7.52366 
2.84e-05 1.77855e-05 0.00031855 4.20662e-05 3.62501 189.099 0.0134522 3.40053 0.00193202 305.236 6.42694 7.29517 0.00053432 0.0280649 0.0908427 24.2921 0.671488 1.00393 
0.00250658 0.00140124 9.19366e-05 0.00206449 5.7718e-05 0.127111 1.45575 0.000976974 0.0150268 355.184 0.000201931 0.01306 0.329364 0.000121299 2.58104e-05 24.3845 0.355257 2.1453 
0.0210806 8.1284 0.000539959 1.7031e-05 0.00372982 2.23787 0.00568688 0.00328875 0.544536 0.470689 0.00119082 128.021 9.59937 0.398331 2.31184 15.193 3.57241 2.74755 
3.19477e-05 0.000190653 0.00208758 0.00109211 0.165362 709.341 0.00471771 0.588978 4.01154e-05 75.9181 0.684034 12.1734 0.038461 0.850002 4.99174 1.93087 0.11264 9.96644 
0.529375 0.00302819 0.0196648 0.0166577 0.000437752 22.2107 0.000130671 0.0747766 0.0505702 1.74066 3.71079e-05 2.28593 0.000269912 0.223055 0.000459002 5.50748 1.60689 1.01628 
0.000243499 0.080415 0.101499 0.00447837 0.00219268 0.379614 1.82574 0.000109244 0.0476722 166.232 0.0105254 0.537635 0.00181709 0.00581063 0.00147253 30.7186 0.795979 4.00183 
0.00120478 0.00512506 1.49647e-05 0.0023928 2.69475 0.0777937 1.16629e-05 3.59587 6.56306e-05 8.68479 0.000353932 271.154 0.000966842 0.235761 0.00026805 2.99761 2.49826 3.57967 
0.00977136 0.00204454 6.29921e-05 6.48428 0.069753 0.217064 1.37043e-05 4.90442 0.000175712 0.0232062 0.739035 0.0144727 0.000284951 0.00761905 0.413369 38.9435 0.404209 2.09419 
0.884674 0.769484 0.0192047 0.36966 6.78269 0.203739 0.00205559 0.000547926 0.134179 6.80677 4.88242e-05 3.17894 0.00074578 0.00113036 0.00112576 24.8895 0.345525 1.947 
9.99115e-05 0.000155119 0.00420042 0.337291 0.197125 0.0602228 0.00212497 0.000102298 0.025742 1.48353 0.469235 0.0221106 7.83733e-05 0.0192711 5.01999e-05 12.34 2.65196 7.5731 
3.35382e-05 0.167119 7.31639e-05 0.0109459 0.000487064 4.36499 0.000135632 0.000518896 0.00349428 3.18786 0.00995935 0.199844 2.39726e-05 1.06167e-05 0.000984366 32.9291 0.168907 3.66524 
0.000122476 0.0615221 0.0344886 0.0100653 0.000795225 0.444883 0.000372035 0.0088393 0.107557 3.85188 0.00283883 377.623 0.281131 0.00238224 0.000120634 1.69549 4.47254 0.632646 
0.000586216 0.179992 0.00042444 0.0177251 0.000157883 1051.82 0.00390779 0.000259889 0.00794869 0.0111909 9.11294e-05 0.156374 0.00807645 0.00937784 1.49729e-05 7.09372 0.626991 3.21728 
0.000255491 0.00138064 0.0289786 0.00011062 1.58848 0.0553378 0.0018092 0.00062348 0.176622 48.8985 6.64022 0.0158678 0.00153537 0.00136256 3.01122 23.0911 0.0563153 8.33318 
0.306889 0.000405055 0.0594517 0.188256 0.439513 0.0901525 0.0385292 9.38889 0.000353974 118.553 0.903011 0.130271 0.490342 0.227574 1.36168 13.3963 0.417959 0.201845 
0.00050218 3.16346 3.14904e-05 0.000677811 0.463984 0.0164294 0.000648816 0.000250863 0.000146444 0.639604 0.00467726 186.56 0.385017 0.000293087 1.03613e-05 42.4045 2.27447 0.87242 
0.58153 0.193928 0.0107184 4.66764e-05 0.000152349 0.0135558 0.242407 2.4229e-05 0.000577631 148.199 0.000458138 4.39181 0.000402827 0.000279212 0.00085989 29.2112 0.35811 4.13315 
0.16953 0.00432905 0.000580013 0.0148656 7.80325e-05 920.21 0.124084 0.000113619 0.0169827 28.9306 0.00060531 3.40825 8.193 0.0129058 0.38106 6.06368 0.367238 7.28293 
0.096754 0.0132875 0.327824 0.930973 0.0164901 2.08465 0.0185161 0.0363536 0.00730815 0.183202 0.99497 0.0664714 0.0170501 0.580619 0.0455997 8.49556 4.74647 2.0883 
5.14522e-05 0.294715 0.000441655 0.0197191 4.23791 0.0456603 2.60732e-05 0.576586 8.55645e-05 0.0106695 2.99664e-05 0.13515 0.0208788 0.033551 0.01936 5.28069 0.87924 5.80405 
3.98865e-05 0.000221943 0.628959 1.66366 0.150182 0.984816 3.23245 0.013175 0.000262614 10.9104 0.0361642 1.0528 3.59314 0.0015267 0.00128646 40.2722 1.65768 0.508344 
0.00912307 4.36062 0.00373265 0.00469378 0.796529 2565.62 0.000478033 1.22104 9.59652e-05 57.6662 0.507448 56.2398 0.000144821 0.0402139 0.300329 44.8608 0.159605 3.8439 
2.77405 1.46557 0.302151 0.140154 1.21245e-05 0.0647874 0.00139799 0.0532074 0.367373 0.890642 0.00511009 1.85641 0.00593899 6.67777e-05 0.0377542 10.1106 1.322 2.52922 
1.39163e-05 0.000263716 8.17174e-05 0.000137316 0.000711431 2222.21 0.000257928 0.397175 0.348361 0.0134756 4.86864e-05 6.39647 0.00400936 0.000137166 5.66134 45.3726 0.235312 1.31476 
0.0297697 0.0117918 0.00671027 0.705808 1.43123e-05 0.550535 0.0121712 0.000176381 0.00852126 479.114 5.71002 5.79574 0.000164673 0.314966 0.0326658 6.52962 5.02394 3.64993 
2.7371 1.84841e-05 0.484324 0.000250189 0.0016674 45.0741 7.5556 2.70084e-05 0.0308379 0.0227708 0.000995102 16.4716 0.165462 0.155537 1.06818 3.4872 0.263647 1.03805 
2.31079e-05 0.00127747 0.0124288 1.89472 0.364327 6.85009 0.000147635 3.10247 5.19449e-05 8.5897 0.00443217 0.0575679 5.82473e-05 0.0711281 0.617296 4.23794 0.163915 9.70103 
3.20212 0.0214532 1.1188 0.00802423 4.55362 1.44091 8.17719e-05 3.45472e-05 0.00300058 1.13989 5.74985e-05 13.7356 0.00606123 8.07914e-05 1.34077e-05 36.9029 0.208016 1.34926 
0.000196014 0.0128656 7.72332 0.00942484 4.50618 0.463937 0.0938614 0.00292364 9.40733e-05 22.7596 1.40878 0.708304 0.00755793 0.967766 0.0517925 40.5779 5.25756 0.22487 
4.16127 4.38132 1.12699e-05 0.00648376 1.35968 3.88857 0.0341252 0.119016 0.173504 7.35855 0.0196821 65.7779 0.0141361 0.612577 0.262975 27.6776 6.06617 2.31721 
0.000624599 1.36935 3.85345e-05 1.77348 0.133741 122.896 0.000504878 0.000984149 0.0205462 0.0143415 0.00125708 1.5022 0.000818326 6.98454e-05 0.415565 27.758 0.100351 6.71818 
1.50508 3.92084 0.43435 0.00274545 2.74352 0.0119233 0.83499 0.010358 0.00190513 73.5646 0.00012443 0.335671 0.00331448 0.281648 5.39637e-05 2.66187 3.25822 8.36348 
2.64899e-05 3.62341 0.00561255 1.00364e-05 0.000293185 682.098 0.0269599 2.53497 0.0974488 0.397121 0.00639732 0.132403 0.080896 0.00153535 1.21969e-05 20.4511 0.539895 6.69988 
1.03577 0.162449 0.000440551 0.000872781 0.00963304 3.29162 7.0515e-05 0.000174629 0.000551914 135.921 3.70173e-05 0.0235542 6.91036e-05 0.000594315 0.035055 48.1856 0.437009 4.85134 
0.00707036 0.000125088 0.00239671 0.000437348 7.51135e-05 1748.6 0.849696 0.0008262 0.000103031 29.0297 0.0626726 430.882 0.514894 0.288556 0.0423817 18.6058 3.19491 0.684162 
0.000875867 0.000652901 3.54002e-05 0.000128496 0.00067949 99.5787 7.99017 2.58018 0.336173 1.92697 1.48569 0.192399 0.000398567 0.0110483 0.11888 38.4164 1.30309 0.765368 
0.48422 0.859752 0.00102937 4.558 0.0819002 0.0375449 1.58994 0.1541 6.70458e-05 72.2911 0.000390287 5.82962 0.977106 4.4578e-05 0.0272566 22.9608 0.252836 2.6194 
0.000382526 0.00200753 0.000441454 8.87552e-05 0.00107853 2.7338 6.07827 0.000439764 0.000660588 23.2773 0.161137 0.0405424 2.14082e-05 0.00621391 0.00454841 23.4376 1.87292 3.53337 
2.35091e-05 2.24424 4.47544 0.000228655 0.0806957 397.789 0.000398221 0.00786826 0.000976372 259.27 0.000317882 239.622 0.000195896 0.791941 5.38846e-05 8.44508 5.19612 1.04665 
0.00344519 1.91487 0.00449114 0.0357868 5.33004e-05 0.264014 0.00891749 0.0301079 0.01187 1.19022 7.16929 0.249814 1.17186 1.49458e-05 0.00431522 20.5286 7.00105 1.83963 
0.282967 6.51459e-05 0.00865949 0.00243934 0.171789 4.67974 7.36551e-05 2.02659e-05 0.054699 65.4179 8.28564 0.217077 0.000991864 0.848374 3.41603 3.72813 0.93626 2.52869 
5.54603 0.0681559 0.000103526 0.00158263 8.72765 454.032 6.94366e-05 1.55816 0.00209528 0.114704 0.000357526 267.85 4.69468e-05 0.0607165 5.41279 22.4795 0.625722 4.15486 
0.000207839 0.00273655 0.805324 0.000735155 0.02666 0.0275319 3.14838e-05 0.000169995 0.0443241 1.02656 2.74245e-05 1.68682 0.000310767 0.0906432 0.0828181 39.9302 2.82377 0.461995 
0.000156097 3.06303e-05 0.0399655 0.0249274 4.3339 269.769 0.00307822 4.13264e-05 0.000302757 9.07595 0.296934 4.92083 7.96858 0.000765823 0.219696 29.8221 5.06913 9.86627 
1.22361 0.000437714 2.04873 7.49568e-05 5.09796 206.774 0.261734 5.48835e-05 0.032681 0.321255 0.000245769 0.069148 0.00210192 0.0506275 0.337235 41.8197 0.434123 0.14362 
0.112821 0.0010196 0.416617 0.0118204 0.0026151 0.0124566 2.39717 1.77805e-05 0.000255989 0.566823 0.15829 0.0163396 0.0105145 0.0230625 0.00148166 17.4433 1.97392 2.30674 
0.0562526 0.0281847 0.00029986 2.61626 0.000206304 102.242 2.00898 0.0894246 0.511654 11.8214 0.0721669 0.0110325 5.50115 0.00175863 2.53379 25.7542 0.5013 0.592233 
0.000155872 1.45392e-05 2.77156 0.000390772 4.341e-05 3.00278 0.117561 4.62513e-05 0.000755795 1.44422 0.00180432 3.64262 0.126474 0.0588327 0.43743 4.33133 0.221683 6.71528 
0.134536 0.00585535 0.000721411 4.31768e-05 0.000558679 0.263818 3.77953 0.369701 8.2231e-05 6.12228 0.174091 10.9475 0.00242442 0.0764519 0.298914 32.0622 2.25203 0.47985 
0.000709576 0.00814725 1.05945 0.0550518 0.141513 1121.69 0.000636603 0.0121292 0.00802464 117.064 0.0501747 150.784 0.00531269 0.24134 0.00474619 24.9534 9.31973 9.64387 
0.00185327 3.55416e-05 0.0249477 0.000736536 3.31834e-05 0.0503045 0.000814533 4.23261 0.198665 32.2483 4.23188 16.5483 1.16732 0.0391433 0.00490944 12.4988 4.3173 2.19495 
0.00012248 2.00888 0.000159148 0.0205697 0.0294926 0.162431 0.000200685 8.62005e-05 0.0362862 14.5795 0.0134675 2.74877 0.000302229 0.741845 0.0164195 20.9366 6.50753 0.661281 
0.0253836 0.573668 0.00207281 0.925781 1.40311e-05 0.0834742 0.0708349 0.00124874 0.0154174 238.868 0.0654871 155.046 0.110823 0.13843 0.127315 16.3586 2.4273 2.64693 
0.163094 6.47045 0.00157812 1.80709e-05 1.53206 3.63061 0.000603846 0.146361 0.0185364 104.632 0.138513 149.804 0.00189643 0.210983 0.000446654 7.97032 5.96994 4.04421 
1.14289 3.19724e-05 0.000974149 0.838332 0.00224509 1.00348 0.0135283 2.22798e-05 2.36681e-05 2.40589 0.00172947 202.782 9.05312 0.000183974 6.27184 14.7275 0.0649295 1.49701 
0.279152 0.926829 0.434535 0.0379381 0.000197759 1859.57 1.6683 0.00644374 0.000261542 0.207203 0.000209977 0.748252 0.0368765 0.338097 3.44432e-05 1.8243 1.56423 1.8846 
8.80614e-05 2.941 0.00481609 1.43491 0.000198615 0.0186107 3.0286 0.000754773 0.0996083 8.90476 1.54331 0.435517 0.0019803 0.00016487 0.209715 36.6463 0.654451 1.10488 
1.24398 5.8471e-05 0.000967638 0.000169719 0.000378304 2.63077 0.000597973 0.000860768 0.000576427 93.0741 0.00964027 10.8871 1.13804 0.200009 0.41262 8.16295 0.964906 6.58944 
0.000544471 0.051635 0.205325 0.0214974 1.70721 0.0154377 4.7767e-05 1.03842e-05 0.000507498 3.62659 2.14552e-05 7.21578 0.314672 0.203231 0.000644861 34.6067 2.64365 0.218154 
0.0101456 0.000296552 6.21975 6.89459 0.00489938 12.8912 0.218897 7.82267 0.0297174 51.6332 2.71676e-05 0.0699758 0.0069836 4.14403e-05 0.0116752 49.7869 0.267065 2.28997 
0.010972 0.375037 3.24449e-05 0.00234856 1.11841e-05 1781.69 0.000176724 1.99049 0.00175512 2.14283 5.1319 1.85091 0.0791465 0.533763 0.000102587 20.9809 3.33325 0.25256 
0.00145631 0.00227768 0.356328 1.32701e-05 9.35797 20.0631 0.00023294 0.000252007 0.576109 332.862 0.000338712 0.0899318 0.000533925 0.255255 0.000199128 2.98812 1.78833 2.56284 
0.0117275 0.173715 0.0429931 0.564959 0.391152 1414.49 2.77748 0.000198742 1.48122e-05 7.58153 0.0589118 0.549906 0.000852821 0.0529947 0.470949 25.2129 2.83696 1.82342 
0.000156962 0.00311329 0.0128028 3.92728 0.00914718 188.252 0.00208096 3.64786 0.00162557 18.5793 0.00116637 1.81637 0.360052 0.264223 0.00126559 6.93363 2.82076 2.70832 
0.0256077 2.53034e-05 0.00049386 1.95802 8.09503 322.716 0.00241501 1.32662e-05 0.00170455 11.1205 0.00176523 0.554651 1.35368 0.00458046 0.16556 21.5812 0.372735 0.79995 
5.82726e-05 0.000873758 0.000595048 0.0319292 0.000182708 0.344282 0.416627 0.00165729 0.00160573 115.443 0.049264 0.0196095 0.000565357 0.0082626 0.00537253 21.6174 1.67796 2.32667 
0.00524189 0.245115 0.00428254 0.0912913 0.416803 0.161032 9.49701e-05 0.00603884 0.000192126 0.0165254 0.690424 0.600619 0.233368 0.000138092 3.25581 42.7899 0.467597 0.437279 
0.257176 0.000367773 0.00953919 0.0331818 0.186576 0.0196325 0.0421967 0.000142266 0.144196 1.56212 8.18605 0.0262969 0.176126 0.0544676 0.00130117 29.3854 2.25425 0.547659 
0.00696794 2.42788e-05 6.02652 3.6354 6.99483e-05 0.0225989 0.0228481 0.273178 0.00175213 13.4718 0.00367107 0.0669634 0.00640356 0.00417315 0.323883 48.5876 1.15615 1.4776 
0.446892 2.08215e-05 0.000252565 1.46236e-05 0.335737 8.4611 0.0673259 0.000348973 4.63857e-05 15.9134 0.000299535 6.264 1.05477e-05 0.00121794 1.16416 19.7763 0.140863 7.09889 
0.000734174 0.000148956 6.62359 0.420147 0.000857156 178.502 0.000522702 0.000437254 0.0264525 168.929 0.0267901 54.9001 0.0115722 0.172683 2.48413 10.5635 0.174845 3.89824 
0.302591 0.00180938 0.000465945 0.000126914 1.04895e-05 0.0122755 6.70815e-05 3.43818e-05 0.130767 0.172552 0.0441686 0.166884 0.0438242 0.134652 0.308018 9.10984 0.624909 2.66689 
0.00016854 0.00222752 1.57587 0.0680034 1.20317 406.962 0.329961 1.31133e-05 0.735706 300.366 1.37954 0.0645177 6.31554e-05 0.0028524 0.00012492 46.2257 3.83049 4.36773 
0.00263694 3.01612e-05 0.0198741 0.0347994 0.613892 264.451 4.30677 2.63208 0.00506429 0.0170637 1.70206e-05 0.423709 0.00711086 0.0517047 0.000645876 4.075 1.1787 7.88156 
0.816404 0.0333408 0.00295133 0.224482 0.000257428 1.55194 0.395901 0.746524 0.00628129 1.35163 0.000152813 0.0795393 0.0306252 0.00192402 0.000705519 14.3092 0.846255 3.54673 
0.0627077 0.382621 0.0966314 0.000902526 5.96393e-05 0.100198 1.73468 2.22835e-05 0.000316156 0.0753754 0.165679 8.06252 0.000730861 0.682489 0.964201 19.6637 1.99871 6.21083 
0.0834207 0.000136451 0.0212301 0.0183306 0.0574593 124.771 0.015816 0.00108528 0.0559947 0.0727165 0.0428296 1.3589 0.0019629 0.0928014 7.1111 20.657 0.125676 2.2776 
3.48333e-05 0.00967002 0.0130017 0.009059 6.06134 0.0187122 0.0160459 4.091e-05 0.00378308 0.269789 2.09969e-05 38.6639 0.00407397 0.00934435 1.57642 14.0256 0.0796696 7.2431 
1.67492 0.000841882 0.503681 0.000701672 0.000246333 1.80757 0.274338 0.000195991 0.00181353 9.13588 0.0187272 2.19334 0.000113804 0.0792884 0.221776 3.80318 1.13452 7.52611 
2.25701 9.81797e-05 6.47595e-05 0.000480593 0.0120124 150.781 0.00742023 0.00705251 0.000816566 0.109855 3.98971e-05 45.5455 2.64872e-05 0.19778 0.000127616 36.6818 2.1396 0.149941 
1.68899 0.052995 0.335072 0.109653 0.0013216 37.7631 5.40928 0.000844451 0.0649078 6.69745 0.00215982 1.62449 1.72727 0.00690969 0.0235115 22.8007 0.664718 2.78152 
5.56481 1.49495 0.000106801 3.31605 0.00608276 0.0220683 0.00146308 1.17415e-05 0.00144523 0.0288851 0.00346127 0.374508 0.000102128 0.168408 0.0535981 44.6459 3.6915 2.10616 
0.155629 0.039847 0.0229156 0.694359 0.00019055 69.8216 8.257 0.00294905 0.845981 0.673353 0.00284485 0.12489 0.0692175 1.9992e-05 0.000352399 15.5151 0.945616 7.52873 
0.0010985 0.000220343 0.000605343 0.000483877 0.974671 527.617 0.527285 2.95543 0.00143136 0.0394316 0.00267087 53.1886 0.00950293 0.549647 1.04533 0.793708 0.384527 7.20531 
0.000893701 5.98671 0.942311 7.4956e-05 0.191899 2350.33 9.29551 0.00105643 0.373763 8.054 0.000236457 0.0197935 0.0518075 0.0455644 0.0499077 3.77404 0.534172 6.80983 
5.69305e-05 0.000749382 0.00479413 0.0151529 0.00114174 0.721901 2.81931e-05 4.5757 0.00377411 0.0189638 0.0215814 0.232685 4.07119e-05 0.00492741 0.015585 11.1487 0.317818 5.07677 
0.0836279 0.0786779 0.631061 0.00165727 5.10402e-05 4.55559 0.0011435 0.0505223 0.0239062 0.425544 0.246585 37.0456 0.000449388 2.21174e-05 0.162184 35.9078 4.14436 0.29164 
4.90449e-05 0.078762 8.37674 3.8974 0.00825625 195.602 1.11891 8.86047e-05 0.0155265 0.0649631 0.795214 0.230586 0.000380584 0.0343025 0.520038 27.5534 1.01864 1.6748 
6.77352 0.0223036 0.220554 7.19992 0.0489989 0.0314867 0.404945 1.88112 0.0707911 8.29908 0.393714 0.287465 1.89425e-05 0.00314382 0.128689 35.3574 0.471402 0.861067 
9.59047e-05 0.0862088 0.000425619 0.0103411 1.33435 0.0107685 3.79249e-05 2.85025e-05 0.000142001 103.495 0.0121946 1.30879 0.00133437 0.000854097 0.000356224 38.6373 0.470731 4.07243 
1.82916e-05 1.18345 4.68788 0.000398382 0.0288977 1.64965 5.16048 0.000513202 0.00182889 17.2156 7.67246e-05 1.48895 0.000884578 0.0106404 0.000105995 21.5206 1.93716 2.64416 
0.00797666 4.13819e-05 0.000477602 5.94325 7.49567 703.238 0.000181344 2.14562e-05 0.0756722 5.07864 0.0652111 0.0141607 0.0196237 0.0231181 0.0617172 25.0794 3.43657 3.17723 
0.00115425 0.00503447 0.905914 0.0945823 1.97745e-05 605.177 0.110866 0.120212 3.88895e-05 0.0249801 0.434297 0.0824193 0.000875214 0.107997 0.01224 16.7567 1.54647 0.415054 
9.76276 0.120946 0.00317951 0.24309 0.0153519 60.5373 9.48714 0.00905344 0.586651 14.9182 0.00453794 7.90713 3.52568 1.9085e-05 1.6106 43.4368 0.774591 0.296065 
0.0001104 9.77007 0.00205354 2.11069 0.00047852 24.7889 0.00141707 8.57887e-05 0.000330802 104.047 0.00322506 0.147436 0.493968 0.0897654 4.84263 15.3887 0.133314 0.673427 
0.00490509 1.03769 0.000597982 0.00065002 0.00234273 0.0102056 0.0117075 0.0413879 0.00637997 0.0498049 3.22579 0.560268 0.0130534 0.0194949 0.576152 37.3314 0.594089 0.328418 
0.00182095 0.0174261 0.00147195 0.0554848 0.0402504 0.206684 0.00293734 0.0961896 0.0006749 0.179271 0.0096473 0.0672623 0.1123 0.339473 0.150463 36.969 7.06448 6.01392 
1.60358 0.000311552 0.513215 8.29238e-05 7.36394 4.68528 0.00174538 3.39679e-05 5.22167e-05 0.0871974 0.00232238 0.554652 0.753701 0.0974376 2.65329 27.1292 1.76727 2.55786 
0.00271346 0.0094412 0.103522 0.000519763 4.02881 6.1415 5.13462e-05 0.024775 0.000798089 0.0239863 0.000189316 232.125 0.0297391 0.314926 1.57339 5.11436 0.73764 0.83619 
0.00436135 0.0111401 0.00462046 5.83356 0.582354 2.74207 0.314344 0.0470404 0.888921 0.61029 0.000782621 13.8664 0.020559 0.0517701 9.14956e-05 3.69503 0.882382 6.07915 
0.143585 0.00113776 2.03091 0.0642501 5.41135 0.585053 0.274898 0.000360553 0.000152256 15.7157 0.00876553 3.90777 0.000156752 0.0616861 0.00020806 9.07454 3.08068 5.49757 
1.99474 4.24668 0.00134486 0.0023663 0.00645975 0.0822023 0.000175789 0.0052388 0.000499009 0.465603 0.000553128 0.0391166 7.64451 0.269967 0.065313 3.03956 2.46194 3.87858 
0.00107041 0.00209734 0.00254401 6.44059e-05 3.35124 0.013872 1.86758 0.00207167 0.314968 2.40991 1.36929e-05 0.947932 0.000246988 0.018655 0.0886224 44.532 4.19539 2.56632 
9.58997 0.923189 0.342567 2.79428 5.76296 29.3078 0.889335 6.39974e-05 0.426346 133.21 1.78586 42.3877 0.517215 0.00195134 0.562492 2.82728 2.18007 4.81568 
1.20575 0.696043 0.116911 5.89866 2.67969 35.7505 0.000505255 2.355e-05 0.0267528 2.04297 0.141765 1.16166 0.0180362 9.05191e-05 0.000128272 43.4119 0.837426 4.82037 
1.12153e-05 3.76853e-05 3.14041e-05 0.000360913 1.12239 25.0507 2.75164e-05 1.07937 0.000416362 0.0355392 0.078875 2.5857 1.00207e-05 0.0203216 0.115165 39.7409 1.04248 1.25229 
0.0299416 1.65312 0.588954 0.242459 0.0554088 166.64 0.00826288 0.00326896 0.355708 55.8163 1.19926e-05 0.0592434 1.46373 0.722934 0.00719891 21.0865 8.96551 1.49479 
0.0150328 0.000100415 3.78862 0.10714 0.595068 689.686 4.61592 0.023773 2.85013e-05 44.4551 0.000766939 0.175696 0.00180274 0.0402427 0.150874 7.68507 0.429345 5.41239 
6.46002 0.0269166 0.00404657 0.0428074 0.229026 1108.56 0.202559 0.00150951 8.99529e-05 1.05761 0.0131108 2.60799 0.209294 1.17421e-05 0.0178908 22.951 1.66159 5.71647 
0.992874 1.70938e-05 3.37636 0.235263 1.50524 1950.85 0.00665209 0.0209311 0.116352 19.1077 0.000532072 2.66586 0.688444 0.0109869 0.00756198 17.276 2.59394 4.97929 
0.93679 0.946635 0.247838 2.47595 0.00410754 603.989 0.411287 0.00180869 2.02494e-05 0.392473 1.75275e-05 5.04866 4.55529e-05 0.00013973 0.00205891 41.7386 0.344957 1.7094 
5.16165 1.16209e-05 0.00278263 0.308959 1.32345 36.0479 0.944062 0.0133489 0.325031 2.02959 0.479495 0.0152074 3.70618 0.00137003 0.000973938 1.9225 2.06863 5.27747 
0.279694 8.69859e-05 0.000526997 3.84219 0.00525888 274.291 0.00185629 0.000641443 0.233968 107.719 5.44201 0.0180988 0.000235763 0.00307044 0.602278 18.7922 0.157811 6.10426 
0.000103347 0.000415353 0.00220622 0.00104955 0.291598 15.2187 0.000779839 0.0377729 0.153254 88.183 1.28168e-05 259.765 2.11966e-05 0.500201 0.00226558 6.20842 5.43309 2.63848 
1.1459 1.79217 1.22318 0.203823 2.23223 142.898 0.000975561 7.29714 0.00148729 0.0995044 0.303116 0.201642 0.00643679 0.318701 0.000103487 1.22469 1.28701 8.28687 
0.0941931 0.0838051 0.218717 6.37741e-05 0.464916 0.0213593 0.000953102 0.0317774 0.779195 3.42826 0.0094224 0.478454 8.5841 0.0109912 0.000251056 8.15076 3.8932 3.88657 
0.000124463 0.00645986 0.00137746 1.359 1.7694 46.2301 2.09334 0.00542229 0.00997729 2.9218 0.00421304 0.0212389 8.19733 0.000640523 0.000106677 12.3715 1.71209 9.13889 
0.000106231 0.0005037 0.00136446 0.00195024 5.18296e-05 0.0361823 0.086917 0.00071 2.28504e-05 1.7679 1.91597e-05 19.1981 3.18238 8.80687e-05 0.00644075 7.11835 1.36665 4.90822 
0.0250298 0.0502536 2.97739 0.00421842 0.000274304 0.349895 5.11778 2.49712 0.000828446 342.24 0.000472494 0.417986 0.233635 0.31565 0.0920528 24.4079 2.64172 0.420872 
1.48336 3.88706 6.80564 7.86798 0.98548 0.11096 3.4559 4.22011 0.00496661 0.778969 1.10451 1.89159 0.581746 0.00487153 0.0314721 3.4659 0.947123 4.36114 
0.000623803 0.393127 0.000818273 0.00499037 0.0257294 0.505838 0.00179397 0.00776503 0.0109508 0.867948 0.00756336 105.265 1.3207 0.620326 0.945188 2.62311 0.550742 3.4574 
0.00156721 0.133763 5.42785 0.0290535 0.987239 0.0428158 0.00110679 2.0299 0.000726763 1.0558 0.89456 0.0149393 0.220383 0.119954 0.000443663 8.41797 1.78884 0.735307 
1.0132 0.138083 1.95465e-05 2.4151 0.000294541 4.27979 8.56718e-05 1.38506 0.0340044 284.143 0.000822127 0.698029 5.87382e-05 0.000282405 1.92839 27.5251 0.0321658 2.97689 
0.00610184 0.00974558 0.0206136 0.0253373 0.000289662 0.735207 1.27074 0.417677 0.0136113 30.7858 4.9368 72.1484 2.39279 0.000151398 7.74974e-05 11.6357 5.47342 1.04797 
1.78799 1.41661 9.13934 0.00013476 1.72084e-05 0.128529 1.80582 0.00138924 0.527201 58.078 0.0905597 0.0155618 0.000283632 0.0516536 0.175656 14.4327 0.833314 0.81348 
0.0109766 0.000176264 0.00345051 4.48678 2.09044 0.162126 0.0209546 0.0219763 2.55254e-05 132.76 0.000493204 39.1824 0.0024485 0.378546 0.60803 14.9945 4.07046 1.34183 
2.92474e-05 0.00135482 0.962949 1.08182 0.000410932 0.55472 5.81219 3.47411 0.00476047 364.723 0.309327 179.434 0.00193222 0.0277762 0.00993849 5.35988 0.912415 5.00365 
6.53294e-05 0.0799569 2.07601 0.00273183 1.3427 4.05331 0.00185524 0.00187698 0.000263326 0.626463 0.00370771 346.806 0.0258723 0.0011041 0.495216 22.4214 0.107065 7.52156 
0.0132713 0.0439832 0.00836923 0.000102402 0.131264 355.675 0.104103 7.57494e-05 2.57371e-05 479.896 3.12649 2.2289 0.0882177 0.468345 0.227783 1.08661 0.631797 2.97804 
0.00414285 0.761536 1.14936e-05 0.194208 0.000157642 0.481844 2.39423 0.0021354 1.08772e-05 0.0822405 0.00151785 195.388 0.173924 0.0627528 0.000608633 7.498 1.11236 0.912953 
0.0190869 0.753195 0.0239676 0.000445086 0.00209787 88.165 1.2344e-05 0.00049395 0.00117482 0.0807827 0.0172103 22.9655 3.98911 0.0219292 0.0080491 43.3765 5.26856 0.54415 
0.00394367 6.96616e-05 0.000124617 0.00183926 1.60762 1.10453 0.000103803 1.10613 0.170286 1.36754 0.00662604 417.979 0.00344572 0.0781602 3.88552 40.0361 0.447141 0.0397718 
0.00210749 3.11157e-05 0.00355023 0.968665 1.98369 151.193 2.16974e-05 0.114315 1.98528e-05 4.39956 0.228251 31.3284 0.0871829 0.0325499 0.418973 12.9618 1.09973 5.50007 
0.0939072 1.66148e-05 0.0356619 0.000287471 4.99293 0.0302506 2.41554e-05 1.2478 2.71991e-05 0.185923 0.000694945 498.952 0.000516338 0.377549 0.00126887 1.6684 1.8887 2.72354 
0.0247408 0.0366723 0.475533 0.130048 0.000605977 7.80336 0.000909119 2.34029e-05 0.00387824 0.405875 0.000920444 0.189753 0.000130232 0.0570089 0.657228 14.7532 0.753577 0.906175 
0.00148231 0.0523954 0.000162774 8.61614e-05 0.0893348 205.3 0.0117821 1.27995 0.0127949 0.0997244 0.000579064 0.805309 0.00080942 0.0177142 8.46566 43.7221 0.0687206 4.35023 
0.000114552 9.63772 0.00855458 0.000273965 0.000123563 0.0373578 0.0908343 0.0313009 6.45079e-05 0.0907772 0.0444533 0.875963 1.47403e-05 0.0786877 0.0108093 12.4945 1.70528 3.00633 
1.29437e-05 1.36003 0.213666 0.000355114 0.315707 51.17 0.0276479 2.56197 0.00010464 0.472116 0.00692633 0.776227 0.0922857 0.211205 6.86456 7.56576 0.184468 5.53359 
0.0468352 6.05693 0.00186707 3.13247e-05 0.0035212 156.281 6.58114e-05 0.000111568 8.3413e-05 360.106 0.00184756 197.261 0.253264 0.0233505 0.000152953 8.85296 1.48076 2.84781 
0.157819 0.0447181 0.000158482 0.000132188 1.18422e-05 47.1044 0.000101476 0.00949241 0.709956 0.0186368 0.000721739 0.0488406 7.42644 0.0340795 0.107997 11.7399 2.28216 2.53961 
0.239812 0.000219224 0.00375429 0.00185412 0.000145865 749.891 0.115456 0.451389 0.00222963 0.0814422 0.000166922 3.49536 0.0400067 0.0229671 0.00061419 12.3142 0.819068 1.45067 
0.00229075 3.59867 0.000565995 2.73412e-05 0.00899183 1.38136 0.0863985 8.48414 1.05518e-05 9.02579 0.0322733 0.657632 0.0929131 0.120396 0.760498 8.15193 0.782462 1.11897 
0.00198613 0.000704832 0.218598 0.283444 0.0501615 54.6203 0.386395 0.00792961 7.85523e-05 0.245233 6.59074e-05 333.518 2.60487 0.0018262 0.00109404 29.5398 7.39037 8.58364 
0.000102908 4.19531e-05 6.43333e-05 4.05904 3.45974 7.1149 0.00170409 0.56263 0.0351409 1.63871 0.000628126 32.625 0.208324 0.00742285 0.171727 33.4277 0.409636 1.008 
0.0140544 0.0536805 2.33955 0.0708126 6.87825 36.1911 7.33309e-05 0.0129021 0.000153216 11.4197 0.0613712 0.0101342 0.309692 0.0232163 0.020082 32.0504 1.33771 5.14612 
0.000135413 0.000650077 0.000969063 0.0684932 0.00143085 11.1097 0.000836061 0.0198165 0.0136461 37.9684 0.00157067 0.0718954 0.0158775 0.896492 0.375637 1.53618 1.18222 0.863597 
0.00192636 0.000857436 0.00777704 0.0888178 3.01723e-05 0.160633 1.04729 1.39488e-05 3.74579e-05 0.224276 1.13114e-05 145.991 0.010211 0.00701654 0.185489 35.7956 0.715992 0.904351 
0.0506126 5.06876e-05 0.00284455 8.18282 0.0950759 0.216672 0.000107623 8.95739e-05 9.03312e-05 41.647 0.0156927 0.285565 0.000144053 0.101126 0.0643264 3.04612 0.99769 4.01971 
1.85264 0.00212097 0.00836217 0.0179531 1.37493 1.99998 0.000274872 0.326541 0.00380229 62.8185 0.00617573 1.91383 0.307047 0.057358 7.61624e-05 9.26326 2.44621 3.81533 
1.62691e-05 0.00159887 0.469103 0.00239394 0.00230092 0.138766 1.54632 0.00664787 0.000583565 0.318345 0.000101984 57.6551 0.0112987 0.0249221 0.629077 17.9989 0.476171 3.10264 
2.53305 0.00301655 5.64891 0.00124192 0.00130813 221.846 0.000625274 0.00043371 0.000213141 411.357 1.00503 0.0114342 0.619615 0.00213322 0.0252675 22.2098 0.725237 4.72581 
0.991929 3.99733e-05 0.00269376 0.776537 0.00100665 464.46 0.00305839 2.2057 1.7946e-05 2.99763 0.000136194 111.957 6.59065e-05 0.0370779 0.354538 29.8354 0.346692 5.68537 
7.0168 8.66693 0.0371027 1.93421 3.17647e-05 431.363 0.0312021 1.56329 0.12505 146.779 2.00729 110.859 2.4453e-05 3.38047e-05 0.0212592 29.5724 4.55301 8.53619 
0.00454351 1.27623 0.357029 8.70616 0.0426771 0.0125049 0.000591621 0.0732887 6.24345e-05 0.097665 0.215726 8.24202 0.0415866 0.000967359 1.00102 20.4844 0.179106 3.30069 
0.00772126 0.0051316 0.0887063 0.000309435 0.000544744 0.122436 0.00434677 0.000111899 0.001055 74.8278 2.77039e-05 0.0673553 2.76026 0.0551947 0.0342425 22.3199 1.25958 0.911578 
1.84503e-05 0.145188 0.00027442 0.000337051 0.121143 2879.14 6.6165e-05 2.01339 0.000238286 0.160285 0.298475 0.148134 0.000730015 0.0523005 0.000518779 20.6739 2.37797 1.41253 
0.000195108 0.000402173 2.06037 1.23673e-05 1.19674 417.522 0.00026246 0.0578771 0.00170715 10.6618 0.0130745 221.155 0.000453425 0.523843 0.135399 41.9091 6.55961 0.379062 
0.200663 0.0102951 0.000604612 0.000963928 0.00163 0.0899515 0.733261 2.47659e-05 0.00102775 1.69767 0.00677918 5.05201 5.66011e-05 0.0614435 0.0004073 9.44416 3.76344 8.62074 
0.00215256 0.0174684 4.51042e-05 0.000144688 0.000159191 0.294819 0.00144318 2.04407 0.000871544 0.0123643 0.170172 0.532552 0.0290948 0.502384 0.0163583 6.71819 6.81794 9.60325 
3.79361 0.152391 0.000398392 0.0216616 0.00240134 0.865477 0.00238819 3.70244e-05 7.36146e-05 308.676 0.0303535 7.18517 4.76323e-05 0.0010015 0.000108428 36.5419 0.34823 0.526533 
0.389371 4.66319e-05 0.0227796 0.00592405 0.0491108 0.0233707 0.67244 2.94273e-05 0.000992772 90.1893 0.747802 4.37682 0.00361871 0.000913653 1.54659 41.7014 0.478299 3.28747 
3.21399 0.212751 4.63322e-05 1.24844 4.66201e-05 11.8643 0.00681264 0.000281458 0.000823591 303.521 2.04492 0.0116313 0.000127292 0.0011236 0.000701424 14.4781 0.608974 3.7888 
0.013283 3.24038e-05 0.367409 6.09965e-05 1.14846 1.28314 0.104643 0.00421708 0.0033102 0.316227 0.0107407 8.36377 8.65602 0.00230214 0.062268 24.2041 3.14206 0.342003 
7.83038 0.124189 0.0648415 0.356051 0.00252054 89.988 0.430026 8.17995e-05 2.17056e-05 0.0675633 4.38632e-05 203.531 2.54628e-05 0.0193322 0.0731519 14.819 0.716803 8.05175 
1.03794 9.24703e-05 0.00422812 7.17287e-05 3.4123 1757.6 0.0289501 0.0233181 0.658004 7.79142 0.0269747 128.03 7.07411e-05 0.11666 5.41545 9.26686 0.186017 3.06807 
0.000245507 0.000187781 0.00354456 0.774699 2.19366e-05 6.9057 0.543371 0.000100717 0.000353805 65.2619 7.1764e-05 0.580363 0.00364232 0.0714249 0.16835 18.2914 1.08936 3.63704 
0.0381115 0.743953 0.000654025 0.00202376 3.40072 8.0946 0.0159017 0.000864016 0.181722 0.426091 1.23439e-05 0.011808 4.26005 0.169911 3.56293 7.71848 0.122258 8.88548 
0.0011511 0.000114412 0.00526287 0.100592 0.00194449 850.891 0.00151191 4.10265 0.037614 0.0476088 0.636024 2.4042 0.0002321 0.0204178 0.0137193 6.93939 0.424326 4.93537 
0.00747452 0.010906 0.000751738 1.56742 1.89586 58.7977 0.0839028 0.000319426 0.0429825 98.5211 0.000405769 4.0399 5.48772e-05 0.00615651 7.3421e-05 41.1432 1.20198 6.91992 
5.99657e-05 2.78793 0.246906 8.4212e-05 0.000389468 312.089 9.03726e-05 0.0402904 0.0208586 0.0144273 0.000150686 1.41648 0.111835 0.148581 0.169736 8.93475 1.26983 0.561735 
0.00268936 0.00225668 2.38085e-05 0.0136744 0.766888 0.0347124 3.49877e-05 0.241575 3.5844e-05 1.23944 0.155129 0.0282648 0.122613 6.89442e-05 0.102776 36.7476 0.527136 0.380941 
0.131378 0.000708599 0.00149326 0.00205322 0.272619 0.0617345 1.60962e-05 0.0196253 0.0296417 3.67691 3.46126e-05 0.797796 0.222761 0.263076 0.12785 3.88279 2.01217 9.06727 
5.65374e-05 1.15495 0.265825 2.15806e-05 1.54143e-05 120.718 4.45353e-05 0.000172307 0.236735 0.110173 0.0140664 0.0658139 0.0904824 1.59301e-05 0.0453804 21.6763 0.685316 2.43332 
0.000318055 0.000386521 0.000151847 0.00656182 0.0147038 18.7682 3.3092e-05 3.78055e-05 0.0677471 50.4934 0.000168973 9.07074 0.00207949 0.00492279 0.00116454 30.9093 1.11585 6.09599 
0.249758 0.000879195 4.09581e-05 0.04404 0.241304 0.235826 0.00840831 0.509049 0.0014673 36.3751 3.67403 66.4942 0.512279 0.000559491 8.76338e-05 23.4571 6.86757 2.08465 
1.29121 1.57572e-05 0.00264285 0.000117945 0.214158 19.8088 0.000284395 0.266557 2.09573e-05 0.215041 0.00184353 0.467234 0.000360103 0.105536 0.035039 18.4228 6.29585 7.93056 
0.383334 0.000286461 0.00937394 0.0682833 1.32763e-05 2.70816 0.231135 0.0467715 0.00330198 7.94377 0.134646 231.252 3.69728e-05 0.00484155 4.89223e-05 0.267539 1.63863 2.49276 
0.0400734 0.147659 7.58121e-05 0.499153 0.000409405 0.576328 0.00443686 0.00371805 0.313111 2.50687 0.00744163 2.37953 3.14391 0.0122288 0.0293976 39.8621 4.84745 1.5593 
4.73028 0.00118848 0.536357 4.0804e-05 1.08581 1.8796 3.78223 3.54029 0.6704 13.1036 3.12941 0.276965 3.84935 0.0462849 0.103692 1.7848 2.35846 5.13685 
0.00243076 4.14913e-05 5.79689 0.212073 0.000967398 0.035834 0.000193394 4.85293e-05 0.00502189 10.4388 0.0232128 15.6732 0.115889 0.765892 4.70657 2.24656 0.245619 7.41908 
0.044954 0.319658 0.00308885 0.120861 0.000167944 3.89261 0.00025819 0.0114352 0.000273415 0.0396707 0.0597312 5.87905 1.58576e-05 0.00748373 0.0975187 47.0099 0.104 7.32731 
4.26954e-05 0.0164018 2.19059 4.58175 0.000161965 0.588611 0.0323958 0.0423138 2.00961e-05 6.02181 2.01176 4.47745 0.000512677 0.815298 0.592703 1.35887 0.768763 9.34379 
0.000191131 1.08851e-05 4.14589 0.00521937 8.08122 241.587 0.082823 0.18125 0.00773041 0.0387272 3.1475 0.11208 0.560287 0.316412 7.92578 2.86727 0.204151 8.64719 
0.00730559 0.00227546 1.69843e-05 3.96442e-05 1.12093e-05 813.022 1.54989e-05 4.96569e-05 5.88477e-05 0.0349771 8.74443 35.6889 0.00268173 0.0204945 1.65478 34.5607 0.407224 1.51313 
0.0253728 0.00150921 0.00834939 0.348064 3.76937e-05 629.534 1.66174 0.202319 0.00277783 0.0135125 0.0056319 97.8575 1.18851 0.465945 0.267897 2.20499 2.38742 5.07752 
5.5318e-05 0.00135511 0.000829825 0.0476228 0.00836823 0.121111 0.0559978 0.179733 0.0162113 0.0365483 0.881504 1.17552 0.00154179 1.63085e-05 0.980782 49.8091 1.03316 1.02072 
0.0403105 0.841608 0.0834943 1.81132 0.807594 1793.4 1.43513e-05 0.0131838 0.0109644 0.337104 0.169906 3.3935 0.903716 8.70784e-05 0.026193 23.7437 3.01992 0.840997 
0.0268449 0.00365922 0.00360977 0.000240645 0.00215261 168.605 2.28558 1.81195 0.000248024 14.1797 0.00103492 17.455 2.01186e-05 0.0483055 0.0546884 9.67242 1.08096 5.34142 
0.00225126 0.231621 0.00194441 0.000682319 0.00044049 0.0697376 2.04436 0.00338828 0.000310343 44.4346 0.0295601 5.12513 2.42145 0.720248 4.18303 18.9587 0.967062 0.221751 
3.95845 2.97802e-05 0.00399495 0.000180608 0.00157615 0.0823305 0.00118936 0.000232256 0.000877218 59.1002 0.000343113 0.032022 0.715802 0.421548 0.066765 4.33297 4.64473 8.79396 
0.012028 1.43655e-05 2.97666 0.000110058 0.121575 3.21513 1.84533 0.000295992 0.998689 160.346 0.000220751 25.6932 6.1262 0.00015695 0.00508345 22.0438 0.373721 2.36137 
0.0154267 0.00017649 2.327 0.0115607 0.0140504 3.90046 0.0107132 0.0758949 0.609054 8.269 0.026177 109.08 1.51692e-05 0.00436154 0.000386999 0.449568 1.95792 1.66435 
0.00517293 0.00463228 0.00494641 0.106996 0.046358 307.315 0.0187386 3.78928e-05 0.000173842 0.269414 0.00119905 44.6933 1.41424 1.17492e-05 0.930729 25.8584 0.239054 9.58839 
8.42693e-05 2.05583 0.0100246 3.79236 0.164173 0.076979 0.00180726 0.0411838 5.84971e-05 0.0259555 0.00235985 0.554355 0.00182649 0.00834499 2.51984e-05 13.9001 0.663231 2.23665 
4.1761 0.594729 5.4575 0.000566919 0.518283 0.458571 0.184022 9.90785 0.000482385 14.3008 0.000529714 0.033439 0.00736404 0.0805105 0.31378 46.7184 0.614616 5.57901 
0.202595 7.02505e-05 4.86621e-05 0.00920811 6.04091 62.5119 1.45073e-05 0.00152383 0.0349145 0.0751345 0.0474504 0.0108583 2.67632e-05 0.0266323 0.0908438 40.7082 2.86663 1.24042 
3.73554 1.74114e-05 4.40713 0.00920727 5.24358e-05 19.9661 3.5623e-05 0.00680171 0.00080973 3.22195 2.0573 20.6732 0.00594392 3.43915e-05 0.000191617 3.35502 2.02308 4.46086 
0.0449054 0.0031817 0.166696 0.00570891 0.00163173 0.558719 0.0109008 0.000348529 0.000149961 17.0122 1.42607e-05 58.7722 6.87539e-05 0.064686 0.531535 28.2381 0.287782 3.96624 
0.0495312 0.00165637 0.0501034 9.7352e-05 0.00360712 103.461 4.03774e-05 1.83844 0.203264 0.89454 0.00438845 0.0357154 0.00835527 0.00137109 0.0205592 27.6166 0.529078 2.27523 
0.384604 0.00031379 0.0293036 2.54361 0.177354 3.79054 8.20765e-05 0.0188245 0.094419 12.7756 1.06365e-05 59.3722 5.98083e-05 0.00404455 0.311923 15.5716 0.221469 9.4312 
0.000292103 2.21962e-05 0.186903 0.0250303 0.0071001 0.123486 2.94305e-05 0.00109828 1.45931e-05 0.0141238 8.34652e-05 18.1294 0.052325 0.231991 2.28975 12.9463 1.00134 1.00343 
0.0178689 1.85736 1.13831e-05 0.0789143 0.00674238 0.246515 0.000116108 0.0310199 0.000539385 34.5793 1.27472 0.995543 0.0393433 0.334369 0.155208 2.20151 2.14777 3.51092 
2.18996 0.000672812 0.00758396 0.00262661 0.456123 0.119998 0.000244422 0.944233 0.800704 267.223 4.94196e-05 311.202 7.47803e-05 0.0370456 0.0206049 9.05819 1.0622 3.70384 
1.39995 0.00142118 0.000743294 0.00503136 0.00420777 61.2785 9.43404 0.000683845 7.01501e-05 0.8329 0.00152585 0.0291683 6.14742 0.0116224 2.22039e-05 12.5777 0.963908 0.328811 
0.537176 0.00183506 0.0203257 0.00687447 0.0157079 1758.4 0.00145515 8.64059e-05 4.83494e-05 0.198002 0.0030312 0.150281 1.05578 0.000124121 0.00778274 7.89481 1.56497 7.61598 
0.000208677 0.0969058 0.0622058 0.53583 0.0537067 11.5962 0.000249258 0.0949472 2.62983e-05 162.609 0.000102273 4.16319 0.144952 0.58366 8.36326 6.0664 0.161507 8.58052 
0.639636 3.23491e-05 0.0677453 0.00255112 0.0044909 18.5964 3.55266e-05 1.44929e-05 0.0212054 35.7143 1.64382e-05 333.615 9.36724e-05 0.179753 0.932051 2.98515 0.583217 3.3919 
0.0028428 0.0372497 0.00013452 5.40481e-05 0.0108068 0.11067 0.0165378 0.298677 0.00323001 15.3714 1.04384 50.274 1.43381 0.00070686 3.7641 36.1388 0.290541 0.183443 
1.39396 0.0057576 4.41522e-05 5.77016e-05 1.04774 5.76151 0.000267126 1.0003 0.860498 21.1464 0.00699118 0.0490462 2.10476 0.00700396 1.18226 23.508 0.184379 2.47277 
3.94034 0.00846929 0.0236966 0.71092 2.80674 1103.71 0.000100362 5.47261e-05 0.16292 0.0175867 0.00042928 9.06991 0.00822867 0.210981 1.50419 5.05653 0.331131 3.79535 
0.000817073 0.00142062 0.0941745 0.017406 3.31586 0.0134292 9.39393 0.0339683 0.000263803 4.65589 0.00621389 0.0407678 0.98654 0.00970207 0.00316077 49.9874 0.900583 0.2893 
0.2577 0.0145626 6.13377 0.000250051 0.235055 171.879 0.928416 0.0179065 8.57246e-05 16.1245 2.35466 0.910473 0.0386457 2.36145e-05 0.000102905 19.2567 0.324787 5.94446 
0.633174 0.000318628 5.33044 0.0333063 0.110476 476.069 0.00309955 8.66501 0.00225011 0.11749 0.0867214 8.71303 2.04125e-05 0.000524325 0.00396773 28.1385 0.481852 3.80298 
0.000253966 0.773582 0.000223902 0.0236183 0.00833799 0.0183117 0.00121014 0.0562477 0.000408163 1.0819 9.80726e-05 17.9987 0.000339715 0.00980878 7.18531e-05 39.6596 0.896186 0.577384 
0.00013611 0.000198564 0.00583981 0.000513875 9.61747 221.373 0.0354761 4.25412 0.00050616 3.12423 0.00335888 61.9491 1.19894 0.0192834 0.45758 27.9122 0.587746 2.07964 
0.00470318 5.61661 0.000893646 0.000313818 0.103908 0.802542 0.000136825 0.000119626 0.000889915 0.0532603 4.56845e-05 0.0835164 0.940163 0.00669288 0.00704079 24.6231 0.918332 7.53314 
0.109452 0.000444112 7.05779 0.476342 0.00188695 112.584 6.4363 8.95335e-05 0.00180343 304.25 0.00508036 94.7787 0.00838904 0.000598384 3.04221 35.6598 0.156509 6.12428 
0.410482 0.0535488 0.00947648 0.509923 2.64142e-05 144.962 0.0475673 4.09798 0.0224837 6.5967 0.667831 159.511 5.10768e-05 0.0319135 0.53829 1.29336 1.14952 3.22489 
0.000108256 0.000173577 0.00179559 0.000355914 1.88355e-05 0.65028 1.5822 0.0408781 0.00422533 348.765 2.17622 0.0225027 4.50051 0.00408164 0.000713034 12.0076 1.51658 3.51036 
0.741815 0.011418 0.00900856 6.24014 0.343554 5.0626 0.0163047 0.713849 0.46828 0.696038 6.88375 158.621 0.000675373 0.186103 0.436896 0.471288 2.90231 9.91581 
0.268482 0.000274026 0.00623184 0.000762063 3.34364 187.814 0.0436472 0.00682862 0.215785 168.673 0.00136281 33.1648 0.00616682 0.00087663 0.000193021 17.1376 1.18167 6.84846 
0.000114202 4.53397e-05 0.00457162 7.53608e-05 0.204882 4.32161 0.393875 3.21432e-05 6.47832e-05 169.544 0.00194785 109.287 4.29054 0.00102991 0.000108112 33.0696 0.842296 3.8067 
0.754936 0.000149304 3.81881 0.103184 0.0250279 0.220059 0.0050237 0.00660948 0.312919 80.5942 4.24932e-05 136.24 7.73374 0.000293779 2.19469e-05 31.2568 1.15997 8.04938 
0.00029289 0.0448741 0.000760513 0.000199752 2.83464e-05 2863.9 4.41159 1.06859 3.06466e-05 93.9375 0.0686403 0.0772312 0.0109692 0.00172427 0.000225406 28.1515 1.30974 4.74579 
0.127796 0.667731 0.00411157 0.0832195 0.00453618 1273.27 0.0469185 3.18204 0.15605 0.0109663 3.58942 12.3061 0.140799 0.00212847 0.348629 37.9362 3.57919 3.25422 
3.14904 0.000736769 0.0142436 0.591293 0.00204718 9.71847 0.0133141 0.298801 0.155038 0.0125401 9.23221e-05 0.0506998 0.499098 8.95153e-05 0.0321243 34.4951 1.5268 7.75075 
0.014722 1.49013e-05 0.0421687 0.401346 1.22042 2976.92 0.197758 0.010644 0.000139116 0.0112595 0.000123846 1.86461 0.000233124 0.00140343 0.000198899 30.8113 0.512119 1.7897 
4.23055e-05 0.310157 1.42231 7.04514 0.000584601 15.0641 0.713877 0.0589164 0.736881 1.95596 6.26749 0.0235751 5.51735e-05 0.192221 2.65131 5.46447 0.14485 7.74478 
0.00127224 0.596712 1.85515e-05 2.97505 1.33032 2281.95 0.0391079 2.78395 0.00174082 174.266 0.00345334 0.149461 3.02832e-05 0.0342784 0.000156698 11.005 2.13595 5.83343 
8.88232e-05 2.41872 1.14874 0.357387 6.73245 32.5194 0.0442887 0.000152184 0.000719943 8.91485 0.0586374 37.3695 0.0443714 0.110771 0.0194808 35.0923 2.05672 0.282109 
0.26627 0.00631237 0.020633 0.0177208 1.99096e-05 50.4157 0.00268361 0.600341 0.0022504 0.812357 0.0194637 0.434417 9.70752 0.000339759 7.35705e-05 19.4272 2.91982 5.01436 
0.0150425 1.5392e-05 6.25521e-05 1.79462e-05 4.80681 5.94494 0.00030195 0.00258715 0.0090352 78.9367 0.0314021 0.157768 4.51 0.925972 0.23247 3.56714 1.2769 0.509379 
2.67491e-05 0.745611 2.89426e-05 0.396996 0.0934253 0.391399 0.0496552 3.78422 0.502418 0.0547926 0.00381499 323.142 5.63244 0.0390328 0.0535637 13.0269 5.81978 1.14197 
0.0021379 0.266554 9.90828e-05 1.39786e-05 0.00192337 208.737 1.66678e-05 0.000129078 0.000665942 0.535777 2.56777e-05 0.0977137 0.000810636 0.002533 0.00622315 45.4469 0.792159 4.88711 
0.000153368 0.00679611 0.449284 1.7923e-05 1.03497e-05 45.9411 0.0332052 0.0117942 0.000775918 37.5274 3.43328e-05 26.2937 0.710898 0.00103713 0.0055261 21.6551 0.393315 2.49023 
5.67184 0.210657 8.43037 0.00372295 0.423907 0.421884 0.068239 1.75629 3.99031e-05 0.0245271 0.00212141 58.9009 0.114594 0.000630899 2.30747 24.7755 0.194257 5.99361 
0.000885457 1.16236e-05 0.0785501 2.61881 3.59566e-05 2.00498 0.0180011 0.0151205 0.00771122 0.413975 0.794888 2.56499 3.82738 0.000258025 0.516918 1.34592 2.04026 4.89579 
0.00115461 0.041371 0.000691626 0.00176694 0.016595 6.26518 0.000386364 0.00423195 5.63627e-05 332.075 2.57056 48.7247 0.0908225 0.0754667 0.0726753 17.4995 2.21179 3.62173 
0.000589889 0.157819 4.7575 0.00383023 3.18179 1596.17 2.11266e-05 5.59246e-05 0.0798891 17.5622 0.583395 41.3886 0.0418534 0.100028 0.680565 4.17185 2.98244 3.96454 
0.212197 0.0106497 1.51634 0.331345 1.70517 170.544 0.545605 0.0101271 0.00807749 9.08552 0.240354 16.5653 9.05497e-05 0.00778048 0.295889 13.6075 3.01011 3.88972 
0.000492017 3.36849e-05 0.00190242 8.02585e-05 0.0559567 0.208633 0.0325102 0.00154828 0.00147329 0.0237088 0.00155211 0.217204 0.019458 0.132046 5.99153 27.4978 0.7633 1.70792 
0.00477997 7.00333 0.000595882 2.91135e-05 3.2846 0.881751 0.299057 0.000683085 0.000839939 0.228241 0.0685647 164.038 1.09299 0.605468 0.905656 0.987949 0.692403 4.56378 
2.73157 1.37838e-05 0.000336009 5.56812 7.45665e-05 734.68 0.00148068 1.03846e-05 8.57203e-05 17.7892 0.267911 65.4741 0.2804 0.00678102 1.63685 41.6201 0.0981521 5.47525 
0.00157622 2.39926 4.67467e-05 0.000283758 2.14703 8.90351 0.00012316 0.0201293 0.00315532 0.238818 0.000383625 7.54051 0.0441757 0.00611489 1.36427 25.0409 0.734846 4.58974 
0.234141 0.000775552 0.00848102 0.104369 1.74948e-05 1.38125 0.114531 0.221333 0.497858 1.60243 0.0020769 142.276 0.0226574 1.36079e-05 2.59204e-05 36.8064 7.86901 4.46514 
0.179659 0.0019306 0.0858958 0.155807 0.000126975 0.192716 0.0720733 0.686892 3.44957e-05 0.548808 0.00176914 0.0740477 0.0260039 0.0379923 0.0237488 7.65532 0.911645 2.52026 
0.00132873 0.0578293 0.512564 0.000570437 0.111659 1083.34 9.33139e-05 1.84399e-05 0.709495 0.550329 0.0389077 0.0242709 4.19227 0.0625183 0.000534146 16.3356 4.94996 2.36516 
9.89298 0.0048026 0.017123 0.00468838 0.000390665 41.4792 0.181536 0.00657317 3.08059e-05 0.631808 0.00115149 0.441888 0.321847 0.00154554 0.000516478 25.8379 0.864377 6.08744 
5.25448 0.0494546 0.0661248 0.000608519 1.85023 187.811 0.00202273 0.910222 0.121719 0.955108 0.0326373 1.2546 4.46829 0.0752192 0.540317 7.55888 2.41223 5.99944 
0.437916 0.000697586 3.80205e-05 0.00017566 0.000540093 2.36926 0.00183417 4.62306 2.88099e-05 0.676637 0.224472 373.709 0.159928 0.00149112 1.03324 49.0038 1.63705 3.28368 
0.0639113 0.00410681 0.0316033 1.7527 0.0615712 250.882 0.160281 2.93425e-05 0.000114981 114.115 0.43073 70.6486 0.0128411 0.0422427 0.00106815 12.2559 1.71912 8.37137 
0.00231029 0.00156341 0.0071598 0.037787 0.041899 34.4292 0.317011 0.0582256 0.00492355 0.0203903 8.61303e-05 0.0137197 0.00552281 0.0289526 0.000247849 33.2681 2.28459 3.09497 
1.93616 0.00262348 0.163144 0.016264 0.000895397 158.24 0.0677956 5.50032 0.266845 4.62874 0.0309392 175.778 0.00142337 0.0212208 0.00612733 9.48709 1.60076 2.70328 
0.101174 0.00448335 0.00493947 0.00911707 0.00341009 7.59041 0.42815 0.000210602 0.00154413 0.214514 0.0690062 180.787 0.0059015 0.00183637 2.03325 12.1778 6.4433 5.33489 
1.11226e-05 0.0174188 0.0171652 0.000596645 1.08673 1608.62 0.159798 0.211448 2.52585e-05 335.545 0.000360101 151.244 0.104755 0.000557404 0.943934 43.0564 0.11343 6.51571 
0.0990753 0.0656413 4.6434 0.0801618 0.00953883 0.824319 3.77273e-05 0.0103385 0.000126623 0.0164644 0.00428187 4.29297 7.98296e-05 0.196221 0.000206749 29.3649 5.20369 1.53208 
0.40804 1.13174e-05 5.99642 0.665185 1.92359 4.62415 0.000454646 2.08011 0.097143 62.1848 0.667644 0.0695481 5.76372e-05 0.00239445 0.000125736 28.6058 2.24627 4.76862 
0.013145 0.162067 3.55148e-05 0.00565441 0.00129085 0.391251 0.576474 8.41193 0.207863 2.8626 2.59072e-05 0.255766 0.00218303 0.00192302 0.000414231 47.208 0.701184 5.34085 
0.0172216 0.021994 0.000260179 1.56266e-05 1.73178e-05 0.602186 7.71218e-05 0.0443306 1.32394e-05 1.35969 2.29108 0.0570505 4.54949 0.137646 0.711683 3.32897 3.07289 1.70755 
0.00918862 1.25257 0.00206689 0.00169676 1.29398 3.64869 0.0205074 0.675704 0.768021 0.0410115 0.0174079 0.487401 1.58685e-05 0.0598617 0.054516 28.3742 4.14698 3.80094 
0.000746071 0.130592 0.240098 0.000122823 0.131188 306.015 5.03168e-05 4.89189 0.940463 7.25542 0.000740142 17.2073 7.98021 0.000160517 0.00144146 10.5392 1.23175 4.27137 
0.000101536 0.0105219 3.23131 0.00806245 0.000609056 8.26987 0.301474 0.0651094 0.000606402 61.4909 0.0216693 0.796196 3.67691e-05 0.0390702 0.000335284 30.5646 2.16426 3.23998 
2.37381e-05 7.55993 9.99655 0.00177379 7.5156e-05 3.25421 0.000730053 0.490902 0.0665183 0.35795 0.663819 0.582783 0.113216 5.23512e-05 0.00748838 39.4989 1.48899 1.23558 
0.00289909 0.00111648 0.733857 3.86413e-05 0.093965 45.2897 1.62765e-05 0.000136119 0.12563 0.977586 0.247177 0.330661 0.143744 0.0732813 0.030239 10.9609 2.52923 2.65914 
0.000473733 0.0134941 0.0126524 0.000164933 0.010949 0.0111593 1.53448 0.0528442 0.00794015 0.405495 0.0102118 4.29197 0.365361 0.0425863 9.45542 39.6141 0.106755 3.19468 
0.0127917 0.024204 9.44685 4.95189e-05 2.99931 1584.62 0.000788865 0.0168253 0.23031 6.98158 0.000469165 130.603 0.0567338 0.0693208 0.00250086 14.884 2.29156 6.05551 
0.795948 0.000480322 3.04724e-05 0.00214396 0.0224555 0.0452657 0.000163093 0.470455 0.329599 199.618 0.415935 417.07 0.974844 0.000221325 0.229233 8.12847 1.74562 0.305054 
0.00921286 0.0065541 0.00204302 2.25421e-05 0.00489523 2420.33 1.50967 4.68977e-05 0.00012195 3.94937 0.000160063 233.676 0.00788076 0.597909 9.88942 12.2375 0.329435 1.06498 
6.20224e-05 1.4136 4.84987 3.36831e-05 0.0883116 368.628 0.499401 1.03225e-05 0.00404103 0.194821 0.00917783 0.0420949 0.00778761 0.012311 0.00574458 33.396 1.00105 1.01298 
0.000195641 1.45275 1.873 1.60526 0.0408159 39.1376 0.0307596 0.0603085 0.526749 1.28428 3.63285e-05 0.767131 0.000729007 0.101582 0.0328151 45.0079 4.41044 3.54556 
2.43407e-05 3.75013 0.200036 0.000811938 0.000118538 487.644 0.101123 0.000174544 0.112445 0.34611 3.71211e-05 0.0948101 0.000859969 0.0573577 0.67651 26.4064 0.824357 0.415363 
1.09968 2.25929 0.000243371 1.88526 0.0011713 21.5297 0.0016767 0.0381292 0.000291898 13.3053 5.57187 434.679 6.24079 0.0191563 0.209357 1.39712 1.74101 0.717994 
0.752722 3.19024 0.00183236 0.00934691 1.0343 1.05721 1.7795e-05 3.06601 0.593198 0.154306 0.000575032 16.8051 1.0839e-05 0.230903 1.33305 14.6787 0.577462 2.22447 
0.00356929 0.00484084 0.147292 0.000395506 6.93707e-05 0.0628813 0.0968734 3.39974 0.710354 15.4285 0.000434059 0.351044 0.00620375 0.000548388 0.00817803 38.455 0.754886 2.36656 
0.13165 0.000200668 0.00170347 5.94649 0.00586638 118.925 0.000845086 4.27991e-05 0.000205516 238.744 1.85993e-05 0.0538053 0.00467419 0.48635 3.74149 3.80711 0.247512 2.5934 
0.0645635 1.10446e-05 3.14473 8.25648e-05 1.7719e-05 0.680837 0.0759662 1.74531 0.177489 0.0521936 0.139933 0.184577 3.50698 4.23395e-05 3.48691 10.2447 0.806496 1.30938 
0.017092 0.000217138 0.00772867 0.0118994 0.00074305 51.7601 0.405349 0.0524911 0.000252219 0.221071 0.000698366 18.1979 4.59096 0.000976504 0.791026 5.44597 0.344497 5.67717 
0.0222461 6.58051e-05 1.67145e-05 0.37596 0.344966 864.527 0.440822 0.00250382 0.00433484 0.0217886 0.00651256 132.656 2.86849 6.96025e-05 7.66682 5.51504 1.15815 5.65794 
5.80931e-05 0.31775 4.28857 0.0053428 0.000612667 2.59261 0.000126455 1.59686 0.000311814 0.105125 2.36293 0.735129 0.00170919 0.520146 8.79668 21.4388 0.196296 4.92917 
2.0599e-05 0.85175 0.000535359 2.67475e-05 0.114675 154.575 9.72941 0.000807496 0.00552342 6.84794 0.446209 0.206013 0.0862998 0.096355 0.0343038 16.4553 3.35947 2.52023 
0.00514206 0.0135693 0.0271345 3.08614 0.0103601 6.65343 6.82767e-05 0.0055327 6.48439e-05 286.873 0.0820808 0.0144059 0.0158123 0.00135221 2.32253 43.0567 0.11526 6.91168 
0.0390563 0.0151499 0.0980974 0.00970882 0.0115381 120.931 0.10316 6.47027 0.0222487 2.62608 7.31192 42.2885 0.00114372 6.9572e-05 0.0529367 22.0376 0.947434 0.0972858 
3.98828e-05 0.0233398 0.00701692 0.337526 0.00877958 2.0129 0.000159312 0.010771 0.00795746 9.31045 6.38152 7.1121 6.55663e-05 0.00174874 1.70781 7.52412 0.477938 1.08783 
2.59091e-05 0.000298212 0.000193628 0.00133588 0.0105588 0.0299705 4.33309 5.27111 0.00448924 0.0249336 3.19636e-05 0.0432068 2.25891e-05 0.018444 0.639304 34.3006 0.834122 3.90056 
0.122801 0.000272078 0.000798654 0.000586431 0.00522871 313.556 0.000456664 0.0137822 0.0712467 1.26934 0.000723402 6.41441 3.61781 3.21511e-05 0.00982412 37.4391 1.52322 4.13631 
0.00154452 0.000624723 0.790847 0.15587 0.0188898 1.24511 3.74714e-05 0.00861944 0.000120282 24.5097 0.0773135 85.9722 0.805712 0.000323985 0.00050557 14.4626 0.700189 8.92036 
1.85615e-05 0.00066508 1.69248 0.00610153 4.396e-05 0.0478043 0.319851 0.00161243 1.47044e-05 4.56444 0.00769749 0.0132202 0.0457935 0.0546927 0.0155575 29.3365 6.22565 7.16493 
2.89547 0.00600556 1.31597 0.00496702 8.43066 0.12251 0.149633 0.00118664 0.00945486 6.13574 0.000262975 135.293 1.87942 0.0216254 6.89908e-05 30.3166 1.94627 0.751767 
0.0116022 0.000615155 0.090612 0.777739 1.704 0.0692317 0.0183579 0.239025 0.000131241 146.826 0.00574138 0.026182 0.0128969 0.104717 0.0055329 26.0174 3.60188 1.61807 
8.16137e-05 0.74977 0.0115941 2.43701 0.076292 1.44434 0.000218179 0.97006 0.000107185 491.604 0.000375375 347.684 0.00719055 0.1459 0.102326 4.72731 2.4225 5.55793 
0.00032622 0.000231457 0.00347404 0.222182 0.00163039 239.456 0.00107866 1.08447e-05 2.01503e-05 17.5688 0.0381135 0.0451434 1.45037 0.00472566 5.13766e-05 30.4783 0.755905 1.60629 
1.73956 0.000913184 0.0460449 5.18557 0.0063513 169.116 0.000474882 0.0209193 0.0271693 97.578 5.06918 8.26743 3.05522 0.00452489 0.00412884 4.13883 1.65094 7.49022 
0.0409919 0.20599 9.01462 0.281933 0.000893461 350.551 0.0171936 0.00239424 0.00200014 0.203179 5.49905 0.409187 0.012517 0.660032 0.212251 12.6573 3.02124 1.71375 
0.00527207 1.07265e-05 0.000872312 0.23052 0.025608 0.630805 1.6902e-05 0.000356885 0.0090744 9.01565 0.10906 1.30422 3.68959 0.192385 0.408443 32.7414 1.60764 0.17345 
0.0282867 8.60826e-05 0.00255055 0.00477912 0.057156 0.225032 1.62471e-05 1.25077 0.0134744 0.218432 0.598567 17.3424 6.31365e-05 1.99506e-05 0.201275 22.6625 0.73442 0.17916 
3.06034e-05 0.00374682 0.00617373 0.00126407 5.82758 0.0972012 0.00129004 1.81021 2.94504e-05 0.395137 0.043204 134.784 0.00393102 0.0652209 0.0384122 23.4147 4.75246 5.61131 
0.121623 0.554701 0.387404 0.0732479 0.0110253 846.685 0.000373871 0.00440366 8.74727e-05 441.008 0.237347 0.247378 0.0281629 0.753042 0.337438 31.5041 3.80225 0.45169 
0.574548 2.82652e-05 0.00500468 0.00288457 6.194 0.0109583 5.50446e-05 1.2796 0.866418 12.5011 0.00350509 0.404761 0.00011742 0.179184 0.0552853 5.0385 2.05121 2.92467 
0.0030826 4.45066 0.00104841 0.0774597 4.07936 0.411472 0.0583698 0.981609 0.0892745 1.3305 0.0883863 26.9207 0.0371977 0.000307199 5.10833 26.8735 0.299186 0.225895 
0.147871 8.86246e-05 7.4257e-05 0.00074277 0.120655 1.70456 0.000570285 1.31039 0.12101 145.939 1.36064e-05 0.0305975 0.0392107 0.0461574 0.0248167 31.5135 1.89185 5.30985 
0.0203406 0.00352705 0.0210948 2.71806e-05 2.55916 6.49987 0.00614848 6.99908e-05 0.000416644 196.037 6.05598 0.0920615 0.0609636 0.0541975 0.00273578 10.3218 1.57797 9.63701 
0.366208 0.0542915 1.00997 0.000489908 0.230065 34.055 0.296221 0.328016 3.20722e-05 0.011693 2.0013 0.830807 1.97556e-05 0.987868 0.182067 8.88377 4.72156 9.52173 
0.000198777 2.87605 0.0903874 0.05352 6.28582 9.38502 0.00275824 0.142472 0.185723 1.18089 0.00749634 58.187 0.00610585 0.00485657 0.136034 2.31904 2.25479 4.6839 
0.00931231 0.618308 0.165255 0.0725051 0.0266805 14.48 7.65784 0.00846954 1.50348e-05 93.1428 0.0157983 8.13251 1.74428e-05 0.00141174 9.68199e-05 29.6623 0.71926 7.25011 
1.17869 4.73993 2.98013 0.000634186 8.21123e-05 4.621 2.41424e-05 3.14522 0.00245522 0.942091 0.0317848 6.16364 7.46187 0.075637 4.32985 42.3564 3.36987 1.85003 
0.0147665 0.0845726 0.09798 0.0449536 4.43774e-05 2153.24 3.50952 2.36699e-05 0.292168 5.26576 0.000142127 24.3165 2.17267 0.000663804 3.74198 13.6734 0.467114 5.53616 
0.299243 0.000158532 1.26885 6.52592e-05 0.624744 0.114787 0.457858 4.77399 0.000928456 0.392145 1.72755 0.0261352 0.00856235 9.39649e-05 0.0136861 28.9568 1.05196 5.40911 
3.38368e-05 8.70227e-05 0.000308664 0.00143473 0.0848918 0.0821861 0.514058 9.56032e-05 0.0671151 150.914 1.733e-05 2.77975 5.3409e-05 0.000128794 0.000813256 29.9252 0.649291 6.08308 
5.11331 2.55205e-05 1.13906 0.0151296 0.19484 0.0512972 1.5672e-05 1.11357e-05 0.0263463 12.4732 0.000794772 292.728 0.00161738 0.00711055 0.0456698 20.0177 1.51404 4.62136 
0.00552826 0.744922 0.0183327 0.000114797 0.241685 0.426094 0.00221605 0.00423472 0.00155074 0.0304699 0.502016 0.0712509 5.73655e-05 8.82795e-05 3.49956e-05 30.6504 0.719175 4.41786 
0.0526915 1.00405 0.000296638 0.0222412 0.0944196 0.0142407 5.41798 4.80733 0.264832 0.0144611 0.00109472 0.703936 0.353481 0.00300865 0.00041557 37.8048 0.65609 1.00103 
2.22367 0.0376738 0.00900161 0.0416945 0.072028 1283.29 3.36997 0.295045 0.00949989 0.0191372 0.00318811 2.16728 9.0752 0.000751195 5.4169 17.9199 0.56758 2.22495 
0.163482 0.0162551 0.711148 3.45842 7.69651 1.0101 0.263589 0.0855343 0.00692126 0.236952 0.130125 0.15481 0.718502 0.00048584 5.28332 42.1546 0.169843 3.92252 
0.00205247 0.0878041 3.64496e-05 0.376139 0.414008 93.7116 1.03553e-05 0.00664274 0.220245 5.64846 2.48567e-05 0.93194 5.63141 0.123143 1.8125 29.1516 0.552753 0.887271 
4.62565 0.0014417 0.431043 0.000103105 0.0191733 0.0388016 6.24447 0.0280514 0.0272844 7.15529 2.39085e-05 0.36683 0.012357 0.039967 6.65794 39.3864 0.291439 1.91809 
0.0361321 0.0567835 1.02233 0.0210512 4.99301e-05 0.0727464 0.0927988 0.00107481 0.00121206 2.84444 2.1094 150.944 0.00112668 0.0972016 2.27509 1.88087 1.78519 4.04607 
4.63527 0.000289155 0.00704177 0.0706222 0.00029259 24.4072 0.0692262 2.19167 0.192298 101.182 0.0178506 0.248285 0.00502809 0.169337 0.863168 27.6166 0.741757 0.284427 
0.063741 0.000178898 0.0148655 0.0617924 0.0579018 54.246 4.79558 0.22459 0.0137886 149.128 0.0795983 0.0214764 0.0143043 0.0129866 0.316015 21.1772 0.291397 4.70602 
0.248373 1.19831 2.23663 0.000786208 0.00364931 2.69842 0.0105115 0.0579289 0.601532 28.7127 0.347556 3.59935 0.000573138 0.0124489 0.207231 11.045 3.55861 6.45546 
4.00067 0.0832072 0.827026 0.000376685 0.0221406 7.90591 0.00124655 2.88512 0.113208 3.78269 0.0221881 130.116 1.42669 0.00295301 0.853618 41.1043 4.65045 2.86614 
0.0539084 0.365544 1.44384 0.00195957 0.000130114 456.932 2.13186 0.0204379 0.0683128 1.42292 1.09241 25.1132 5.00644 4.92878e-05 9.24062 6.60074 0.82026 1.20486 
0.000335151 1.2447 3.74047e-05 0.0126969 0.0700061 0.906336 0.0158538 0.0155645 0.0576253 172.762 0.000189793 0.0529484 0.0385577 0.00721887 0.111433 41.3346 0.794481 1.61427 
0.00229063 0.000593176 4.44312e-05 1.47124 6.59289e-05 0.0115108 0.0905818 0.979321 0.0108999 0.0660309 1.55738 7.54076 1.62474e-05 0.000633104 0.000936278 17.9684 3.35852 1.94955 
0.00162414 7.73888 6.61749e-05 6.5259e-05 1.80048e-05 0.0240572 0.727613 0.164692 0.00605115 1.86976 0.013545 5.98369 0.154229 0.80946 0.612939 6.45234 2.69689 0.914987 
0.226845 0.00697594 0.00064499 0.585119 3.96547e-05 16.522 0.779324 0.266018 0.00107347 44.191 0.546753 55.0884 0.615844 0.000455615 2.70666e-05 35.2859 1.83401 2.75694 
2.18294e-05 1.98225e-05 0.000106259 0.000767714 1.02151e-05 15.1788 0.0748741 0.737534 0.00917044 3.54862 0.335078 32.2037 0.00272863 0.00809285 0.000160874 9.64314 4.45533 2.46237 
0.00241975 6.79859e-05 8.22282 0.0108319 4.28731e-05 0.315399 0.000172379 0.0467832 0.00840614 0.439036 0.372657 451.293 1.68933e-05 0.00230503 1.42766 2.58288 0.653425 0.709593 
2.2244 0.00247029 0.000607148 0.00350522 0.00100808 0.482638 0.137389 1.48879e-05 0.00184394 0.544504 0.215438 0.0844812 0.0421352 0.0135717 0.0211612 32.0939 2.93118 7.73251 
0.000461877 4.73929e-05 1.98173e-05 2.67234 1.07416e-05 0.110332 0.0529174 0.424981 0.000868374 0.216945 0.272358 218.179 0.000391304 0.0071625 1.15125 20.6988 2.52955 0.326326 
2.83261e-05 0.0613508 2.78147e-05 0.00013791 0.000154205 60.4202 0.000102059 0.000237054 0.232942 0.0249006 0.0020498 0.0138032 0.0070062 0.00305418 3.89829 40.0561 0.366312 7.36063 
0.00297017 0.0374567 3.60126 0.144452 4.44809e-05 0.138326 0.00085909 3.61153e-05 0.0209363 7.44926 1.78588 0.175652 0.642996 0.00560314 0.236503 29.5646 1.14653 1.93227 
0.876473 0.00197275 0.0417675 0.000154749 0.00100015 915.98 0.000961736 0.0108595 0.0173921 4.60156 0.00294261 0.261734 0.139772 0.0168529 0.00249268 37.719 3.12274 6.67959 
0.00128221 0.0902474 0.056307 8.99646 0.797394 12.6583 0.0142935 0.0114089 9.14181e-05 339.493 0.747104 27.1818 0.00136311 0.0139831 3.92749 34.5453 0.27222 2.02288 
0.0393857 0.705556 2.97433 0.0102213 0.869237 2533.01 0.00772673 0.0018036 0.0551613 295.489 0.729081 11.9129 0.0584683 0.194207 0.341417 6.15386 1.07348 1.22486 
0.00094398 0.00784965 0.00082358 0.329095 0.0093428 1.05546 1.46345 1.80537 1.41746e-05 0.0134132 0.2321 1.16128 0.539995 0.0034729 0.450855 37.2931 3.34911 0.928508 
0.139967 0.00251534 1.58523e-05 0.00121663 0.20561 1580.52 1.72814e-05 0.0917476 0.0234252 0.0117509 0.000741121 2.58978 0.0189756 0.00869027 5.77415e-05 24.6595 2.10201 4.59303 
0.46179 5.12626 0.0123145 0.00741883 0.00346624 0.243836 9.13281 0.386317 0.425814 151.463 1.11866 9.12749 6.2527 0.741857 2.07744 6.89645 3.44067 5.75231 
1.21801e-05 0.00029648 0.00168744 0.00525488 2.4301e-05 1347.37 0.000100506 0.0019894 0.00516244 0.236973 0.475681 0.150062 0.438997 0.0284938 0.08436 24.1435 6.41946 9.33572 
0.335422 0.00425968 1.26301e-05 0.0100983 0.042832 111.716 0.00157276 0.000510503 0.734792 6.0502 0.00613223 286.247 0.0021202 0.000317582 1.49878 13.992 3.72325 0.115039 
0.000516327 0.000888341 0.943654 2.75452 1.08705e-05 5.57887 8.19234 0.249131 0.000289242 279.876 2.38205 2.15928 0.0199566 0.00136004 0.0640658 19.0026 0.868703 7.63121 
2.90651e-05 0.00847799 8.2401e-05 0.0189465 0.473234 0.240071 0.0416898 0.000251707 1.77577e-05 0.275259 3.76372 0.0538629 0.125274 0.0942717 0.444263 40.3754 1.258 1.50695 
7.3697 0.0048434 0.000518257 0.0455617 0.0059021 0.0402663 0.0252183 0.758028 0.015886 59.8533 0.259228 0.25997 0.468096 0.755197 2.73496 4.27581 1.69149 8.7323 
1.72629e-05 0.00327881 0.0112839 6.01667 8.73517 101.469 0.160662 0.386351 0.0139759 3.52507 2.28811e-05 0.0965767 0.0378178 0.000241448 4.78189e-05 45.9252 0.582538 3.51594 
0.277111 0.00292596 0.000301171 0.606539 1.30763e-05 49.3697 7.9835 0.238099 0.622857 0.030202 0.275194 426.965 0.0277856 0.222795 1.05474 8.15608 4.15551 0.045042 
0.00085116 0.000714739 7.43367 7.41731e-05 0.093328 1.46771 0.0784775 0.37237 0.000255638 266.382 0.000322175 0.15986 0.0242113 0.0024841 0.000128115 43.0854 2.32506 7.2112 
0.96285 0.0021964 0.00266678 0.00383801 3.17087 0.292315 0.000105506 0.00401307 0.000345856 94.4757 0.0116803 3.98937 0.00622057 0.759203 4.46701 4.66435 0.803698 5.96556 
0.0724518 0.000244412 3.81691 0.0518239 0.073009 965.17 0.0234922 0.82262 0.0106353 0.0709923 2.09648 278.981 0.0140238 9.08802e-05 0.229778 0.4909 0.438786 2.14448 
0.00755652 1.62883e-05 0.00092961 0.283322 0.524333 1002.67 0.000182321 0.691176 0.238096 46.1025 0.00908813 0.045348 5.64154e-05 0.304772 4.46332 11.5878 1.47665 5.71482 
0.113463 0.00420333 0.363239 0.124223 0.359037 367.692 8.01978 4.8826 0.381275 3.03911 3.61365 5.1944 0.0031914 1.94077e-05 2.13404 23.0033 1.87843 5.78809 
7.4226 0.924333 0.00596085 3.70543 9.42613 406.234 0.188138 2.91748 0.142668 2.01423 0.0694653 2.95915 9.6168e-05 0.000264895 0.0007479 27.4019 0.962648 1.52729 
0.029988 4.31216 0.292274 0.0037159 0.624314 0.329312 1.48252 0.0183969 0.000941039 5.13363 0.000625669 0.255804 2.1977e-05 0.0114524 0.000141999 16.5683 1.13184 4.15233 
0.000872825 1.61749e-05 0.0246661 1.0515e-05 0.649695 65.9922 0.000293066 3.5777e-05 3.19075e-05 93.1183 5.05537 6.71267 2.43466 0.257847 0.774062 3.78539 0.818159 2.17424 
0.00485612 7.24137 1.43042 0.0264271 0.555283 21.9729 0.757393 0.171975 0.0118924 0.994609 9.42895 470.503 0.000692201 0.00254829 8.60401 2.30264 0.139909 7.83765 
1.63992 0.645142 0.174878 0.266806 0.484178 2871.82 0.289567 1.11892 0.00618899 1.33319 0.0920376 0.012763 3.40299e-05 0.786171 0.978319 5.19782 1.31401 1.78758 
0.00786137 0.0307631 1.50393 2.08321e-05 0.00075484 0.0305136 0.0750039 1.60602 0.0615127 11.086 0.102682 191.804 0.00528538 0.0611884 0.000163346 2.95763 5.25414 6.40913 
0.0782787 4.93584 0.000186901 0.0178996 0.056845 2.28244 1.86699 0.041887 0.084992 139.582 0.0265744 0.0144945 0.00570827 0.00902055 1.21506 44.88 0.63424 1.36051 
0.000530125 3.47113e-05 0.0228905 0.0268036 0.0624442 2.63927 5.68719e-05 0.729883 0.0063814 1.02592 0.0425955 0.166529 1.19829e-05 0.00454903 0.0634353 45.6179 1.05338 6.45813 
0.000281297 0.806513 3.18983 0.000190228 0.00185417 52.662 0.00936749 0.0513114 0.000694475 0.0176743 0.259584 32.0293 3.41984e-05 0.00749403 0.821215 14.462 1.85246 2.95467 
5.41222e-05 0.752645 0.00266189 0.000156234 0.035892 0.0376601 2.20343e-05 0.00815342 0.0260709 127.117 0.975513 0.451586 0.0794752 0.0130463 0.00612352 43.3399 2.69393 9.50248 
0.195727 0.158547 0.00220913 0.0592357 0.00895209 24.7328 0.0751247 0.0487003 0.199053 73.5613 0.347599 5.35003 0.00062008 0.0626979 0.136216 49.8507 0.72527 6.28502 
0.00734851 0.00106104 5.69974e-05 0.0132164 1.25601e-05 88.6878 0.00774192 0.0494723 0.000176139 8.38381 1.84565e-05 2.22018 0.00098956 0.00854545 0.245199 30.4613 0.581567 3.07814 
0.000142344 0.0460761 2.24986 0.000196623 0.264869 0.536274 1.25782 1.01233 0.0130016 43.5683 0.00723387 6.75386 0.000625 0.0019694 0.000334708 20.9691 0.728375 5.92928 
7.20466 0.858321 1.3209 0.000177941 0.0918438 678.376 0.625584 0.246969 0.0555955 65.5013 0.190577 218.606 0.080084 0.000188868 0.304341 4.07628 0.940679 8.43247 
0.52509 0.0017688 0.000495271 4.17131e-05 0.245618 0.0152706 0.238048 0.036541 0.783281 0.147124 0.082442 15.5827 0.370647 0.00264337 3.96706 29.6363 2.5349 0.317737 
2.6267e-05 1.81019 0.000420145 0.00151717 0.0358119 2.97491 1.28725 3.12215 0.010603 98.2263 0.00459124 3.58566 1.61319 0.000731283 0.000649943 41.9435 1.17226 1.80821 
0.000117739 0.000168185 0.00825034 0.00144203 0.0174004 2.36026 4.5024e-05 0.236892 3.8539e-05 0.01075 8.86959 36.8415 0.212567 3.0457e-05 0.288993 4.39562 2.38079 8.98493 
5.25654e-05 0.541751 0.00174856 3.94498e-05 4.927e-05 0.0686923 0.00154537 0.982592 0.0143561 7.26956 1.70423 1.39044 4.78739 0.0692087 8.01351 48.0279 1.56688 0.822988 
6.13297e-05 0.000237004 0.0035957 0.00377397 0.00242346 1.43525 0.000413281 0.0138291 2.17764e-05 0.296439 0.0036168 0.0196571 0.45544 0.000367755 0.560222 30.2631 0.362238 7.37204 
2.98085e-05 0.00150952 4.30974e-05 1.4109e-05 0.721856 0.53376 0.0460829 0.199916 0.000297257 195.355 0.0106043 0.0127508 0.000720993 0.0530175 0.14789 43.0796 5.41188 4.1841 
0.879534 0.129301 0.116857 4.68352 0.410972 0.0866623 0.420176 1.01093 6.17943e-05 0.721736 0.46428 0.0609054 7.69538e-05 0.0965458 0.218158 26.6732 2.54516 2.12234 
0.100886 0.0070841 0.198499 0.140198 7.51036e-05 0.0370706 0.000523248 0.108998 0.0060718 31.3695 0.0051028 0.183419 8.99322e-05 0.45333 1.06945 16.5734 3.27621 1.75788 
4.02533e-05 0.0110642 8.58466 2.12128 0.000612426 1586.89 0.0143013 0.628842 8.1505e-05 0.0895667 0.000158821 1.74409 0.0420143 0.00559175 0.000276963 43.4832 1.63429 1.3257 
4.93121e-05 5.16295e-05 0.00444353 0.00654398 0.000264415 80.23 0.000223925 0.000990295 0.00803072 10.3036 0.889776 451.506 0.11526 0.000829306 4.22444 11.414 3.74401 0.583011 
1.2727 0.000282052 0.269039 0.000427174 0.072308 112.386 0.0575702 5.39418e-05 0.0028674 1.11439 2.01983 0.126301 0.000338927 0.000838559 0.000254763 20.7295 1.1332 7.14372 
0.000211128 0.020864 0.00013571 0.0013374 2.86416e-05 0.0188622 0.00396263 0.425959 0.000136794 75.7253 0.340668 0.439691 1.33837 0.00183711 0.00604978 36.5706 2.56228 4.58589 
0.000155463 0.000458301 0.000358966 0.907152 0.383066 2416.94 0.766976 3.91273 0.0688256 0.030502 0.0133377 0.019972 1.87426 0.000114707 3.60507 38.3873 0.280974 8.483 
1.25043e-05 0.000893087 0.0812085 9.37061e-05 0.0177468 0.193124 0.538597 0.00118795 0.00318769 17.3915 0.0190403 25.5661 5.15908e-05 0.747396 1.02268 10.9927 2.07704 1.43253 
1.48991 0.00353734 0.0173113 0.000153778 0.000301315 2.93673 0.0261277 5.19746e-05 0.000197897 0.0331074 3.4029e-05 17.151 0.00207227 0.000616507 1.87262 47.8434 0.200056 6.34149 
0.014194 0.0227966 0.000241367 0.00658693 0.000436837 49.9395 0.116092 2.17272 0.222469 0.209381 0.0218554 130.628 0.00205601 0.000465765 0.205732 7.65282 1.25485 0.222115 
8.66813e-05 0.000139024 0.106411 0.000751384 1.35544 494.79 5.44728 0.629035 5.02609e-05 0.156952 2.48254 9.18413 0.0134821 0.00620341 0.000816276 30.6327 1.40737 1.55988 
0.0010843 0.000319408 0.00561268 0.000174567 0.000268359 1.36448 0.00370631 0.000436056 0.162897 1.29399 1.45118e-05 0.164216 5.74522 5.28128e-05 1.26207e-05 5.82194 0.838828 9.43566 
0.0477976 0.000246891 3.82828e-05 6.92064e-05 0.136793 56.2314 0.00035923 0.0436463 2.689e-05 0.010474 0.125079 0.0117491 0.0386935 0.290322 0.626102 42.9882 3.23479 0.461625 
0.000421613 0.0834252 0.00104615 0.202345 0.562718 0.854259 0.000192156 0.0120187 0.0132967 8.18757 1.01288 1.59732 0.017848 0.373178 0.693753 34.5643 2.62496 0.434925 
1.81126e-05 0.000277864 0.0559512 0.658613 0.280075 0.0975891 0.00262205 0.201916 0.000207743 0.0413354 0.000378267 39.6266 0.00254044 0.0485339 5.83066 42.3567 0.269171 1.2783 
0.495199 0.00929171 0.504727 0.0829499 0.00574399 0.59325 0.00310439 0.453389 0.0446172 1.23055 3.8161 9.97856 1.45369e-05 0.00016114 5.57081 22.194 0.186773 9.27117 
6.5565e-05 0.129309 0.00355865 0.00307265 0.000512198 0.408969 0.00025279 0.000485765 0.000181207 2.68443 1.56454e-05 5.86809 0.237954 0.10218 1.07876 23.6841 0.336683 7.70449 
0.0188343 0.0920105 7.35647e-05 2.33071e-05 0.357052 4.36144 8.43643 0.37227 0.00161856 2.77525 0.10893 0.391816 0.0328859 6.87992e-05 0.0254164 48.98 2.0544 6.31234 
0.12664 3.88153e-05 0.414287 2.92128 0.000661506 0.198727 0.033714 3.28795 0.0733136 0.0217146 7.24563 19.3214 0.662302 0.0139263 1.64946 5.18109 1.56316 1.93789 
0.000537242 0.660517 6.85328e-05 2.22659 0.281322 0.0570064 0.15543 1.15981e-05 2.70028e-05 3.41988 0.00102011 278.669 0.208583 0.00987 0.0057233 37.0158 1.47343 2.32674 
1.25084 0.000513785 0.0228782 0.0552482 3.33255 76.0415 0.00607466 2.47663e-05 0.00560934 9.28317 0.156925 74.7177 0.000140736 0.653826 1.75259 11.0538 1.35508 2.48201 
0.000402498 1.78544e-05 2.35639e-05 0.0093685 0.600241 28.6514 2.20254e-05 2.0696e-05 0.000189112 1.00931 0.000254491 75.0398 0.25964 0.00709872 0.226982 34.9817 0.564814 7.76269 
0.00120823 0.0224935 1.74605 0.108242 4.69914 394.584 3.87105 0.016769 0.026257 16.8413 0.0674335 5.4115 1.99818e-05 0.0358603 2.33126 45.8019 2.04204 3.4648 
0.000131334 0.212806 0.00689007 0.357936 0.000355364 11.3379 0.0109059 0.00132637 0.233518 6.48489 0.03926 36.0589 7.22611e-05 0.00426608 2.67224 18.4994 1.95975 2.68248 
0.000418143 0.000442211 0.000232732 0.000473209 0.146551 435.109 0.436943 5.63574 0.000638897 73.5594 0.356863 146.539 0.674643 0.381919 0.555992 10.2123 2.73144 6.1638 
0.00443882 0.00450872 0.301106 5.86923e-05 1.28841 429.753 6.55225 0.0385885 0.00168099 0.0449492 0.0188026 0.144998 0.00473514 0.237866 5.99465 20.0499 0.973269 3.79035 
2.09913e-05 8.99313 0.00396152 0.00261449 0.0283124 16.5799 0.00461044 0.64186 0.0337581 17.6817 0.0867319 140.892 0.000452717 0.00982691 0.00033698 3.40437 4.80309 5.75598 
5.0716 0.00950019 0.240673 0.0949412 4.60432e-05 1.36899 2.49196e-05 0.000449987 2.086e-05 0.616818 0.000329213 156.137 0.000176168 0.607509 0.941577 7.29002 1.93792 6.5951 
0.000578858 0.00393184 9.48363 2.21012 9.60942 2.40019 0.000130286 0.0117999 0.0412316 4.03629 0.00165518 250.882 7.29609 0.0108652 0.442225 25.1916 0.320472 7.165 
0.00326934 0.000140266 0.00778658 0.00201329 0.00237727 1.82193 0.00272617 0.0101239 0.000105234 0.0589078 3.33056 4.45164 0.000184152 0.135322 0.666752 20.2927 3.28116 6.55211 
1.90026 0.681826 0.00350474 3.59967e-05 2.09643e-05 0.0541443 1.63416e-05 7.86575e-05 0.000812636 49.9087 0.000852429 55.6924 0.00593879 0.000312316 0.000607403 41.9438 0.939261 4.18403 
0.325519 0.000123019 8.86858e-05 3.732e-05 0.00084281 1713.3 5.55152e-05 0.36805 0.0668533 75.0614 0.000129215 0.0259332 0.00379477 0.000175992 3.90231e-05 47.5619 1.06767 3.606 
0.000105952 0.462464 0.000349082 0.00504456 0.05697 0.0455073 0.000332632 2.16082e-05 0.030363 2.61117 3.33423 6.33171 0.164285 0.000609036 0.418811 21.8523 1.30677 4.92016 
0.0293491 4.3291 0.020099 0.00616139 0.000196921 0.209717 0.476053 1.04807e-05 0.595167 58.5688 0.00104426 1.17453 0.127652 0.615692 0.793668 30.4394 3.38117 1.99696 
0.0954917 1.01833 0.000313656 1.32517 3.37536e-05 237.734 0.000118902 0.00144396 0.109106 7.20361 6.17015 0.350199 2.14989e-05 0.107204 0.208991 34.6727 4.83848 5.54398 
3.31883 4.65453 0.00908193 0.0732922 0.00639659 1.42791 1.22106e-05 0.00213196 0.430764 36.2544 0.0276318 0.308078 0.144766 0.477649 9.96418 30.3026 0.690272 1.07347 
5.79384 0.0202028 0.0463398 1.16688 0.00101208 55.1165 0.283938 0.0514424 0.00336432 2.09646 0.00267663 0.195848 0.000398256 0.543966 0.793314 31.3742 2.31739 0.283179 
0.0155764 0.0074353 0.136399 0.00361338 0.000154708 3.39108 2.52344 0.078318 0.250709 211.7 0.00229886 1.45929 0.000124144 0.317913 0.870192 22.0167 2.18291 3.53375 
0.366786 0.000431624 0.01517 0.0419037 0.208225 654.206 0.000179373 0.000265398 1.17683e-05 28.5237 0.0127503 2.01121 2.87247e-05 0.199599 0.539076 35.9803 1.65118 0.45468 
0.256498 0.176795 0.000202105 8.62266 0.00170081 211.646 0.0208284 3.17412 0.0116463 0.0463142 0.00638923 0.392562 1.19185 0.000892759 0.456885 44.9324 1.40878 0.60637 
0.0867768 0.00791397 0.00665469 0.0124928 0.76435 120.49 0.0655888 0.0224159 0.0597147 3.03351 0.0220064 2.41545 0.000841894 0.282683 0.68176 21.3827 2.62326 8.74563 
0.0713022 0.365524 0.000397695 7.36937 0.0133431 621.713 9.93705e-05 8.55915 0.118577 0.0307086 2.66669e-05 3.35846 0.0107721 0.323137 6.60807 44.5374 1.8916 2.00318 
0.000269868 0.0660578 0.00711782 0.0336872 0.0660649 74.7392 0.731987 0.584304 0.000650406 0.179514 3.50988 4.73747 0.028701 0.0823584 0.968115 48.2945 0.3449 6.99481 
8.41661e-05 1.56145 4.1687 0.000941583 0.280528 498.672 0.0108519 0.265822 0.0778972 0.0118783 0.130189 74.0971 5.91239e-05 0.160861 8.10521 8.34778 0.544732 3.08492 
0.000897404 1.7206e-05 1.58073e-05 1.22966e-05 0.00688522 75.0346 0.155655 6.55763e-05 0.0284398 0.515672 2.09807e-05 0.263074 0.230615 0.0682963 0.57611 46.5194 0.840414 2.94398 
0.00125168 2.79383 5.65509e-05 0.488803 0.000622133 71.5211 0.000208612 0.00107772 4.26455e-05 406.522 2.74979e-05 63.2192 0.00777981 0.00383966 0.621501 46.7395 0.360165 6.6057 
2.21288e-05 0.000124062 7.63803 0.0775439 6.83037 366.317 1.53335 0.0145193 0.102469 0.340934 0.00158505 73.448 0.000171794 0.00299944 4.64834 8.74466 2.14777 8.95307 
0.00683885 0.145739 3.758 0.00491053 0.000287175 2.59136 1.23453 1.712 0.108458 23.5323 0.247815 0.0176402 0.000511674 0.00756641 0.904414 37.8296 0.844249 7.40973 
0.00451508 0.000133288 1.40931e-05 1.85435e-05 0.000138332 0.0181461 0.00589523 2.72712 0.0960207 0.111671 6.28899 93.5637 1.35117 0.0154003 0.512001 9.20181 8.29054 3.18726 
0.0512205 0.180493 3.60525e-05 0.00287245 3.28855e-05 28.0949 0.0537021 0.00135006 1.38666e-05 0.036771 0.000616019 0.0753703 0.00142732 0.0644648 1.90057 29.0873 0.722463 1.64799 
5.2978 5.01764 0.00397438 0.000642487 0.485701 7.91392 6.34863e-05 0.000197121 0.7163 0.084621 0.000208053 40.2283 0.0192646 0.125856 0.246677 49.6606 6.47988 4.63172 
8.1956e-05 0.00127126 0.229663 6.60021 0.0232309 0.118951 0.0101342 1.66521 0.198482 0.0145484 0.0443316 82.2879 1.51939e-05 0.347815 2.87992 12.8272 8.38132 9.03853 
0.000144948 0.428395 6.32684e-05 0.0025919 0.0168898 0.29291 0.0806615 6.82741 0.306657 8.57509 0.288039 251.561 0.00500588 0.00871732 8.74907 16.7591 0.218876 5.51733 
0.000101933 0.573345 0.00596956 1.27401e-05 0.00032094 5.85394 2.66218e-05 2.61483e-05 0.000475494 0.792021 0.164047 0.771784 0.000273432 0.0843083 0.728577 19.9601 1.95512 7.72702 
0.0632004 7.09166 0.437174 0.000233748 0.00189064 80.3043 0.0840414 6.65358 0.319604 0.176858 0.00321474 0.113136 0.0072696 0.0155874 0.0107859 47.6529 3.14361 9.45685 
5.82949e-05 0.00211865 0.000681914 0.0077624 0.457122 0.0147318 2.96203 0.00972924 0.0102709 1.65342 2.22169e-05 24.0118 1.72055e-05 0.051569 0.317222 18.5745 1.56454 6.30636 
0.116073 0.000161625 0.00168916 0.00178954 0.640724 190.085 0.000356901 7.47982e-05 2.42645e-05 110.376 0.254775 6.71472 0.0388468 0.180996 4.00849 29.9933 1.69353 3.40991 
0.00585931 1.24481 3.4006 0.108772 0.000255307 0.855791 2.32518e-05 1.52283e-05 2.50943e-05 141.088 1.11454e-05 0.0862818 0.00152899 0.326727 1.96272 12.3456 0.748356 5.8613 
0.00521379 3.64142 0.0348469 1.65822 0.733252 1.18226 0.0479579 0.00110134 3.04325e-05 0.579056 0.000252685 30.1444 0.282731 0.594717 7.2902 14.8518 0.883284 3.67225 
0.0385938 0.00283657 0.000370975 0.000817556 0.000398022 11.7108 0.000105869 0.000231156 0.0343578 0.0238159 0.000217425 2.12321 0.0253216 0.0819664 1.15046 16.8943 0.69593 9.81868 
0.000334854 0.587798 6.43562e-05 0.0128193 0.000228812 98.0949 2.7238e-05 1.3082 0.000121792 3.20905 2.83411e-05 0.0364561 1.48259e-05 0.00148374 0.204843 47.4931 1.15754 9.8135 
0.000309149 0.619189 8.31049e-05 0.000691441 2.53276e-05 5.55659 2.12186 0.123701 0.0829357 22.8239 0.00332757 0.0968391 0.00322066 0.473362 4.56672 19.069 0.743403 1.38931 
0.486244 0.0015922 9.11931 3.86591e-05 0.0266018 10.0347 0.0157481 0.000615099 0.322174 0.127219 2.85562 0.0756226 0.132574 0.281289 0.501067 20.0381 2.1333 3.69483 
0.100263 0.001693 0.00137344 9.5059e-05 0.000114088 14.1267 2.19321 0.00512562 0.00729813 1.22778 4.70679e-05 42.006 1.3226e-05 0.66528 3.94418 39.8339 1.36669 0.472408 
0.000363292 3.91432e-05 0.0313396 0.018359 0.814886 0.122817 0.000148237 3.37175e-05 0.00047751 4.32177 0.00803747 0.794847 1.90932 0.00275479 0.662606 36.876 0.709406 7.91499 
0.00945553 6.1002e-05 0.000140854 0.00301637 0.000133624 0.538001 8.57667 0.00135551 0.053469 0.0530975 0.000131311 0.448744 0.0226477 0.622769 2.76251 19.4649 1.70671 1.32385 
0.000782474 0.0094068 0.000427649 0.0370531 7.00445e-05 9.09852 0.00748806 2.91944 0.550718 0.518549 1.78856 9.69611 2.90834 2.05414e-05 1.55457 12.3691 4.56 5.10255 
6.04131e-05 1.85556e-05 0.0116928 0.169647 0.445286 0.195175 4.06047e-05 0.00171652 0.0698087 0.0159634 0.0280635 0.337851 0.254427 3.7196e-05 1.02348 35.5259 0.414789 5.76523 
1.76137e-05 0.0609296 0.00344904 0.0391901 4.60551 24.9675 0.0217427 0.00572491 0.00682209 0.0288525 1.86323 1.12905 0.00646881 0.0762723 0.950664 33.699 1.61031 3.68112 
0.150633 0.000497701 0.000840184 1.41162 0.0112233 0.044999 0.252489 0.699935 0.0506328 0.161648 0.0283119 377.216 0.000767741 0.000105057 2.88614 4.23879 0.65536 3.988 
0.00825609 0.640559 4.16238e-05 0.645133 0.338334 0.162329 0.504688 0.307382 0.0341513 0.51246 0.000673847 10.4919 2.29982 0.845848 2.01382 11.0123 3.30484 6.93954 
0.0858115 0.0108027 1.56008e-05 0.00438751 0.000248967 76.0679 1.36223 3.88282 0.0158519 55.1435 4.98886 107.326 0.00376517 0.000184474 1.04151 44.8007 3.29254 2.91093 
0.000858584 0.0373489 2.48502e-05 0.252784 0.0173263 3.19981 0.000732936 0.131922 8.35941e-05 0.13803 0.00835867 0.0358659 0.00353428 0.366968 0.952684 27.0062 4.85429 4.64943 
2.46482 3.30826 0.00273952 2.70808 0.000830466 0.338527 0.000456324 0.0167777 0.0345642 31.3472 0.00134192 0.974452 3.1316 0.123415 1.65243 15.9494 1.28234 9.83304 
0.00147707 2.91408 0.0010952 0.00220003 2.62755e-05 0.0370441 0.389644 4.6736 0.0845331 0.128054 0.00190601 372.137 0.00691204 0.0306047 0.601132 11.4155 6.52884 3.83136 
0.000810504 0.000184571 0.000924751 0.00626942 9.60504 0.669477 0.00759942 0.000537322 0.000622484 285.025 0.00518986 0.0712342 0.0184043 0.0398357 0.588219 27.2838 0.898926 7.38282 
3.475 0.00196984 0.00133687 0.0632174 0.0533882 329.497 0.714203 0.000656647 0.000117247 172.623 0.00292621 7.58034 0.000488783 0.118001 3.53933 27.8374 0.988298 4.68152 
0.000877912 0.0802502 1.69693e-05 0.0475691 0.0248929 3.16492 0.0276931 3.55368e-05 2.24097e-05 100.88 1.17641 0.0629599 0.000752038 0.479442 0.918178 21.8226 3.70181 6.8042 
1.89314e-05 0.000507467 2.3297 4.24543 0.00141046 0.373384 0.0265212 3.35293e-05 0.000346818 0.119435 1.8403e-05 0.696737 9.02142 0.260134 0.665285 36.7181 6.66402 5.48064 
0.000461173 3.46154 1.17002 0.0788499 2.99776e-05 0.532183 0.0383121 3.08645 0.000371386 209.298 0.000427252 0.0801251 0.0305089 0.028321 0.111936 31.812 1.3947 8.70316 
0.126419 1.08611 0.00164238 0.108653 0.00953523 811.551 0.78444 0.00463528 3.24422e-05 2.29489 2.31069 39.3681 0.455097 0.000678412 3.11445 48.0873 0.445823 4.12126 
0.295726 0.000705014 0.49674 0.211933 0.000258472 0.336694 0.000758086 0.0521424 0.518236 349.876 3.88639e-05 32.6222 0.000331321 0.0419614 1.40111 49.2713 1.89262 6.03609 
3.01875 3.97255e-05 0.00333983 8.53287e-05 0.0133169 20.5754 0.000113595 0.0144745 0.189293 2.52748 0.013778 150.935 0.0002523 0.0750195 1.95163 10.8051 0.937967 4.20594 
2.05595 0.00120266 1.47351e-05 0.000241919 0.000954065 16.7365 0.000422061 0.37343 0.543638 0.811873 0.00639457 114.323 1.0487e-05 0.00333008 1.31648 3.45444 0.973341 4.42242 
0.00984991 0.000821789 0.270915 0.000471791 0.11609 0.725727 3.80155e-05 2.21838 0.045032 0.328273 0.000788909 148.481 0.00197203 0.00235768 1.96439 49.4213 3.13721 6.01936 
0.00118744 0.004926 0.0248781 1.92972e-05 0.074231 104.846 1.21859 1.32057 0.235698 0.784231 0.0028476 306.13 0.00145111 0.00336698 3.55366 39.093 7.8705 3.71414 
0.00259244 0.016661 1.42128e-05 0.00849586 0.0529924 1.18768 0.000637752 2.24674 0.00825141 98.8856 4.68765 10.3113 6.20523 2.51474e-05 5.89596 47.8106 1.38881 8.74487 
0.00153999 0.0010651 0.480077 0.0134948 0.00305179 53.7766 2.52312 0.100541 0.012834 0.0835892 9.50352 6.42935 0.00938216 0.114166 1.97556 46.3156 1.49021 9.29436 
0.00171496 0.0824085 0.00422681 1.39704e-05 0.0532136 0.171457 0.069003 3.27358 0.488112 2.9923 8.27567 477.386 0.000111206 0.0689272 6.42793 32.3642 5.83244 1.9092 
