-187.1513201
-187.1395072
-187.1244556
-187.080446
-187.0529881
-187.0349603
-187.0083784
-186.9618725
-186.9543528
-186.9142193
-186.8656052
-186.8556432
-186.7948606
-186.7652065
-186.7323942
-186.714706
-186.7133296
-186.7002481
-186.6837366
-186.6637174
-186.6173834
-186.5879953
-186.4998896
-186.374037
-186.3708868
-186.253485
-186.2453348
-186.2374052
-186.2371495
-186.2181392
-186.1713596
-186.1517121
-186.0633819
-186.0527139
-186.035466
-185.9581011
-185.919392
-185.8676776
-185.8549372
-185.8494942
-185.7598897
-185.7550953
-185.7284668
-185.7270366
-185.706188
-185.7033837
-185.684758
-185.6568668
-185.6476359
-185.5945248
-185.5932455
-185.5254982
-185.5033319
-185.4549685
-185.3741769
-185.3208449
-185.3090136
-185.2717725
-185.2279238
-185.223389
-185.1070556
-185.1018679
-185.0811686
-185.0378853
-184.9798799
-184.9680271
-184.8975619
-184.8916597
-184.8889657
-184.8548692
-184.8478719
-184.81797
-184.7657168
-184.7195148
-184.6776287
-184.6687092
-184.6392135
-184.6205571
-184.6171293
-184.6096332
-184.6038071
-184.6013032
-184.5293643
-184.5284338
-184.5102606
-184.5008394
-184.4895205
-184.487315
-184.482347
-184.4760384
-184.4584993
-184.4534557
-184.4473077
-184.4396632
-184.4319685
-184.388168
-184.3755589
-184.2378804
-184.2332711
-184.1994776
-184.1187539
-183.9879339
-183.985762
-183.9857155
-183.9812721
-183.9807182
-183.9439897
-183.933738
-183.8765831
-183.8464254
-183.8371532
-183.8129234
-183.7774905
-183.7407442
-183.7407179
-183.6594817
-183.6271776
-183.5963841
-183.5939582
-183.5875886
-183.5767774
-183.5431208
-183.5398811
-183.5381423
-183.4670795
-183.4663884
-183.4576085
-183.4430404
-183.4021086
-183.4015175
-183.3904971
-183.3883261
-183.346581
-183.3453456
-183.2989027
-183.2129685
-183.1469365
-183.1215489
-183.0980077
-183.0245298
-182.9906868
-182.7940973
-182.7531578
-182.7169943
-182.6772948
-182.6724293
-182.6402465
-182.5729268
-182.5412297
-182.3978563
-182.3938379
-182.3628256
-182.3558602
-182.3552743
-182.3319145
-182.3308921
-182.3296005
-182.3189343
-182.3086714
-182.2822019
-182.2729332
-182.231768
-182.1413399
-182.140588
-182.1121354
-182.1077413
-182.0992265
-182.0659576
-182.0573742
-182.054912
-182.040424
-182.0360791
-182.0206935
-181.9958403
-181.9583416
-181.9569161
-181.9457035
-181.9454403
-181.8565224
-181.8479883
-181.8281904
-181.8204289
-181.7868229
-181.778459
-181.7427795
-181.7422989
-181.7222817
-181.7215333
-181.7016075
-181.6717124
-181.6528208
-181.6197665
-181.5994376
-181.5900099
-181.5338831
-181.5190597
-181.5072451
-181.4933704
-181.4909487
-181.3465289
-181.3329088
-181.3317101
-181.3306797
-181.3305257
-181.3287961
-181.3247266
-181.2683864
-181.2551225
-181.23977
-181.2246609
-181.1873415
-181.1788319
-181.0563425
-181.0529124
-181.051527
-181.006776
-180.9075004
-180.9074151
-180.8542793
-180.8308529
-180.7787415
-180.764433
-180.7284879
-180.6815549
-180.6547302
-180.6348148
-180.5429209
-180.5231612
-180.5150691
-180.4777532
-180.4745888
-180.4360858
-180.4070475
-180.317494
-180.2859805
-180.2424651
-180.2420914
-180.2411039
-180.2212083
-180.1737981
-180.1376107
-180.1320636
-180.0131279
-179.9943861
-179.9744306
-179.9508604
-179.9405259
-179.9022342
-179.8687099
-179.8333171
-179.8132662
-179.8085416
-179.8058243
-179.7616928
-179.7498926
-179.7460322
-179.7459667
-179.7376348
-179.7214388
-179.7122471
-179.6269238
-179.6129587
-179.5404829
-179.5321267
-179.5276784
-179.4871556
-179.469302
-179.4410368
-179.4036641
-179.3977938
-179.3384152
-179.3125191
-179.3087481
-179.261571
-179.2608745
-179.215011
-179.1995851
-179.1913115
-179.1136108
-179.088964
-179.0439599
-179.0040284
-178.9573447
-178.9442731
-178.9205126
-178.900045
-178.8802319
-178.8566127
-178.8437588
-178.8347787
-178.6986412
-178.6692343
-178.5300865
-178.5241097
-178.5166603
-178.487521
-178.4569488
-178.4407112
-178.4335561
-178.3970404
-178.3783746
-178.29921
-178.2858004
-178.2466207
-178.2134104
-178.1809174
-178.0880855
-178.0778734
-178.0631857
-178.0431735
-178.0270201
-178.0261428
-178.0106071
-177.9616541
-177.9583607
-177.9239675
-177.8505202
-177.8454526
-177.8347045
-177.7903789
-177.7891615
-177.7789021
-177.7577246
-177.7453936
-177.6926435
-177.6809343
-177.6468433
-177.5597143
-177.5344645
-177.5317816
-177.5287756
-177.5075731
-177.4314173
-177.4298154
-177.3847916
-177.3800155
-177.3605729
-177.3182582
-177.3036761
-177.2707511
-177.2682284
-177.22259
-177.1992311
-177.1874443
-177.1702865
-177.1620098
-177.1153656
-177.0949011
-177.0601616
-176.9356143
-176.8866599
-176.858148
-176.8531465
-176.8019416
-176.7943031
-176.7854889
-176.7587415
-176.7475822
-176.6455225
-176.6318955
-176.6076156
-176.5906211
-176.5623846
-176.5438995
-176.5374815
-176.515212
-176.4265094
-176.3727601
-176.2148471
-176.1017967
-176.0753768
-175.9929651
-175.9886553
-175.9701809
-175.8671852
-175.8670481
-175.8100469
-175.8084194
-175.8017302
-175.7457592
-175.676266
-175.6408182
-175.6145833
-175.5684594
-175.5000491
-175.4691687
-175.4125245
-175.4069333
-175.3140849
-175.2383353
-175.1853277
-175.1843931
-175.159667
-175.1435351
-175.1005912
-175.0827186
-174.9665937
-174.9364306
-174.9125778
-174.8539311
-174.8298251
-174.8085502
-174.8039035
-174.7766608
-174.7721881
-174.75269
-174.7393081
-174.674407
-174.6732583
-174.618671
-174.6149981
-174.5700758
-174.5338466
-174.4715859
-174.4410596
-174.3563514
-174.3532947
-174.3134643
-174.3047356
-174.2828494
-174.2732925
-174.2275249
-174.2104475
-174.2021057
-174.1743453
-174.1617776
-174.1601514
-174.1260909
-174.1178031
-174.0947208
-174.0851996
-173.9339396
-173.8682833
-173.8579106
-173.8501495
-173.7576806
-173.7562175
-173.7402135
-173.7294929
-173.6906138
-173.685289
-173.6766524
-173.5763109
-173.5429844
-173.4988653
-173.4124189
-173.404739
-173.3837606
-173.3582212
-173.2626337
-173.1162618
-172.9780777
-172.9394844
-172.9159805
-172.8724771
-172.8051657
-172.5641008
-172.4769345
-172.3513717
-172.2859794
-172.2765309
-172.1932536
-172.1838628
-172.1396367
-172.0629703
-172.0397683
-171.9499493
-171.8628493
-171.8247046
-171.7076555
-171.6524036
-171.5865502
-171.5339169
-171.2632136
-171.2115572
-171.1491808
-171.0844537
-171.0556278
-171.0176947
-170.9962192
-170.8964402
-170.7978718
-170.4727317
-170.4642733
-170.4188092
-170.3617246
-170.2697378
-170.2550971
-170.2292128
-170.109913
-170.0086111
-169.9650995
-169.8259962
-169.5813112
-169.5204705
-168.784005
-168.0191459
-167.5289555
-166.3844943
-166.1061379
