1.233 0.0104197 0.0163366 0.0181349 0.000305769 152.269 0.000937761 0.580238 0.200644 4.66488 1.23918 148.432 0.143592 0.061019 2.77436 16.1405 3.13509 2.49377 
0.000601889 5.03895e-05 4.73123e-05 0.390496 3.17194 16.6605 3.38036e-05 1.02284 0.128703 3.68782 0.172859 16.8401 0.000150666 0.000985553 0.789311 43.6621 1.1535 5.50066 
2.00081 0.0013451 0.000253847 0.304614 0.00228102 2618.21 0.00327104 0.340177 0.0707931 14.282 7.42853 42.5301 0.00601657 0.000154521 2.23139 35.3434 4.67247 9.0569 
0.00578011 0.00221344 0.000384973 0.0204571 5.59409e-05 0.510879 0.000163592 5.20809 0.0446284 0.38909 1.87614 401.306 0.00447587 0.0173181 0.800863 39.7543 9.51286 9.56695 
0.000525007 1.07931 0.912635 0.063434 0.00027204 0.0581869 0.084732 2.22501 0.434228 45.9872 0.115564 254.324 0.0030696 0.000188428 5.97276 22.9018 1.15195 3.15927 
0.0936293 0.66069 0.00588032 0.00730815 0.0402639 1453.37 0.0143484 0.114819 0.00983868 0.0170572 7.41565 439.064 0.299464 0.00619196 2.42274 20.1077 7.02424 2.20847 
0.0154885 0.000539083 0.0445852 6.56516 0.0218056 0.799999 0.0034973 0.773242 0.0078634 0.0330604 2.57593 179.869 3.44408e-05 1.90237e-05 1.5099 29.5786 2.43248 0.356918 
2.22644 0.00215759 5.11322e-05 0.0018146 1.54e-05 128.437 2.61536e-05 1.10657 0.8177 0.120284 0.00122075 100.743 0.131265 0.00017182 1.36653 23.3226 2.53765 3.5876 
0.00250631 1.43478e-05 0.167963 1.58786 1.59277e-05 48.2558 0.0111362 4.5278 0.191784 7.59286 0.322917 422.027 0.000332028 5.42696e-05 2.36703 17.2758 0.821028 3.54224 
1.43877 0.0287356 0.00173099 0.0730462 0.00372177 0.254332 0.208327 2.66099 0.457027 18.9041 0.256118 78.9701 0.111692 0.0577986 8.21273 33.1158 1.90059 9.07363 
0.565827 0.0711158 0.23216 0.0255126 0.872167 17.6461 0.00460835 1.65713 0.0446312 0.092916 3.15175 419.795 1.04787e-05 1.28332e-05 1.02828 3.02894 1.74952 7.95021 
0.000117693 0.00111664 0.00161082 0.00010328 0.00183462 66.7666 0.000987589 0.224544 0.0238853 1.20866 4.81384 368.957 6.54204e-05 0.000424748 0.629801 8.44733 2.00252 2.11399 
5.39363e-05 2.87528 0.238696 3.03834e-05 6.71341e-05 294.167 0.0110456 3.57686 0.0878111 1.70165 9.10883 338.667 0.159707 0.00024764 3.9412 17.7389 1.32597 1.73765 
0.000637905 0.000159482 0.002964 0.569672 0.000857919 34.6374 6.52604e-05 3.20324 0.542861 0.242716 0.0195836 45.9798 1.23578e-05 0.0460052 4.23378 27.5795 1.953 5.76533 
0.000580295 0.00210018 0.000387661 0.00272952 0.161553 2.74522 0.0599982 2.63268 0.122035 0.561388 3.09092 477.196 0.000213514 7.95314e-05 6.32485 7.27312 0.913118 8.82991 
0.000115535 8.87481 0.00231103 1.5456 4.85855 0.0652671 2.63495e-05 0.285287 0.0212957 1.68803 1.80261 346.466 1.01331 5.42286e-05 1.69951 7.18763 5.3537 4.94172 
0.971802 0.0557571 0.174951 7.20365e-05 0.0231493 484.151 6.59177e-05 0.34925 0.107752 2.78188 3.35415 41.4653 0.0238969 4.99627e-05 1.7748 40.3052 1.2992 9.42673 
0.00407944 0.00351703 0.00626264 0.0039172 0.111166 272.372 0.227756 4.01357 0.548721 1.29307 0.00799848 336.007 0.0810834 0.00202466 2.18428 16.3612 0.878826 1.20311 
0.0745451 0.00117714 1.44415 0.00092481 0.000389291 78.3247 0.083587 0.901072 0.104089 14.3738 3.0942 196.933 8.49554e-05 0.106554 3.25422 11.6017 1.85386 5.41498 
0.000254599 3.54926e-05 0.0353859 0.161842 0.000124308 884.562 0.00358134 8.24454 0.368257 10.3423 8.34879 53.0013 0.0134786 0.0142566 6.30594 44.0942 1.32612 4.3664 
0.0603517 1.05253e-05 0.170009 0.0107033 5.33953 0.142304 0.0355187 1.02008 0.252536 4.7526 0.100551 53.9177 2.36875e-05 0.0230705 3.80364 31.6226 1.06949 7.62585 
1.60532e-05 1.1188e-05 0.189094 0.00154948 3.68648 813.493 0.00158958 6.81536 0.026516 0.0343876 0.203977 109.854 1.29323e-05 0.00943606 0.582441 34.8027 1.08022 3.65898 
0.00766659 0.000765186 0.00173642 0.00296826 1.73146e-05 0.0383905 0.0232256 0.095079 0.0135964 0.0415368 0.65853 216.094 4.41653e-05 1.42774e-05 0.943017 6.54415 4.26567 8.29966 
5.48109e-05 0.000319147 0.743512 0.000292001 0.000889284 0.0235546 1.27116 1.81196 0.0674098 0.0589245 1.28887 105.425 0.00322119 0.000932085 9.95851 23.7363 0.996984 7.79061 
4.69194e-05 2.43237e-05 0.179888 0.0155629 8.99821 3.13001 0.016336 1.54857 0.0765607 0.155088 2.36633 57.178 0.000187876 3.67051e-05 7.76675 20.8078 1.53271 2.8012 
0.168432 0.00128773 0.00737075 0.00293309 0.00015093 0.785776 2.83779 0.589934 0.766705 17.6819 0.0402248 131.849 0.0566759 0.0376414 1.72809 8.29396 2.98293 7.46876 
0.000147184 1.13816e-05 0.000364237 0.000132237 0.000647751 2.722 0.0191177 1.94073 0.737017 1.50826 0.356591 63.4924 0.000455838 0.000731517 5.26655 30.9749 1.15199 4.72081 
7.86905e-05 0.0280031 1.28059e-05 0.144607 0.0312271 0.337413 0.00390373 0.158765 0.212807 0.35472 0.00264056 448.334 0.162771 0.00165814 5.06261 10.1248 1.93481 0.621723 
3.6846e-05 1.50549 0.00106101 0.00522866 0.0191706 56.8795 0.0236142 0.649073 0.385414 21.5147 2.80881 324.608 0.00208167 0.0144894 3.05486 6.17089 2.53788 3.02476 
0.0258674 0.0919555 0.00462142 0.0113203 0.000115852 0.0723574 0.0108803 0.682579 0.0103379 1.39808 5.46332 24.5276 0.000888161 1.19642e-05 0.683758 27.018 1.61509 8.29256 
0.000637312 0.000548112 0.00195201 0.0780523 1.03251 534.811 0.808071 0.464115 0.526907 0.0197677 0.00122557 418.214 0.000961703 0.0601631 2.69172 3.09208 1.63025 2.82647 
0.000283369 1.29271 0.000434764 0.000242131 0.17638 12.4958 0.0485597 1.27273 0.142393 0.0338307 0.00320731 47.9681 0.00701226 3.7318e-05 1.00202 44.9794 1.8475 8.57495 
7.83062e-05 0.000163539 1.49136e-05 0.00136199 0.000699834 123.371 0.000175174 0.417712 0.194715 0.043088 0.00465769 259.889 0.000106484 0.405883 3.43337 3.61966 1.41064 9.71381 
0.00439163 2.03495e-05 0.0116363 0.000297835 0.000786599 53.2701 2.04717e-05 0.721227 0.0177607 0.699055 8.95157 127.638 4.84774e-05 5.15956e-05 0.912977 30.5746 2.20242 5.62239 
0.0274212 0.000121139 0.0684466 0.183305 0.00699359 25.0186 0.00115373 0.111581 0.396273 19.8306 0.310308 205.17 0.0031147 0.00109806 1.01029 32.7816 8.47774 2.84549 
0.101303 1.82485 0.00226446 0.000206879 0.0017496 874.511 0.879367 0.596234 0.215419 0.39191 0.398529 167.945 0.108733 0.000151107 3.19047 33.7751 3.01218 0.950136 
0.000152168 0.605679 0.000165211 2.44835 0.0467836 1.06301 0.000707176 0.302592 0.16643 4.12254 0.769887 137.702 0.0117055 0.0137346 1.37446 18.5826 6.37998 4.81095 
0.014513 9.95983e-05 0.000804254 0.000194283 0.00365484 10.7171 0.755257 8.66587 0.00176017 0.13578 8.91969 277.665 4.45943e-05 0.0136686 1.96027 34.9909 1.81116 1.65648 
0.000858343 0.00646587 0.00452776 0.325761 8.83019 0.433947 1.35011e-05 2.59203 0.0515516 0.501576 1.36049 88.1126 4.06321e-05 0.0123442 2.91739 20.868 2.40079 8.55533 
0.0842069 1.41751 0.000270355 3.56528 0.135775 199.395 0.0716099 0.132518 0.0821131 1.56805 0.102521 393.061 0.000107016 0.00713484 1.30572 8.68149 5.96209 6.39853 
0.190502 1.25 1.19513 2.66126 0.000153229 1.34166 0.00161819 0.200778 0.135887 0.0213938 0.00837342 41.1594 1.46105 0.00119341 2.79107 36.9915 1.36156 7.4574 
0.0673341 0.165572 7.56481e-05 0.267428 7.48785e-05 0.485017 0.00125426 0.280061 0.00735536 0.122488 6.76737 83.2505 0.000737703 2.98218e-05 0.718099 17.8937 1.32708 1.97258 
7.98898 0.00318028 0.000295355 0.00881842 0.633296 3.92369 1.15774e-05 0.602504 0.0906745 0.0736844 0.0476807 22.0151 0.00124891 0.0014744 0.694415 43.1424 2.15034 6.93347 
0.00599646 6.09914 0.000841935 1.08018e-05 5.89696 195.114 0.00543842 0.689075 0.977168 9.52551 0.010861 125.626 0.198029 1.77453e-05 1.1184 15.6286 2.20281 9.97462 
0.000565351 0.00179417 0.0399554 0.0268016 0.134513 0.220304 0.0807458 0.112484 0.427588 7.07585 0.0289476 36.6692 1.0066e-05 0.00108563 9.24146 44.0489 0.741625 3.76941 
0.180622 0.0160742 0.0013913 1.26423e-05 0.00031943 5.97055 5.84661e-05 1.63878 0.0262283 0.880056 0.272235 426.512 0.401433 0.0190148 0.821758 30.3786 6.31684 1.05739 
6.61181e-05 0.00243752 0.0026745 0.000151333 2.49717e-05 0.279229 0.000325721 0.34657 0.193827 22.5523 2.12605 76.4039 0.52261 0.0324434 2.39726 46.3664 4.15043 3.47554 
0.00123929 0.475508 5.0998 0.000427011 0.194637 64.5607 0.0957035 0.914678 0.0137465 0.170839 0.453353 74.2371 3.43273e-05 7.30849e-05 1.18176 33.6855 2.13389 7.53472 
1.89807e-05 1.99775e-05 0.000122774 0.987393 0.0175198 818.534 0.00464738 0.825983 0.0685369 0.0413553 0.173351 50.3996 0.0598566 0.00523056 5.90024 34.0091 1.53723 8.36535 
0.683056 0.00802583 0.0348772 0.000142076 2.42461 2.93897 8.63342e-05 2.55547 0.027045 0.072655 4.06265 494.176 2.39372e-05 0.00137249 0.971563 17.9473 2.63873 1.20993 
3.91843 0.120483 1.02296e-05 2.33418 0.0159066 3.34991 0.0423416 4.11695 0.226613 1.56235 0.19152 103.52 0.000859055 0.000634018 0.732356 38.5564 7.92799 8.78729 
1.01467 0.00379012 1.34748e-05 7.89279e-05 0.13517 5.93517 1.25284 0.0523071 0.0752058 10.4145 0.356126 452 1.89298 7.63574e-05 2.46774 4.44537 1.31952 1.27703 
0.0083056 0.0133246 0.665037 0.00724401 0.00291345 1.17601 0.00785179 2.99981 0.424541 0.090729 0.0591429 178.859 0.00385304 0.000727055 5.89932 20.1017 1.49661 4.24231 
0.00424427 0.0584654 0.00263856 6.09041 0.000883355 48.5074 1.08631 1.06823 0.699668 37.1541 1.8727 367.495 0.000405586 0.000228246 6.38338 10.255 1.44032 2.65125 
1.23709 3.09527 0.0408316 0.444444 0.329609 0.118776 0.000633176 0.366668 0.172126 3.56314 0.579914 146.774 2.3341e-05 0.0158111 0.959578 42.1352 6.07524 4.18889 
0.272214 0.000422345 0.0135321 0.0991558 0.000445073 4.22806 3.72041 0.362834 0.0226758 0.0209088 1.13082 70.1171 1.93081e-05 0.00595368 2.00128 5.25376 2.06131 7.70021 
0.121545 0.00115991 0.436319 1.65781 0.00436804 3.02119 0.347364 2.26607 0.449192 1.03288 0.0328522 47.3734 0.0115187 0.0502771 1.19589 34.2431 5.00328 6.48755 
1.63186e-05 0.000176455 0.0151133 0.082896 0.0160922 2266.31 0.822397 3.16035 0.0241732 0.0173742 1.02551 301.986 4.67893e-05 0.000689291 1.31984 10.1842 3.23932 7.67575 
1.62714 0.0321998 0.00724154 0.0006908 0.584319 0.0438972 0.005714 2.97172 0.046261 0.0170983 5.03046 217.134 0.000109286 0.00461276 5.26235 12.8486 1.27616 1.47659 
0.000657952 0.57252 6.46732e-05 5.26515 0.128625 16.2257 0.00764693 0.170494 0.0111706 0.295334 0.226248 113.192 0.510234 0.00629819 1.05324 25.0689 8.82866 8.5855 
0.111324 4.74157 0.855625 0.000504579 0.000299406 0.0722675 0.00072631 0.434307 0.40537 0.169905 0.000718006 146.33 0.155731 0.235425 7.38884 23.6232 2.11114 3.23707 
0.0395632 0.973869 0.00846398 1.34549e-05 1.01642 1.04464 2.34402e-05 0.201585 0.433256 0.387495 0.0129903 58.4575 0.171302 0.0829714 6.39442 33.0944 1.84026 7.83995 
6.9876e-05 0.0798663 0.0102104 3.53144 0.0310503 500.032 5.84982e-05 1.22317 0.0263547 0.916996 1.33166 295.717 8.37136e-05 9.90067e-05 1.94844 4.69767 1.40927 3.56236 
0.00471935 5.04443e-05 0.00162237 0.00386943 8.94186e-05 1092.59 0.000226416 4.35426 0.0612569 47.6607 1.48235 50.8455 0.0126719 0.00243386 0.525742 33.8318 2.28272 6.47183 
0.0784774 0.456845 0.0715349 9.94654e-05 0.0114721 0.0598615 0.00826088 0.196652 0.0052912 1.11105 0.188012 66.8217 0.000968335 0.0133334 1.63791 24.4253 1.7845 3.85124 
0.0351444 0.0234643 0.780417 0.00901829 0.0202167 714.892 0.000196185 0.13279 0.156462 0.760575 0.0334215 272.391 0.226919 3.30938e-05 0.811599 8.87063 6.99732 9.98579 
2.35008e-05 0.850363 0.930945 2.01376 0.00478191 2973.46 0.055121 1.72239 0.485133 0.147164 0.0389292 80.6607 0.000137143 1.75801e-05 1.09529 17.5448 2.54998 5.01167 
0.00943727 5.15061e-05 0.00487038 0.588385 0.00430897 1439.88 0.0724348 7.17942 0.19959 7.21061 6.80395 314.871 6.42845e-05 0.0012897 1.8628 37.3202 1.35659 5.78593 
0.000680368 0.0202342 0.223127 0.033764 0.0038438 128.365 0.87749 0.862027 0.890866 84.4998 0.273191 437.833 1.8244 0.000583686 0.909198 6.97013 8.33461 5.0915 
0.292046 0.00503523 0.0754465 0.000148452 0.00176464 0.0507826 0.000121409 0.863104 0.452532 1.055 0.0863495 137.993 0.587229 0.0611512 2.05404 43.2104 3.59404 1.51591 
0.0017415 3.51632e-05 0.0826123 0.000379628 0.0237544 0.767916 0.171296 0.239099 0.00401739 0.0323122 1.71375 96.7714 0.000171205 0.000619618 6.17883 16.0627 1.14152 3.15112 
6.73284 6.40456e-05 0.00554208 0.00163436 0.277776 2.17828 0.000135473 1.61322 0.0436519 51.8144 7.3662 71.1152 3.52075 7.00133e-05 2.61875 26.0999 3.38779 3.49309 
0.00784288 3.25234 0.00358664 8.94429 0.0531518 256.016 2.26136 2.36728 0.256181 30.2011 5.83375 423.942 1.22228 0.000570666 6.83167 4.464 1.24789 8.29446 
1.10026 0.000392561 9.76983e-05 0.0558551 2.47161e-05 3.75015 2.17703 0.811975 0.0509894 0.19567 1.16683 84.6396 0.00159919 0.0010548 1.64889 41.3258 5.3378 2.55365 
0.683066 0.0875209 0.00673824 6.591e-05 6.37387e-05 2607.01 0.190644 1.95082 0.367484 0.439218 0.0189024 422.553 1.5162 0.125289 3.60081 3.28153 2.9089 6.03463 
4.7105 3.67236e-05 0.0179478 0.0388868 0.0261614 371.823 0.122378 0.555786 0.150681 4.14582 6.26327 243.263 0.000141913 0.000965776 2.13395 27.6687 1.52985 0.171465 
0.000226579 0.000433963 0.116484 0.0866796 0.000905151 35.4058 0.00248915 0.0684375 0.153299 50.5732 2.08016 225.653 0.00018859 0.0181945 1.06453 6.49947 3.81532 6.95704 
0.000195872 3.91959e-05 0.00150086 0.253909 0.0024684 203.092 0.594873 0.0481783 0.0854817 0.80448 0.195666 174.509 0.897382 0.00239112 2.80743 7.53597 2.58033 6.17135 
0.14706 0.00379167 0.269804 0.0712198 0.0023779 0.363735 0.000977943 0.524347 0.512364 55.1064 0.28093 256.4 0.046747 0.0176443 4.82186 11.1226 2.32946 2.0515 
0.000259995 1.74521 0.0388334 0.00159093 0.000139565 24.8758 0.0417707 0.175744 0.455171 25.426 2.43422 14.1809 0.000108083 0.0068006 0.944648 36.1018 2.53533 8.37379 
0.0777572 0.0924756 3.87604e-05 0.103603 0.00142817 0.0817366 0.000879557 0.473263 0.0496616 0.0382462 0.0560131 172.579 8.29774e-05 0.0164533 1.64767 11.3457 3.06995 4.8015 
0.0399212 2.27444 5.1958 0.241547 0.00804506 3.7073 2.47196e-05 1.31135 0.393572 7.1247 2.5097 85.2664 0.725241 0.000320813 1.67495 18.9218 4.73841 8.58953 
0.000230649 3.21345e-05 0.0182083 0.0143427 0.558814 0.662351 0.000145059 4.94433 0.23489 1.7774 0.408747 105.405 1.83627e-05 0.0107052 3.95427 40.2336 1.25633 9.76596 
0.106111 2.19722 0.24611 6.04208 0.000817924 0.0655573 0.105809 4.61947 0.0224231 0.423693 4.13561 291.048 0.00471414 0.000121904 5.08987 19.4838 1.79038 1.73384 
0.0030209 0.00477142 2.09265 1.32454e-05 0.969798 0.952168 8.73282e-05 0.450412 0.0154227 0.0427717 7.72363 171.984 0.000157577 0.00846829 1.71765 5.19097 3.03631 8.79718 
0.00466361 0.00378007 0.712149 2.2222e-05 2.68401 455.994 0.000812489 2.55307 0.583368 20.317 0.470844 402.441 0.151606 0.00225267 1.70612 8.54033 3.96912 5.94149 
7.49423 2.74894e-05 0.220241 0.012425 7.21472e-05 0.144321 0.0873108 0.0279785 0.0663579 6.61448 0.861664 111.581 0.00138004 0.00515742 5.84715 34.7658 1.43236 1.00711 
9.80275e-05 0.00238163 1.58629e-05 1.72678e-05 5.22535e-05 0.662661 1.02394 0.62996 0.0552053 0.122904 1.2272 490.445 0.000199958 0.153954 1.21198 11.3464 6.63839 0.9433 
0.103274 7.44613 1.41477e-05 0.000109227 0.0598143 2.41094 0.00239223 0.333188 0.127949 159.731 8.71838 53.0478 0.558519 0.000467156 8.39932 45.9888 0.906203 8.23694 
0.540797 1.10844e-05 0.00514204 0.000109776 0.020534 5.24816 0.0954718 0.894942 0.0736623 0.640035 2.16248 172.975 1.03208e-05 0.0510083 2.5429 30.3726 2.06278 2.22096 
9.57582 0.924416 0.00604543 1.10042 0.0614184 580.417 0.303864 4.94903 0.279547 1.73432 0.494394 121.495 2.94743e-05 2.04934e-05 2.66912 19.951 1.82267 7.67142 
0.0027677 1.16962 0.00328902 1.76388 0.000413315 17.949 5.88087e-05 0.0622906 0.01489 1.04806 6.67119 298.059 0.073274 0.00182708 5.99417 10.6426 0.999364 3.78268 
0.566325 3.57476 0.000130093 0.269558 1.43566 1.13654 7.88863e-05 0.288149 0.454643 44.0453 1.16974 237.564 0.00943486 0.253074 1.64072 47.0932 5.91103 0.946995 
0.0164908 0.449395 3.21036 1.10174e-05 0.00183597 473.891 1.94257e-05 0.215563 0.0834186 0.0472234 0.095347 35.4981 0.0577449 0.000308407 1.52626 21.5907 1.37634 3.37447 
0.000200386 1.80842 5.6843e-05 0.000111243 0.00166377 0.0124064 2.95356 4.87262 0.28165 14.6975 9.12807 325.298 0.000245156 0.0157323 1.17508 8.98329 2.30389 4.82104 
0.329258 8.52492e-05 0.155149 5.07597e-05 1.62208 1263.27 0.872961 0.199789 0.295958 7.64355 0.314491 82.9742 0.0239435 0.0162559 1.05826 27.2176 1.43877 6.95152 
0.0901277 0.0018064 0.00137298 0.0701435 0.000185949 0.0277809 0.39661 7.22198 0.129205 0.0296054 0.0989025 40.1819 2.4649e-05 0.00167618 2.71869 47.1817 1.02411 4.26063 
0.0041808 3.18155 0.000250339 0.00214728 2.54854e-05 753.064 0.998583 0.788871 0.0177022 0.620636 0.102606 474.324 0.133186 0.0162348 1.18252 1.83814 1.15193 5.76075 
0.000156494 0.000174375 1.0549e-05 0.258381 1.03388 0.879273 8.51349e-05 7.7704 0.222515 18.9735 2.04297 400.932 0.519657 0.000720985 3.11063 26.5838 2.10312 2.11491 
0.00181618 0.0467984 0.0043167 0.0121277 1.05613 6.07488 0.0190941 0.267753 0.152471 1.86425 0.561242 99.215 0.00016256 0.000244338 0.888464 20.7409 7.25109 4.16308 
0.00113081 2.80631 0.784682 0.00718707 3.58275e-05 146.056 0.000105159 2.53898 0.114125 0.262149 0.0444881 338.267 0.170075 1.34645e-05 7.97387 7.92851 1.14472 3.78935 
0.149942 0.67236 0.176316 0.153876 3.39827e-05 0.0803779 0.439334 6.61259 0.128093 10.7106 1.04648 136.729 0.00119178 1.76079e-05 0.576493 47.0489 0.879866 5.49141 
4.6385e-05 0.13083 7.99387e-05 0.0373606 0.00132597 615.396 0.000141496 0.39567 0.380646 2.77959 0.272542 471.424 0.183221 0.0138775 6.89465 20.2549 1.83696 0.562201 
0.0025373 3.64174 0.159308 1.95808e-05 0.00148606 31.7928 0.0152426 0.576421 0.651153 10.5166 0.0866132 89.4934 0.140217 0.000483213 1.23874 15.3168 5.69603 8.12082 
0.000199739 2.02544e-05 0.00920746 1.17715e-05 0.000111474 1.74973 0.000339449 0.255059 0.0168398 0.0265548 0.522501 229.867 0.00141203 0.18346 1.93141 22.7074 6.67737 2.56038 
1.40938e-05 0.589382 0.00626652 0.000613141 3.89182e-05 53.1376 1.39348 0.27987 0.440503 6.92927 0.0307927 282.83 2.76288e-05 0.000231848 1.41703 24.762 2.56194 0.675999 
0.529828 8.7344e-05 1.53884e-05 0.0308028 1.13218 0.509413 1.42661e-05 0.208572 0.822763 9.48899 0.0232382 166.335 0.281043 0.000211938 0.998505 9.12999 5.903 6.96399 
0.0422191 0.000213884 0.000159485 0.00396255 0.00315604 0.789887 0.698267 6.30965 0.495649 0.0180996 0.00541737 169.334 0.0280492 0.00848111 0.70159 34.4265 2.64667 1.88789 
0.0025482 1.67013e-05 0.00783065 2.35024e-05 0.000333528 1.48013 0.1517 9.43034 0.183911 5.83614 8.55457 225.715 0.185372 0.000437156 1.28776 34.2787 2.3499 1.02672 
2.67701e-05 0.0294739 8.60917 0.0447861 0.0020006 75.9882 0.000469208 0.129696 0.0562502 24.1821 6.00161 67.6656 6.83617e-05 0.000873604 0.972539 36.0695 1.32632 8.99283 
0.00126026 0.0275204 0.0644599 8.37228e-05 3.94741 14.0188 0.000252052 5.67329 0.123881 0.124839 0.248344 425.271 0.206424 1.15952e-05 4.19259 11.9876 0.968695 1.76849 
0.387594 0.025058 0.026772 4.31807 9.24011e-05 0.906898 0.000296082 0.449133 0.945409 142.305 3.65979 326.833 7.55541 0.00069381 2.45314 14.4527 2.67353 1.00442 
2.09055e-05 0.0104505 0.0040751 0.138606 1.13189e-05 0.155093 5.36799e-05 4.23587 0.028607 1.10361 2.59712 144.98 0.000160766 4.01602e-05 0.813612 31.6156 3.44564 7.03454 
1.88833e-05 2.96869 0.00289707 0.00785086 0.00012734 76.2283 0.293345 0.667982 0.607542 1.08063 0.00527603 95.6634 2.4835 0.000130076 9.33378 40.5385 1.1308 4.81021 
0.0250012 1.57537e-05 2.36715 0.498293 0.0268004 0.0547429 0.0333919 0.288858 0.559168 113.652 1.61791 332.498 0.000484885 0.00113158 4.70497 4.82498 0.749212 1.69129 
2.94933e-05 0.00233124 2.42849e-05 0.062785 9.35361e-05 8.89051 0.000143527 1.30911 0.170984 0.0829306 0.0953866 143.597 5.77733e-05 0.103362 3.23617 11.2359 1.39107 1.54615 
1.41306e-05 1.95876e-05 0.000116009 1.56178 0.174649 20.312 2.76919e-05 5.09055 0.219215 3.93228 0.369675 316.717 0.00263297 0.00913847 1.61695 10.1499 3.53663 1.44539 
2.75489 0.00158657 5.40346e-05 0.0406178 0.590195 2034.66 0.000204565 0.355549 0.0377327 0.105902 0.31936 170.948 0.038328 0.0332359 1.48375 25.7492 6.064 1.91833 
0.0970674 2.72293e-05 4.09116e-05 0.111011 1.87473 0.394291 4.09941e-05 3.68322 0.0565484 17.1836 8.17861 167.875 0.285875 0.000428858 0.960899 34.7012 1.64972 1.30062 
0.998597 0.444302 2.47286e-05 6.8154e-05 0.00995832 75.9742 0.00216182 0.266185 0.00163667 0.372472 5.09916 42.4648 0.000145723 0.000226041 1.13856 32.6648 2.52799 7.01238 
0.0565829 9.68699 0.000379229 0.687927 1.12176e-05 1147.97 0.000848545 1.91481 0.100616 6.25185 1.14099 240.786 0.0402504 0.000852086 0.665423 7.69656 2.9067 2.32722 
7.03492 0.000678064 0.0351503 1.98976e-05 0.0387023 1222.97 2.8578e-05 0.122252 0.478614 13.2244 0.8996 425.035 0.143677 0.522707 5.24091 5.69924 2.17399 1.73957 
1.53855 0.042197 3.96273e-05 2.36073 0.0208391 28.7608 0.000171674 0.504156 0.142203 15.6563 0.504535 182.529 0.000880625 0.00022903 4.376 15.8792 1.25826 4.20155 
0.000451773 0.0454875 0.042499 0.0111814 0.00100835 5.58856 1.38175e-05 0.170595 0.603666 67.6601 0.614758 287.239 0.000113814 0.00313413 6.63241 42.452 2.13257 0.199429 
0.649723 0.0375523 0.334819 0.000863929 0.0491097 316.781 0.00113003 1.33797 0.266318 0.360356 0.0803114 346.63 0.000772132 0.00416998 1.54163 23.3242 9.00438 2.08886 
6.761e-05 0.00803283 1.46338e-05 0.000315358 0.000618438 1.42624 0.00888656 0.171447 0.813347 2.96566 0.137277 52.3333 0.0738399 0.00259456 7.55825 41.5842 1.15702 2.63272 
0.000154918 5.38761e-05 0.00151086 0.000100862 0.0019746 73.1753 0.0004093 1.13993 0.286917 0.018984 0.0143278 312.655 0.0016513 1.29419e-05 7.60959 16.0014 1.63956 1.79941 
1.21631e-05 0.0379242 0.3259 0.00122152 1.12016 0.166773 0.000198504 1.93108 0.0703127 0.0356592 0.0266164 441.47 0.000998072 2.02725e-05 1.34151 19.1968 2.54221 2.821 
0.000113071 1.85905e-05 0.00194389 3.69752e-05 5.16633 7.87625 0.445717 8.62637 0.102491 1.70701 0.160416 484.999 0.0740869 0.0017151 1.74951 9.80642 1.89988 7.33541 
0.000871993 2.779 0.0441801 0.00436188 7.11485e-05 161.722 0.00013062 0.319552 0.0756898 0.130119 0.715113 95.1306 0.237458 5.69057e-05 7.83986 23.1736 2.2491 5.40239 
0.0207693 0.0160667 0.000181835 0.124421 0.000298101 2744.43 0.00241735 0.566102 0.661969 71.743 3.26359 129.609 0.0015371 4.48237e-05 2.36013 12.7605 2.65954 3.63624 
0.339209 0.029946 0.638027 0.0231736 0.000131804 31.0474 0.00162937 0.223231 0.0525219 1.02303 1.60925 499.121 0.0928551 0.0138201 1.2413 3.59537 4.0154 7.62375 
1.45702 0.164045 0.237485 0.252633 0.576147 439.727 5.47335 0.0720927 0.315252 6.23648 0.0207732 55.031 1.45826 0.000186996 2.30856 14.3097 0.800567 6.97186 
0.000872333 0.0631106 0.0323381 0.0360134 0.000185472 5.09743 0.0154586 0.436928 0.00998171 0.021484 0.218202 102.46 0.00274328 0.00020876 2.41257 16.7434 0.85896 1.92832 
0.0163233 0.0341117 9.73627e-05 0.0703748 5.62762 1.40576 0.000959075 6.97551 0.352908 9.61324 0.871255 206.029 0.000580796 4.19772e-05 0.699983 33.9505 2.51704 3.57634 
0.110485 5.68351 0.00113557 0.0012212 0.0608882 53.1536 0.0123843 3.5568 0.131703 5.19987 0.935676 135.891 0.00932967 0.00727014 0.813384 38.3905 2.75361 1.48325 
0.293608 1.27802 0.000231078 1.04908 0.0533827 0.0193339 1.59638 1.4187 0.0318133 0.663694 5.42541 31.8529 0.000120968 0.000157767 0.906235 35.2644 3.2191 8.43333 
0.00477754 0.100132 0.74319 0.000504662 0.00166543 2.08325 0.00893127 1.00161 0.078292 1.72005 1.52041 78.5908 0.00399522 0.00661606 4.7921 37.0834 0.723671 2.33858 
8.82365e-05 7.52015e-05 0.000471153 0.00210539 0.00425141 0.513621 0.000204452 1.32741 0.999394 21.7513 0.18596 155.419 0.01921 0.139058 1.59344 7.75024 1.85004 4.36469 
0.000431308 0.0679186 4.00135 0.0214366 0.00682731 1.73315 0.00562396 0.630629 0.0193857 0.0124961 6.3116 248.572 0.00887052 8.86794e-05 8.30382 39.4811 1.22748 6.52078 
0.000739204 1.31015e-05 0.00014878 2.28171e-05 5.04928 1.94107 0.0183394 0.507198 0.00746969 0.139663 6.07263 155.162 0.21657 0.00645453 1.83386 12.8863 5.19432 5.3796 
0.0245525 0.000362479 9.26342e-05 0.0150412 0.00015635 0.131124 0.000175129 0.534623 0.473744 8.12695 0.43586 242.657 0.0677492 4.41645e-05 4.49774 4.52261 0.783398 2.02561 
0.0290752 0.00114157 4.02111 1.55297e-05 0.117657 14.4284 0.00874082 1.41533 0.299085 1.01599 0.382863 54.8441 0.0134175 0.00745597 1.83286 15.5075 2.83649 3.54218 
2.77465 0.0432178 0.621566 0.00019632 0.00116457 2.88492 2.10824e-05 0.0403572 0.24957 0.498021 0.00662484 84.1163 0.00168471 3.61549e-05 1.4194 28.8042 3.69089 2.48929 
8.58809 0.00256741 0.955636 0.524311 0.330212 2.84842 0.0249063 0.0222184 0.129293 116.277 2.66138 31.818 0.000343088 0.000112522 0.585361 26.9916 2.28647 9.12076 
0.0230808 0.617472 0.0878972 2.86557 0.000540297 2124.52 0.00991459 0.691818 0.431455 13.4747 0.171602 58.4664 1.32361e-05 0.000324894 1.91491 29.0762 2.54961 4.90031 
7.78895e-05 7.01563 0.0803197 0.000265238 0.0542641 2986.45 0.0026784 1.71672 0.669647 0.986162 0.0820682 242.554 2.63066e-05 0.0944598 1.54747 14.0947 5.16874 7.52836 
0.505718 0.000166297 0.00208187 2.89004e-05 0.00055575 0.0141897 0.00653005 0.698746 0.0394409 8.16834 0.263739 483.89 0.0236648 0.000292888 0.959407 6.95051 3.88585 2.22686 
2.90339 2.692e-05 5.15722 2.58669 0.00449226 1129.78 0.0160976 0.02646 4.47872e-05 1.62277 0.0586647 1.37521 6.22495 0.000279381 1.36587 36.0769 1.67135 8.13788 
0.310305 0.000300328 0.34857 0.0315194 0.806729 540.305 0.00156745 0.959083 0.0064748 0.0110425 3.48265 304.826 0.00350617 0.0197192 0.799889 18.8468 4.93745 7.37116 
0.0247494 2.65793 0.000103058 2.37745e-05 5.25663 0.658322 0.00624544 9.69626 0.278675 73.0287 5.67641 94.7875 0.00242782 0.0030117 0.535187 44.3007 1.48345 2.71326 
5.37424 1.44296e-05 0.00153179 0.0551172 0.0182169 1.59013 2.15171 6.83658 0.817357 0.351029 0.00373463 156.054 5.66565e-05 0.00284566 1.92446 36.6795 2.33873 1.36541 
1.47245 0.00338677 7.34212e-05 0.431804 5.33992 2172.62 2.29456 5.46826 0.600879 1.96838 0.131187 181.843 0.334674 0.00557116 1.58693 23.9072 3.76941 3.12637 
0.0147509 0.000130583 0.00039603 0.000236613 0.00101077 181.341 2.08848e-05 0.465658 0.0262587 0.0271352 1.1762 23.7903 0.00311788 0.013635 1.19608 30.148 2.26903 4.9598 
0.00433861 0.000181816 1.281e-05 0.480134 0.13392 3.26612 0.000753313 0.836089 0.11976 3.84996 1.53623 281.983 0.000550909 0.0543765 2.64419 7.97347 1.23776 7.86327 
0.933001 0.000441194 0.000136728 0.27634 0.000217679 0.0446425 0.00264093 0.24455 0.00677603 4.01218 1.64093 16.0495 3.24835e-05 5.84708e-05 2.70915 37.4846 0.865883 6.60684 
0.121194 0.000107467 0.00697559 0.0739395 0.000106979 1.09704 0.00546223 0.0137611 0.047729 3.30265 3.01406 25.6656 0.000355417 8.59936e-05 1.25067 23.9241 2.5667 6.02768 
0.168075 0.0757721 0.0524858 0.00393027 0.000496751 0.0171145 0.6734 6.49228 0.0234765 0.193769 0.080679 306.855 0.0103678 6.17847e-05 0.655287 26.169 1.88324 3.14647 
0.193126 0.0557342 1.85744e-05 9.72682 6.83676 86.7024 0.00298287 0.87021 0.0482011 0.149657 0.848466 75.9523 0.000111733 0.000698141 1.17667 35.315 5.47237 4.57796 
0.502832 0.136191 2.23667e-05 2.91537e-05 1.70419 371.063 0.308906 0.076591 0.0403994 0.127253 0.0152054 57.9574 0.105675 0.00888652 1.40286 37.2148 3.68465 1.99662 
0.00185451 0.0283602 2.21331 0.000563038 0.381396 478.675 0.0362827 0.0426095 0.144803 6.49995 0.257763 12.7224 0.197229 1.60769e-05 0.655576 40.2547 1.86099 7.37411 
0.300539 0.000261513 2.27207e-05 0.105969 1.86319e-05 15.9153 1.29733e-05 0.577022 0.00746369 0.0200641 0.0934974 82.779 4.89163e-05 0.000401975 6.91122 21.072 1.09514 7.33838 
0.000655307 0.00386465 0.00890415 2.78121e-05 0.0691655 0.108996 8.4075e-05 0.95079 0.191461 0.561608 0.0579939 44.6425 0.000264227 0.012847 0.67472 24.1718 3.25532 8.89702 
0.497273 0.0471704 0.000332926 0.0153373 0.443974 0.0256254 0.000555535 1.42396 0.358188 24.6521 0.234416 439.272 3.28869 2.18432e-05 0.944438 3.2922 2.50177 4.6006 
0.0125782 0.00168611 3.00455 0.0315876 1.53374e-05 0.0437734 0.00179136 5.66909 0.259145 1.27471 0.0250422 177.136 0.513128 0.00302081 1.66494 30.2601 1.70993 0.880015 
0.000270882 0.000163489 0.00268986 0.000738849 0.0143245 2874.14 0.000146388 3.82335 0.0149603 0.798561 0.218889 398.483 1.02634e-05 0.003873 1.1009 14.3883 0.971637 4.60245 
1.80327 0.888519 0.000553159 0.61638 0.000638529 4.03109 3.68929e-05 0.101492 0.435459 190.798 0.44369 31.756 3.5824e-05 4.32377e-05 0.451174 32.5497 2.03184 7.39845 
0.0403667 6.96741e-05 0.0180213 0.00442475 0.54691 72.5484 0.000159898 4.09999 0.297074 2.81205 1.60411 490.957 0.000664433 0.0154802 7.23303 19.0102 1.6507 0.921754 
3.51936 7.96421e-05 0.00170567 1.7302e-05 2.56856e-05 0.395843 4.25089 2.21403 0.249275 4.0162 0.369304 202.597 0.00139229 0.3844 2.66026 49.1723 3.73236 0.613624 
0.00537036 0.00194055 0.00132012 0.0148891 0.387668 67.9236 2.94875 0.638446 0.18051 0.810181 0.147708 219.759 0.0511144 0.00459448 8.01822 13.2658 1.29705 3.45139 
0.0194678 1.24262e-05 0.000138511 0.00240106 7.07044e-05 8.09288 5.77482 0.991418 0.452837 31.0752 0.0641019 274.825 0.209658 1.2619e-05 4.27188 27.9736 1.212 1.71173 
1.27111e-05 0.000127662 2.20095e-05 6.46576e-05 0.0121937 0.270175 0.788115 6.91646 0.110921 11.6409 4.36752 26.1366 0.0336629 0.000116402 3.06731 39.9465 0.971296 8.45977 
1.28823e-05 0.041861 0.651898 3.5699 0.0171094 110.11 2.36078 0.447183 0.185564 0.824765 0.0320286 88.5356 0.000655021 0.000230467 0.694953 16.3514 3.47317 7.79209 
0.0699938 0.000590431 0.642831 0.00680044 0.115243 2461.38 0.0630819 0.564822 0.0949678 0.0911576 0.178913 190.351 0.047995 0.0268755 8.81116 17.4225 2.00034 7.36774 
0.00611003 5.43938e-05 9.40866e-05 4.36673e-05 0.00958535 1145 6.48239 9.01371 0.174014 2.01081 1.11827 352.892 0.00116046 7.12573e-05 2.28337 34.2045 3.95093 0.960617 
7.82673 0.000844471 0.00360336 0.53889 0.00144753 56.4542 0.0495319 2.69575 0.419392 361.074 0.973098 365.267 1.56976e-05 1.87923e-05 1.29427 12.5737 5.20994 1.85608 
0.034397 0.0469774 9.99509e-05 0.026269 3.02981e-05 7.75881 0.0861745 7.27662 0.0892431 0.0224147 0.259067 256.467 3.14094e-05 7.26076e-05 2.19931 6.69464 1.64211 1.45029 
0.0163002 5.8665e-05 0.00372788 2.86293e-05 0.000251714 0.976419 0.00541982 1.94938 0.0467306 0.0199224 3.04367 103.154 3.88551e-05 0.0283243 4.3506 15.3806 1.94356 3.64898 
0.891572 9.87362e-05 0.0142252 1.54506 0.00375284 9.70095 0.0455849 1.01036 0.00597654 0.0153312 7.94701 36.2971 1.95558e-05 0.00289919 0.573469 43.3575 1.40209 8.66251 
0.0430759 4.93019 5.33971e-05 0.00140937 0.0108631 0.47111 0.0339747 1.91014 0.109963 4.15209 0.625851 381.921 0.00693878 0.0393899 3.52013 25.0374 0.960169 0.727095 
0.0614827 0.0157072 4.69048e-05 0.695312 2.16888e-05 28.9914 0.0487944 1.79995 0.75106 372.736 1.31356 57.0492 0.730916 0.00192799 7.75 29.1673 0.814565 5.28183 
0.000289237 0.000521416 2.92721 0.0205322 0.0107239 3.25939 0.0224322 0.188409 0.027287 0.0108932 0.010418 31.9672 0.000115196 0.00127943 0.925266 31.7565 1.30493 6.47307 
0.0172486 0.108692 0.0383452 6.87586 4.24859 0.0498198 0.0125614 2.7524 0.492658 11.2251 2.19463 101.738 0.156515 8.24607e-05 1.41132 45.7226 3.09405 1.09098 
6.48137e-05 0.000222724 4.66119e-05 0.000432931 0.0370965 15.6901 0.113119 6.09993 0.418666 146.37 3.58634 136.636 0.103449 0.00243029 0.988961 19.8159 1.5915 4.82997 
0.309679 0.000113174 0.000790406 0.0989176 0.0113047 139.831 0.00289782 0.725066 0.305753 132.673 9.53878 51.7261 1.01495e-05 0.105734 8.5006 39.569 2.34531 5.15183 
3.267e-05 0.00785531 0.142398 0.000633803 0.24104 2467.73 1.84748 0.0843107 0.404464 146.39 0.494858 153.135 0.191636 8.95726e-05 0.78666 13.7949 3.70644 3.63831 
0.00137692 1.08047e-05 0.000647781 6.32726e-05 0.00329893 398.504 0.395571 0.351138 0.139246 0.671526 0.260395 37.0372 0.011698 0.000993585 3.62385 31.7367 2.00035 4.34587 
0.00702525 1.06018e-05 0.00409353 2.0815e-05 0.740549 5.76788 0.1367 0.409476 0.068711 0.0675008 0.880034 173.058 1.7095e-05 0.0280496 1.97315 6.29128 1.57246 0.982187 
5.9429 0.0365899 7.00101e-05 4.02178e-05 0.7165 2.0843 0.172919 9.79534 0.0235581 0.957184 7.34183 173.917 1.00783e-05 0.00379783 0.811774 17.8513 1.4915 1.49494 
0.662261 1.82024 0.0257072 6.06523e-05 0.0447629 227.733 1.96445 6.65374 0.0790363 4.23872 9.63256 219.386 0.0224053 0.000154053 9.18182 22.7084 1.03326 6.81702 
0.044565 0.00815704 0.892593 7.28418 0.0609598 3.4761 0.000659625 5.4208 0.323701 118.182 1.38507 493.436 0.22837 0.00501734 2.76163 23.062 1.04912 5.58169 
0.170736 8.14279e-05 0.00010406 5.48319 0.300096 121.338 8.07721e-05 2.0648 0.0383294 0.0235095 1.24845 165.481 0.00423844 0.000227185 2.1546 18.9824 2.71678 5.83259 
3.77965 0.816544 3.2133 0.00172149 0.00011304 109.018 0.00976304 0.609005 0.0830345 0.532427 0.845274 499.838 0.00143522 0.0482756 3.59917 28.6955 0.922226 3.38516 
0.00707661 0.0008276 0.00762666 1.09717e-05 1.16719 201.031 7.97524 4.17267 0.512867 8.67198 0.240052 16.5828 0.00203766 0.0105813 0.940566 49.6348 0.914649 7.95208 
0.0141126 2.48385 9.33863 0.787812 0.00010185 2714.97 0.0484226 0.310907 0.108302 0.20381 0.194531 323.813 2.04143e-05 7.61428e-05 2.46083 3.89526 0.924146 5.89694 
0.00043886 0.00108233 0.000536094 0.754663 0.0601781 0.39913 0.0917336 2.69684 0.40252 87.8934 5.39496 33.0804 0.524589 0.026166 2.41722 29.2322 1.40748 9.76314 
0.000931283 0.00217664 0.0958201 0.0462263 0.00350763 0.0154124 0.0252519 1.50483 0.0595673 0.290632 2.66425 19.1831 0.000972451 1.81203e-05 1.91872 40.0856 1.29554 3.6418 
0.000756296 0.0115705 0.000586374 0.0540941 0.0839153 1.39849 2.73626 0.254152 0.0118668 0.137965 8.00867 208.176 2.71322e-05 0.00183517 0.918907 6.80303 1.63669 1.67291 
5.99539e-05 7.70719e-05 0.00306739 0.169629 1.39139e-05 473.153 0.846046 0.591274 0.375642 6.06454 0.245614 46.3395 0.00545029 0.00415153 3.01596 36.4997 0.885044 4.71719 
0.0875382 0.325943 0.111906 0.0402208 0.00261672 49.644 0.395989 0.0342698 0.0362643 12.2248 3.06048 203.442 0.0025682 0.0127022 2.90513 12.786 1.53531 1.76971 
1.75442 1.68142 5.39304e-05 0.147 3.6837 308.915 0.00072226 1.75587 0.776588 0.160181 0.0101984 112.253 0.000142045 0.000252884 3.45987 13.5562 1.14531 8.15491 
8.33368e-05 0.00423479 0.00197192 3.13032e-05 2.00572 111.009 0.00464111 0.307847 0.106762 0.0113748 0.0211616 127.087 0.109261 0.00114281 1.01928 23.64 3.29769 1.53434 
0.588773 0.326452 0.000254258 0.436683 5.12056 17.4953 0.00303107 0.458902 0.0503397 76.6822 7.74717 398.398 0.679223 0.00215508 5.30639 24.8335 1.68341 0.50808 
4.09776 0.0381466 1.11895 0.00164974 0.00271136 1038.68 0.000412685 0.173067 0.545123 41.036 2.12836 143.656 1.95095e-05 0.000173837 2.08501 24.4962 1.48135 6.83401 
3.34803 0.000758586 0.000226404 0.00152102 0.00052241 5.15728 0.00171011 0.578581 0.645545 1.13419 0.117472 42.6114 0.00890973 3.62098e-05 1.21136 11.2847 3.01614 7.15753 
0.000178656 0.556006 0.385666 1.83992e-05 0.0560576 9.09631 0.0675843 3.51794 0.18252 0.0585782 0.0164642 56.2542 0.101283 0.00500856 4.39358 41.0466 1.13366 1.3108 
0.00032686 0.478266 0.00767178 0.000181768 0.0824053 9.09934 0.00274509 0.750807 0.00327936 0.0461277 4.9729 163.79 0.000285483 0.00335761 0.901499 17.4761 3.11967 5.91242 
4.06575 0.807808 9.03458e-05 0.00187247 0.000136418 0.0158582 3.01061 0.931712 0.0955831 2.97886 0.91562 226.546 1.30736e-05 2.56453e-05 1.07314 13.9874 7.83552 5.4992 
0.0316087 0.260783 6.79379 0.000274656 0.0322285 0.027123 0.0322526 0.389878 0.0149348 0.349809 8.69424 92.2621 0.0397534 0.0226339 2.35691 12.4256 1.12242 4.76392 
0.0164643 0.424424 0.359564 0.0563327 0.000296732 0.848347 0.000556796 1.26567 0.152601 3.52794 2.66924 194.718 0.00262259 0.000737443 3.76884 13.491 0.880683 1.23356 
1.56753e-05 0.0156001 0.0001383 0.603992 0.861687 2637.12 0.975527 0.455172 0.110912 1.16917 1.1135 106.639 7.74658e-05 0.000287126 1.30923 19.6472 4.07633 2.96114 
0.00691012 2.37933e-05 0.00124177 6.90634 1.34706 22.3242 0.688858 3.32548 0.128607 0.812189 0.373752 64.0998 6.33681e-05 0.0335476 3.40626 36.6932 1.33155 5.58011 
0.00602154 1.17026e-05 0.249569 9.84397 0.00774984 24.3347 0.00750327 0.101523 0.661956 59.8675 0.764081 126.129 0.0965368 0.00355612 1.12192 7.68174 2.48103 5.6514 
0.00450582 2.29067e-05 6.09978e-05 2.31761e-05 0.00294609 2511.64 0.0296101 0.700671 0.136855 0.219671 0.290269 98.5539 2.76595e-05 0.000404576 4.88075 14.7896 0.918773 9.66122 
3.60735 0.00870767 0.0711188 0.0346315 0.000294233 14.4272 0.0246852 0.0843435 0.348227 91.3081 0.107811 343.593 0.000103297 0.0118513 0.925105 8.17854 6.70599 2.77703 
0.00298106 0.122287 0.0128061 1.14548 0.976282 0.073914 0.00561649 1.59645 0.135714 1.58571 0.0944625 458.646 0.000653064 0.130698 1.28384 39.8933 8.2877 1.47767 
0.204956 0.00806431 0.00462463 5.2321e-05 0.000429833 1575.12 2.84756e-05 1.23403 0.0291742 0.018102 3.73645 308.388 7.21111e-05 1.98402e-05 2.5977 10.6875 2.22133 1.78092 
2.61647e-05 0.00846373 0.188287 9.19911e-05 0.0222537 199.929 0.00177432 0.0724149 0.0300215 0.222324 0.476343 119.885 0.00448329 0.00024082 1.24816 8.99668 1.27125 5.85114 
9.5099 0.01602 0.00105817 3.71024 0.490255 139.849 0.000373011 1.00816 0.450809 61.7255 5.72935 231.323 0.000169719 0.000262521 1.18616 3.58957 1.40719 9.39517 
0.238494 0.00107066 0.000154728 0.000199988 0.941768 7.79846 0.000249978 4.90287 0.652629 34.788 0.240216 338.439 0.00847927 0.000405115 7.49974 47.2673 1.75734 0.378015 
0.14391 0.0343576 0.000133304 0.00642993 0.00818327 0.537225 8.04225e-05 1.80167 0.0055557 0.0846253 1.04819 67.2204 0.000650925 0.000281846 0.559211 41.0211 4.78293 3.43673 
0.908775 2.23644 5.78159 6.65999e-05 0.496238 18.2993 0.000185524 9.93797 0.139803 0.141465 0.0669893 414.994 0.00246247 0.00292051 1.47363 9.67393 2.61189 6.58586 
0.000430965 2.90803e-05 0.00716664 0.000246788 0.0629077 10.7527 2.52047e-05 1.61262 0.221613 0.462118 0.118744 58.8748 0.0211235 4.62104e-05 1.76551 21.3833 3.15044 7.32537 
2.36079 0.430949 0.042362 0.01131 2.89164e-05 0.0667461 1.91428 7.66918 0.0758901 0.237281 5.32352 64.8186 0.0197892 0.00761657 3.76798 41.5296 2.50822 1.63015 
1.1747e-05 2.40399 0.503834 0.379585 0.0635797 0.0189459 0.018721 2.05838 0.081601 1.25578 2.18081 241.728 0.0204007 7.96373e-05 1.65234 23.3364 2.07159 0.523161 
0.00216528 0.113578 0.000140437 0.0872133 0.000191765 0.0538714 1.39555e-05 1.39149 0.215894 35.6885 0.565386 394.745 3.79404 4.24358e-05 1.25276 14.4625 1.74441 3.84798 
0.183599 0.0015775 7.82142e-05 1.0662 0.545755 0.133969 0.182175 0.628091 0.0107962 0.0329651 0.12586 107.582 0.0631547 0.01182 1.32253 10.9041 2.13796 5.62213 
0.392353 8.05131 0.00735563 0.00240529 0.000150742 32.8869 0.409032 1.39883 0.0636109 0.456065 1.69689 116.509 6.73116e-05 0.0638952 9.69488 45.5708 1.26638 0.941216 
2.21632 6.8804 0.0193423 1.69247e-05 0.00102796 0.0485678 6.2721e-05 0.182249 0.0112996 0.138169 0.443723 27.1904 0.0832414 0.000542387 2.06131 27.1059 1.26217 7.44919 
0.0538467 0.301905 3.8368e-05 0.000422907 0.00131765 0.2699 0.000239963 6.63688 0.104447 7.02121 0.714663 430.744 0.00017557 6.84893e-05 1.39334 36.3913 1.35924 7.43616 
6.79173 0.000610541 0.000285724 1.99189 0.0296834 1727.19 0.0114559 0.447683 0.0469865 0.0394997 0.27538 136.354 3.92154e-05 0.0646037 1.57958 8.91756 3.52057 8.46475 
0.0485805 0.000167671 2.97634e-05 0.000630426 0.0042382 1732.17 0.112877 0.108253 0.243316 8.98481 0.7271 69.0149 5.22825e-05 0.00169712 0.983166 39.6007 5.0993 3.96268 
0.632797 1.3175 0.00114279 0.0170278 8.07992e-05 0.28018 1.99584e-05 0.243902 0.0256923 0.108819 0.0335116 173.731 8.35619e-05 0.0500048 8.56045 12.3999 0.954097 7.20927 
0.715999 0.000120356 1.03001 0.349534 4.61145e-05 0.143437 2.37656e-05 2.62596 0.181923 0.678463 1.63335 34.9653 1.85043e-05 0.00361753 0.964408 20.7111 2.66958 6.92062 
0.268227 0.0153748 0.46033 4.76539 0.0514227 1.7022 0.0360573 4.54908 0.00949859 0.336597 8.07551 236.037 0.00036221 0.000892089 0.748973 28.1612 1.26469 4.14863 
1.66507e-05 2.32779e-05 0.00673662 0.00144246 0.735403 235.327 2.82539 4.49315 0.264877 0.0428519 0.0332964 492.507 0.000362896 0.00905471 1.50886 23.9324 1.61318 4.07556 
1.96098 5.85601 6.30777e-05 0.0244121 0.110996 258.807 0.000250604 1.965 0.0263242 0.055857 1.19099 109.995 1.83904e-05 0.00129596 4.59764 26.8015 1.19074 0.975083 
0.392769 0.828772 0.726536 0.412107 5.59829e-05 10.3488 4.85274 0.0702801 0.0222341 9.05313 5.42764 29.9659 0.010412 0.0450265 4.81594 43.4314 1.75097 7.52252 
3.52309e-05 9.93439 0.0255197 2.50277e-05 0.234157 4.33111 1.09017e-05 0.545274 0.647782 215.364 1.33725 18.6483 1.98205 0.000316966 2.5192 44.4928 1.49452 4.93402 
2.67403 1.2367e-05 6.81117 0.935355 3.14635e-05 9.44439 0.612303 0.00704865 0.0669187 0.684042 0.0574482 75.8876 0.000711534 0.000273126 1.25711 10.0022 1.23788 4.03494 
0.0133589 1.39022 5.96442e-05 1.22186 0.0141294 814.055 0.0188347 0.140562 0.00236232 0.333856 8.41948 155.57 0.279153 0.0942941 7.64987 12.7782 1.72996 6.13566 
0.126246 2.8227e-05 0.000636687 0.0156209 1.40617 781.199 0.871602 0.145917 0.285482 6.52824 0.0331056 322.363 0.012444 3.9163e-05 0.691024 16.4911 5.76794 1.72235 
0.231101 0.0070699 3.51618 8.0514 0.033361 2734.78 4.87388 1.29105 0.878555 0.407517 0.0125433 22.9858 1.42599 1.39658e-05 1.43741 48.1537 1.41063 3.42978 
0.015563 0.000484556 3.02965e-05 2.12208e-05 0.146101 158.546 0.00157101 0.401471 0.401727 4.49714 0.125563 297.541 0.00094726 0.000499269 0.750525 14.8039 8.96913 4.17594 
1.06616e-05 0.00237034 0.000113431 7.36225e-05 0.397944 0.0237054 0.0316614 0.139906 0.0749142 1.61481 1.31808 28.6692 0.00504098 0.0127229 2.79356 33.1091 1.07456 8.45988 
0.0018117 1.93801e-05 0.58834 0.000519983 9.43478e-05 2446.07 0.00986036 0.169122 0.252893 0.0478857 0.0143663 401.809 0.0007334 0.000107304 6.50597 4.38819 0.915277 7.6159 
0.047126 0.000758576 0.000354281 0.00318156 0.242886 6.01187 1.08304e-05 0.606528 0.293017 41.3811 6.0288 407.032 0.000110336 0.0566995 1.81921 3.10986 2.56963 1.93944 
0.0253242 0.0924587 2.04538 0.0349011 0.00194108 584.853 7.54526e-05 2.95449 0.268727 0.587437 1.2139 220.423 2.58819e-05 0.00602905 5.14849 36.4168 1.27793 3.2235 
0.193118 0.321538 0.11488 0.0122844 0.0719163 45.704 9.616 8.66108 0.0110202 0.0604101 4.70329 134.505 8.07209e-05 0.0114086 4.40905 22.5262 0.892726 7.62441 
0.022522 0.0117092 0.00859237 9.60278e-05 0.563475 8.73502 0.000201165 0.616668 0.0782994 13.2857 3.39815 308.08 9.18558e-05 1.20403e-05 0.986569 12.4975 2.176 5.18475 
0.000107779 1.33324e-05 5.12713 1.68709 1.40481 528.255 0.00290251 0.0544506 0.264494 32.5744 1.01867 22.8747 0.46461 0.00047816 1.02874 49.6401 2.42044 4.20718 
0.240818 0.00304325 0.158526 8.62019 0.000596167 141.117 3.82198 1.79995 0.223192 28.4679 0.200423 92.2097 0.0269209 5.6996e-05 1.11897 7.21485 0.890731 5.0783 
1.98591 1.52784e-05 0.0128723 0.837014 0.425614 0.517856 0.000512654 0.351647 0.264443 52.6044 0.817605 156.818 0.000777722 0.0262471 1.1765 14.7874 6.50714 5.49498 
0.00443045 0.00440893 0.00219504 0.00948353 3.36547 21.021 0.395275 7.34167 0.288287 0.573729 0.0260761 398.581 1.63082 0.0122353 9.09934 33.854 0.985237 2.25817 
7.28291 0.497464 0.0712027 2.12821 0.000483364 215.79 0.899933 0.417295 0.563739 0.471773 0.0373705 25.9981 0.00649704 2.55687e-05 6.94881 33.807 1.22506 8.69215 
1.29559 0.00167039 0.00301253 0.00674689 0.0277696 212.774 0.00290668 0.563853 0.00913156 0.159646 5.67878 24.3619 0.0143687 0.000189136 1.09154 42.8843 0.906632 7.11527 
0.0111909 0.0102456 0.00076876 0.00227821 7.93381e-05 812.399 2.87415e-05 6.35917 0.019497 0.0157061 6.5073 272.992 0.000175555 0.0100998 3.97684 11.6521 1.35639 4.30641 
6.58952e-05 6.10412 0.221244 0.278034 1.12665e-05 0.109719 3.19196e-05 0.411282 0.013828 1.11 8.02321 29.8374 8.14349e-05 0.034288 1.98815 30.5118 1.44358 9.48025 
8.89005 0.00451502 1.58035e-05 0.266442 0.00775528 51.5509 1.36481 1.52821 0.643228 8.07516 0.219006 208.117 0.00394571 0.0305224 7.74485 31.9127 1.73784 2.16409 
0.00146365 0.00250549 0.0568401 5.48195e-05 2.59362 0.0447497 0.394565 7.94906 0.266466 3.67077 0.10505 269.248 1.5835 0.000162308 1.1203 10.0785 3.32993 9.14604 
0.0472295 0.0981678 0.000350441 2.30486e-05 1.16201 969.979 9.35661 7.36115 0.470693 5.4723 0.642169 415.38 0.0348142 0.00355461 1.4723 4.07311 1.86494 9.22708 
0.0690339 0.00378408 0.384097 0.953909 0.227476 59.7293 0.00488889 7.17385 0.215899 4.3699 1.88667 419.312 1.43344e-05 0.000199709 1.54763 14.3373 2.37529 4.41579 
0.000737363 2.99683e-05 1.75789 0.00127357 0.000376018 6.84052 2.29264 1.07018 0.724468 190.291 3.50245 89.5252 0.0653715 1.34618e-05 2.62965 28.2493 1.44535 9.84884 
0.983404 0.00210977 4.79888 0.169017 0.00194056 107.65 0.27102 0.0185207 0.788344 17.2573 0.29967 153.809 0.654173 0.014773 1.00421 34.3706 7.05908 1.52948 
8.47884e-05 0.0729157 4.39059e-05 3.2454e-05 0.000445733 267.782 0.000129442 0.0516713 0.00428306 0.712985 0.926634 119.52 0.809711 0.00567128 1.32044 47.2443 5.69148 1.77492 
1.16584 4.78053e-05 0.00241619 0.580256 0.766821 25.9061 0.000169666 2.27997 0.0193766 0.0646292 2.2458 45.3878 0.000836733 0.000757973 1.35937 40.3742 0.925775 2.31736 
0.000580033 0.000766007 8.77369e-05 0.20614 0.000302137 16.4787 0.146926 4.84919 0.114256 56.6167 5.26696 186.142 0.01009 3.48487e-05 0.943919 15.4408 1.56609 2.18413 
0.0929884 2.91357 0.429844 0.120765 1.4535e-05 1162.16 0.0021132 3.67731 0.187495 105.562 0.456853 48.0549 0.0204339 0.000162739 3.19809 31.0744 1.37976 3.2304 
0.764955 0.000720939 0.0655382 0.737008 2.92043e-05 1220.89 0.0381507 3.15031 0.280721 9.24844 0.453103 75.6109 0.81334 1.15951e-05 5.8784 27.6467 1.27162 9.6178 
0.00725069 0.000317602 1.89861 1.2189e-05 0.000166097 0.291124 0.0013902 0.075424 0.288453 42.013 0.0704159 124.947 0.00621469 0.00417407 0.915427 23.175 3.05674 2.67863 
0.000495524 0.185629 2.60678e-05 0.000827268 0.000241707 0.0608564 7.99062 9.97098 0.0457797 0.199921 0.0718352 89.0302 0.000973038 0.0166542 0.782681 39.5792 8.82448 5.58013 
4.71552 0.1615 0.00024715 0.674616 0.000103475 6.18557 0.0121399 4.33926 0.0133192 0.082444 1.72796 81.7871 0.000616143 0.00304534 0.740717 46.6292 2.77872 1.73084 
0.00158985 6.25792 4.12981 0.00165048 0.273734 0.0890294 9.75171e-05 3.71697 0.0710817 1.35002 1.77225 259.258 0.0163187 0.00321549 1.52325 9.81854 4.41113 8.75402 
0.0514516 0.0210346 3.88347e-05 0.00045958 8.73992e-05 26.4739 6.13263e-05 0.407416 0.656879 66.2154 0.691686 241.715 5.94934e-05 5.07559e-05 2.44007 2.77345 1.54359 7.20849 
0.000225826 2.93825e-05 7.15829e-05 0.000308743 0.00119164 374.25 0.0689996 0.392621 0.0987334 0.0328137 0.00489304 490.287 0.891185 0.0849595 1.73893 3.27322 3.32045 3.69689 
1.33082e-05 2.86825 0.000609056 3.50188 5.50368e-05 62.8699 0.000643333 0.222296 0.893017 60.9648 0.41727 119.561 0.885272 0.00201476 1.13121 28.3433 3.6792 1.86747 
0.21013 0.0794087 0.0175666 0.000196201 0.409393 0.392043 0.0190098 0.388195 0.461129 4.31606 0.179923 290.523 9.34458 0.000376133 3.1068 2.69151 1.7871 7.94791 
5.15807e-05 3.07648 1.5594 1.15705 3.4959 0.401562 6.09748e-05 0.112282 0.62909 5.5974 0.181754 38.6569 0.481245 2.36646e-05 1.06326 21.5018 2.15434 5.40798 
0.00579194 0.000128266 0.078734 2.061e-05 0.00028522 2.55191 0.110357 0.43064 0.0205876 0.0549658 0.324393 150.791 1.02082e-05 0.00120313 3.8921 31.0429 1.89754 0.940925 
7.55723 1.4497e-05 1.426 0.0134637 0.572386 0.266755 0.0351483 0.257706 0.114174 0.0738738 0.0131939 30.8224 1.02453 1.00904e-05 1.40176 36.2961 2.30481 4.79636 
0.00785719 0.226858 0.0474402 0.28122 0.000803728 0.438174 0.000201789 2.21935 0.537086 23.6036 1.55338 490.909 1.18818 0.00276555 5.14978 8.72313 1.49999 4.45974 
0.162884 3.42701 5.05618 4.71028 0.00095815 1456.89 0.0227756 0.0609246 0.266265 33.0409 0.27418 232.222 0.0257194 0.000618797 0.85466 40.8138 6.76661 1.50838 
2.12669 0.00853011 1.37724 2.42781e-05 1.03332e-05 0.036443 0.310161 0.788211 0.610417 4.60514 0.675452 157.907 0.123166 0.00344686 1.69224 9.99464 1.59375 2.90683 
0.00927436 7.99968e-05 9.5766e-05 0.000113202 3.71039 47.5566 1.30763e-05 0.224644 0.0179109 7.82592 2.77441 50.3055 0.00625648 0.000423741 2.44522 29.2585 2.05753 5.15672 
0.168647 1.34967e-05 0.00080969 0.400277 0.0305435 17.094 0.140737 1.04224 0.410719 27.927 5.20025 184.292 0.0132038 0.000493253 1.4784 13.4938 3.18247 4.66412 
0.0432557 0.235412 0.630353 0.000284133 0.000321125 109.123 0.00018155 1.45499 0.403791 0.261943 0.0017313 155.333 0.00215213 0.0197531 2.48762 30.0966 1.39677 8.12557 
1.02828 0.987183 1.1974 0.00141211 1.65067e-05 0.843251 0.000154826 0.240902 0.301267 13.8752 3.31445 13.9053 0.00145264 0.00243017 1.50464 27.0113 3.00036 7.55918 
0.0297019 0.0132299 0.00015402 0.000420924 0.00252747 0.553067 3.20965 2.48229 0.979078 251.937 1.09916 109.509 0.000325308 1.51734e-05 0.460383 36.6046 2.30531 4.60676 
0.00012358 0.0534403 7.35225 0.895317 0.0564361 176.291 4.22351e-05 0.907703 0.0466508 1.7651 0.943243 331.523 0.0218856 0.0101478 2.79464 5.37725 1.22626 9.58414 
4.10579e-05 0.148382 0.0152917 1.28015 1.54167 54.4388 0.000239033 6.13169 0.0249831 0.0355314 0.755936 387.021 0.000208984 0.00182244 0.942054 38.8935 1.61968 0.504363 
0.0170914 0.0378352 0.229285 1.34936e-05 0.124244 1643.79 0.000173851 1.97235 0.442622 0.193111 0.0236493 39.9016 3.46317e-05 1.97293e-05 2.28067 37.9545 0.941724 1.76935 
0.0045508 0.0154515 0.0105528 1.78072 0.290841 8.29497 0.000552744 1.92891 0.53805 0.0150999 0.0157251 190.339 0.000674833 0.0726229 1.186 6.21272 2.96923 8.49287 
1.25295 0.00408892 1.81378 0.616786 0.0010655 0.714297 0.000374056 0.0533292 0.320531 0.0632947 0.0054111 275.559 0.4121 2.83815e-05 7.52579 5.52813 1.01126 9.83654 
0.00223852 0.00757227 0.00600877 0.0179056 0.0570865 13.7917 0.00069504 1.00436 0.116045 0.244712 0.00691005 116.909 2.48098e-05 2.18331e-05 1.37206 34.6348 1.15577 9.81511 
3.42756 0.0134252 3.42053e-05 0.000110173 0.00812361 68.7443 0.000865411 0.401083 0.173547 0.341037 0.393154 281.928 0.030583 0.0477043 1.22851 41.6378 7.98382 0.762499 
0.749927 1.04163 0.123708 0.155604 0.000139929 866.431 2.10533e-05 0.19239 0.658156 10.5629 0.475468 323.015 5.77876 0.149726 7.02679 14.7415 2.56985 0.677248 
0.091256 0.0126907 0.000184675 0.00141435 1.43169 0.0170675 0.05933 2.22441 0.136765 0.202309 0.00511412 127.354 0.141592 1.71934e-05 0.619212 42.1844 2.85465 2.70242 
0.000572364 0.000297987 0.00547324 1.47674 1.61418e-05 2788.04 0.320491 2.22882 0.0465827 0.0262019 0.210065 339.408 1.09764e-05 0.0232924 0.984315 2.99609 1.83184 7.67441 
0.000640791 0.000477889 1.49139e-05 0.318319 0.571871 306.031 0.00259225 1.13193 0.00484904 0.0469687 6.91407 281.29 3.18515e-05 0.0791431 0.974275 23.1472 1.54779 5.19066 
0.000653975 0.000351823 0.000547537 1.5843e-05 0.383954 3.72763 0.0219968 6.4375 0.0345466 0.209633 2.16557 307.535 0.0533668 0.000253048 2.025 19.0069 1.44044 6.52178 
0.00102416 3.7085 0.000660499 0.162514 0.0494104 120.337 3.63656e-05 1.12283 0.0199237 0.253525 0.139285 63.7341 0.217826 0.000252754 2.121 26.1339 3.05226 4.77638 
0.2303 2.97695 0.000112968 1.90666 0.0232824 15.4885 0.000301309 5.91577 0.426061 2.30755 0.309761 264.664 0.0040133 0.000826668 2.21064 11.3064 1.99432 4.00625 
0.35055 0.311914 0.000168696 0.44188 0.0582761 288.2 0.0100183 2.83579 0.0115598 0.0440562 1.30471 178.91 1.47178e-05 0.000127637 5.54712 16.1714 1.01479 3.5621 
5.944e-05 2.80982 1.3901 0.00227352 0.00185644 987.163 0.00143942 2.78607 0.194793 1.42994 0.590563 230.713 0.000860543 0.00215 2.32751 18.6194 1.12037 6.82014 
1.39849 1.27016e-05 0.0363655 3.80302 0.0995673 4.28238 0.000205517 0.372219 0.0313826 0.134789 0.634902 105.252 0.246405 8.87906e-05 2.05285 9.01283 1.36531 7.30327 
0.56841 0.447231 0.258359 0.0376885 5.33799 26.3233 0.0074062 2.68582 0.0278728 0.0733159 1.01932 354.488 0.0394167 0.00113164 3.27887 12.2333 1.1855 4.34098 
0.00599006 0.000216257 0.000278404 1.46734 0.00020723 9.91835 0.000649887 0.439755 0.105231 50.9946 0.557339 315.921 3.8274e-05 0.0726124 1.75256 3.51517 1.20853 8.50307 
7.95921e-05 1.15763e-05 4.38434 0.0012915 1.14276e-05 2.73302 1.50052e-05 0.333597 0.381084 0.568148 0.0181818 164.472 3.32255 0.100563 1.47724 8.60669 2.12805 2.78433 
0.0055474 0.472663 0.000515939 0.565144 1.51301e-05 0.204313 0.497591 3.72472 0.0202356 0.0197512 2.22251 134.659 0.0988862 0.0143884 7.92597 29.6959 2.27875 4.38874 
0.129882 3.45999 0.0794712 0.0542255 8.32879e-05 0.142459 0.036419 5.78289 0.575374 78.5227 4.73191 343.045 0.107632 0.0594047 1.32319 42.6741 2.50975 0.478333 
0.00237058 9.14262e-05 4.76313 0.0287797 0.000674635 11.8031 0.00761068 0.0414515 0.0610364 4.18075 1.89253 87.302 7.73566e-05 0.0615132 1.96412 25.8284 3.83406 5.64595 
6.76978e-05 0.00200355 0.00294717 0.190039 0.000392738 313.666 0.00490394 5.30186 0.0345936 0.070224 1.50857 262.147 0.044856 0.120829 3.40363 14.8353 1.5961 4.43882 
7.30434e-05 0.921725 0.00015272 1.62512 0.371816 4.22114 1.9329e-05 3.80688 0.0204623 0.0114965 8.50528 100.476 0.001391 0.0016606 5.26624 10.3914 1.19704 6.99071 
0.000108674 2.37124e-05 1.14779e-05 0.0459819 9.08169e-05 0.0745994 0.000940708 0.299895 0.0050294 0.305593 6.79716 42.8192 0.00107926 0.00882271 3.06858 33.6915 1.58638 7.02773 
0.00316504 1.25161e-05 4.33904e-05 0.0825754 0.438574 0.286227 5.5778e-05 4.46995 0.0761139 0.0325839 0.0942573 482.12 0.232994 0.00133759 1.88114 33.8797 3.05629 0.354145 
0.325968 0.000457465 0.011607 0.0282896 0.537165 252.127 0.000256256 1.14037 0.491093 57.7984 4.94488 95.641 0.00526217 0.0245195 1.61605 41.2528 2.4135 0.963088 
0.943903 1.18587e-05 9.21795e-05 0.00215895 2.28407e-05 1750.98 3.06117e-05 0.111261 0.00818731 0.0402032 9.16037 74.3369 1.13236e-05 6.60218e-05 0.780414 8.12288 2.47811 8.58762 
0.093401 1.73347 0.00204725 1.40379 0.000452551 1751.05 0.000104686 6.69264 0.254079 0.0506666 0.00111486 221.346 6.65617e-05 0.0272082 1.44451 27.5928 2.99053 1.97715 
0.000509618 4.05629e-05 2.91183 1.67217e-05 0.141643 2.76967 0.000290148 0.0635958 0.0434092 0.603518 0.532373 423.68 0.0123043 4.66999e-05 2.64762 12.0403 1.55484 1.33478 
0.0331623 0.489312 8.15281 0.0017927 0.000944424 998.875 0.0136579 5.7684 0.565244 1.65923 0.156741 222.259 0.00714664 4.18766e-05 1.08365 18.6872 2.36907 7.49006 
0.279061 0.067399 6.57611e-05 0.0239018 2.85575 67.223 1.71785 0.345689 0.112678 8.48443 0.21131 377.796 6.17269 0.000133565 1.15648 14.0737 4.95034 1.28174 
0.00892541 0.000549849 0.00834093 0.00115847 0.000333898 1.15067 0.106435 0.00944668 0.0721244 0.189961 0.0236248 56.2978 0.0249666 0.000360218 0.93671 44.3982 6.59269 5.51243 
0.0168702 0.205295 0.000348702 0.635852 0.00032825 0.0288895 0.643689 0.493944 0.215417 1.06334 0.0366629 87.9935 0.0198514 0.0174895 0.762544 31.5553 2.1997 3.24103 
0.0105351 0.507387 0.0178454 0.000599553 0.389991 245.014 0.000623724 0.492498 0.027827 0.232461 0.335492 90.976 0.253942 0.0264413 1.04407 13.4385 2.34332 4.04808 
0.000542193 0.0309738 0.00166456 0.00423409 1.98369 777.597 2.67891 0.227611 0.0144723 0.0247287 0.015783 478.783 2.68742e-05 0.0171455 8.23669 7.17284 1.0827 1.99562 
0.00596769 0.017802 1.21647e-05 0.00861779 0.000625921 0.0157608 0.000165931 1.07295 0.180146 0.497109 0.67249 322.066 0.000842306 0.000186227 8.66172 9.16211 1.07321 1.37123 
0.0101499 1.23763 0.00571602 9.22179 0.0490981 75.6043 1.86691e-05 0.376453 0.0190671 0.0197946 0.0816194 24.543 0.000852563 0.000126926 0.513621 33.6574 2.72025 8.43772 
2.59938e-05 1.21413e-05 2.70458 0.000309338 1.85166 0.173208 0.000155522 3.48751 0.838366 0.446721 0.0350117 10.0603 0.00172248 5.26567e-05 1.08372 40.1336 1.34885 6.82164 
2.63302 0.00287527 2.80769 0.0107788 5.451 0.733759 9.5274 0.0188222 0.000171561 2.53712 0.00754249 1.07235 7.2918 0.000302162 1.41975 49.4007 1.84303 5.28955 
0.0096713 0.00338474 1.34382e-05 8.40855 0.000494355 1.46107 0.0949534 2.924 0.241765 1.24474 0.0732265 315.917 0.00635702 5.50843e-05 0.776223 26.6452 4.48454 3.03702 
0.000436734 0.190222 0.00123099 0.0134558 0.00186759 1.74475 0.00103859 1.50657 0.0496687 1.32124 9.57419 464.964 0.00122269 1.79274e-05 1.05299 8.44127 1.56769 1.51491 
0.614958 7.10998e-05 0.00048025 0.000590419 0.0475009 436.933 0.00856198 0.464212 0.531259 2.26887 0.00999582 251.826 0.0112143 0.000160439 4.81015 35.8854 1.78021 0.597639 
0.000126966 0.428346 0.00233249 0.129442 9.3017e-05 12.4798 0.000685394 0.3392 0.354144 3.81536 0.0717545 62.0205 0.000223195 2.16183e-05 1.05598 13.2204 2.32034 9.44439 
0.00243759 4.32816e-05 0.106556 0.00080985 5.61075e-05 164.395 0.00045087 0.270695 0.0312003 0.893961 1.98398 108.008 0.00050157 0.000504261 3.41236 16.883 1.02682 3.30939 
0.0493468 0.000172171 0.0922534 0.183649 2.8817 0.0371591 0.00096775 4.98136 0.0373102 0.0760769 1.55016 168.881 0.00370813 0.00951033 1.22843 7.27302 2.57557 6.63317 
0.000694718 0.00139839 2.19981 3.26024e-05 4.06996e-05 0.376957 1.94794e-05 0.0739939 0.0165832 0.0172512 0.824171 224.483 0.000247907 0.000303968 4.13145 47.2005 2.06854 0.2918 
0.206291 0.00216757 0.0584424 0.000305832 0.0001582 0.0237827 2.97991e-05 3.1099 0.738902 95.0586 1.13409 358.281 0.0608988 0.118998 2.27906 46.6471 2.67245 0.414853 
0.539123 0.123988 0.00659513 8.53107 9.10725 0.113614 0.000396027 0.366949 0.0284748 1.01541 0.395324 66.781 0.230429 0.000868952 6.92768 46.7817 1.7803 2.4691 
7.91135 4.15958e-05 4.70031e-05 0.00313589 1.13327e-05 1.42701 0.238944 7.01489 0.0903402 0.369585 1.02673 450.147 0.000617095 0.00172784 7.78414 26.1895 1.25422 0.656008 
0.653547 0.0856348 0.00143051 0.000105448 0.0485689 356.24 0.818166 0.10903 0.00988487 66.523 4.30126 60.2964 0.828132 6.49689e-05 2.58413 22.5417 1.40319 3.86184 
0.0634642 6.52105e-05 0.000106414 4.3177e-05 0.00116174 156.608 1.68482 0.300541 0.0516157 3.09054 2.63142 155.587 0.113646 0.00490094 0.807803 6.97582 3.30267 9.47816 
0.000324732 0.0515833 0.0176392 1.08793 0.456506 5.94756 0.0375093 2.2166 0.834694 20.0449 0.135116 201.12 0.00270518 0.000250695 1.83435 4.63582 2.50578 6.24739 
2.00874e-05 1.24156 4.96542e-05 0.394465 6.94322 19.8124 0.00977455 1.47108 0.154245 10.0257 3.88523 337.981 9.0245e-05 2.79556e-05 1.02763 14.1571 1.63319 1.70678 
0.00259398 0.00171634 0.000394815 0.211359 0.0545888 1490.9 0.00258972 0.529802 0.0875464 15.7437 3.93904 59.7492 0.0808984 0.000930875 2.83921 17.557 1.00296 9.09358 
6.48613e-05 1.75485e-05 0.00650883 0.0310663 0.113106 3.61181 0.000209695 9.48478 0.39662 0.475974 0.0809796 141.381 0.0111383 0.0602934 1.4994 43.4856 2.7136 1.22737 
3.69381e-05 0.00141077 0.00519134 1.80734e-05 0.00225944 5.57333 1.38083e-05 0.435307 0.0308902 0.742875 4.2811 50.527 0.00046484 0.00868299 2.74148 29.7635 1.62468 3.39382 
0.00173604 1.18414e-05 0.000189249 5.2803e-05 0.0010338 27.4016 2.75864 6.89945 0.564577 0.194005 0.0154615 184.819 0.00203 1.17306e-05 1.45503 40.0914 1.20195 1.69164 
0.00721197 0.457247 0.251404 6.41215e-05 6.92945 0.0203382 0.000114887 4.19578 0.0276088 4.48397 0.790921 200.864 0.443515 0.000277191 1.56461 12.4501 1.48918 5.06563 
0.0358292 0.0667443 0.0268933 0.0125273 0.0711242 15.7229 0.00585567 1.56736 0.728493 85.6754 1.35051 63.4963 7.38994e-05 0.00755953 1.33061 35.555 2.05143 2.99532 
0.087094 0.0256837 5.65264e-05 0.714957 7.40144e-05 223.199 0.000371227 0.161527 0.0782988 5.30231 4.52498 145.436 0.317618 0.000892526 1.78208 36.9734 2.1497 0.796658 
0.000111243 6.9412e-05 0.000258818 0.0235754 0.421606 467.209 3.93854 1.05578 0.0502721 0.809694 0.349209 56.2122 0.000122672 1.20034e-05 0.802129 40.2857 1.11221 8.6008 
0.183371 0.000148084 0.203823 0.000504883 0.012942 0.0796617 0.0337854 0.227995 0.0147892 1.23595 1.42312 120.18 1.71433e-05 0.0399585 1.40652 5.89393 1.82581 8.09902 
0.00805588 0.145134 0.00142915 0.00172141 0.000129954 1.49227 0.000306982 1.74078 0.200778 0.303165 0.0286338 333.56 0.072151 2.78547e-05 1.97864 2.24644 2.07015 8.64419 
0.00279769 0.237089 0.442673 0.000799737 0.00831966 113.102 4.99774e-05 1.85807 0.0388737 2.63344 0.0294687 275.27 1.22503 0.000794777 1.0001 30.5438 1.29123 1.55598 
0.0375343 0.000300863 0.000102801 0.00235033 0.0384341 0.0530029 0.0177067 1.24206 0.0804205 3.59341 0.155943 42.2472 1.34133e-05 0.000274827 0.80635 26.8327 1.0069 7.62949 
0.00028566 0.20382 1.24002 0.00756996 0.000440823 0.0221215 0.00038374 5.78087 0.932801 357.054 1.37361 433.775 0.000157309 0.012986 0.87114 10.9459 4.00576 9.50737 
0.037158 5.81617 8.16622 8.71134e-05 0.122446 8.84529 0.00146576 0.0319966 0.210812 10.4109 0.235563 268.159 4.99369e-05 0.00170453 1.6554 3.09729 1.567 9.85415 
0.00876429 0.146012 0.000136719 0.0153491 0.406149 1.5561 0.00308848 2.83377 0.406253 9.88629 0.267009 236.541 0.278733 9.61494e-05 2.81013 41.3949 1.45209 4.30072 
1.18089 0.00094054 1.8804 1.77802e-05 0.21667 2.02925 0.00702237 0.105517 0.063887 0.588987 2.18442 94.7084 0.00143399 2.48051e-05 2.89508 8.35614 1.16026 6.89585 
0.000284698 0.000216231 0.0895102 0.00962114 0.627039 5.12259 0.000537619 0.909951 0.0695207 0.330837 0.0206001 147.184 0.000142177 0.0306576 2.46973 7.59525 1.18992 4.41186 
0.607472 2.25199 3.90508e-05 0.163691 2.54922e-05 1447.26 3.5609 4.11107 0.0153187 0.433791 8.24467 183.19 0.00400691 0.000605132 5.83882 18.3369 1.00572 2.34663 
8.12165e-05 0.000554627 0.0604293 4.07354 0.122198 0.0272794 0.00550395 0.271164 0.342692 39.3709 0.165738 144.305 3.09509e-05 0.000289041 1.02589 27.6548 5.46805 1.43656 
0.000106818 5.47248e-05 0.859071 0.00626792 0.0045579 27.6593 0.00059379 0.133354 0.972181 198.026 0.776096 212.33 0.00131341 0.000362058 9.49324 20.2727 1.61129 1.15097 
1.68065e-05 4.16341e-05 0.0125573 0.340756 0.0480593 0.034524 2.60888e-05 3.22668 0.0295256 0.37353 1.05337 350.879 0.000121729 0.000957293 1.47796 11.7951 2.66613 3.14609 
0.0132998 6.3846 0.000603914 1.27425 0.224917 0.543664 1.68252 7.01723 0.986526 10.2784 0.0465168 56.3657 0.000410767 0.000157964 2.57516 46.2135 0.956585 8.82166 
5.19679 0.796819 0.407406 0.00017481 3.37755 9.96505 6.62955e-05 2.25416 0.0480941 0.146254 2.2395 485.397 0.000216287 0.000152834 3.64479 4.84094 0.969422 4.86955 
1.13565 0.000542685 0.14056 0.03507 0.00264252 11.7722 0.0272578 4.3501 0.325779 0.892119 0.387213 132.58 0.00646389 0.000566451 0.926287 32.1234 1.78247 1.40378 
9.68199e-05 0.297162 6.37618 0.000304004 0.0833193 547.743 0.0241928 0.162129 0.0148902 0.0132394 1.5982 174.976 0.0091972 0.0168092 1.11392 9.30407 1.86214 4.2916 
0.060939 0.000531319 0.000236741 0.406974 0.00534575 0.13098 0.000190265 2.55081 0.159319 63.7604 5.75051 94.5651 0.000399965 0.00452312 0.985116 39.9381 1.26654 8.28312 
0.000142983 0.873918 0.00716514 2.8378e-05 7.39976 0.229422 0.149124 0.427451 0.00622181 0.522027 4.21838 195.617 3.25499e-05 0.000252688 0.95333 9.13852 1.24856 7.79941 
0.811519 0.760595 0.000144032 0.00880649 0.000100884 0.108 1.66832e-05 6.84828 0.139937 0.106774 0.0113007 395.856 0.00108259 0.000945986 1.3876 40.3276 1.23797 0.948105 
0.0122627 0.152681 0.00108653 0.000518463 6.83039 3.27862 0.000114662 0.465541 0.72111 466.183 2.60537 121.336 0.00179044 0.0819946 2.51242 11.5404 1.9487 2.10977 
0.0143189 0.000122362 4.61163 0.00181979 0.00172469 280.176 0.0457162 0.0722859 0.108336 0.484849 0.396045 12.0989 0.000255182 0.0181626 1.30163 35.6225 1.39877 3.56227 
0.0247666 1.52147e-05 0.00139302 1.49704 6.51676e-05 1.38439 0.000203398 6.81465 0.0535332 1.08154 7.38069 95.5411 2.22032e-05 0.0485259 2.25045 46.1814 1.70004 1.23256 
0.860262 0.759837 0.00896615 2.04239 0.619166 9.30633 0.88539 0.244045 0.262596 312.674 5.5429 73.053 1.87646 0.000731511 2.51135 25.6467 2.3166 2.10146 
6.35205e-05 4.20403 8.16141 0.0247366 0.00672197 1221.85 0.28506 0.197884 0.186856 13.3915 0.431846 216.832 0.255023 3.49803e-05 1.10879 4.48005 1.2733 9.06921 
0.486785 0.620119 5.57896e-05 0.0078849 0.0133156 46.8336 0.194533 0.799665 0.0153742 0.077927 0.10838 429.18 4.38793e-05 0.0022063 0.964931 46.3921 2.97788 0.429391 
0.000350113 0.00383559 0.209292 5.71093e-05 0.82616 718.18 1.35096 0.799228 0.0831796 0.219451 0.549107 407.938 0.00140556 0.00359578 4.9163 2.5358 0.845286 6.84801 
0.739583 0.000487222 5.47045 7.17397e-05 0.0229345 2065.88 0.0302674 0.0368682 0.27426 25.741 0.462771 108.063 1.35444 3.58301e-05 1.92645 19.4962 1.47227 2.02393 
0.0913636 0.000345636 0.000136088 2.87757e-05 0.00201472 9.14975 0.000911913 1.44872 0.0619172 9.00003 0.581258 281.999 0.000854977 0.125447 1.79628 46.805 3.0319 0.336555 
0.000933266 0.106471 0.0580195 0.0017339 1.9661 0.541443 0.473018 0.00086008 0.0222584 4.69484 0.0568519 1.1005 9.0178 0.00469835 3.3093 38.3446 1.13167 6.00289 
0.000589342 0.0323346 0.144745 0.73412 0.000258706 367.839 0.00115304 3.46328 0.715655 0.160616 0.0171569 496.244 0.776467 0.068145 7.52839 10.4558 1.37939 2.13785 
0.0259884 0.000125653 0.0200173 0.116985 0.000116361 2.06487 0.100864 0.974096 0.123965 71.7928 2.74759 109.947 0.0106512 0.0441605 2.90895 37.378 1.61964 2.22566 
0.13022 0.00126373 1.95935 0.0146896 0.022498 34.3268 0.0229462 0.436929 0.0352571 0.186955 1.60436 71.1948 0.0792991 6.99364e-05 3.94049 15.2549 1.03721 4.23187 
0.271132 0.000642472 9.7384 0.0333892 2.90536e-05 40.1526 0.033477 0.018865 0.0247773 10.7468 0.446661 243.53 0.000552122 0.000619544 1.01342 13.8584 2.16231 1.91461 
0.00408434 6.29803 0.000447677 1.77273e-05 0.000180594 149.041 0.0269019 0.535012 0.15145 127.901 6.55044 320.511 0.000276218 0.000300981 3.92766 27.5339 1.29247 0.594907 
0.000770319 1.33875e-05 0.106461 9.24855e-05 0.00320626 13.8037 2.43981 0.65265 0.212458 1.50312 0.00248454 364.423 0.00025126 0.000713042 1.30385 28.6569 1.31292 0.791607 
0.512614 0.0224162 0.0181921 0.000540771 0.64048 2531.85 8.99586 2.45471 0.0129501 1.55124 4.0657 174.455 0.000339212 0.00535111 1.2422 17.5558 1.64416 7.27674 
0.000434634 0.0256005 6.99997e-05 0.0651221 0.000244779 163.075 0.00431632 0.0798606 0.122965 7.40214 1.08397 212.72 5.60733e-05 0.000254308 0.834542 11.0378 6.53335 7.33128 
0.113402 0.000278599 0.0187685 0.000133603 0.000838925 4.36846 0.0258835 1.35491 0.166611 1.72437 1.85084 405.648 0.00872912 0.0109751 3.71004 10.049 1.16851 0.321437 
0.0487762 0.00937565 0.0349306 0.801253 1.01872e-05 141.198 0.00477011 0.0298515 0.00860954 2.65007 3.87243 367.671 0.0348769 0.0696749 1.278 4.03436 4.25237 3.80912 
0.000170491 0.0571 8.32679e-05 0.000354299 0.0248174 1.37981 0.012577 0.214112 0.00993515 0.0233158 9.52312 122.006 0.00550394 0.0240812 1.09713 11.6839 2.47939 4.51274 
0.00197006 0.0318624 0.00132548 1.10299 4.97129 679.252 4.2054 1.01404 0.680838 83.4004 1.09442 287.947 0.00101797 0.00463695 0.932537 3.8894 5.30399 9.40198 
0.00127925 1.14707 0.00547642 8.57133e-05 0.729125 981.838 4.57271 4.36158 0.130135 1.49281 0.207589 203.371 0.000145593 0.000695913 4.70741 22.0165 1.32936 2.00867 
0.000762946 0.00115819 0.00251552 0.00266595 0.00841173 13.2008 0.166092 1.74858 0.166156 0.467331 0.038179 303.089 3.21969e-05 0.000244582 1.00019 4.49753 2.32256 8.49247 
0.15961 0.011252 0.0128068 8.31589 7.45316e-05 2.697 3.2808e-05 1.84553 0.418336 497.156 6.13685 163.311 5.44859e-05 0.0367821 8.9979 23.9102 1.53901 1.89765 
0.791766 3.24957e-05 2.51234e-05 0.0222241 0.00469919 8.65595 0.00176728 2.77158 0.446159 0.528618 0.102006 224.783 0.124564 0.00052081 4.27873 28.3948 1.77647 1.82199 
1.1786e-05 1.19277 0.165946 0.781904 0.0930934 0.0178758 0.369939 6.13007 0.152127 29.2662 0.435833 47.6174 0.00165342 4.74348e-05 1.26014 48.7425 1.2022 7.0167 
0.000248857 3.04572 0.0044204 0.0176373 0.000590423 2176.52 0.0092119 1.51563 0.0233107 0.0597587 0.13223 433.046 0.227903 1.91504e-05 2.2211 2.60689 1.46773 4.38392 
0.000344758 0.104464 1.18921e-05 1.24169e-05 0.0113494 0.0164434 0.0444127 5.58571 0.173661 9.00016 0.583913 430.469 4.87175e-05 1.8924e-05 1.49745 12.1534 2.18765 1.07924 
0.00963911 0.00103549 5.44532e-05 0.319922 0.00175497 0.0859032 0.000432966 2.79369 0.166818 3.12041 0.0375861 26.8831 0.553178 0.000305841 0.912683 20.1797 1.2279 9.91383 
0.00011525 1.56102e-05 0.200921 0.808325 1.49856e-05 2887.41 0.0761746 1.58172 0.191205 0.330656 0.172218 244.961 8.06004e-05 0.0291232 6.77799 8.99978 1.85666 2.80213 
0.0207589 0.000806437 3.95498e-05 5.28765e-05 0.0161719 2.19343 0.0561604 1.34223 0.0423867 0.321849 4.16151 85.7588 0.00138204 0.0401851 1.42882 6.10148 1.76625 9.29798 
0.00526518 4.39768e-05 0.000239462 0.000229186 0.968281 20.0235 0.00318758 0.525041 0.393718 31.3683 0.312833 467.797 0.00385992 2.76892e-05 4.55974 6.48418 0.885746 1.52294 
0.520241 0.000486256 0.00839007 0.403345 3.17301 430.195 4.33747 1.14541 0.499042 0.435467 0.00173865 66.739 0.0114641 1.82483e-05 1.36101 38.621 2.34246 1.31836 
0.560047 0.623901 1.32615e-05 0.252079 0.000179968 166.195 1.88015e-05 1.07471 0.100124 0.697528 0.167967 284.449 0.00112131 0.00709054 3.46758 2.83046 1.20694 6.031 
0.000107431 0.00437113 0.000371717 1.52989 5.49104e-05 0.151324 0.00265237 0.367918 0.0535175 9.27784 8.64974 52.3033 0.000120131 0.000194806 9.63675 28.8803 0.761546 5.98026 
4.23607e-05 0.21394 1.25464e-05 5.98116 1.90105e-05 10.5199 1.44638 4.9586 0.0285891 1.82259 2.88182 111.668 0.000995963 0.000234421 1.2582 14.6384 1.56122 7.54163 
0.0668651 0.000136695 1.7827e-05 2.53343e-05 0.00691074 7.62235 3.153e-05 1.84676 0.599981 37.3492 1.05052 313.526 0.0247453 1.6948e-05 2.70044 3.84554 1.65272 5.52999 
0.000499806 3.95058 0.430101 0.05283 0.000293601 312.348 0.144858 2.20872 0.0512245 3.16337 6.59289 166.905 0.0110267 0.00228996 2.59142 31.2447 1.4487 3.37379 
0.110173 0.0348599 0.00301392 5.87974 0.339665 1004.46 0.393778 7.93591 0.179775 8.5571 1.2845 346.236 0.000288715 0.00139336 3.51028 39.6115 1.02784 0.839182 
0.000220672 0.659134 0.260621 0.0505276 0.245572 0.0867931 0.00354879 0.0972246 0.851051 109.588 0.243034 54.5222 0.147792 5.62169e-05 0.888539 15.6762 5.21381 8.96791 
0.0107146 7.89278 0.00382811 0.000574975 0.00851391 4.85281 0.000161128 2.23613 0.0171297 0.301826 5.71541 96.4251 0.000159211 0.000195054 1.08553 48.0289 2.20194 2.53422 
9.19091e-05 0.0983892 1.56366e-05 0.00219669 7.45543e-05 2630.13 0.000354318 2.11401 0.11626 0.498117 0.0737571 406.235 0.000460679 0.173262 6.18323 18.8694 1.34534 1.45899 
0.0103856 0.97904 1.73233 0.31896 0.000542756 0.141255 2.22915e-05 6.01789 0.689083 36.6418 0.415814 421.291 1.49376e-05 0.00176498 2.13791 20.8055 0.872807 2.44923 
1.06631 0.00117966 0.334141 0.00270136 4.82855 0.753927 0.000830578 0.350114 0.0107544 1.95158 1.80782 17.7741 0.000321771 0.000169631 1.40462 34.8035 1.61417 3.48687 
0.000263186 0.00312638 0.0384404 0.0142532 0.0237772 318.84 0.000436884 0.18444 0.0196166 0.0128728 0.269266 403.979 0.00537103 0.272795 1.95916 4.85414 2.24162 2.47138 
2.38077 0.473218 0.652055 4.77504 0.0198768 2197.09 0.160249 0.70928 0.0144178 0.0672986 3.12265 427.889 2.23526e-05 0.00364657 3.23115 13.0221 1.3965 2.10063 
0.334845 0.000178917 1.82959e-05 1.90876e-05 8.11886 4.24547 9.8332e-05 2.42019 0.0642437 0.780607 4.46635 152.622 8.1767e-05 0.000138631 6.0316 38.1153 1.0824 1.05681 
0.000855097 1.16485 0.00845482 0.00425711 0.249809 22.9028 0.222146 3.7211 0.0363718 0.0420989 0.070198 457.242 0.00113254 0.000398558 5.95105 30.9653 1.02148 2.03057 
0.415926 0.351984 3.62553 0.108014 5.30482e-05 5.22786 7.97558 8.17355 0.0541967 0.0759507 1.41577 177.27 0.000956012 0.000515498 1.96699 46.0685 1.62577 2.49643 
0.000219188 0.0961238 3.41207 0.11254 1.82469e-05 0.0454732 0.0806828 1.17898 0.698979 71.4826 0.421696 187.704 0.000484271 0.00628944 0.775969 38.4006 1.40027 1.1302 
0.416981 0.000593396 0.000576508 0.00214146 1.87829e-05 0.0230484 0.0682824 0.543767 0.477998 8.86496 0.315021 18.9188 0.000349084 4.97854e-05 2.41512 25.704 1.05346 2.69662 
0.00137076 0.0265882 0.272757 0.195419 0.00650133 53.5997 4.82034e-05 0.719278 0.00501722 0.705442 4.65844 81.5332 0.0167298 0.149303 9.04748 21.1473 1.22709 9.13263 
0.00147044 2.2878 1.2392e-05 0.01924 0.00699962 25.9416 0.247867 1.45157 0.0112396 0.0289942 3.90702 339.74 5.5516e-05 0.00170727 1.20709 4.76968 2.97887 2.8059 
0.000211816 0.687356 0.00202983 0.00260764 5.04541e-05 202.628 0.000239387 2.04714 0.018336 2.11473 0.946675 52.5713 0.000242879 0.000704838 1.20026 22.3621 1.38702 2.16589 
2.07703e-05 4.24998e-05 0.000956473 0.000637817 0.0406929 75.0759 0.00266331 0.542153 0.195721 3.87548 0.289413 126.515 0.00202601 0.0975062 4.85295 30.0148 1.88777 1.11985 
0.0571138 3.62593 1.62014e-05 0.0110229 0.0150666 0.357637 2.05561e-05 2.49717 0.256255 3.87056 0.85177 480.225 0.000478924 0.00146931 1.40692 10.886 2.14074 0.74033 
0.0233283 1.07757e-05 0.00246858 2.6253e-05 0.00026716 641.331 0.0252571 0.828362 0.108327 5.18367 0.557632 237.967 0.129176 3.67851e-05 6.13326 8.15133 0.976627 6.9931 
0.148439 0.0287918 0.109597 0.000333126 0.00382689 1114.63 0.492376 7.54748 0.233102 0.251464 0.0210988 312.82 3.92278e-05 0.00523533 5.47923 45.4339 1.33098 0.877106 
2.22751e-05 0.0156345 0.791884 9.60086e-05 0.0940279 647.734 6.35839e-05 0.380344 0.0275042 0.48819 0.425334 61.7735 0.0196279 0.0677212 2.42534 21.6963 1.2959 3.26572 
0.00637356 0.617126 1.8259e-05 0.000101552 0.0495777 23.8546 0.0007003 1.38182 0.609924 15.4265 1.42602 160.872 0.000567818 0.000866264 2.41298 6.57736 1.19992 7.91517 
0.00420754 0.00499952 0.0183601 6.5084 2.95638 2880.93 0.340365 0.46341 0.0293814 1.12827 1.05732 152.403 0.0163127 0.000225156 1.82607 39.6254 1.478 0.270018 
0.000361927 2.87759 0.193672 0.000307794 0.00108652 1079.52 4.49515e-05 9.71405 0.107027 0.0771664 0.112254 417.08 0.000808219 0.0141729 5.92538 46.7683 1.1468 0.772343 
5.2328e-05 0.000923536 0.00028902 1.28313 7.53076 17.4856 2.16979e-05 9.47819 0.203113 165.053 9.4216 156.526 0.000220103 0.000535235 1.16662 44.4274 1.53464 2.54881 
0.000301187 0.00261188 0.112795 1.61942e-05 0.0309461 66.1392 0.000227475 2.36932 0.00727467 0.269587 6.04901 26.0583 0.000450081 0.00473865 0.447785 28.8363 1.45887 4.84466 
0.14962 0.00229012 4.25771 0.0253527 0.00736991 313.201 0.631337 0.0333409 0.0111185 0.0217032 2.51117 219.595 1.90569e-05 0.000772093 9.13891 9.70643 1.09332 2.40328 
0.000142497 0.000534706 2.49866 0.000653066 0.0787362 2.36763 0.00411925 3.40075 0.631798 37.9878 1.47333 51.5304 0.000200149 0.0239453 3.38743 44.2754 1.57215 2.72111 
0.0055878 0.0300597 3.75172e-05 8.6351e-05 0.0732513 0.392672 0.0007067 0.897674 0.901314 117.089 0.619394 268.12 0.00373286 0.00017586 4.17191 43.7226 1.15462 0.446438 
2.27351 6.08166e-05 0.112627 4.35106e-05 0.0362392 0.577496 3.97208e-05 0.903812 0.134337 22.545 0.961127 292.585 2.44098 0.000920099 2.05329 17.4117 1.50143 1.79848 
0.0504337 0.899699 0.101287 0.4713 0.000253276 245.913 1.58547 0.701196 0.194558 118.452 7.06977 163.166 0.0253995 0.0391645 1.10162 11.9792 5.49838 7.45738 
4.85062e-05 7.36531e-05 9.2142 0.556499 0.62505 0.0547248 0.0709726 0.509669 0.0782461 0.469864 0.0449245 390.272 1.32553e-05 0.00243025 0.78988 5.52265 2.69824 3.32922 
0.0002547 0.000271313 1.41439 0.000347964 1.19529e-05 319.078 0.0201449 0.505441 0.0171989 0.0798646 1.86846 155.985 0.00796044 0.00656437 6.00101 33.373 1.00266 1.07634 
0.0195121 9.23619 0.0114046 0.000271851 0.00012189 537.526 0.000420713 0.412572 0.119553 0.0119187 0.00380134 344.184 9.78398e-05 0.014878 3.9938 17.7216 1.56995 0.770773 
0.111452 0.0955518 3.40114e-05 0.344357 1.52643 817.3 3.93567 2.60764 0.00499617 0.0562784 4.38974 409.367 0.000217062 0.000200443 0.977633 28.0773 1.77881 0.569025 
0.000524969 0.00122353 0.0273596 0.0623384 0.000530437 1831.06 4.91001 1.92411 0.140569 3.41848 0.82291 253.048 0.00684278 0.00222621 1.84635 19.8464 1.03974 8.29081 
0.0125927 7.54916 0.00137217 0.000104562 6.56718e-05 141.864 0.00263458 1.59537 0.0433984 87.3809 2.32527 92.7319 0.0139982 1.2623e-05 1.0508 13.2624 3.66183 9.33259 
8.34032e-05 0.23206 0.00830415 0.00380023 8.18808e-05 2283.52 4.12375 1.15362 0.00210081 0.0161915 1.96486 465.53 0.000120438 0.0977237 0.987406 29.3357 3.28474 2.92017 
0.0349851 0.443696 0.615898 0.000234628 2.51913e-05 689.944 0.798728 6.36261 0.764709 102.348 1.0028 245.654 7.1189e-05 3.67729e-05 2.5214 20.4559 0.816979 6.33314 
2.228 0.000736712 0.000970341 0.0949594 0.000474934 2791.65 0.00217136 9.07056 0.592715 193.151 2.89067 172.586 0.30537 0.00062526 1.44195 39.9859 2.3934 0.937804 
1.69067 4.56471e-05 0.0643611 0.00436219 0.00547234 186.325 3.09032 0.158281 0.00790266 0.283069 6.83057 22.8582 0.000115927 0.0072437 1.8489 38.3101 1.75295 7.27094 
0.000322801 0.0247265 1.12999 0.326682 1.69465 10.8647 0.00105027 1.42176 0.00279842 0.137136 4.21531 360.446 0.0003659 0.000296521 2.42843 38.2909 1.27439 0.417308 
4.20408 0.00549685 0.00448854 0.000851881 0.14567 3.12947 3.96253e-05 0.301126 0.33237 2.78857 0.0523327 264.641 8.08466e-05 0.104772 2.21356 36.8018 2.31392 0.379347 
0.0483579 2.20035e-05 0.00691461 0.0075189 0.000531008 2189.92 9.93931e-05 0.105953 0.00768679 0.0639461 0.343441 74.3686 0.00168326 0.0180343 1.06829 25.248 3.55123 2.05868 
0.00185094 3.55283 0.0945473 9.65075e-05 9.65182e-05 0.0285893 0.000246456 1.27945 0.189364 15.6843 1.91475 149.436 1.17621e-05 0.00348585 2.92765 9.33613 1.03565 2.05675 
0.0060329 4.88797 1.34 2.85513 1.223e-05 8.49892 0.205813 0.906583 0.02596 1.74288 3.73742 62.3069 2.88752e-05 0.00954823 1.05645 47.7154 2.25968 1.18557 
5.81272e-05 0.000567013 7.68001e-05 0.016635 5.45208 0.166377 0.105384 2.31775 0.233761 7.09709 0.214392 193.369 0.000727694 0.000581305 1.83478 24.4453 1.08733 4.44133 
1.29165 0.00129945 7.53713e-05 0.000135469 5.90025e-05 3.58675 0.000406024 0.145617 0.137889 0.199166 0.0226359 50.661 9.8943e-05 6.2794e-05 1.08364 26.7657 2.93211 3.25134 
0.9065 5.5318 0.0105826 0.000295021 0.0743698 5.67029 1.85821 0.552328 0.0384141 0.0100284 0.00446596 29.3725 0.00906409 1.73461e-05 0.9346 18.0075 1.54895 5.71694 
0.000386781 8.8647e-05 0.00230549 0.214098 4.77473e-05 0.0127074 0.00145638 1.44419 0.0312251 0.420388 6.6217 329.059 0.150915 0.0246178 9.60959 47.6271 1.40283 0.501954 
1.00557 0.621167 0.000191742 0.361364 1.13326e-05 610.713 8.62643e-05 0.799735 0.0353475 0.100026 0.0354869 118.339 0.0119136 5.28627e-05 1.83998 28.8001 1.1397 0.991464 
0.00435905 0.000449362 0.0146777 0.0187721 0.548719 0.0362578 0.0349267 3.48559 0.0943771 1.12403 0.26322 75.45 0.0508601 0.00247123 5.2296 34.1108 1.03928 1.51793 
0.000530585 0.00470562 0.000315646 0.672629 0.215033 8.7205 0.000390013 1.14434 0.125498 7.41992 0.0489487 18.3816 1.79446e-05 0.00175567 0.990954 34.226 1.38801 6.01567 
0.355088 0.000226382 0.138233 0.0179997 0.0578253 3.98946 0.0014643 2.60908 0.0122831 0.0429451 7.93174 369.882 3.41779e-05 0.00695823 1.58973 11.4652 2.72576 0.77542 
0.214289 2.39978 0.00120145 3.17532e-05 1.60796 117.61 0.217568 1.0168 0.0842474 4.44728 5.59675 219.97 0.00882592 0.0018501 0.938751 17.2687 1.89812 3.52941 
0.000680404 9.99472e-05 0.000221132 5.83164e-05 0.00891265 0.654783 0.0502648 4.75455 0.219714 13.9357 4.18641 101.368 0.0779078 5.57209e-05 1.38128 48.9529 2.44058 0.924014 
0.740879 0.00310591 0.24636 0.022978 0.00149351 0.0249517 0.000245288 1.79552 0.0977974 0.570576 0.336761 294.578 0.000677168 0.00362148 3.30715 29.6493 1.61217 0.460011 
0.0103903 0.0581143 0.00258528 0.055525 0.0376134 330.762 0.0477864 1.58822 0.0185435 0.0211942 0.22406 399.965 0.0285342 0.0299051 1.16674 9.4531 1.50472 1.81167 
0.00773659 0.000400896 5.02109 0.000297999 0.00189587 0.313444 0.675283 0.156363 0.0281155 0.232377 6.4696 183.94 0.0241152 2.89414e-05 4.04338 6.79266 1.14434 1.90445 
0.00589283 0.115747 5.16515e-05 0.143357 0.89812 1353 1.73849 0.710496 0.427345 160.847 7.05079 72.1607 7.60068e-05 0.000166038 1.25449 45.5877 2.26446 0.734946 
0.000190524 0.753047 0.000202001 0.0093764 0.000537666 0.142708 0.993701 1.23768 0.332805 0.312438 0.00879277 159.842 1.02771e-05 0.00692195 2.16996 38.3706 1.13165 2.10488 
0.00563811 0.109815 4.64661e-05 0.719393 6.28596e-05 0.0956711 0.000624554 2.17847 0.112386 184.945 4.17739 38.0028 8.39146e-05 1.58959e-05 1.03091 39.309 1.05281 3.49629 
0.52923 0.0767299 3.18441e-05 0.00376398 0.00149758 330.408 0.0279387 3.13825 0.0642264 4.48826 2.6858 121.962 0.000743518 0.00813878 3.05968 14.078 1.37094 3.7738 
0.00187005 0.00102716 3.16387e-05 1.09031e-05 0.000581492 0.0232539 0.14319 1.48834 0.036615 0.466671 0.606417 233.373 0.00105945 6.37808e-05 0.94318 24.2284 2.66232 0.748934 
0.313133 0.174695 0.000596994 1.93467e-05 8.47143 0.244541 0.285339 0.166278 0.0655923 0.0936326 0.0360926 242.982 1.12056e-05 4.84428e-05 2.73879 12.8755 1.09324 1.02862 
0.0674402 0.0156211 0.225084 0.000156767 1.64741e-05 1.62678 0.000410591 1.20093 0.0158811 0.117877 2.16229 66.6249 1.5768e-05 2.25513e-05 1.71408 32.4163 1.60996 7.27579 
0.00464784 0.772139 0.00610833 0.00198438 8.97918e-05 1011.95 0.00244225 0.485556 0.243971 0.250026 0.0186892 317.802 0.0235719 0.000539952 5.51641 16.8872 1.15166 1.36282 
5.51887 0.000664241 0.00190821 7.96641e-05 0.236472 1.78623 0.000472186 1.31669 0.202749 0.123458 0.00250807 22.7625 0.000497548 1.21043e-05 2.05159 21.0049 0.97882 8.36688 
0.958866 0.0154612 0.166178 9.75412 2.73013e-05 0.0671973 2.68845e-05 0.213083 0.110193 3.01361 0.186858 94.6617 1.56899e-05 0.0288254 6.85034 39.5825 1.1606 1.65283 
0.00065359 0.026309 5.57429e-05 5.32251 0.00107639 0.530054 0.00260192 0.405303 0.794946 7.6455 0.0365673 478.542 0.00205599 0.00541801 1.12237 10.9915 4.44953 0.767052 
0.00135826 9.73738 0.00426895 1.95422e-05 0.00335553 0.350582 0.00735666 1.80072 0.0350845 0.968533 7.88657 174.861 0.0157354 0.00755445 1.04201 6.64526 2.58064 2.32145 
0.000331111 1.61628 0.000179916 0.939025 4.13454e-05 322.359 0.00201883 2.40126 0.073798 3.37793 1.4088 270.72 0.00562132 2.3718e-05 1.58408 11.0279 1.51825 4.50426 
0.000178221 0.872066 0.0196537 7.84868e-05 1.57268 7.06418 0.0153442 0.112106 0.00592024 0.0184245 1.81556 282.87 0.000481639 0.013497 1.09444 4.47649 2.94085 3.04671 
0.00607559 0.00737786 9.58841 0.0014609 0.0965978 0.0100986 0.020696 0.0812408 0.00786305 0.0272693 0.664974 38.6718 0.000622632 0.0135484 4.5861 39.0567 1.00082 3.73482 
0.0014338 0.0177396 0.000208315 0.000103731 2.2548 0.0806199 0.00755084 6.90421 0.373859 1.26807 0.100873 493.056 0.159473 0.00304862 2.31562 3.33135 1.66034 6.61247 
0.0690998 2.33856 0.000184783 5.56662 1.41234e-05 64.6782 0.000281264 1.07857 0.00941841 0.0548849 2.92977 74.9748 4.59043e-05 0.000573881 1.2477 30.4905 1.2036 1.18225 
0.0058159 3.66401e-05 3.93581e-05 0.201154 0.000192007 51.5283 0.000350936 0.124257 0.245702 32.5319 0.264274 102.132 3.80495e-05 0.00170938 1.33818 14.5602 0.948693 3.18106 
0.790384 0.0574759 0.000335615 0.181565 2.81372e-05 4.6778 0.000456491 2.74053 0.188968 0.100443 0.00542663 292.244 0.0187864 0.000717397 1.25987 30.6676 2.15413 0.339835 
8.66215 0.199388 0.000116471 0.978422 0.820206 363.098 0.00162532 0.809743 0.00178774 0.175954 4.04032 156.737 0.00146492 0.000852279 0.982045 18.6769 2.11165 1.20348 
0.000210003 0.0241165 1.2036 0.213652 0.00705604 747.563 3.78126 7.95042 0.522046 95.1927 0.742472 234.197 7.44332e-05 1.01718e-05 0.961924 18.5458 1.54816 5.34609 
0.000563099 0.399055 0.106796 1.66748 0.00354643 551.432 0.000299256 1.29573 0.0336317 0.280545 0.595511 420.322 0.058659 0.0113247 1.8836 5.82469 1.41094 6.60147 
4.80412e-05 0.349376 0.0256192 0.000727532 0.0029909 5.17945 0.00397524 0.404928 0.522213 1.44033 0.019969 298.047 0.0112802 0.0249667 2.56418 44.5723 1.62873 0.338505 
5.56416 0.0119811 0.000632393 1.9645 0.00317553 1850.84 1.54491e-05 0.613858 0.642946 31.6159 0.550374 206.22 0.000147074 1.02961e-05 4.30285 14.0845 1.19378 1.133 
0.00172723 2.52786 1.52182 1.77234e-05 0.00429926 2538.9 0.00050937 0.560955 0.84017 3.37119 0.0596618 149.293 0.0604635 1.60028e-05 1.64913 6.55496 1.42187 5.42874 
1.01983e-05 0.00735088 5.69402e-05 0.000854458 0.135486 1207.64 0.0108548 0.406676 0.0745132 0.0525683 0.0168392 184.753 0.000562004 0.0155636 1.12045 6.97411 2.3888 3.36849 
2.28861e-05 0.635287 0.00475213 5.04771e-05 6.32923e-05 2.81091 0.000868424 3.45417 0.108336 0.0849671 0.0469253 401.392 3.85337e-05 0.0109036 2.1026 24.3354 1.14213 2.11357 
0.189978 2.07466e-05 1.57655 0.0277325 4.03504 0.271191 0.000991099 2.17431 0.244238 3.36809 0.0412069 353.969 0.0108921 0.000283621 1.3056 9.48324 1.74033 1.70004 
2.87211e-05 1.80754 1.03767e-05 0.0198902 0.363267 0.205327 1.92338e-05 2.30418 0.121069 2.23948 0.0796441 83.6359 1.26817e-05 3.47178e-05 1.30804 12.3016 1.53483 5.9222 
1.06513 0.450344 5.06123 0.176816 0.946324 13.5301 0.00370744 0.0357701 0.218035 107.422 1.28867 204.137 0.000828521 2.73021e-05 1.45954 19.442 2.12371 0.540306 
7.62837 0.131167 0.00049408 0.000425038 0.0338114 2027.67 0.000264797 0.24546 0.0388707 34.8739 5.10839 418.127 0.0148313 0.00253335 1.29638 6.05256 2.02004 1.11249 
