-171.4832679
-171.469386
-171.4689075
-171.4671936
-171.4660587
-171.4648297
-171.4571825
-171.4569206
-171.4443714
-171.4357028
-171.4329559
-171.4251124
-171.4203995
-171.4148186
-171.414182
-171.4131793
-171.4115786
-171.406458
-171.3971258
-171.3850995
-171.380574
-171.3793585
-171.3765814
-171.3755906
-171.3742096
-171.3648248
-171.3634043
-171.360636
-171.3605177
-171.3563659
-171.3538871
-171.352637
-171.3481318
-171.3417278
-171.3416501
-171.3353553
-171.3294984
-171.3270238
-171.3252152
-171.3251504
-171.3138583
-171.3104998
-171.3014998
-171.2992218
-171.295881
-171.2905946
-171.2886975
-171.2830314
-171.2819198
-171.2759389
-171.2714297
-171.2675279
-171.2669007
-171.2651156
-171.264261
-171.2632136
-171.2626591
-171.2617731
-171.2531148
-171.2512067
-171.2467796
-171.2369393
-171.2186511
-171.214425
-171.2115572
-171.2114813
-171.210828
-171.2038083
-171.1974064
-171.1925409
-171.1896468
-171.1827419
-171.1705852
-171.1662194
-171.1643121
-171.1626242
-171.1609664
-171.1597597
-171.1559804
-171.1491808
-171.1394864
-171.1257828
-171.1257122
-171.1252053
-171.1241753
-171.1194407
-171.1189168
-171.0959643
-171.0933789
-171.092439
-171.0896484
-171.0875498
-171.0844537
-171.0809738
-171.0797354
-171.0773186
-171.0659658
-171.0556278
-171.0438075
-171.0322104
-171.0316815
-171.0217893
-171.0176947
-171.017467
-171.0159776
-171.0154229
-171.0082716
-171.0079998
-171.007236
-171.0038531
-171.0002094
-170.9993467
-170.9970664
-170.9962192
-170.9841234
-170.9791794
-170.9729191
-170.9616395
-170.961013
-170.9589609
-170.9572883
-170.9433561
-170.9425213
-170.9392617
-170.9377923
-170.9344339
-170.9335004
-170.9206348
-170.9074642
-170.9008662
-170.8964402
-170.8883072
-170.8573326
-170.8516913
-170.8456606
-170.8429014
-170.8416747
-170.8334873
-170.8316227
-170.8310419
-170.8159235
-170.8125359
-170.8115508
-170.8017584
-170.7978718
-170.7971538
-170.7960641
-170.784188
-170.7837453
-170.7684019
-170.7676979
-170.7606316
-170.7589329
-170.758258
-170.7527897
-170.7406189
-170.7309895
-170.7300303
-170.7260639
-170.7245786
-170.7224855
-170.72126
-170.7167008
-170.7162318
-170.7060168
-170.6893786
-170.6879809
-170.6843135
-170.6824343
-170.6699535
-170.6687672
-170.6668343
-170.6628793
-170.661628
-170.6580743
-170.651129
-170.6458294
-170.6414382
-170.6339313
-170.6331977
-170.6271383
-170.6054036
-170.5789336
-170.5711664
-170.5686052
-170.5615974
-170.5579188
-170.544723
-170.5414383
-170.5412624
-170.5398068
-170.5389677
-170.5268166
-170.5193267
-170.5173127
-170.5112266
-170.5018508
-170.4897107
-170.4893271
-170.4727317
-170.4705511
-170.468903
-170.4666127
-170.4642733
-170.4636913
-170.4453276
-170.4441816
-170.4384114
-170.4345838
-170.4308173
-170.426555
-170.4188092
-170.4182556
-170.4090182
-170.4041741
-170.3986289
-170.3770098
-170.3683413
-170.3657237
-170.3618865
-170.3617246
-170.3614209
-170.3462682
-170.3234088
-170.313417
-170.299278
-170.2990225
-170.2787327
-170.2714842
-170.2697378
-170.2586877
-170.2550971
-170.2532537
-170.2392705
-170.2369078
-170.2292128
-170.2133905
-170.1984825
-170.1953756
-170.1874214
-170.1863212
-170.1860052
-170.1808776
-170.163106
-170.1523297
-170.1391923
-170.1208616
-170.109913
-170.0989688
-170.0795791
-170.0786226
-170.0657076
-170.0614538
-170.0566905
-170.0514965
-170.0331803
-170.0289308
-170.0096072
-170.0086111
-170.0068293
-170.0053694
-169.9980788
-169.989384
-169.9693537
-169.9650995
-169.96143
-169.9549427
-169.9480214
-169.9478682
-169.9463597
-169.9377574
-169.9272516
-169.9062696
-169.9002676
-169.8993289
-169.8958204
-169.8896051
-169.886841
-169.8736554
-169.8565836
-169.853826
-169.8517937
-169.8491383
-169.8468133
-169.8459331
-169.8407096
-169.8260764
-169.8259962
-169.8121343
-169.8118462
-169.8105986
-169.8092754
-169.7739958
-169.7521685
-169.7186347
-169.7134538
-169.6813619
-169.6726683
-169.660636
-169.6598133
-169.6486672
-169.639102
-169.6337965
-169.6257555
-169.6203649
-169.6160734
-169.5935168
-169.5877279
-169.5813112
-169.5734291
-169.5694073
-169.5607594
-169.5584754
-169.5556176
-169.5465426
-169.541429
-169.5335719
-169.5219261
-169.5204705
-169.5140132
-169.511068
-169.484406
-169.4611057
-169.4321087
-169.4265975
-169.4183241
-169.4139969
-169.406439
-169.3926484
-169.3840466
-169.3718179
-169.329308
-169.3235095
-169.3076099
-169.3043185
-169.3013285
-169.2956905
-169.2894015
-169.2876781
-169.2753909
-169.2713053
-169.24512
-169.2312574
-169.2096634
-169.1716445
-169.1715381
-169.1473481
-169.1459189
-169.1278044
-169.1208992
-169.1126885
-169.1040506
-169.0981883
-169.0887866
-169.0714165
-169.062848
-169.0233574
-169.0024261
-168.9955192
-168.9940602
-168.9923406
-168.9693631
-168.9417935
-168.915218
-168.9151755
-168.9148435
-168.8805403
-168.8769878
-168.8703656
-168.8677266
-168.8506895
-168.8485746
-168.8384395
-168.8050468
-168.7988527
-168.784005
-168.7492123
-168.7431944
-168.7142655
-168.7109949
-168.7048534
-168.7031847
-168.6983729
-168.6979689
-168.6745929
-168.6556432
-168.6365262
-168.6107182
-168.6030094
-168.6000118
-168.5694146
-168.5674253
-168.5616553
-168.5558052
-168.523468
-168.5218369
-168.5031131
-168.4920098
-168.4050397
-168.3914635
-168.358997
-168.3510174
-168.3404157
-168.2738226
-168.2715488
-168.234559
-168.2312486
-168.2281551
-168.2275982
-168.2166913
-168.1992847
-168.1985983
-168.1981626
-168.1950462
-168.1645489
-168.1569759
-168.1545415
-168.1448485
-168.136378
-168.1157269
-168.1077481
-168.0964479
-168.0624815
-168.0505544
-168.0446383
-168.0198354
-168.0191459
-168.0171257
-168.0061054
-168.0014333
-167.9909184
-167.9602518
-167.9011894
-167.9004454
-167.8964493
-167.8859587
-167.8841808
-167.8734815
-167.8620601
-167.8229315
-167.8127413
-167.7794409
-167.7673652
-167.7488365
-167.7392422
-167.738108
-167.6891598
-167.6517213
-167.6419251
-167.5486071
-167.5289555
-167.5241084
-167.5057198
-167.504989
-167.5002729
-167.4891216
-167.4791356
-167.4303624
-167.4197147
-167.3943566
-167.3515163
-167.3349912
-167.307847
-167.3017731
-167.2640916
-167.1286686
-167.110297
-167.0910201
-167.0868353
-167.072451
-167.0605372
-167.0327802
-167.0224653
-166.7455972
-166.7436066
-166.7135774
-166.6797949
-166.6410846
-166.6153445
-166.6087629
-166.5380345
-166.4974578
-166.4866751
-166.4717114
-166.4529194
-166.4523993
-166.3844943
-166.3408195
-166.3185678
-166.2769656
-166.2724426
-166.2163021
-166.1061379
-166.0259952
-165.174871
-165.048461
-164.7605273
-164.722985
-164.637472
-164.5860044
