-10042.37735
-10038.12051
-10034.10483
-9993.497759
-9967.867651
-9955.409994
-9942.269295
-9940.894565
-9913.137496
-9909.337917
-9908.026372
-9892.328924
-9881.438447
-9879.91101
-9857.304057
-9838.34475
-9827.643718
-9813.741439
-9813.705764
-9803.326345
-9797.213898
-9784.688735
-9765.00174
-9762.997284
-9758.140025
-9756.340452
-9731.628988
-9692.932909
-9665.329787
-9648.165638
-9546.300091
-9517.897642
-9505.681036
-9503.697848
-9490.320657
-9475.253925
-9471.394884
-9468.274591
-9460.493632
-9442.51626
-9384.565842
-9382.116884
-9378.883226
-9368.070305
-9352.038384
-9345.917182
-9341.28854
-9341.222253
-9340.30773
-9332.988003
-9317.924433
-9306.537633
-9287.676706
-9281.890371
-9273.961605
-9256.508854
-9252.313342
-9232.884252
-9226.585579
-9219.961489
-9190.899706
-9190.090625
-9185.197445
-9168.392677
-9156.521697
-9149.9339
-9146.874035
-9122.018511
-9115.56496
-9098.536573
-9084.237568
-9082.614383
-9045.08917
-9041.916697
-9024.161031
-9010.492409
-9001.451147
-8998.816206
-8984.102199
-8950.379122
-8949.795656
-8939.147778
-8905.412344
-8904.862944
-8901.73911
-8893.931356
-8869.728178
-8863.590238
-8851.762577
-8848.577419
-8825.358664
-8802.033431
-8780.663076
-8776.599956
-8772.501276
-8763.035124
-8758.041197
-8741.02756
-8740.248896
-8731.747953
-8724.805159
-8716.377601
-8709.566638
-8704.813072
-8695.237319
-8684.353482
-8664.07985
-8648.482139
-8638.300327
-8615.568198
-8595.572885
-8587.139577
-8547.654506
-8524.494653
-8499.243157
-8461.515016
-8458.931878
-8450.691764
-8436.120457
-8414.670123
-8402.776755
-8402.167029
-8399.728445
-8378.040359
-8366.479322
-8353.436951
-8352.69792
-8344.151693
-8325.571579
-8321.280139
-8315.928645
-8294.404654
-8291.134985
-8268.480988
-8248.594039
-8239.249488
-8236.157156
-8232.591953
-8231.907369
-8223.730867
-8188.822495
-8188.374698
-8168.740266
-8161.209106
-8157.818978
-8156.075924
-8146.027934
-8114.611072
-8086.053843
-8076.152781
-8048.059615
-8001.919528
-7965.298698
-7936.377356
-7922.929374
-7918.966374
-7911.973779
-7906.880622
-7900.200029
-7898.721467
-7859.683908
-7849.541227
-7847.544727
-7844.488618
-7832.977543
-7832.48543
-7829.957718
-7829.527554
-7786.441201
-7755.658784
-7703.335135
-7684.309837
-7638.003765
-7610.7564
-7595.609362
-7580.881422
-7575.572953
-7573.138845
-7566.976881
-7559.363846
-7557.11962
-7554.422679
-7553.356455
-7522.24104
-7461.010397
-7445.088653
-7421.405427
-7420.405547
-7407.232848
-7387.560056
-7383.864288
-7373.145416
-7372.148736
-7365.290187
-7342.010644
-7339.645725
-7333.228293
-7332.808535
-7320.335434
-7307.79555
-7302.696409
-7272.245358
-7264.600611
-7262.901746
-7241.222053
-7199.782805
-7164.035167
-7066.595764
-7061.589978
-6988.70229
-6983.228806
-6968.985727
-6953.053424
-6943.819759
-6942.963616
-6924.790818
-6909.060194
-6895.860152
-6875.830526
-6843.929093
-6835.3046
-6801.835312
-6790.465146
-6766.364083
-6702.083254
-6696.857759
-6696.392252
-6694.143409
-6664.445016
-6662.186913
-6619.896642
-6606.433391
-6599.533091
-6558.326419
-6547.316078
-6507.024734
-6498.13576
-6495.571554
-6495.328534
-6480.125741
-6468.843068
-6465.567776
-6465.29812
-6404.275471
-6390.362233
-6371.415269
-6329.424488
-6309.110963
-6303.679057
-6296.579071
-6282.423568
-6273.352069
-6264.369706
-6244.519883
-6241.758419
-6231.909554
-6215.518632
-6199.588299
-6189.880511
-6163.845309
-6162.581477
-6156.085377
-6146.56232
-6142.016655
-6133.791167
-6132.668368
-6091.753949
-6048.886166
-6042.94979
-5980.327772
-5921.469248
-5903.837596
-5868.039881
-5850.452114
-5836.925527
-5799.644361
-5798.025468
-5786.235851
-5753.551542
-5687.072866
-5677.08547
-5667.200404
-5642.893891
-5617.790261
-5594.657279
-5528.710805
-5494.829995
-5451.979062
-5342.098884
-5334.514176
-5320.064978
-5220.945897
-5176.685538
-5170.052045
-5162.350499
-5142.733421
-5125.517707
-5101.212717
-5095.312017
-5081.390099
-5044.350993
-5034.560482
-5030.040059
-5023.769203
-5013.164173
-4999.058957
-4995.239327
-4982.37321
-4959.334676
-4957.467849
-4942.957778
-4921.657149
-4919.793364
-4856.140564
-4852.010525
-4846.094376
-4833.892586
-4798.916604
-4785.181483
-4779.867518
-4778.775058
-4761.516139
-4729.561724
-4684.109434
-4674.425511
-4637.696052
-4624.555426
-4624.39404
-4619.196799
-4615.986684
-4500.053312
-4473.064792
-4442.543407
-4432.406244
-4431.740262
-4408.423733
-4375.760757
-4257.267103
-4189.49263
-4137.974531
-4132.999571
-4132.569197
-3994.640488
-3991.744738
-3982.176009
-3967.52395
-3955.003947
-3923.964776
-3918.191519
-3896.449476
-3868.966529
-3828.506336
-3818.717802
-3773.904102
-3746.53521
-3744.908785
-3725.3222
-3714.06516
-3698.289227
-3688.905484
-3687.869434
-3665.164618
-3663.180704
-3599.155634
-3540.807236
-3540.607084
-3529.846074
-3522.040043
-3506.284743
-3496.983492
-3481.231348
-3443.857435
-3398.478786
-3370.009628
-3317.061577
-3309.001895
-3282.767255
-3281.343744
-3259.921609
-3210.486322
-3206.280823
-3187.762401
-3117.431965
-3106.561393
-3047.452644
-3022.246804
-2967.389396
-2922.185979
-2915.542571
-2901.358114
-2883.161947
-2855.381468
-2852.938314
-2846.75703
-2802.43309
-2769.045443
-2687.86332
-2670.670847
-2653.722256
-2630.200287
-2534.14135
-2527.29186
-2514.586307
-2483.201608
-2463.791061
-2460.980399
-2453.326366
-2423.038486
-2362.735273
-2353.735775
-2332.163941
-2314.422401
-2255.790693
-2243.135896
-2238.173239
-2230.270239
-2222.710299
-2205.643573
-2166.890037
-2151.98558
-2089.639632
-2085.454046
-2079.349217
-2045.521356
-2031.774644
-2018.036205
-1953.366537
-1938.588255
-1926.545248
-1921.968848
-1896.645029
-1819.501719
-1791.772685
-1755.425724
-1699.419911
-1695.904695
-1625.457241
-1603.788093
-1601.044358
-1576.601337
-1532.299362
-1502.008427
-1475.540994
-1424.372888
-1422.141689
-1395.116401
-1379.580139
-1359.498865
-1348.703407
-1338.341526
-1337.291703
-1330.456761
-1311.13738
-1272.521922
-1257.779079
-1251.045921
-1231.013853
-1225.021811
-1221.808544
-1199.113978
-1190.47562
-1188.159948
-1165.81447
-1121.997808
-1101.249347
-1095.550477
-1092.010447
-1091.247082
-1049.534262
-988.5060753
-839.0943163
-754.7792897
-656.3253421
-650.6258953
-643.4688027
-626.1649103
-608.1337949
-601.441571
-524.5055734
-512.0323254
-505.3446501
-503.3037042
-470.1199158
-456.5539482
-397.4685417
-375.6546585
-373.3424351
-336.0576039
-332.8767376
-318.3987183
-267.0167985
-265.6709141
-255.2475953
-253.9525237
-207.9734964
-207.2181909
-194.7841269
-193.3070056
-185.706188
-170.2550971
