1.40175 0.000156184 0.837587 0.000330075 1.87125 53.1514 0.0278201 3.11105 0.00161186 0.0495226 0.0178886 0.12422 3.37753 0.0941741 0.00384406 0.0322488 0.000327191 4.78282e-05 
8.08925e-05 0.00222731 0.269611 0.00077732 0.0895297 8.08074 4.99399 0.0446938 0.00029121 0.666639 0.736043 0.544113 0.000657619 0.0120117 0.0699091 0.010456 0.13907 0.0144197 
2.05975 0.00022351 9.45583e-05 0.187378 0.00985725 0.0421935 0.0806337 3.48875 0.0119443 0.386204 1.21209 0.0297841 0.000552513 1.08127e-05 0.00275684 0.010117 0.000545177 0.0441991 
2.00029 7.91977e-05 9.53317e-05 1.16797e-05 0.0230169 15.4107 0.00564637 0.979223 0.00473197 0.216899 0.00350758 7.60947 0.00256171 0.0136794 0.000469268 3.39155 0.00224058 1.02114e-05 
0.000508644 7.98571e-05 0.250149 0.0478508 0.308714 0.415695 1.54769e-05 1.40635e-05 0.00128449 9.90943 0.00280213 35.0518 0.794492 0.0300554 2.72968 0.0482324 3.08128e-05 0.00284227 
2.81668e-05 0.139903 0.0424663 3.37801 6.73906 641.36 0.00280541 0.0378326 0.0961578 3.77275 0.000171174 8.80949 0.146687 0.000346376 0.00114042 0.806189 0.0209094 0.00353049 
0.0279074 0.0964209 8.32107 7.90638e-05 0.00846376 406.377 0.0136264 0.0392415 0.0293061 42.5015 0.00376629 6.0388 0.0108479 2.63234e-05 0.599389 0.399754 0.000111579 0.0438161 
0.000255101 2.32243 1.10284 1.20717e-05 2.73972e-05 3.99764 1.92286e-05 0.806745 0.0483216 1.65179 0.00166742 5.80339 0.00107708 3.29153e-05 0.00114944 0.503963 3.44384e-05 0.121478 
0.0101989 4.16326e-05 0.0680439 0.00872672 0.3799 2.27494 0.00540119 0.0345123 0.00922013 14.8372 0.18253 2.66657 1.53979 0.101309 0.0492024 35.3469 0.197971 3.96433 
0.000702229 2.54987e-05 7.35976 0.000162444 0.000450798 1.34316 1.98467e-05 0.033848 0.579995 396.976 0.00516669 94.5607 2.21141e-05 0.000462835 0.0211177 1.90944 0.211431 0.000246958 
3.08891 0.663331 0.00852148 0.000149054 0.000140965 9.56236 2.44444e-05 0.161866 0.92737 31.2773 0.00193626 2.33756 0.00731669 0.0283334 1.67957 0.0128623 0.000345098 0.00238154 
0.000451343 0.00124793 0.127973 4.04289 0.921526 18.3186 5.10176e-05 7.52524e-05 0.0200076 0.0251435 0.0309573 0.0983345 1.50184 0.000245892 0.000766524 0.0202634 8.93087e-05 0.000201268 
0.00402438 0.000201097 7.82723e-05 5.20926e-05 0.000744558 31.6607 1.09377e-05 8.24277e-05 0.0320596 0.112077 1.34813e-05 7.93906 0.0544259 0.000797861 0.0294068 17.034 0.687374 8.69794e-05 
3.65761e-05 0.498159 0.391058 8.51098 2.97625e-05 2.6159 0.0542886 0.00671012 0.0190854 5.30476 5.14953 2.82548 0.00237378 0.000167709 1.14252e-05 1.71017 9.59684 0.00142807 
0.00035035 1.18715e-05 0.00119563 6.65344 0.000151924 117.39 8.06793e-05 0.280431 0.000489264 0.0529881 4.47844e-05 0.0515628 0.00156698 0.129979 4.94546e-05 0.0346968 0.000713645 1.47549e-05 
0.000350873 0.000243232 0.066501 0.000186815 0.00915113 0.10352 5.81853 0.0246034 0.0100839 10.1949 0.00232644 0.0328759 1.74913 0.00316469 5.0341 0.277218 3.05814e-05 0.00481717 
6.22931 2.06996e-05 0.544394 1.20871e-05 0.00503851 561.054 0.759595 0.483035 0.00219109 1.56325 0.00245462 44.6239 0.00124943 0.00325685 0.00625571 2.64929 0.000133388 2.8668e-05 
0.296915 0.000616301 1.29391 6.02853e-05 0.0043474 0.0269874 0.000570815 0.00192511 0.0412195 0.0219625 0.000507122 0.0101738 0.0160402 0.0152907 4.55605e-05 2.61853 0.103919 2.56734e-05 
0.0070773 0.00727705 0.00195476 0.00112851 6.11843 5.18752 0.0612726 0.0755761 0.302359 29.6702 0.946931 2.40519 0.0606629 0.00177796 5.0544e-05 1.24713 0.23368 6.73101e-05 
0.111734 0.00135679 7.23537 0.0391509 5.12371 0.886794 1.44264 1.77555 9.31661e-05 2.15434 1.45173e-05 4.13208 7.03022e-05 0.000491428 0.577135 0.536708 6.39659 1.03807 
8.50079e-05 0.000227583 0.00328237 4.91324 2.07461 59.483 0.00108217 0.00212627 1.00609e-05 20.7227 0.0673965 0.0311414 0.000475095 0.0047047 0.000298852 0.557042 4.77031 0.0107196 
0.0812706 0.000369776 0.00237049 0.0233243 0.0016432 13.0884 0.134016 0.0820207 0.812575 0.332015 4.087e-05 3.90899 7.0968 0.05605 1.55183e-05 0.037059 1.45437 0.000284654 
0.150002 0.000685564 0.333722 0.00196064 0.000134681 67.4189 0.0132563 7.84047e-05 0.342579 2.51292 0.00968977 0.0345111 0.00548183 0.267246 0.00247614 0.16667 0.158303 1.65655e-05 
6.41059e-05 8.64445e-05 0.00021964 0.0235663 0.76933 5.96333 0.00269722 0.000175013 0.864245 0.451075 0.0143431 0.048445 2.78719 0.0254738 0.00198831 31.891 0.00371409 0.083099 
1.83501 0.015088 0.63824 9.47975e-05 0.0107734 0.475628 0.491565 0.0487186 0.00196829 128.741 0.0141157 345.633 3.40021 0.000158692 0.423746 0.914551 1.29335 0.00817521 
0.000217301 0.000161346 0.00638584 4.69102e-05 0.00353809 13.2366 0.412656 0.00305575 0.220288 0.0332686 2.07813e-05 1.3236 0.0041496 0.0111799 0.00317868 0.177529 0.022186 0.000347294 
8.20938 0.00031168 0.00302211 0.000905664 2.74213 2698.4 0.0310325 0.0344091 0.00467874 0.125711 3.18614 0.104888 0.0115297 0.0121883 6.72257e-05 25.6878 8.30601 5.01165e-05 
1.64537e-05 0.00053722 2.57324e-05 0.324475 0.00412202 58.7529 0.0255675 4.08084e-05 0.202541 0.422341 1.65068e-05 0.0231461 0.000332521 0.000126385 2.98559 2.64154 3.58443e-05 0.050627 
6.48335e-05 4.53238 0.000930643 0.0777017 0.00475778 371.452 2.4992 2.28074e-05 1.09275e-05 1.5524 0.0375655 24.765 0.000325687 0.00205836 4.23544 0.073043 0.0117437 0.358487 
0.000308266 0.0654814 0.0549536 0.772974 0.331165 0.224084 0.0171863 0.00492325 0.00236577 1.22874 0.0159834 0.852219 1.96882e-05 3.29036e-05 0.0063502 27.9103 1.24829e-05 0.00013656 
0.00041092 4.1497e-05 4.86924 0.343994 0.000162997 965.349 0.159571 0.00139527 0.0384981 0.0618845 0.00805328 9.34373 3.93338e-05 0.00402199 0.29649 2.40518 0.000963399 6.85161e-05 
0.00203528 1.78779e-05 0.00055345 6.03712e-05 0.0113566 0.0761634 0.00418959 1.91517 9.33568e-05 21.5235 0.00199098 0.488536 3.28731 0.0022249 0.000393708 38.6524 6.87339e-05 1.63491e-05 
4.88008 2.28997e-05 0.0038941 1.35043e-05 0.0271052 0.314919 0.0390715 0.323615 0.0734384 355.616 6.90338e-05 0.0313542 2.41807 0.0185559 0.177701 0.166147 4.96862 0.0182137 
0.05314 0.00288589 0.00322932 0.059306 0.0301152 2034.01 0.000303239 0.00966628 0.00128805 0.02954 7.67818 0.714081 2.2304e-05 0.0184602 1.29541 0.017085 2.01725 0.0773737 
0.00326052 4.80104 0.000156935 4.06584 0.0363833 0.754333 0.000193354 3.48016 0.0944588 14.393 0.00286455 5.69137 0.0921703 1.80133e-05 1.4668 0.599115 4.97572e-05 0.0950304 
3.80737e-05 0.146144 0.014531 0.00053485 0.00282537 299.384 1.58136e-05 0.00200749 0.00646359 30.5549 0.0001578 0.0375352 0.0658397 0.00192641 0.60953 0.116463 1.15575e-05 0.0177365 
0.000647985 0.659785 0.0157803 4.64736 0.00392597 1.69435 0.0504682 2.15626 0.000657997 0.0286211 0.000422492 2.30241 1.87856e-05 8.55514e-05 0.00273242 0.186151 1.02224e-05 0.0123508 
0.0899483 0.00139389 0.849202 0.0184134 0.0136185 2743.28 0.00440579 0.000349482 2.66822e-05 61.8959 0.000221225 482.54 1.96987e-05 5.80223e-05 8.04174 0.0504106 0.00395104 9.23516 
8.17206e-05 0.547568 5.25431 0.00581943 7.82059 0.174235 0.0425717 0.000639953 0.000394527 52.7299 0.00302363 1.13087 0.0195335 0.00951221 1.83588 1.9047 3.04252e-05 4.941e-05 
8.18207e-05 0.0932079 0.0155334 0.00172074 0.0202047 0.0153541 0.00258749 0.00168279 0.519668 0.0477272 0.00188763 0.0133595 0.00010539 0.00513023 2.44472 0.0177984 0.245757 1.11454 
0.471822 0.0105264 0.000110055 0.114156 0.000212071 118.992 1.56645 0.280854 0.250069 0.461401 8.95003e-05 1.59321 0.161071 0.00197111 0.790772 0.284672 0.0139615 0.000628262 
1.95563 0.461663 0.000162828 0.000169825 0.000612075 0.162177 0.000689335 0.000449708 0.105923 11.0608 0.00752729 147.004 8.74411 4.07205e-05 1.01924 4.03109 0.000110061 1.13298e-05 
0.00477514 0.00461437 0.0248518 3.74644e-05 0.00018095 2.84872 1.61166 2.42396 0.205038 12.2202 3.12648e-05 0.136582 0.000237155 0.0026822 0.00134552 0.956496 9.60515 0.0299543 
0.0703571 9.70547 0.0793161 0.000415738 4.5241e-05 951.514 0.0120103 0.147022 0.222942 3.20063 0.00197508 190.414 4.67526 0.0376463 6.4697e-05 0.0833143 7.4887 0.0564947 
0.000915558 0.539708 7.35542 0.00250391 1.14228e-05 20.0093 0.134731 0.00200266 0.208806 0.217162 0.000349575 0.422845 0.139041 0.500377 0.0385518 0.0218063 6.92029 0.0515334 
1.29858e-05 1.27135 0.00102248 1.22135e-05 6.84486 1659.01 5.25523e-05 1.31551e-05 5.23269e-05 0.0251106 0.24804 0.472414 0.000589905 0.000816444 0.00468967 0.113024 0.00136904 0.00394841 
0.00110387 0.00432899 0.0082818 0.0314001 0.0314928 51.9779 2.00393 0.00146669 0.0159961 0.590728 0.000426537 0.210268 1.81554e-05 0.0169119 2.58346 1.74796 2.62879e-05 0.000880198 
1.34154 0.000209963 8.66348 0.0329854 1.37342 5.20779 0.0376754 1.38006 0.609966 0.0337375 0.0103479 0.145675 0.000223186 2.62224e-05 3.85143e-05 0.115276 2.36039 0.286026 
0.00577625 0.0157672 2.85478e-05 0.000402486 0.702971 0.517051 0.0229519 0.000150731 0.000762313 0.040352 0.00508293 246.828 0.000489203 0.00269037 0.0224602 0.0366899 7.81569e-05 0.0403026 
0.00675459 1.28271e-05 7.119 0.188721 5.55951e-05 299.616 0.00136579 0.0509407 0.166093 80.5594 3.63597e-05 438.062 0.00484908 0.00158541 0.0668685 17.5684 0.0727457 3.5119e-05 
0.137328 0.00104626 3.03562e-05 2.39091 0.201271 1369.34 1.66991e-05 1.71133e-05 0.00023194 15.2995 2.30135 0.0118812 0.000456996 0.294372 4.25079e-05 0.0377937 0.442196 0.00034236 
0.563428 0.461142 0.0335448 0.0885409 0.0003907 158.441 0.0373958 1.0907e-05 0.00239006 8.6527 2.13696e-05 9.42652 0.00846997 0.0205641 0.0867902 1.17532 0.0190083 2.30423e-05 
0.00323066 1.80189e-05 0.00486111 1.28579 2.71307 0.0461325 0.000139481 0.00413087 0.000748442 0.0467849 0.000542652 361.479 1.07387e-05 0.213505 0.00191868 0.0374326 0.00671362 0.000282667 
0.000750982 0.000612733 0.000298042 0.000282894 0.789894 2042.19 0.000269916 0.00220224 2.61438e-05 0.124884 0.155978 1.02678 0.0239184 7.49602e-05 0.230044 0.0540973 0.000323548 0.00145733 
1.09369 5.65746e-05 0.00131661 0.00178584 1.91023e-05 627.776 0.000103068 0.182192 0.00026346 0.698873 0.00789692 6.54798 9.69666 0.00473195 0.00376632 0.509053 0.436644 0.00015196 
0.000153701 0.000613331 0.029893 0.328859 2.03084e-05 1361.3 0.0600143 0.544079 0.361843 0.154372 0.0635946 0.0278885 0.0228398 0.000218937 1.40526e-05 2.63219 0.357109 0.000161075 
0.000252596 0.000932472 1.15825 0.00191743 0.08728 0.425697 0.000161396 0.00579146 0.429862 0.0294702 0.396186 0.0790418 0.00244341 0.000425523 7.07859 24.2445 0.821276 0.000111022 
0.000177272 0.0826414 0.224276 0.00630039 0.0070689 886.443 0.101678 0.000297375 2.28731e-05 0.414814 0.0443062 0.0546153 2.55088e-05 7.32952e-05 0.000763178 19.5452 0.0678803 6.59831e-05 
0.000170314 0.234641 0.00292338 0.00173963 0.754621 4.86343 0.106219 0.00115968 0.00248686 33.9312 0.204231 0.013078 0.0386155 1.07702e-05 4.99918e-05 7.42335 4.12559e-05 0.000400632 
0.000129918 1.75512e-05 0.000870279 0.940064 0.000360075 2.10247 0.0306076 0.00589217 0.000474431 29.6241 0.177226 0.653493 9.71123e-05 0.0485258 0.000344932 1.27924 8.43871 0.108377 
0.00730592 0.000232849 0.403888 0.000119498 0.00104171 15.3061 0.000491675 0.118297 1.55568e-05 0.969212 6.31213 259.67 0.00741612 5.30829e-05 2.08511e-05 1.50004 2.27247 0.00187465 
7.69688 2.36038e-05 1.23153e-05 0.0156649 0.0117386 0.282501 7.65956e-05 0.00436481 0.0204842 263.011 0.000360368 0.0127157 0.603379 0.407544 0.000712565 5.40269 4.99814 0.000126118 
0.00168319 0.0027636 0.0594165 0.000302322 1.97959 1.51587 0.00046098 5.88841e-05 1.18468e-05 9.22095 0.0744067 0.13475 0.518829 0.166215 0.00153447 0.0118992 2.32938 0.0169718 
5.47418 4.97028e-05 0.313533 0.0936433 0.244961 0.236045 0.00215985 0.672715 0.00795897 0.195595 0.776173 0.0885976 0.000841956 0.0224896 0.17875 0.101424 0.305333 0.0062005 
0.123575 0.090762 0.000116465 0.00319945 1.75422e-05 99.8797 0.00529967 1.95637 2.00971e-05 22.9637 1.19028 24.5276 0.00529972 0.00104785 0.039016 0.722695 4.90405e-05 0.000917045 
0.00744163 0.000568565 0.00189174 2.20847 0.423281 1194.6 0.0571589 4.26598e-05 0.272455 0.0271609 2.86491e-05 0.531593 0.000838002 4.77537e-05 5.87698 5.95189 0.00106082 0.214177 
3.88018e-05 0.248483 0.933495 0.00135708 1.01917e-05 35.7661 0.326508 0.0102973 1.15059e-05 0.949759 5.83632e-05 0.127321 4.63289e-05 0.000156948 0.0121645 0.515671 0.22488 0.0576879 
0.191552 0.0568968 5.88268 0.0357755 0.000639341 30.3723 0.00729629 0.0035071 0.12325 9.39297 0.225322 175.695 0.119144 0.282046 0.989043 0.138512 0.104037 7.14466e-05 
7.92563e-05 2.84892 1.0202e-05 1.11494 0.00015441 0.830463 2.02203e-05 0.0012269 9.18333e-05 0.0384401 2.37194e-05 0.0288716 1.34395 0.0177685 3.12578e-05 0.125587 1.6449 0.0128264 
0.000851856 0.0344703 1.98494 0.000168027 1.45488 1180.28 0.000314977 0.00139357 1.94786e-05 1.56276 0.00842609 37.0063 0.000492993 0.0584622 0.0165483 0.024064 0.00266084 0.00211854 
3.9488 1.12675 3.86887e-05 0.0663769 0.00460723 0.03354 0.0299355 1.96203 0.000704108 0.0354285 0.0048953 0.564079 0.00567099 0.181676 4.60161 3.1585 1.09442 0.000230067 
0.0165864 0.0033503 0.000500245 0.160187 1.64579e-05 2.63213 5.83701e-05 5.87786e-05 0.000441002 153.092 0.0101207 0.025732 0.227611 0.0470629 0.00105124 1.45409 0.000260237 5.41791e-05 
0.00126865 0.0477226 6.93815 0.000232081 8.88547 74.4603 0.420797 6.23369e-05 5.58593e-05 0.0175286 0.00241887 65.4089 5.05546e-05 0.00710457 4.51472e-05 0.0595354 2.37963 0.275455 
0.34503 1.37768e-05 1.00704e-05 1.05867e-05 5.78342 0.0176177 8.28769e-05 0.0721471 0.000180991 336.967 0.0161645 0.122192 0.232104 0.00117202 0.0432252 0.0121629 2.61724 6.14395 
0.000425934 5.71839e-05 1.57927e-05 0.00181739 0.000165221 0.0252306 0.000566383 1.58617e-05 0.394691 0.622168 4.48214e-05 0.704404 1.21836 0.00206027 0.000115138 9.15756 0.00015726 5.6544e-05 
6.3828 0.682197 1.78257e-05 3.23299 0.0936148 724.662 0.931674 0.00114904 0.00134413 25.799 0.0079851 0.867668 0.406291 0.112666 1.2583 0.0219794 0.00327125 0.00410107 
0.000701393 3.45381e-05 0.00881934 0.00885032 0.0424751 2.1887 0.000273228 0.422058 0.000548147 0.384674 0.000140042 2.75578 0.0938646 0.00532317 0.542023 0.0570739 0.0102747 0.0133587 
0.00288048 2.88268 0.00124452 0.0168682 0.00511382 0.0352225 0.806409 0.0191123 0.0379005 3.85117 1.14559e-05 273.348 0.00857354 0.0345008 2.74764e-05 49.3015 0.00601505 2.60428 
0.13403 2.79641 3.51786e-05 0.000293703 0.000183355 3.05077 0.251657 2.47766e-05 0.000787909 0.0412911 1.9727e-05 251.55 1.04008 0.000117098 5.96555 1.48263 0.000250104 0.0664043 
0.00144858 0.000995949 0.000103389 0.0238111 4.05561 0.0538582 1.88851 0.000789271 0.102688 96.4893 1.28057e-05 0.637346 0.25159 0.00319118 0.456946 0.0983976 2.43652 0.270925 
0.00153801 0.55913 1.23527 8.29523 0.000155907 40.4294 0.000156323 0.000944878 0.0224521 3.01469 0.00205863 0.064767 6.88993 0.132753 0.00012639 0.20562 7.53566 0.5795 
9.92558 1.44822e-05 0.000377928 0.00276599 0.000568716 2400.34 0.000241873 0.970968 0.223911 19.3034 1.21468e-05 1.36302 4.74735 4.74844e-05 0.00142656 0.278856 3.17508e-05 0.000226252 
3.72199e-05 1.3609 1.39651 2.03999e-05 3.86369 3.53088 2.61691e-05 0.0369052 0.0191505 0.30802 2.05894e-05 0.121551 0.431356 0.466191 0.0645031 0.755878 2.45731 0.00044 
3.25091 0.000290625 0.00428317 0.000116526 0.155311 0.0487263 3.53193 5.72878e-05 0.270072 0.292251 1.26715e-05 1.11387 0.000481159 0.0673084 2.91562e-05 0.881372 0.072666 8.64939e-05 
1.02116e-05 0.00451648 1.4611e-05 3.22853 0.110792 244.474 0.109217 0.257735 7.47616e-05 3.04187 0.000396752 22.7753 0.000284004 0.00497437 0.131671 22.17 2.53998e-05 1.34757e-05 
1.61583e-05 0.000875174 3.14412 0.00230742 0.258309 0.750951 6.86175e-05 2.22731e-05 0.00147055 0.0280791 2.12371e-05 245.335 0.00460269 0.00795674 9.32308 0.0691377 0.188836 0.167385 
0.867533 0.266816 0.121933 1.55058 7.86465e-05 1572.56 1.61506 0.0221052 0.000159995 0.443841 0.0147944 101.381 0.024829 0.00346429 0.00455558 8.5061 1.73876 0.001775 
0.877273 5.7116e-05 1.88725e-05 0.00787326 3.91101 445.093 2.16041 0.462478 0.0673624 1.06748 0.00686617 99.811 8.26219 0.0130833 8.23257e-05 1.03737 6.24676 0.00836891 
0.006984 0.00574716 1.46216 1.31531 0.000325615 32.3674 0.000208232 1.43645e-05 0.000112478 0.390655 0.612461 2.64808 0.860683 0.0325969 0.000190389 0.110727 0.00152285 0.000383622 
0.00150398 0.627655 0.000595671 0.00153608 0.0163363 359.424 0.177682 0.0144097 0.0122814 0.158047 0.000790523 0.636665 1.55543 0.377859 0.00104413 3.65604 0.267587 6.22156 
0.0392856 0.0126764 0.377338 0.000328104 0.0547419 1138 0.0291848 0.00289052 0.0103893 0.392436 6.46504 16.1583 6.38044 0.000790365 0.998233 0.0108284 3.14555e-05 0.000338476 
0.00035288 0.00115559 3.27126 0.00125791 0.120952 955.316 5.21819 0.57583 0.013039 0.159162 1.72024 1.53765 0.0396451 7.29707e-05 0.000207539 0.800678 0.18938 0.000397789 
0.0933175 5.96132e-05 0.15179 0.120496 0.00447661 5.12947 3.09117e-05 0.000343634 0.0269441 59.9746 1.09802 68.1569 0.215124 0.539797 0.0138446 0.0761261 2.45878 0.000996936 
9.23404 0.211084 7.6038 0.131832 0.000327377 2.27736 0.000857647 2.26972e-05 0.0167068 0.0130082 0.000461452 0.0671171 0.000385907 0.00198859 0.000637496 0.0983726 0.0011243 0.0135065 
0.00169616 5.10441e-05 0.94157 0.00825044 0.0883482 0.021658 0.00274713 0.0402104 0.137086 0.0417519 0.000554979 48.2147 0.000238884 0.000160554 9.94659 0.264651 0.00479888 0.00307792 
3.35429e-05 2.25639 1.34711e-05 8.83277 0.0789846 0.0141842 0.000329522 0.825903 0.366846 311.792 0.0202691 17.2664 2.314e-05 0.000154989 0.0857663 35.0141 0.0572833 0.000114733 
0.0104452 0.0198489 2.94932e-05 8.05109e-05 1.19952e-05 0.321863 0.000996384 2.83822e-05 0.00542722 434.258 3.48559e-05 146.752 0.884343 0.00143791 1.01689 9.8775 0.00149531 0.000244909 
0.103827 3.66956 1.47059e-05 0.00066084 0.0474812 368.253 7.19309e-05 0.0141545 1.66516e-05 0.0392365 0.000231343 309.293 0.000943114 0.321712 9.6701e-05 0.325842 3.34408 0.00628677 
0.0146866 0.0358457 1.50981e-05 1.98998e-05 0.285955 0.0151009 0.00311414 0.00329052 0.210771 10.4684 0.000512838 0.020842 5.51515 0.000326656 0.907232 10.3971 1.24061e-05 0.000249804 
0.000145796 7.5297e-05 0.0177005 0.00476203 1.73907e-05 0.0747725 0.0166333 0.865265 1.17119e-05 0.15137 1.57815e-05 42.3209 2.96391 0.000711715 0.00057262 4.89152 0.000180574 0.00128905 
0.0100319 0.000218225 0.640748 0.00189417 1.09368e-05 0.0172835 0.000165949 0.0453381 0.000195359 0.0195631 0.0730023 463.107 0.471451 0.237363 0.000492959 0.221382 1.5313 0.000187989 
0.161773 0.00771995 0.00569307 9.25306 0.00750566 0.0723968 3.73214e-05 0.901305 1.82597e-05 3.07429 4.89092e-05 0.0171022 2.06056 0.00886747 0.647664 33.7336 0.00149345 2.54334e-05 
0.0371361 0.000170345 0.314202 0.000375175 1.16134 1725.93 0.0033429 2.66376 0.000453413 87.4578 0.000339621 8.25195 0.000286875 2.9238e-05 8.65961 7.97487 0.000199654 0.0976121 
0.702501 9.57771 5.3201 3.26744e-05 0.00106571 0.0108086 0.411964 0.18265 0.040114 0.0426203 0.000771218 5.66996 2.67338 0.00158658 1.06135 0.0176674 0.526036 0.067299 
0.00499986 0.422354 7.83025e-05 9.26734 0.000236639 4.83365 0.0353061 2.2773 0.0299496 22.3028 0.00100887 159.866 0.00872248 0.000542684 0.0115078 6.59184 8.74426 1.93936 
2.5695 0.000155512 5.51756 0.473534 0.00492904 34.7455 6.26068e-05 6.46231e-05 0.000290213 0.018519 0.00596418 423.687 0.292256 0.000412628 0.0105568 0.110198 0.803053 0.019608 
8.33656e-05 0.00185075 0.0620293 0.000928211 0.0931771 0.607815 0.00475048 0.0145088 0.00396004 0.816029 0.401922 192.699 0.313235 1.23992e-05 0.332385 1.13902 2.4053e-05 1.83526e-05 
0.0466882 0.0215148 0.000242283 3.91777 0.32998 158.099 0.0115758 0.922474 4.392e-05 0.114804 1.80942e-05 39.5555 7.63259e-05 0.00677576 0.000122409 0.029862 2.26735 0.452427 
0.000732329 0.0484564 0.000729236 3.33206e-05 0.0190213 0.325572 0.159844 0.232522 0.000113356 1.26848 0.00031905 1.48635 0.439262 0.00103497 0.000396082 0.264905 0.00105077 0.00790725 
0.00334067 0.00880277 0.00181412 1.67264e-05 0.00242291 351.644 2.7165 0.031291 0.000950817 1.08104 1.26813e-05 0.574961 0.00346792 0.0256644 3.13225 6.90054 0.155536 0.000158969 
0.0366529 1.03416e-05 0.0576994 0.000574413 2.14664e-05 11.6567 0.00104206 0.0155273 0.0615366 0.0309679 4.73606e-05 413.527 0.000115683 0.0525775 0.152118 0.0399275 8.28874e-05 0.00913152 
0.11812 0.11474 0.000375549 6.64336 5.78402e-05 19.8477 0.000498849 1.40291 0.145049 3.42947 0.00135446 0.434325 1.61619 9.4488e-05 0.192441 0.0315573 0.0986584 0.136584 
0.000247114 0.542605 0.00028595 0.00109975 0.00829142 242.044 0.243168 4.70928 0.0347534 2.06308 0.000501529 2.75392 0.0601659 0.000446541 3.5238e-05 8.49282 2.39478e-05 0.000308829 
0.01281 0.473487 8.14967e-05 0.000172369 3.42185 0.247004 0.00244465 0.000257548 0.283902 37.2009 0.000439701 0.226361 0.000545201 0.169622 4.80775 17.2137 5.61695e-05 1.19944e-05 
5.11148e-05 0.00640151 8.50769 0.0473266 0.00170969 2.36752 3.09723 0.933556 0.629785 1.1134 2.76164e-05 33.5743 0.0170466 2.30687e-05 0.00102882 4.01139 0.000283987 0.239695 
0.0431614 0.000440088 4.16633e-05 0.000737764 0.0172902 3.1933 0.120581 0.00795475 0.0415821 0.271534 2.79304 4.16835 2.24311e-05 0.00129216 0.0376282 3.52468 5.53501e-05 2.00146e-05 
1.73538 0.0112699 1.48406 0.207695 0.00223147 1678.62 0.422728 0.00021886 1.23658e-05 2.02167 0.00482555 0.341226 0.0114076 0.000121571 4.71864e-05 0.0356244 0.00136613 8.94926 
4.19606e-05 0.112687 0.0298259 0.00207431 0.000883971 45.9737 4.78947 3.05268 0.146105 0.134076 0.00013779 0.443517 0.086965 2.15635e-05 0.000841422 0.108989 0.0939716 0.207972 
7.69167 0.0347254 0.183688 1.18036 2.85835e-05 316.352 0.000523173 9.98245e-05 0.458986 14.2908 0.00432729 0.191909 0.0767181 0.0143917 3.05578e-05 0.0652157 3.17249 0.867431 
6.79817e-05 1.42188 2.38572 5.49315e-05 2.58957 0.0545531 0.00219117 0.00135702 0.0708838 0.0929155 1.46123e-05 5.76139 0.0481516 0.00402498 0.522475 0.119448 2.90977 2.22798 
0.000404028 0.0406825 0.000456781 0.0020422 3.55399 0.184445 1.40556 4.55558 0.018635 14.5586 0.370603 0.55074 0.0241041 0.000291784 0.00030239 0.0598684 0.00111883 0.0580155 
0.00110283 6.57763e-05 0.0123248 0.00036159 0.30894 20.9221 0.996369 1.95569e-05 0.277282 9.11161 3.06469e-05 0.254263 0.000164927 0.0246688 0.0612634 0.729901 1.36141e-05 0.000373082 
0.179835 0.00552808 6.45384e-05 0.0116494 2.43135 19.0091 0.00136617 0.0514956 0.000167119 0.022071 0.000663262 0.590691 0.771268 0.00670753 0.0280138 2.03828 0.0016327 0.000284047 
0.656955 0.00343784 0.768688 0.0075467 0.000119278 614.077 0.370545 0.316483 0.00510628 85.9079 0.038788 1.11042 0.00127396 0.00453678 4.54835e-05 0.387652 0.00277217 0.00516087 
1.08685e-05 0.00774796 0.000520615 0.417549 0.00686547 0.0207063 0.000302549 3.83289e-05 2.47062e-05 20.2801 1.85619 8.29396 0.0967253 0.000170226 1.2105 0.706964 1.69309e-05 0.00776425 
0.000489793 0.124487 0.469008 1.19161 7.58882 597.384 0.0278449 0.000471103 0.103148 29.0541 0.0138338 14.1488 0.00746171 0.00155662 0.372201 0.0434592 1.14979 0.641959 
6.4557 0.000132112 0.00272151 0.0203547 0.00245516 1.71991 2.4298 9.96064 2.20933e-05 9.73152 1.66045 8.06638 2.26737 0.000239435 0.000190441 3.35978 3.23336e-05 3.91744 
0.149483 0.000640512 0.00890797 0.000202727 2.40631 0.0401962 0.137281 0.000289785 0.0259133 15.0144 0.467234 1.55374 4.09886 0.000267887 0.0168973 0.0750793 6.80209e-05 0.00124454 
1.98042 1.3139 0.0638912 8.67177 0.000608379 27.8518 0.000236753 0.0611715 0.00077386 6.97569 1.53744e-05 6.0283 0.0027265 0.00127253 0.00123538 3.5426 1.49538e-05 0.000194478 
0.000310124 0.0833323 0.000325255 0.102824 0.0047507 0.103323 2.73145 0.000128353 0.000689667 0.835694 0.0510298 359.363 0.00139575 5.8711e-05 0.00127664 0.216414 0.00185788 0.4048 
0.0139436 9.01402 4.90639e-05 0.0731697 1.00073 628.191 0.000796981 0.000137956 5.57423e-05 1.14132 0.0635582 4.49121 2.46621 0.000604364 0.00537886 1.94674 0.0330447 2.76088e-05 
4.69232e-05 0.000832748 9.98402 0.560014 0.00072297 0.0185401 2.73306 1.69451 0.000198909 0.0392049 0.000701337 0.0139923 0.663423 0.000197967 0.0161522 24.3168 0.000397515 0.000146308 
0.0297888 0.000154417 0.00112577 2.44401 0.000811904 0.362395 1.20258e-05 6.69004e-05 0.00958775 0.275126 1.47507e-05 15.9394 0.971416 0.000231079 1.00559 0.0761239 3.96729e-05 5.57742 
0.407558 0.0173811 0.86726 0.000342139 3.00736e-05 0.595515 0.0321577 1.30895 1.25869e-05 0.025653 4.2814 1.93633 1.07611e-05 0.00606551 0.000126937 0.676534 0.0031375 0.00459334 
0.00260605 1.41553e-05 0.0462353 0.000753746 0.0848959 0.261098 0.050746 0.100136 0.00010203 7.84906 0.184108 0.967486 0.078044 0.104755 7.2259e-05 0.311427 0.00283734 0.000265531 
0.000243164 0.0275635 0.00920166 1.83263 0.0761107 0.280055 2.10176e-05 0.0345875 0.103614 9.13371 2.54344 0.192171 0.000975172 0.000263166 0.000122861 21.4031 0.130811 5.93776e-05 
2.03798e-05 0.000319606 0.272102 0.00210402 0.000280811 0.0765866 0.00039766 0.00011156 0.0245479 89.4365 6.87587 3.6402 0.00325044 0.00912421 0.0108033 29.226 9.08637e-05 1.19735e-05 
0.0221165 0.00397764 1.51153 0.481953 0.584198 0.0111328 0.0745251 0.069502 0.0684326 0.200918 0.0532339 0.0249398 0.000153956 5.57996e-05 0.00155219 4.72992 8.8857 4.32278 
0.0205697 0.000703891 0.291828 0.165829 0.113931 7.30945 1.87043e-05 9.65188e-05 0.132559 9.25887 0.0232973 0.384785 1.20581e-05 3.91276e-05 0.00963755 5.67871 0.00307536 0.00311966 
0.168448 0.000168541 1.66009e-05 0.221798 0.00115009 14.991 0.00185565 1.63677e-05 0.00835965 9.53592 0.0531285 0.395367 0.000421651 0.0261452 0.0691056 0.439628 3.83897 0.281519 
0.0038447 0.330833 0.0715367 0.00275213 0.0324916 0.452767 0.00398281 0.369801 0.00221233 24.2818 0.00257097 0.0295087 1.80304e-05 0.000438661 1.22443e-05 0.176432 1.09033 0.374196 
0.427879 0.000113801 0.000311207 1.40021 0.0010711 3.47593 0.109691 0.0180652 0.000577032 0.0133239 0.000308208 0.0456983 0.00277235 0.000369914 0.971138 4.53515 2.90769e-05 0.000936091 
9.78456e-05 0.000498055 0.000411784 0.000299257 2.15957 1676.76 0.0218874 1.09281e-05 0.130991 5.82989 5.41501e-05 0.032554 1.13169 0.0542266 0.00301443 0.0214327 5.23076e-05 0.0316965 
5.61437 0.412048 0.000472949 0.0250491 0.0115532 352.711 9.01505e-05 0.000144959 0.00417937 349.321 0.00013626 0.034826 0.801333 0.000252417 0.00161032 0.0449369 5.9954e-05 0.280641 
0.0145493 3.41157 0.00263607 0.00231546 0.0132863 3.09785 0.505082 8.25856e-05 0.0215896 18.5552 0.000166748 2.82413 0.2714 0.0170054 0.0106865 0.0115814 0.151369 0.065626 
2.41657e-05 1.45458 0.0664542 1.06564e-05 0.0914162 0.0914765 3.08288 1.08775e-05 0.00116526 0.0131355 2.87022 84.5588 1.6586 0.000272508 1.07717e-05 0.0125647 0.0642109 0.000813316 
0.489249 2.04506 1.42095e-05 0.528132 6.26554 184.361 0.00302048 0.0455383 0.000323555 12.1895 0.00106642 0.043785 0.000161624 0.0187246 1.25979e-05 0.403899 0.0364097 0.00154048 
1.64939 0.169883 7.2449e-05 1.2912e-05 0.0015685 0.0402069 4.26517e-05 7.23404e-05 0.0648684 2.59953 7.37154 1.06734 0.0506575 0.845231 1.25212 2.64025 0.793832 0.00011126 
1.09222e-05 4.46366 7.44886 0.105189 2.50725e-05 296.56 0.0252131 0.0389352 1.19426e-05 38.2484 0.000203273 2.26247 0.00016075 0.00267927 0.0791007 0.188308 0.343945 0.100003 
0.00152278 0.0133745 0.018583 5.68767e-05 0.368971 0.0962128 0.00067942 0.000516161 0.0101939 0.0836901 0.00116264 16.422 0.00406297 0.00417248 0.0112723 3.06067 0.945338 0.00135551 
0.000346925 3.46181 0.0474207 0.115697 0.00642156 284.464 0.00900236 0.00222493 0.000904304 9.19645 0.0188441 16.5588 0.00545347 5.76098e-05 0.075715 2.3735 1.46146e-05 0.00873695 
0.0517881 0.108112 0.0546921 5.58364e-05 0.0606722 0.0775488 0.0121299 0.00270451 6.2943e-05 0.286422 0.0090907 59.3922 0.786479 0.00257421 0.000566937 8.22777 0.00384588 1.2774e-05 
0.0490979 0.0455165 0.00398053 0.0691733 0.430756 0.105933 0.164821 0.218907 6.68551e-05 0.937721 0.00360321 1.622 0.0657951 5.44552e-05 2.08435 2.04528 1.31862 2.25152 
0.225425 0.0025753 0.143094 0.125083 8.71161e-05 78.7654 0.0004962 0.0260165 6.94518e-05 0.778115 0.553262 23.9918 0.000188045 0.0125119 6.61517e-05 15.7347 4.70711e-05 2.20675e-05 
0.0445358 0.00130227 0.000674253 0.00917146 2.39919 2544.74 0.00195776 0.133127 0.0100585 18.7725 0.000758492 0.0326187 2.10641 0.00107354 0.0169101 0.0247713 0.00383175 1.62644 
0.232818 7.63505e-05 1.07709e-05 0.0232415 0.0230454 335.162 0.49905 0.000215615 7.6406e-05 120.148 0.000587499 148.609 0.000230593 0.0175556 0.660554 9.70638 0.196377 0.000222725 
0.00342758 0.0112515 0.614072 0.0193005 0.00081557 0.0135679 0.00131859 1.49413e-05 0.000385495 0.0890354 0.00858126 217.841 0.669946 0.0049558 0.000297404 0.159369 5.09197 7.38841 
0.0582082 0.0214561 4.56488 0.00121668 2.3466e-05 140.594 1.3985 0.0762116 0.497637 229.402 0.00991841 43.1574 0.00320636 0.0447104 0.0298969 2.62882 6.25719 0.36455 
0.00070548 0.168908 1.5403e-05 0.00521282 2.3381e-05 2.1475 0.00338046 9.31341e-05 0.0162469 0.750259 0.00132868 233.269 3.1076 0.00294005 0.00648919 0.125912 0.0749799 0.0154333 
3.95179e-05 1.9652 1.37138 2.28796e-05 0.00334791 81.6866 0.00768909 0.329004 5.70004e-05 96.8459 0.0349975 0.113328 5.79003 0.163161 0.000177561 4.50708 0.000576702 3.38637e-05 
9.21538 0.0611355 0.00177018 0.01545 0.0337962 2444.46 1.0977e-05 1.5086e-05 4.07551e-05 0.0566784 0.0409404 165.056 0.00023238 0.00563104 0.00167072 0.0714718 0.0195654 0.0694842 
0.00543105 0.00015227 0.0110772 0.0732583 4.73967 0.0113819 2.10546 0.257741 0.000344224 4.82864 0.000172166 0.246701 0.481736 0.566834 2.59176 15.613 0.00786564 0.676284 
7.7162 0.000203603 0.000129407 9.45335 2.59915e-05 131.776 0.103362 0.00181953 0.00117141 0.793007 0.000399712 0.0818351 0.0263694 0.000326253 0.0979274 12.6996 0.301748 0.000603358 
1.26559e-05 0.483338 0.0777981 0.00342797 0.930425 1112.64 0.407705 1.26066 0.972834 0.280686 0.0270758 0.0106976 0.120148 0.107069 2.45918e-05 2.21063 5.92804 0.201467 
0.22962 0.349566 0.000473453 0.00159774 0.477242 121.597 0.00300884 2.25585 0.0171572 49.0354 0.0264444 5.68321 0.0013303 0.000806127 5.19454e-05 9.19993 2.55363e-05 0.00111828 
7.3614 0.553 7.47308e-05 8.31202e-05 2.14853e-05 134.17 0.0170059 1.22037e-05 0.000122255 11.3146 2.12105 37.7596 0.250124 0.0398353 0.00224078 13.56 0.000504856 2.1127e-05 
2.79937e-05 0.000315937 6.96505 0.0171139 8.60206 24.767 0.000934251 2.97449 0.193183 452.252 0.00280605 157.329 0.227932 0.000129027 0.0050749 0.230232 0.0156 0.208809 
0.0134661 0.0155024 0.680922 0.0179743 2.2779 930.198 1.21278 4.73653e-05 0.302183 25.6566 0.00122322 98.9491 0.000574181 1.4434e-05 7.15756e-05 20.2495 0.00882813 0.00869961 
1.51585 0.00213322 0.413151 0.0783618 0.00287702 298.382 0.0396356 3.77855 0.0681657 0.193893 1.74994e-05 229.368 0.00244457 3.01025e-05 0.000907229 0.146437 0.00131322 2.28453 
2.67617e-05 0.0513589 8.57558 0.0967686 1.76292e-05 0.164891 0.0022329 0.000935803 0.0371179 5.22591 0.000129166 0.0529221 0.00790743 0.000445115 0.0141376 0.0807882 0.0193697 0.224398 
0.00258578 0.000647035 0.0251365 1.58612 4.08717 19.2526 1.53193 4.70783 1.85322e-05 113.645 0.00515333 0.167718 0.000145907 0.306052 0.00123776 1.83653 2.33484 0.00141588 
2.39782e-05 0.729775 1.66364 3.61381 0.00182283 7.37981 0.726275 0.0057621 0.000134092 61.2496 0.0139575 1.94818 2.17041 0.000672021 0.273529 0.124619 0.00751483 0.13031 
0.0199994 0.0802939 3.58991 0.0997494 0.000120966 0.039269 0.424696 1.35076e-05 0.00702629 0.704927 0.0209113 230.582 0.000202539 0.00454625 0.513222 23.5798 1.88645 0.000163582 
5.66381e-05 0.00205856 1.25688 1.64722 0.000123029 0.197793 0.000686556 5.0783e-05 0.0991962 233.366 0.146281 6.82573 0.0197406 0.661928 0.00315355 42.7275 2.36009 4.59264e-05 
1.58174 1.80829e-05 0.280419 6.64771 0.000381887 1439.61 0.153057 6.15442e-05 0.0111826 206.788 0.0988854 0.428932 1.71127e-05 0.0023411 5.23351e-05 1.21867 0.000660819 0.00230668 
1.31722 0.000403235 0.00395196 0.000119625 0.119279 191.164 0.000218873 0.0333662 0.000508544 0.875412 1.5009 232.838 6.20152 0.000358693 0.351695 0.152859 0.277464 0.000176146 
2.0305e-05 4.02158e-05 0.000268889 0.0322706 6.46011 2314.78 0.542722 1.01298 2.16517e-05 40.1269 0.00467458 42.3184 1.53686 0.000407198 7.22275e-05 0.16322 0.051924 0.296068 
0.331972 0.000612163 2.6941e-05 0.626203 0.00328965 0.0185107 1.99574 0.000164373 0.0160105 0.0757365 0.00010907 1.77302 1.04727 0.654518 0.0602461 0.0101185 0.00074372 0.00552055 
0.000347666 0.00295733 0.0853974 0.000304391 3.58526 13.6343 0.0191913 0.00927367 2.49042e-05 0.123132 0.00849752 170.674 1.52273e-05 0.0166301 0.000635209 0.324143 0.0518042 0.0027708 
0.00306538 0.147241 0.425723 2.77324 0.00632508 1.80877 0.000748005 8.68704e-05 0.0460742 186.823 2.30769 1.70993 1.35504e-05 0.0694424 0.00107152 1.83478 0.00013404 0.000321635 
0.00118211 0.0722576 1.68049 0.14301 3.70149e-05 37.3456 0.000919365 1.30527e-05 0.00364772 0.0112492 0.000115889 156.386 0.000131106 0.000844336 2.58193e-05 3.8611 0.0150595 0.00211183 
2.13069 0.000267454 0.00310386 0.000105131 0.0068716 202.354 0.0295733 0.00134485 0.000984978 0.260767 0.00300488 0.0131927 0.876127 1.15672e-05 0.00516494 0.337861 0.568427 0.0199253 
2.15781e-05 0.0008254 0.000316134 2.65883 0.139346 0.243178 0.624022 0.000204008 0.0252269 35.5391 0.00126551 313.816 0.000356347 0.337187 0.0795419 3.06111 0.158158 3.76493e-05 
0.00766524 0.0026789 0.000724177 0.0268414 2.43585 3.1545 0.541533 0.0175889 0.00779908 39.8444 0.0815787 15.0889 0.000895225 0.00572653 0.00271461 46.7938 0.194598 0.000117597 
0.00400321 0.0965289 1.91616e-05 4.16161e-05 4.89128 94.7162 5.04834e-05 3.68911e-05 0.0571416 2.07546 0.000973603 482.678 5.6824 0.105491 0.052781 0.138093 0.00320618 0.00230331 
0.0787464 0.350532 1.0838e-05 4.11932e-05 7.58994e-05 1495.28 4.70365 0.0620582 8.28415e-05 0.0327083 0.0413172 0.038397 0.00062437 0.0889343 0.00976846 0.137217 0.00882277 0.00275321 
0.0767552 0.00804955 0.00110396 3.71339e-05 0.145496 1562.55 0.105452 2.9812e-05 0.808205 24.4751 1.3199e-05 0.0283611 2.58985 0.365014 0.00197732 2.07564 0.00165565 5.80642e-05 
2.93651 0.306858 0.0251493 1.81027 6.6945e-05 7.93538 5.90926e-05 2.22485e-05 0.443589 0.022327 0.00289089 3.09176 0.0188243 0.00542136 4.83352 0.035982 4.18632e-05 0.097552 
3.9893e-05 0.000391078 0.747582 0.0656429 0.0358485 9.04985 3.31277 0.152776 0.246604 0.267885 7.55779e-05 229.344 0.159183 0.695901 0.000114629 1.71279 0.000508483 1.4731e-05 
0.00576344 0.672307 0.0875629 0.000116054 0.00155806 4.82647 0.0093125 0.00175439 0.000521182 0.0343928 0.0650037 252.787 4.57127 0.00122478 0.000384135 0.449903 0.00444461 3.22972e-05 
0.000131653 6.67524 1.98749 1.09554e-05 5.77136 2858.69 0.28061 0.000399543 0.880489 128.665 6.95078 0.701693 4.23639 0.271705 0.252521 0.370376 1.84383 0.00758297 
0.00866636 3.24951 0.0206903 0.00406818 0.000650489 0.0351668 0.118231 0.0056942 0.0053837 54.7717 0.37434 200.559 0.00034389 0.00263648 1.14293e-05 0.115754 1.21564e-05 0.000919478 
1.01887e-05 5.79618e-05 0.0155759 2.6462e-05 0.276753 898.606 3.06443e-05 8.7707 0.000406071 2.34252 0.0110489 425.961 0.00498794 0.00145231 0.0764725 1.68495 1.20138e-05 0.00329711 
0.0090181 0.583807 0.0487462 0.0222393 0.0227841 1.61328 0.00657022 7.89419e-05 3.03436e-05 368.525 0.0332705 59.2463 0.00887237 0.00526271 0.0586915 3.8276 0.00661044 0.00133751 
7.65887e-05 0.193965 6.08687 0.005448 1.44645e-05 0.0122253 0.119597 1.56299e-05 0.00101578 0.107705 0.0137879 218.465 9.87937e-05 2.90428e-05 0.000939484 0.650083 0.103937 0.548 
0.0202092 0.445749 0.46114 5.0449 1.92762 166.238 0.00116178 0.000797707 1.20002e-05 165.345 0.0318209 2.12738 0.0301689 0.000386486 0.0318529 0.862205 0.00173776 0.0549307 
0.049105 9.56725e-05 1.09959 0.00335018 0.000283747 0.415648 0.000215822 9.56422e-05 3.00452e-05 21.039 0.0120217 0.0343623 0.0784373 0.552472 8.24057 0.215396 0.0236538 0.0033768 
5.6225e-05 5.66706e-05 5.72122 5.88282 1.25397e-05 0.278292 0.00218899 0.13029 3.48231e-05 5.43486 0.158189 164.429 0.000675718 0.00111288 0.172158 2.75794 0.000126148 0.00327466 
4.30299 0.0006105 0.947711 0.240667 0.0190735 0.0173345 0.837154 1.26625 0.0045236 0.0829596 0.000650757 6.93819 1.31041e-05 0.0394968 9.27944 0.0879991 0.0165667 0.644733 
0.26187 0.00776631 0.435654 0.000123568 0.0178026 0.0148141 0.00183768 0.396624 0.000222611 0.039064 0.00395034 7.13922 1.22645e-05 0.697562 0.000137563 4.70804 1.73912 0.000582659 
1.37644 0.443355 3.9842 0.0027129 0.81725 0.202579 8.18446 0.0555993 0.0287792 172.76 0.00509933 28.4616 0.0159467 0.927756 1.69685e-05 0.0147978 1.02822 0.0250257 
1.07451 2.03782 0.000393887 0.00344674 0.00719999 56.4039 3.64785 0.0452874 0.044248 37.7966 2.18784 0.130172 0.000863632 0.00641198 0.908645 0.0451801 0.0032817 2.3333 
0.448652 0.000710745 1.20667 0.089142 8.98153 60.196 0.00169911 0.000474022 0.000434983 222.437 0.00086826 1.05176 0.0584829 0.00892378 0.000461671 0.719088 0.837649 0.0378905 
0.972291 0.0007019 3.5793 8.80147e-05 0.0548907 1116.75 4.90551e-05 0.000878619 2.65188e-05 233.201 0.000195411 0.0314353 0.0122013 0.00637786 0.00155953 14.3059 0.00497813 6.24589e-05 
5.27639e-05 3.0288 1.67128e-05 0.00807936 1.3682 0.0159904 0.00591713 0.141705 0.000422266 65.9405 7.19674e-05 5.47576 0.114892 0.00662299 0.00149162 26.4107 0.021409 6.97417e-05 
0.000487046 0.00073722 0.207237 3.2411 0.000303215 1.83627 0.000149325 4.20289e-05 0.00835627 0.0148347 0.459911 0.0153935 2.77909 0.0018491 0.0035357 0.929954 0.199922 2.31743e-05 
0.897127 0.00472023 0.0604795 0.00121845 0.0152893 2.97688 3.21741e-05 0.916685 0.000662583 4.21133 3.39138e-05 0.166289 0.0223092 0.0210416 0.000207764 12.6193 1.29428e-05 0.876882 
0.0161791 0.0607705 0.657923 0.000851532 0.169513 2.2708 0.00171644 0.00290696 0.00186167 0.34586 0.0103187 186.721 0.00811877 0.00620464 1.05016 47.3031 1.44303 0.00492773 
0.0037271 3.91162 2.4285e-05 0.167587 0.00367605 9.77336 7.12588e-05 0.273306 0.0959728 5.72287 2.17789 1.65592 0.000301377 0.000253802 0.216975 0.422595 0.0172322 0.0118762 
0.000754617 0.000298156 0.00213199 4.87543 0.507209 0.190222 6.4826e-05 5.77509 0.174307 0.824744 0.598069 1.03825 0.656934 4.89711e-05 0.00029163 4.52688 0.00109858 3.11325e-05 
0.0488211 0.0165336 4.59074e-05 0.750735 3.5819e-05 0.688042 0.33202 1.4869 0.108293 4.43249 0.0511792 1.01885 1.52478e-05 0.318799 0.00629327 0.0187378 0.000275435 0.0042568 
1.43835e-05 0.0359572 8.99936e-05 0.107872 0.0880919 596.9 0.0181669 3.0936e-05 0.019575 155.617 0.000223765 26.7325 0.0617902 0.0234746 0.000513665 2.63091 0.224672 0.00022163 
0.862482 0.00087977 0.540803 0.330685 0.016958 0.0122069 0.00663326 0.103146 0.000843476 1.57542 0.232605 0.397914 1.3444 0.555861 0.0489976 0.0719503 0.00727515 0.00194143 
0.0132952 0.000129017 1.26028e-05 0.0894845 3.31969e-05 1218.91 0.0774664 9.07717 3.5855e-05 49.7697 1.29638 4.36076 2.46574 8.47562e-05 0.000440577 0.0133523 0.0186905 0.102754 
1.61071e-05 0.0252998 1.0034 0.00123843 0.0125964 0.168186 0.000702547 0.000639289 0.00021653 0.0304922 0.0228299 0.497807 0.000882228 0.00354549 0.0461437 46.1148 5.12877e-05 0.000107704 
0.000105904 3.90787 0.235179 0.0526868 0.326015 52.858 2.97693 5.94537e-05 0.000420528 0.44393 4.77678 34.5961 2.87025e-05 1.80043e-05 1.19837e-05 0.244356 0.0529286 0.00557336 
0.000255961 0.0252781 0.00826588 8.06946e-05 0.0177664 14.0712 0.0320506 0.00859858 4.16038e-05 165.438 0.00163214 0.117301 2.04467 0.0258048 0.0516293 16.5034 1.19831e-05 9.33677e-05 
7.20527 0.00520504 1.16262e-05 4.09789e-05 0.133914 335.637 2.45954 0.243682 9.0966e-05 5.24342 0.00259027 0.424497 0.000418665 0.000191241 0.000337471 13.0287 0.000267153 0.00400185 
0.252934 0.00130834 1.41711 0.101564 0.293533 0.028294 1.33833 0.0549357 0.00861969 0.0745045 0.00147268 30.8253 0.0323639 0.00144165 0.00398898 35.161 1.86554e-05 0.000238739 
0.0872944 6.36526 0.000126633 0.000290433 0.000157367 0.0557882 0.000296477 0.0236542 0.947615 0.0254519 0.00105581 0.11786 0.328747 0.00895079 7.25866e-05 0.656162 2.54914 2.21576 
0.390928 0.000681647 1.44301e-05 0.0727281 0.0031541 313.565 0.000409911 1.6593 4.67591e-05 0.122498 0.824105 54.763 5.73354e-05 0.000909919 3.1113 0.238262 0.0203795 0.89364 
0.0208799 0.701612 0.00278892 0.0458966 0.146104 80.1244 0.0535937 0.00127008 0.387294 0.079678 0.000330651 90.1098 6.89801e-05 0.0173837 1.06098e-05 0.220279 0.149557 0.0143975 
3.81989e-05 0.202443 0.00053161 0.000133642 0.139685 0.099387 0.000828708 0.0137747 0.21719 239.215 0.0200274 16.9059 0.535109 0.000714619 0.00119733 0.172233 1.1803 2.99854 
0.000247605 0.88473 0.0457076 0.00977267 8.72931 166.604 1.60701e-05 0.000114116 0.00411327 0.18579 5.28481 45.5838 0.000203032 0.00132339 0.0720383 0.0223555 2.78404 0.716574 
2.37319 0.000273621 0.00325516 9.44072e-05 0.207725 0.772062 4.9991e-05 0.421329 0.00169544 189.837 0.519784 0.508201 0.0355086 2.06362e-05 0.0794492 0.455176 1.16334 2.34285 
5.48256 2.39594e-05 0.113733 0.000848555 5.81438 0.220488 0.000114067 0.00374996 0.000106341 0.403436 0.0152692 3.92212 4.89676e-05 2.30782e-05 1.89327e-05 29.0178 7.085e-05 0.093151 
3.45116e-05 6.65396 7.64833 0.881326 1.76201 0.108712 0.245354 0.000324294 0.000102201 68.1802 2.90538e-05 193.616 9.59167 0.0471933 7.41578 0.312534 0.89432 1.16631 
1.18703 0.00433287 0.00280524 0.726915 0.000787313 620.683 2.03536 0.918055 0.00053776 0.0202856 0.000338408 0.237101 0.000319183 0.00439739 0.5178 0.993209 0.000880124 0.032207 
0.00565572 0.0180851 3.38536e-05 0.00723316 6.14608e-05 0.34446 1.17268e-05 0.00123892 0.0218968 41.6278 0.00151255 2.10074 8.25751 1.60714e-05 0.00124412 17.1509 0.000305958 0.000236485 
5.65835 0.0235254 0.000703639 2.87308 0.00204913 2.01834 3.26869 0.0214314 0.293304 0.380076 0.00622237 0.0389415 8.36276e-05 0.00474417 0.0403107 0.0603457 0.060807 0.374099 
1.26645 0.00054084 1.13891e-05 0.0543149 2.21328e-05 6.05072 0.00250407 1.39564 7.06978e-05 0.101979 4.31236e-05 0.189075 0.000649061 0.315117 0.000118538 0.037525 1.36218 0.195102 
2.94558 0.000256414 0.00195832 0.00073463 0.000199167 1.37686 0.00600231 0.0569945 0.000123511 154.231 0.00191639 0.418462 1.51623 0.206893 0.414591 0.174713 0.060883 0.00314624 
4.51754e-05 1.254e-05 0.00913452 2.72519e-05 0.00954428 1889.77 0.000187968 8.75627e-05 0.024766 0.51921 2.94049e-05 44.8735 0.0665424 0.00797257 0.00562228 9.62614 0.0701502 0.000807191 
0.146555 0.0207863 1.07831 4.29874e-05 0.000225694 2.20553 3.65369 0.169737 0.190059 102.535 1.40343 0.06484 0.00120219 0.0741646 0.00490651 0.30362 0.925449 0.0160315 
1.78062e-05 1.84192e-05 0.812475 9.42667e-05 0.158395 350.854 0.000194855 0.0470534 4.632e-05 108.893 1.51322 8.84104 8.05039 8.80049e-05 0.0282126 0.368747 0.152953 0.000818055 
2.13065 0.000301841 9.02056e-05 0.012182 0.626787 0.0121749 0.00155602 0.483405 0.00451626 0.498758 5.21954e-05 140.334 1.48549 0.05612 0.000165592 0.558383 0.000221227 0.00272674 
3.13854 0.000719228 0.00363488 7.25771e-05 0.134378 1458.13 0.00576311 0.0974049 0.00260745 134.462 0.0158665 2.44481 0.0301451 0.00345864 1.94123e-05 24.8181 0.00102803 0.00063767 
0.0220001 0.00672631 8.16652 0.017244 0.00468545 120.158 0.00067801 0.000306691 0.00124341 0.391188 0.00808645 15.0362 0.00217882 2.59813e-05 2.2896e-05 18.5036 0.00237417 0.00463471 
9.59621e-05 6.59214 5.67941 1.59732 0.0454055 155.114 1.2015e-05 0.128702 0.00755571 415.584 0.000415406 0.0985945 0.000116924 0.281622 0.185071 3.14375 0.00253501 4.49194 
3.4709 0.000349428 0.0290771 3.40486e-05 0.227974 302.315 0.000862101 0.0526209 0.552545 10.0898 0.995109 10.6597 0.000508461 0.00681615 0.293051 0.047958 0.661671 0.0466034 
1.68669 1.73709 1.27203 7.80933e-05 0.695636 877.603 0.000176128 4.6118 0.544981 0.104107 1.01344 137.724 0.441525 0.711388 0.191557 1.00552 0.00144008 4.10245e-05 
0.00122215 1.63874e-05 0.303344 0.0374013 9.73351 0.114973 0.00623039 0.496904 0.00015861 1.5316 0.545114 2.34002 4.19522 0.00897101 0.021991 0.0524206 0.00662196 0.00642012 
4.29935 0.0462485 0.000364494 0.000538511 0.136874 3.90378 0.254902 2.55462e-05 0.245748 2.3122 4.84522 4.73872 0.109091 0.0654923 0.01237 1.01751 5.15212 0.113336 
1.24247 0.000181477 0.00284884 0.000106699 6.8399e-05 0.0850418 0.0307256 6.66643 1.55707e-05 0.0390403 0.142814 409.458 1.83261e-05 0.0201679 0.216402 8.84955 1.81387e-05 0.000483381 
7.334e-05 2.96661e-05 0.288533 0.151105 0.0249115 4.74379 0.372495 0.0382234 1.74007e-05 10.7257 0.000348351 0.225311 9.19735 0.154357 0.00149773 0.603017 1.29162 0.0183562 
0.00266124 0.00242949 0.499607 1.19604 5.64084e-05 7.59315 2.2284e-05 2.5885e-05 0.000191653 12.0983 6.02795 57.3946 0.000138983 5.54354e-05 0.00202865 0.0117471 0.000255819 2.56279 
6.15971e-05 0.070382 2.75167 0.0342496 4.3801 339.305 0.082407 8.83046e-05 0.00165495 34.4961 0.000115194 446.061 2.16537e-05 0.0915568 5.29713e-05 0.0456214 0.0222532 0.0364086 
9.62611e-05 0.000798633 4.51884 0.000332049 0.126522 0.133909 0.00400848 0.324209 0.0464383 25.0253 0.00513437 310.759 0.00127203 0.0154764 2.92662 20.915 0.00715818 0.000155964 
0.361953 0.139759 0.00121176 3.07014e-05 0.00878647 377.693 0.0455052 0.0215127 0.00051789 0.0953455 0.106752 272.407 0.000157413 0.0378339 0.00829909 0.0296992 0.892292 0.157025 
0.00178833 0.875431 0.0337754 0.105489 0.00395372 36.4279 0.000144264 0.00205056 0.00246381 0.135153 0.00794781 1.83441 1.02954e-05 0.878189 0.000309857 0.0446562 1.27801 0.0661489 
2.43132e-05 0.00037216 4.83778e-05 0.270237 0.0740564 205.406 0.000107688 0.461782 0.120994 0.538336 1.71072 28.1991 1.54234e-05 0.0336555 0.000314818 0.0296003 4.01277e-05 0.00637826 
2.09167 0.0170445 0.753786 3.05343 0.233475 0.371016 0.399348 1.0012e-05 0.056921 1.6314 0.0022433 49.4882 1.3718e-05 0.00968836 0.00214812 0.0935457 0.000118848 0.292944 
9.86412 0.0717779 0.00146692 0.00055685 1.19065 2994.86 0.000327619 1.51774e-05 0.00012157 0.0177504 2.81473 0.170252 0.000201168 0.0623294 5.6135e-05 5.48782 5.17173e-05 0.00069871 
1.65954 0.000199461 0.00017557 1.03118e-05 0.0501844 194.456 4.5137 0.18854 0.00113866 0.0263044 2.66183 0.861483 1.36657 0.0203781 0.197134 1.26671 0.00400568 3.57392e-05 
0.00442638 2.78714 0.000555771 2.50003 2.30558e-05 0.192475 0.000126721 2.17514 0.000690046 49.7335 0.000103207 87.7936 6.31516 0.0764457 1.97613 0.112762 0.167909 0.290494 
0.000241103 0.0932263 4.5358e-05 0.00118625 0.24976 79.5132 1.08962e-05 0.000142605 9.3156e-05 0.238996 0.478877 189.792 3.63056 0.478711 0.0125632 2.01148 0.604466 7.83322e-05 
6.83392 0.000123446 4.02785e-05 0.328438 0.0597083 0.438263 3.16465 1.64469e-05 0.000266179 65.085 0.262286 0.308819 3.08678e-05 0.736129 0.0230672 0.363551 0.827715 0.00198993 
0.166222 6.11366 0.0130896 8.96263e-05 7.78678e-05 150.236 1.25498 8.52635 1.72488e-05 4.49295 0.00497997 3.60193 2.29822 0.0783838 6.04786e-05 0.377717 0.623305 0.00603436 
4.10484e-05 1.45063e-05 0.132406 0.443786 0.000995672 203.073 0.086479 0.0332616 0.037722 0.409846 0.106266 1.19392 0.000460813 0.0706047 0.000154299 25.8014 0.13072 0.000117405 
0.35529 8.8903 0.0212346 0.0329159 8.62355e-05 18.9142 5.53421 0.229409 0.0367695 208.346 1.28936 0.328617 6.68131e-05 0.0199126 0.000140366 7.57098 0.000676224 0.00102064 
0.580513 3.43915 0.0189366 0.000955035 0.137746 4.94015 0.0111707 0.14966 7.32673e-05 0.294137 0.13229 436.936 4.10646e-05 0.316613 2.46054 0.014057 9.86449e-05 0.657995 
4.4216e-05 0.0554321 0.0243183 0.567011 0.676642 69.201 2.36888 0.00065142 0.00229216 0.0154968 0.000963021 7.02103 0.000547759 0.00441833 1.72327e-05 0.0103254 0.0558737 7.36189 
5.6192 9.92327 0.00143426 0.000448648 0.00454704 0.742437 0.00289646 0.00283165 0.000326008 4.15792 8.18967 0.0345897 1.18366 0.00119889 3.4798e-05 11.4911 0.0481261 0.0835845 
0.000210201 0.0270377 0.0978907 0.254303 0.000235805 0.179726 0.000967027 0.0266176 0.000455373 26.5863 1.19567 130.388 6.68505e-05 0.0118769 0.179138 5.94493 0.0984725 0.00345894 
0.114364 0.582907 0.421535 0.00170569 0.0993909 0.079193 0.572436 0.00137264 7.24828e-05 1.10279 0.00148544 0.0229117 7.60248 0.000158049 0.809921 0.0192057 1.77987e-05 9.29432 
5.0203e-05 0.0164049 0.658689 0.766917 9.17097e-05 10.7915 3.73496e-05 0.178126 0.056326 0.0361924 0.000582577 3.11846 0.000105728 0.0365233 0.0804967 0.0128903 0.049408 1.48203 
0.206298 4.43044e-05 8.81952 1.13633 1.68002 0.352458 1.36305e-05 0.344038 0.000277119 0.015011 0.0568886 8.07284 0.000108811 0.431686 0.000412846 7.33586 2.88711 0.0117662 
1.26064 0.259837 0.000667812 0.00016663 0.0252524 43.336 2.12681 2.8098 0.0384792 30.512 0.00225437 0.0467639 0.000133931 0.968425 0.000700665 2.58677 1.04897e-05 5.15545e-05 
0.0505196 1.07433e-05 0.208896 0.00956773 6.05155e-05 11.7016 0.00084158 0.0047097 0.000242537 0.934294 3.17802e-05 0.984694 0.0390747 2.78683e-05 0.00315934 1.86342 0.00844722 2.54724 
1.30496e-05 0.333085 0.0193175 0.000297814 0.00118442 4.78808 0.00449337 0.000184149 0.000246854 1.06279 0.0557119 206.205 7.00952 0.00116694 0.0521308 0.0183162 0.000209397 0.169156 
0.533739 2.5732e-05 0.153515 0.000425654 0.0604705 2.08025 5.53978e-05 0.000314624 0.108095 0.724532 0.132797 22.0156 1.59117 0.154804 0.605367 0.298335 0.000455998 0.00253161 
3.28791e-05 1.00745e-05 0.000187557 1.07155 0.791664 53.6788 2.07827e-05 0.00422443 0.215916 0.475926 1.07359e-05 0.0205836 0.0186706 0.0118959 0.0497914 1.95896 3.38509e-05 0.00199385 
7.08298e-05 0.000432881 0.00406593 0.0636797 4.48951 2137.6 2.77045 0.000167479 0.356909 0.0297502 0.0283019 461.89 0.0195284 0.000755345 1.399e-05 0.0529072 1.23069 0.0038889 
0.291923 0.00718272 9.82596e-05 0.200275 1.17945e-05 0.387855 0.000824024 1.62554 0.0629241 0.0475985 0.0379328 0.322054 0.00964055 0.000152847 0.147183 5.58679 0.000219639 0.0176588 
0.000395902 8.67303 0.000305624 0.00118726 3.51415 0.518064 0.000697324 2.56499e-05 0.0682229 65.8078 0.0020031 26.0245 3.04598e-05 7.06243e-05 0.144388 1.7944 0.230226 6.86578 
0.00681105 0.924463 0.0251921 0.14634 2.96304e-05 0.0924046 8.07831e-05 1.09528 0.00328837 0.334087 0.00198184 0.248077 1.3026e-05 0.0126597 0.000595625 0.388689 0.000100667 0.0102709 
3.4255 0.0483855 0.657547 1.73898e-05 0.292105 344.853 0.492771 0.0412925 0.000277154 10.0954 1.45984 8.85873 2.00761e-05 0.31721 0.000166084 0.996945 0.00165056 0.000730278 
0.00014873 4.88331e-05 0.00854673 0.0597813 1.91233e-05 0.0644803 0.000255306 3.76589e-05 0.00170335 0.0590546 0.0132592 2.53434 1.06619 4.20145e-05 0.000131329 0.676241 5.14065 9.84537 
0.0112227 5.23835e-05 0.0754824 2.00587e-05 8.21975e-05 913.812 0.121025 0.0022851 2.02008e-05 2.08943 0.235935 2.20489 0.00164093 8.31565e-05 5.65782e-05 1.54978 0.00717338 0.613743 
0.254536 0.000154421 8.08463e-05 1.18293e-05 0.00573816 60.518 5.68086e-05 0.00500374 2.6933e-05 69.3511 0.0530656 1.60982 1.38049 0.195829 2.98589e-05 0.80998 0.0963028 0.000781678 
0.0282718 0.646975 0.00141014 0.0143881 0.0368563 0.281194 0.536063 0.000649818 5.6825e-05 52.2829 0.00945841 0.0203155 0.199764 0.386678 9.70604 0.0154217 0.000184886 4.00013 
0.898426 7.44505 0.000199386 0.0344819 0.000794761 4.32047 1.37745 7.76293e-05 2.04586e-05 8.87747 1.41911 0.0479476 0.0356044 0.190886 0.115383 1.90759 0.0489072 0.000771037 
0.275299 0.000871702 0.00778049 6.01142 0.000530507 126.303 0.000887262 0.0761258 1.00958e-05 44.6442 2.54375e-05 379.464 3.16988e-05 0.00902976 0.00637409 0.115176 0.0197045 1.44659 
7.12554 0.633006 0.000435639 0.000737023 0.101024 733.235 1.43125 0.584229 0.0709406 2.4522 2.49798 25.1929 0.00039583 0.192891 0.00139629 18.7503 3.58403e-05 6.27713e-05 
8.91258e-05 0.125019 2.63879e-05 1.72846e-05 0.0482329 0.417981 0.000287975 0.018091 0.00627918 1.18542 0.612641 1.12574 0.625935 0.260404 9.80537 0.060529 0.0034847 2.44911 
0.00553145 0.0775315 0.00102774 0.24673 0.0294896 73.1631 0.0174063 0.000643102 0.00161716 7.29162 0.0743239 211.079 8.28218 6.16233e-05 0.763188 0.577448 0.00134094 0.0050939 
0.0189258 0.0254396 8.23603 0.657613 0.0117561 1.33954 0.131227 0.970964 0.0394978 0.0851833 0.00111172 9.646 0.226225 0.343191 8.38344e-05 0.0145455 0.14928 0.125788 
2.55242e-05 0.0676435 1.05062 0.018454 0.0233692 0.0441227 6.59529e-05 1.69029e-05 0.000561186 14.4911 0.00030006 0.0105631 0.230976 0.000510897 0.000919008 1.15304 0.0103571 0.168781 
0.00170031 0.115214 0.0111759 0.0060965 2.17863e-05 3.69743 0.0131622 0.000280319 0.00183611 0.0246787 0.000516707 0.215092 2.16753e-05 2.7592e-05 0.0644023 3.11786 0.430466 1.60226 
0.0583741 0.0396456 2.83938 0.000179455 0.00501243 0.26898 0.158449 2.62485 2.03384e-05 402.502 0.0860945 6.33926 0.000804187 0.00421127 0.571822 1.78398 0.0226723 0.0365558 
0.293909 0.0330543 6.33352e-05 0.00397676 4.29371e-05 4.58815 6.91745e-05 7.52887 0.000145211 0.0330175 0.587795 119.505 0.571107 0.0330358 4.3763 0.0437615 0.110423 0.420142 
1.91998e-05 8.67557e-05 2.73686 0.00182518 0.00980651 28.7508 0.503477 0.00517191 0.000226263 0.0142588 0.0223525 174.214 9.85821e-05 0.00683881 8.01181 11.4254 0.00114771 0.0167746 
3.73804e-05 5.47557 0.656589 0.0236482 4.94264 2.71352 0.00228813 0.250717 0.235491 57.2935 1.3497e-05 2.80031 0.00195359 0.0135066 0.0769159 0.0291376 1.41471e-05 1.0568 
0.000114221 0.263035 9.38961 1.16736e-05 3.38042 0.014553 7.19605 0.000432068 1.27163e-05 0.980486 0.0446644 0.589062 0.526696 0.246403 0.0594983 2.69627 0.000421143 0.000377394 
0.363295 0.00110786 4.80074 6.44836e-05 0.131011 11.416 0.00061964 0.000150807 0.0934528 0.0684735 1.14241e-05 325.733 4.31128e-05 0.00129757 0.0471971 0.0498386 0.0190757 6.39979 
0.000104299 0.068183 0.516186 9.78836 0.261103 0.710963 3.18194 0.00139955 0.0647475 26.9942 0.00391064 1.62448 4.62855 3.15812e-05 0.000961507 1.18963 0.000683519 0.0232798 
2.27769e-05 0.72001 0.559024 0.0878647 1.99411 38.4327 0.00300972 0.000101623 0.000724655 19.5487 1.80159e-05 471.535 0.110772 0.0115428 0.00774734 0.062561 0.192418 3.11128 
0.00160847 0.0071648 6.96014 0.000447632 0.761326 1.69776 4.59236 0.060541 0.00203764 0.187441 4.03571 0.204293 0.011857 0.116158 0.000265277 6.70394 0.0936595 3.86288 
0.18958 0.000291618 1.41257 4.81577 0.03591 0.0123375 4.54775 1.64426e-05 0.00121351 22.6819 0.000497331 0.0100165 3.85313e-05 0.00328952 0.00011006 8.78716 0.000300219 0.00221566 
0.00163299 0.214774 1.39221 0.0261184 0.0101439 109.017 0.000195515 0.00725351 0.00071974 2.39632 8.82168 0.0962109 4.79922 2.87391e-05 0.011961 0.776797 0.00442991 0.000309734 
6.56957e-05 0.00138978 0.00865997 3.93865 2.30327e-05 2.1585 5.9989 1.62785e-05 0.447549 99.2554 0.000375956 6.99574 0.0261624 0.00144482 0.00084462 3.53719 0.00116222 0.0347575 
0.000451263 5.1196 5.10498 0.110276 4.99686 1324.44 2.16261e-05 0.00506559 1.90008e-05 131.981 5.02607 0.0187536 0.00233387 0.00244962 5.92648e-05 0.0844676 0.000816957 5.28858 
0.0307919 0.0084743 0.00775733 0.0472072 2.01048 7.92472 1.53911e-05 0.0296233 0.0479495 179.482 0.330372 0.0205301 0.000128054 0.00107922 0.0138455 9.31807 0.032342 0.00354145 
0.0174982 0.00245959 1.69838e-05 0.255286 1.18658 2346.91 1.43632e-05 5.85498 0.000314208 2.20527 0.629489 6.27345 0.000463922 2.99328e-05 4.57323e-05 14.418 0.0058424 0.0536661 
0.608905 0.0025769 0.0619568 0.00226179 1.90463 80.3772 1.53146 0.00124277 0.000321111 51.1785 0.086794 374.831 1.13386e-05 0.000706267 0.0130167 1.80806 0.0211247 0.162005 
0.00036945 1.38506e-05 0.886184 2.12836 0.000458867 12.2824 0.363434 1.00366e-05 0.719027 0.135791 3.14698 0.0635046 0.0403177 1.02199e-05 0.115379 13.3037 0.00697024 0.000769273 
6.52481 0.622501 0.000478298 0.0155798 0.00022757 0.0420564 0.000196056 0.0192649 0.00954963 1.40797 7.15555e-05 202.162 0.0228481 0.0321989 0.329964 0.0411776 9.06935e-05 2.77409 
0.00400375 0.00236337 0.000222907 8.63535e-05 8.14714 70.7477 0.00664611 0.00494438 0.0027293 3.63525 0.162029 9.8558 0.000249418 0.0954866 0.14597 1.27899 6.62575e-05 0.00248477 
0.00126355 0.00208389 0.000569788 0.000849482 0.00703165 1.03875 0.000800604 0.0609053 0.257771 137.185 0.000170916 0.266479 0.000237846 0.0486986 0.00199161 46.9892 0.00426601 9.41533e-05 
0.00237105 0.0582621 1.14063 0.139193 2.2142 158.067 0.000152722 0.00395396 2.28397e-05 203.219 0.0367223 45.2347 0.00450637 0.137893 0.418974 0.104206 0.0714769 0.0883679 
0.0210723 0.412189 3.23202e-05 0.0231495 0.00054039 0.607603 9.33752 0.121882 0.16061 164.687 0.117666 107.707 0.000235066 0.0352612 0.000208314 0.617803 0.0178618 0.0121628 
1.14277 2.74698e-05 5.30023e-05 0.00670956 6.89224e-05 0.015427 0.0022769 8.89715e-05 0.766589 1.63784 1.4816 0.0857508 4.33318e-05 0.647432 0.000120498 1.97673 1.74933e-05 0.170154 
2.11965e-05 9.43634e-05 0.000267632 9.12137 1.88161e-05 1190.28 4.45425e-05 7.1706e-05 9.63205e-05 336.991 1.71476 0.026439 7.19152 0.00365318 1.15552 0.0830852 0.181514 6.04335 
0.00650913 0.000527965 4.33995 0.0960697 0.468731 0.252756 0.00136822 1.09268e-05 0.306131 168.043 0.0106039 115.376 0.038658 0.000495288 0.0470954 20.1613 0.000111357 7.6243e-05 
8.15384 0.156214 6.32469e-05 0.00133568 5.73935 1186.22 2.61109e-05 0.00195489 0.0406857 67.7834 8.78435e-05 30.3272 3.74062 0.314146 0.109762 3.72185 0.0909028 0.000964351 
0.0260206 0.0995953 0.00135292 5.57552e-05 0.000192433 8.73986 2.40454 0.000141467 4.16226e-05 0.280289 0.0158768 7.86009 0.00455991 0.105035 1.65965 37.4834 0.340724 0.00166547 
0.00488866 0.0331283 5.3253 0.00022538 0.507649 1805.33 0.000449981 0.663851 0.0011267 104.479 2.22553e-05 0.0179748 0.0868895 1.21846e-05 0.000787175 33.8628 0.00176989 1.45062 
0.000858944 0.00166796 1.01731 5.42795e-05 0.000478913 660.629 0.00338495 4.76091e-05 0.282508 1.38809 3.13292e-05 0.171196 7.26039e-05 0.00494331 0.257321 0.191976 0.0179491 2.20371 
0.338536 0.0413763 0.00015356 0.0179271 0.0216419 142.586 0.290564 0.0559223 0.000471394 0.496521 0.00152788 9.86334 7.43316 7.4668e-05 0.712684 17.4227 0.000366793 0.459385 
1.54207e-05 0.00132821 0.00552277 9.32911e-05 6.30408e-05 48.9425 3.18404 0.0235773 0.0967195 14.6387 0.00264972 0.0992361 1.102e-05 0.000273785 0.100146 1.63103 2.03973e-05 0.143975 
0.00106887 2.63485 9.75278e-05 1.06683 5.52016 708.863 0.000785893 0.00318366 0.346323 1.0607 4.3994 95.7984 0.0546384 0.00116442 0.099279 0.49055 0.0142643 7.84861e-05 
9.33841 0.00131222 0.00513586 0.0376499 7.10977e-05 76.5428 3.47023e-05 0.00555552 0.000751499 390.241 2.6715 18.3158 0.00160902 1.88838e-05 5.49128 19.278 0.00101935 7.09549 
3.56288 1.69417 9.82187e-05 0.000278053 0.00453039 1.29648 3.55967 0.00294536 4.7695e-05 12.0519 0.192568 0.0221241 0.045174 2.38685e-05 0.0966771 2.94349 0.00010637 0.0523868 
0.479648 0.0440902 3.42359e-05 8.84644e-05 0.00156239 1490.79 0.0470658 0.559049 0.000185573 24.7292 0.00879392 14.9949 6.06956 0.212504 3.01639e-05 5.4914 1.54708e-05 0.000194734 
2.24215e-05 0.736291 0.000820866 0.00066589 2.29206 50.9611 2.88926 1.84998e-05 0.00156633 0.0532555 0.000110539 217.656 0.000729648 0.953141 0.000125184 1.29516 0.00650369 0.000609263 
0.0754182 0.657539 1.91763 5.65482e-05 0.000110248 33.1802 3.62872 0.000264103 7.98442e-05 0.0409262 0.0956051 53.8592 0.000369018 0.000164237 1.7675 0.232814 0.0404245 3.03438 
0.519018 0.0052001 0.0570086 1.00445e-05 1.16149 0.167959 0.0039591 0.00364888 7.16173e-05 10.1457 1.44155e-05 85.7481 0.00190379 0.0905243 0.0135289 0.135025 0.388955 0.316649 
7.20256 0.000325881 0.231444 0.000251363 0.0459123 73.0434 0.00275695 4.36867 0.000943677 0.0264707 0.0019579 0.156895 6.07915 2.95494e-05 0.0233493 0.0101774 1.09574e-05 3.3933 
1.54241e-05 0.00327152 0.000222899 0.000198958 2.98148e-05 0.44358 1.13034 0.44567 0.56885 20.861 0.000221842 164.591 0.00133398 0.00425005 0.00868531 0.142714 1.50816e-05 1.14175 
0.0147915 2.01671 0.854182 0.0144977 0.199347 152.358 3.14185e-05 0.00116963 0.000395519 2.25449 0.00167051 0.155685 0.00110279 0.157406 3.19498 37.5193 2.92263e-05 0.770476 
3.23694e-05 0.105715 2.73778 0.000582432 0.00135919 0.0532132 4.35534 0.000313271 0.04331 0.66301 0.0474635 7.56136 8.88674 0.00024283 1.41954 0.015503 0.000354812 1.47243 
5.75548e-05 8.64732e-05 0.0309376 0.0865082 0.000888623 0.972295 0.0126919 1.15911e-05 0.0922575 34.7093 5.85192 0.2768 0.00162899 0.962892 0.00333591 1.35578 0.00262478 0.000394813 
0.000982299 6.86342 0.013224 0.0249585 0.169708 1583.54 0.415275 6.2725e-05 2.1162e-05 2.91259 0.52558 3.16647 0.0082094 0.00529413 1.10391e-05 38.2379 0.438691 0.00564807 
3.54132 0.749061 0.0415652 0.00152135 1.49462e-05 389.049 0.00848269 0.000125101 0.000761876 0.800064 7.5981 22.4829 0.333618 0.0121055 9.10236 0.0299296 9.12398e-05 9.67095 
4.07733 0.497343 0.000538845 4.38274 0.0190619 1.61453 4.52403e-05 0.00184244 0.301594 0.406255 0.00124363 51.8433 0.0835071 0.00621947 1.11178e-05 0.226575 7.55587e-05 2.30545 
0.000556989 0.00154356 5.39262e-05 0.0110932 0.000218981 0.140101 6.75531e-05 0.000753856 0.070097 2.65788 0.0180086 0.0199468 0.00672102 0.00469268 0.0773792 4.29114 0.00560964 0.0114751 
2.59968e-05 0.000214796 0.00169356 0.28093 0.905719 1.16111 5.14757e-05 2.38903 0.000175262 0.158946 0.0617846 0.619871 0.00603585 3.16496e-05 0.00147196 0.576516 2.74639e-05 3.12639 
0.000770548 0.00894739 0.0229717 9.20126 0.000704596 10.5952 0.0283084 1.26986e-05 0.0256629 0.0196652 0.000381484 225.328 0.001089 0.00190781 0.000833828 2.78396 0.39591 0.159099 
2.46991 0.000121224 1.2491 0.0265187 0.00504262 269.776 0.00940169 4.16514e-05 1.92176e-05 1.02943 0.000106292 0.0680666 0.00379593 0.00716302 0.0656198 0.505013 0.593214 6.04903 
0.132164 0.000146307 0.000615553 0.00693553 0.000355143 0.517653 0.000944634 0.0223934 0.019296 92.5527 0.00956291 282.536 0.120987 0.00255372 2.40344e-05 1.32939 0.00299543 0.184499 
8.24396 5.45905e-05 1.05614e-05 1.44244 0.000202153 0.0324611 0.543658 3.4842 5.47596e-05 138.74 1.6721e-05 0.97192 0.0402645 0.000485047 0.0234194 4.24911 0.731405 0.370631 
0.27749 4.0109 0.0276176 8.01617e-05 3.10177 0.0212898 0.000402684 7.25921 1.90809e-05 4.90579 0.000362867 0.324874 1.06985e-05 9.27403e-05 4.84652 22.3996 0.00031182 0.595603 
0.263178 1.74198 6.22607 4.13585 0.0572253 0.0113857 0.0430852 0.0176279 0.0100397 0.0245095 7.62581 0.141355 0.813368 0.240895 1.88497 0.362613 0.473213 0.0400259 
0.00115132 2.38776e-05 0.0533619 0.0627281 0.889135 11.7309 0.000253211 0.282193 4.13619e-05 24.2924 0.00122707 298.935 0.00798377 0.0357477 1.4524e-05 4.10749 0.958231 0.0680709 
3.06884e-05 0.018271 0.000149109 0.0286583 0.0074986 85.2824 0.000204634 0.00209149 0.306893 0.336895 0.193008 4.15373 3.0139e-05 0.00833365 0.181604 0.010283 0.0357424 8.16254 
9.84146 2.2935e-05 0.0024859 0.253157 0.19633 329.16 7.34786 1.93311 1.37011e-05 0.184631 0.0058564 1.43414 1.22299e-05 0.000207175 1.02622 11.5045 1.11097e-05 0.0439442 
0.000955812 1.73661e-05 0.0067697 0.929926 0.552683 0.0209021 0.0736121 3.80059e-05 0.00313451 0.0332 2.08533 0.0300003 0.123664 0.151118 0.000260231 37.5439 0.0101953 0.000125622 
4.4906e-05 0.012196 0.67386 0.18771 0.087166 61.7246 0.000120699 0.000372759 0.00357682 7.70163 0.00826248 0.506636 1.67421 0.00115065 0.000439223 30.5122 4.11414e-05 0.494279 
8.53413e-05 0.0408374 0.0774304 0.062772 0.152697 0.133171 0.0133872 1.61893e-05 0.00744914 0.4698 0.0024287 0.461278 7.17905 0.752084 5.37757e-05 0.41638 4.3881e-05 9.22594 
0.000381142 0.00500178 0.0770074 0.00109189 6.95573e-05 692.039 0.0766752 3.69676e-05 0.072094 0.181873 0.0478422 4.82331 6.65738e-05 0.169189 0.00564046 19.6635 0.0121186 0.000258412 
0.00579604 2.33552e-05 0.000132789 0.0121916 2.70285e-05 0.762353 0.00115101 0.00129272 0.00781621 0.0955767 1.31941 3.558 0.046794 0.00882781 0.000129993 3.21434 0.0108265 1.27557 
0.00353582 5.60907 0.00563718 0.0176256 0.00881297 959.476 0.00249632 2.60256 0.00471804 2.20474 0.000849881 0.0267198 9.10069e-05 0.0221201 0.000169642 44.769 0.44042 0.00186492 
1.16145e-05 0.011034 5.60954e-05 1.68117 0.000410326 594.629 0.000110543 0.00917719 0.000134713 0.0593246 0.160007 2.40964 1.26269e-05 0.000108453 1.39704e-05 1.28817 0.00996262 0.573629 
2.81576e-05 0.173054 0.0170899 3.02782e-05 0.00251552 74.3042 0.582008 0.0908267 7.47245e-05 39.8436 0.00018903 0.0142832 0.0191797 0.00219358 0.0500705 0.667397 3.80064e-05 0.541588 
0.0179822 0.54451 0.141167 0.00212708 7.37116 1.96808 0.014304 1.70519e-05 0.0655305 0.0132214 1.07619 0.106639 0.000408765 3.02064e-05 9.58726 3.21375 0.000208918 0.719784 
8.02911 5.46526 0.75725 0.000336199 0.000273773 0.0782024 0.000346357 0.00108002 0.0516503 79.8673 2.7025 7.15478 0.273616 4.25515e-05 4.83104e-05 1.17124 1.03183e-05 0.0264238 
2.65747 7.50788e-05 1.86311 0.00125425 0.000336687 166.637 0.00522807 0.0322631 0.00548504 0.283089 0.196706 0.128403 3.54343 1.09876e-05 0.554222 0.532474 0.000391284 0.0118422 
0.236393 0.0083867 0.000290658 0.0181964 0.000819259 73.3773 0.00143293 8.79119 1.07734e-05 17.313 1.88782e-05 0.0571279 0.0927567 0.228476 4.43843e-05 0.0211063 0.000107878 0.393373 
0.00216352 0.0338795 5.67224e-05 1.23667 0.00370363 1198.16 0.00014347 4.40553e-05 0.679984 0.0643863 0.129845 5.88601 0.0635668 0.000936932 0.000559038 0.682516 0.000210443 0.00561022 
0.000105821 4.03351 0.00132339 9.4532e-05 0.172076 0.229238 0.000332577 0.00271016 0.8528 302.269 0.0115195 20.3044 0.807682 0.000108443 0.204405 10.2091 0.129211 0.00256679 
0.0383623 0.069273 0.00059199 0.00782157 0.00065303 20.4436 0.0268406 2.69881e-05 0.0158054 165.558 0.000534607 0.0308443 7.88713e-05 0.342828 0.000138356 0.552371 0.892973 0.0754745 
0.00330547 0.359937 0.000113503 0.0965524 0.00144994 9.61744 1.09712 3.28775 0.447449 3.42042 0.0951303 0.0435124 1.16682 0.315315 0.00129953 0.643146 0.000212228 0.00673928 
0.00018852 0.00116999 0.00855516 0.00801717 1.57067 0.0765806 0.456032 6.45889 0.0245236 144.217 3.21536 10.9264 9.40964 0.93731 0.0113575 2.57331 0.00274492 0.00060644 
0.629319 0.152781 2.04829 0.00130722 0.00149731 126.056 0.00373409 1.47524e-05 0.000208577 3.82467 0.00269761 16.9026 0.030934 0.207448 2.66964e-05 4.20933 0.0154183 0.00222697 
0.140456 0.000111211 1.17957e-05 0.211883 0.00668841 5.46861 0.00631798 2.27953 1.24339e-05 27.1301 7.10389 27.3813 4.42298 4.09064e-05 0.0124377 0.116955 0.128061 0.0485575 
0.000391525 0.000122569 0.00104369 4.5581e-05 1.44878 2.08661 0.911094 0.000502193 2.60235e-05 219.635 5.05123e-05 375.456 0.366066 0.0158336 0.00443169 0.814926 0.758188 0.797831 
0.000223905 1.14289 1.54126 5.5085e-05 0.00142357 3.51961 0.00797679 1.47661 0.0216377 0.0139216 0.000403605 0.508862 3.44727e-05 0.000298223 0.00740537 20.0226 0.000155889 0.0113122 
2.61992e-05 0.003548 0.0059959 0.000149579 0.29925 13.6714 0.01475 1.69432e-05 0.0963136 0.456908 0.00611088 0.18516 0.232447 0.383008 2.84852e-05 4.95629 0.00219218 0.0010617 
0.0589141 3.2287 0.638238 0.165113 8.35565 37.7652 1.90769 7.97436e-05 6.38204e-05 0.232833 0.00090891 2.53762 1.96686e-05 0.412596 0.00310499 0.0539909 0.0392491 0.104609 
2.43459e-05 0.000156344 0.0101596 0.000655224 2.04661 82.2558 0.000903231 0.00774517 0.0778497 0.017312 0.000680685 55.4977 0.0818524 0.0587048 0.0983521 33.3437 0.00556048 0.0287466 
0.00898843 0.000318691 3.39964 0.472428 4.68901e-05 411.592 0.0176864 0.00170608 5.56818e-05 1.38199 0.00301182 296.365 2.08654e-05 0.192321 0.0199091 2.91443 0.00237189 0.00291214 
0.556897 0.797183 0.000565322 0.00390338 1.12546e-05 0.170717 0.0168812 0.62359 0.271982 64.3562 1.29427 415.619 0.00350031 0.00511507 0.000205679 9.40071 0.00116308 5.65906e-05 
0.00562535 0.0457882 9.91834 0.0163789 0.084627 444.666 0.000248071 0.000476806 0.127664 136.212 0.0818105 0.0168434 0.213986 0.000138026 4.3857e-05 32.1646 0.040783 0.0146361 
0.00459893 3.24214e-05 0.00323772 1.28 0.141177 1.61642 0.121624 0.00525462 0.379551 0.378407 8.8653 0.0305497 0.0163857 0.00143896 0.00422675 1.20496 0.837133 0.430122 
0.000355968 0.000192607 0.226225 0.00532486 0.00874587 8.82489 0.394782 0.00893142 0.22222 80.6143 0.0936168 0.623731 5.52968e-05 0.000874146 0.00448893 12.3733 0.00719727 0.0241457 
0.0611083 4.34393e-05 0.0029575 0.902426 0.00306215 0.779123 0.000296399 1.11048e-05 0.638694 365.97 2.47717e-05 177.817 4.20019 0.0591125 0.563922 14.9169 0.000554553 0.00192811 
0.000258836 8.67387e-05 0.000912387 1.85326 0.000302347 0.0530776 0.00570174 0.0543453 0.000435194 0.0415057 0.710903 0.0206022 0.11143 0.149517 3.9758e-05 33.047 9.36996 0.309702 
0.00012122 5.82622 0.0181275 6.58957 0.00800545 162.696 0.0159267 0.00457586 0.00135935 0.171942 0.0026135 408.152 1.10967 0.230021 0.218773 0.035607 0.00857346 1.52361 
3.02918e-05 0.000837936 0.00110754 6.52666e-05 0.423668 1013.27 0.0159566 0.000297919 0.102179 0.0129978 0.202808 1.71713 0.00297629 0.000253538 0.000261429 31.8533 2.66982e-05 0.00643437 
0.375862 0.00108201 0.0469732 1.03963 2.86977e-05 0.318298 1.66729 9.23364 0.00406832 2.61787 3.24689e-05 0.0726756 0.000376737 0.225475 2.88664e-05 0.110855 1.01344 3.69245 
0.0310923 5.20868e-05 4.61597e-05 4.19372e-05 1.11504e-05 0.0108697 0.0166927 1.57277 0.049185 14.5284 0.000260672 1.01101 0.0509362 0.0487982 0.0164243 2.28695 0.0338141 0.0355362 
1.26235e-05 2.00609e-05 8.47164e-05 0.093566 1.82323 488.363 2.01162 0.119157 0.72349 1.62729 9.0745 16.5261 0.00127839 0.000118867 0.00190605 0.539275 0.0167265 0.0021377 
0.00122864 4.07486e-05 0.000801847 0.000144195 0.0400047 5.82293 0.0058026 6.94201e-05 0.00203524 0.0139254 0.97352 145.728 0.00250216 0.0136849 0.325107 0.304577 0.0148607 0.0387105 
0.00963026 0.000102792 1.05032e-05 4.38922e-05 3.73415 64.1759 1.66917 1.56346 0.000124574 0.0134473 0.000132374 4.03802 0.151087 0.000305183 0.000213996 3.67199 0.668112 2.16314 
0.345554 0.0028039 0.00262557 1.07314e-05 0.000116169 121.962 0.000251228 6.17945 1.28571e-05 0.244318 1.28659 2.94736 0.801671 0.0311151 5.99703e-05 0.628055 0.00398391 0.0187479 
1.56919 3.03888e-05 0.822785 0.000122056 1.76634 1.55554 0.00131335 0.0761926 0.0119097 12.541 0.417508 360.685 0.695241 0.00938851 0.00201132 0.0737998 6.02064e-05 2.09476 
0.103756 0.0031526 0.754148 0.000647067 0.00184325 1.41274 0.00861875 0.00999493 2.63239e-05 9.45832 0.190912 25.1641 0.000463633 2.00397e-05 0.0109631 23.5417 0.000257549 0.0190348 
6.90496e-05 0.00114522 0.00477355 0.000122456 2.71412e-05 592.17 2.27881 0.961632 5.91624e-05 28.3234 3.7132e-05 72.1371 5.4893 1.33749e-05 0.0540185 24.4294 0.571365 2.46331 
0.000307059 0.00532507 0.00231961 0.0425713 3.98319e-05 350.409 0.0468834 2.24043e-05 0.0222644 2.30924 0.000703368 60.3184 9.63714e-05 0.000243659 0.0101642 2.3617 0.938856 7.30046 
0.00184614 0.0202863 0.000452887 0.426405 4.95452e-05 904.487 0.00387727 0.000119653 0.305223 0.475036 0.308839 0.443203 0.0603458 1.00694e-05 0.028065 13.7538 0.228976 1.79613 
1.7995 0.0042189 0.000136413 0.00131179 0.00282279 1.52731 6.40528 8.18627 0.220163 0.283232 0.00717594 0.861087 0.641969 0.126064 0.0130847 0.0294634 0.000409099 8.94682 
0.389926 6.71722e-05 0.255931 1.42474e-05 0.000380052 0.0181692 0.00241056 5.91894 0.0152302 0.0119631 0.0127831 43.6035 0.0204632 0.068058 1.272 22.151 0.000303407 0.00423374 
0.175759 0.031778 0.152438 1.81529e-05 0.0865513 133.462 0.323486 0.0397223 0.00439095 0.0108363 0.00303963 0.174572 2.88387e-05 0.000370471 6.01545e-05 1.2887 0.000135445 1.39582 
0.00223418 0.00134051 0.00934724 1.34667 0.544898 2947.04 0.0083137 0.00146671 0.592848 0.10481 0.00226846 232.244 0.807236 0.00791048 0.0141052 0.478743 0.00820187 0.0112065 
0.0111763 2.78471 1.42963e-05 0.128121 0.000138636 2.00898 0.749613 0.000254615 8.80307e-05 0.417982 0.241653 0.0220076 1.67808e-05 0.0596936 0.00025282 36.5391 0.0328277 0.00176545 
0.485293 1.68915 0.126449 1.11242 1.92088 0.236703 0.120847 7.7687e-05 0.00130542 0.932442 0.000435433 17.0031 0.000420455 0.00137769 3.24333 1.68104 0.00174679 6.89809 
0.00776896 0.113728 0.631871 2.17031 0.0481287 1634.08 0.187964 0.00341699 0.156217 1.30207 1.59465 6.22446 0.90793 0.253192 0.00142479 34.3119 0.365612 0.000520588 
6.61158 0.028386 0.0790907 0.000576933 5.47069e-05 0.676971 5.43386 0.0145141 0.0988256 0.0145436 7.52911e-05 0.490439 0.0005808 0.0972223 0.536673 1.71221 0.0269145 0.0327609 
0.010494 1.90275e-05 0.118141 1.12609e-05 0.000909904 19.6261 4.0468 0.00114072 0.671329 6.31713 1.74496 144.291 0.197953 0.000395549 0.0176815 0.0341469 6.46099e-05 0.0208877 
0.920127 0.0758273 5.04991e-05 1.79677e-05 4.78849e-05 1.48253 0.00046006 0.00818343 0.00331247 0.890175 0.0716445 33.3194 4.70588e-05 0.0061976 0.213839 0.463569 0.000637855 2.26733 
3.2006e-05 6.31916 0.400473 0.000246017 1.15853 0.171392 0.00967698 0.000536383 0.0125165 0.0732724 2.49616e-05 0.0153195 1.47792e-05 0.534968 0.00189508 31.916 0.000108826 0.00474437 
0.00128803 0.0588136 0.00220823 0.0979182 0.217237 1465.47 0.0318721 1.80237e-05 0.589373 0.0172489 2.2678e-05 12.8546 0.233294 0.269895 0.00468296 4.66357 0.835082 0.0241513 
0.421327 0.00280287 0.00133377 1.86024e-05 0.0120244 7.82855 0.000360467 5.26479e-05 0.0363072 0.0299919 2.4336 2.18025 0.0427862 0.856055 2.31363 8.78686 0.284359 0.00762864 
0.284935 0.0889286 1.40904e-05 3.67654e-05 4.16299e-05 0.0985262 5.64253e-05 0.000653347 0.0780063 0.0584311 0.00392335 5.7376 8.48437 0.000445348 6.36003e-05 1.76242 0.00211038 0.0136731 
0.00439079 1.74144e-05 7.83241e-05 0.0137889 0.0142336 2.32361 0.0610059 0.000743399 0.00894431 0.0472628 0.0640727 238.412 0.000109526 0.0386727 2.90232e-05 0.03719 0.000440764 1.20396 
2.41483e-05 0.00599425 6.81309e-05 0.0119028 0.00395602 0.221769 6.44929e-05 0.00201044 0.0708939 23.2696 0.00195329 8.17139 0.106387 0.0134259 3.84772 22.4974 0.202692 0.0695243 
0.00045511 2.09994 6.43492e-05 3.45937 1.4411e-05 1372.1 0.0013157 1.24661 0.00121987 7.17684 0.000222975 0.0765901 4.18556 0.00630998 2.24957 4.78308 0.0200315 0.187998 
2.62317 0.0404527 0.105239 3.92263e-05 0.000132294 2.60419 1.25587 0.014667 4.33238e-05 0.0715687 9.07636 31.0123 0.0268293 0.269002 1.10739 2.16247 3.18613e-05 0.0258719 
0.00258186 1.09655e-05 0.0168533 5.81006 0.113147 23.7752 8.07475 0.000540021 0.0186588 16.8876 0.000443804 0.178631 0.000238183 0.140831 0.000175094 7.02127 0.010871 0.00529334 
0.0263741 0.0181336 0.00913185 1.16004e-05 4.58554e-05 11.9341 0.0405189 0.979862 0.224567 0.830252 0.00327655 0.106943 0.0010816 0.0764453 0.00405576 10.2602 0.0331398 0.00687974 
0.0761251 3.95195 2.37807 0.0101506 0.00172768 4.47751 0.00108519 0.00155995 0.0694114 204.056 0.00343637 10.5465 0.000440515 0.0895778 2.4726 0.346951 0.00289516 3.03612 
0.0017534 2.69501 0.0114996 0.00309441 0.0626845 1.98297 0.000126058 0.0847261 0.0325108 0.513925 5.59942 2.21379 0.626333 0.00332496 5.6233e-05 2.0817 0.000268973 0.102527 
2.75521e-05 0.00157365 4.94906e-05 0.00042588 0.000154436 0.86232 0.822096 3.03556e-05 1.35737e-05 0.0172146 0.453202 236.099 2.96123 3.09466e-05 0.0276837 44.1322 5.71865e-05 0.000222861 
0.0122636 3.19225e-05 0.5492 0.0867208 0.000432514 12.3016 0.0077735 0.0308313 0.00238537 0.323227 0.0215341 1.27166 0.99658 8.41369e-05 0.00259812 1.95543 0.297281 0.180139 
0.00013658 0.146518 0.303619 3.88394 3.59531e-05 20.6785 0.0530221 0.0247235 0.0113573 0.973288 7.90801e-05 0.622438 0.193469 0.804151 0.0233358 0.0784188 0.0182592 0.227419 
0.000391031 0.00710949 2.17888 0.160365 0.000505703 483.337 0.0268675 0.564076 0.00439252 0.249072 0.000566291 452.197 1.2841e-05 0.000330522 0.00846777 2.72873 1.01885 0.57294 
0.0468301 3.95089e-05 1.35038 0.184946 3.06438e-05 0.0110442 0.000182763 0.0589268 0.273312 0.894987 5.24441 0.218104 0.942752 0.0112342 8.46934 0.938992 0.00696433 0.719768 
0.000335967 0.000120121 0.386751 4.66938e-05 0.000229263 23.2897 1.28297e-05 3.46421 0.0047818 1.24401 1.39489 0.0194316 4.73945 0.00208577 0.00291833 0.0605079 0.00323534 0.18087 
0.0832131 7.63481 1.41258e-05 0.00251188 0.000385923 0.381258 0.157273 0.000186568 0.198726 37.7026 3.868 0.0110037 6.07038 0.183057 8.04705e-05 0.0481461 4.57053e-05 0.519527 
5.35116e-05 0.144293 0.251717 0.635575 9.47807 25.3518 8.60316e-05 0.000116647 6.5504e-05 7.07044 0.114549 0.0225755 7.42973 7.52046e-05 0.00282225 19.7324 0.306943 0.00329588 
0.00155988 8.64146e-05 0.00318527 2.44277 0.121479 0.0385811 0.786512 2.8253 0.00736375 0.123782 0.0360006 0.238336 0.682741 0.857944 1.4805 0.372693 0.0014976 0.0649862 
0.112669 0.284819 2.43026e-05 8.51615 0.234153 378.45 5.93375 0.00152392 0.00907173 4.63989 0.0275341 68.6925 0.00507732 0.109879 2.39096e-05 0.259124 1.73762e-05 0.319085 
0.33303 3.81379e-05 0.0154152 1.36041 0.0728274 18.804 0.941414 0.00294869 9.6116e-05 0.0108746 0.016427 0.0728628 0.168064 0.0207018 0.00410374 7.20279 0.023491 1.31641 
0.270516 0.00364602 0.00995713 1.25521e-05 0.00115774 25.0175 8.33134e-05 2.88569e-05 0.424284 3.43934 0.30101 0.025718 0.00180872 0.00268357 0.0202765 3.95495 0.00513225 0.180088 
0.0103634 0.00279389 1.06619 0.000457358 0.177657 171.932 1.80264e-05 2.86071e-05 0.77895 156.162 1.71088e-05 0.73891 3.74052 0.623029 1.03146 35.1199 1.46033e-05 0.00103791 
0.000117221 0.0819482 0.000144802 0.00502452 0.00392774 115.332 1.84782 0.0202914 1.1039e-05 0.0284833 1.02101 0.183781 0.00107776 0.119953 0.000206193 0.240384 1.16677e-05 1.71736 
0.000378606 0.0160515 0.000164436 0.00900914 0.0473943 240.016 3.75047 0.159519 0.149358 122.502 0.00112483 0.75554 7.70853e-05 0.000143005 0.000784776 49.2003 0.000136918 1.23986 
0.238449 2.95812 6.08443 0.00117472 0.397176 5.14038 1.53425e-05 2.64971 0.000121728 373.079 3.4639 0.086411 0.000129797 0.319835 1.72913e-05 2.11631 0.152078 0.277645 
0.0400811 1.4258e-05 4.62242 2.69633 4.09679e-05 8.93945 2.87517 0.000175106 1.59346e-05 0.654879 0.00404162 293.752 1.61053 0.00108824 0.000451738 21.3515 3.16732e-05 0.0455367 
0.60559 6.66881 1.0725 3.08774e-05 3.97212e-05 0.175981 1.12778 2.16015 0.000408194 0.154179 0.395511 19.8563 0.00107531 1.38187e-05 0.00679972 29.8987 0.0724578 0.00884405 
0.00201455 3.65105 0.00304255 0.0165471 0.199912 0.0117338 7.38447e-05 0.0734828 0.292901 360.89 1.38677 0.017543 0.438148 0.0946631 0.00179501 22.0862 1.21608e-05 0.00465435 
0.488947 0.00198653 1.90612 0.0425289 0.961439 725.469 0.0363606 0.0151004 0.272179 0.209703 2.45828 1.13167 7.21376 0.0483319 0.00109246 5.30764 0.00316459 0.00241397 
0.0615684 0.00364357 3.28047 0.0331017 2.15922 2.19768 4.09654e-05 3.01141e-05 2.11459e-05 3.11277 0.0242856 1.95583 0.00116317 0.00281684 0.0117377 12.6018 0.000810959 0.0704249 
3.87151 0.000199188 2.54929 0.000106484 0.224353 0.229356 0.0763069 1.39911 2.93504e-05 320.919 0.0606991 4.02016 0.00197541 0.238461 1.55969e-05 0.821112 1.31333e-05 8.53788 
0.000634924 0.0520277 5.9178e-05 0.000198939 0.013235 86.129 0.521179 0.000147458 0.0294577 31.4049 0.024689 5.87748 0.00935098 0.000780733 1.74766 21.8454 0.000572161 1.74081 
0.0123613 0.954682 0.062904 9.62155e-05 0.0467926 82.8568 0.285183 0.000441006 0.000660453 20.4147 1.47869 0.102609 0.0715608 0.962196 0.00826379 0.815868 0.00478894 0.063856 
0.545 0.0026456 0.365574 5.35207e-05 2.00008e-05 0.0257321 0.00925327 0.00245722 0.000522628 10.7043 1.16651e-05 21.0933 0.000206002 0.622576 0.000321147 0.126207 0.0646341 0.263203 
2.63512 9.87281e-05 0.535756 0.0959179 0.000108226 0.546324 0.000118447 4.97066 0.0440476 0.0913335 0.264261 4.12975 0.00533888 0.772953 0.0187756 21.0096 0.00945643 0.00139739 
0.265008 0.049103 0.00177576 0.0010259 6.36368 0.0397225 0.000967388 0.000307657 1.90547e-05 0.863688 0.00336654 323.065 3.01331 3.46387e-05 4.81802 2.7419 2.25424e-05 0.952885 
0.000124065 0.496558 0.117378 1.08467e-05 1.34062 1492.19 0.0181324 4.05289e-05 0.000126468 20.132 0.011599 0.0257219 0.133163 0.219825 0.00719147 0.298375 0.0003728 0.3246 
0.000117661 5.40568 1.04238 0.000143438 0.00349867 39.7656 0.000654659 0.32927 0.541508 410.596 0.051503 0.989907 5.13968e-05 0.369074 0.000294738 41.1235 0.00160688 0.00193634 
0.00286894 0.0129551 0.301057 7.08566e-05 2.78843e-05 38.4589 3.82203e-05 0.123232 0.00265506 0.376629 0.023911 454.803 0.00705317 0.103441 0.0127279 8.96239 0.00108489 0.0395232 
2.92861e-05 0.0573308 0.112096 0.00175293 0.00166683 12.5243 3.87219e-05 4.92672e-05 0.0651987 227.179 0.000124714 0.102368 6.4927e-05 0.0534485 7.50482e-05 1.95228 1.81709 3.50333 
0.090404 1.71149e-05 0.0177445 0.196961 0.016152 0.380067 0.000270415 2.12254e-05 0.000133864 1.9927 6.17352 0.0760882 1.87997 4.76559e-05 0.0137633 0.0655371 7.70922e-05 0.591285 
2.04921 2.07026e-05 3.08635e-05 0.000109666 0.851259 2.44655 0.000345318 0.00143982 0.00567949 1.21844 4.12574 66.5612 0.000172595 0.00204672 2.09379 1.69096 1.68323e-05 0.0366804 
0.000567214 1.79384e-05 0.441042 0.00018092 0.00148779 0.82362 0.155788 9.0843 0.0479103 1.28691 0.00256019 240.889 0.0380697 5.90592e-05 0.0814181 0.19498 0.000272663 1.66276 
0.00851 3.98051 0.155516 0.119508 3.95757 0.139429 3.1754e-05 0.00215657 1.21551e-05 12.5093 0.0103851 9.2692 0.000219345 0.0160141 1.79087e-05 0.955461 0.000185884 3.49234 
2.64617e-05 0.064428 0.0138371 1.09287e-05 1.02853 12.7739 5.32716 3.9236 0.00143419 105.956 1.07534 354.428 0.000432996 0.472537 0.0117412 3.04354 7.07837e-05 0.0145575 
3.64734 0.86089 2.85895e-05 0.00662051 0.0113204 0.0152217 0.00140815 0.00318405 0.0437433 0.263642 0.000158245 13.1447 5.26602e-05 0.0406491 2.06099e-05 10.2366 0.0377689 0.0558188 
9.33895 0.22066 0.281381 7.50985e-05 0.010687 57.51 3.76791e-05 1.07645e-05 0.0126363 5.69956 1.44011e-05 281.645 0.0807814 0.178798 0.275817 2.88797 0.000324422 0.229385 
0.272661 0.0391727 0.000116937 0.000134866 0.043981 17.0692 2.16551e-05 0.112189 0.000456626 0.0101512 0.451814 28.6208 2.19023 0.929919 6.18378e-05 0.0320276 0.0246661 1.68331 
0.00200791 1.67255 0.00205857 6.54986 0.0171417 63.9222 0.501831 8.88496 7.7883e-05 0.280369 0.000703418 13.8933 0.0194925 0.648164 0.0786618 0.122096 0.00028341 0.41871 
0.483198 0.000194621 0.000217681 0.000373165 0.364651 0.0129456 0.531867 7.13408e-05 0.00213414 0.735221 1.79584e-05 0.403352 0.00338846 0.00153454 2.77999e-05 22.0504 9.47087e-05 0.628686 
0.199901 1.71486 0.000591311 0.0440545 3.45165 0.0149124 0.0164638 6.62569 0.172282 112.571 0.298295 0.0254179 9.06286 0.000254819 0.227245 14.7984 0.00364701 7.97519 
0.0957828 0.415812 0.030391 0.000991362 0.000675358 1445.26 0.545074 0.428619 1.82071e-05 0.163468 7.90215 16.4611 0.00309659 0.00436255 0.00235305 30.5556 5.7318e-05 0.0482612 
2.97995e-05 1.30818e-05 0.000884966 3.32805 5.60846 0.0368884 0.000326931 0.00114984 0.10522 0.296437 0.000125008 62.8271 3.08799 0.459462 3.37237e-05 0.0709985 0.00341325 3.26117 
7.96609e-05 8.43856 0.000161383 0.0497427 0.000257849 0.0528185 0.0844419 5.55574 0.1002 0.143895 0.0691216 0.769046 5.24554e-05 1.83538e-05 0.0011825 19.321 0.183525 0.253578 
0.0740347 9.5583 0.00113468 0.0187014 6.02938 2946.02 1.96106e-05 0.00458846 0.00182643 47.7495 0.257998 286.128 0.0159636 0.0876353 0.526326 39.4514 0.00020435 9.56312 
1.59094e-05 6.09724 8.95334e-05 0.0635787 8.75977e-05 0.0180016 0.00624005 0.0143619 6.16229e-05 0.0319694 1.26408 0.0285811 2.21429e-05 1.71156e-05 0.000420138 8.09463 0.00531671 2.54868 
8.98152e-05 0.0127358 0.000272621 0.160568 0.000838861 0.812051 0.00213298 6.6852e-05 4.66707e-05 387.01 2.0786e-05 5.71384 0.596378 4.39542e-05 0.00214794 4.72149 0.0516921 6.10812 
2.12653e-05 0.250428 0.764671 2.99878 0.155481 1.32268 0.432985 0.354489 0.0250387 14.5114 0.322835 166.802 0.0100716 0.194136 0.0190001 0.0305901 0.00461886 3.51646 
4.72399 3.18618 3.2362 6.42021 0.00506086 0.813554 0.000253671 0.0240252 3.51443e-05 4.48207 0.176499 17.5043 0.00203738 0.0201941 0.0106905 4.66901 0.00261986 0.521402 
0.000665715 6.00788e-05 0.000409639 4.95749e-05 0.348716 99.2332 0.0635334 4.00706 0.000415449 19.3808 0.0893827 0.864246 0.000356261 0.3934 0.000249986 3.07198 1.03522 0.10734 
0.112574 0.130691 0.0140655 0.124355 0.357146 188.821 2.14107e-05 1.33718 3.59939e-05 0.0106173 0.107965 266.682 0.000807908 0.0209921 0.702134 30.9634 0.000108578 0.0395457 
0.00169465 1.51971 6.14319 0.000122279 0.00266266 124.292 0.00761227 1.66486 0.140057 0.0379725 0.00260703 1.27646 0.035694 0.254439 0.000504213 0.340633 0.0532227 1.38314 
0.000687417 0.0968195 0.00115887 0.0190584 1.45941e-05 1133.88 7.35191 0.0108784 8.00623e-05 51.4794 0.00720212 206.254 0.00378903 0.024547 0.00498536 2.44612 4.42257e-05 3.63513 
0.00016153 1.29131e-05 0.00234104 0.0043667 1.62308e-05 0.378663 0.00849852 0.000432308 0.00308413 1.86827 0.0109092 0.280379 7.98926e-05 0.0129904 0.271831 6.69364 0.164183 0.230959 
0.000505426 0.288224 0.00074045 0.042687 0.000214424 1559.34 0.00755848 3.88295e-05 4.09712e-05 0.274131 0.00403567 1.20579 0.0176302 0.145377 4.91273 17.9688 0.000128822 0.0901958 
0.000259171 1.5177 0.00100043 5.54314e-05 0.000581182 3.23512 0.278293 0.179422 0.00331484 77.5523 0.248177 9.60541 0.0168723 0.0306193 1.3878e-05 48.2492 0.220865 0.0942235 
0.000136608 0.0377183 0.0213479 0.000707798 1.30724e-05 266.841 0.0238071 0.197288 0.000277321 0.0175924 0.0823734 64.9526 2.88685e-05 0.00236698 0.0523674 6.186 0.00730313 0.929916 
1.12952 0.777783 1.42421e-05 0.0011202 0.797602 0.464003 0.00938947 0.000331292 0.00147291 9.39694 1.10426 7.09293 0.0257433 0.0126559 6.19288 9.46053 0.00377353 1.50441 
0.0271569 2.04079 0.00013966 0.000130888 2.71934e-05 2038.27 5.84419e-05 0.00661601 0.0221525 0.0901602 0.000299319 91.3036 0.0341657 0.00171681 5.13691 3.57647 0.00370996 4.78585 
0.0165505 1.22987e-05 0.0157421 0.00107097 0.101997 1.1481 1.5889 4.97615e-05 0.00107182 0.0295276 2.96052 196.405 2.97204 0.234127 6.82092e-05 0.444894 0.773277 0.32473 
0.00125561 0.000428689 0.308053 2.79124 5.0778e-05 1372.74 0.514239 6.13607 0.00013762 0.718468 5.03157e-05 3.81133 0.000188308 0.0149508 9.56913 18.7798 4.3072e-05 0.726395 
0.106178 0.000170061 5.00066e-05 0.0017495 7.64209e-05 1646.23 0.328087 0.00263095 0.486335 0.0754675 0.00278915 3.08972 3.07269e-05 0.0012428 0.000762892 29.9188 0.000495801 0.198594 
0.027386 1.74844e-05 2.16104e-05 0.801036 0.217764 11.8518 0.00228528 0.0178215 0.00347161 139.737 0.786421 0.0254275 0.311088 0.000152803 0.00278269 8.33184 2.33184e-05 0.369804 
0.257696 0.000340972 2.62864e-05 1.76285 0.53173 641.572 0.0142848 0.00440614 0.789637 6.54651 0.00880743 0.581845 0.0464005 0.00202361 0.137652 8.60515 0.000837402 0.709209 
0.0452151 0.0191435 0.000174881 1.09609 0.0047961 0.372541 0.160699 1.57699 2.01805e-05 0.367091 0.000265192 0.0765175 0.0346523 0.00162365 0.00206237 5.43616 0.00310759 8.00897 
0.000972614 0.00929345 0.316462 2.44077 0.000170037 289.348 2.11287 9.77543e-05 0.126366 0.0891184 0.00100813 1.99415 0.0811994 0.00155457 0.897932 27.0134 0.00325669 0.947837 
1.20635 3.48943e-05 2.13241e-05 1.34853 0.000110578 0.440898 5.41625e-05 0.0383745 0.00144599 0.660737 3.23031e-05 189.304 8.47979e-05 0.000830679 0.000458399 36.9166 0.000541595 0.120972 
0.0863616 0.00135168 0.0564861 1.13378e-05 0.191374 0.0639802 6.84614e-05 0.367771 0.396421 28.4712 0.00391589 0.342845 0.00201117 0.0533926 3.82187 4.57687 0.110983 3.11519 
4.40133 0.000227933 0.0148667 0.0245378 0.00749116 474.2 0.000533677 0.000204496 0.00560457 7.58021 0.00217027 0.267606 0.218563 0.000190769 0.0355184 5.55036 5.82002e-05 8.98894 
0.174953 0.00464081 1.60146 0.000885398 0.168832 212.33 0.0978432 0.00593615 6.45344e-05 90.2619 3.51457 21.8458 0.400577 0.00152352 0.312991 4.857 0.0336256 0.888895 
0.000211806 0.00013623 0.00386684 0.41605 3.05622e-05 1.02836 2.61727e-05 0.00302756 0.00016515 461.339 1.06271e-05 0.0119816 0.0573693 1.93497e-05 0.0155341 13.6668 0.195862 4.67818 
0.000142822 0.567065 1.51953 0.127319 0.000236492 413.049 0.000364789 0.000169997 0.00253959 328.877 1.64242 110.065 0.0260917 0.913345 4.95722 0.520677 0.00184124 3.00737 
0.000457301 0.900482 1.44844e-05 2.1718e-05 7.2841e-05 860.056 0.166934 0.945051 0.00410217 0.0476461 4.81414 339.435 2.38986e-05 0.0155405 0.00012444 0.330029 3.68741 1.00868 
0.000705299 3.32927 0.000827801 0.00428982 0.000124552 2117.94 0.0232855 0.000339108 0.00472543 43.0822 3.03912e-05 366.201 4.17819e-05 2.92115e-05 0.000605815 22.1415 0.000311886 5.01893 
0.00158676 7.41434 0.110771 0.0159035 0.18558 15.2421 0.948851 7.97293e-05 0.000854884 38.7453 6.57928e-05 6.3475 0.00161442 0.077904 0.00208472 5.49647 0.439293 0.658424 
0.364455 2.80835 7.25161e-05 8.63391 1.03855e-05 243.534 3.11014e-05 0.000168702 3.26164e-05 4.64395 0.297151 17.9779 0.0344484 0.0493337 0.000310596 1.21203 0.26877 4.98382 
1.63931e-05 0.00061521 2.37548e-05 0.00253729 4.00801 0.010598 9.16668 8.94513e-05 0.00199841 1.13251 9.61823 391.805 0.349777 0.221888 3.45609e-05 9.66754 4.48579 0.0491934 
0.265631 0.464408 4.87685e-05 0.132409 0.00179193 1559.72 2.61849e-05 4.02308e-05 0.226805 0.842468 0.000261169 0.108207 0.469231 0.000558065 0.277519 8.73242 0.000222128 5.1658 
0.00169083 0.151351 0.0015644 0.00870376 1.35303 0.0246142 6.48222 3.06199 0.0129068 0.0113525 2.54046 0.569181 2.87128e-05 2.79262e-05 1.78894 34.3914 0.0585066 2.36756 
2.18606e-05 0.0555635 1.27681e-05 2.51296 0.543234 7.81745 0.0785427 2.17665 0.0317299 0.422927 0.00020056 0.0155889 0.237743 0.00721458 0.302582 14.0061 0.0990628 0.785547 
0.0143425 0.00176466 1.06482 0.0110834 0.000119772 3.45782 4.55054e-05 0.00024133 0.0730132 0.102625 3.81177e-05 0.436978 0.00102483 0.291176 0.48779 22.2517 1.06341 0.473749 
0.382168 0.000261801 0.196556 6.63093e-05 1.2781 32.6049 0.19323 2.29198 0.023938 0.0345954 0.0255074 2.89425 0.00177151 0.00509889 1.49422e-05 36.2403 0.76599 1.22477 
0.00284328 0.423812 0.000130312 0.15639 0.0709519 2.75893 0.00518346 0.00704609 0.104523 0.278374 0.0377665 0.0117797 0.00668737 0.187266 0.093625 2.66074 0.661813 5.77136 
0.0214495 3.80354e-05 6.97717e-05 1.9449 0.0167843 85.2084 0.00081117 1.87668 0.027159 0.0819573 0.900506 0.183708 0.477502 0.187474 0.000111528 17.279 7.00929 2.84506 
5.66874e-05 0.000115482 2.72003e-05 1.67296 2.59893e-05 159.434 0.0186755 4.85081 3.09957e-05 37.9541 0.00241657 0.0145831 0.000241917 0.193031 1.59318 3.84916 0.302425 1.18394 
7.0168 8.66693 0.0371027 1.93421 3.17647e-05 431.363 0.0312021 1.56329 0.12505 146.779 2.00729 110.859 2.4453e-05 3.38047e-05 0.0212592 29.5724 4.55301 8.53619 
2.73157 1.37838e-05 0.000336009 5.56812 7.45665e-05 734.68 0.00148068 1.03846e-05 8.57203e-05 17.7892 0.267911 65.4741 0.2804 0.00678102 1.63685 41.6201 0.0981521 5.47525 
