-112125.2003
-111629.7539
-111376.1258
-110912.5932
-110868.7398
-110748.0389
-110633.933
-110562.9914
-110558.9911
-110270.7027
-110089.0038
-110033.4055
-109648.1606
-109513.2476
-109336.3979
-109243.025
-108941.8978
-108751.0145
-108642.5447
-108567.5694
-108409.2248
-108343.922
-108324.4925
-108306.2158
-108245.5924
-108238.123
-108006.1378
-107841.9588
-107431.4729
-107134.9443
-107066.7463
-106998.6598
-106752.2751
-106736.7661
-106456.4022
-106118.5892
-106047.2457
-105881.0496
-105860.3115
-105556.9091
-105523.1235
-105497.7772
-105397.3893
-105338.4032
-105261.8312
-105217.2536
-104953.7537
-104935.4859
-104726.7733
-104662.4413
-104485.0078
-104345.8629
-104260.1917
-104170.3978
-103848.2002
-103511.2884
-103479.3168
-103401.5178
-102993.6829
-102426.7331
-102157.0997
-101827.2406
-101765.6113
-101571.2582
-101493.6755
-101394.542
-101339.5554
-101229.9509
-101163.4331
-100666.7673
-100536.8559
-100459.3293
-100245.5531
-100239.0453
-100224.7034
-99802.85449
-99519.23158
-99396.02579
-99268.71883
-98815.24079
-98726.07534
-98586.00451
-98403.304
-98388.18797
-98200.04333
-98039.2687
-97955.77802
-97946.77452
-97698.80388
-97670.90934
-97575.94506
-97557.15011
-97496.20781
-97449.35614
-97218.98166
-97053.8353
-96822.5951
-96799.78681
-96715.84945
-96481.38036
-96326.67542
-95858.09984
-95813.70522
-95772.34208
-95324.95145
-94937.20157
-94921.87439
-94889.20107
-94803.83048
-94788.70262
-94566.98091
-94079.6173
-93938.48111
-93931.58845
-93546.49856
-93464.6802
-93430.43301
-93361.72778
-93153.58565
-92697.69683
-92680.49133
-92547.46511
-92494.2831
-92430.16621
-92398.77335
-92316.06803
-92110.69777
-92044.47301
-92038.60856
-91866.8711
-91306.86682
-90938.71454
-90890.34708
-90711.58561
-90615.48314
-90511.63459
-90401.94893
-90379.2628
-89739.83623
-89643.60848
-89603.76755
-89594.27814
-89566.2539
-89166.53207
-88275.50202
-88186.26194
-87990.25545
-87787.55429
-87780.89558
-87716.93471
-87604.9277
-87570.09349
-87552.86753
-87501.3313
-87488.06333
-87360.8637
-87246.82486
-87199.00028
-87125.13653
-87016.91937
-87013.77824
-86818.34997
-86755.93041
-86605.45163
-86569.73287
-86522.08345
-86512.32266
-86220.59577
-86001.8897
-85949.83697
-85820.7513
-85751.68506
-85601.68829
-85557.52936
-85520.40874
-85232.28074
-85051.8519
-85031.18155
-84738.22292
-84032.89375
-83998.39171
-83802.80956
-83296.32461
-83210.37717
-83194.04122
-82892.72856
-82796.90743
-82766.51499
-82609.04352
-82506.41186
-82486.73649
-82474.08619
-82440.75978
-82438.74651
-82251.37237
-81954.45604
-81925.87242
-81731.86335
-81697.34664
-81643.23933
-81583.44808
-81581.16825
-81383.18523
-81371.62561
-81276.31981
-81218.34571
-81068.62568
-80762.72021
-80569.78809
-80300.33478
-80174.41344
-80063.21124
-79860.67586
-79780.29431
-79609.43998
-79494.42279
-79170.71857
-78945.71445
-78916.58838
-78865.15337
-78810.93153
-78785.2665
-78769.81562
-78592.46043
-78343.64275
-78178.52353
-78062.36544
-77947.03839
-77691.65397
-77606.78082
-77569.80331
-77557.28732
-77144.69015
-77094.9503
-77001.45145
-76894.64919
-76849.10892
-76396.2597
-76151.38455
-75903.40974
-75566.80988
-75382.0132
-74878.57699
-74769.95606
-74376.82149
-74321.02219
-74197.41835
-74140.7439
-73989.61723
-73986.72864
-73731.72566
-73493.03157
-73404.19574
-73399.24988
-72827.37457
-72493.24636
-72486.12019
-72289.99589
-72111.38004
-72088.78072
-71773.35538
-71607.01237
-71349.81014
-71328.05678
-71266.43366
-70965.76022
-70787.22722
-70769.76255
-70605.81154
-70493.46848
-70330.12503
-70182.86319
-69989.63311
-69939.32895
-69895.38449
-69874.02258
-69696.2042
-69519.50893
-69187.44279
-69137.40866
-68973.09733
-68875.48436
-68590.68718
-68421.18657
-68404.04029
-67967.31142
-67824.37371
-67653.10728
-67560.79712
-67433.15696
-67392.19293
-67191.60402
-67055.7703
-67044.2957
-66773.82292
-66533.95679
-66429.42642
-66376.60652
-66254.28344
-66039.75125
-65911.68338
-65907.78754
-65830.49322
-65710.91803
-65588.77921
-65571.07873
-65389.6558
-65285.77535
-65117.76933
-65081.51061
-64961.67836
-64862.98323
-64851.83513
-64675.43911
-64531.45833
-64334.72661
-64159.04786
-64139.01117
-64117.63415
-63951.02522
-63936.06465
-63486.42298
-63382.39051
-62863.5394
-62667.46892
-61071.50073
-60691.53007
-60520.1667
-60136.64552
-60041.18094
-59947.56033
-59784.99603
-59779.20986
-59773.42945
-59695.09691
-59627.39201
-59562.86556
-59288.50275
-59262.35479
-59257.85456
-59040.22792
-59033.27231
-58863.14282
-58822.83986
-58786.13833
-58483.72631
-58411.22849
-58332.16314
-58320.15048
-58095.05306
-58054.2396
-57892.99244
-57752.34969
-57186.41369
-57096.61645
-56998.6302
-56835.73306
-56763.1298
-56590.75969
-56392.61608
-56055.65175
-55882.00512
-55729.10452
-55672.51392
-55665.54263
-55557.08276
-55452.76219
-55443.87024
-55276.78396
-55128.91312
-55084.40417
-54551.20465
-54091.15803
-53747.12568
-52468.97203
-52261.76599
-51762.18836
-51748.09668
-51617.74094
-51592.86982
-51550.07332
-51433.79684
-51311.88832
-51289.04642
-51231.41567
-50886.95315
-50475.05217
-50247.13274
-49921.90238
-49793.4876
-49773.85251
-49727.25653
-49664.10174
-49490.70697
-49396.24677
-49362.84525
-49164.60317
-49055.34224
-48833.93754
-48745.45741
-48655.78575
-48201.38265
-48117.30437
-47629.14854
-47564.74517
-47207.96528
-47150.06543
-47085.25737
-47068.21924
-46349.64943
-46264.97586
-46011.85485
-45750.12668
-44954.30372
-44886.17886
-44448.50078
-44226.07931
-44125.22132
-44109.4989
-43881.13987
-43661.3986
-43346.77529
-43052.176
-42817.00691
-42704.03477
-42692.125
-42533.42938
-42259.14784
-42165.42834
-42140.11726
-42062.37485
-41952.91752
-41932.4909
-41636.86223
-41521.01752
-41204.98085
-41174.97079
-40853.82123
-40770.73081
-40702.31358
-40632.27082
-40405.55568
-40143.84227
-39821.75548
-39662.06418
-39484.68881
-39266.73889
-39228.05297
-39138.26513
-39019.92217
-38858.69567
-38836.80345
-38482.18319
-38419.52241
-38159.46107
-37711.11901
-37283.90232
-37206.89312
-37158.01344
-35745.61049
-35474.71605
-34949.63838
-33974.60445
-33893.50457
-33853.00443
-33784.44302
-33603.41737
-33159.21876
-32969.24823
-32936.53324
-32842.65698
-32569.98692
-32272.00473
-31901.47354
-31795.13898
-31615.22228
-31518.23553
-30939.52903
-30842.34305
-30571.42464
-30505.82817
-28231.03159
-26329.86411
-25644.31755
-25249.44526
-24798.10276
-24771.60906
-24492.40426
-24314.55849
-23882.23124
-22357.40137
-22317.88227
-21774.20919
-21506.68054
-18546.93028
-17578.98037
-16287.3644
-8156.075924
-4833.892586
-3967.52395
