0.000631876 2.54404 0.0260144 9.81031e-05 0.0557193 2064.62 0.288491 1.30668 0.364909 54.3873 1.65855 449.424 0.00388443 2.89674e-05 1.51063 10.2285 1.42329 2.24045 
5.52614e-05 0.000556548 0.000672873 0.000911324 0.00152139 0.0139789 0.662163 5.55281 0.0104773 0.485253 1.33173 306.763 0.015533 0.000160673 1.20634 10.9352 1.34594 4.57442 
1.43999 0.000102888 0.00808949 1.38983e-05 4.99532 1180.52 0.00178673 2.08586 0.230443 397.298 7.15172 184.443 0.000122333 0.000710926 0.929707 43.3934 1.90843 1.20009 
4.15731e-05 0.00493082 0.00384152 6.50974e-05 0.144681 0.0245073 2.74006e-05 5.93898 0.982238 43.5404 0.166426 168.856 0.0173373 4.08363e-05 1.15418 13.9702 2.09502 3.08953 
8.02435e-05 0.00149835 1.25685e-05 0.0374583 0.531328 1377.63 0.0550238 0.943356 0.312513 2.91069 0.376761 74.4581 2.56135e-05 0.00647887 1.58496 6.84878 1.92083 5.92285 
1.60813e-05 4.72777 0.00779831 0.372749 0.267122 34.9745 0.00562249 0.236691 0.195666 0.185988 0.00630261 72.5898 0.000823347 0.00370607 3.75064 17.1782 1.08509 2.64018 
0.139577 0.000162724 0.0229562 0.0114364 0.109768 998.042 0.00461961 1.51998 0.043403 1.86537 2.60728 296.105 5.27747e-05 0.00176774 1.51363 22.9122 2.39512 1.09851 
0.0520582 0.000140491 1.08703e-05 0.000630552 0.000316934 79.5505 0.00588911 1.32949 0.0179187 0.369023 1.05571 92.5611 0.00480088 0.00261423 0.960777 20.0246 4.16172 3.9226 
0.169273 0.14075 5.71505 0.000690334 0.890802 15.9454 0.00167346 0.0783473 0.0305132 1.02651 2.10338 38.31 0.00325806 0.00784209 0.977853 28.0824 2.28725 2.95609 
0.0224639 0.0268095 0.000689918 0.000131905 1.15992 2536.02 4.88623 0.639008 0.47166 1.20319 0.0187478 271.08 0.00112827 0.0523931 4.00085 6.39537 0.982885 2.97659 
1.697 0.0398742 0.0420616 1.04034e-05 3.13419 367.881 2.41259e-05 0.159411 0.00725218 0.0291317 0.423984 290.755 0.0380738 0.000461137 1.5298 10.5157 1.76133 0.876479 
0.000956461 0.000180055 0.0103492 1.17682e-05 0.267003 4.82976 1.97885e-05 0.370754 0.00285026 0.0256028 7.40658 114.995 0.00140038 0.0385022 1.62038 12.162 1.65597 7.34869 
0.000610356 0.000949663 0.0610495 1.86286e-05 8.93892 490.704 0.0471826 1.51291 0.0344169 13.941 1.00223 83.9999 0.0221787 0.00169992 3.46209 15.6845 0.964891 3.18408 
1.72124 0.000155831 0.000609187 0.000168793 3.50597 66.7764 0.0875844 2.90322 0.326852 29.1413 0.0607588 35.4998 6.04456e-05 0.00680363 1.05178 28.3886 1.69077 5.87919 
0.00184561 0.0188565 0.0504095 0.00302732 0.00426183 297.713 0.00430609 0.152276 0.0701998 0.823901 0.125609 148.436 0.00355224 1.05145e-05 1.92007 13.8897 1.80349 1.02893 
0.000300061 0.00634323 0.0105924 2.52532e-05 0.0248465 61.23 2.79737 1.6661 0.0149202 0.363588 0.520052 496.959 0.137932 0.00122712 1.5394 9.61719 1.5848 2.29766 
0.00335083 0.396324 6.47502e-05 1.05494e-05 0.0167053 146.629 3.21824e-05 0.206925 0.151474 2.9696 0.0953633 49.7427 0.00180808 0.0583753 1.79251 39.7202 2.25277 1.97237 
0.219794 1.01363 0.00346487 0.000114128 1.15302e-05 2.67665 0.00116396 2.6438 0.20948 0.565831 0.0869957 42.3478 0.0485159 2.18118e-05 1.00117 14.2573 1.84175 6.90737 
0.00235544 0.00100724 0.000257822 0.000167986 0.0556331 62.1391 0.24834 0.831951 0.947254 70.3487 0.210798 406.995 0.000175749 0.000740507 1.16735 9.83412 2.00206 0.593211 
3.46505 1.34799 0.149745 4.53841e-05 0.00230027 700.593 0.039676 1.24004 0.202819 59.818 6.99779 77.039 0.000250402 0.00106852 6.08759 19.8783 1.2236 2.5997 
0.0182811 0.0323262 0.00417697 0.361392 2.01787 1516.53 0.0116027 0.343634 0.43529 443.453 1.78005 29.8921 3.77764e-05 0.0377555 4.59558 23.5154 1.08915 6.15516 
0.0123041 0.968507 0.487381 0.000117472 0.000287833 0.2843 2.78406e-05 0.229096 0.978851 88.4894 0.614283 323.277 0.000379407 0.000468441 1.24716 3.20926 1.52239 2.83223 
0.0781143 5.3927 0.0189627 0.000215237 2.58004 39.254 0.0320322 1.11033 0.00847921 0.0313234 6.74851 160.33 0.000793283 0.0014312 1.73314 16.5237 1.1018 1.93586 
7.67205 0.0213612 0.00117907 0.021838 1.05017 136.989 0.000564031 1.01124 0.00145604 0.0142642 1.52595 112.529 0.000444323 2.8312e-05 2.08658 10.1658 1.4301 2.8295 
1.90633e-05 0.00272086 2.48539e-05 0.118352 0.980575 0.496796 0.946075 5.96927 0.0924152 1.32874 0.150625 417.52 0.0135719 0.00136645 2.46077 33.2689 1.30746 0.919302 
0.0678377 0.000220547 0.00604087 0.000345211 6.91984 709.287 0.000508846 0.277566 0.0159746 0.185411 0.0302125 60.1339 0.0254508 9.85294e-05 1.81508 27.2447 1.12483 2.66741 
3.14279 0.0029304 0.825318 0.00127497 0.965463 0.735601 0.83655 0.236174 0.212879 2.50676 0.243547 255.596 0.00517267 5.57216e-05 3.519 8.89473 1.0816 2.11452 
0.00597936 2.65984 0.00946713 0.000714125 0.00293483 0.149752 1.28728e-05 1.62265 0.428551 1.13552 0.0477129 56.6001 0.127028 0.00503092 1.4638 40.2394 1.67271 1.00556 
0.00152509 0.012016 0.0201956 0.000167112 0.00118163 0.0925243 7.81006 2.58859 0.00274093 1.08905 6.91105 67.1933 0.000167794 0.000131416 2.94499 23.3635 1.36972 2.76324 
0.000325571 1.19818 2.21234 4.46532 0.00841119 0.0569836 0.000285906 0.896059 0.00733943 0.432549 5.79093 127.339 5.5024e-05 0.00481432 1.141 17.4896 2.59438 1.76803 
0.17051 0.00161257 6.81277e-05 0.00178643 0.000135637 51.7463 1.3593 1.67949 0.521171 199.302 9.19866 170.37 0.00120819 0.0101752 1.66407 4.82343 1.37713 4.43214 
4.09995 0.0330758 0.023912 3.26745 0.0119203 1.79837 8.10622e-05 1.59666 0.000461581 0.0152035 7.77534 165.091 0.000119497 0.000135246 1.9932 42.4305 1.49361 0.540911 
0.010231 0.043549 0.00222339 0.00983633 5.0099 11.2119 0.000557496 2.07691 0.0799639 0.256472 0.035643 24.3153 3.10767e-05 0.000135252 1.04241 26.5519 1.14499 5.79131 
0.0352111 0.823506 0.0219076 0.000387921 0.0010341 123.39 3.71869 1.01181 0.074373 46.0727 6.66934 352.071 0.0167128 0.000323135 1.06866 20.7321 2.28994 0.34501 
0.0369646 1.59734 0.193802 0.000921651 0.00480163 1.38605 0.0211838 0.73997 0.104275 24.7055 6.06712 96.0311 7.32764e-05 0.0018092 2.78495 8.89809 1.08721 3.28171 
0.00327046 2.4488e-05 0.00257503 0.00483 0.000227249 7.28127 0.00113765 1.65567 0.121156 2.43146 0.0477183 335.79 1.58445 0.0510422 2.94198 18.5387 1.31603 1.71921 
0.000296028 0.000390988 0.0264408 0.00651949 5.39305e-05 0.0265481 0.0997576 2.12085 0.505029 57.1682 0.58386 91.5993 7.00708e-05 0.0164866 1.79409 10.9749 1.09218 5.71438 
0.00887974 1.09508e-05 0.00192559 0.0425619 0.00039707 356.511 8.3131e-05 0.219475 0.00899479 0.178455 3.19618 121.33 0.00572732 0.00054259 1.21611 9.54405 1.86964 3.78957 
0.00176243 5.23943e-05 4.60114 0.686819 0.00081988 0.0160417 0.000130068 1.3252 0.388453 0.83453 0.018404 425.61 0.411004 0.0409113 1.93286 46.7091 1.86489 0.346279 
2.53681e-05 0.000118363 0.000246477 0.00151715 0.000144419 0.0232365 0.000593096 0.383289 0.129369 6.46219 2.38154 18.7919 0.000736018 4.37857e-05 1.85515 28.5692 1.57793 2.51241 
0.00021103 0.113893 0.00149213 6.19054e-05 0.00118423 0.0923337 0.0634464 1.06711 0.0225331 0.661668 5.10028 48.5317 0.000486414 4.83337e-05 2.40499 35.0484 1.06707 1.14426 
0.0531668 0.424618 0.289485 7.46709e-05 1.03823 0.0172488 0.160159 9.02864 0.00833663 0.0249277 3.90227 415.021 0.00616127 0.00890607 2.50149 3.45454 1.0136 8.24878 
0.0512598 0.00338741 0.000424604 0.068973 0.393315 308.904 0.000102951 0.982692 0.990438 22.1157 0.131396 353.129 0.350429 0.00138884 0.984252 9.91221 1.87796 1.54596 
0.000563099 0.399055 0.106796 1.66748 0.00354643 551.432 0.000299256 1.29573 0.0336317 0.280545 0.595511 420.322 0.058659 0.0113247 1.8836 5.82469 1.41094 6.60147 
6.38666 2.95995 0.06958 0.0646044 3.35716e-05 0.156839 0.000645383 2.04145 0.117526 7.52565 0.225464 229.441 0.000290442 0.0056362 1.25844 6.68415 1.11105 4.98022 
2.59198e-05 0.0384308 0.000251627 8.3179e-05 0.00018807 30.2272 0.727708 0.92698 0.0703829 11.6111 6.61107 452.565 0.00385067 0.00309753 1.24739 3.28396 1.99798 3.19274 
0.000307011 0.000393954 1.83995 0.000407687 3.33835 0.304103 0.0934864 3.06722 0.813904 5.30511 0.0534295 18.2901 8.83767e-05 0.000208958 1.2422 34.496 1.60028 5.1865 
0.00785974 0.000973992 0.371195 5.33759 8.77404 1.93192 5.28468e-05 5.67839 0.0319838 0.378702 1.84583 381.547 0.00196133 0.00185258 1.31422 8.62572 1.83512 4.85362 
0.00053042 0.282138 0.0735595 0.000121244 2.70084 0.0263222 0.000103118 3.09741 0.712022 0.628848 0.00218143 305.256 0.0292671 0.000286843 2.15324 39.234 1.67576 0.218545 
0.0543313 0.00728483 0.00703205 0.000902226 0.00251299 0.629642 0.000111579 0.921651 0.0314479 11.1934 2.99647 482.251 0.00765674 0.000229678 2.83561 2.15583 1.04633 2.82933 
1.07741e-05 3.27746 0.00479014 0.000376264 0.00306188 33.7114 2.46963e-05 0.941039 0.810991 126.43 1.4354 274.127 6.13043e-05 0.0022971 1.50023 27.9891 1.89954 0.281288 
0.00080084 5.38246 0.0121311 0.0151167 0.216932 25.2639 5.27893 0.877645 0.0203928 0.147123 0.0989538 137.072 0.000227931 3.50932e-05 3.63238 22.9471 1.51954 0.878153 
0.0280831 0.0148079 0.0027018 0.72275 0.00229104 333.871 0.0979622 0.0773035 0.00680625 0.494153 1.4884 89.7675 2.52869e-05 1.7802e-05 1.58406 29.034 2.31367 0.923912 
0.000227269 0.000125131 0.00071627 0.00229782 0.000767405 0.584074 0.408321 0.57519 0.00388584 0.165773 2.01495 132.156 0.000812531 0.0300364 2.35434 31.1688 1.58144 1.50974 
0.000668435 1.48752e-05 0.00450803 0.000257968 0.0742891 718.279 1.52928e-05 0.0479435 0.0793086 241.12 0.818439 43.013 0.033217 0.0184048 3.88829 19.1982 1.11657 5.08172 
0.00116761 0.000216915 5.04365e-05 2.3523 1.03401e-05 4.4794 0.00680596 5.67073 0.150621 0.685136 0.121767 281.21 0.000398235 0.00106198 1.29699 25 1.3576 3.57485 
2.3531 3.40355e-05 0.199386 0.00031391 1.03542 19.7457 1.31049e-05 1.02657 0.213794 2.60681 0.0624128 40.2761 0.893836 1.06183e-05 2.9253 28.9992 1.77311 5.37797 
0.0103835 2.35007e-05 0.0066848 0.00155425 2.62356e-05 104.938 0.000953877 1.63641 0.00688624 0.131872 1.18652 236.99 3.53615e-05 0.0769041 2.3176 5.03956 1.16092 3.57778 
0.00110187 1.17812 2.91987 4.64679e-05 5.0051e-05 0.145662 0.262433 0.771704 0.107953 0.189845 0.0262749 12.8342 0.00321764 6.19338e-05 1.42186 43.0607 1.26412 4.69429 
9.70399 0.00635933 0.000510706 0.305133 0.0261463 0.0313249 0.65422 3.75423 0.59268 192.111 2.00122 306.033 0.00080364 1.35901e-05 1.16347 4.47782 1.28123 3.14627 
0.000496385 0.0435678 2.11028e-05 0.0800318 2.89732e-05 0.224007 0.165819 4.97837 0.213023 72.9964 2.5707 159.935 0.00084831 0.00010403 1.82865 35.3077 1.08002 2.28185 
0.957111 5.03332e-05 0.00765069 0.0955528 0.0357691 11.7807 1.05277e-05 0.238937 0.0252859 3.30196 9.30545 101.523 0.000891941 0.00337085 6.18594 18.6358 1.0533 2.78677 
0.000369915 1.62334e-05 3.83925 2.85695 8.75677 195.199 0.00234541 0.207034 0.120453 8.63325 0.626882 141.555 0.00329746 6.40471e-05 2.19904 11.2033 1.29046 1.75636 
2.11985 4.65999e-05 0.0109248 0.0414134 1.00364 2260.71 7.83833e-05 0.392422 0.0678472 1.31067 0.105895 66.3144 0.0492821 9.84464e-05 0.991367 32.798 2.93536 2.85698 
1.09988e-05 1.46122e-05 5.82612e-05 0.137778 0.00108241 1966.94 0.681853 0.979188 0.745024 6.37913 0.139868 237.926 0.146774 0.00323351 4.05365 28.2781 1.23245 0.5983 
7.35055 8.82029 0.0604632 0.000395138 7.1707 0.0185554 0.00997298 0.976848 0.0716155 13.9681 3.89538 315.59 8.5377e-05 0.00016264 1.52131 5.16347 1.60597 3.00666 
3.16501e-05 2.22047e-05 3.40827 0.316347 0.365801 1301.61 0.0921933 0.0405777 0.0254594 0.0169466 0.118522 102.904 0.000304974 5.26932e-05 4.72645 30.0225 1.31665 0.829389 
1.65177e-05 1.79995 0.520566 0.237838 0.000258109 0.563093 0.000125408 1.36751 0.254552 46.5579 0.606045 36.0977 1.87535e-05 0.000392064 0.938446 23.0127 2.13975 5.59679 
6.23451 1.77216e-05 0.002134 0.0229708 0.0260028 58.7931 0.0056006 1.85605 0.0734452 0.467719 0.101194 316.139 0.173553 0.0231518 1.04479 35.857 2.63689 0.276747 
4.80412e-05 0.349376 0.0256192 0.000727532 0.0029909 5.17945 0.00397524 0.404928 0.522213 1.44033 0.019969 298.047 0.0112802 0.0249667 2.56418 44.5723 1.62873 0.338505 
0.00941128 0.00894066 0.489678 0.442404 0.0374058 0.325561 2.37027e-05 0.34708 0.168548 4.52231 0.669704 98.351 0.000147036 0.00627852 4.23716 32.0442 1.48148 1.23943 
0.0366363 0.0963924 0.0166351 4.6429 5.39089 1.3079 0.0401827 1.30518 0.00609278 0.145009 5.80839 410.446 0.00589416 0.00519328 6.72532 41.4215 1.22093 0.345846 
0.0709002 0.00226195 2.08075e-05 0.442881 4.59834e-05 1542.57 0.00106031 0.482514 0.246778 25.1299 0.874974 207.924 0.0216109 8.94471e-05 1.45712 7.55852 1.47762 5.27136 
0.00856638 0.000100361 4.14954e-05 0.000184517 0.00010102 0.265392 0.000121495 0.63216 0.853534 0.590698 0.00758553 71.9321 0.00232141 2.0535e-05 0.941427 9.55844 1.46431 9.67056 
0.00286629 7.25285e-05 0.0708988 3.4618 0.0009578 97.8676 0.468467 0.111044 0.00226574 0.307872 3.15342 64.5124 0.00126255 7.34514e-05 1.29135 36.4085 1.58524 1.79731 
0.00860643 0.134372 0.0871293 0.07584 1.70122e-05 405.084 2.31378e-05 1.18923 0.766888 81.524 0.379005 234.024 1.62278 0.000952282 4.48191 15.4462 1.07859 1.18484 
0.00674509 0.0038417 8.88968 1.63988e-05 0.0584158 415.498 0.000223809 0.117246 0.0369084 0.796926 1.62879 65.1488 4.63419e-05 0.00437771 1.84265 14.6176 1.70301 8.49332 
0.000210617 1.65182e-05 0.0351087 0.00137944 0.224037 92.056 1.25378e-05 0.690322 0.0193156 3.54885 1.69449 85.6072 0.0108667 0.000136654 1.81268 44.2261 1.1638 1.09731 
0.00191815 0.0109319 0.0339535 0.000218794 0.000748072 50.2608 0.011609 0.9454 0.0387116 0.825346 0.0658252 68.319 0.218692 0.00590011 1.09503 36.3019 1.25617 2.08427 
0.000345747 1.83174e-05 1.98755 8.46869e-05 0.357197 33.6373 0.000149147 4.11023 0.0102136 0.150599 5.28458 83.9767 0.00888839 0.00479563 0.934732 21.6245 1.56643 9.49822 
1.27122 0.00183176 0.00236609 3.61675 0.0111367 2.82947 0.952267 3.36981 0.250749 19.8465 3.18521 84.2069 0.00820041 0.00291487 1.67236 36.0267 1.67558 0.891197 
0.00025961 0.00533857 0.0115869 0.0739042 0.461478 0.290985 0.00047992 1.49851 0.0986097 132.707 2.96479 122.912 0.000635466 0.00107949 1.02393 21.1244 2.01338 1.66991 
0.00126808 0.423265 0.00507501 0.000117266 9.77279e-05 2.57038 1.3779e-05 0.230326 0.23225 92.0981 1.39012 318.594 9.78003e-05 2.93201e-05 1.20112 4.41191 2.98324 2.82175 
7.19175e-05 0.00126248 7.22026e-05 0.0173194 0.0649471 148.181 0.00600715 0.453625 0.0735509 0.780694 0.0489942 426.096 0.0814982 0.000813032 2.16533 4.03159 1.09247 2.33839 
1.7385e-05 0.0183344 0.000239248 0.492772 9.20585e-05 0.0246086 4.19585e-05 3.09311 0.0270591 0.0558358 0.276289 107.771 5.54547e-05 0.00037079 2.40803 10.1092 1.31112 3.98671 
0.125828 0.261887 9.1295 0.0991266 0.000916769 0.020863 0.00247471 1.15882 0.0586666 44.2955 8.35642 19.5905 0.00118368 0.00077715 1.76449 36.7584 1.40938 8.31346 
0.00356154 1.24296 0.0337987 0.00250801 0.0824127 0.0499748 0.000281175 0.175933 0.131184 2.00258 0.0229316 498.493 1.03835 0.000101114 3.90832 26.4401 1.42521 0.172365 
5.37241 0.00817529 0.718035 0.037898 3.46921 0.406687 0.000124084 1.30738 0.0388628 0.793559 0.137235 232.861 0.117725 0.000313546 1.30365 5.55272 1.36893 6.9914 
0.000208322 0.227053 0.173473 8.8512 0.505135 0.325856 0.136013 1.65975 0.0308028 0.417048 8.27276 221.489 0.004112 3.18897e-05 5.48327 18.2314 1.22642 0.860904 
0.00631882 0.0439824 1.28402e-05 0.000147738 1.8862e-05 2074.04 0.00643099 3.55899 0.261216 3.3402 0.443321 133.105 0.000639081 0.00527287 4.8883 20.8676 0.919449 2.81854 
0.433793 0.0579615 0.00796907 0.00399026 0.22702 0.195018 0.00370359 3.0676 0.00383009 0.0482125 0.389655 74.1302 0.000130548 5.5526e-05 1.03246 16.6537 2.16409 3.52963 
0.00844735 0.742575 0.00209848 0.470847 0.0366875 0.451619 1.27904e-05 1.1112 0.0167383 0.582743 4.58504 165.174 0.0118654 0.000172849 8.05254 19.0225 1.06004 1.62415 
0.000124082 0.00600672 0.10722 0.00921668 3.2781e-05 630.881 0.000274407 0.247735 0.00863669 0.125703 0.314921 105.06 0.00105451 1.20034e-05 4.75627 16.9513 1.23762 2.29158 
4.62978e-05 0.0166027 0.000218333 0.000579138 1.85511e-05 239.175 3.31357e-05 0.408759 0.548808 343.102 2.33671 61.9238 0.0133483 0.0116635 1.84559 13.0109 0.919517 6.61882 
0.0155479 2.04804e-05 9.42689 0.00245157 0.127394 931.258 2.14974 0.113583 0.373304 13.9372 0.24235 291.1 0.00397239 0.0154267 3.09015 46.9323 1.5469 0.263632 
0.0850519 4.68943 2.89385 1.55895 9.80443 0.0365356 0.000185636 2.074 0.00385462 0.0251022 1.06433 219.281 0.000461821 8.56392e-05 1.35661 17.5253 1.9476 0.764403 
0.360217 0.0366328 1.00228e-05 1.47055e-05 0.0153261 3.67691 0.0609696 2.43441 0.925123 77.5376 0.567321 74.9393 2.81724e-05 0.000103047 1.31754 8.89883 1.55213 6.42309 
0.784628 0.0145139 0.599169 0.734329 2.16862e-05 2.3689 0.00423968 0.242134 0.0173116 0.0413602 0.157537 94.6877 0.0033682 0.0121188 4.99153 28.5676 1.23843 2.06803 
0.00254898 1.38743 0.307643 7.70335e-05 0.000909198 19.5951 0.18244 0.89572 0.0139996 1.12616 1.23696 354.377 0.0925381 0.000499569 9.65397 38.6812 1.16347 0.593328 
2.42033 3.29612 1.54522 4.50933 1.02152e-05 49.0159 0.000492595 0.851518 0.237947 0.466401 0.0966321 197.11 0.000723232 0.00945181 1.80431 37.2394 2.00103 0.592958 
0.00119502 0.00816067 7.57728e-05 0.0201728 0.0222592 618.453 1.22557 0.419395 0.0218113 0.643547 0.646284 301.894 0.000138834 0.000315003 1.65795 3.05864 1.36 4.08269 
0.157343 0.00114062 4.58325e-05 6.48106 0.424529 58.0364 0.000276509 8.89004 0.548678 88.7456 3.38979 429.935 0.0162719 2.47737e-05 2.16207 22.3613 1.52746 1.89383 
2.05453 1.56414 0.21737 0.0657713 1.78706 11.7389 0.130894 1.87623 0.0030718 0.010783 4.71903 430.862 0.0718208 8.06497e-05 1.83515 19.1771 2.31737 0.324248 
0.324486 1.27544 0.000127658 0.186917 0.0024574 36.2407 0.848518 4.15309 0.0648735 0.431213 0.163893 240.922 0.0562993 0.00501497 1.77361 7.39511 1.31548 2.17042 
0.00424556 2.3436 3.99375e-05 6.24396 0.000262541 665.636 0.0575479 4.51847 0.0960802 0.467487 0.189534 291.98 0.000297692 0.0562298 1.96875 22.1173 1.88427 1.10535 
0.0106557 0.00400536 0.0746492 0.233212 0.134588 18.4587 0.000261697 1.92717 0.00480664 0.0204353 2.93719 220.974 3.49745e-05 0.000174543 1.83249 21.6416 1.48978 2.09856 
0.000498871 0.00555797 0.0104555 0.000527871 0.0238626 1209.03 0.000131894 1.10248 0.0133374 4.04075 2.57599 46.0381 3.04579e-05 0.000120958 0.779934 25.5593 2.77765 2.29063 
2.31859 2.26737 0.0914228 0.280763 2.8222e-05 0.0644526 4.48687e-05 3.77062 0.00371583 0.0125842 3.90413 408 0.000121213 0.000614831 1.3956 9.75847 1.20762 3.94566 
8.04437 0.105957 0.0789047 0.021129 0.0127635 567.806 2.21247e-05 0.639824 0.944955 4.0542 0.0568956 203.051 0.000870405 1.1331e-05 6.81767 42.6385 1.28151 0.695931 
0.00335423 0.508989 0.741469 0.000711422 0.00144153 108.975 2.77091e-05 0.527423 0.1184 11.8397 0.0488444 33.6524 0.0826213 0.000215153 3.47725 45.7554 0.951993 2.06891 
1.89395 0.000605787 0.00834649 5.23863e-05 0.0159931 1051.73 6.85697 1.00069 0.0841462 13.2593 4.25822 386.303 0.00576968 0.0303684 1.91339 4.97349 1.64507 4.09473 
0.511366 7.51631 4.19331e-05 0.0267379 0.00881872 8.31833 0.000986412 1.74694 0.0465195 0.364995 0.191977 400.254 6.7002e-05 0.0233812 2.03992 34.1639 1.73754 1.19938 
0.0475383 0.0518592 0.00138155 0.000360598 0.000169405 0.811867 1.80105 0.441502 0.0394295 5.00063 7.12642 88.0152 2.94454e-05 0.0001465 1.14959 36.745 1.63402 0.760068 
0.266696 0.531273 1.28193e-05 0.0368989 0.0526374 2.06614 0.0446334 0.493384 0.0247472 0.354247 0.529147 215.501 0.000452926 0.000949884 1.38009 8.42009 1.84984 1.78018 
2.09671 0.000611479 0.140385 0.895829 0.00914641 54.4482 0.211588 0.0600094 0.0148818 0.645362 3.79841 165.681 3.09567e-05 0.000430829 1.5603 5.26584 1.41993 6.08564 
0.0303253 0.0150448 0.00317714 0.000203287 7.62137 5.24517 2.59117e-05 4.61943 0.347494 3.35927 0.052352 444.132 0.000723029 4.69477e-05 1.82778 4.63136 1.28391 3.15925 
4.03043 4.38189e-05 0.000290789 0.00695128 0.00691009 2081.5 0.000174436 0.152618 0.0242186 113.539 6.60265 45.2957 0.0225335 0.000705673 1.61769 20.5952 1.52973 9.08456 
1.9715e-05 0.221742 0.0742348 0.000706437 0.0240663 1606.67 0.0195961 0.603224 0.0449079 0.745826 0.0751551 431.814 0.26495 0.00177905 4.55118 15.2917 1.28726 1.23098 
0.000550701 0.000971862 6.73912e-05 3.57939 1.14802 2355.63 0.032231 0.609215 0.188457 3.45297 0.0502587 100.521 1.49373e-05 0.00263264 2.12137 21.2843 1.04889 3.06969 
0.0172489 7.82501e-05 0.0507351 0.000758834 6.5557e-05 66.5962 0.0032482 0.295517 0.167291 10.4701 0.431357 105.076 0.591737 1.34745e-05 1.17736 8.99357 2.40828 7.94749 
7.61052 0.00184904 0.00512802 0.000207268 0.456288 331.437 0.0300725 0.139125 0.0368238 4.57712 0.461398 140.436 1.49912e-05 0.0424225 4.72565 22.722 1.54003 1.33602 
0.467214 0.093864 7.85146e-05 0.000374838 1.87463e-05 0.269514 0.00194374 1.43843 0.0148818 23.645 1.42658 46.2081 0.000234948 0.00163698 1.05898 15.4534 1.20907 5.70184 
0.00183015 0.000783278 0.0404581 0.0430751 0.00371057 45.199 0.0100863 0.312073 0.00641035 2.48204 9.21018 329.438 0.00121793 0.0106336 5.85333 35.5232 1.2834 0.432987 
5.56416 0.0119811 0.000632393 1.9645 0.00317553 1850.84 1.54491e-05 0.613858 0.642946 31.6159 0.550374 206.22 0.000147074 1.02961e-05 4.30285 14.0845 1.19378 1.133 
0.0211295 0.0187976 1.62383e-05 0.000471415 0.903571 561.465 0.0133815 1.33394 0.208867 2.40825 0.760733 41.3003 0.0180577 0.000497614 3.36978 23.6427 0.952374 3.67003 
0.000227471 0.00340311 0.0661279 0.0344398 0.00152356 1.46225 0.000653575 0.839523 0.00878674 0.230825 5.12455 137.044 1.55356e-05 0.000870847 2.50401 15.7736 0.979519 1.95261 
1.881 9.35193e-05 0.0130465 3.15344 0.000950654 576.365 0.258913 0.782397 0.106519 0.639088 0.0456889 369.944 0.0515885 0.000430114 1.84819 6.46358 1.05862 2.79943 
0.000148574 0.0680213 1.13357 9.34239e-05 0.0347305 0.118833 1.4328e-05 2.11597 0.372375 0.420225 0.00137845 47.9817 0.0095311 0.000133161 1.56508 48.2162 1.31609 1.29621 
6.32524 9.37571e-05 0.00911437 0.0523817 0.123425 2.21804 6.93733e-05 3.50816 0.675583 0.944131 0.013067 132.115 0.0505461 1.62821e-05 3.14221 14.1111 1.05474 4.02415 
0.00172723 2.52786 1.52182 1.77234e-05 0.00429926 2538.9 0.00050937 0.560955 0.84017 3.37119 0.0596618 149.293 0.0604635 1.60028e-05 1.64913 6.55496 1.42187 5.42874 
0.141449 0.00251604 0.0153645 1.013 0.223774 263.763 3.86938 1.57403 0.0529052 0.770847 1.39195 371.321 0.0125453 8.09738e-05 1.2218 1.85208 1.60381 9.38957 
0.216859 0.00011271 0.676424 7.81835e-05 0.0357709 0.0343348 0.00046249 0.592939 0.477053 2.75934 0.0576712 78.0374 0.000527739 2.83276e-05 1.29804 8.39754 1.96318 2.80431 
2.71822 1.49982e-05 0.00218066 0.00238983 0.0109267 34.3534 1.96937e-05 1.00213 0.409659 4.02276 0.0524443 40.2657 0.00676921 0.00386043 1.16344 26.7113 2.02659 2.32516 
0.000160755 0.000180742 0.000408488 0.00116196 9.65619 231.87 0.000834424 0.435879 0.0989077 140.874 3.21894 118.419 7.7408e-05 4.37001e-05 1.33174 9.57206 2.10438 3.05394 
3.71123e-05 0.0117755 0.000218339 0.000506921 0.397345 7.14227 3.27075e-05 0.355387 0.519515 0.326478 0.00122214 116.301 5.29097e-05 6.59008e-05 2.16033 26.6682 1.78688 0.691093 
0.000296695 0.00656655 0.102334 0.436783 0.217583 17.0094 0.271196 0.998027 0.0676137 1.2791 0.0646462 419.262 0.0242975 0.00133827 2.81792 21.7663 1.51763 0.215056 
0.0274446 8.07849 0.07115 0.0877667 0.0174244 5.8343 0.00994561 0.185661 0.219887 9.35891 0.0457974 39.5075 0.540678 2.77325e-05 2.54144 20.555 1.05178 6.43435 
0.546498 0.000101686 0.000165588 0.01825 0.022725 544.882 1.11646 2.02381 0.0158343 1.655 6.92182 461.963 0.0822534 0.000116501 2.40981 36.2102 1.60766 0.411027 
9.99772e-05 0.0898245 0.000354048 0.00141299 0.232422 0.20529 0.0238571 2.88353 0.335531 1.62652 0.0241272 70.5271 0.181782 6.33115e-05 7.9638 36.1528 1.19017 1.86817 
0.00126822 0.595589 0.0484138 0.0236075 1.49959e-05 2552.16 0.617052 0.422578 0.312884 14.6932 0.257778 103.267 0.234396 2.66867e-05 1.24735 32.8674 1.14838 2.536 
0.000251328 0.000121111 0.0453052 0.00197788 0.00352657 17.2007 0.037469 0.411196 0.00835576 0.0357043 8.07508 489.241 1.24027e-05 0.00154891 1.24291 5.30441 1.44495 1.56534 
7.58793e-05 6.61492e-05 0.000308705 6.71515 0.0102592 0.499921 0.000203463 1.01777 0.205063 146.927 6.83947 58.605 0.425965 0.000456659 5.25468 18.957 1.10667 5.51745 
1.52309 3.11096 0.0555198 0.00843329 0.119681 8.52941 0.000115945 0.33425 0.176482 1.34102 0.0483268 142.26 0.000797103 4.98855e-05 1.99231 7.50071 1.41438 3.76339 
2.08295 0.00139263 0.00148051 1.19386 0.0951652 1.94061 0.155373 2.03781 0.0279557 11.449 7.94487 423.487 0.000207323 3.46322e-05 2.18908 14.7457 1.15176 0.672238 
0.0019881 0.0488794 0.00429155 0.000923345 0.000652606 1.65452 0.067201 0.349253 0.0924446 5.61465 0.281764 273.177 6.04314e-05 0.0126991 1.24902 3.82825 1.6093 2.18574 
0.015187 0.00167906 0.0615634 8.23403 0.0140143 16.7111 0.000751057 0.218582 0.00533014 0.0114756 1.65183 97.103 0.00048059 0.0291071 1.75306 11.9577 1.22652 5.13889 
7.61163e-05 0.000928337 0.0189939 0.904492 3.64769e-05 0.0345402 0.302879 0.962467 0.0876101 8.95704 0.336958 38.4999 9.63921e-05 0.000276933 1.45134 25.2223 1.88687 6.39414 
6.68788 0.00784158 1.5649e-05 0.0335362 2.3179e-05 4.45146 1.33277e-05 0.52787 0.593791 57.9328 0.115927 46.3267 0.0693953 8.93271e-05 0.974294 24.9099 1.72895 4.44947 
0.0973757 0.033523 9.97198e-05 0.103265 0.00086599 0.260158 0.0615885 1.90103 0.0123902 0.0536854 0.0534814 450.359 0.00046915 0.000160073 1.69525 28.5622 1.45769 0.655076 
0.00167335 0.0341319 0.000211776 0.00753711 5.14118e-05 40.8843 9.34033e-05 2.81873 0.498629 61.64 0.10351 96.9635 1.01298e-05 0.000511109 1.27235 32.4015 1.17434 2.21328 
0.00525161 9.30994 0.0352408 0.174291 0.645737 13.0841 0.000137927 0.816654 0.00634517 0.040626 8.33376 344.438 1.52221e-05 0.000160557 1.81568 4.66944 1.20333 1.20745 
0.00149144 0.000493555 0.0942702 0.146158 0.000405617 1.25003 5.73738 0.218756 0.0472868 112.534 2.83968 447.315 6.37712 0.0209406 3.24963 14.2783 1.57792 0.40707 
0.00641392 0.000223813 2.47106 0.000224941 1.29158e-05 1248.74 0.876845 0.359273 0.0859911 245.765 8.83668 409.067 1.10227e-05 0.00364087 1.44639 7.81003 1.1155 1.59883 
0.0990892 4.31723e-05 0.435078 0.000182152 0.0388398 497.003 0.000750324 0.168417 0.0268374 1.617 0.562913 431.682 0.00070654 8.73909e-05 4.92041 22.0267 1.14996 0.442596 
0.00113993 0.132303 4.84437e-05 0.00484723 0.00275758 0.696383 0.00765907 3.27372 0.0571254 1.62707 6.10958 200.024 8.79316e-05 0.0257088 2.35026 26.686 1.48361 1.6531 
0.0581077 1.15872 0.00455786 0.00570925 0.0708817 0.059169 0.201593 2.49099 0.403797 15.2532 0.100143 269.061 0.00126343 1.62059e-05 1.63169 18.9087 1.7245 0.344984 
0.00880239 0.000284472 0.000309034 0.91567 0.00389981 2290.76 0.00010007 3.80254 0.0306345 0.262607 0.150567 457.155 0.241145 2.01927e-05 2.1233 9.80815 1.54468 0.882033 
1.45874 0.0515732 0.0149988 0.000156758 1.5255e-05 615.242 0.0027671 1.0139 0.0849429 12.4005 1.82845 201.835 0.000325822 6.22407e-05 1.21013 18.6933 2.10868 0.902891 
0.000344358 2.92461e-05 0.00395107 1.13169 0.0161452 777.112 1.93057 1.27168 0.00748233 0.0152359 1.15457 365.124 3.35485e-05 0.000399735 3.50152 13.4033 1.27574 0.525573 
0.253425 8.27248e-05 0.0108273 0.0225018 0.0014447 254.973 0.00246762 4.21562 0.0193632 1.24017 1.39837 157.39 0.000273419 0.00523752 1.02405 14.4034 1.59509 3.20479 
0.000123754 0.267731 0.00142905 2.88308e-05 1.46197 7.05055 0.116986 0.405409 0.0605307 28.8261 3.76579 400.536 0.0381572 2.04539e-05 1.18721 16.2366 1.50728 1.28621 
0.000101783 0.00309692 0.0319245 0.00345596 0.000170991 1676.77 3.68894 0.657824 0.0559646 0.0919105 0.0410479 96.0841 0.000478117 3.52806e-05 3.53874 18.3209 1.17824 1.41488 
2.7643 0.00724239 0.0127166 0.000143506 0.000115989 1.67246 0.00583639 0.335984 0.244202 43.1098 4.41016 440.219 0.00703068 0.000826772 1.58743 1.95863 1.37902 6.37559 
0.000407505 3.46589 0.00135789 0.00348729 0.000625874 110.531 0.12783 1.40906 0.0199088 1.30212 7.06072 28.2921 0.00547696 2.81731e-05 1.51481 26.9157 1.38299 2.39855 
0.0443029 0.000139155 1.06069 2.37948e-05 0.778488 1.26436 7.00968e-05 0.837367 0.138312 0.0244575 0.00106766 158.941 0.00497964 3.69494e-05 0.96764 7.23658 1.74806 3.06833 
0.00712361 0.00221117 0.00121855 4.71558 8.52487 1.21114 0.00383667 0.986729 0.971894 189.836 0.601148 14.9072 0.000177481 0.00207565 2.98513 31.2329 1.09302 3.0666 
0.0223046 1.50773 0.000645855 8.68811 0.02369 0.0495173 0.00077043 1.97751 0.0233411 0.744761 1.6792 311.671 0.00171682 0.00564346 2.57753 3.49922 1.31061 5.36106 
0.0258859 0.000193709 2.785 0.000355944 0.280286 1751.69 0.00913316 3.3797 0.837499 82.4682 0.741399 48.5007 0.0828945 7.08362e-05 1.37642 15.6553 1.69978 9.97197 
7.1233 4.48339 0.00267387 0.0656239 0.0973849 0.0139279 1.71338e-05 5.96771 0.0355716 0.459848 0.362462 179.356 0.00640358 1.1679e-05 3.10085 25.7722 1.39717 1.28682 
0.00202333 3.07257e-05 0.00136669 0.109965 0.0906104 0.124113 0.00139549 2.02805 0.00876331 0.0504449 5.06109 229.1 0.00731119 0.0388818 1.98533 30.4554 1.97618 1.18723 
1.56695e-05 0.0263626 4.17024e-05 0.679443 4.60749 1.64864 0.000114147 8.80587 0.0302638 1.86795 0.852717 116.932 1.29141e-05 0.00502769 0.85609 41.9524 2.01918 1.68762 
0.00463041 7.63896 0.000223812 0.000126768 4.74498 43.7496 0.0764426 5.93993 0.0552289 2.82796 5.06652 191.647 0.000215634 3.022e-05 4.37739 28.2755 1.06617 1.63736 
0.524238 0.0575247 0.0150055 0.82049 0.031206 0.608158 0.0249312 2.99478 0.0779719 1.99801 0.0965598 188.643 0.00342064 0.00151896 2.04622 26.7981 1.58919 0.648764 
0.00304485 0.268459 1.79536e-05 0.110508 4.46665 3.16444 0.00165049 1.99376 0.0257047 1.2961 1.92076 350.123 0.00460882 0.000429996 7.37265 15.3142 1.25339 1.05517 
0.00377765 4.41603e-05 7.33779e-05 0.0002914 0.000214722 1.84922 0.217166 4.11135 0.021796 2.60819 0.969465 321.559 0.000664302 0.00202445 1.29695 9.94538 1.70544 3.61191 
0.0798083 0.0023581 0.00159064 7.20221e-05 0.00926625 1.60198 0.00763916 0.961054 0.0129766 2.44207 1.99611 48.4198 1.48954e-05 0.00222101 1.2692 13.5938 1.02452 5.38845 
0.846214 0.00410491 0.0724906 5.82838 0.00720731 268.688 0.0140788 0.103149 0.0909753 100.5 1.89073 487.77 0.567943 2.74824e-05 1.3211 2.99172 2.14879 2.1556 
0.00579238 0.000151802 2.95006e-05 0.00180585 9.57351e-05 1.12168 0.000536897 2.74299 0.0666093 1.20856 0.570864 308.306 0.000469447 0.0240187 1.20942 22.0951 1.75493 1.46181 
3.0582 0.0516812 0.00264897 0.165228 0.000468352 6.70724 1.2533e-05 0.508971 0.17539 131.456 1.44634 266.718 0.00842744 6.49142e-05 7.45247 7.52498 1.0362 2.36357 
2.39866e-05 0.00485426 0.0855321 0.00795227 0.34865 1.3207 0.000431143 1.57514 0.276491 4.84514 0.108507 409.565 0.0266014 3.24955e-05 6.13095 37.379 1.27034 0.300562 
0.000853246 0.000913286 0.0733282 0.0574044 5.92095e-05 7.59582 0.503072 1.12698 0.0421221 0.0135872 0.00542612 60.4599 0.206078 0.00501124 1.53361 12.5382 1.15983 4.09932 
4.82521 1.39852 0.792703 0.120419 0.410761 1.66989 0.008575 5.37381 0.0907829 2.61296 0.706316 153.578 0.00561192 0.000166356 1.207 47.3972 1.35249 1.88956 
2.0053e-05 0.00296987 0.000245492 0.0401394 3.79961 3.51182 0.00534409 0.885659 0.0772674 12.0218 0.924849 188.429 0.000107645 0.0045339 4.37216 41.9674 0.996587 0.609923 
0.0802062 0.000752332 2.52868e-05 0.00282667 1.43275 1.835 0.000265476 2.63715 0.405042 4.77392 0.102796 49.2698 0.418253 0.00418376 1.37931 14.6363 1.67133 7.0593 
1.03018e-05 2.02842 0.792059 0.000141708 0.000768928 0.315002 0.0328766 0.151105 0.00975786 7.14509 7.27259 212.735 0.00140919 0.0742136 3.16898 4.61209 1.1733 8.82118 
4.32473 0.00149628 0.00479209 4.2654e-05 0.013068 1461.87 0.0649225 1.32167 0.00452673 0.0130612 1.84291 175.892 0.000930436 0.000216617 1.63912 7.53728 1.19907 3.48464 
8.92941 0.000290226 0.0549459 0.00147096 0.953544 26.7764 0.000407397 0.682034 0.391161 7.00089 0.100858 298.197 0.000297046 0.00656814 2.52528 37.2502 1.48355 0.371071 
0.0011843 0.0161329 0.026632 0.0199062 4.80769e-05 38.9948 0.0987493 0.277458 0.0614305 12.6236 6.2859 333.519 0.225335 0.000351942 7.1675 18.2952 1.59215 0.703324 
1.73856 1.02451e-05 0.0065104 0.0959391 5.84295e-05 0.110554 3.35199e-05 0.452683 0.0338716 36.2257 7.51072 49.3866 1.33716e-05 3.36562e-05 1.6694 19.4466 1.68497 4.37745 
3.17558e-05 0.00185595 0.00118959 0.000184031 0.0655091 4.71791 0.0310698 0.835831 0.186659 90.2254 5.25353 257.4 0.00728694 0.0369013 1.77379 4.5953 1.42298 3.31844 
0.276243 1.58962 0.191685 2.19379e-05 0.0214695 10.0162 0.333263 2.75552 0.118062 34.4632 3.14966 54.7477 0.0346171 4.54973e-05 1.3489 38.1058 2.33523 1.99128 
1.09304 0.126048 6.11736 0.00392949 0.00663108 0.0285898 0.47732 0.185997 0.0140453 0.400958 3.56239 86.0696 0.022294 0.00093302 6.72017 32.9995 1.07591 1.84333 
2.63764e-05 0.0182902 0.382436 0.00199355 0.00010075 0.0134684 0.360036 0.688881 0.0223852 59.2423 2.8441 64.2311 1.47245e-05 3.77788e-05 0.68484 18.7317 1.64249 3.5269 
0.000973887 3.61856 0.553458 0.0220764 0.75202 260.663 0.030543 6.41737 0.608335 91.6981 0.294837 242.398 0.00662376 0.000142241 1.11333 45.1748 1.54702 0.648017 
0.00560972 1.67609 7.06538e-05 2.66771e-05 2.23911e-05 51.7832 0.00517762 2.18501 0.00428665 0.0837468 2.57896 395.727 0.00348591 0.0161248 6.7711 8.35483 0.871712 2.15664 
0.00120248 0.759588 0.0351597 0.00198623 0.00150583 1.05783 0.222188 0.350226 0.00476587 0.0114489 1.35808 31.388 0.00272343 0.000177566 0.931381 35.9668 2.45419 3.21295 
0.000227775 1.1823 7.52451e-05 1.3034 0.00460357 0.71778 3.23806e-05 3.54367 0.872686 4.32255 0.00620814 215.095 2.99749 0.000890352 1.0272 29.4652 2.29398 0.749366 
9.567e-05 0.000329195 0.000332026 0.0127949 0.00018291 200.453 5.25187e-05 6.68721 0.016398 0.0621556 0.0137685 162.723 0.0451646 4.57812e-05 1.0019 37.9386 1.51207 2.31267 
0.0284147 0.137608 0.79083 2.53818 4.70383e-05 808.359 6.64937 3.80902 0.0982826 328.075 8.71942 146.048 1.47215e-05 0.0182134 0.980793 27.6009 1.84079 1.00721 
1.32651 0.0115107 0.00174586 0.00469472 0.00418407 0.24987 0.129749 0.499685 0.440789 132.243 0.10225 333.207 0.039237 3.70693e-05 1.06425 2.91354 1.90196 5.40988 
0.0794104 0.000174792 0.000386869 2.27015 0.00272981 0.165743 0.00455397 1.12906 0.0124029 4.04686 1.48225 484.841 0.00640691 5.02051e-05 0.957759 2.61315 1.88115 2.19843 
0.000170101 0.000148263 2.75424 2.74888e-05 0.00316224 1.97216 0.0492673 2.52787 0.525983 1.48667 0.00516885 424.19 8.44726 5.23018e-05 1.03463 37.5783 1.75804 0.852641 
1.33743 7.42084 0.973188 3.4756 4.02708 2.17668 0.141493 1.52716 0.229699 124.347 1.47839 28.6324 0.00254341 0.000267108 1.80789 38.9594 1.64095 3.73611 
0.0698432 0.441777 0.000609273 0.00198163 1.16317e-05 0.271022 0.0134076 7.2449 0.406345 0.720385 0.0037799 417.992 0.00048136 0.0015301 1.92681 3.62413 1.10135 9.96469 
2.77776 0.156321 0.199144 6.10998e-05 0.00985923 2929.71 3.1112 2.09041 0.333892 6.10002 0.0122445 451.791 0.00144245 0.000184479 1.43119 32.4046 1.45531 0.956308 
2.00022 0.00415521 0.626332 0.02986 3.03096e-05 0.763699 0.402261 0.0968542 0.0448192 3.67709 7.71144 177.212 0.000377386 0.0629548 4.89986 19.1321 1.68185 1.3173 
1.67415e-05 3.38715 8.82821e-05 0.0966905 0.0396547 0.024603 0.00161187 3.58887 0.464214 2.74546 0.0211642 121.931 0.168596 2.6447e-05 1.9218 8.6409 1.13149 4.90109 
0.000546423 0.853834 0.000884103 0.00395963 0.0598927 0.033127 0.000625185 4.75525 0.235291 2.977 0.0772481 348.262 0.00680485 0.0422698 8.08125 34.0493 1.36464 0.974026 
0.0013373 5.53294 0.000162349 1.08064 0.0169728 6.7168 0.000887485 2.4293 0.0987758 52.0682 3.21959 430.145 0.0336165 0.00314861 2.27276 17.6262 1.27875 0.932275 
2.271e-05 7.06709 0.823532 0.795807 0.359915 916.377 0.000431661 4.12955 0.323605 16.7517 0.317907 427.161 0.00839576 0.00388322 1.13371 3.7491 1.37937 5.72266 
6.5538e-05 0.0728525 0.0289166 0.00879731 0.171693 2.91945 0.000567134 0.821212 0.393325 42.8535 0.531532 355.032 0.144423 0.00125049 1.42077 46.1292 2.08501 0.255894 
1.87442 6.1225e-05 0.00424992 1.5875e-05 2.04193e-05 434.403 1.18124e-05 0.928283 0.0649696 3.46658 0.422036 121.519 0.270109 0.000130785 1.11425 15.6097 2.45169 1.97602 
0.00025703 3.48291 7.71229 0.00011342 0.00180157 50.8553 0.00266277 0.430496 0.014989 0.133871 0.271032 156.164 0.00309055 1.07487e-05 8.27248 12.729 1.05459 3.38254 
7.75605 0.00805969 0.000227586 0.387078 0.0424385 1587.48 0.113078 0.625614 0.231619 0.0895933 0.00783425 68.9493 0.00238839 0.0106887 3.06828 20.7641 1.17648 2.42362 
0.036869 0.000916707 4.99124e-05 0.000240799 0.0274711 16.7268 0.725137 4.87876 0.758172 0.151692 0.00286652 422.634 1.65205 0.00120076 3.01172 18.711 1.30352 0.897985 
0.000527131 0.00781993 7.01188 6.34951e-05 0.000262248 195.391 0.0436417 0.233198 0.00357138 0.0138974 1.33927 254.625 0.00385079 1.93599e-05 1.45203 32.027 1.59585 0.305378 
0.00341469 0.0925123 1.59708e-05 0.111105 0.475268 0.0359057 0.0566189 1.60075 0.215518 5.51771 0.118848 83.3908 6.87725e-05 0.000332593 1.12538 21.9108 1.46462 2.2908 
0.00021782 1.17979e-05 0.108132 0.0317487 1.97638e-05 2678.18 0.285205 0.0806218 0.246265 15.8637 1.09542 185.907 0.00478783 0.000528536 1.31635 24.1843 1.5712 0.5817 
0.00821428 3.52707e-05 0.247332 0.0213423 0.00124812 8.41957 0.0598464 0.69776 0.136514 35.5664 3.32122 66.9589 0.187991 0.000757909 2.11873 21.3384 1.53029 6.00632 
7.80504 6.93601 0.224611 4.39504e-05 3.34559 106.057 0.0200768 0.452769 0.249707 2.32964 0.0844165 113.781 1.39194e-05 2.09658e-05 2.88632 22.4956 1.53953 0.878407 
0.00194613 0.00355354 0.025764 0.43921 0.00799665 499.198 0.0415048 1.46954 0.358762 0.0619912 0.00259816 201.744 0.0554656 0.000302003 8.34658 21.4568 0.996023 1.43116 
0.65825 0.0182026 0.00209373 1.90962 0.0645882 40.9443 0.000248398 0.0363494 0.160462 1.34767 0.0517181 434.958 0.00531263 3.18453e-05 1.38851 1.63854 1.52569 6.49709 
0.00259558 0.0504702 5.92589e-05 3.93449e-05 0.027485 0.0163038 0.00929019 0.210144 0.447994 33.8935 0.364771 339.049 1.73768e-05 0.000748276 3.08379 2.80656 1.07124 5.79873 
8.38078 5.39504 7.10216 0.0418083 1.73855e-05 151.539 0.000483566 0.20778 0.959071 8.74924 0.0298967 33.8673 0.00664759 0.000484797 1.4403 27.3635 1.68518 5.14531 
0.230165 1.93717e-05 0.219854 1.15716e-05 2.60388 0.242043 0.000476345 0.957655 0.0139194 1.12554 5.03677 181.03 0.0246077 5.82962e-05 1.54367 9.27715 2.03069 1.65617 
8.39038e-05 4.35088e-05 0.163173 3.41697 2.49891e-05 16.0572 0.0238714 0.361109 0.275962 15.9464 0.129309 197.267 6.98589e-05 1.17398e-05 0.88437 23.8344 1.77366 0.874276 
0.0021307 0.00135733 0.0653752 0.00456463 0.58348 0.319751 0.20517 8.73743 0.45591 0.125946 0.00337548 462.968 0.00162939 0.0219059 1.05398 42.6596 2.03623 0.28646 
0.129855 0.242786 0.821515 1.17355 2.38551e-05 50.8978 0.0414947 1.0434 0.705026 55.8886 0.126959 253.812 4.22347 0.000428375 1.66885 7.76266 1.55587 5.4989 
0.0546236 0.000322154 0.00738506 0.0971387 0.0135733 148.339 9.43451 1.08831 0.0183986 1.73785 0.960546 114.081 0.186957 0.000236021 1.74627 9.13552 1.41753 7.83292 
0.00358585 0.174369 0.394914 0.000469026 0.00130082 28.8836 7.77499 1.35394 0.0686821 21.0923 3.59528 261.819 0.0176505 8.4165e-05 1.20797 35.4724 1.83976 0.577703 
0.00472238 0.959644 2.51858 0.0852686 0.0566037 2937.73 5.41856e-05 0.101999 0.371875 0.95905 0.0121971 51.1129 0.0130437 0.000162382 1.21312 25.154 1.31632 3.03287 
0.0513719 0.000435069 0.36759 0.000450736 0.158833 23.0021 0.0575414 0.509668 0.268549 88.7598 1.49233 439.196 0.00117642 0.0155897 1.28045 2.70185 1.82338 6.19662 
2.25545 0.00080742 1.85638e-05 0.849633 3.5945 91.6841 0.00127427 1.13595 0.115676 1.7141 1.04995 129.848 0.000481793 2.74663e-05 1.353 34.9602 1.55808 1.65306 
2.79093e-05 0.0150804 0.000541586 0.0783316 0.146377 4.2535 0.499442 0.959325 0.940277 36.7739 0.115408 197.581 1.40828e-05 0.000584533 2.16345 3.16956 1.46601 4.70929 
0.219064 0.0660338 4.37003e-05 0.503907 4.62522e-05 1.92535 0.0992752 0.790693 0.107118 1.12427 0.882446 58.1315 0.0309357 0.0061014 2.28555 22.581 1.39173 2.61839 
2.08409e-05 9.56914e-05 2.16779 1.30571e-05 0.0313246 0.0146864 0.000438205 0.5405 0.0154295 0.0395536 0.593285 83.1043 0.000153164 1.25041e-05 0.928152 21.4133 2.74725 2.14673 
0.937993 0.000259147 1.01752 2.20777 0.000230965 15.615 2.95431 1.14424 0.0106172 0.0461086 0.266093 391.709 0.00386578 4.03984e-05 1.54751 20.1761 1.43941 0.503364 
0.000378226 3.55073 8.77721 0.00160875 2.6795 0.0193077 0.426984 2.40534 0.0325109 0.0112741 0.0205094 34.8983 0.00195855 0.000872827 1.50798 44.3677 1.53875 1.44854 
1.12405e-05 1.67574 1.91315e-05 0.775171 0.000222608 0.0919078 0.000554082 0.171746 0.00641347 2.98335 2.97854 32.3671 4.73412e-05 6.13831e-05 1.89643 24.2195 1.22401 5.14618 
0.000654401 0.491418 7.23259 7.52153e-05 3.4473 0.296508 0.443537 5.71003 0.0403713 0.648316 0.786336 85.5327 0.000806643 0.00196492 1.45909 14.2648 1.57635 6.24878 
0.0258839 0.0972807 0.0405432 0.00023978 0.00190689 26.699 8.25424e-05 0.159793 0.00316026 0.0442913 9.481 272.63 0.00404865 0.0127462 1.08521 8.92548 1.9143 2.05007 
0.00117833 0.205899 0.0113367 0.000207732 0.000111401 2163.1 0.000546712 0.733553 0.0617608 0.120402 0.78494 315.192 0.0224923 0.000276266 2.06214 43.1658 1.89504 0.246426 
2.71919 8.00888 0.00128669 0.339043 0.03421 17.1677 0.112881 0.131573 0.240679 499.957 0.809047 51.8857 4.55095e-05 3.8544e-05 1.34085 11.3115 1.15053 5.23242 
0.00103479 0.000410857 0.12049 0.000205501 0.00278707 58.7626 0.175006 1.21939 0.402107 4.6642 0.114346 273.101 0.151567 0.0320792 2.8492 4.82789 1.25795 5.92014 
9.4519 4.005e-05 0.000112574 0.000771805 0.000194718 2.64176 0.0425455 0.706798 0.121213 0.228192 0.0106166 236.928 2.3259e-05 0.016228 1.13742 7.28443 1.85266 7.67283 
3.3466e-05 1.09446 0.000365792 0.0428133 4.45946e-05 336.717 0.00229629 1.95167 0.155074 3.51773 1.09916 148.203 0.118327 0.000185328 2.74341 6.05965 1.06363 6.22214 
6.9734 0.341199 0.000391045 0.0010497 5.40943 1289.22 4.29686e-05 0.247673 0.00586676 0.2834 2.47758 59.6101 2.01374e-05 0.000828102 1.59641 11.0482 1.14456 5.11792 
0.0193808 5.57305e-05 0.01944 1.13447 0.000517051 0.239516 0.00175773 8.51912 0.470017 7.59181 0.0320103 363.189 1.20743 4.87065e-05 1.43149 27.0672 1.46446 0.516591 
6.53797e-05 0.00890901 9.2099e-05 8.23097e-05 0.101652 0.0437412 1.19455e-05 2.92849 0.222005 2.44624 0.157134 260.9 0.0325219 0.000872386 2.22053 47.1872 1.7945 0.439819 
0.000913456 0.0172144 0.000356387 0.0863531 2.65178 0.0166508 0.0250754 3.92605 0.739282 360.429 3.2701 279.702 0.00149854 0.00637744 1.38973 26.8572 2.22091 0.939049 
0.00171457 0.165204 0.0320348 0.00364489 0.00647314 0.522155 0.255236 1.0678 0.00122573 0.0622529 3.23462 310.429 2.48631e-05 1.54262e-05 1.21605 2.56433 1.23568 5.11479 
0.0358825 0.00133412 1.80923 0.110788 0.011208 0.201054 0.00994833 2.26647 0.0293885 2.55796 6.96711 118.304 0.00330013 0.00235361 0.996324 13.746 1.54404 2.67065 
0.00879362 0.069077 0.000177557 0.0622142 0.00578006 0.0412044 0.0321696 1.10584 0.0730448 0.412886 0.102476 229.753 0.0711671 0.0213234 1.72916 11.6681 1.25507 4.32118 
7.1302e-05 0.0108833 8.56336e-05 0.000612672 0.000696392 2854.17 0.00646834 1.18318 0.0083205 0.0951619 1.86972 84.8392 0.000946408 0.00031532 1.24545 9.88052 1.35495 6.11775 
0.000887081 0.000429713 6.82955e-05 0.749043 0.107884 0.140133 0.00335046 8.13687 0.190379 86.3239 6.71522 303.371 0.0017288 0.000102047 1.15449 7.284 1.95023 2.6149 
1.01983e-05 0.00735088 5.69402e-05 0.000854458 0.135486 1207.64 0.0108548 0.406676 0.0745132 0.0525683 0.0168392 184.753 0.000562004 0.0155636 1.12045 6.97411 2.3888 3.36849 
0.000951916 0.00485606 0.913785 0.000105019 0.00764078 0.0309233 0.000133294 4.69919 0.0171357 0.243068 1.42529 451.161 0.112442 0.00012764 1.61822 26.7635 1.96962 0.852911 
0.00248353 1.02362 0.000833637 0.00446542 0.313889 2599.8 0.00837284 2.55595 0.604569 94.2278 1.87326 393.531 0.00831332 0.000390581 2.59585 7.03093 1.32062 3.41921 
0.0698603 1.23035 0.242435 0.00189733 0.161365 0.0111982 0.000118946 2.45256 0.00446317 0.912907 1.59574 129.405 0.00859578 0.000244748 2.21677 25.7429 1.73396 1.29527 
2.0181e-05 2.64214 0.323581 5.6975e-05 1.99716e-05 0.0103228 0.00103659 0.165225 0.0471174 0.95424 0.445343 222.392 0.288695 4.45582e-05 1.57911 5.67297 1.63827 2.86791 
1.18446e-05 0.0147415 8.21183 3.11386e-05 0.000187063 4.77527 0.000802759 0.643592 0.221666 0.923952 0.0147333 477.874 0.0966383 0.0199921 1.68605 24.8009 1.85945 0.332342 
5.04616 6.66582e-05 0.0234593 0.000558115 0.224809 464.672 0.0260858 0.837245 0.0516537 3.25316 0.0483465 179.172 4.0189e-05 0.00014435 1.29458 31.8122 1.47966 0.96076 
1.57022e-05 3.19043e-05 0.000145505 0.968895 0.0160594 0.146544 0.0298098 1.78604 0.0593025 1.66613 0.269543 240.061 0.0795523 0.0124368 1.37691 4.52467 1.17223 6.32682 
0.0374349 0.00111682 0.00038264 0.0016472 0.0998006 0.124404 0.059329 6.84645 0.00928496 0.156737 2.17289 279.423 0.106263 0.000228679 1.61322 11.6677 1.95409 2.19277 
7.30203 1.54614 0.00781004 0.00157658 0.0568209 0.0803352 0.00014391 0.89244 0.0114571 5.91107 6.10011 34.5847 0.163104 0.00248674 2.3305 29.4544 1.32402 2.46908 
0.000275247 9.62519 0.00164975 0.434437 0.00614929 0.0327504 0.00594809 0.539301 0.00590011 0.214193 0.616527 63.8627 0.000399637 2.87088e-05 1.98248 11.5999 1.65191 5.48279 
2.55146e-05 0.000407495 2.11913e-05 0.639108 0.165557 265.109 2.20024 0.790497 0.00216032 0.0443235 1.36598 48.7361 2.63213e-05 4.18468e-05 1.2553 14.7974 1.99718 8.83127 
0.000339206 0.00047758 0.786553 0.0386043 0.0221586 3.26674 4.13253e-05 2.28364 0.590618 1.63938 0.0857108 121.483 1.82285e-05 0.00129772 1.6974 15.3831 1.72798 4.37266 
0.000790134 0.00375098 2.27402 0.00185771 0.087838 4.17207 0.0273371 0.497695 0.0423 4.93219 0.408274 290.095 1.78805e-05 0.00766021 1.98269 24.6019 1.46541 1.08636 
0.000360926 0.560825 0.000104769 0.00312499 0.000336791 0.0411143 4.36778e-05 0.457549 0.637131 3.17679 0.0120735 19.3338 2.07126 0.00027332 2.187 38.2582 1.0758 3.85062 
1.76865e-05 0.00155602 0.414411 0.0158947 5.33456 0.633507 0.0197247 4.11573 0.347037 261.069 5.68491 185.196 0.191467 1.60383e-05 2.59327 33.1081 1.2295 0.668663 
2.51412e-05 0.0213515 9.6515e-05 0.000430741 0.24603 0.0674227 0.103355 0.681823 0.123079 19.2345 0.67061 197.082 0.000804052 4.05621e-05 2.81882 5.19573 1.2242 4.11585 
0.00106468 0.779865 2.54141 0.0422492 3.82506e-05 0.0163929 0.0905823 0.462986 0.0275962 0.0488635 0.0185319 431.887 0.000122759 0.000366534 1.63051 2.38522 1.58759 3.27764 
3.04483e-05 1.13519e-05 0.281025 0.000112474 3.62409e-05 2.23585 0.0814609 0.321995 0.0429474 45.1457 2.15302 105.832 2.27831e-05 0.00104062 0.877874 18.646 2.65108 1.51076 
0.000234562 0.0731963 0.00680257 0.00205058 0.000119115 268.938 1.15066 0.391502 0.0908552 25.2244 1.71046 299.292 1.00646 0.000102538 4.2565 20.1008 1.40697 0.454914 
0.00440486 1.21819e-05 0.000199934 0.522424 4.34121e-05 21.9647 7.41495 1.98071 0.00836685 0.0360025 2.06659 432.248 0.000103317 0.00508581 1.55121 4.90574 1.64974 1.17747 
5.19788 0.594432 0.000662309 0.142341 0.00220225 294.349 0.000426482 0.426707 0.300986 1.85372 0.0381442 145.308 5.52639e-05 4.28138e-05 1.08959 42.8081 2.49607 0.398004 
0.000633583 8.81503e-05 1.27848e-05 0.0161966 0.00338606 440.094 0.00017162 1.30358 0.0939791 23.2158 3.26038 197.064 0.242176 0.000472383 1.14492 10.3392 1.73931 5.31793 
0.000152662 0.0596698 0.000101273 2.19943e-05 0.0171994 3.71093 0.00154071 1.33068 0.694114 242.014 5.95378 93.0815 0.00294126 0.00439116 2.17996 9.32349 1.08486 3.99409 
0.179622 9.87119e-05 0.0122295 9.47941e-05 0.0144207 69.123 1.75108e-05 1.60728 0.50476 333.463 4.59985 338.408 0.29085 0.00110351 2.19781 27.2042 1.39296 0.861691 
0.396814 0.00830039 2.60597e-05 0.283158 0.479651 12.4236 0.247622 0.345993 0.00619832 0.0147718 0.791578 106.069 0.000293395 0.00620223 1.40909 33.1058 1.29113 2.11303 
0.000115934 0.000503994 0.0157829 0.0185895 0.242589 90.3154 0.00179556 1.86919 0.144914 20.7519 1.97921 442.475 0.00666147 0.024889 4.42964 17.3812 1.17908 0.985371 
0.265525 0.00100183 7.20207e-05 2.58387 0.0616283 8.2359 0.0329226 0.411204 0.0219793 0.133498 0.242982 260.573 0.0128182 0.00926997 3.85344 4.18818 1.05165 4.94451 
0.780217 0.00595168 0.00609765 0.184782 1.93392 0.189454 0.000269647 3.38188 0.595536 3.42209 0.0644117 466.092 0.0404631 0.000478659 1.50451 9.10355 1.52519 1.01133 
0.0134535 0.0767682 3.72917 0.000176226 0.00217708 363.696 0.00927066 0.242197 0.160798 5.71428 0.04423 51.4531 0.000760856 0.00229137 0.905256 45.0968 1.09144 3.49693 
0.18955 1.7148 6.96171e-05 0.00138694 5.86629 0.0369738 8.77387e-05 0.218719 0.00896167 0.0919641 6.48936 99.9984 0.000261845 0.000306909 2.03527 7.74392 1.17413 8.26827 
0.0253524 0.313861 3.8773e-05 0.00102217 0.00633989 1.75599 0.00322781 0.62278 0.0610652 82.7943 6.92458 51.167 2.38347e-05 0.0103697 0.941712 15.316 2.79548 9.1784 
0.0785931 0.865842 4.16658 0.00040928 8.22276e-05 1.36745 1.63178e-05 0.252689 0.067118 2.47886 0.845906 76.6627 7.49487e-05 0.00132193 1.10252 15.6744 1.32627 3.00393 
2.46773 8.60541e-05 0.0114524 3.62602e-05 0.00280273 0.0241385 0.0545524 0.376258 0.271655 15.7299 0.337475 31.9499 0.000265659 2.28219e-05 1.39845 36.9045 1.84183 2.41257 
0.968882 3.03906 7.14873e-05 0.159162 0.776426 56.9263 0.508803 3.43256 0.0133538 0.0758613 2.73931 311.552 0.00044109 0.00734569 2.63628 10.4907 1.15237 2.01336 
0.00820719 1.21116e-05 0.474355 3.35715e-05 0.00394807 2796.48 0.335088 0.163071 0.286773 21.0804 0.262606 396.944 0.00365037 0.00751912 1.3674 2.22838 1.75953 7.63081 
0.00236593 3.72846 0.007232 0.55287 0.00618373 3.44058 4.75218e-05 0.244762 0.0264236 2.8514 4.65649 421.226 1.28889e-05 0.00071553 4.25569 39.8866 1.37351 0.183661 
0.0499663 0.767526 0.00161887 7.08933 0.00218715 0.164224 0.00221115 0.660318 0.0947516 0.948009 0.00772786 453.158 0.00134052 0.00134049 5.90498 17.2345 1.33448 0.551445 
1.36207 0.000258914 0.109949 0.149356 3.48238 31.5945 0.00188157 0.48805 0.494185 5.15328 0.0226371 177.885 0.00258085 0.000302858 2.93158 20.2405 0.971458 1.0578 
0.0234195 0.0259637 0.938473 0.311018 0.156836 4.26065 1.25132e-05 0.571302 0.200057 16.8093 0.4638 282.99 0.000182492 4.59969e-05 1.79778 3.08095 1.06067 9.90061 
0.190131 6.69942 8.25995e-05 6.50911 0.0203689 0.0116583 6.13433e-05 6.81392 0.0322695 0.114858 0.0850101 205.806 0.113956 0.000989614 1.31249 13.8562 1.67518 5.43222 
7.86807e-05 0.024663 0.00752701 0.00171336 7.33094 0.0111076 0.116362 0.275346 0.0126764 2.42455 1.53465 355.029 0.000923867 0.00318813 4.22307 9.17896 1.02911 1.00613 
0.00378534 0.00222443 2.66266e-05 0.414044 0.00183339 247.283 0.000458042 3.78658 0.313386 252.743 7.92182 423.903 0.0107324 0.0069562 3.76252 40.0911 1.49765 0.433092 
0.84714 0.00117087 0.189269 0.000158833 4.77299 2.4814 0.00882672 1.14287 0.392126 57.3807 0.375778 48.5082 1.54469e-05 2.87762e-05 1.86817 17.9713 1.22819 6.19962 
0.00414183 0.00675684 0.0153912 0.534167 0.0465009 979.647 0.000482339 0.265477 0.0133331 0.0102146 0.00821788 445.919 3.2607e-05 0.000691532 9.68501 23.0141 1.16229 0.611949 
0.00584972 1.35882 0.000140498 0.0886284 0.00124238 0.6536 1.05426e-05 1.26681 0.243194 61.3859 9.68691 90.9896 3.65413e-05 1.5596e-05 2.82054 19.4963 1.20406 2.08256 
0.0554804 0.000564938 3.82654 0.072645 1.22828 0.017839 0.261516 7.9488 0.00429137 0.269611 7.71846 181.148 0.000366365 0.000302863 0.880684 21.8614 1.42308 2.17102 
0.000146209 8.62899e-05 0.00185238 1.35706 0.0274432 1.74662 0.133798 0.854299 0.930158 19.3612 0.0143762 322.284 0.0109208 0.0290414 6.37067 9.51359 1.32685 0.925399 
0.00160353 0.000229386 0.000344849 2.42265 0.000212704 0.282019 0.168107 1.66153 0.104874 198.831 1.95471 146.907 0.737842 0.00129585 2.43916 12.5127 1.08887 2.03673 
0.000408481 1.20323 3.84563e-05 1.6392e-05 0.0291877 0.148105 0.0339314 1.16865 0.0568275 9.0673 1.82933 143.165 0.235944 0.00334881 1.19348 8.41003 3.07812 5.00174 
0.00038181 0.0984109 1.3325e-05 0.00915557 0.00135781 1542.69 0.010215 0.745063 0.346832 0.684196 0.00397118 316.283 0.291035 0.024489 1.68412 7.49928 1.81252 2.11786 
0.114425 0.129335 0.129537 0.00304835 0.00132766 0.0150384 0.000106419 0.361933 0.0980406 0.673454 0.102024 19.2926 0.0594522 0.000240729 0.888877 31.2621 1.5978 8.4938 
0.0956031 0.000466738 0.00163685 1.36569 0.0210253 11.3729 1.92814e-05 0.319456 0.236227 244.292 3.48158 71.754 0.000809963 0.000399191 0.712053 45.0118 2.00618 1.31421 
2.28861e-05 0.635287 0.00475213 5.04771e-05 6.32923e-05 2.81091 0.000868424 3.45417 0.108336 0.0849671 0.0469253 401.392 3.85337e-05 0.0109036 2.1026 24.3354 1.14213 2.11357 
0.000115758 0.0369687 0.000129685 8.05865 0.000439737 821.58 8.99277e-05 0.653814 0.00489994 0.0165332 1.17472 309.18 0.00183811 0.00333277 3.5024 16.0628 0.992958 2.25227 
6.80158 0.0107531 0.0465746 0.213163 0.000115095 102.533 0.000313155 0.136682 0.00606117 0.020295 2.133 397.173 0.0368157 0.10535 2.16408 1.54241 1.15205 9.11567 
1.36072e-05 0.00184005 0.0625081 8.15773e-05 0.165975 7.15108 0.00422991 1.53379 0.248744 33.8541 0.866974 106.488 2.0147e-05 0.000587997 2.51641 35.2132 1.0403 1.11247 
0.00582086 0.016411 1.14199e-05 1.06208e-05 0.00206371 668.631 0.247579 0.659615 0.189481 8.00809 0.424915 71.9469 0.00744464 7.34615e-05 2.7694 19.9735 1.79127 2.35068 
6.35508 0.0520776 1.32739e-05 0.00246149 0.0987547 0.0300068 0.487835 2.03656 0.00869623 0.0174965 6.19329 230.242 1.10389e-05 0.0123144 4.32733 34.0129 1.46844 0.505082 
0.189978 2.07466e-05 1.57655 0.0277325 4.03504 0.271191 0.000991099 2.17431 0.244238 3.36809 0.0412069 353.969 0.0108921 0.000283621 1.3056 9.48324 1.74033 1.70004 
2.27017e-05 2.61648e-05 0.0022441 0.00125093 1.78945 0.0209569 0.000103775 1.09742 0.0109984 1.87973 8.4815 68.3783 2.03809e-05 0.0178252 4.4336 24.5674 1.03832 2.83771 
0.713008 1.42854e-05 3.55087e-05 0.00112883 0.0321843 333.565 0.291434 0.340645 0.0245608 1.22958 6.37277 79.4267 7.06206e-05 2.65341e-05 1.271 28.6497 2.23306 1.06495 
0.0970054 0.0273592 0.017764 0.000344712 0.000632085 0.0708448 1.47491 3.24962 0.0215978 0.402022 0.0648588 318.36 0.00142399 0.00012397 3.03559 16.1083 1.17808 0.879266 
7.50257e-05 0.167994 0.0178928 1.6731e-05 0.00113346 12.5121 5.73869 0.632249 0.411487 3.81717 0.0469479 15.7923 0.0126068 2.79623e-05 1.19316 39.4387 1.59207 3.96368 
0.00865527 3.68783 0.148981 2.0362e-05 0.000465558 0.0421081 0.00166428 4.79738 0.0938228 67.5635 5.44483 331.689 0.00597208 0.0124697 1.82861 35.804 1.68114 0.858274 
0.0557866 0.133657 0.000870226 1.75032e-05 1.56276e-05 19.4966 0.02811 2.54925 0.011037 0.315627 5.42432 104.638 0.0001963 0.00232766 1.36688 15.6337 1.77344 7.91398 
0.000289468 6.86422e-05 0.0289197 2.22864e-05 5.59043e-05 37.6743 6.41963e-05 1.04785 0.00776291 0.259557 1.0239 184.868 9.32306e-05 0.000455009 1.64822 38.9154 1.74611 0.33486 
0.0552469 0.00429841 0.0136689 7.25612e-05 2.92991e-05 229.693 8.58909e-05 1.04181 0.557653 50.7367 0.266486 151.132 1.91552e-05 0.0186671 4.72147 12.4818 1.019 2.1718 
4.82401e-05 0.618738 2.15306 1.72573e-05 0.00017575 257.264 0.0723625 0.302991 0.710075 2.07663 0.0125766 400.512 0.407317 3.14543e-05 3.95356 7.74995 1.09249 0.973319 
0.210365 0.000942051 0.0193829 0.0489645 0.0241844 0.0919081 0.0507568 5.28738 0.0100259 0.235645 9.87736 456.55 0.00124514 0.04554 3.30528 7.76318 1.1693 1.54786 
0.83425 0.000398158 0.158031 1.69819e-05 9.42831e-05 130.09 0.865338 0.929218 0.246239 13.7357 0.782677 334.828 0.00306082 0.118667 1.33925 3.45812 1.89481 7.00328 
2.73215 7.64469 0.000558975 1.89514e-05 1.56842e-05 0.0751329 0.0353205 7.04763 0.131157 13.2888 0.107783 52.5988 0.000837071 4.17246e-05 1.45321 36.9598 1.05681 1.58428 
6.26858 0.00215638 0.000185969 0.000339814 0.0165431 0.066382 0.000433775 1.5505 0.00916801 0.0355685 0.0859555 330.944 0.00806677 0.00293128 1.11689 7.95759 2.53043 1.45485 
0.00081241 0.000497315 0.72165 0.662046 0.0186239 78.9979 0.0427365 0.0460158 0.0136662 3.14429 8.00588 69.9688 1.91264e-05 0.00137291 1.45579 22.5717 1.3455 1.65962 
0.000720937 0.0194837 4.03997e-05 0.0736113 1.62525e-05 337.464 4.09968e-05 2.23108 0.468101 16.7904 0.208122 73.5703 0.0717953 0.0100098 2.64492 9.50473 1.26341 6.54044 
0.000656873 2.92058 0.00180813 0.0104554 1.25537 6.89744 2.44852e-05 2.28807 0.0275552 1.34333 7.03153 269.373 0.0190254 3.25183e-05 1.42677 3.61552 2.34822 3.18821 
0.000146172 0.0999119 0.0103714 0.000243523 0.00282247 0.0157562 0.00148151 0.39521 0.00961087 0.0169929 0.486213 376.659 0.0343045 0.000903754 1.25263 2.24758 2.09684 8.0504 
9.73152e-05 6.29056 0.390595 0.0078029 0.031302 157.485 5.64919 1.80515 0.0406852 0.91147 0.510576 71.9815 0.125971 1.02057e-05 4.72414 10.7851 1.13829 6.31849 
1.55822 0.0938466 0.00358909 5.51392 0.0216489 122.804 5.11405e-05 0.857778 0.0489139 9.93227 0.0908008 45.6623 0.00162847 0.00401778 3.13722 48.9145 1.15654 2.69156 
0.00501453 0.0162399 2.04172e-05 9.59932 0.430211 0.199341 0.00286564 0.847058 0.0443026 5.99533 2.11593 76.564 5.54443e-05 2.31913e-05 2.61737 37.3225 1.05296 1.25259 
6.03165e-05 0.52379 0.00090451 1.83261 0.683856 75.3395 0.00173209 2.13336 0.151298 23.7451 0.342003 177.895 0.0027236 0.00419471 1.50033 42.8371 1.22505 0.415232 
0.0142431 0.00067186 0.00620685 1.65823e-05 7.69966 217.206 0.031118 0.659411 0.00503827 0.0400553 0.914178 331.56 0.000654638 0.00299973 3.81983 10.2283 0.934001 2.0809 
0.00310267 2.79416 0.0135917 7.56214e-05 9.45903 0.383383 3.66013e-05 6.57913 0.315879 269.85 2.70941 252.404 0.00360944 0.0139456 2.45919 11.6119 1.16665 5.03912 
1.15391 4.65515 0.42446 0.00469858 0.0879133 0.0253228 0.00140991 3.30724 0.0599878 381.368 3.57443 171.327 1.29406 0.000741511 1.24507 11.2502 1.26131 3.76609 
0.0017009 0.711045 0.442883 3.67762e-05 8.56911 0.131207 6.89118e-05 9.50231 0.922566 123.191 1.33718 228.182 1.18609 0.0363842 1.87901 20.8586 1.542 0.548965 
0.000989331 0.0167326 0.000243708 0.00231577 7.11511e-05 0.039371 0.263756 9.10973 0.784496 151.882 1.54947 307.978 0.187298 0.000193694 1.79059 27.2374 1.56733 0.557609 
0.00249573 0.000240889 0.307002 0.0535335 0.000923614 219.095 5.06646 0.189525 0.00873207 0.0969053 7.71625 212.744 0.000809216 0.000140594 2.94266 14.2007 1.21566 0.746159 
0.210949 0.000552664 0.336292 0.00406376 1.24011 30.3544 0.000358679 0.161132 0.189469 104.189 1.12652 317.995 0.988426 0.000187007 6.75887 18.1436 0.904344 1.58341 
0.000719056 0.0143381 0.0489858 8.97166e-05 0.16658 40.937 0.0213788 0.500369 0.0960108 7.08163 1.64508 56.7561 0.000139064 1.04493e-05 3.34622 21.5634 1.39382 2.58242 
0.000373836 0.000771417 0.00375389 0.0708068 0.000226879 15.5644 0.20514 1.12823 0.228938 22.341 1.07088 88.7361 0.0128776 0.00232498 1.78976 34.3859 1.21604 1.27746 
9.67939 2.50514 0.00726401 0.010895 0.512763 13.9815 0.420341 1.31615 0.0750774 9.20429 0.668995 276.495 2.73814e-05 0.000475148 1.10076 7.35547 1.70545 1.55826 
1.24431e-05 0.00496131 0.0408269 0.00662091 1.13115e-05 152.114 0.302196 5.80385 0.58495 90.9481 0.533398 475.547 2.18307 0.00110074 1.41844 8.35998 1.17836 6.3058 
0.00864047 0.00108198 8.44795e-05 0.546134 9.97205 6.55954 0.0103631 0.51412 0.120035 4.19294 0.00667898 134.473 0.0002973 0.000348027 1.04654 14.864 2.42793 1.3654 
0.0102883 1.85001e-05 0.0148986 0.128909 2.55749e-05 2.23922 0.00676722 3.45572 0.038159 44.3742 8.41943 422.552 0.000189351 0.0207441 1.98049 20.6972 1.27162 2.62897 
3.66203 0.513326 0.15153 0.517484 1.43161 1282.36 0.000922468 0.891387 0.267015 409.917 2.78003 190.132 0.0165704 0.0113648 4.39562 31.6364 1.19053 0.646891 
1.43467e-05 5.91073e-05 0.000429414 0.00860821 0.016458 171.267 0.00319246 0.904955 0.0140671 0.146107 7.61212 425.413 0.0771372 0.00739594 3.34923 31.3434 1.78426 0.149786 
0.000307729 5.12819e-05 2.92111 0.263924 0.000299159 285.265 0.00254773 0.0633157 0.100811 1.98799 0.0291153 158.639 1.32746e-05 0.00279349 1.99602 26.3478 1.94133 0.557933 
0.152995 0.106431 0.000646334 0.148076 0.000199645 689.007 1.09516e-05 3.70691 0.297066 1.71559 0.0870138 280.593 1.18858e-05 0.00119069 1.217 13.8286 1.39325 1.29501 
0.000681735 1.37344 0.022381 1.25218 0.0311193 0.0575075 0.00695257 3.14881 0.00808563 0.0415997 3.43515 128.354 0.000231468 0.00014943 1.64592 14.4362 1.78276 2.01908 
0.000503523 9.27957e-05 4.30657 0.000545178 0.00278802 25.7241 0.000301231 1.27146 0.0423449 12.0949 5.47893 355.77 0.123335 2.44144e-05 0.998178 2.40139 1.96653 2.96589 
5.60653 0.442112 0.000698574 0.00160863 0.000143324 1.43285 1.23665 0.580617 0.476757 24.5147 0.178303 339 0.669842 0.00157613 2.27581 37.7053 1.57917 0.192082 
4.92411e-05 0.00139736 0.194253 0.000644226 7.12205 0.0198439 0.0503093 6.2726 0.0182335 12.6511 2.1611 46.8267 0.00523658 0.000347026 1.49814 35.7877 1.00441 2.42095 
0.000300117 0.00259579 0.000508894 0.0760384 3.51445 47.2442 1.35815e-05 0.878692 0.194215 0.406456 0.00703277 222.25 0.291582 0.00179574 3.60836 41.7082 1.28338 1.0315 
3.75606 0.841246 0.545952 0.0486623 0.101142 2081.57 0.00142668 1.15371 0.00780888 0.0362134 2.31036 208.287 0.000255073 0.000752244 1.47941 19.1863 1.64919 1.80606 
2.87211e-05 1.80754 1.03767e-05 0.0198902 0.363267 0.205327 1.92338e-05 2.30418 0.121069 2.23948 0.0796441 83.6359 1.26817e-05 3.47178e-05 1.30804 12.3016 1.53483 5.9222 
0.0452494 0.106279 0.270403 4.47158 0.0167346 0.54488 0.0196611 3.37337 0.719053 0.951764 0.00180943 19.9561 0.000266912 0.00834153 1.00462 32.9418 1.3428 7.6587 
0.0250598 0.00051953 3.20867 2.09715e-05 1.59539e-05 16.0798 5.64565e-05 0.113665 0.0432859 1.24095 0.474349 361.429 3.65654e-05 0.123235 5.76968 29.3986 1.46878 0.505044 
0.00128055 0.00668765 0.0599866 0.000321771 0.00162992 1.5525 0.000148609 1.12483 0.00701781 0.206433 0.661024 232.545 0.000250475 8.65005e-05 1.68388 49.3858 1.4682 0.390166 
0.00589854 1.7636e-05 0.000236789 1.22688 0.000410922 0.0139623 0.133374 0.501435 0.0831613 129.738 7.11892 421.848 0.137974 0.0513623 1.25385 2.67648 2.18936 3.77445 
0.000942042 8.8234 1.74696e-05 1.15596 0.000622304 20.582 0.00389062 1.3741 0.0171802 0.464914 6.0036 241.368 0.00625705 1.75416e-05 1.42719 6.05546 1.44171 9.00784 
5.78688 2.5495 5.16398 7.10638e-05 6.56924 0.465159 0.000127207 0.887942 0.322151 305.378 5.00212 122.627 0.00114718 0.00122106 1.93342 24.8641 1.14983 1.54036 
0.00393085 3.92869e-05 1.87775e-05 0.000109237 1.90032 0.0315868 4.03551e-05 0.517602 0.0964088 32.5567 6.36531 457.413 0.00372487 7.01831e-05 2.81496 24.9857 1.26864 0.297169 
0.000365343 0.00125052 2.18642e-05 0.000185284 0.749159 111.588 0.0130548 0.208475 0.00642634 3.65546 4.10124 74.3512 0.000701416 0.000372522 1.74784 22.0288 1.2446 2.41963 
1.06513 0.450344 5.06123 0.176816 0.946324 13.5301 0.00370744 0.0357701 0.218035 107.422 1.28867 204.137 0.000828521 2.73021e-05 1.45954 19.442 2.12371 0.540306 
4.01843e-05 0.131479 0.000926372 2.74402e-05 6.41434 353.487 0.000525909 1.9714 0.526422 9.55028 0.0409298 343.046 0.00105932 4.12558e-05 1.47425 20.3632 1.24407 1.02566 
0.00732769 0.00110433 0.000216319 0.00178866 0.00499683 0.628007 2.16075 9.36748 0.503254 314.288 0.271186 242.483 0.0488594 0.00307035 1.08525 8.67947 1.20455 9.65242 
1.50652 0.0210465 0.000334048 0.332798 5.52148 8.94348 0.00386696 2.4732 0.107994 26.5279 0.119797 40.7768 0.00431248 0.000425699 0.931622 44.5807 1.67021 2.42236 
1.6484e-05 0.00101297 0.000315566 3.40922 0.00169072 2605.23 0.19155 0.140126 0.00665101 0.308588 2.3163 51.5407 0.00103871 0.0140576 3.09242 28.0562 1.12856 1.36601 
1.91027e-05 4.0001e-05 0.00178345 0.101543 0.0833406 0.0101994 0.0171591 0.404071 0.0280942 1.5845 1.64862 469.721 0.000257708 0.00093915 3.33929 2.51012 0.988986 4.17913 
0.174699 0.0384442 0.000389052 0.79554 0.000166753 0.29755 0.000185558 0.242884 0.0210941 0.0196376 0.0755398 199.273 0.00208135 7.02474e-05 2.48278 30.7995 1.32313 0.54056 
0.0076928 0.122064 0.000117435 2.04115e-05 0.0301066 1876.72 0.643642 0.417725 0.00894552 0.0158089 5.99027 308.561 0.000165418 0.000100654 1.703 2.77531 1.27133 4.21295 
1.03947e-05 0.0395389 0.00319804 0.000866053 0.0235565 4.07536 0.0232252 0.838562 0.162736 2.01831 0.04085 193.667 0.00997449 2.95725e-05 9.86031 48.101 1.03819 0.690659 
3.28342e-05 8.86116 6.22555 2.26587 0.000599133 154.193 3.98836e-05 0.401973 0.232354 9.08653 0.0606183 53.3817 0.00025784 0.000268921 1.04842 15.7073 2.0838 5.37762 
0.59045 9.83041e-05 0.622249 0.000192338 0.000142396 35.5404 7.0799 0.438374 0.535871 5.9523 0.0313006 469.937 2.89261 0.0114801 1.9977 5.06154 1.46492 2.60327 
0.000113627 0.00408113 0.627097 0.000290478 0.000527297 16.4678 4.06747 0.266143 0.477798 363.999 9.74565 141.152 0.000864899 8.91027e-05 3.12142 46.4304 1.361 0.422026 
0.356371 0.00406296 0.000596695 1.52647e-05 0.0162852 0.0235271 0.00388618 2.37033 0.136435 26.6859 1.75595 352.444 0.029566 1.00391e-05 1.39499 44.4212 1.45998 1.42474 
0.000106553 1.16876 0.359519 0.521388 0.305024 38.5229 8.72349e-05 0.47525 0.0910322 19.8505 1.22232 98.4741 0.0287741 0.00045132 1.49945 8.96448 1.22273 4.46458 
0.0574996 0.000817027 0.000156719 7.14178 0.00105594 0.158202 1.80047e-05 0.492506 0.140182 1.19893 0.0671448 103.88 2.01584e-05 0.000471853 1.77934 9.65605 1.33505 4.85851 
0.00195697 3.21041 0.272287 1.66787e-05 6.61576 27.0813 6.1059e-05 1.29115 0.0191796 1.74171 3.20778 246.052 3.14503e-05 0.0127925 1.51271 6.11053 1.72541 3.09906 
0.024454 1.30837 2.46211 1.0073e-05 0.0121457 5.33444 0.188639 0.247651 0.582562 254.812 0.822807 321.576 0.106907 0.00196969 1.55866 2.54261 1.42882 8.40362 
0.223262 2.34235e-05 0.0240746 1.40147e-05 0.000610373 168.825 0.00120216 1.76902 0.050502 7.78955 0.336727 134.16 0.973019 7.25873e-05 1.88413 15.8529 1.32088 1.82836 
0.000659948 1.07217e-05 1.44829e-05 3.01886 0.274336 0.91022 0.00550902 3.4422 0.981086 101.156 0.210817 39.0021 0.0193225 1.09474e-05 1.58342 45.7814 1.57507 2.17395 
5.55023e-05 0.104102 0.00408056 0.00315741 0.0317862 1.86046 2.14171e-05 3.03136 0.0544638 5.50207 2.54897 153.556 0.000851579 0.0210647 1.38732 20.307 1.22285 2.39474 
0.639925 0.000175369 0.00346977 0.000570829 0.000556826 2.14818 3.43815e-05 0.509584 0.0037668 0.186434 2.93761 121.512 0.000249548 0.000970944 3.43291 34.5081 1.18832 0.849744 
1.51749 0.897515 0.000239313 2.2735 0.158544 2008.83 0.000916498 0.809982 0.0598075 6.09356 2.52238 151.666 0.096736 5.07162e-05 1.47027 13.7112 1.25537 3.44229 
4.84279 0.000322654 0.0468535 0.493964 0.000187507 39.1442 1.0022 0.224115 0.0473828 2.1215 0.219741 46.9161 0.0166899 0.00349032 3.019 24.0959 1.09991 4.21412 
0.206334 0.0324197 1.45312 0.000602375 3.58625 3.49785 3.15979 3.52132 0.0640235 4.33984 1.36718 436.95 0.009749 0.000247709 1.28033 43.5443 1.7053 0.460719 
0.00247609 0.0478204 0.0206676 6.47655 0.0253405 2.14427 0.0668121 0.577427 0.113275 3.52272 0.357865 281.809 0.160055 0.0059298 2.50802 5.14905 1.31921 2.54078 
0.000399151 2.5696 0.00025977 0.519955 0.227957 1437.86 0.01837 3.49861 0.236993 25.9386 6.84822 172.727 0.0017858 0.000266167 2.30431 27.5798 1.75692 0.911075 
0.239856 0.000251072 1.59142e-05 1.58783 4.45255e-05 0.116447 0.000160162 0.764792 0.021995 0.128388 0.617209 294.704 0.00239717 0.000143614 2.19845 2.87456 1.30652 5.05033 
2.08542e-05 5.91713 0.0243936 0.954204 0.320968 261.661 8.30451e-05 1.65975 0.220383 5.45027 0.767549 166.387 1.53607e-05 0.00122191 3.02606 22.4047 1.36146 0.918348 
4.61986 0.0410609 2.56912e-05 2.77783 4.27795e-05 0.665821 0.000845927 6.05215 0.283144 397.337 9.93053 396.305 0.000668778 4.90375e-05 1.14847 27.7356 1.71543 0.580769 
0.00596628 0.438037 0.0944106 7.8806 0.0375579 1330.91 2.59714e-05 0.42061 0.112101 21.2406 3.8821 162.918 0.00136785 0.0894548 2.58156 3.81199 1.26888 9.95672 
0.460038 1.85182 1.02537 0.0612422 0.0436491 11.7564 0.000399476 1.9626 0.456671 1.06753 0.0170073 322.211 0.0961396 0.00257058 1.78233 13.5339 1.49315 7.49078 
0.0107347 5.21305e-05 0.0101997 0.0996642 0.000642807 6.44413 3.5888 0.495838 0.021954 6.57562 1.99627 388.439 1.21743e-05 0.00983622 1.33307 7.93741 1.4742 4.64321 
1.30919e-05 0.0178205 7.7293 0.00825218 0.000264926 0.853172 0.329504 0.222111 0.159809 0.514216 0.113082 88.1575 2.3647e-05 0.00936663 3.43118 46.5021 1.3259 0.433521 
0.000655533 0.262156 0.12359 0.00264291 0.00103925 0.305094 0.000173798 7.40735 0.0569642 7.39434 2.54262 337.679 6.63767e-05 0.00390991 1.96184 32.059 1.18787 0.937356 
0.00323019 0.128238 0.994343 6.81006 0.0727018 0.0644213 1.63028e-05 1.41394 0.0675596 47.1284 1.83515 75.6308 0.0399327 1.99276e-05 1.08232 12.8447 3.09051 8.458 
5.65117 0.000430221 0.000688963 0.0775897 2.42061e-05 0.718072 0.31067 1.55321 0.0759784 57.1607 9.32221 84.5304 0.000433033 0.00285147 2.65055 10.7784 1.21332 6.12421 
4.16958e-05 0.0139908 0.00236759 3.05034 5.02977e-05 0.0438277 0.161236 2.19056 0.385077 1.89527 0.018309 86.1042 0.00160169 0.000369412 0.968884 12.8902 2.0345 4.58397 
0.00244065 3.35326 0.1265 7.03097 0.000122875 505.004 0.00104606 1.14941 0.338799 5.58061 0.197687 120.382 0.000511755 0.0010748 1.85154 11.9716 1.32403 3.5144 
3.20753 0.00174982 0.000293498 0.0159987 2.22651e-05 0.110976 1.05985 2.30822 0.00746708 0.213748 3.46099 125.542 0.0014215 0.00321341 1.33194 29.049 1.58749 1.26785 
9.52995 0.490325 0.000137918 0.000647124 9.61943 40.5463 0.0473638 1.85999 0.164402 26.6274 1.41989 341.807 0.00229987 0.000373041 1.51498 6.16376 1.46582 1.25411 
0.0185426 3.06235 0.000252278 0.0350053 2.91683 867.475 0.000361591 1.40769 0.137956 57.5223 0.949928 402.259 0.165209 0.00259589 2.20954 4.53694 1.06224 2.02302 
0.00336274 0.000512908 2.98207 0.00717062 0.0440742 0.20478 0.000666054 0.115939 0.0207171 0.0151417 0.115031 276.623 0.000461245 0.000120398 1.84666 3.42967 1.07265 3.41528 
0.000240562 4.54128e-05 2.97811 0.305743 0.00011565 0.0396425 0.263882 1.8752 0.0347063 0.360674 0.0917091 86.1108 0.000629901 0.0256231 1.71164 10.2771 1.52886 7.25982 
0.000411402 0.000274821 4.36024e-05 1.92054 0.000252541 4.58676 0.0320297 0.197049 0.0258042 0.0105883 0.0195174 325.244 1.01017e-05 1.82861e-05 1.99656 17.4473 1.50116 0.714481 
0.0514994 0.181328 0.0627742 0.00599507 0.0184094 1.49943 3.15558e-05 3.9643 0.0142399 0.185908 1.24346 254.39 1.08834e-05 0.0408759 1.66526 31.7012 1.70584 0.569237 
5.04757e-05 0.0335102 0.000998971 0.0443526 0.010362 114.938 0.772493 0.482741 0.0797781 1.47359 0.215705 36.7314 3.00609e-05 3.42127e-05 1.82295 34.408 1.85606 1.12076 
0.0165646 0.000455534 0.00013275 0.00329599 3.41388 4.13509 0.933297 3.6224 0.00447614 0.121214 5.04959 263.037 0.00322035 1.85047e-05 1.65014 36.3524 1.43585 0.721409 
1.27901 0.513693 0.000894148 0.487396 0.00106693 28.2778 0.0326826 2.24098 0.0110285 0.283071 0.584978 19.5041 0.000537196 0.0013787 1.80891 43.3663 1.13284 3.12808 
0.00384629 0.000115487 0.00034922 0.00124572 0.00011687 0.298079 1.91684 6.48397 0.0458188 8.85819 0.582189 355.377 0.147113 0.00114361 2.276 36.2142 1.38035 0.363298 
0.604692 1.94649e-05 0.00896926 3.90246e-05 0.000130187 26.7308 2.36295 0.637578 0.0043253 0.0207356 9.55819 484.17 0.0124518 2.04953e-05 1.38936 1.30473 1.59096 6.70831 
0.00315056 7.4623e-05 0.610956 0.298941 0.0036143 0.247223 0.343773 0.700578 0.0615945 66.7628 0.640948 432.132 0.296113 0.00872139 8.9418 9.38709 1.18516 1.21365 
0.000193719 1.36223 0.000304081 0.0368895 0.100651 199.256 1.44763e-05 0.244557 0.0611925 132.114 6.57402 480.175 1.20976e-05 0.00265846 2.13071 2.1357 1.26022 4.37084 
0.000160638 0.0013115 3.29051e-05 0.0010256 3.39735e-05 16.2477 0.00160136 1.07358 0.00696596 0.029461 7.76839 456.944 9.54668e-05 4.28521e-05 1.52331 23.8793 1.84337 0.293986 
2.40801 7.74546e-05 0.428258 0.331635 0.00108047 0.0461492 0.0263342 3.1716 0.00940234 0.0455823 5.02885 76.9179 1.08412e-05 2.90844e-05 1.60712 29.4944 1.09829 1.62744 
0.00561178 2.17779 2.10859e-05 1.863e-05 0.00861581 4.68247 1.7027 1.29507 0.00709036 0.055509 1.01924 320.099 7.11351e-05 6.14992e-05 2.04684 14.346 1.15258 1.10732 
0.00138834 1.84269e-05 1.12049e-05 0.0142933 0.0896514 0.131236 0.000320608 8.53363 0.0966806 0.358195 0.0915713 228.974 1.54615e-05 7.27641e-05 2.0633 37.0326 1.45681 0.957717 
0.000103833 0.00059772 0.000190877 3.41618 2.55815e-05 556.243 0.000136531 0.284146 0.0251835 6.0436 0.980465 342.182 1.06465e-05 0.0104823 3.721 2.6207 0.921383 8.26174 
0.000718109 0.00111262 3.3652e-05 0.00014045 7.58329e-05 2032.95 0.352179 0.930812 0.617643 146.655 0.233166 170.996 0.000190993 0.00625713 1.19192 44.0231 1.81041 1.14193 
0.0179028 0.02081 2.08842e-05 0.448391 0.00011251 12.5537 4.83395e-05 0.107418 0.221291 129.894 1.41478 341.22 1.33618 5.76841e-05 6.36315 38.1759 1.22736 0.460897 
0.00560791 0.00560885 7.68693 6.25617e-05 0.000951342 0.036826 0.000807354 0.0763938 0.038114 0.196981 0.376725 115.013 0.0117047 0.000797722 7.94864 47.9823 1.08117 1.23235 
0.249531 0.0817808 0.00107799 0.000808927 0.0162106 687.456 0.0603128 0.0921274 0.221185 22.0463 0.664059 257.668 0.966464 7.04828e-05 1.06051 29.0581 2.74171 0.516964 
0.0886157 9.94485e-05 0.000171033 1.47253e-05 0.00586459 0.397976 0.00664378 0.426155 0.120215 3.16791 0.0490316 33.6181 2.14422 0.00022854 1.97369 29.3247 1.73212 3.11299 
0.00378441 0.210239 0.000394962 2.68259 0.00304013 312.969 0.000754318 1.11735 0.593967 61.2891 0.521774 128.221 0.134615 0.000102485 1.18906 20.783 1.82918 1.73516 
2.20927e-05 0.023701 0.00037532 0.0120272 5.24649e-05 656.589 8.72524 0.62671 0.684973 18.1606 0.0517912 275.952 0.139409 0.0231998 2.09899 34.5895 2.10156 0.647137 
2.91626 0.0295994 0.00191703 2.48617 0.0589831 188.913 0.000924691 6.50811 0.0864137 0.481542 0.107077 444.385 0.0193078 6.00386e-05 1.56496 10.6907 1.31106 1.57625 
0.0250735 0.00144561 8.99432 0.279797 4.84812 0.0107369 0.0243038 3.84217 0.0845124 5.56306 0.653811 263.512 0.00172114 1.6122e-05 2.07549 18.8773 1.34421 0.937075 
0.0613628 0.537566 0.392135 2.38127e-05 0.406997 247.342 0.121914 1.24096 0.0130567 3.00448 6.68782 344.08 0.00175838 2.71995e-05 0.742809 46.2973 1.73712 1.56357 
1.88099e-05 0.0122988 0.0424092 0.0002086 0.000840303 0.465113 2.31162 2.45359 0.0496232 8.61392 1.44413 102.195 0.0027979 0.0169746 6.26805 34.6852 1.05332 1.14435 
0.0436353 0.383811 9.6473e-05 1.63231e-05 2.77213 1.28652 0.000313473 1.87587 0.0567537 0.227423 0.0935912 180.496 3.08019e-05 0.00114307 5.28143 36.5338 1.24467 0.799559 
0.285037 0.42597 0.00376717 4.48926e-05 4.61506 0.0336109 0.000605179 3.04663 0.0353197 3.27608 0.852526 369.59 0.000522343 5.28061e-05 1.91285 13.2239 1.29282 1.0501 
8.77984e-05 0.39614 0.000943225 0.00045745 7.45533e-05 418.218 0.000595697 0.538281 0.322619 328.906 2.72157 151.949 0.000546839 0.000319339 1.47036 9.8639 1.3526 3.58098 
0.00318599 0.859059 2.49782 0.000224667 2.9091 0.0416968 0.231273 1.99764 0.837605 239.952 0.691764 61.2645 0.00112442 0.00186047 1.92634 13.6507 1.08582 5.20425 
2.01374e-05 1.27704e-05 0.00670021 4.50499 0.813075 0.889389 0.00470376 2.13423 0.14067 196.341 4.96258 413.468 1.63123 4.70014e-05 2.20144 6.23779 1.1118 3.7106 
3.43132 2.24319 1.51494e-05 8.04168 4.62364 0.0239459 0.157744 3.64517 0.454743 0.890074 0.0287823 120.394 0.216986 8.61999e-05 1.41969 14.5103 1.53211 4.14654 
0.110567 6.70891 0.17578 0.118942 0.0108081 0.725677 0.00013784 0.822193 0.0636058 8.04611 0.811773 485.183 0.00552553 0.000105295 0.998313 12.1308 2.17957 0.614998 
0.00118496 1.07201e-05 0.955765 0.00128673 0.000153236 529.329 0.16328 6.44816 0.138442 89.3702 5.84026 454.357 0.0282681 0.00691178 2.62644 45.9159 1.18554 1.10014 
0.989441 9.46297e-05 0.000546419 0.280098 0.124032 3.68366 0.000609179 1.51536 0.0180404 0.168955 1.13467 207.07 7.69216e-05 1.315e-05 1.40238 7.83766 1.76667 2.35679 
0.00858226 0.00106764 0.00375094 0.000145631 2.47618 53.6725 0.151187 0.991314 0.378043 41.4454 0.702999 57.8687 5.12242e-05 0.000257589 1.32147 18.9828 1.3972 3.54998 
0.0519122 2.44924 1.39098 0.136021 0.000913283 3.12294 0.0468437 1.63989 0.00800906 0.0575136 5.61272 58.7711 0.00645647 8.3975e-05 1.209 16.9782 1.82084 8.05175 
2.12939e-05 0.215294 0.0937304 0.489398 0.29935 0.0107103 0.0441115 0.437589 0.76141 18.1672 0.0319327 261.015 2.41121e-05 1.84084e-05 5.63126 36.0509 1.38612 0.376626 
0.314472 0.00426829 0.00640269 0.310407 0.0386943 0.0164945 0.000254823 2.5814 0.206316 85.3297 0.49918 219.416 0.000284244 0.0213514 2.02562 49.74 1.74345 0.284071 
8.5123e-05 0.836885 0.0452974 0.0109738 0.00367644 61.5547 1.03625e-05 2.36698 0.105106 4.5459 0.0970115 154.242 0.000119761 0.00654607 2.0615 10.4677 1.17906 3.93554 
1.99606 3.1481 0.000557897 0.0504817 0.0635299 125.901 6.26633e-05 1.39709 0.0504287 0.668773 0.292256 353.476 0.00179245 6.34473e-05 1.01051 7.88028 2.07929 0.978861 
0.000100016 0.00160191 0.0449135 9.93327e-05 0.853364 106.506 0.0118268 0.203209 0.00629162 0.105008 0.137015 17.8025 0.0022454 6.81143e-05 1.5671 22.4835 1.2688 7.21395 
0.0612502 2.66873e-05 0.0118402 0.00188678 9.98447e-05 1.43276 0.00192695 1.01849 0.198236 4.49067 0.00743185 292.24 0.00593263 0.00218118 8.942 28.3633 1.14574 0.585555 
4.18202 3.38075 0.133422 7.31383e-05 0.303771 1075.94 0.00890596 1.9318 0.00725665 0.1119 0.0383461 101.381 0.0533338 6.93745e-05 1.21895 22.1024 1.40385 1.77378 
0.0181529 0.0822512 6.25581e-05 1.59106e-05 6.26848e-05 1.39608 0.00272885 0.287984 0.000907749 0.0135211 3.60902 225.203 6.10998e-05 0.00217664 1.8376 3.24363 1.03456 5.03455 
0.000126525 0.140401 0.000651191 0.00689158 0.228906 2593.17 7.45116e-05 1.03787 0.0246643 0.0231389 0.108344 134.85 1.04393e-05 0.00393096 1.50877 13.3063 1.83326 2.75665 
0.0001216 0.0279301 0.175028 0.0324088 1.95179 0.326628 0.178203 3.1928 0.175465 26.7812 0.379463 71.575 0.00031 6.06652e-05 1.30367 27.7179 1.20299 2.41287 
0.0739386 0.000943724 0.00396328 5.86559 0.228865 1998.79 0.00409906 1.05829 0.0150106 0.11438 0.556982 223.002 0.000141651 0.000165372 1.1251 10.2865 1.6697 2.11862 
0.0837148 8.34159e-05 1.56301e-05 0.000210618 5.64646e-05 0.0242034 0.0004391 9.62164 0.121538 30.6737 1.62488 354.336 0.402983 0.0169408 1.24734 16.4381 2.02319 3.42986 
0.979403 8.18935 0.00236051 0.000266469 0.0405256 0.078032 0.0546424 2.90927 0.204845 35.0894 0.0668068 50.4972 0.000381633 3.53867e-05 0.979503 33.3674 1.50418 2.29196 
7.62837 0.131167 0.00049408 0.000425038 0.0338114 2027.67 0.000264797 0.24546 0.0388707 34.8739 5.10839 418.127 0.0148313 0.00253335 1.29638 6.05256 2.02004 1.11249 
3.07227e-05 0.00306062 0.696776 0.4163 1.3039 2.08985 0.0414369 0.79884 0.365582 8.54024 0.132813 99.2469 0.00221526 0.000349809 1.42218 12.8401 1.42799 2.59722 
1.63967e-05 0.752267 0.00225956 0.0195696 0.0101613 0.411666 0.0642983 5.56381 0.0158642 2.16977 2.29355 453.185 0.100022 0.00163235 2.32591 34.955 1.32074 1.18918 
0.0758146 0.000490483 6.45681e-05 0.011582 0.00110145 220.213 0.0603252 0.330769 0.00132693 0.189276 3.2587 41.0735 0.0156969 0.000260589 0.96906 29.9393 2.37443 2.36154 
0.0162062 0.589195 0.596823 0.00036315 0.000979513 0.976825 0.000178188 0.196993 0.348674 3.41059 0.0234706 183.05 0.00192645 0.00022691 1.94109 26.9774 1.22616 0.572062 
0.879809 0.00014509 0.0241239 0.0793673 0.000577936 1.19804 0.0016764 1.59173 0.0677449 2.37301 0.340917 265.314 0.000889283 0.00784629 2.65177 11.6601 1.24543 1.07306 
2.17711 3.40346 0.00322203 0.0743003 0.0234354 7.06925 0.757252 6.60008 0.00326895 0.0253781 1.6437 161.85 2.57927e-05 0.000113313 0.909635 37.0341 1.65432 2.48751 
0.000129445 0.00113092 0.0280239 3.5452 0.00119582 0.705241 6.57481e-05 0.68218 0.0113529 1.3497 2.41397 38.9337 1.14967e-05 0.000709803 2.03697 20.3249 1.35789 8.40834 
0.000121253 0.0151327 0.000306876 0.000175954 0.00176072 0.176168 7.70283 7.60804 0.204799 102.179 2.12573 338.561 0.00363945 0.00584118 1.55936 26.6107 1.36414 2.2961 
0.000587973 0.351959 0.0103624 0.00149796 0.034293 0.0766235 0.000328352 0.827022 0.078439 6.46281 0.27931 399.261 0.00013702 0.00185353 3.77328 43.0841 1.37744 0.246319 
0.000177488 0.000438646 0.000243856 0.0420007 1.02205e-05 82.762 0.000697315 0.483295 0.0113038 1.69422 4.7093 89.8293 3.53003e-05 6.34562e-05 1.10569 7.76779 1.79065 4.04342 
2.52535e-05 1.92421e-05 0.000288375 0.0551366 0.00107506 127.922 0.693596 1.92061 0.0548979 12.0291 0.822664 34.0152 2.32599e-05 2.32579e-05 1.95576 41.9525 1.04202 2.81695 
0.0579795 2.08122 0.0102574 3.82316e-05 7.75266 755.559 0.00311916 0.443054 0.273629 20.0681 0.271277 150.207 0.00459762 2.49031e-05 1.35791 40.0467 2.06539 0.464405 
2.65479 0.15529 0.107342 0.0129481 0.135579 21.1745 0.00733431 0.225254 0.813875 10.2431 0.0399127 92.5827 2.3499 0.0065447 4.02297 15.1075 1.24965 2.33693 
0.0160287 3.15547 0.0337448 0.000429965 0.000639194 19.5468 1.61196 0.30788 0.19948 38.5572 1.13425 51.9122 0.00305437 0.0128513 3.02254 30.7797 1.36111 1.90444 
2.66902e-05 0.00486845 1.65471e-05 0.627178 0.000262888 265.977 0.00355091 3.09915 0.00611973 0.858462 8.32923 208.601 0.000180597 2.67835e-05 2.23447 38.9023 1.26198 0.367252 
0.00729449 1.09009e-05 1.68566e-05 1.33259e-05 0.0224939 57.1534 0.00972424 0.294043 0.0859265 10.1906 0.177948 395.432 0.000133047 0.000512621 1.93601 8.96886 1.62142 0.787317 
3.35006e-05 9.94028 0.0124263 2.21259e-05 0.000876437 2165.68 0.327249 0.456102 0.0190871 0.178469 0.264109 426.431 0.0165265 0.000886918 1.80538 2.19768 1.16707 3.43496 
0.00385887 9.23862e-05 0.156477 0.0015636 0.405554 173.884 0.0422461 1.68722 0.879416 17.4122 0.0203381 204.537 3.01744 2.08539e-05 0.993292 39.2969 1.68461 0.906776 
9.17594 0.00253078 3.24147e-05 0.303291 0.00252125 0.0414424 1.77863e-05 2.60477 0.206562 2.08801 0.368194 85.7716 8.49997e-05 0.000425927 1.71601 9.13186 1.47574 6.32016 
1.49732 1.03554 3.06868e-05 0.000313291 0.706389 596.903 0.000490226 2.03815 0.0987723 3.56296 0.531516 320.839 0.000739748 0.000838227 2.82273 46.1286 1.29817 0.189115 
0.00387687 5.83843e-05 0.530018 0.000395134 1.01715 197.072 0.083805 8.80169 0.0134096 0.046622 1.08171 281.602 0.030624 4.52786e-05 2.64579 10.4673 1.22932 2.66981 
7.13373e-05 2.2983 1.9412e-05 0.000203295 0.182217 4.22412 0.000523221 0.167355 0.0398855 63.6583 9.94157 240.454 0.00368985 0.0137439 2.78804 8.79332 1.33809 1.05818 
3.81479e-05 1.89929 0.00310398 0.00902323 0.010024 47.4945 0.00524878 0.639688 0.0115527 0.584264 4.75758 221.534 9.52519e-05 0.00123424 1.75539 6.48378 1.60292 2.69345 
0.00937176 1.58006e-05 9.19864e-05 3.37147e-05 0.365354 24.1053 0.00190274 4.64245 0.0735179 218.27 7.37917 95.7312 3.96434e-05 3.34913e-05 0.966522 49.9547 1.72872 0.876412 
0.14558 0.00820264 0.000105828 0.0818369 9.39283 3.08794 0.00065899 2.97983 0.0111156 0.0465488 0.273844 85.1242 4.40265e-05 0.00478166 2.79577 41.023 1.30359 1.17762 
0.000115297 0.000207501 0.0640674 0.00426636 0.000841605 0.0522844 0.00451535 4.89446 0.112975 6.7786 0.225524 263.345 0.0168449 0.00365511 1.0065 6.56791 1.6801 3.08939 
0.0640137 0.000703 6.13195e-05 0.00524386 0.00117434 0.415438 0.66673 1.2468 0.387482 140.236 1.79555 94.8855 2.82201 0.0235954 2.28563 5.88951 1.49593 7.2713 
0.000314144 4.31089 0.00165757 0.000919697 8.02632e-05 1.14823 1.14976 3.75225 0.693277 2.69694 0.0106168 319.695 0.00296079 0.004951 1.34 11.8807 1.52873 0.854127 
0.000190825 2.23433 0.0158292 0.00110207 6.0166 288.909 0.118017 1.18295 0.0996091 0.651756 0.302467 101.997 2.8003e-05 0.00422231 2.27458 34.7992 1.27401 0.868063 
0.63985 0.00242662 0.000131793 1.27221e-05 0.507591 0.0487331 0.0110814 4.19765 0.316896 21.6964 0.218121 327.009 0.0510366 0.0059085 2.57863 26.5998 1.37931 0.358982 
1.08865 0.00293307 4.28779e-05 0.0202225 0.000784152 0.561249 0.000207336 0.452783 0.451673 102.679 0.104239 36.544 0.801863 0.00473443 2.70674 27.7185 1.0068 2.97395 
0.00311486 0.000581935 0.0589311 0.0064339 2.45098e-05 0.0322526 0.00761722 7.35231 0.327455 49.0813 0.501071 403.447 0.0266231 0.0249173 1.68224 22.3037 1.54281 0.440097 
0.544256 0.299049 5.83276 4.20898 0.000988175 2.86112 0.0308273 0.788372 0.0619792 1.87505 0.222618 268.26 0.0820722 0.00584732 1.65526 47.2078 1.74725 0.278502 
1.20027 0.00109648 0.0122474 2.85129 1.24398 0.391779 0.317012 5.55459 0.0106106 0.483142 8.51634 354.833 0.0696146 3.20983e-05 1.81238 47.2124 1.66949 0.254702 
6.11246e-05 0.00257707 3.20927 0.0589329 0.0022126 0.0135146 7.45345e-05 0.737915 0.000874522 0.059188 8.21742 400.681 2.80467e-05 0.000161991 1.21165 21.0092 2.28423 0.315951 
0.0705858 4.8556e-05 0.00422746 0.18574 1.09545e-05 2.89692 3.55507e-05 0.244531 0.0536132 21.8498 2.80442 101.167 0.0054828 0.000109479 1.30346 11.8198 1.59116 1.7859 
0.449365 1.00457 0.144206 7.64614 0.258763 5.53501 0.0097539 0.382611 0.343979 1.90327 0.0266536 322.941 0.0123105 0.000119558 7.76809 13.8144 1.03308 1.10076 
0.162524 0.00513864 0.00525049 0.0328868 1.20506 87.7163 0.000862707 0.11917 0.0624028 14.5626 0.159339 373.957 0.000857519 0.100265 2.26308 15.142 1.51681 0.528872 
0.00562121 9.05761 0.0306367 0.882847 5.7397e-05 109.904 1.69184e-05 0.642263 0.0315393 2.24804 2.67089 459.326 0.0724259 0.0785192 1.45226 29.7933 1.87771 0.286001 
