0.687872 0.000563558 0.00875363 0.00109605 0.00155086 0.152773 0.294203 2.38628 0.257277 13.4427 0.895001 289.463 0.0237266 0.00068614 1.38127 6.17258 2.28235 6.76519 
0.000111243 6.9412e-05 0.000258818 0.0235754 0.421606 467.209 3.93854 1.05578 0.0502721 0.809694 0.349209 56.2122 0.000122672 1.20034e-05 0.802129 40.2857 1.11221 8.6008 
0.139338 5.4561 3.9861e-05 0.00168401 0.00240488 0.113301 5.27084 8.6967 0.644664 0.967706 0.0163673 39.0338 0.000102165 3.12567e-05 2.93169 43.3551 1.55068 6.08202 
2.20179e-05 2.91902e-05 0.00106874 0.181904 0.000110239 0.170549 0.000132303 1.12829 0.0232711 0.189376 3.71336 100.056 0.000189571 0.00419219 8.07229 21.5948 1.34922 3.81477 
0.183371 0.000148084 0.203823 0.000504883 0.012942 0.0796617 0.0337854 0.227995 0.0147892 1.23595 1.42312 120.18 1.71433e-05 0.0399585 1.40652 5.89393 1.82581 8.09902 
0.00805588 0.145134 0.00142915 0.00172141 0.000129954 1.49227 0.000306982 1.74078 0.200778 0.303165 0.0286338 333.56 0.072151 2.78547e-05 1.97864 2.24644 2.07015 8.64419 
0.00279769 0.237089 0.442673 0.000799737 0.00831966 113.102 4.99774e-05 1.85807 0.0388737 2.63344 0.0294687 275.27 1.22503 0.000794777 1.0001 30.5438 1.29123 1.55598 
0.0375343 0.000300863 0.000102801 0.00235033 0.0384341 0.0530029 0.0177067 1.24206 0.0804205 3.59341 0.155943 42.2472 1.34133e-05 0.000274827 0.80635 26.8327 1.0069 7.62949 
0.000373712 7.01748 0.0269433 0.000353947 0.0293644 0.505646 0.00730074 1.76819 0.0123446 0.443645 9.73012 340.045 0.00518642 0.0012946 0.811549 9.13674 3.99921 2.63599 
0.00028566 0.20382 1.24002 0.00756996 0.000440823 0.0221215 0.00038374 5.78087 0.932801 357.054 1.37361 433.775 0.000157309 0.012986 0.87114 10.9459 4.00576 9.50737 
0.037158 5.81617 8.16622 8.71134e-05 0.122446 8.84529 0.00146576 0.0319966 0.210812 10.4109 0.235563 268.159 4.99369e-05 0.00170453 1.6554 3.09729 1.567 9.85415 
0.00876429 0.146012 0.000136719 0.0153491 0.406149 1.5561 0.00308848 2.83377 0.406253 9.88629 0.267009 236.541 0.278733 9.61494e-05 2.81013 41.3949 1.45209 4.30072 
1.18089 0.00094054 1.8804 1.77802e-05 0.21667 2.02925 0.00702237 0.105517 0.063887 0.588987 2.18442 94.7084 0.00143399 2.48051e-05 2.89508 8.35614 1.16026 6.89585 
0.000488009 1.49456 0.00329678 1.23306 0.0170607 6.79696 0.10622 1.29684 0.140647 5.18745 6.06834 76.5227 0.0206217 0.0158475 1.20751 32.1594 2.57968 0.985096 
0.000284698 0.000216231 0.0895102 0.00962114 0.627039 5.12259 0.000537619 0.909951 0.0695207 0.330837 0.0206001 147.184 0.000142177 0.0306576 2.46973 7.59525 1.18992 4.41186 
2.06996e-05 0.272633 4.3312 0.116068 1.12707 1.9582 0.00160373 1.87689 0.0166415 0.200773 0.170603 401.823 0.00925591 0.157945 2.49213 23.9295 2.07879 0.946047 
4.05854e-05 0.203135 0.705188 0.000103037 2.39769e-05 0.0332897 0.218458 6.49583 0.876381 0.417793 0.00798011 337.337 1.04587e-05 7.0874e-05 1.11573 14.8124 2.17358 1.94465 
3.32109e-05 1.15431e-05 0.395659 1.60125 0.000242666 212.929 1.40993 5.20433 0.762637 319.382 5.28632 487.736 0.0454955 0.0326027 1.0157 45.0326 3.72662 1.07663 
2.0943 0.000968252 0.00557983 4.44031e-05 0.000173825 198.264 0.000111273 0.70332 0.0053594 0.458299 5.61557 76.7826 0.00419007 0.0179157 3.41352 19.2127 1.11596 2.65457 
0.00327299 0.000332254 0.00639809 1.26365 0.0291992 1.94535 0.00336791 0.131668 0.132246 4.04274 0.64327 41.0352 0.00863811 0.000518911 5.42532 44.7611 1.28535 7.54043 
2.8257 1.08623 0.000692716 0.00115813 3.10474 1.63404 0.00151218 3.80948 0.443165 2.9079 0.441803 150.357 0.0127374 7.6523e-05 2.34937 36.1501 2.57824 0.976479 
0.00224542 8.1002 0.00503155 0.0222207 3.32619e-05 2.56212 0.00187287 0.276544 0.158418 318.007 7.16009 184.249 0.068675 2.73026e-05 1.85391 13.5036 1.33409 3.78552 
0.0111473 3.45733 0.00012811 3.81775e-05 0.410927 0.0345686 0.327116 0.946647 0.258449 10.1717 0.0879272 105.273 7.99231 2.07089e-05 3.26179 37.127 2.01233 0.789063 
2.23801e-05 0.228845 6.47896 0.000250036 0.000522946 71.1648 1.06351 0.0105811 0.0508023 11.4496 0.435501 201.67 0.000284445 0.00114691 1.68073 4.5056 2.43149 6.87148 
0.607472 2.25199 3.90508e-05 0.163691 2.54922e-05 1447.26 3.5609 4.11107 0.0153187 0.433791 8.24467 183.19 0.00400691 0.000605132 5.83882 18.3369 1.00572 2.34663 
9.4694e-05 0.0350221 0.0356198 3.69631 0.422123 0.494217 0.000747978 1.67834 0.214084 1.14559 0.0230131 113.918 3.13817e-05 0.0217262 2.54788 16.9631 1.30713 6.9504 
0.0017331 0.0351869 0.709228 5.92824 0.00196485 38.573 0.0231033 0.434495 0.00383973 0.0104241 1.28395 176.542 2.24347e-05 0.182788 1.06023 11.6077 2.2065 1.62169 
0.000298943 8.04527e-05 0.000422287 0.408672 0.236931 0.10221 1.85775e-05 3.49158 0.00894116 2.66648 4.28479 82.8439 0.000891362 1.92278e-05 1.11356 20.2777 2.09573 8.96052 
3.89419 0.00833196 5.05529e-05 1.65118 2.33471 0.529303 0.00923635 0.311 0.433717 24.6454 0.287831 424.585 0.0998047 3.31764e-05 0.814563 2.21556 3.54826 7.74874 
8.12165e-05 0.000554627 0.0604293 4.07354 0.122198 0.0272794 0.00550395 0.271164 0.342692 39.3709 0.165738 144.305 3.09509e-05 0.000289041 1.02589 27.6548 5.46805 1.43656 
0.000274153 0.2458 0.0439966 0.540913 0.0788996 77.7811 2.20915 5.21472 0.0474145 0.0863755 0.999111 150.788 0.00212522 0.000933685 1.80059 13.6347 1.87219 3.76042 
1.31925 3.13245 0.00732823 0.0035165 0.023989 0.896599 0.0348921 3.76699 0.0157709 0.0162418 0.0884991 186.689 0.0162699 0.0178196 2.8862 49.5415 1.30067 3.17017 
2.51071 0.0003198 0.259407 8.96102e-05 0.000176772 122.119 2.58639 0.122853 0.490154 18.7395 0.391355 338.372 0.0631694 0.0408145 2.80405 16.1677 1.50711 0.325738 
0.464086 4.14549e-05 0.334147 0.0735269 0.019468 0.03068 0.000624032 1.44579 0.0288159 3.55374 1.0451 273.226 5.82292e-05 0.0204671 1.22733 11.144 3.81718 2.9157 
0.000103985 0.000196531 0.000525034 0.000988009 0.00274574 23.5737 0.0830579 4.90174 0.629615 13.4179 0.499249 172.158 1.26377e-05 7.23044e-05 0.71205 19.8373 1.60136 5.05379 
0.0771328 0.0536107 0.000175681 1.38103e-05 0.0561818 0.103146 0.38893 2.64169 0.00830859 0.05511 0.844768 109.371 0.000393335 0.000146726 3.62968 20.2285 0.961004 2.03997 
0.106356 0.000558863 1.17732e-05 0.0149705 0.00158009 85.6385 5.70163e-05 3.3229 0.167563 20.3158 3.79293 134.093 0.0252684 0.00226765 1.01577 14.9287 2.10533 6.42547 
0.00135137 0.0433672 0.0126325 0.0224902 0.00549366 0.0186601 2.72061e-05 2.27485 0.392392 3.50528 0.956993 126.187 0.634747 0.00041143 4.07685 15.4227 1.38384 1.92889 
1.07848 0.000253243 5.9617e-05 0.00079004 0.00489649 10.294 1.03689 2.68677 0.0264987 0.592199 0.64888 100.296 0.000938001 0.000443694 1.51486 26.6649 0.933809 9.72897 
0.0662226 0.000617058 2.4462e-05 3.39076e-05 0.00026899 348.321 1.23266e-05 0.667927 0.323604 28.6802 4.89428 281.69 1.9259 0.000322946 6.17328 5.17901 1.0361 5.87678 
0.000106818 5.47248e-05 0.859071 0.00626792 0.0045579 27.6593 0.00059379 0.133354 0.972181 198.026 0.776096 212.33 0.00131341 0.000362058 9.49324 20.2727 1.61129 1.15097 
0.0151136 0.0423175 0.000131189 0.00672368 0.0119198 492.674 0.000485765 1.39224 0.899642 62.7401 1.25377 52.8064 6.05929e-05 0.000124481 1.59086 34.6676 1.19465 3.34469 
1.68065e-05 4.16341e-05 0.0125573 0.340756 0.0480593 0.034524 2.60888e-05 3.22668 0.0295256 0.37353 1.05337 350.879 0.000121729 0.000957293 1.47796 11.7951 2.66613 3.14609 
0.0132998 6.3846 0.000603914 1.27425 0.224917 0.543664 1.68252 7.01723 0.986526 10.2784 0.0465168 56.3657 0.000410767 0.000157964 2.57516 46.2135 0.956585 8.82166 
0.0292277 7.90015 0.0618113 0.000252463 0.000258116 0.34323 0.000222201 0.142867 0.144194 1.25837 0.231481 9.75377 2.47924e-05 3.78102e-05 0.748026 32.3004 1.63058 8.60122 
1.26831e-05 0.460551 0.0312006 0.00951813 0.0289041 2424.38 1.19042e-05 0.341645 0.0206907 14.606 0.328979 125.91 0.025165 0.0171112 1.22797 43.9708 2.33106 2.36345 
0.0411436 0.00474828 0.0305532 4.61796e-05 0.0210266 0.0398905 0.008347 1.60806 0.955905 268.661 1.22414 311.646 8.76716e-05 0.00013121 0.897519 10.1401 2.8031 1.4138 
0.000212107 6.70971e-05 0.0936851 0.0751374 0.00258726 807.764 0.000347953 8.08073 0.994278 0.278449 0.00766654 112.981 0.1774 1.3208e-05 4.73124 11.8145 1.07573 8.11675 
0.0043738 0.000491588 0.752733 3.79179 0.000467843 8.41064 0.0497554 0.0529545 0.0833671 0.117052 0.355107 173.971 0.0756139 0.0192354 2.18573 3.58328 1.67665 9.139 
1.0171 0.000108004 2.95776e-05 0.0388633 0.18929 330.919 0.0283402 1.17008 0.00977636 0.0881601 1.17366 42.5647 5.30825e-05 8.51926e-05 0.784346 43.6211 2.87193 3.30378 
5.19679 0.796819 0.407406 0.00017481 3.37755 9.96505 6.62955e-05 2.25416 0.0480941 0.146254 2.2395 485.397 0.000216287 0.000152834 3.64479 4.84094 0.969422 4.86955 
1.13565 0.000542685 0.14056 0.03507 0.00264252 11.7722 0.0272578 4.3501 0.325779 0.892119 0.387213 132.58 0.00646389 0.000566451 0.926287 32.1234 1.78247 1.40378 
0.000702636 0.236997 0.110875 0.00539991 0.586606 217.723 8.61431 6.27021 0.0928044 4.2431 3.69275 76.924 0.0207813 0.00260798 1.02949 14.9033 1.71647 3.53881 
9.68199e-05 0.297162 6.37618 0.000304004 0.0833193 547.743 0.0241928 0.162129 0.0148902 0.0132394 1.5982 174.976 0.0091972 0.0168092 1.11392 9.30407 1.86214 4.2916 
0.000152758 2.78578 0.230557 0.000200475 0.000134173 0.0470306 7.09136e-05 2.05687 0.00614323 0.181872 8.56753 150.484 0.0123564 7.83815e-05 0.922985 13.4779 2.88833 4.22884 
0.036304 3.32092e-05 0.352318 0.00148076 0.242963 32.847 0.242347 2.28261 0.180497 16.7641 4.48729 268.868 0.00216127 0.00336558 2.56054 31.0026 1.80755 2.23963 
0.00495514 2.27029e-05 0.920398 3.4249e-05 0.0577134 0.159235 0.228197 1.11598 0.652286 0.714939 0.0457751 206.76 0.000596959 0.00471511 1.01326 35.4807 2.96842 0.486009 
0.060939 0.000531319 0.000236741 0.406974 0.00534575 0.13098 0.000190265 2.55081 0.159319 63.7604 5.75051 94.5651 0.000399965 0.00452312 0.985116 39.9381 1.26654 8.28312 
0.000142983 0.873918 0.00716514 2.8378e-05 7.39976 0.229422 0.149124 0.427451 0.00622181 0.522027 4.21838 195.617 3.25499e-05 0.000252688 0.95333 9.13852 1.24856 7.79941 
0.00111322 0.160477 0.000378423 9.72073 0.0183944 14.4342 2.57548e-05 1.06202 0.283697 0.105649 0.0467729 256.127 0.0384884 0.000499222 4.36011 17.1625 1.6889 0.889348 
0.000287225 1.15187e-05 0.0151788 0.00632192 2.6768e-05 79.3225 0.00668885 9.47171 0.168399 1.20397 1.42207 229.186 0.0343137 0.000328035 1.37857 45.9101 2.52071 0.680786 
0.33903 0.000348142 3.86818 3.85976e-05 0.021474 12.793 0.000409333 0.109083 0.0239357 0.135829 4.35349 139.61 1.56488e-05 0.000953469 1.77256 8.54225 2.69312 6.98665 
0.811519 0.760595 0.000144032 0.00880649 0.000100884 0.108 1.66832e-05 6.84828 0.139937 0.106774 0.0113007 395.856 0.00108259 0.000945986 1.3876 40.3276 1.23797 0.948105 
0.338972 1.00271e-05 0.624146 0.00432341 1.78225 0.238037 0.00148082 3.27845 0.603483 0.108441 0.00439319 48.1661 1.80927 0.0119265 1.77735 28.711 1.6839 8.77412 
0.262284 0.929566 0.00335135 1.37141 0.000355176 3.95682 7.27048e-05 8.13254 0.104759 16.8174 0.971103 336.626 0.000459952 2.94103e-05 3.26288 20.5436 1.09301 4.87794 
4.11562e-05 0.000829413 0.0080834 0.453187 3.64151 30.4101 0.000241803 0.50397 0.0100783 0.0296843 2.41311 78.471 3.10147e-05 0.00924458 1.05614 17.6685 1.29449 7.57641 
0.0846508 0.000159247 0.173189 6.73356e-05 0.736368 4.40515 0.0037284 4.66092 0.37602 16.1169 0.145351 52.118 0.000329689 0.00494009 0.960708 36.9444 1.58187 2.3335 
0.0122627 0.152681 0.00108653 0.000518463 6.83039 3.27862 0.000114662 0.465541 0.72111 466.183 2.60537 121.336 0.00179044 0.0819946 2.51242 11.5404 1.9487 2.10977 
0.0143189 0.000122362 4.61163 0.00181979 0.00172469 280.176 0.0457162 0.0722859 0.108336 0.484849 0.396045 12.0989 0.000255182 0.0181626 1.30163 35.6225 1.39877 3.56227 
0.0247666 1.52147e-05 0.00139302 1.49704 6.51676e-05 1.38439 0.000203398 6.81465 0.0535332 1.08154 7.38069 95.5411 2.22032e-05 0.0485259 2.25045 46.1814 1.70004 1.23256 
0.00155226 0.326617 1.31041 0.0749278 2.21978e-05 1.49488 0.00079207 0.427102 0.538615 1.41974 0.125867 183.513 0.179241 0.0572791 1.22024 4.52607 1.55848 4.20155 
3.61787e-05 0.0750441 6.99018e-05 2.54326 1.81335 1617.97 0.00227568 0.220748 0.104032 0.414129 0.167359 170.51 8.77626e-05 0.000666993 2.67875 14.8496 0.882189 2.80947 
1.06716e-05 1.06366 0.025614 0.102502 0.0550114 94.2052 0.00227682 1.75683 0.956562 1.15436 0.0146266 40.3661 1.60669 0.0132133 1.08182 45.8262 1.4988 4.56275 
0.0092857 1.1087e-05 3.07694 0.0021139 0.311214 0.0220297 0.000464892 7.68028 0.0335321 0.0244804 1.82894 268.648 0.000156991 0.00796223 1.26072 11.4362 2.98775 4.55479 
0.860262 0.759837 0.00896615 2.04239 0.619166 9.30633 0.88539 0.244045 0.262596 312.674 5.5429 73.053 1.87646 0.000731511 2.51135 25.6467 2.3166 2.10146 
0.0864424 0.000230667 3.38079 0.116492 2.8101 25.5534 0.00213927 0.174758 0.00643642 0.0271556 2.67302 403.996 0.244834 0.000241312 1.47136 20.9137 3.71605 0.6756 
1.00354 0.790918 0.00043166 0.000156182 0.00431574 3.08499 0.00370517 7.43905 0.108193 4.59184 0.656665 242.882 0.00758931 1.28527e-05 6.17179 9.43126 1.14813 2.38712 
0.0454077 1.77833e-05 2.03465 0.000273745 7.77238 169.721 0.00738028 1.92302 0.0332235 0.3126 3.3138 119.77 0.0111666 0.000245777 3.25722 23.3494 1.17229 4.50551 
3.48214e-05 2.06044 3.34492 0.0369969 1.85054e-05 1.44649 1.39289e-05 0.259893 0.0130096 1.81338 4.52974 165.063 0.000409332 0.00217625 0.793364 40.3917 2.92354 0.413431 
6.35205e-05 4.20403 8.16141 0.0247366 0.00672197 1221.85 0.28506 0.197884 0.186856 13.3915 0.431846 216.832 0.255023 3.49803e-05 1.10879 4.48005 1.2733 9.06921 
0.000128834 0.00156908 0.143281 3.25025 5.45181e-05 2890.06 1.27326 3.35367 0.103926 9.13857 2.29653 195.407 0.000898918 0.026007 1.04803 39.4834 2.16178 7.28734 
8.79484 0.00261455 1.51012e-05 0.000125174 0.000423997 160.356 9.60022e-05 1.32186 0.90366 38.7524 1.23203 452.5 0.000531938 0.0033027 1.80445 3.13255 2.07201 6.94075 
0.406806 0.00063731 1.42807e-05 1.24772 0.00736552 2432.37 0.569611 0.167487 0.373339 168.781 5.27768 177.728 0.0310759 0.00351579 0.989109 10.0999 3.11369 3.13726 
0.0266405 0.00613602 0.0015111 0.000816986 1.1236 72.2746 0.0208421 2.11178 0.0569495 19.7509 4.9789 122.514 0.0119903 3.30156e-05 3.97236 20.6963 0.989191 7.06914 
0.00108713 1.41268e-05 2.92352 0.00687827 8.36734 1422.11 1.99619e-05 5.06937 0.634684 0.954015 0.0236511 135.524 0.00265496 0.00703529 1.03119 24.7737 1.44098 2.27302 
0.00508664 5.83369 0.0759375 0.0574993 0.000104255 5.35676 0.00363666 0.338623 0.00641914 0.0228235 0.816574 216.716 0.0149436 0.00182754 0.787884 13.2284 1.47189 4.48232 
0.000173576 0.00293147 0.000320685 0.000992001 0.000643255 1.68762 0.136645 4.2113 0.0265954 0.0707409 0.667406 248.41 0.305134 0.000989248 7.28517 49.8767 1.38056 0.395207 
0.00496769 0.00657361 1.0498 0.00544018 8.77509e-05 1754.79 4.88091e-05 0.722215 0.00330369 0.0596542 2.74297 128.332 1.43351e-05 0.142788 1.10104 46.0594 4.26409 2.11636 
0.486785 0.620119 5.57896e-05 0.0078849 0.0133156 46.8336 0.194533 0.799665 0.0153742 0.077927 0.10838 429.18 4.38793e-05 0.0022063 0.964931 46.3921 2.97788 0.429391 
4.47198 1.53489 7.97723e-05 0.0431995 6.77317 1252.7 0.00080394 4.37763 0.492703 0.732736 0.00886255 92.5016 0.000316828 0.00031708 1.11425 43.6705 3.29377 2.81048 
0.000350113 0.00383559 0.209292 5.71093e-05 0.82616 718.18 1.35096 0.799228 0.0831796 0.219451 0.549107 407.938 0.00140556 0.00359578 4.9163 2.5358 0.845286 6.84801 
0.428591 7.2711 0.000378748 0.00122129 5.99931 45.2124 0.00734354 0.861499 0.313429 35.8446 1.02315 113.875 0.242845 0.0191718 2.78863 14.6771 2.1456 1.75983 
0.727127 0.248769 6.30277e-05 7.94221e-05 0.000159401 0.841506 0.00039195 1.58501 0.0650437 0.624493 1.74535 366.151 0.00462819 6.57191e-05 7.62463 27.2944 1.74622 0.695427 
2.99645e-05 0.331157 2.55912e-05 4.01154e-05 3.85671 361.512 0.00335958 1.68587 0.00412911 0.0133041 2.05679 133.141 2.27915e-05 2.62171e-05 2.18702 19.1981 1.01625 9.43108 
0.00197473 0.00437506 0.000102149 0.728671 0.00293189 475.101 0.422863 2.34058 0.00576013 0.0206819 0.83306 188.792 0.000145086 1.31621e-05 1.17444 43.1363 1.15886 7.57698 
0.695049 0.017594 0.000770003 3.52233 0.000134759 0.0601406 0.246177 8.52318 0.479434 0.173339 0.00435037 226.188 0.00289658 4.4308e-05 2.03307 17.1649 1.53037 0.726836 
0.000646398 1.13344 0.0801576 1.40067 6.06248 2101.18 0.220489 1.82944 0.0422524 0.778546 6.34048 127.255 0.00599874 0.000163681 1.22177 23.4351 1.93927 1.06841 
0.00217017 0.0152362 0.000318382 2.60783e-05 0.0362171 131.827 0.263897 7.84277 0.192487 60.5419 4.7907 382.737 1.10277e-05 0.000159529 1.3515 31.0671 2.0418 0.846428 
0.0283807 0.0469297 0.0384465 0.00336057 0.0962784 0.0377657 0.000145907 0.103762 0.0659003 0.853919 0.0898905 405.366 0.000527109 0.000637895 1.43762 3.37721 1.85528 2.76542 
0.973694 0.0337741 0.671547 3.23038 0.00309055 0.0284975 0.000656537 0.0980094 0.00867861 0.173096 1.85484 131.784 2.4055e-05 0.000904837 1.57691 17.2039 2.25098 1.43174 
0.739583 0.000487222 5.47045 7.17397e-05 0.0229345 2065.88 0.0302674 0.0368682 0.27426 25.741 0.462771 108.063 1.35444 3.58301e-05 1.92645 19.4962 1.47227 2.02393 
0.00146352 2.26336e-05 0.0723987 0.0017577 0.000590941 7.92652 3.19179e-05 3.09121 0.536241 12.4168 0.0597961 487.871 0.000188304 0.116189 1.50062 12.1639 2.18291 3.40875 
0.000164692 0.0119906 0.00277907 0.00654083 1.97823 9.0957 0.00430754 0.4106 0.35145 0.694212 0.0097845 364.031 0.000589175 0.0223682 3.89524 2.20859 1.27826 7.8336 
1.34126e-05 5.1264e-05 4.17353e-05 0.000107581 0.523718 28.3727 0.000294497 0.407618 0.0805036 1.24675 2.80138 72.8096 9.69046e-05 0.00248803 1.09328 12.6796 2.26178 4.10657 
0.053573 0.0651828 0.952732 4.32386e-05 0.717821 1137.87 0.18973 0.334223 0.685237 15.6913 0.271871 91.6576 0.00489059 0.0606621 6.72921 24.5873 1.17105 5.92244 
0.289255 0.00554293 0.000540573 0.0241146 0.387105 168.497 0.000206847 0.86835 0.644039 1.13222 0.00998145 27.9489 0.000932241 0.000841353 0.729706 35.4921 1.27993 8.2315 
0.0097921 1.28559 0.0002131 2.08184e-05 0.53433 0.166089 0.202752 6.16712 0.0113403 0.0225215 2.10485 128.315 0.000439503 3.34657e-05 2.66381 30.8854 1.55327 3.57592 
0.0913636 0.000345636 0.000136088 2.87757e-05 0.00201472 9.14975 0.000911913 1.44872 0.0619172 9.00003 0.581258 281.999 0.000854977 0.125447 1.79628 46.805 3.0319 0.336555 
0.0295671 0.0074593 0.000548865 0.00379824 1.15087e-05 91.3582 2.95583e-05 0.668442 0.00774711 0.0654253 0.748028 210.558 0.00158398 1.24227e-05 1.36033 47.6793 1.21894 0.900335 
0.000933266 0.106471 0.0580195 0.0017339 1.9661 0.541443 0.473018 0.00086008 0.0222584 4.69484 0.0568519 1.1005 9.0178 0.00469835 3.3093 38.3446 1.13167 6.00289 
0.000918965 9.35084 0.280779 0.789183 1.39838e-05 17.617 0.00138857 0.104727 0.289243 43.3044 0.340258 282.08 0.109281 0.00254542 1.96084 3.84338 1.93681 4.10782 
0.000260055 5.41123 1.53338e-05 0.00800967 0.0024903 0.0261626 2.59034e-05 3.39431 0.755225 0.0917629 0.0032066 132.665 0.000395492 0.0147169 3.27191 8.2454 1.69621 8.31427 
2.61392e-05 0.00542097 0.000133565 2.29358e-05 6.64259 5.28103 0.00010607 0.636308 0.026196 0.172939 4.90798 142.995 6.23239e-05 0.000449011 2.36899 7.31948 1.99645 5.37595 
0.00215413 7.3492 2.74345 8.8763 2.53868 0.0439448 0.000795667 3.95319 0.742556 0.0526484 0.00238381 97.9386 0.0144494 0.0203882 4.74891 29.159 1.58555 2.00027 
0.0182056 0.15432 1.19123 0.000110729 0.00781817 1.53343 3.17453e-05 1.14322 0.337934 39.733 3.3205 360.84 2.94981e-05 0.00037095 1.65602 17.8717 1.91354 3.78475 
0.00210052 0.0343027 0.000321216 3.32792 0.0297956 520.975 2.39568e-05 0.631504 0.408525 122.154 1.15869 113.069 0.798196 0.000960092 1.38147 24.7256 1.33339 2.53668 
0.000589342 0.0323346 0.144745 0.73412 0.000258706 367.839 0.00115304 3.46328 0.715655 0.160616 0.0171569 496.244 0.776467 0.068145 7.52839 10.4558 1.37939 2.13785 
0.0191401 0.00522423 0.0184878 0.211747 0.295383 2.44779 0.354209 1.48798 0.89532 12.967 0.17837 117.251 2.53844e-05 2.11579e-05 0.899615 29.0911 3.14042 2.25827 
0.0259884 0.000125653 0.0200173 0.116985 0.000116361 2.06487 0.100864 0.974096 0.123965 71.7928 2.74759 109.947 0.0106512 0.0441605 2.90895 37.378 1.61964 2.22566 
0.0150235 0.00266229 0.000719484 3.19142e-05 0.00152856 0.0346233 0.0407077 0.387805 0.0947195 3.74978 0.143459 39.7504 0.0359824 6.41308e-05 6.80994 48.2981 0.981112 6.50765 
0.13022 0.00126373 1.95935 0.0146896 0.022498 34.3268 0.0229462 0.436929 0.0352571 0.186955 1.60436 71.1948 0.0792991 6.99364e-05 3.94049 15.2549 1.03721 4.23187 
0.271132 0.000642472 9.7384 0.0333892 2.90536e-05 40.1526 0.033477 0.018865 0.0247773 10.7468 0.446661 243.53 0.000552122 0.000619544 1.01342 13.8584 2.16231 1.91461 
0.00114606 3.03457e-05 0.289378 0.0202054 0.0639737 143.586 0.000377402 0.15264 0.676123 0.477571 0.00130348 27.9139 0.000861954 0.00201872 2.09924 23.9022 1.64453 9.8155 
0.00408434 6.29803 0.000447677 1.77273e-05 0.000180594 149.041 0.0269019 0.535012 0.15145 127.901 6.55044 320.511 0.000276218 0.000300981 3.92766 27.5339 1.29247 0.594907 
0.918026 0.00238095 0.000414054 0.768556 0.0244919 123.487 0.00476592 3.83682 0.113871 3.12416 0.440745 331.465 3.33937e-05 0.0093091 3.5811 31.1223 0.865541 3.33367 
3.99349e-05 2.1211e-05 0.384866 0.00457133 0.0017566 0.152233 0.0883331 0.530902 0.221976 0.811033 0.298036 159.547 1.00833e-05 0.0304764 1.43813 6.88297 1.94816 7.74529 
0.0820898 3.8263 0.0224684 0.0118255 4.89208e-05 13.9352 1.48498 1.23125 0.362127 0.55708 0.00368235 129.017 0.940644 0.000456595 1.02189 10.1634 1.96245 5.83426 
0.000770319 1.33875e-05 0.106461 9.24855e-05 0.00320626 13.8037 2.43981 0.65265 0.212458 1.50312 0.00248454 364.423 0.00025126 0.000713042 1.30385 28.6569 1.31292 0.791607 
0.512614 0.0224162 0.0181921 0.000540771 0.64048 2531.85 8.99586 2.45471 0.0129501 1.55124 4.0657 174.455 0.000339212 0.00535111 1.2422 17.5558 1.64416 7.27674 
5.40274e-05 3.75337 0.00627817 1.8582e-05 8.46155e-05 18.1987 9.29087 0.460686 0.0405045 0.562146 0.103731 151.395 4.14904e-05 0.000106384 2.77951 16.7819 1.16871 2.54328 
0.000209811 1.50219 0.00178054 0.00348936 0.000158642 442.621 0.519695 1.39149 0.390382 6.01854 0.712256 14.1933 0.0179024 0.00662798 1.25181 31.7148 1.67022 6.54819 
0.000493484 0.00025539 0.696598 0.116022 0.40525 501.526 0.00436378 5.11821 0.899061 302.136 6.77879 224.678 4.50674e-05 0.00138708 1.95743 35.4478 1.9746 4.49248 
1.65908e-05 0.848613 4.37705 0.0681766 0.00334078 0.0358178 6.30309e-05 0.50077 0.689239 2.74028 0.00652539 190.775 0.000548473 5.10739e-05 1.05823 12.898 4.28497 3.28901 
0.000434634 0.0256005 6.99997e-05 0.0651221 0.000244779 163.075 0.00431632 0.0798606 0.122965 7.40214 1.08397 212.72 5.60733e-05 0.000254308 0.834542 11.0378 6.53335 7.33128 
6.96564e-05 0.491675 0.58879 0.000597892 0.0173884 24.6935 0.00223079 0.108095 0.491225 169.458 5.72413 280.797 0.00133609 0.102168 3.30907 2.31923 1.1042 9.52888 
0.113402 0.000278599 0.0187685 0.000133603 0.000838925 4.36846 0.0258835 1.35491 0.166611 1.72437 1.85084 405.648 0.00872912 0.0109751 3.71004 10.049 1.16851 0.321437 
0.028205 0.000721379 7.01457 2.48305e-05 0.0167282 1505.03 0.701103 0.184233 0.00473076 0.23173 4.589 83.8616 2.40943e-05 0.06205 2.30835 33.9645 1.28859 3.55502 
0.00891309 3.78704 0.00520643 0.119874 0.00152532 0.0328823 0.115217 3.93551 0.400033 0.359097 0.0820205 488.547 0.199475 0.00304683 1.96407 15.3234 1.95137 1.00525 
7.99059e-05 2.32572 0.31784 4.08922e-05 0.075361 0.286635 0.00404401 0.459245 0.0938867 0.0325211 0.0214581 19.3759 0.155822 0.000481513 1.49875 22.51 1.95994 3.95711 
0.0487762 0.00937565 0.0349306 0.801253 1.01872e-05 141.198 0.00477011 0.0298515 0.00860954 2.65007 3.87243 367.671 0.0348769 0.0696749 1.278 4.03436 4.25237 3.80912 
0.000932677 0.12104 0.916242 2.66203e-05 0.00153519 0.0102117 0.473356 1.77461 0.0169122 0.294127 0.432783 279.776 2.30469e-05 0.000350731 1.72667 5.74655 1.22813 5.09561 
0.238171 2.83456e-05 1.92441e-05 0.000244612 0.398724 43.0489 1.05836e-05 1.47059 0.217172 0.0122048 0.00796607 320.007 0.000246371 0.000124336 1.92985 14.1694 1.46434 0.565894 
0.00444084 8.16361 0.591988 2.14342 0.000148327 0.0222092 7.76597e-05 0.067081 0.01229 2.89264 0.50308 19.3647 0.000886514 0.000114372 0.745141 31.774 2.59352 9.16845 
0.000170491 0.0571 8.32679e-05 0.000354299 0.0248174 1.37981 0.012577 0.214112 0.00993515 0.0233158 9.52312 122.006 0.00550394 0.0240812 1.09713 11.6839 2.47939 4.51274 
0.452051 3.11493 0.852549 0.354252 5.06731 0.674908 5.78745e-05 0.0870719 0.0231683 109.954 8.94772 35.8526 0.000547114 2.93936e-05 2.31489 20.5696 1.15008 6.09948 
0.000120692 0.019445 0.0107427 2.15645e-05 0.0483382 0.030772 1.4723e-05 1.15333 0.129198 7.04589 2.39698 246.447 0.00746075 0.00136304 8.06743 12.6974 1.57433 1.86094 
0.0149597 5.44993 0.00198865 3.44838 0.000117105 1608.3 0.00764297 0.118026 0.0643102 9.91987 0.366407 79.2002 0.734238 0.0407763 1.32173 19.075 2.11779 3.46798 
0.00213744 5.86452 2.48892 0.00170205 6.94833 270.437 0.00932098 0.148529 0.00443411 0.0323806 6.7562 134.371 1.00746e-05 0.00118174 7.33515 24.8835 0.985344 2.38903 
0.0177671 0.00732176 0.0106162 0.00349717 0.204369 282.91 0.00338832 0.690542 0.347065 5.50181 0.0104006 214.659 0.0594436 0.000273717 0.739933 9.05687 4.8719 4.81281 
1.99642 0.000312988 0.80349 7.69221 0.0102125 0.0307876 2.32986e-05 9.2507 0.140959 0.545192 0.00701712 105.924 0.00365235 0.0155825 1.86506 40.5204 1.89727 3.93489 
0.597727 4.55569e-05 0.00175942 0.00283708 1.83246e-05 849.843 1.49474e-05 1.26656 0.0881182 14.5445 8.6752 87.7309 6.34907e-05 6.70344e-05 2.00689 19.4392 1.09048 2.56121 
0.00197006 0.0318624 0.00132548 1.10299 4.97129 679.252 4.2054 1.01404 0.680838 83.4004 1.09442 287.947 0.00101797 0.00463695 0.932537 3.8894 5.30399 9.40198 
7.68811e-05 1.72296e-05 2.34149e-05 0.00654096 0.0922362 528.198 2.92258e-05 0.245782 0.012149 0.480944 0.648321 425.888 0.00010446 0.315654 1.94128 2.72882 1.68799 6.04804 
0.00127925 1.14707 0.00547642 8.57133e-05 0.729125 981.838 4.57271 4.36158 0.130135 1.49281 0.207589 203.371 0.000145593 0.000695913 4.70741 22.0165 1.32936 2.00867 
0.000494216 0.649235 0.625524 0.00468732 0.00610872 50.2176 1.44042e-05 0.277842 0.168173 1.18673 0.0109651 444.016 0.000857856 0.000714958 0.997686 5.6842 3.13114 2.38516 
1.95079e-05 0.00262989 0.0744267 0.000131816 0.00428094 214.714 0.000109386 0.400407 0.206457 2.90858 0.171189 56.9947 0.00198054 1.35356e-05 1.33303 29.9006 1.6197 6.5051 
0.0412561 2.02607e-05 0.0340791 7.60868e-05 0.0113252 0.318167 0.109701 0.620559 0.0173916 0.204666 4.01828 165.891 0.0461678 0.00186154 1.18616 7.59893 1.88257 4.75088 
0.299825 0.000405011 0.0109252 0.0017144 0.0016891 0.172517 0.0249758 0.0344003 0.113795 16.2447 1.29085 88.8618 0.00457425 0.0008825 1.18375 6.97575 1.96569 7.40619 
0.000134465 0.00223933 0.000130348 0.000288026 0.000156929 64.5387 3.99054e-05 1.27736 0.185587 75.2313 1.14046 46.0165 0.000140743 5.74442e-05 1.00797 39.9448 1.26007 6.62383 
0.000128369 1.17644 3.34801 0.13801 0.0264168 0.45221 0.00203829 0.101978 0.790392 10.2457 0.149712 172.463 2.9543 0.00840622 0.98875 15.8571 2.71974 1.26802 
0.101857 1.00299e-05 1.36363e-05 1.87584e-05 0.00959817 274.878 0.00584289 0.489928 0.626304 39.8999 0.44524 268.053 0.00326101 0.0319428 1.10135 5.53144 2.27781 3.7681 
1.17274 2.24765e-05 7.49053e-05 9.85635e-05 0.00190573 45.1344 0.0011412 4.36305 0.75095 38.0178 0.41395 424.836 0.038497 0.00130514 1.20905 3.71381 1.26936 6.75754 
0.000112475 0.0986778 0.00206955 0.0300764 0.001883 385.353 0.0408598 2.35232 0.00663367 0.163549 0.70667 187.304 0.0153032 1.06018e-05 1.5561 41.7884 1.31899 1.93851 
0.375728 0.472914 0.167314 0.00146179 8.57718 1648.85 1.17028 1.56206 0.454475 0.249238 0.0705528 69.3195 1.97111 0.000841548 4.26929 19.978 1.95294 4.07644 
0.000762946 0.00115819 0.00251552 0.00266595 0.00841173 13.2008 0.166092 1.74858 0.166156 0.467331 0.038179 303.089 3.21969e-05 0.000244582 1.00019 4.49753 2.32256 8.49247 
0.15961 0.011252 0.0128068 8.31589 7.45316e-05 2.697 3.2808e-05 1.84553 0.418336 497.156 6.13685 163.311 5.44859e-05 0.0367821 8.9979 23.9102 1.53901 1.89765 
0.0548599 0.0205019 0.00441802 9.36639e-05 0.886996 24.2207 0.0550207 3.44616 0.840921 15.1725 0.137219 89.0687 8.64447e-05 1.88884e-05 1.5841 30.424 1.70666 4.71489 
3.37127e-05 7.42986e-05 0.003954 0.000917571 4.67741e-05 0.0172056 2.16956e-05 6.74351 0.158618 0.0476919 0.0265391 313.184 0.0379813 4.97454e-05 3.89549 22.4732 1.56073 1.48031 
0.791766 3.24957e-05 2.51234e-05 0.0222241 0.00469919 8.65595 0.00176728 2.77158 0.446159 0.528618 0.102006 224.783 0.124564 0.00052081 4.27873 28.3948 1.77647 1.82199 
2.6655e-05 0.000107199 0.111721 2.78558e-05 6.97255e-05 395.782 0.0608858 0.0401205 0.0611086 3.05688 0.11422 90.9677 0.00129659 0.00463398 3.38269 36.9166 1.8466 1.02211 
1.1786e-05 1.19277 0.165946 0.781904 0.0930934 0.0178758 0.369939 6.13007 0.152127 29.2662 0.435833 47.6174 0.00165342 4.74348e-05 1.26014 48.7425 1.2022 7.0167 
0.0958775 0.0159885 2.28085e-05 0.000155437 0.821107 11.274 4.63158e-05 1.47878 0.363677 0.883149 0.00416243 136.022 8.2891 0.000224329 0.969527 44.1983 2.22295 2.06023 
0.000248857 3.04572 0.0044204 0.0176373 0.000590423 2176.52 0.0092119 1.51563 0.0233107 0.0597587 0.13223 433.046 0.227903 1.91504e-05 2.2211 2.60689 1.46773 4.38392 
2.20936e-05 0.547254 0.106049 0.059737 3.13249 2830.16 1.51943e-05 0.327733 0.0384782 0.0156436 0.0225103 32.2017 0.0280195 0.00160535 0.963849 34.7332 1.86285 6.88518 
0.00415778 0.0321154 7.13742 1.68477e-05 0.00849127 2020.3 0.138452 0.0340936 0.106799 0.785322 0.036 60.8777 0.193648 0.0149507 1.28483 37.898 3.45914 3.98817 
0.000344758 0.104464 1.18921e-05 1.24169e-05 0.0113494 0.0164434 0.0444127 5.58571 0.173661 9.00016 0.583913 430.469 4.87175e-05 1.8924e-05 1.49745 12.1534 2.18765 1.07924 
0.378611 7.955 0.0790789 1.43885e-05 0.000121896 0.267846 7.55283e-05 0.564451 0.0341683 0.0164222 0.615554 394.659 9.80019e-05 0.000224111 1.85644 20.5916 1.56224 0.553411 
0.000632068 0.0161924 0.663666 0.219079 0.192292 0.0528594 0.52547 0.720473 0.602967 0.362123 0.00820473 189.574 0.00442981 0.00685226 1.68914 3.3404 1.29729 8.24269 
0.000108118 0.203323 0.24046 0.00622387 0.0757717 1.94403 3.38484 0.723023 0.106055 0.441982 0.0137254 277.188 8.88356 0.00533255 1.18961 29.2283 2.9519 5.86698 
0.000359942 0.0737257 0.00181592 0.000143265 0.064806 69.4726 0.00346962 9.33666 0.166695 2.82242 0.196393 149.019 5.54129e-05 6.5839e-05 0.846677 21.8353 2.12627 5.80502 
1.58335e-05 1.65997e-05 4.36948e-05 0.222453 0.00398024 45.7494 1.40933 5.32723 0.788919 23.8716 0.86383 85.3187 0.0334828 0.00261142 1.68054 41.3089 1.71915 4.03033 
0.00111736 4.09775 0.000738687 0.000915107 0.00381398 715.882 0.0632588 5.23261 0.775739 0.0548698 0.0101194 437.468 0.00129805 0.0601 6.77926 31.0707 1.22501 1.67994 
0.00963911 0.00103549 5.44532e-05 0.319922 0.00175497 0.0859032 0.000432966 2.79369 0.166818 3.12041 0.0375861 26.8831 0.553178 0.000305841 0.912683 20.1797 1.2279 9.91383 
0.00011525 1.56102e-05 0.200921 0.808325 1.49856e-05 2887.41 0.0761746 1.58172 0.191205 0.330656 0.172218 244.961 8.06004e-05 0.0291232 6.77799 8.99978 1.85666 2.80213 
0.221379 0.0215575 0.0924774 0.000270256 0.000997468 0.197586 0.0770693 0.225606 0.386049 244.205 7.64626 128.537 0.00396746 0.00106445 3.12281 35.4715 1.71033 0.618082 
4.14523 0.66026 0.00133718 0.00916189 0.000191953 0.0946572 0.584666 1.04805 0.311841 1.88121 0.190971 31.9348 0.000314634 0.00104999 2.18415 28.2157 1.15745 7.31477 
6.11982e-05 0.00153363 0.369751 0.259676 0.00256538 6.80991 3.53889 2.32248 0.0472378 0.186967 2.7273 185.691 0.00759913 1.28014e-05 4.18827 24.2432 1.41454 1.27087 
7.32335 1.0674e-05 0.0106588 0.0107485 0.000312735 1.86664 7.98038 2.76658 0.905907 29.6352 0.0773199 243.889 7.66501 2.48171e-05 1.17636 7.9441 1.35614 4.31419 
0.0249975 0.202648 9.17704e-05 0.0216494 5.86351 454.913 0.0020869 3.65461 0.0163992 0.809908 4.63096 192.705 0.0285064 0.00272543 1.14486 17.9015 1.99605 0.826905 
1.67576e-05 1.35705e-05 0.000753076 0.000231154 1.60691 2.12786 0.00147043 6.89707 0.949985 3.11598 0.0183007 100.853 6.44346 0.00174568 2.57401 23.7693 1.8542 8.31769 
4.52764e-05 0.000208678 0.00116463 0.000307323 0.00121124 2.28572 4.56046e-05 0.329096 0.493854 0.74994 0.012987 33.2689 1.07117 2.91106e-05 3.96769 34.0769 1.48083 6.21769 
0.0179835 1.50941 0.0236726 0.00927798 4.97369 0.210864 0.388983 2.47338 0.03771 0.296642 1.17664 297.006 4.48767e-05 0.00382333 0.882824 15.7279 4.29442 0.99963 
0.195201 1.91976e-05 3.64626 0.289178 3.41478 101.093 0.000444493 1.52196 0.0208014 0.0248739 0.432666 83.9097 0.080095 0.000654889 1.33333 25.978 1.44099 4.10532 
1.32398e-05 3.16004 0.000538459 9.00577 0.149263 0.233401 0.0381824 1.90666 0.0211011 5.69128 1.01995 59.2509 0.00248519 0.000475574 0.739948 14.6415 3.01217 9.93747 
0.00136066 2.64183e-05 0.000408104 0.911169 0.0109184 1677.73 0.000113228 8.18419 0.045289 0.111169 0.0120976 243.421 5.69261e-05 1.02638e-05 2.00791 47.2502 1.06224 1.22759 
0.0207589 0.000806437 3.95498e-05 5.28765e-05 0.0161719 2.19343 0.0561604 1.34223 0.0423867 0.321849 4.16151 85.7588 0.00138204 0.0401851 1.42882 6.10148 1.76625 9.29798 
0.163805 0.0477788 1.87026 0.127442 1.11568e-05 1.14142 2.48182e-05 0.230769 0.499859 14.9564 0.0495797 116.673 2.65797e-05 3.6253e-05 1.22014 49.9896 1.17862 2.55059 
1.60339 9.13505e-05 0.00770126 0.00993826 0.00532911 677.074 0.000337387 0.406922 0.0877634 0.884526 0.115575 49.0004 0.289004 0.00371037 0.9614 37.998 4.73081 7.66616 
0.00526518 4.39768e-05 0.000239462 0.000229186 0.968281 20.0235 0.00318758 0.525041 0.393718 31.3683 0.312833 467.797 0.00385992 2.76892e-05 4.55974 6.48418 0.885746 1.52294 
2.20431 0.0862397 1.51805e-05 0.000636776 3.1603 317.018 0.184684 1.88425 0.0187153 0.0395564 6.1194 61.9558 0.000872745 0.000162177 4.12436 30.7766 1.02566 6.24633 
0.00498393 0.00105045 0.0514065 3.41185e-05 0.00201939 581.028 5.51395e-05 3.79325 0.0981286 0.10365 0.0418021 78.9327 0.0950316 0.000131986 0.786247 14.019 1.76905 9.61732 
0.520241 0.000486256 0.00839007 0.403345 3.17301 430.195 4.33747 1.14541 0.499042 0.435467 0.00173865 66.739 0.0114641 1.82483e-05 1.36101 38.621 2.34246 1.31836 
0.179212 0.000120457 5.21601 4.33503 0.522898 521.62 0.00029941 0.878123 0.214377 2.55321 0.0159858 27.4764 0.113194 0.000486373 1.96389 39.9618 1.43638 9.40464 
0.0158806 0.000595737 0.199052 0.345804 0.0253289 0.251013 1.94154 6.52692 0.308396 0.318682 0.0477761 129.872 0.00012912 0.0129527 4.57151 10.8116 1.15309 2.48692 
0.129687 2.21183e-05 0.00493062 0.0476211 0.346486 1.65897 0.0330327 1.04264 0.0070508 0.0112203 1.57995 228.473 0.0673995 0.00100603 2.48506 4.47876 0.957782 2.95283 
0.560047 0.623901 1.32615e-05 0.252079 0.000179968 166.195 1.88015e-05 1.07471 0.100124 0.697528 0.167967 284.449 0.00112131 0.00709054 3.46758 2.83046 1.20694 6.031 
0.000562331 0.131731 0.0552797 3.44034e-05 3.50035e-05 14.217 5.43436 2.83411 0.157801 3.498 1.57441 19.63 0.0124072 0.0117949 1.19319 33.0376 2.41631 9.26037 
2.00342e-05 4.13369 8.69512 0.231091 2.32519 0.806061 0.0754932 5.58549 0.00970636 0.0216609 7.30787 304.519 0.0161667 0.00593971 3.49125 38.7014 1.4252 1.4581 
0.0891804 3.58273e-05 0.579301 0.000102581 0.000299334 0.0184924 8.15711e-05 0.813778 0.174157 17.6814 6.40077 84.8227 2.98499e-05 0.00196643 2.61882 13.8135 1.07607 5.0829 
0.000836698 0.944364 4.25716e-05 0.00344566 0.000462129 2.74228 0.000143045 8.51999 0.670074 113.076 1.11619 412.822 0.000164825 0.0016658 0.787121 13.7699 1.56705 4.9551 
3.22188e-05 0.000113593 0.180261 0.0419754 0.000635003 1274.2 4.09361 0.38249 0.126431 15.1841 2.15208 218.901 0.00163668 0.00100518 0.779078 8.51651 3.96979 4.17158 
0.00259367 0.409816 0.00164631 0.00127991 1.2949e-05 0.0890207 0.482495 6.11323 0.0801831 2.07557 1.97544 274.878 0.0451299 0.00432238 4.34956 41.9341 1.34225 2.37768 
0.00369579 4.54781 0.0555925 0.000422446 0.0181026 163.335 0.00214168 0.325377 0.136277 2.67929 2.30678 328.515 0.405912 6.20374e-05 1.2159 2.40726 2.50659 5.06147 
0.0239955 6.50137e-05 0.0237955 1.23821 0.00841118 14.2589 0.130037 1.50274 0.00827389 0.0142644 0.354675 159.879 0.00659796 0.0113513 1.43274 23.1539 2.54679 3.42535 
0.00307639 0.0275723 1.98807 0.016329 1.22081 0.0225572 0.00087629 4.75157 0.86762 4.47182 0.0569643 260.923 0.0469441 0.0012051 1.10412 42.4944 1.74115 0.462932 
0.000107431 0.00437113 0.000371717 1.52989 5.49104e-05 0.151324 0.00265237 0.367918 0.0535175 9.27784 8.64974 52.3033 0.000120131 0.000194806 9.63675 28.8803 0.761546 5.98026 
0.272922 0.000170021 0.544253 0.00407086 4.31846 0.358594 0.0397035 2.49677 0.0179223 0.0198052 0.254861 418.748 0.198193 0.000646328 9.08443 5.97869 1.17421 5.78902 
0.0112744 8.73417 3.1217 0.00101356 0.00179713 0.0374822 0.0302055 5.6768 0.0950173 8.13674 1.06253 15.3071 0.000323136 0.00123437 1.65115 45.0017 0.871459 9.07679 
4.23607e-05 0.21394 1.25464e-05 5.98116 1.90105e-05 10.5199 1.44638 4.9586 0.0285891 1.82259 2.88182 111.668 0.000995963 0.000234421 1.2582 14.6384 1.56122 7.54163 
0.00126647 3.96752e-05 0.770132 2.02842 6.70611e-05 0.0195711 0.00659231 0.736519 0.995723 4.52518 0.0255064 35.3984 0.00259258 4.16187e-05 0.928637 16.75 1.5144 9.72356 
9.40578e-05 0.0114024 0.000690421 0.543134 0.016637 0.017419 0.112007 0.223763 0.981586 104.562 0.812436 336.695 0.332315 0.0142818 1.18363 15.1342 2.58026 0.608799 
0.0668651 0.000136695 1.7827e-05 2.53343e-05 0.00691074 7.62235 3.153e-05 1.84676 0.599981 37.3492 1.05052 313.526 0.0247453 1.6948e-05 2.70044 3.84554 1.65272 5.52999 
0.000499806 3.95058 0.430101 0.05283 0.000293601 312.348 0.144858 2.20872 0.0512245 3.16337 6.59289 166.905 0.0110267 0.00228996 2.59142 31.2447 1.4487 3.37379 
1.32721 4.48739 7.83406 3.52335 0.634608 0.0932254 0.00324014 0.906651 0.346361 0.972243 0.0390148 29.4584 9.84433e-05 1.29563e-05 3.60513 41.4055 1.42648 2.60563 
4.71686 0.0414915 0.171658 3.54126e-05 3.14456e-05 1731.05 0.00291341 0.236955 0.00655791 0.0164766 3.33894 469.722 0.0205524 0.141025 5.8239 15.5425 1.42315 0.850784 
0.757978 1.55293e-05 0.000195609 3.9749e-05 0.00160599 0.0361134 0.000164327 2.32664 0.0140202 0.0311036 0.811604 434.398 0.0188382 9.76216e-05 1.23489 12.2593 1.31268 0.825951 
0.00105128 0.00903337 0.000599662 0.000916809 0.00156503 182.855 0.00611562 2.26817 0.531505 32.8719 3.57947 329.712 0.152281 0.0809113 1.48519 11.6141 2.74635 1.2649 
0.00213461 0.592414 0.000190802 0.325207 0.835604 42.5651 0.000152422 0.449279 0.454918 1.85411 0.0151045 90.9286 2.04925e-05 2.82756e-05 1.37021 15.3336 2.04847 3.73836 
0.110173 0.0348599 0.00301392 5.87974 0.339665 1004.46 0.393778 7.93591 0.179775 8.5571 1.2845 346.236 0.000288715 0.00139336 3.51028 39.6115 1.02784 0.839182 
0.996335 7.61338e-05 0.0551034 0.00826756 0.248133 0.824518 0.0227023 1.50738 0.89006 59.5619 0.440601 488.641 0.0177498 0.000125926 8.99935 13.929 1.21972 1.3063 
0.000220672 0.659134 0.260621 0.0505276 0.245572 0.0867931 0.00354879 0.0972246 0.851051 109.588 0.243034 54.5222 0.147792 5.62169e-05 0.888539 15.6762 5.21381 8.96791 
0.00515099 0.00795364 2.91783 0.18585 0.000798935 7.9603 0.000116451 0.350157 0.0105779 0.0284965 6.74444 122.327 0.00861907 8.01202e-05 3.34915 25.1575 1.14337 7.8135 
4.31626 0.0128681 0.00635998 9.60035 0.19708 1.70628 0.00665759 7.78337 0.264929 8.28092 0.0431282 205.063 2.27355 0.00125375 0.883009 49.9825 2.64395 1.03835 
0.00384038 8.23671e-05 0.0370685 0.00743811 0.000106277 0.0122563 0.00921592 1.62914 0.161003 59.5113 1.14209 102.266 1.63792e-05 2.52908e-05 0.769468 12.4656 2.23473 5.04025 
0.0107146 7.89278 0.00382811 0.000574975 0.00851391 4.85281 0.000161128 2.23613 0.0171297 0.301826 5.71541 96.4251 0.000159211 0.000195054 1.08553 48.0289 2.20194 2.53422 
2.0873e-05 0.0719053 0.345347 0.00393565 3.08615 7.22102 0.000923142 1.48707 0.0250035 0.0187256 2.98607 95.9726 0.00189543 0.00374458 1.24243 31.75 4.00225 2.13016 
9.19091e-05 0.0983892 1.56366e-05 0.00219669 7.45543e-05 2630.13 0.000354318 2.11401 0.11626 0.498117 0.0737571 406.235 0.000460679 0.173262 6.18323 18.8694 1.34534 1.45899 
0.000133257 0.000836119 0.00436754 3.90341 0.00235466 0.0131009 0.0100897 2.00044 0.942509 196.341 0.695508 14.0265 2.05693e-05 4.4652e-05 1.51219 40.1219 2.62467 9.77749 
0.0103856 0.97904 1.73233 0.31896 0.000542756 0.141255 2.22915e-05 6.01789 0.689083 36.6418 0.415814 421.291 1.49376e-05 0.00176498 2.13791 20.8055 0.872807 2.44923 
0.000981731 0.000226407 0.0907695 1.10136 0.137494 0.305222 0.0443007 2.04542 0.116655 3.83489 4.13256 246.433 0.00664598 0.00751804 2.2447 39.3559 1.13653 1.34391 
0.00650993 0.711391 2.97611 0.310917 1.32629 276.045 0.00131671 0.168278 0.0868341 0.26046 0.330794 353.221 0.00020366 1.21933e-05 6.19785 17.957 1.79675 0.55294 
1.06631 0.00117966 0.334141 0.00270136 4.82855 0.753927 0.000830578 0.350114 0.0107544 1.95158 1.80782 17.7741 0.000321771 0.000169631 1.40462 34.8035 1.61417 3.48687 
0.000263186 0.00312638 0.0384404 0.0142532 0.0237772 318.84 0.000436884 0.18444 0.0196166 0.0128728 0.269266 403.979 0.00537103 0.272795 1.95916 4.85414 2.24162 2.47138 
0.00565939 0.0046272 2.20469e-05 1.79506e-05 0.00507741 0.0297694 0.154207 0.670906 0.0361071 0.369948 1.39207 179.295 0.0256161 4.4763e-05 2.79122 6.00265 0.91128 4.71498 
2.38077 0.473218 0.652055 4.77504 0.0198768 2197.09 0.160249 0.70928 0.0144178 0.0672986 3.12265 427.889 2.23526e-05 0.00364657 3.23115 13.0221 1.3965 2.10063 
1.94311e-05 0.338618 5.18327 0.000432178 3.51656e-05 1.24179 0.0156911 0.158543 0.0600419 1.97506 1.23775 243.863 0.000142856 0.00373488 1.9782 3.90391 1.65537 4.93297 
0.0137057 0.0087725 2.52292e-05 8.64003 0.00039564 2162.31 0.746927 0.1994 0.106819 0.269918 0.061086 117.775 8.74874e-05 1.80608e-05 0.73173 13.6182 2.74194 3.68068 
0.334845 0.000178917 1.82959e-05 1.90876e-05 8.11886 4.24547 9.8332e-05 2.42019 0.0642437 0.780607 4.46635 152.622 8.1767e-05 0.000138631 6.0316 38.1153 1.0824 1.05681 
0.0956221 0.000164746 0.0736268 3.54376 0.351201 1.79184 0.00124567 3.21921 0.0293277 4.76854 9.82893 23.6544 1.34517e-05 0.000492873 0.666523 31.0553 1.46949 9.80129 
1.12918e-05 0.000536277 8.9151 1.78946 0.0271231 0.737385 9.35724e-05 0.117066 0.244471 13.2682 0.409279 161.91 9.06937e-05 0.00808038 1.52876 28.2143 1.57657 0.983837 
0.000855097 1.16485 0.00845482 0.00425711 0.249809 22.9028 0.222146 3.7211 0.0363718 0.0420989 0.070198 457.242 0.00113254 0.000398558 5.95105 30.9653 1.02148 2.03057 
0.474238 0.00105658 0.00105945 1.7912e-05 0.000141472 86.5835 0.000983685 0.245196 0.399954 100.196 2.32362 70.6503 0.00108107 0.0158199 1.91508 11.7742 1.10664 6.5449 
0.138782 2.65123e-05 0.00328321 0.0254865 3.96374 1654.55 0.00118317 5.33895 0.0129078 0.0940193 0.331982 94.8466 0.000401768 0.00433947 1.21097 16.2347 0.950856 5.32555 
0.415926 0.351984 3.62553 0.108014 5.30482e-05 5.22786 7.97558 8.17355 0.0541967 0.0759507 1.41577 177.27 0.000956012 0.000515498 1.96699 46.0685 1.62577 2.49643 
0.000102838 0.056185 7.33733 0.000176715 3.67961e-05 2.98439 0.0133242 0.3299 0.398195 262.241 5.12372 29.3743 0.0137663 0.000508552 1.00252 36.426 1.10728 8.98299 
6.26314 0.00207924 0.000999383 5.79516 0.00738984 0.149784 0.0198487 1.24519 0.708381 0.801715 0.0440348 162.113 0.00913796 1.48165e-05 2.70819 16.1588 1.49277 1.02703 
0.000219188 0.0961238 3.41207 0.11254 1.82469e-05 0.0454732 0.0806828 1.17898 0.698979 71.4826 0.421696 187.704 0.000484271 0.00628944 0.775969 38.4006 1.40027 1.1302 
0.00993562 0.000333835 0.00126253 0.031554 0.34563 0.499555 4.14364e-05 6.10731 0.245406 0.578503 0.0731941 179.036 0.000441044 0.0271006 1.68875 21.1091 1.66328 3.69205 
0.00103998 1.32439 0.299098 0.106526 6.72875 1.64289 0.192586 0.764851 0.286426 1.04263 0.156291 21.2308 0.000177792 0.00430736 1.99222 34.3468 1.18019 3.4281 
1.74116 2.7195 0.000262911 0.0816588 6.26954 0.0147359 0.0628313 0.900327 0.0275878 0.508907 0.19146 28.5069 7.06593e-05 0.0113689 2.80328 27.7153 1.50536 7.25436 
6.65101 0.825046 0.0153824 4.15288 0.000818237 0.177316 6.81179 5.49331 0.211716 332.982 6.51476 439.927 3.83011e-05 1.18124e-05 1.97049 29.4683 1.38778 0.416544 
0.416981 0.000593396 0.000576508 0.00214146 1.87829e-05 0.0230484 0.0682824 0.543767 0.477998 8.86496 0.315021 18.9188 0.000349084 4.97854e-05 2.41512 25.704 1.05346 2.69662 
0.00137076 0.0265882 0.272757 0.195419 0.00650133 53.5997 4.82034e-05 0.719278 0.00501722 0.705442 4.65844 81.5332 0.0167298 0.149303 9.04748 21.1473 1.22709 9.13263 
2.63185e-05 1.03813 0.000111355 2.46349 0.528322 9.62316 1.33915e-05 0.690497 0.857567 63.1481 0.0702042 62.5861 0.0188186 7.29254e-05 1.77801 18.3921 1.57434 4.98892 
0.00147044 2.2878 1.2392e-05 0.01924 0.00699962 25.9416 0.247867 1.45157 0.0112396 0.0289942 3.90702 339.74 5.5516e-05 0.00170727 1.20709 4.76968 2.97887 2.8059 
0.120297 0.00619332 0.000855258 0.185916 0.0932143 0.0949745 0.917629 1.98562 0.127061 5.42056 2.62123 53.5743 0.286427 0.00221303 1.54177 22.2993 2.28551 2.82854 
0.00326552 0.28241 1.46349 0.00366228 0.00397512 0.283908 0.799506 0.695501 0.0158423 0.0545917 3.84985 210.027 1.23732e-05 0.00632638 4.53355 5.37621 1.10089 5.95975 
5.1379 0.000811686 0.00336689 0.000143701 3.91075e-05 52.7428 0.00391317 0.761861 0.366104 41.0604 7.45599 75.3613 0.00181247 2.09773e-05 2.18152 18.1548 1.47286 2.50129 
3.371e-05 0.00719542 0.000113282 0.5139 1.08267e-05 0.0167328 0.00606233 1.22356 0.0245374 1.16829 0.771418 394.159 0.00520019 0.000806796 1.04143 2.81192 2.05373 3.52731 
0.000211816 0.687356 0.00202983 0.00260764 5.04541e-05 202.628 0.000239387 2.04714 0.018336 2.11473 0.946675 52.5713 0.000242879 0.000704838 1.20026 22.3621 1.38702 2.16589 
2.07703e-05 4.24998e-05 0.000956473 0.000637817 0.0406929 75.0759 0.00266331 0.542153 0.195721 3.87548 0.289413 126.515 0.00202601 0.0975062 4.85295 30.0148 1.88777 1.11985 
0.0571138 3.62593 1.62014e-05 0.0110229 0.0150666 0.357637 2.05561e-05 2.49717 0.256255 3.87056 0.85177 480.225 0.000478924 0.00146931 1.40692 10.886 2.14074 0.74033 
0.00754048 3.53945 0.0123551 1.30368e-05 0.000748272 9.05558 0.151816 0.546281 0.0692096 82.6362 5.88709 35.3165 3.6588e-05 3.14709e-05 1.58483 28.923 1.72332 4.06397 
0.0233283 1.07757e-05 0.00246858 2.6253e-05 0.00026716 641.331 0.0252571 0.828362 0.108327 5.18367 0.557632 237.967 0.129176 3.67851e-05 6.13326 8.15133 0.976627 6.9931 
0.00316949 1.11523e-05 0.00284973 0.952181 0.12606 32.7734 0.118396 1.65181 0.156243 0.0690193 0.0411 467.556 9.13569e-05 0.00443785 1.49619 3.10386 2.28659 9.90012 
0.00409263 0.000695747 0.000114011 6.61982 1.34685 966.678 0.358046 1.73017 0.0386822 5.45877 3.00335 83.8978 2.46672e-05 0.0110886 0.884263 42.8526 2.66637 1.18552 
0.488959 0.00298812 0.0184713 3.22773 1.17576e-05 1083.17 0.00211466 1.68785 0.199493 2.41316 0.0252081 414.181 1.02161 0.0129768 0.912491 17.3491 3.24347 2.11599 
0.00049115 0.000818438 0.000127097 0.00113817 0.136233 32.7112 2.20019e-05 0.882281 0.796102 0.0336003 0.00197832 167.225 3.78815 6.96723e-05 2.63908 33.9302 1.82934 0.802861 
0.148439 0.0287918 0.109597 0.000333126 0.00382689 1114.63 0.492376 7.54748 0.233102 0.251464 0.0210988 312.82 3.92278e-05 0.00523533 5.47923 45.4339 1.33098 0.877106 
0.0494197 0.483408 0.000756863 0.000522665 0.0436863 197.969 2.08253e-05 2.82785 0.0383085 0.119346 1.28742 15.6279 6.62968e-05 0.000116026 1.83043 35.6354 1.09015 9.35788 
6.00314e-05 1.54709 0.00187878 0.0245547 0.333955 195.736 0.0141209 3.68873 0.0521343 0.271859 0.0778166 46.3421 4.94815e-05 0.00108834 0.946829 23.6479 1.12465 5.17464 
0.566814 4.68827 0.00357497 4.30926 0.0460204 313.033 0.0123175 0.547166 0.0146454 0.0316075 0.524177 33.1794 0.00275139 0.033025 2.64991 32.6862 2.04746 3.34518 
1.29253e-05 2.09859 1.67787 0.00645738 0.000106358 290.551 0.0238159 0.168722 0.00754714 0.176954 2.15967 43.1774 5.23998e-05 0.000191242 0.795472 25.48 2.24825 7.03479 
0.0772419 1.12843 1.34778e-05 6.51503 0.570525 174.549 3.5505 2.18226 0.379249 50.5761 3.05122 89.1306 0.112489 4.7844e-05 1.41093 37.1814 2.71552 0.96429 
1.09615 0.000922948 2.0424e-05 0.00347746 0.046466 0.129645 0.00228907 1.34277 0.154408 2.63568 0.213179 488.401 0.398379 1.16537e-05 1.43444 23.4025 2.35827 0.580008 
2.26279 0.15495 0.525445 5.44619 0.0178818 0.211286 1.08403e-05 3.80045 0.32985 0.0172238 0.000654591 417.32 0.000105591 0.0206462 1.3513 28.3707 1.92108 0.315162 
0.00236881 2.90369e-05 0.382825 0.000209747 0.0552219 30.76 1.16826 0.0379937 0.82028 7.54838 0.0510495 93.5225 1.53803 1.48928e-05 2.69004 16.4629 1.27531 1.70869 
0.214864 1.19946e-05 0.047881 6.70396e-05 1.55302 555.748 0.00820314 1.42312 0.262314 2.26304 0.0832564 391.212 0.10032 0.0315477 0.891364 4.84177 2.28524 3.70262 
0.000882362 1.11966e-05 0.594267 0.00187591 2.26915e-05 0.274496 0.000223131 1.45742 0.434922 79.4251 6.11884 78.022 0.0317099 0.000139123 1.63937 36.5941 1.82668 2.08337 
2.22751e-05 0.0156345 0.791884 9.60086e-05 0.0940279 647.734 6.35839e-05 0.380344 0.0275042 0.48819 0.425334 61.7735 0.0196279 0.0677212 2.42534 21.6963 1.2959 3.26572 
0.00637356 0.617126 1.8259e-05 0.000101552 0.0495777 23.8546 0.0007003 1.38182 0.609924 15.4265 1.42602 160.872 0.000567818 0.000866264 2.41298 6.57736 1.19992 7.91517 
0.000492349 0.093874 2.23446 0.000369697 1.34249 93.2597 0.0229021 0.479238 0.0341266 46.803 2.61563 297.536 5.74131e-05 4.99524e-05 1.56716 7.94372 1.88416 1.3767 
0.0504943 0.00802207 0.0991855 2.43624e-05 0.0132376 3.11727 0.0111347 4.137 0.0130383 0.0577401 9.86341 240.989 0.000414244 2.01783e-05 1.08495 46.4012 2.63831 0.613536 
0.00420754 0.00499952 0.0183601 6.5084 2.95638 2880.93 0.340365 0.46341 0.0293814 1.12827 1.05732 152.403 0.0163127 0.000225156 1.82607 39.6254 1.478 0.270018 
0.0202531 0.0026521 0.000237133 0.544239 0.0166501 94.0355 0.00149233 0.684458 0.062998 6.51606 0.25552 57.9606 0.000656038 0.00367355 1.08177 31.812 1.94713 3.1449 
0.357369 0.00187511 0.249243 0.000181958 1.44259 200.806 6.1303e-05 3.51406 0.0585784 0.408493 0.18358 302.095 0.00921561 0.00372894 3.6678 5.69979 1.14311 8.48015 
0.0122701 0.00119506 0.00227529 0.00105272 0.14104 1.73865 0.00196068 0.254113 0.565245 1.10539 0.0348269 60.9252 6.49904e-05 9.56592e-05 0.797405 14.9529 1.72986 3.5357 
0.000361927 2.87759 0.193672 0.000307794 0.00108652 1079.52 4.49515e-05 9.71405 0.107027 0.0771664 0.112254 417.08 0.000808219 0.0141729 5.92538 46.7683 1.1468 0.772343 
0.0199563 0.000140773 0.000252462 0.000118565 0.0220432 2.31904 4.57845 2.39572 0.266125 23.3919 1.66872 197.78 0.000746287 0.000416873 1.70108 7.4958 1.26148 7.3831 
5.2328e-05 0.000923536 0.00028902 1.28313 7.53076 17.4856 2.16979e-05 9.47819 0.203113 165.053 9.4216 156.526 0.000220103 0.000535235 1.16662 44.4274 1.53464 2.54881 
4.25325e-05 6.27271e-05 1.30445e-05 4.0939e-05 9.67598e-05 0.0243186 1.56995e-05 1.33761 0.00125078 0.0315671 2.97027 213.618 0.00017041 8.53822e-05 1.3607 25.4048 2.3016 1.06397 
9.97467e-05 0.000191464 0.0138835 0.516661 0.000748069 1.22614 0.00244176 0.426308 0.123222 7.81052 2.84843 91.727 0.171662 0.021786 1.32422 16.2169 2.27704 3.7446 
9.45977e-05 6.2707 0.0724136 0.00454599 0.000926824 54.4522 0.100942 0.342666 0.0283293 22.8201 0.97689 82.0161 0.000357874 6.10039e-05 2.15232 19.5896 1.57208 1.8783 
0.059266 0.0142305 1.25499 7.19352 0.00627818 11.444 2.1111e-05 5.06574 0.00879225 0.0368159 7.74849 149.14 0.00274331 0.010944 0.941636 31.4251 1.28648 9.44541 
0.0334037 0.126357 0.0397834 2.87968e-05 0.000231486 0.0115035 0.319412 0.274902 0.220589 2.71562 0.099645 54.7525 0.668407 0.00019353 2.24539 14.3834 1.13318 3.5209 
1.14796 0.0660597 0.00147776 0.000303479 3.6314e-05 6.74604 0.0692187 1.49405 0.384276 1.01758 0.0676174 34.7903 0.00234673 0.0076368 1.13249 32.6849 1.9113 3.88299 
0.778321 0.000154932 0.00694791 0.346173 0.0352859 185.074 0.095493 0.278377 0.213567 19.6681 3.36521 345.932 0.00891682 0.00220252 1.56389 2.62295 1.44455 4.51763 
0.000301187 0.00261188 0.112795 1.61942e-05 0.0309461 66.1392 0.000227475 2.36932 0.00727467 0.269587 6.04901 26.0583 0.000450081 0.00473865 0.447785 28.8363 1.45887 4.84466 
0.14962 0.00229012 4.25771 0.0253527 0.00736991 313.201 0.631337 0.0333409 0.0111185 0.0217032 2.51117 219.595 1.90569e-05 0.000772093 9.13891 9.70643 1.09332 2.40328 
0.571306 3.09908 0.00891889 0.0427165 1.27808e-05 5.59065 0.125581 0.215287 0.066113 1.53812 0.757474 79.2238 0.0237464 1.29301e-05 9.76527 16.5258 0.999363 6.30663 
7.13773 1.52452 0.000465567 1.82076 2.27941e-05 1957.12 0.114422 2.52799 0.00951383 0.0422836 6.94469 83.0623 9.6762e-05 2.21166e-05 2.20751 49.1526 1.49393 3.27143 
0.000142497 0.000534706 2.49866 0.000653066 0.0787362 2.36763 0.00411925 3.40075 0.631798 37.9878 1.47333 51.5304 0.000200149 0.0239453 3.38743 44.2754 1.57215 2.72111 
6.25958e-05 2.14919e-05 4.93507e-05 0.0191336 3.73352 3.44579 0.000448115 0.391613 0.21561 32.4789 0.115627 248.88 0.000535238 0.0617122 1.30698 4.57447 2.67953 9.28033 
0.0055878 0.0300597 3.75172e-05 8.6351e-05 0.0732513 0.392672 0.0007067 0.897674 0.901314 117.089 0.619394 268.12 0.00373286 0.00017586 4.17191 43.7226 1.15462 0.446438 
0.00041366 0.01162 0.137304 0.0170558 0.000178189 3.0805 0.00109707 0.913168 0.828044 2.18455 0.0277435 74.4215 0.120615 0.000926426 1.45971 16.1243 2.71933 6.9841 
4.96277e-05 0.000489382 3.5149e-05 0.0188345 0.0145666 34.9102 0.00126739 1.77092 0.368984 17.2757 0.324607 54.7247 0.0390307 0.00920973 0.82634 22.1756 1.95054 8.55833 
2.27351 6.08166e-05 0.112627 4.35106e-05 0.0362392 0.577496 3.97208e-05 0.903812 0.134337 22.545 0.961127 292.585 2.44098 0.000920099 2.05329 17.4117 1.50143 1.79848 
0.000176764 1.38036 0.000544871 0.000270518 0.000571526 2684.48 0.00322245 0.338532 0.0195152 0.291012 1.57727 220.029 0.000356861 0.000236768 3.51962 8.83468 1.06119 1.7755 
0.0504337 0.899699 0.101287 0.4713 0.000253276 245.913 1.58547 0.701196 0.194558 118.452 7.06977 163.166 0.0253995 0.0391645 1.10162 11.9792 5.49838 7.45738 
1.64879e-05 0.00628074 4.29385 0.000220044 0.000106711 2407.11 0.000141557 0.0930194 0.0469252 3.73548 7.04022 85.5329 8.14774e-05 0.000328862 0.938705 10.1745 1.69496 6.61739 
4.85062e-05 7.36531e-05 9.2142 0.556499 0.62505 0.0547248 0.0709726 0.509669 0.0782461 0.469864 0.0449245 390.272 1.32553e-05 0.00243025 0.78988 5.52265 2.69824 3.32922 
0.000387948 0.554905 0.000559401 1.26776e-05 5.84216e-05 3.65248 6.94445e-05 1.16926 0.0530579 0.596974 1.71346 386.822 0.114329 0.000133116 3.15105 4.57393 1.09927 1.19668 
0.0002547 0.000271313 1.41439 0.000347964 1.19529e-05 319.078 0.0201449 0.505441 0.0171989 0.0798646 1.86846 155.985 0.00796044 0.00656437 6.00101 33.373 1.00266 1.07634 
0.0195121 9.23619 0.0114046 0.000271851 0.00012189 537.526 0.000420713 0.412572 0.119553 0.0119187 0.00380134 344.184 9.78398e-05 0.014878 3.9938 17.7216 1.56995 0.770773 
1.75756 1.35582e-05 0.154043 0.0621435 0.000494846 19.8527 0.0120871 2.52392 0.227593 0.666219 0.211258 335.654 0.000267984 0.00905892 1.08077 26.9952 1.84707 0.386622 
0.0149666 0.000361993 0.0466664 0.0050142 1.2483 212.43 0.000190303 0.0268713 0.241019 0.616971 0.00296004 104.638 0.00239988 0.000243198 1.01523 7.90888 2.76153 9.51759 
0.141172 0.000662013 0.0025159 0.000150833 3.84453e-05 21.4589 0.102914 0.999631 0.0227029 1.94349 3.83279 494.924 0.214819 0.000523373 1.05508 3.9608 2.12462 6.29964 
0.0162138 0.000330133 0.00150663 0.13839 0.0067439 0.0281955 0.241676 2.82636 0.0882145 2.03811 0.26939 185.251 0.000689819 0.00538977 2.22361 7.21486 1.57861 4.37501 
0.82584 0.0256657 2.95005e-05 0.000222438 0.000375843 10.3424 0.0455491 1.13647 0.26862 0.532494 0.0216857 365.463 0.0015095 0.000263706 0.925873 20.9122 6.13039 1.09016 
2.32066e-05 9.66699e-05 5.05403e-05 1.16178 0.000567644 167.351 0.017491 0.600037 0.360831 21.1566 0.648888 158.178 0.245767 0.0394386 3.9048 20.3392 1.56018 1.21261 
0.111452 0.0955518 3.40114e-05 0.344357 1.52643 817.3 3.93567 2.60764 0.00499617 0.0562784 4.38974 409.367 0.000217062 0.000200443 0.977633 28.0773 1.77881 0.569025 
0.000524969 0.00122353 0.0273596 0.0623384 0.000530437 1831.06 4.91001 1.92411 0.140569 3.41848 0.82291 253.048 0.00684278 0.00222621 1.84635 19.8464 1.03974 8.29081 
9.40582e-05 0.0641972 0.0244788 0.011456 0.000105438 7.37842 0.00057381 6.69618 0.949704 0.804396 0.014065 69.9495 0.00320204 1.53042e-05 2.49355 47.3024 1.06971 3.27538 
0.0125927 7.54916 0.00137217 0.000104562 6.56718e-05 141.864 0.00263458 1.59537 0.0433984 87.3809 2.32527 92.7319 0.0139982 1.2623e-05 1.0508 13.2624 3.66183 9.33259 
5.72644 0.000118398 0.0224596 2.63669e-05 2.87064e-05 1389.06 0.000363808 0.205037 0.935493 2.77413 0.00861633 411.953 0.169289 0.000886886 1.75678 19.1425 1.46966 0.564612 
8.34032e-05 0.23206 0.00830415 0.00380023 8.18808e-05 2283.52 4.12375 1.15362 0.00210081 0.0161915 1.96486 465.53 0.000120438 0.0977237 0.987406 29.3357 3.28474 2.92017 
0.0349851 0.443696 0.615898 0.000234628 2.51913e-05 689.944 0.798728 6.36261 0.764709 102.348 1.0028 245.654 7.1189e-05 3.67729e-05 2.5214 20.4559 0.816979 6.33314 
0.000327274 0.685215 1.42824 1.12501 0.00954781 17.9242 0.000503591 1.36282 0.195573 9.59653 1.95497 92.7847 0.00630839 0.00120967 1.66184 19.9433 1.90107 4.34744 
0.156015 0.00487905 0.000180352 0.0137783 0.00101822 0.151732 0.252234 1.17575 0.0785472 0.440038 0.679141 332.999 0.0872336 0.0504125 3.63338 3.8786 1.26933 6.25324 
3.95268e-05 1.19243 8.01072e-05 0.00363176 0.321531 0.01651 0.101386 0.77427 0.206468 28.166 0.257421 67.5842 3.3353e-05 0.0327216 1.0943 20.5061 1.90069 5.43493 
2.228 0.000736712 0.000970341 0.0949594 0.000474934 2791.65 0.00217136 9.07056 0.592715 193.151 2.89067 172.586 0.30537 0.00062526 1.44195 39.9859 2.3934 0.937804 
0.00818166 6.74114 6.81502e-05 2.7869 0.471795 0.36059 5.21968e-05 2.86022 0.052586 0.712106 0.216892 249.658 0.344782 1.26118e-05 2.49001 26.8297 1.71874 0.452112 
1.69067 4.56471e-05 0.0643611 0.00436219 0.00547234 186.325 3.09032 0.158281 0.00790266 0.283069 6.83057 22.8582 0.000115927 0.0072437 1.8489 38.3101 1.75295 7.27094 
0.000322801 0.0247265 1.12999 0.326682 1.69465 10.8647 0.00105027 1.42176 0.00279842 0.137136 4.21531 360.446 0.0003659 0.000296521 2.42843 38.2909 1.27439 0.417308 
0.0041658 2.39562e-05 0.0377264 0.130602 1.22615 113.084 0.0464323 2.53275 0.1251 6.51767 3.42665 397.174 0.528359 0.00333514 4.5166 47.784 1.38263 1.0378 
0.0327366 0.00181093 0.00240883 8.90424 0.000895621 46.227 0.0404873 0.0790672 0.439954 75.2271 0.296902 347.369 0.0775952 0.0005894 1.3669 10.6741 2.43037 0.697269 
0.139214 3.18321 8.87077 2.39429e-05 0.46221 80.5326 0.109022 1.00038 0.459029 0.0577104 0.00746285 120.377 0.0328408 9.55994e-05 1.36283 49.341 1.74761 0.701037 
0.00217184 0.081189 0.000221888 0.0113486 1.12777e-05 1.03108 0.0083428 1.10252 0.0475284 1.50715 3.12144 62.9448 0.00308869 1.7259e-05 0.91403 36.0503 2.06565 9.0116 
4.20408 0.00549685 0.00448854 0.000851881 0.14567 3.12947 3.96253e-05 0.301126 0.33237 2.78857 0.0523327 264.641 8.08466e-05 0.104772 2.21356 36.8018 2.31392 0.379347 
0.0483579 2.20035e-05 0.00691461 0.0075189 0.000531008 2189.92 9.93931e-05 0.105953 0.00768679 0.0639461 0.343441 74.3686 0.00168326 0.0180343 1.06829 25.248 3.55123 2.05868 
0.0597275 0.932377 5.50807e-05 0.00101532 0.00761683 1.26686 1.55205 0.244218 0.211685 0.0398857 0.00159433 369.921 0.0184938 2.12708e-05 1.12723 2.85063 3.05975 3.39474 
0.00903792 0.00386441 0.000416581 2.29167 0.257298 0.595765 3.017e-05 1.89342 0.0509207 11.5711 6.74815 380.425 1.59053e-05 0.00304379 3.84327 3.4424 1.06025 3.6766 
1.46432e-05 0.891019 0.000134225 0.138037 0.125079 2666.83 0.00663735 0.636653 0.16604 104.606 4.91247 130.242 0.018947 0.014012 1.21964 26.0781 3.51878 1.70893 
0.223175 0.000149688 0.10766 4.07424e-05 1.49088 0.011532 0.0388035 2.29608 0.0516663 0.0238932 0.0110658 42.6759 0.283135 0.000686495 0.995895 26.886 1.56998 5.65789 
0.00185094 3.55283 0.0945473 9.65075e-05 9.65182e-05 0.0285893 0.000246456 1.27945 0.189364 15.6843 1.91475 149.436 1.17621e-05 0.00348585 2.92765 9.33613 1.03565 2.05675 
0.031973 0.987871 0.000599022 0.000190569 0.0726034 105.097 0.00311725 3.49556 0.513807 0.344429 0.00577671 258.88 0.0347342 1.76961e-05 2.32345 16.1598 1.47681 3.01936 
0.0851958 0.00183336 0.0986723 3.81091 0.020404 2339.39 0.00126309 0.450923 0.132713 0.999128 0.0178577 400.879 0.195612 3.26606e-05 2.29146 2.68801 1.23433 3.28293 
1.73445e-05 0.238555 5.24538e-05 7.87845e-05 0.0288504 2.60406 0.0809141 3.5147 0.0799331 0.315793 0.800749 13.1523 8.93727e-05 0.000412139 2.19954 41.7873 1.46386 7.43455 
0.00194798 2.34058e-05 0.000151119 0.0965044 0.00167889 2504.06 0.0281615 0.532637 0.00924213 0.251001 3.59111 89.5251 0.000394572 0.000347282 1.01071 14.5985 1.55338 8.28232 
0.39768 0.00243772 0.000177861 0.878322 0.000391437 797.447 1.49428e-05 0.436431 0.0189186 0.42901 2.35097 71.8803 0.351419 0.00275788 4.83459 38.0968 1.79404 1.15004 
0.0060329 4.88797 1.34 2.85513 1.223e-05 8.49892 0.205813 0.906583 0.02596 1.74288 3.73742 62.3069 2.88752e-05 0.00954823 1.05645 47.7154 2.25968 1.18557 
5.81272e-05 0.000567013 7.68001e-05 0.016635 5.45208 0.166377 0.105384 2.31775 0.233761 7.09709 0.214392 193.369 0.000727694 0.000581305 1.83478 24.4453 1.08733 4.44133 
0.000380184 1.39674e-05 1.62125e-05 0.0621716 2.20962 0.0981386 2.66839e-05 5.72428 0.679932 2.98076 0.105678 266.534 0.000134027 0.000182838 2.81078 5.02105 1.23506 7.78821 
1.29165 0.00129945 7.53713e-05 0.000135469 5.90025e-05 3.58675 0.000406024 0.145617 0.137889 0.199166 0.0226359 50.661 9.8943e-05 6.2794e-05 1.08364 26.7657 2.93211 3.25134 
0.9065 5.5318 0.0105826 0.000295021 0.0743698 5.67029 1.85821 0.552328 0.0384141 0.0100284 0.00446596 29.3725 0.00906409 1.73461e-05 0.9346 18.0075 1.54895 5.71694 
0.000586985 0.620832 0.096388 0.00615305 0.000509271 5.14704 0.0414627 0.232283 0.0555136 54.8372 1.98535 100.899 0.00168681 2.43653e-05 1.24076 12.2571 3.35193 5.86335 
0.000386781 8.8647e-05 0.00230549 0.214098 4.77473e-05 0.0127074 0.00145638 1.44419 0.0312251 0.420388 6.6217 329.059 0.150915 0.0246178 9.60959 47.6271 1.40283 0.501954 
0.000504296 0.00236955 0.23093 4.67685e-05 0.000467757 0.0787963 0.151363 6.23272 0.860037 38.7899 0.882261 241.709 0.00131552 0.00254898 3.21618 32.0658 1.5635 1.14062 
0.860531 3.22955e-05 0.00105502 0.0795301 0.000278445 6.98832 0.0307508 5.03161 0.167064 6.73913 3.36971 483.023 2.25569e-05 7.17019e-05 2.90154 29.7736 1.33621 1.3016 
1.00557 0.621167 0.000191742 0.361364 1.13326e-05 610.713 8.62643e-05 0.799735 0.0353475 0.100026 0.0354869 118.339 0.0119136 5.28627e-05 1.83998 28.8001 1.1397 0.991464 
0.00435905 0.000449362 0.0146777 0.0187721 0.548719 0.0362578 0.0349267 3.48559 0.0943771 1.12403 0.26322 75.45 0.0508601 0.00247123 5.2296 34.1108 1.03928 1.51793 
0.000530585 0.00470562 0.000315646 0.672629 0.215033 8.7205 0.000390013 1.14434 0.125498 7.41992 0.0489487 18.3816 1.79446e-05 0.00175567 0.990954 34.226 1.38801 6.01567 
0.000288648 2.03494 0.00392744 0.000989005 0.503054 114.078 1.43653 1.29009 0.0577129 6.32568 1.7686 459.503 0.907663 0.0067773 3.96797 3.47262 1.14823 3.81196 
0.00710312 2.87708 0.00196385 0.00504204 0.343872 27.8468 0.235241 8.6224 0.0152276 0.115484 3.67852 36.5772 0.00153177 0.00136142 0.680774 35.0565 1.48953 2.26957 
0.000250085 0.000241177 2.64299 9.47507e-05 0.000162732 563.851 0.000777371 4.06262 0.019866 1.23707 5.44339 236.84 0.000124357 1.53272e-05 2.21803 20.7172 1.04959 6.65069 
0.000213059 1.54901 4.08479 0.000653213 1.08697 40.3372 0.342856 4.88745 0.472362 0.0902334 0.00697181 80.1042 0.222875 0.000258667 1.82618 49.6115 1.57448 2.1993 
0.355088 0.000226382 0.138233 0.0179997 0.0578253 3.98946 0.0014643 2.60908 0.0122831 0.0429451 7.93174 369.882 3.41779e-05 0.00695823 1.58973 11.4652 2.72576 0.77542 
0.011758 5.71684e-05 1.42618e-05 1.2443e-05 0.00413292 113.986 0.0431282 0.546203 0.0182947 0.0416614 5.8241 80.0649 5.08081e-05 0.00162928 6.58117 39.6841 1.20574 1.2172 
7.93831 0.00198634 2.25799e-05 0.00351036 1.185e-05 0.0174726 6.20028e-05 4.90055 0.758599 0.429908 0.018351 425.004 0.000119759 0.000213743 2.21397 40.0556 1.67799 0.326713 
0.000238724 0.0168283 0.963034 0.820047 0.00492557 0.560902 7.7168e-05 0.333848 0.230397 1.16853 0.0270739 89.5897 0.99239 5.90927e-05 2.52058 28.9818 1.35956 4.05471 
0.000219693 0.00351731 0.254091 2.71329 0.00786313 0.0361553 0.0869565 6.21747 0.0750697 1.24479 0.281494 453.682 1.33724 0.000409676 1.03755 28.5332 3.82296 0.657702 
0.214289 2.39978 0.00120145 3.17532e-05 1.60796 117.61 0.217568 1.0168 0.0842474 4.44728 5.59675 219.97 0.00882592 0.0018501 0.938751 17.2687 1.89812 3.52941 
7.80544e-05 1.50885 0.000964964 0.000592661 0.0077469 15.9074 1.48049e-05 1.56118 0.18131 0.439434 0.017942 55.8903 0.00157389 0.000188885 1.48081 40.9286 1.01841 2.30134 
0.0320341 2.45856e-05 4.92178e-05 3.72892e-05 3.58862 0.0303547 0.135992 1.13853 0.179509 3.01465 0.00979994 40.3996 0.000720911 5.08808e-05 1.02419 39.2642 2.35679 4.03474 
0.000680404 9.99472e-05 0.000221132 5.83164e-05 0.00891265 0.654783 0.0502648 4.75455 0.219714 13.9357 4.18641 101.368 0.0779078 5.57209e-05 1.38128 48.9529 2.44058 0.924014 
0.740879 0.00310591 0.24636 0.022978 0.00149351 0.0249517 0.000245288 1.79552 0.0977974 0.570576 0.336761 294.578 0.000677168 0.00362148 3.30715 29.6493 1.61217 0.460011 
0.0103903 0.0581143 0.00258528 0.055525 0.0376134 330.762 0.0477864 1.58822 0.0185435 0.0211942 0.22406 399.965 0.0285342 0.0299051 1.16674 9.4531 1.50472 1.81167 
0.00773659 0.000400896 5.02109 0.000297999 0.00189587 0.313444 0.675283 0.156363 0.0281155 0.232377 6.4696 183.94 0.0241152 2.89414e-05 4.04338 6.79266 1.14434 1.90445 
0.226774 0.417497 0.164439 0.000498582 0.00109367 3.03921 0.0835642 1.47532 0.238806 0.731957 0.0419993 46.5338 0.00952302 6.39907e-05 1.08525 24.9783 2.19489 6.92669 
4.0239 0.000286613 0.00126624 0.0298045 0.000311367 28.2613 0.00627399 0.747521 0.178635 0.117056 0.0303992 36.8833 0.000234166 0.000266527 1.60257 29.5277 1.30947 3.39572 
0.0683418 0.00383462 0.0216769 0.283087 0.331176 349.73 0.00108281 0.0245215 0.158138 248.745 3.44563 204.655 0.0398886 0.00365492 1.6448 6.78458 2.11666 2.26901 
0.000189501 0.000929309 0.0237921 0.0571057 0.00041637 560.031 0.0223395 0.595939 0.119061 13.6146 3.04777 21.4006 9.7464e-05 3.82427e-05 1.49779 47.8598 2.47308 2.61021 
7.89302e-05 0.773713 0.914474 0.0594986 0.000257768 0.0168195 0.00393032 3.11115 0.458887 1.62402 0.0428677 230.997 1.36788 0.00186706 1.14307 23.9271 1.95771 0.521852 
0.371285 0.00114561 0.0150944 0.544705 0.0534771 58.6621 3.96355 8.05743 0.122982 13.2837 3.73246 418.281 0.101243 0.000206236 1.26545 37.5984 1.44884 0.729699 
0.00350072 0.0190186 0.178193 0.974276 9.43137 9.62625 0.00545344 0.429631 0.0295115 0.708256 0.520606 121.794 0.000544851 0.000984251 8.99186 31.8646 0.868878 1.17459 
0.0119732 0.00107853 7.68035 0.240624 0.00185753 0.0494524 0.000101802 0.048888 0.27662 6.93628 0.884137 63.788 6.39142e-05 4.52726e-05 2.15401 8.62392 1.85846 3.96473 
0.0193517 0.000762859 0.000845733 0.0149276 2.01555 0.0357869 0.000344004 4.24791 0.781927 6.95139 0.313021 487.046 0.00157181 0.0155251 2.57429 9.81304 1.90385 0.599333 
5.99849e-05 1.04694 0.00676084 0.00160147 0.00764586 45.7745 2.06936e-05 0.190863 0.286794 3.38256 0.0153784 81.2969 0.000126336 2.10698e-05 4.25333 13.3161 0.872967 9.78464 
0.00589283 0.115747 5.16515e-05 0.143357 0.89812 1353 1.73849 0.710496 0.427345 160.847 7.05079 72.1607 7.60068e-05 0.000166038 1.25449 45.5877 2.26446 0.734946 
0.000190524 0.753047 0.000202001 0.0093764 0.000537666 0.142708 0.993701 1.23768 0.332805 0.312438 0.00879277 159.842 1.02771e-05 0.00692195 2.16996 38.3706 1.13165 2.10488 
0.00155169 0.0205794 9.73539 0.000299128 9.9231e-05 0.559621 0.0029738 0.0926656 0.0528324 0.417021 4.93577 24.7944 0.000414724 5.72277e-05 1.83224 28.8218 1.60695 6.3864 
0.00288455 3.50059e-05 1.54756e-05 0.000642216 2.64451e-05 9.56685 0.0011802 1.96375 0.249813 30.8167 1.98466 230.842 0.000198523 2.31509e-05 2.86468 16.3974 1.02102 2.79825 
0.00563811 0.109815 4.64661e-05 0.719393 6.28596e-05 0.0956711 0.000624554 2.17847 0.112386 184.945 4.17739 38.0028 8.39146e-05 1.58959e-05 1.03091 39.309 1.05281 3.49629 
0.52923 0.0767299 3.18441e-05 0.00376398 0.00149758 330.408 0.0279387 3.13825 0.0642264 4.48826 2.6858 121.962 0.000743518 0.00813878 3.05968 14.078 1.37094 3.7738 
8.71327 0.00500015 0.152387 2.47306 0.00544283 1.82505 0.262038 1.55662 0.00915909 0.0356524 2.24526 84.2749 9.02697e-05 0.00570473 1.38502 13.4415 1.19799 6.98475 
0.00187005 0.00102716 3.16387e-05 1.09031e-05 0.000581492 0.0232539 0.14319 1.48834 0.036615 0.466671 0.606417 233.373 0.00105945 6.37808e-05 0.94318 24.2284 2.66232 0.748934 
0.058119 1.10057 1.45938e-05 8.46911 0.145379 0.0190247 0.00103229 5.42752 0.19986 4.82613 0.592833 63.2767 2.90165e-05 1.18433e-05 1.42765 43.8425 1.74199 3.53695 
0.000465397 0.0030623 0.0009877 0.0633298 0.0127256 0.0685055 0.0414143 1.57913 0.0168374 9.58625 3.671 69.8106 2.90252e-05 0.00458171 1.06268 20.6668 1.80494 6.67098 
1.275 1.40053e-05 0.0441924 0.00759391 0.000145815 4.81146 7.71689e-05 1.48868 0.00557403 0.0436475 9.70531 229.998 0.0511756 0.21603 2.4942 38.0065 1.80516 0.480148 
1.07719e-05 0.000226804 0.0497629 5.65877e-05 0.0362634 693.209 6.60523 4.09744 0.0676652 3.66755 5.14886 296.597 0.00351041 0.000503901 1.49307 21.5469 1.45196 0.957244 
0.000616671 0.234149 0.725964 5.13122e-05 0.0045827 33.2703 0.000509254 0.402547 0.945561 305.923 0.135927 379.578 0.0369268 0.00012902 1.06172 1.94142 1.69354 8.34608 
5.70558e-05 7.24254e-05 8.59623e-05 0.00608119 0.286692 221.803 0.00012855 1.69315 0.022292 0.0710786 0.290288 271.947 0.000128574 0.0181588 0.919769 12.347 1.96823 3.42569 
0.0392591 0.555981 9.94351e-05 0.00383793 0.315418 53.9245 0.000120297 0.306745 0.736226 65.1362 0.265174 105.903 4.07118e-05 6.25998e-05 1.43286 39.9694 2.93977 0.748738 
0.632007 1.77672e-05 9.43793e-05 0.000151798 0.154762 1893.81 0.732391 1.26777 0.0691601 0.658647 0.259751 78.3293 0.000195329 0.000165482 4.26421 35.718 1.42945 1.71321 
0.104052 1.04851 0.00721925 0.000734037 0.000213079 497.696 6.15097e-05 0.186056 0.0653858 0.242069 0.0317002 21.2668 0.0887316 1.3552e-05 2.99898 31.5962 1.17095 6.12892 
0.435249 8.81798 0.424649 0.00184898 0.453857 52.4638 0.00040596 1.18317 0.0139925 4.35446 2.93873 222.008 0.0267466 1.67056e-05 0.865143 12.997 1.6566 2.26119 
0.387599 3.6244 0.000385668 2.7585e-05 8.48209e-05 0.0398897 0.0324074 0.891622 0.233908 31.1872 0.0096431 152.933 0.00518609 0.000936967 1.61702 19.897 1.67876 1.12562 
2.30405e-05 0.0103614 0.032042 0.0119908 0.01732 10.2046 0.00125783 1.71773 0.447371 1.90266 0.0913925 499.716 0.000276618 0.00248198 8.59232 6.90669 0.927489 2.23883 
0.313133 0.174695 0.000596994 1.93467e-05 8.47143 0.244541 0.285339 0.166278 0.0655923 0.0936326 0.0360926 242.982 1.12056e-05 4.84428e-05 2.73879 12.8755 1.09324 1.02862 
0.0674402 0.0156211 0.225084 0.000156767 1.64741e-05 1.62678 0.000410591 1.20093 0.0158811 0.117877 2.16229 66.6249 1.5768e-05 2.25513e-05 1.71408 32.4163 1.60996 7.27579 
0.00464784 0.772139 0.00610833 0.00198438 8.97918e-05 1011.95 0.00244225 0.485556 0.243971 0.250026 0.0186892 317.802 0.0235719 0.000539952 5.51641 16.8872 1.15166 1.36282 
5.51887 0.000664241 0.00190821 7.96641e-05 0.236472 1.78623 0.000472186 1.31669 0.202749 0.123458 0.00250807 22.7625 0.000497548 1.21043e-05 2.05159 21.0049 0.97882 8.36688 
5.91909 0.000328995 0.205553 2.15552e-05 2.63522e-05 1338.32 0.0406229 0.258574 0.0182697 2.06995 3.80679 21.6216 0.0148804 0.00476115 0.895429 33.1464 2.91871 4.05091 
0.958866 0.0154612 0.166178 9.75412 2.73013e-05 0.0671973 2.68845e-05 0.213083 0.110193 3.01361 0.186858 94.6617 1.56899e-05 0.0288254 6.85034 39.5825 1.1606 1.65283 
1.66689e-05 1.58396 0.000999625 3.96591e-05 0.000200955 424.147 4.3598e-05 0.0344593 0.00677703 0.0835975 0.743672 75.8666 0.0496709 0.000207242 8.45422 42.0089 1.08166 2.68728 
1.51996e-05 1.21725e-05 0.00955985 2.77128e-05 0.00418376 34.9863 0.000145062 0.816076 0.0320158 0.129999 0.582231 315.522 0.0577965 0.00190281 2.16912 9.0427 1.35312 9.39203 
0.0051096 4.26644e-05 0.000222102 0.0670356 0.000853653 2.91074 2.1775 6.06412 0.0894175 2.10108 3.75829 483.401 0.123049 1.29803e-05 2.16501 11.5499 1.51667 2.73787 
0.086558 3.57675e-05 1.26681 6.60587e-05 0.121006 15.3615 0.000452161 0.0826309 0.0579824 2.69109 0.782237 45.3769 0.28776 4.28098e-05 2.29013 20.3395 1.58588 6.26912 
0.00848905 0.212324 2.47311e-05 0.0022718 0.391205 0.145469 0.000795067 0.447775 0.0117584 0.0635431 1.05737 458.09 0.00014151 0.00881241 0.93417 39.92 2.85619 0.185211 
0.000541123 0.0205092 0.00102545 0.00260753 7.37957 0.185855 0.0297824 1.71996 0.444732 118.954 0.465134 72.6372 0.000245118 0.000294033 1.2785 12.0186 1.03901 4.96445 
0.110953 2.36457 0.00119139 0.000514218 0.000351914 280.384 0.0153544 0.466803 0.506376 51.522 1.41543 493.082 0.0364494 0.0282856 3.71686 1.63963 1.06798 8.56255 
0.000628978 7.69016e-05 0.000541152 0.00653981 0.000143662 2.14525 3.63721 0.443899 0.0357459 3.29562 1.45504 10.8604 0.0116075 0.00178229 1.74844 39.1966 1.55993 8.08559 
3.36308e-05 0.0397869 0.000162658 0.23722 1.51693 39.2528 0.344115 1.41636 0.136004 0.215648 0.000931171 112.038 0.00632086 9.10333e-05 1.13262 44.0117 1.55355 0.989295 
0.00065359 0.026309 5.57429e-05 5.32251 0.00107639 0.530054 0.00260192 0.405303 0.794946 7.6455 0.0365673 478.542 0.00205599 0.00541801 1.12237 10.9915 4.44953 0.767052 
9.85649e-05 5.81954 3.18122e-05 0.0674017 0.00412765 7.70642 0.149353 2.6982 0.0158789 0.198393 0.622583 357.15 0.0990284 3.15882e-05 2.65817 9.5686 1.19731 4.60129 
0.00135826 9.73738 0.00426895 1.95422e-05 0.00335553 0.350582 0.00735666 1.80072 0.0350845 0.968533 7.88657 174.861 0.0157354 0.00755445 1.04201 6.64526 2.58064 2.32145 
0.000331111 1.61628 0.000179916 0.939025 4.13454e-05 322.359 0.00201883 2.40126 0.073798 3.37793 1.4088 270.72 0.00562132 2.3718e-05 1.58408 11.0279 1.51825 4.50426 
0.000178221 0.872066 0.0196537 7.84868e-05 1.57268 7.06418 0.0153442 0.112106 0.00592024 0.0184245 1.81556 282.87 0.000481639 0.013497 1.09444 4.47649 2.94085 3.04671 
0.000132674 0.151893 0.000425749 0.00498183 0.000533475 0.196098 0.677582 0.135137 0.0247874 0.0640592 0.183089 436.292 1.02575e-05 0.00353875 4.55275 42.0463 1.41695 0.132277 
0.0287129 0.00476712 0.00421015 0.00109442 0.00105225 1140.8 0.000385027 0.603872 0.0261878 0.0613136 1.8425 163.408 4.55439e-05 0.00373152 2.9579 37.037 1.40187 0.782419 
0.00601411 0.00494783 0.457782 5.02008 0.0249701 3.01311 0.0134909 0.297757 0.0123534 0.24167 2.58778 57.9841 0.0255401 0.016565 6.7317 36.5302 1.32414 3.3595 
4.23048e-05 3.09842e-05 4.32695 2.87242 0.00807735 20.423 0.147967 0.0270704 0.0500937 1.77012 1.52569 310.988 0.000958307 0.0036055 9.91209 26.8618 1.28968 0.717106 
3.73618e-05 0.00384487 0.155725 0.0376783 0.0627621 1504.45 0.125775 0.273237 0.0865397 3.71807 1.32424 111.799 0.00014678 1.18999e-05 1.2997 9.08885 2.79901 4.43043 
0.24238 0.000923266 0.0144958 0.163404 0.00615401 1800.05 0.00193347 0.792224 0.394857 3.41969 0.0439476 377.043 1.93563 0.000340133 2.02715 6.40833 1.19721 2.05062 
2.81714e-05 0.000619683 0.364857 0.00183375 0.000677212 25.0602 0.000112515 1.06444 0.0231228 0.0109778 0.68594 493.355 1.05754e-05 0.234843 3.09838 12.4032 1.59535 1.48071 
5.96915e-05 2.84483 0.000340977 0.00011124 7.40604 25.2231 0.0105076 1.60161 0.0930843 2.97584 1.51808 245.857 0.174326 6.67422e-05 2.64989 21.6689 1.32187 0.870374 
1.81812 1.23726 0.032338 2.25578 0.0137672 0.152167 0.0237302 0.555749 0.00595453 0.0838102 8.27298 220.745 0.0482312 0.093279 1.18329 6.23502 2.80657 4.31294 
0.00733853 0.870886 4.92939e-05 0.136367 7.55594 0.619827 0.000106414 1.60584 0.0101199 0.0967232 0.776955 18.3341 0.0179257 0.00529303 0.855701 35.8815 1.62065 5.11786 
0.00607559 0.00737786 9.58841 0.0014609 0.0965978 0.0100986 0.020696 0.0812408 0.00786305 0.0272693 0.664974 38.6718 0.000622632 0.0135484 4.5861 39.0567 1.00082 3.73482 
0.000573073 0.00181576 0.00852839 2.45833 2.24893 3.79447 1.18193e-05 0.577035 0.257405 0.258891 0.0145025 69.5088 0.000286489 0.00174093 1.05507 28.1123 3.54042 3.22072 
3.76366 0.0657432 0.293171 0.00114687 1.09059e-05 286.372 0.000193992 0.486607 0.0449404 1.89766 1.78197 152.908 0.00579321 8.63138e-05 1.29371 17.5121 1.68269 2.88161 
0.0014338 0.0177396 0.000208315 0.000103731 2.2548 0.0806199 0.00755084 6.90421 0.373859 1.26807 0.100873 493.056 0.159473 0.00304862 2.31562 3.33135 1.66034 6.61247 
1.93284e-05 0.00722241 4.31968 2.55957e-05 0.000542063 43.8134 0.00130368 0.884039 0.579927 164.724 3.34544 282.152 0.00529981 0.0460301 1.31487 8.21033 1.71133 1.50711 
6.81897 5.52863 1.06552e-05 0.00323842 1.45678e-05 363.995 0.654886 0.165707 0.0955473 29.2418 0.479287 81.4094 0.00153501 0.000914964 4.67772 20.3588 1.16488 3.88036 
0.0690998 2.33856 0.000184783 5.56662 1.41234e-05 64.6782 0.000281264 1.07857 0.00941841 0.0548849 2.92977 74.9748 4.59043e-05 0.000573881 1.2477 30.4905 1.2036 1.18225 
0.260913 0.104433 0.00105433 0.0317505 1.46679e-05 169.706 4.59929 0.227985 0.0170949 0.356167 1.11255 12.9236 1.98801e-05 9.78871e-05 2.24049 41.7278 1.26818 2.88848 
0.000177835 5.85606e-05 7.52417e-05 1.64455e-05 0.223934 0.010897 0.00544202 0.231228 0.0653962 0.314663 0.360646 116.885 1.22435e-05 0.000180782 7.88287 36.1378 1.12519 1.38043 
3.10947 0.258295 3.96036 0.0499519 0.407772 51.9281 3.34859 0.031262 0.0163475 0.843994 6.53128 54.3458 0.0297963 0.0160664 4.26074 24.3819 1.05951 3.35201 
0.264623 0.0165442 0.0225519 0.000138395 2.87646e-05 457.502 3.88246 1.15757 0.324905 14.7426 0.182758 235.849 0.0242267 0.000283135 2.07415 25.967 1.4712 0.440651 
0.00521422 0.00237625 0.00379656 0.00359057 0.00176263 737.459 2.37006e-05 1.22652 0.303992 24.8666 0.054162 479.256 7.50747 0.000523567 0.954575 18.3456 3.13847 0.284987 
0.99933 0.00557891 0.280484 0.000103143 0.491709 192.084 0.00279097 3.49443 0.0832721 8.26004 0.759957 377.99 0.00458256 0.00720462 1.46368 25.8993 1.05583 3.02308 
0.0058159 3.66401e-05 3.93581e-05 0.201154 0.000192007 51.5283 0.000350936 0.124257 0.245702 32.5319 0.264274 102.132 3.80495e-05 0.00170938 1.33818 14.5602 0.948693 3.18106 
3.85495 1.02627 5.61772e-05 0.000107091 0.000287758 6.4311 0.0439058 3.02373 0.24715 0.243939 0.0494789 318.24 6.73461e-05 5.86059e-05 1.78128 16.8335 1.41358 2.29505 
0.00298006 0.014349 1.51776e-05 3.00171e-05 0.171515 1920.61 0.267668 4.2467 0.157353 0.324069 0.217044 277.347 2.19274e-05 3.83078e-05 2.92352 17.6576 1.53373 0.871152 
0.790384 0.0574759 0.000335615 0.181565 2.81372e-05 4.6778 0.000456491 2.74053 0.188968 0.100443 0.00542663 292.244 0.0187864 0.000717397 1.25987 30.6676 2.15413 0.339835 
0.00424335 1.0529e-05 0.03366 0.00014398 0.0165523 185.074 0.177162 0.397936 0.00400598 0.0176052 1.97418 312.337 0.00106197 0.0180489 4.1809 23.9173 1.34885 0.510546 
0.00447169 1.25074e-05 0.00205069 0.0119582 0.0023572 373.207 0.000361444 0.478779 0.0608721 0.222089 0.212872 410.912 0.00508636 0.00213646 1.7853 17.5258 1.30277 1.11537 
8.66215 0.199388 0.000116471 0.978422 0.820206 363.098 0.00162532 0.809743 0.00178774 0.175954 4.04032 156.737 0.00146492 0.000852279 0.982045 18.6769 2.11165 1.20348 
0.423819 0.000188356 0.00801617 0.0270921 1.02031e-05 77.1646 0.00528268 2.05468 0.521188 0.499862 0.0101036 212.324 0.0147018 0.0237753 2.16444 4.98683 1.22096 2.68613 
0.000911112 1.30811e-05 1.13689e-05 0.77052 0.0296009 27.1754 0.00100017 0.614636 0.0629532 5.47304 1.01563 29.5795 0.0417094 0.000162354 0.95079 28.701 1.57355 4.41684 
0.00557881 0.000104065 0.0997056 0.00959474 0.000112982 0.010863 0.159999 0.397145 0.668842 139.267 1.45325 244.331 1.25992 0.000286158 1.67927 9.49684 1.87299 1.18564 
0.000210003 0.0241165 1.2036 0.213652 0.00705604 747.563 3.78126 7.95042 0.522046 95.1927 0.742472 234.197 7.44332e-05 1.01718e-05 0.961924 18.5458 1.54816 5.34609 
0.000610356 0.000949663 0.0610495 1.86286e-05 8.93892 490.704 0.0471826 1.51291 0.0344169 13.941 1.00223 83.9999 0.0221787 0.00169992 3.46209 15.6845 0.964891 3.18408 
0.000563099 0.399055 0.106796 1.66748 0.00354643 551.432 0.000299256 1.29573 0.0336317 0.280545 0.595511 420.322 0.058659 0.0113247 1.8836 5.82469 1.41094 6.60147 
0.000668435 1.48752e-05 0.00450803 0.000257968 0.0742891 718.279 1.52928e-05 0.0479435 0.0793086 241.12 0.818439 43.013 0.033217 0.0184048 3.88829 19.1982 1.11657 5.08172 
4.80412e-05 0.349376 0.0256192 0.000727532 0.0029909 5.17945 0.00397524 0.404928 0.522213 1.44033 0.019969 298.047 0.0112802 0.0249667 2.56418 44.5723 1.62873 0.338505 
5.56416 0.0119811 0.000632393 1.9645 0.00317553 1850.84 1.54491e-05 0.613858 0.642946 31.6159 0.550374 206.22 0.000147074 1.02961e-05 4.30285 14.0845 1.19378 1.133 
0.00172723 2.52786 1.52182 1.77234e-05 0.00429926 2538.9 0.00050937 0.560955 0.84017 3.37119 0.0596618 149.293 0.0604635 1.60028e-05 1.64913 6.55496 1.42187 5.42874 
7.58793e-05 6.61492e-05 0.000308705 6.71515 0.0102592 0.499921 0.000203463 1.01777 0.205063 146.927 6.83947 58.605 0.425965 0.000456659 5.25468 18.957 1.10667 5.51745 
0.0019881 0.0488794 0.00429155 0.000923345 0.000652606 1.65452 0.067201 0.349253 0.0924446 5.61465 0.281764 273.177 6.04314e-05 0.0126991 1.24902 3.82825 1.6093 2.18574 
0.0973757 0.033523 9.97198e-05 0.103265 0.00086599 0.260158 0.0615885 1.90103 0.0123902 0.0536854 0.0534814 450.359 0.00046915 0.000160073 1.69525 28.5622 1.45769 0.655076 
0.000344358 2.92461e-05 0.00395107 1.13169 0.0161452 777.112 1.93057 1.27168 0.00748233 0.0152359 1.15457 365.124 3.35485e-05 0.000399735 3.50152 13.4033 1.27574 0.525573 
0.000407505 3.46589 0.00135789 0.00348729 0.000625874 110.531 0.12783 1.40906 0.0199088 1.30212 7.06072 28.2921 0.00547696 2.81731e-05 1.51481 26.9157 1.38299 2.39855 
0.00472238 0.959644 2.51858 0.0852686 0.0566037 2937.73 5.41856e-05 0.101999 0.371875 0.95905 0.0121971 51.1129 0.0130437 0.000162382 1.21312 25.154 1.31632 3.03287 
1.01983e-05 0.00735088 5.69402e-05 0.000854458 0.135486 1207.64 0.0108548 0.406676 0.0745132 0.0525683 0.0168392 184.753 0.000562004 0.0155636 1.12045 6.97411 2.3888 3.36849 
0.000275247 9.62519 0.00164975 0.434437 0.00614929 0.0327504 0.00594809 0.539301 0.00590011 0.214193 0.616527 63.8627 0.000399637 2.87088e-05 1.98248 11.5999 1.65191 5.48279 
0.000152662 0.0596698 0.000101273 2.19943e-05 0.0171994 3.71093 0.00154071 1.33068 0.694114 242.014 5.95378 93.0815 0.00294126 0.00439116 2.17996 9.32349 1.08486 3.99409 
0.18955 1.7148 6.96171e-05 0.00138694 5.86629 0.0369738 8.77387e-05 0.218719 0.00896167 0.0919641 6.48936 99.9984 0.000261845 0.000306909 2.03527 7.74392 1.17413 8.26827 
2.46773 8.60541e-05 0.0114524 3.62602e-05 0.00280273 0.0241385 0.0545524 0.376258 0.271655 15.7299 0.337475 31.9499 0.000265659 2.28219e-05 1.39845 36.9045 1.84183 2.41257 
0.00820719 1.21116e-05 0.474355 3.35715e-05 0.00394807 2796.48 0.335088 0.163071 0.286773 21.0804 0.262606 396.944 0.00365037 0.00751912 1.3674 2.22838 1.75953 7.63081 
0.84714 0.00117087 0.189269 0.000158833 4.77299 2.4814 0.00882672 1.14287 0.392126 57.3807 0.375778 48.5082 1.54469e-05 2.87762e-05 1.86817 17.9713 1.22819 6.19962 
2.28861e-05 0.635287 0.00475213 5.04771e-05 6.32923e-05 2.81091 0.000868424 3.45417 0.108336 0.0849671 0.0469253 401.392 3.85337e-05 0.0109036 2.1026 24.3354 1.14213 2.11357 
0.189978 2.07466e-05 1.57655 0.0277325 4.03504 0.271191 0.000991099 2.17431 0.244238 3.36809 0.0412069 353.969 0.0108921 0.000283621 1.3056 9.48324 1.74033 1.70004 
0.0970054 0.0273592 0.017764 0.000344712 0.000632085 0.0708448 1.47491 3.24962 0.0215978 0.402022 0.0648588 318.36 0.00142399 0.00012397 3.03559 16.1083 1.17808 0.879266 
0.00081241 0.000497315 0.72165 0.662046 0.0186239 78.9979 0.0427365 0.0460158 0.0136662 3.14429 8.00588 69.9688 1.91264e-05 0.00137291 1.45579 22.5717 1.3455 1.65962 
2.87211e-05 1.80754 1.03767e-05 0.0198902 0.363267 0.205327 1.92338e-05 2.30418 0.121069 2.23948 0.0796441 83.6359 1.26817e-05 3.47178e-05 1.30804 12.3016 1.53483 5.9222 
1.06513 0.450344 5.06123 0.176816 0.946324 13.5301 0.00370744 0.0357701 0.218035 107.422 1.28867 204.137 0.000828521 2.73021e-05 1.45954 19.442 2.12371 0.540306 
7.62837 0.131167 0.00049408 0.000425038 0.0338114 2027.67 0.000264797 0.24546 0.0388707 34.8739 5.10839 418.127 0.0148313 0.00253335 1.29638 6.05256 2.02004 1.11249 
0.0162062 0.589195 0.596823 0.00036315 0.000979513 0.976825 0.000178188 0.196993 0.348674 3.41059 0.0234706 183.05 0.00192645 0.00022691 1.94109 26.9774 1.22616 0.572062 
2.66902e-05 0.00486845 1.65471e-05 0.627178 0.000262888 265.977 0.00355091 3.09915 0.00611973 0.858462 8.32923 208.601 0.000180597 2.67835e-05 2.23447 38.9023 1.26198 0.367252 
