1.90026 0.681826 0.00350474 3.59967e-05 2.09643e-05 0.0541443 1.63416e-05 7.86575e-05 0.000812636 49.9087 0.000852429 55.6924 0.00593879 0.000312316 0.000607403 41.9438 0.939261 4.18403 
0.0468036 1.11213 0.00413847 0.0107397 2.12396e-05 13.7998 0.00469076 0.000909984 9.54543e-05 1.9518 3.64314 0.117545 0.127067 0.0868282 6.83258 30.832 1.09932 8.65494 
0.000151709 0.000203398 0.0104042 4.57825 0.0785503 345.315 4.73039 3.45984 0.00156003 0.0610711 2.67344 7.34992 2.73545e-05 0.00708788 0.395246 48.8437 3.77249 4.38832 
0.000454179 0.000413392 0.00323078 5.12267e-05 0.0217025 610.169 1.56719e-05 0.513625 1.36077e-05 0.125993 0.00765249 74.2757 0.88075 1.25645e-05 1.90149 29.7388 0.356274 1.52365 
0.274924 3.18395 0.00566112 6.79935 1.24512e-05 39.1183 0.00286949 2.93462 2.74533e-05 162.3 0.00105474 0.108376 0.221335 0.0528452 0.108082 23.7865 2.46855 2.73778 
0.261403 0.00814212 3.07012 0.0567164 0.0013982 4.35964 0.000311329 0.0151935 0.51301 0.459159 0.158395 7.40558 5.16297e-05 0.0196388 1.49431 18.52 2.42815 5.80006 
0.00012152 4.07841e-05 0.656647 0.0142877 3.46218e-05 7.04328 0.00455607 0.000131207 0.254847 389.576 0.000341368 92.331 4.68401 0.00724797 0.00210814 34.1063 1.61151 6.10607 
0.325519 0.000123019 8.86858e-05 3.732e-05 0.00084281 1713.3 5.55152e-05 0.36805 0.0668533 75.0614 0.000129215 0.0259332 0.00379477 0.000175992 3.90231e-05 47.5619 1.06767 3.606 
0.379991 0.000344192 0.00184486 0.00196436 0.129803 29.3746 0.00456882 5.11957e-05 0.663738 0.0877606 3.10131e-05 0.0599171 0.00451654 0.700382 0.677605 43.9542 5.2026 1.43016 
0.000105952 0.462464 0.000349082 0.00504456 0.05697 0.0455073 0.000332632 2.16082e-05 0.030363 2.61117 3.33423 6.33171 0.164285 0.000609036 0.418811 21.8523 1.30677 4.92016 
2.35272 0.036304 0.000863145 7.15939 0.00693972 32.9664 0.00937921 0.000754923 0.000567869 0.0133197 0.408803 0.331824 5.96478 0.0470738 2.98596 2.883 2.07139 4.76685 
0.0408557 0.0843397 0.00154098 2.2607 0.0869192 0.122089 0.0765748 0.0237189 0.0171279 1.94959 1.24919e-05 0.0119111 0.00261013 0.0180496 1.96718 45.0584 0.178643 7.03158 
0.000103727 0.00539727 0.00957331 0.264298 0.0524132 18.3339 0.00192124 0.400726 0.45906 0.036231 3.31963 37.488 4.88984 5.89711e-05 5.04248 2.18908 1.88737 7.63676 
0.000533816 4.88618 0.119313 0.0169946 0.000105463 84.7703 0.014686 0.43538 0.447302 177.021 1.62919e-05 9.71215 4.3134 0.00213928 0.10991 31.7078 0.570607 5.92645 
0.0915536 0.000291296 0.0143703 0.0126883 3.86062 0.0764785 5.62199e-05 1.14127 0.00618503 12.158 0.0452259 10.8359 5.21977 0.0422552 0.166686 19.291 1.41256 2.10792 
0.0007121 0.00019955 9.99614e-05 9.9371e-05 0.52869 4.19993 0.0657275 0.0048755 1.62706e-05 0.0127434 0.00349106 24.0618 0.000193612 0.104316 0.707779 19.5595 0.785031 3.79187 
8.93674e-05 0.0025846 0.000248725 0.0250835 0.270533 847.358 2.91662e-05 0.0879171 0.399504 0.614969 0.0961172 0.151643 0.000592797 0.0140039 0.166474 40.058 1.72384 3.09265 
0.281405 0.348827 0.373278 0.00184313 0.00862364 582.749 1.07617 3.87562 1.86887e-05 13.0966 0.0329262 8.5975 0.000679619 0.000374616 0.00191061 31.994 0.740811 6.63988 
0.00052903 1.00237 0.00159168 1.6341e-05 1.26842 302.688 0.00611295 0.00201218 0.057553 5.89639 0.000106786 0.0161452 4.82718e-05 0.0953378 0.708936 22.0796 0.606456 5.87294 
0.949063 3.91458 0.00042813 0.000127326 0.00160378 2.4783 2.0604e-05 0.451108 0.0185098 0.397172 0.0460767 0.242134 0.291979 0.213018 4.01762 18.2417 0.715829 1.0244 
0.000358942 0.0591957 0.73016 0.00205471 0.0212445 51.2303 0.54864 0.617722 0.0637158 0.0244379 0.373713 418.593 0.000402475 0.00018944 0.370887 8.22838 1.62233 1.99978 
0.331128 0.0148606 0.0437323 0.00845477 0.00400972 0.411859 0.000161628 0.318754 0.35534 0.0333514 0.261854 1.80081 0.0925828 0.493933 1.76082 7.78375 1.47198 1.39264 
0.000543633 0.000767353 0.00441189 0.00790979 0.505709 0.457092 0.00124505 0.0559025 0.000380098 0.205334 5.27349 60.5306 2.66815e-05 0.000493001 0.0523717 11.5837 4.32341 3.2091 
0.225236 0.000500619 1.901 4.36355 0.000622112 0.156915 0.187904 0.000792596 0.000449051 0.405875 0.572465 6.40122 0.116871 0.0147729 2.47922 25.353 0.287203 4.62141 
8.61409e-05 0.149454 0.00379884 0.229717 5.56855e-05 2.66895 0.188413 0.120488 6.97047e-05 61.3662 0.179796 0.203404 5.98135 0.784167 1.45341 8.37358 2.81646 4.01913 
6.04476e-05 0.000164686 0.336785 3.51954e-05 1.38629 228.92 5.09108 0.0801594 0.0386749 0.0478942 0.104429 13.9089 6.73959e-05 0.566898 2.06473 30.7089 1.94617 9.55146 
2.72861 0.00193243 4.09315 0.084979 0.026666 6.34378 3.78438e-05 0.325769 0.992687 24.0381 0.210716 8.65977 0.108844 0.0280591 5.48641 48.915 0.333786 3.48188 
1.00662 1.91898 0.00221144 0.389141 5.85115e-05 1.89378 1.2688e-05 0.267004 0.595838 2.86921 1.14317e-05 1.16355 0.236857 0.579609 2.6421 7.08853 0.57455 4.71972 
0.00899371 0.000818701 0.16527 0.271479 0.00261617 0.0986663 0.00207612 9.07008 3.33939e-05 109.125 0.000167277 4.53946 0.0319116 0.985316 2.72808 4.16512 0.757328 1.81681 
1.1778e-05 1.69889 0.000691675 0.0133502 0.534676 4.03428 0.597683 3.83336e-05 0.341973 238.893 0.00164101 0.177668 0.227416 0.0166906 0.797431 35.6879 0.385102 6.92751 
0.989468 0.000629567 4.50806 0.000256941 0.00324919 0.0256125 0.00256944 0.0422836 0.890118 107.238 0.872672 9.28724 0.661326 0.0333736 0.464995 15.6891 1.73526 1.35458 
2.93395 0.0205956 0.000278562 0.00866499 3.26488e-05 25.2782 0.555789 0.124201 0.000414193 29.0365 2.44634 0.0700431 0.000115348 0.753556 4.74521 26.7083 1.20487 0.359137 
0.0435904 0.0108378 5.9023e-05 1.40794 5.95723e-05 1445.05 0.310997 1.00102 0.000386207 0.0129331 0.654375 14.48 0.000889686 3.71085e-05 0.0815274 49.3965 4.99555 8.57802 
0.0293491 4.3291 0.020099 0.00616139 0.000196921 0.209717 0.476053 1.04807e-05 0.595167 58.5688 0.00104426 1.17453 0.127652 0.615692 0.793668 30.4394 3.38117 1.99696 
0.00128416 0.00205187 0.0492371 6.74506 1.07542 0.0297168 0.00177197 0.000127566 0.00504376 9.68127 0.0114028 0.0722224 5.72489e-05 0.0826431 0.183945 15.3222 1.62938 8.21736 
0.00192664 6.57756e-05 2.77741 0.00213104 1.05644e-05 0.0131262 0.085354 1.63035 0.197576 22.053 1.4196 335.123 0.000155708 0.237581 0.127414 25.7741 6.21696 0.666727 
0.00544156 0.00152531 0.211198 0.0040368 0.00398944 0.477408 0.0693572 3.46554e-05 0.00138998 6.20403 2.73626e-05 1.18545 0.000444071 0.269007 3.04771 23.5412 0.489118 4.03785 
0.000345135 8.85035 0.00936552 0.011308 0.000356889 4.45207 0.0959239 9.12566 0.00030184 0.367296 8.29668 47.3588 0.144007 0.362275 0.507231 35.0744 3.94205 4.54042 
0.00730066 0.0268931 0.0165616 0.640788 2.20261 1.50977 0.000200124 3.16956e-05 0.0811358 0.0871539 8.04506 0.0631871 0.0645265 0.0093557 0.544654 33.4787 1.03274 4.81649 
0.00196819 0.107646 0.251303 3.21619 0.240489 0.0270893 0.0032459 0.0402826 0.0697993 1.14106 1.30399e-05 0.398863 0.000786357 0.261032 1.02664 8.08574 1.27084 2.33911 
7.12498 0.16723 0.000785005 0.000306118 0.285724 0.0211412 2.13523e-05 0.503718 0.166949 6.69675 0.150306 0.606509 5.18508e-05 0.221433 2.45244 20.2112 1.00996 0.959756 
8.94381e-05 0.00767982 2.05723 1.10198e-05 5.93949e-05 1015.27 5.39709e-05 1.79548 0.00208008 2.13758 1.01541e-05 0.770888 0.000104209 0.130892 0.49431 35.2479 2.0566 2.38478 
0.0153632 3.97703e-05 0.00506137 0.105157 0.666182 10.1642 3.89496 1.23942e-05 0.963132 2.04831 0.00136902 148.866 3.3767e-05 0.0116634 2.74958 1.94772 2.14769 7.23534 
0.00212725 1.85568 0.00486556 0.000922102 0.000189102 0.0236201 5.9412 0.217213 0.426918 0.993918 0.0249753 13.5876 0.103612 0.00518044 7.47929 23.8244 0.510242 3.15925 
8.90463e-05 0.00011725 0.000126753 0.0641838 0.0187942 0.837317 0.0326675 0.00218352 0.000500933 0.0234288 1.7917 20.0128 0.00265395 0.0210578 3.83778 13.394 1.64212 5.73392 
3.09633 2.40938e-05 0.0270515 0.0128682 2.4134e-05 0.0830465 1.84116 0.105991 0.00352193 0.518875 0.0791391 0.330926 0.000238663 0.00908753 0.153665 32.8349 2.19414 7.95225 
0.000158057 0.016103 1.26113e-05 1.97825 0.00949515 0.0141646 2.78302 0.000817276 0.226583 329.337 2.58321e-05 1.53471 1.08269e-05 0.442862 9.93374 13.7159 0.509197 5.95149 
0.716671 0.00320847 0.0193265 0.0339749 0.134684 0.741011 0.000801674 0.00620559 0.00620855 50.4749 1.43601e-05 0.584195 0.000104466 0.154414 4.33878 47.1949 0.29597 6.70234 
0.00174643 0.00072392 0.0387687 0.00109168 0.136429 12.6242 5.48271 0.411056 0.116636 151.601 5.63566 0.0279778 0.291519 0.0770454 0.212417 14.2175 2.28012 5.94326 
0.122926 0.0551489 0.020231 0.0263602 0.0520347 1.84041 0.0131074 0.120127 0.00340808 73.0035 0.552848 107.503 0.000314545 5.08833e-05 0.0308366 35.1466 3.81539 6.54994 
7.8422 4.94204 2.02156e-05 0.0102318 5.22356 527.747 0.00017756 0.521811 0.00684988 270.719 2.95624e-05 0.637675 0.000268729 0.936186 5.22573 12.0031 1.28449 1.1238 
0.000220113 0.00386797 0.00122951 0.0328503 1.78991 4.24691 0.0399875 0.0012647 0.000170877 0.344458 0.833198 1.92646 0.000234423 0.0171873 4.66272 41.2907 0.385559 5.52104 
0.387997 8.67634 0.00254672 0.0152946 1.62399 173.967 8.37718e-05 0.727253 0.830882 0.804923 0.000447007 0.0287161 0.00192091 0.86211 9.29822 9.99201 0.485542 4.65749 
0.0012161 0.370737 0.0074304 0.0184292 0.40401 237.448 0.0305391 0.667862 0.0119135 0.842506 0.00153645 186.877 8.02311e-05 0.0594876 3.51751 45.531 0.304 2.21232 
0.0954917 1.01833 0.000313656 1.32517 3.37536e-05 237.734 0.000118902 0.00144396 0.109106 7.20361 6.17015 0.350199 2.14989e-05 0.107204 0.208991 34.6727 4.83848 5.54398 
9.73068 9.54393e-05 8.70265e-05 0.00953511 0.106292 0.013238 0.000108551 0.0654464 0.0177758 19.4113 1.09909 17.12 0.00142114 0.0520167 2.05068 21.1442 2.63647 4.17785 
1.70427 0.0583711 4.50364 0.0136155 0.122913 0.387925 0.17186 0.0190511 0.000989012 71.5153 1.86837e-05 46.6991 0.919948 0.021402 0.434042 34.5582 1.05296 1.279 
1.96258 5.61131e-05 3.5559e-05 2.16593e-05 0.042664 3.03223 0.152017 0.472604 0.000578682 0.29207 0.000578891 3.05923 3.56435 0.000265332 0.752663 27.3299 0.226815 9.4843 
3.31883 4.65453 0.00908193 0.0732922 0.00639659 1.42791 1.22106e-05 0.00213196 0.430764 36.2544 0.0276318 0.308078 0.144766 0.477649 9.96418 30.3026 0.690272 1.07347 
0.291899 0.0112941 0.000353918 2.2615 0.00441329 43.3889 1.68838 0.00171193 0.00197776 474.441 1.29317e-05 28.1788 0.000328094 0.0857997 0.997765 25.3475 1.68843 1.90413 
0.000120319 0.000676971 6.59405 0.000469155 0.000557256 1.63608 0.0560024 0.000902745 0.178971 0.0320805 0.845374 0.0311407 0.341238 0.0519784 2.09005 11.8991 0.55198 2.2991 
5.79384 0.0202028 0.0463398 1.16688 0.00101208 55.1165 0.283938 0.0514424 0.00336432 2.09646 0.00267663 0.195848 0.000398256 0.543966 0.793314 31.3742 2.31739 0.283179 
7.27921 1.46876e-05 0.000408614 0.01189 0.044899 0.012495 1.01422 4.79358 0.000386313 0.545554 0.000382897 1.20462 0.000249787 0.376267 1.11177 19.0374 2.77865 1.4852 
3.09581e-05 0.0595609 0.00627698 0.145125 0.209183 0.177111 0.00535727 2.06257 0.114266 0.0200659 0.00254058 2.646 0.203466 0.124666 0.377044 11.8791 2.22281 5.84839 
2.21716e-05 1.17384 0.00094561 0.000128927 0.000107663 16.687 0.0178555 0.75122 3.94303e-05 18.7005 0.000392508 0.749645 0.000102097 0.0680285 0.138294 46.6909 3.18761 6.54424 
5.88422e-05 0.00958921 0.000775202 1.02374e-05 0.000134423 1318.71 0.0321188 2.62883 0.00326011 1.15429 0.000357321 0.223277 0.0436038 0.0202065 0.498737 32.5737 0.755867 3.98352 
0.299689 0.457869 0.299941 0.335434 0.0623576 0.0104214 0.0024642 0.207806 0.00121676 4.9535 0.40716 2.76842 2.53605e-05 0.000409867 1.46586 37.6247 0.241926 5.27028 
0.000160161 0.00140616 0.00167041 0.627701 0.751741 20.4625 0.0217214 0.0649282 0.0140506 23.2845 0.000202809 0.302874 0.0116375 0.0455741 2.61054 19.7133 0.476431 8.92369 
3.84833e-05 0.435873 0.00139613 0.0028835 1.53794e-05 25.7463 1.8275 1.39677e-05 0.00162179 86.0168 0.26935 1.77405 1.06151e-05 0.0218634 1.89849 46.9811 1.8704 5.80921 
0.000541861 6.9956 8.727 0.0836836 1.19736e-05 0.0139825 0.000105369 0.0616268 4.01685e-05 8.76162 7.90055e-05 0.752925 0.00180693 0.0125048 4.06189 43.8481 0.49814 8.25398 
0.000242925 0.000156619 0.000700587 1.28667 7.63979 15.5742 0.00220216 2.53461e-05 4.06982e-05 4.76201 1.16703 3.29738 0.161771 0.476202 3.19618 22.2308 2.19632 2.63213 
0.0172028 0.00686069 4.46136 2.5051 0.00179169 2.08635 0.934313 0.133618 1.93606e-05 251.158 0.000625352 0.0567145 2.25258 0.394067 3.45855 6.90369 0.779275 3.68423 
0.000735125 7.95767e-05 0.000303017 1.26944e-05 0.000801382 0.09237 0.000216606 0.000325604 2.16739e-05 277.944 0.00245782 235.156 0.000940283 0.714045 3.46104 8.29744 0.819163 7.45721 
1.12165 0.00318547 0.00146559 0.0107217 0.0084781 0.137163 0.388472 3.71298 0.00425682 30.7653 0.000407633 26.8697 0.0496627 0.894209 1.67056 3.59601 1.81758 5.04623 
0.000566662 0.601955 0.00100773 0.149721 0.0125582 1924.06 0.0739316 0.00392521 0.00231616 282.627 3.13107 0.271524 0.246056 0.0250842 0.16767 14.8185 1.13966 5.57092 
0.0123949 0.00237096 0.00742319 0.250229 7.98536e-05 430.375 0.00708714 0.0349048 0.000554886 0.109644 1.24792 23.6755 1.6901 0.988866 0.860408 6.09648 3.83983 2.10398 
5.76609e-05 0.000480215 0.0504455 0.000130447 1.69515 40.4552 3.01023e-05 0.246361 0.000193023 31.4153 0.178195 275.895 0.346754 0.0264691 0.246046 42.4418 1.24839 1.47225 
0.384128 0.00162152 0.00503499 0.00362188 8.70135 0.104811 0.000755256 0.00158288 0.0597199 0.0311849 0.003056 0.317174 0.000165265 0.158992 1.21387 5.97675 0.729633 6.15535 
0.0298053 0.00134662 0.000387771 0.00240972 0.0285805 15.4946 7.94991e-05 0.000112851 0.35794 0.288956 2.95793 0.0159856 0.0012525 0.000460473 0.231414 26.8247 0.830166 8.50563 
2.16938e-05 9.41539e-05 1.11279 3.25627e-05 6.60509 475.899 0.00504231 1.23773 0.0169668 0.0137792 0.000123531 51.751 0.000278438 0.609584 3.88952 24.2094 1.69874 0.70477 
0.0155764 0.0074353 0.136399 0.00361338 0.000154708 3.39108 2.52344 0.078318 0.250709 211.7 0.00229886 1.45929 0.000124144 0.317913 0.870192 22.0167 2.18291 3.53375 
0.0150468 0.00191966 0.389764 2.98311e-05 2.78093 8.28048 0.000503335 6.14226 0.132106 0.604598 3.08219 3.62343 0.000228918 1.04485e-05 1.56507 27.7079 1.47807 8.31335 
0.00823751 1.72949 0.0432495 8.18735e-05 0.00124205 2.26917 0.0438516 8.73884 0.497527 40.4949 0.164954 71.0125 9.46718 2.1596e-05 3.54414 10.0294 0.258879 5.10855 
0.366786 0.000431624 0.01517 0.0419037 0.208225 654.206 0.000179373 0.000265398 1.17683e-05 28.5237 0.0127503 2.01121 2.87247e-05 0.199599 0.539076 35.9803 1.65118 0.45468 
0.256498 0.176795 0.000202105 8.62266 0.00170081 211.646 0.0208284 3.17412 0.0116463 0.0463142 0.00638923 0.392562 1.19185 0.000892759 0.456885 44.9324 1.40878 0.60637 
5.51199e-05 0.0583667 0.967807 0.00233335 0.126115 0.0755616 2.49381e-05 6.64377 0.00625953 5.8788 0.00377048 0.0565926 0.124797 0.395296 4.23215 5.17724 0.517826 9.32194 
0.000908162 9.30655e-05 0.0235045 5.00801 4.00532 2.34995 0.00784592 0.0133241 0.00555684 141.452 1.11296 0.326932 1.1803 0.273553 0.389259 4.83653 1.51456 2.48535 
0.00175898 0.238353 0.00339413 3.49241 0.000230938 20.5782 2.26286e-05 0.000162356 0.0277661 0.0667502 0.00103236 0.230416 5.88578 0.607958 5.43523 25.4117 0.656869 0.790155 
1.64153e-05 0.0123841 6.88535e-05 0.623559 6.07515 1199.72 0.0277425 0.00452886 0.0608675 53.0778 0.00415442 7.03266 5.53836 0.230369 1.93105 7.22427 0.38942 8.17091 
0.0160086 0.0286462 1.47157e-05 7.74601e-05 0.010788 0.0145753 1.43569e-05 0.00072867 0.209548 0.113415 4.066e-05 4.86777 1.71508e-05 0.519168 9.33339 19.4993 1.32567 3.69029 
0.0653171 0.000470738 0.036944 1.35258e-05 0.000155273 9.60608 2.06059 0.00388682 0.029152 43.7734 0.0379995 17.4825 0.000171586 0.311368 0.268571 12.7343 4.9917 5.15208 
0.0344638 0.0147555 1.06622e-05 2.51218 8.73942e-05 7.70136 0.103582 2.26208e-05 1.75091e-05 1.09505 0.553729 6.0872 1.73169 0.00594376 1.82056 9.72496 1.26907 5.25892 
0.00118611 0.0104241 7.89196 0.00273671 0.000948599 4.73921 2.63624e-05 0.043237 0.167755 3.21472 0.173933 142.379 0.00594296 0.00243548 0.401523 29.9873 1.34187 8.31085 
0.0130093 0.00167969 0.400149 1.44466 0.000267692 19.7101 0.762774 2.03652e-05 0.0320361 0.186177 0.0283028 0.0321577 0.0404672 0.0348369 1.58863 25.1314 0.542967 8.96083 
0.000443974 6.1418 0.0370471 0.691005 0.262706 0.0437415 0.00498114 2.22621 0.14539 316.95 0.0822406 1.06994 7.13619e-05 0.0715018 1.83176 35.1216 0.258906 6.23708 
0.00866803 0.000303135 0.0003186 2.95919e-05 0.0804664 97.617 2.89715 0.0202185 0.00462201 343.407 0.34265 169.614 2.83291e-05 0.368744 1.0749 31.4094 7.55597 9.72332 
0.00178233 0.564292 0.0206135 1.9811e-05 0.299096 0.0164315 0.00301643 6.84413e-05 0.0106916 0.117072 0.395758 0.0165042 5.10405e-05 0.0635973 0.466708 39.3116 1.03648 1.95228 
0.000177728 0.016429 0.0019186 1.58893 0.0299957 670.691 7.74298 0.00344487 0.000486661 0.0224182 0.00017973 4.53275 0.0130948 0.542815 7.80452 16.2078 1.25301 5.54294 
0.767052 0.00251098 0.384056 0.000218973 0.0807941 207.24 0.219077 0.324606 0.00510825 11.133 0.342794 79.3414 1.47764 0.208782 1.08307 30.495 4.22723 2.94256 
0.000466453 0.000468508 1.0069e-05 0.00331163 0.213752 594.633 0.000278523 1.1259 0.00241431 0.0401195 0.0269363 4.66414 2.91993 0.0020141 0.934697 7.446 1.723 7.29975 
0.0267362 0.134506 3.42844 0.394352 0.00208186 702.01 2.84887 4.49644e-05 0.00619241 323.583 0.00749429 13.3179 0.0015656 0.376516 3.11924 34.5348 1.61305 0.650833 
2.34871e-05 0.00795995 3.92124e-05 1.74071e-05 0.035534 170.805 0.719621 0.00235105 6.27277e-05 8.74959 4.19558 0.0123849 0.352917 0.096187 2.85559 38.7203 0.567677 2.7162 
0.00457218 3.53858 0.00392387 0.505777 4.97145e-05 0.950279 8.02163e-05 8.47055 0.00163185 0.203196 0.114701 0.0190712 0.141611 0.0823298 1.11198 37.0705 1.2023 1.39058 
0.00206998 0.000611832 0.0132752 0.00130075 0.259204 737.047 0.000591176 2.8455 2.72686e-05 3.32125 0.445004 0.541667 0.00013888 0.877592 1.0074 4.61609 1.40747 1.31132 
0.000210043 0.00264189 3.52869e-05 0.00169929 5.20147e-05 0.33816 0.00406307 4.1012 1.76642e-05 1.85617 0.000600282 2.43521 0.000252761 0.893998 1.22358 2.39996 1.67716 6.10617 
0.0867768 0.00791397 0.00665469 0.0124928 0.76435 120.49 0.0655888 0.0224159 0.0597147 3.03351 0.0220064 2.41545 0.000841894 0.282683 0.68176 21.3827 2.62326 8.74563 
0.0817409 0.000599929 5.13798 0.00221965 0.000710549 1216.9 1.77395e-05 0.00402918 0.543912 0.0761289 0.00105863 13.6569 0.000274142 0.47571 1.73689 9.75677 1.36657 1.54687 
0.689702 0.0202119 2.09327e-05 1.0646e-05 0.0096254 2408.73 0.000716416 4.51805 0.000837822 0.0320872 1.73833e-05 0.0642874 0.0554161 0.0145399 0.151512 20.694 0.658607 6.60931 
7.19837e-05 3.66571 0.305971 0.0001126 0.000590453 1.28159 0.0167918 6.25652e-05 0.00261639 37.4985 5.61675e-05 53.1431 0.603957 0.0569655 0.806846 27.1446 0.56949 3.54579 
0.0158565 0.00211943 1.1323e-05 0.0231287 2.70375e-05 0.0468298 0.0123101 2.49677e-05 0.00293673 0.807304 2.04577 0.106073 2.05958e-05 0.150889 2.19678 31.3613 1.15638 1.12899 
1.49234e-05 8.43069e-05 0.00427933 1.34798 0.0457917 169.45 4.39979e-05 0.0130444 0.0770151 0.189508 0.000124734 0.0124003 0.011768 0.0270728 0.208259 37.6446 1.23327 1.59516 
0.0304552 0.0391698 0.000339477 1.37095 0.00208492 149.919 0.000499482 1.29636e-05 0.29676 72.7134 4.02972 0.0844745 0.165324 0.290997 1.29497 11.7577 0.920975 2.38022 
3.53239 0.0621515 0.0136938 0.000530067 5.48532 3.35883 0.00110102 0.885615 0.0539155 60.6182 0.176025 1.08699 3.72211 0.154351 0.319347 48.1756 3.19861 0.900593 
0.485364 0.000276455 6.29695e-05 0.00109473 1.57553 0.840635 1.86357 0.0287452 0.00144324 20.8325 0.00392157 0.0559451 0.00893401 0.503548 0.931479 4.53231 1.22627 1.52707 
0.414352 0.000682001 0.189151 0.104077 2.97403e-05 0.0446554 0.00753596 2.15844 0.000731814 3.03245 3.23292 43.352 0.00836756 0.20957 0.139331 15.4042 5.62913 7.24581 
2.99789 0.000365684 7.19077e-05 2.32339e-05 0.0135604 514.332 0.00107177 1.19562 0.000414717 0.164885 2.19807 5.75675 0.000508454 0.765235 1.4365 35.4131 8.31702 8.33217 
2.3102e-05 0.000112419 9.1836e-05 0.00196899 1.71062e-05 0.0912239 5.33182e-05 0.0610211 0.0503051 0.859698 0.000392053 0.0151603 0.00657976 0.865911 2.92533 3.07792 0.640325 4.03102 
3.4492e-05 0.00547607 4.22436e-05 0.00200474 0.00394024 0.071183 0.226064 4.04638 0.0591771 0.181515 0.000519107 0.0482512 0.000136384 0.0300242 3.74586 36.2707 0.455822 5.16347 
0.00508308 8.58017 2.83049 0.00961749 0.00269651 12.2376 0.00894722 0.000767254 2.69297e-05 13.1399 1.76828 178.301 0.537324 2.21269e-05 0.866101 43.0481 0.335151 3.35011 
0.01544 2.58398 0.00497006 0.474992 6.02367 580.113 0.000264128 7.12689e-05 0.00766916 0.0204882 4.45172e-05 0.0530673 0.184294 0.289688 0.36823 26.0645 4.04238 1.5366 
0.0352628 2.85631 0.0370713 0.617867 3.02281e-05 0.0572183 0.00150449 0.778477 0.000101296 0.134704 1.02783e-05 1.22216 0.0851803 0.700121 0.662403 5.02912 2.72545 6.15365 
1.42623e-05 0.0015982 0.000330799 0.000463705 0.00447576 70.7131 0.122319 1.82018 0.0166196 0.141157 7.63823 0.0302459 0.145119 4.99926e-05 2.53948 15.2331 0.919379 4.22185 
0.000156227 6.33331 8.97574 0.0259132 2.29558e-05 81.9724 0.000466816 0.00218278 5.15215e-05 54.1478 0.00176322 10.1212 0.241689 0.0337686 0.266578 49.1596 1.08629 4.02531 
4.40174e-05 0.000180396 3.16089e-05 6.98327 8.65705e-05 104.232 0.000163492 4.75517 1.30697e-05 2.47235 0.996126 0.827301 0.0667193 0.022097 3.81325 29.5056 0.430076 9.23349 
0.580856 0.164105 0.00261294 0.577574 0.0491915 122.085 0.0013546 4.30902e-05 0.000158165 66.7452 0.00201809 4.6558 0.00040882 0.344298 3.32746 35.8263 1.53426 1.21342 
0.0713022 0.365524 0.000397695 7.36937 0.0133431 621.713 9.93705e-05 8.55915 0.118577 0.0307086 2.66669e-05 3.35846 0.0107721 0.323137 6.60807 44.5374 1.8916 2.00318 
1.872e-05 0.000453645 0.000146157 0.00908737 0.000411982 0.0542294 2.71644 0.00126201 0.122886 0.0632644 0.10466 0.104338 7.77702 0.0293614 3.89294 4.12379 1.01798 3.29233 
0.00438122 3.30436e-05 0.0256834 1.96167e-05 0.000206121 0.111934 0.00147086 2.34543 3.62826e-05 11.0605 0.00230386 0.0528045 0.000548186 0.315976 0.967462 13.7722 1.57841 2.10126 
0.00293942 5.02567e-05 5.55193 0.0461841 8.05465 1.1152 0.0264156 2.81871 0.340991 0.69155 0.0364079 167.989 0.189046 2.69627e-05 0.163089 29.5503 2.06271 1.66341 
2.97924 0.000105027 1.97451e-05 0.0662632 9.30161 227.606 0.137394 3.7174e-05 4.89547e-05 0.1062 1.11262 8.16784 0.00594314 0.0132747 0.893131 44.8801 1.92535 4.48205 
0.494496 0.263769 0.0550551 0.00549509 0.0120541 0.0504378 0.000787694 0.000797392 0.000424433 37.9904 8.14144 1.21794 0.000972165 0.0387108 1.68885 32.9337 0.253404 8.59235 
3.23964e-05 5.19802e-05 0.281747 0.00442327 0.00195089 1045.36 0.20533 0.986268 0.0870887 0.0329174 0.235933 0.0258415 2.56689e-05 0.432444 1.08726 6.07766 1.21789 6.64043 
0.000471626 0.000339968 4.3062e-05 0.00199539 0.00021377 12.6596 0.0809592 0.000162743 0.0051574 89.1045 0.621242 0.0280081 0.908033 0.13504 2.0275 8.20443 0.537819 8.4138 
0.000269868 0.0660578 0.00711782 0.0336872 0.0660649 74.7392 0.731987 0.584304 0.000650406 0.179514 3.50988 4.73747 0.028701 0.0823584 0.968115 48.2945 0.3449 6.99481 
0.00929594 0.000139547 3.18113e-05 1.31031 0.0149028 0.0837048 0.00231706 0.000136032 2.34842e-05 165.014 0.00256659 61.3981 0.0149284 0.928356 1.14498 4.31555 1.28103 2.47613 
0.00395616 0.000695145 0.000200405 0.00127683 0.0395565 2392.98 0.42432 0.000370054 0.00816715 0.411951 0.215053 94.5355 2.97912e-05 0.0402305 4.38445 10.0396 3.26085 4.34757 
8.41661e-05 1.56145 4.1687 0.000941583 0.280528 498.672 0.0108519 0.265822 0.0778972 0.0118783 0.130189 74.0971 5.91239e-05 0.160861 8.10521 8.34778 0.544732 3.08492 
0.000101174 0.0487671 0.00165937 0.000776558 0.00735994 9.71868 0.119052 5.32811 0.00319665 0.0418859 0.000183405 4.3867 0.133951 0.825415 1.51154 3.65067 1.4687 4.95492 
0.028848 0.672617 2.04887e-05 0.00157585 0.275731 0.0282021 0.0258632 0.00173041 0.539878 0.571254 1.41834 0.0988384 5.78105 0.267898 8.09664 8.27192 0.735136 1.40166 
0.00308312 0.00455478 0.00153135 8.65 0.119498 0.337581 0.00799795 0.134993 0.00044518 1.05417 0.0808807 8.2427 0.0080188 0.187987 4.80075 25.2756 0.399944 7.01805 
0.11709 0.000286329 8.75367e-05 3.26059e-05 0.000870521 3.54315 1.0639 0.000300199 0.112391 0.971051 0.000116785 0.508784 0.001461 0.500657 1.46397 8.1404 1.12946 4.30006 
0.0415213 4.16247e-05 2.43466e-05 5.07525e-05 1.01131 14.8421 0.0115831 7.82323e-05 0.00110825 0.0980085 0.0017942 12.5968 2.66737 0.590888 3.47724 7.43914 1.36577 5.50205 
0.506688 1.03379e-05 9.55859 3.88702 0.000496677 2.69522 0.00261485 2.8511e-05 0.000169896 28.7945 0.00259058 54.2347 0.00272823 0.0704546 0.371016 38.0206 3.04561 2.88415 
8.28353e-05 0.0297368 0.00512559 5.05316 0.000492486 461.183 1.94246e-05 0.0242485 0.000193188 0.311676 0.261542 0.384923 0.0122822 0.924941 0.953645 1.61549 1.02995 9.19714 
0.145085 2.55471 0.845024 0.0219289 3.06396 2728.24 1.38708e-05 5.13123 0.983042 0.0535304 0.0968908 0.853186 3.63161e-05 0.305858 0.92972 47.4725 2.72488 6.15872 
7.15538e-05 1.75613 0.0105533 0.00853758 0.0687281 0.107603 5.07369e-05 0.000288084 1.10908e-05 55.0968 7.77267e-05 312.781 0.0236867 0.317164 2.19602 16.7029 3.5449 9.44503 
1.12638e-05 3.94278 5.43769 0.0025181 2.94254e-05 3.484 3.89589e-05 0.879977 0.000293083 13.0528 2.77004 0.688931 0.21405 0.20508 0.806451 14.1209 1.57578 1.97556 
0.000897404 1.7206e-05 1.58073e-05 1.22966e-05 0.00688522 75.0346 0.155655 6.55763e-05 0.0284398 0.515672 2.09807e-05 0.263074 0.230615 0.0682963 0.57611 46.5194 0.840414 2.94398 
1.94545e-05 0.0135953 0.112471 0.000189165 0.00011885 230.26 3.06991 8.68063e-05 0.00979149 1.43643 1.90959e-05 3.52631 1.81158 0.169013 5.23812 17.8217 0.55677 5.52881 
0.000324695 0.000368852 0.0652062 0.00125528 7.92272 745.811 5.6825e-05 0.0566151 0.0101119 0.198141 0.0552838 7.69714 0.729575 0.00339493 0.192143 12.9318 1.7461 6.63214 
0.0194404 0.000212166 0.0574953 7.4046 0.0209855 223.074 3.2987e-05 0.00011506 3.33612e-05 10.4355 0.1921 1.37153 2.86159e-05 0.0388596 0.644687 14.2398 0.53955 6.99626 
0.00746588 7.83883 0.363626 0.187241 0.00065376 1.33407 0.291057 3.49167 0.00118027 9.62628 0.177963 488.229 0.392631 0.399929 2.37526 6.28082 0.64065 2.84298 
1.41093 1.2273 0.00155447 1.60094 0.00075484 0.260482 8.07759 0.430536 0.268499 8.35848 0.000546106 2.35392 0.0693848 0.824909 3.11206 4.47901 1.50166 6.64462 
2.85557e-05 0.000546883 0.00659646 0.000802105 1.32941 546.265 0.412699 0.130893 0.33647 0.0327466 0.0167001 0.613644 0.00456311 0.000182969 0.550589 40.8122 0.355572 3.95904 
0.00804556 0.00126631 5.73352 0.486417 5.49548 2.65073 1.63313 1.08803 0.0364786 1.51429 1.28806 196.383 3.12018e-05 0.000764065 0.271858 27.605 8.48006 1.2316 
0.00125168 2.79383 5.65509e-05 0.488803 0.000622133 71.5211 0.000208612 0.00107772 4.26455e-05 406.522 2.74979e-05 63.2192 0.00777981 0.00383966 0.621501 46.7395 0.360165 6.6057 
0.0467591 0.000459075 0.000540994 0.018439 0.000439209 0.252559 3.29597 0.109964 0.0694022 274.915 0.00956498 0.0509952 0.00013073 0.0236162 5.28041 39.3186 0.779193 9.78108 
2.21288e-05 0.000124062 7.63803 0.0775439 6.83037 366.317 1.53335 0.0145193 0.102469 0.340934 0.00158505 73.448 0.000171794 0.00299944 4.64834 8.74466 2.14777 8.95307 
0.00683885 0.145739 3.758 0.00491053 0.000287175 2.59136 1.23453 1.712 0.108458 23.5323 0.247815 0.0176402 0.000511674 0.00756641 0.904414 37.8296 0.844249 7.40973 
0.00451508 0.000133288 1.40931e-05 1.85435e-05 0.000138332 0.0181461 0.00589523 2.72712 0.0960207 0.111671 6.28899 93.5637 1.35117 0.0154003 0.512001 9.20181 8.29054 3.18726 
0.432277 0.0736568 1.33467e-05 0.146805 0.00906278 0.263243 2.94777e-05 4.62568e-05 5.86284e-05 2.85696 0.00121877 0.645255 2.47644e-05 0.832895 1.61872 32.513 3.95885 1.13478 
0.00011665 0.00462048 2.71855e-05 0.000210511 1.54396 0.101074 0.00143658 0.354083 1.96428e-05 8.44416 0.000293212 0.0117698 0.994564 0.785613 5.20136 5.89501 0.668861 3.45235 
0.00148979 0.00028968 6.08025 6.32776e-05 0.000124607 148.619 0.17729 0.373335 0.717586 85.1838 0.0296315 0.0231681 6.51264 0.00112816 0.384745 40.3521 0.389036 7.10963 
0.000429277 1.27655 0.00164995 0.443409 8.53244e-05 180.405 0.221578 3.19414 0.0192988 0.519931 4.62903 0.705181 3.29668 0.000547678 2.89101 19.5929 2.18325 1.41687 
2.69566 9.12989e-05 3.8261e-05 4.67539 0.0058364 2077.7 1.9351e-05 0.000653063 0.0153757 1.56595 1.14763 1.29587 0.671871 0.0257317 5.59504 22.4256 0.631117 7.25328 
0.0512205 0.180493 3.60525e-05 0.00287245 3.28855e-05 28.0949 0.0537021 0.00135006 1.38666e-05 0.036771 0.000616019 0.0753703 0.00142732 0.0644648 1.90057 29.0873 0.722463 1.64799 
0.00508847 0.000114709 0.00174952 3.15532 0.0294167 1401.41 1.70056e-05 5.49038 2.47069e-05 7.67424 0.0212546 321.204 2.6886e-05 0.10784 0.571151 41.4827 1.70546 1.71051 
5.2978 5.01764 0.00397438 0.000642487 0.485701 7.91392 6.34863e-05 0.000197121 0.7163 0.084621 0.000208053 40.2283 0.0192646 0.125856 0.246677 49.6606 6.47988 4.63172 
4.86482e-05 0.0126042 0.0256139 0.0208719 0.0702638 0.0196262 0.00797072 0.0129922 0.000263975 1.82894 0.000219722 0.511932 0.00651758 0.00651851 0.0710424 27.975 1.06975 9.93901 
0.00355752 0.00551715 1.8308e-05 0.00118884 0.187579 526.085 4.83587 0.000341974 0.000363066 0.0335343 1.30987 29.2306 0.0329337 0.012319 2.04626 15.5546 1.93346 1.64279 
0.000566521 0.0139923 4.41319e-05 3.44273e-05 0.000769655 0.120104 0.0761896 0.000912305 4.01801e-05 0.813008 0.00158739 0.0764993 0.496387 0.785607 3.9126 15.572 1.73948 1.387 
0.00333295 0.000103814 1.46504e-05 0.0844735 7.99305 239.658 0.481766 0.66011 0.0245564 63.5293 0.00011111 0.308163 6.61291 0.925484 3.26314 23.0918 1.94103 3.87425 
0.304748 1.64371 0.000240943 0.952966 2.29112 0.026005 0.129793 1.09518e-05 0.000222338 22.5104 7.91678e-05 12.2157 1.55825e-05 0.620981 4.14249 6.72466 1.29651 9.02519 
0.373163 0.282943 2.05819 0.0437509 0.034019 0.0154525 1.69809 0.0266502 0.0080065 180.108 9.15382 13.3781 4.35748 0.830665 1.96161 23.2143 3.29729 3.0116 
0.00665284 5.96226 2.93444e-05 0.00399006 0.0170452 0.167685 1.25982 0.438887 0.000562559 0.0891333 0.0112727 0.0112392 2.92679 0.00147599 0.267994 38.2039 4.32479 5.71116 
0.00654691 4.65538 0.00129755 0.566421 0.000114075 0.130523 3.92076e-05 9.69171 0.0806352 0.0524679 0.00019811 0.0637427 4.85541e-05 0.385927 5.88125 26.0903 0.753696 1.23588 
8.1956e-05 0.00127126 0.229663 6.60021 0.0232309 0.118951 0.0101342 1.66521 0.198482 0.0145484 0.0443316 82.2879 1.51939e-05 0.347815 2.87992 12.8272 8.38132 9.03853 
2.60566e-05 0.118458 3.0714e-05 1.52062e-05 1.39461 143.621 0.030518 0.0887332 9.86737e-05 6.47097 0.000939482 13.8676 0.673032 0.294628 7.09844 49.4615 0.550581 3.40413 
8.45247 0.0597079 4.78504e-05 0.00131434 0.0578306 57.9237 0.681628 0.155298 0.000352136 1.76244 0.0211473 0.128456 3.03489 0.239407 3.00473 34.9289 0.771163 1.94062 
0.000606605 0.000721051 0.0630236 0.0685082 0.254164 190.178 3.87055e-05 0.0121651 1.68828e-05 91.3907 8.99964e-05 0.0691675 0.503598 0.0388719 0.300918 24.2752 1.98186 3.1255 
0.000144948 0.428395 6.32684e-05 0.0025919 0.0168898 0.29291 0.0806615 6.82741 0.306657 8.57509 0.288039 251.561 0.00500588 0.00871732 8.74907 16.7591 0.218876 5.51733 
0.425822 0.000663701 0.043654 0.998442 0.000312683 104.655 0.000366577 0.000809031 0.782417 361.997 0.468226 0.515108 1.0935 0.299621 2.15242 17.092 1.33253 2.18668 
0.00128793 0.00127847 0.000769854 1.59422e-05 0.63805 97.5012 0.00214375 1.1718 0.000184384 17.7869 0.0135007 128.004 0.0308861 0.284348 1.95327 24.7516 1.08719 0.641201 
2.93023e-05 0.00286692 0.00192748 0.00259409 0.313805 2.00287 1.18724 1.34641e-05 0.000881752 0.268609 0.000454404 0.0371423 0.000611064 0.605075 0.551995 47.1531 9.17242 2.4487 
0.000101933 0.573345 0.00596956 1.27401e-05 0.00032094 5.85394 2.66218e-05 2.61483e-05 0.000475494 0.792021 0.164047 0.771784 0.000273432 0.0843083 0.728577 19.9601 1.95512 7.72702 
0.0632004 7.09166 0.437174 0.000233748 0.00189064 80.3043 0.0840414 6.65358 0.319604 0.176858 0.00321474 0.113136 0.0072696 0.0155874 0.0107859 47.6529 3.14361 9.45685 
8.97066e-05 0.000397865 0.0789114 0.000543587 0.940991 1.66901 0.00626778 5.38586e-05 0.0448881 0.0250159 0.0287578 0.987803 0.0633748 0.0140439 0.871593 34.9917 0.336075 7.9625 
0.00901775 0.293573 0.107961 0.041527 8.7205 11.5801 0.000432267 0.00610307 0.207185 171.532 0.00184442 0.169092 0.000636045 0.032661 0.457693 31.971 0.651512 8.18654 
0.000152866 1.76765e-05 0.961461 0.000175109 0.000740666 0.290973 1.84031 0.000142792 0.00758514 5.03151 2.1349 1.84711 2.49553 0.000104512 0.703853 8.59097 1.61621 3.83929 
0.170919 0.552379 0.00915053 7.71686 0.00235231 0.0245811 3.49411e-05 0.00655626 1.02657e-05 1.6024 5.94498 39.1465 0.0025391 0.193597 3.61598 17.6221 0.704242 2.24416 
5.82949e-05 0.00211865 0.000681914 0.0077624 0.457122 0.0147318 2.96203 0.00972924 0.0102709 1.65342 2.22169e-05 24.0118 1.72055e-05 0.051569 0.317222 18.5745 1.56454 6.30636 
5.49273 0.00666705 8.57637 0.164175 3.90276 1.54429 0.00018333 0.000235541 0.0368771 2.49913 0.00302191 0.971502 1.41647 0.368692 8.78611 48.7773 0.62623 5.25776 
0.869501 0.000248894 0.00843093 0.0193432 0.487313 836.901 0.0652816 0.00952175 0.000553394 0.575823 1.96607e-05 0.233558 2.49398e-05 0.0832815 0.300786 22.8312 2.12294 2.34039 
0.000951657 0.0276023 3.32529e-05 0.000113855 2.11946e-05 850.216 0.447568 7.43021e-05 0.00173551 0.0230724 1.26389 0.0611 0.00223375 0.217215 0.220539 38.309 2.65141 1.15056 
0.211546 0.0140714 0.0478172 1.80524 0.0193051 15.022 9.40356e-05 2.26886 0.0593675 0.012717 0.105448 61.7171 1.84453e-05 3.76164e-05 0.17604 26.7654 3.2247 6.41898 
0.000995949 5.93985e-05 0.000574428 0.0266429 0.000656486 0.830645 1.2318e-05 1.15807e-05 0.00158714 0.443977 1.67486 3.79551 0.0010863 0.00326783 1.68307 41.5644 2.5872 5.77818 
0.0257854 2.72146e-05 0.741323 0.0719234 0.840358 2.20114 1.71387e-05 0.0675527 0.0015242 24.0136 2.38751 51.3221 5.78398e-05 0.158053 0.638674 10.2877 1.28088 6.41938 
0.00350938 0.015197 4.96911 0.0213235 0.0017244 0.380143 0.000466164 2.92882 3.07258e-05 6.70423 0.0012216 0.118145 0.000673661 0.0539823 3.11214 40.2391 0.995545 3.60077 
1.45219e-05 0.0123267 4.74175e-05 0.157038 0.0958431 11.3917 0.170255 0.818895 1.32782e-05 0.0213088 0.00180114 51.1634 0.00152415 0.411545 1.37332 39.8971 2.42458 2.9283 
3.15811 5.32584 0.0235424 0.136377 0.0971758 12.0158 0.500261 4.47081 0.000682631 108.529 0.531688 40.2498 6.52411 1.01078e-05 3.17218 37.4299 0.243906 9.38841 
0.307413 5.87482e-05 0.518273 0.00039143 0.000263221 30.4346 3.20611 0.0478668 0.0188446 0.0394769 0.0617901 0.0428484 0.316519 0.0848901 0.915243 22.2 0.623145 2.81529 
0.00334015 0.000475219 0.288343 0.0386807 1.46234e-05 0.0422658 0.00862608 0.0093453 0.000167495 11.1765 0.00575172 14.0244 0.153326 0.426194 5.27663 21.0803 2.20642 4.50005 
1.86874e-05 2.34915 1.52061 0.000308027 0.0243524 0.0823865 0.271769 0.843036 0.0262935 1.60099 1.37949 45.9201 0.00896929 2.63798e-05 2.13483 26.7128 2.58167 0.83615 
0.000904008 0.00261925 1.04542 0.149718 0.00042895 0.0533764 0.00240671 0.000484604 3.16962e-05 275.935 4.00942 44.5495 0.0112112 0.0318575 2.34374 27.6098 0.393003 6.52241 
1.12179e-05 0.315083 0.00458014 1.15087 2.11839 0.43963 0.0002995 0.000361818 9.367e-05 0.0457848 0.00282072 43.6595 0.0146522 0.502086 7.61246 40.0609 0.880782 6.25638 
0.00553753 0.000191935 6.76363e-05 5.86126e-05 0.257945 95.3526 0.000479494 0.125018 1.60944e-05 7.35449 0.0019474 0.557719 0.000709071 0.163844 0.493094 25.1195 2.15699 4.68093 
0.0194598 0.226767 0.0283506 0.000630142 6.73169e-05 0.269654 0.0123212 0.000197022 0.00167872 1.3774 0.000692538 0.398815 5.06107 0.000500493 0.0940944 47.3794 1.37329 7.76724 
0.679445 0.000345308 0.000929292 0.121624 2.93918 0.258748 0.129261 0.000184266 0.000366352 34.788 0.0616772 1.00208 0.0855468 0.427814 6.08362 16.3251 1.43211 5.42434 
7.23706e-05 4.13844e-05 0.543109 0.0271242 6.7118e-05 4.04164 5.15048e-05 0.000172082 0.00227122 0.133418 0.0694805 1.12394 0.000376246 0.00364175 1.49914 39.6063 0.278516 9.42433 
0.00231998 0.0149897 0.0123401 0.0127946 0.000869512 32.6572 0.0336506 0.483899 0.0432742 0.0438575 1.93541 37.3834 1.35729e-05 0.00358556 7.25594 18.3397 0.284053 2.35699 
0.000501079 0.000307068 6.26575 0.000284329 2.99315e-05 7.36703 0.0163635 0.00176169 0.111323 0.0280624 0.286409 0.131263 0.0270566 6.78383e-05 7.64195 48.0393 0.314415 7.18151 
0.168916 2.50662e-05 0.135472 0.000778177 0.000209667 1192.23 1.73257 0.207458 0.0805802 4.27759 0.143358 18.1596 0.0742921 1.05539e-05 2.07467 12.8318 1.54537 7.36152 
0.0431173 0.0491098 0.0738779 0.191734 0.686384 1463.26 0.00013568 3.27266 0.121066 2.5588 0.0299793 301.786 3.22258e-05 0.0107181 1.5368 10.2779 2.94167 0.946684 
0.00518665 0.000210192 0.0630659 1.49074e-05 9.69584e-05 8.79454 3.45778 4.04364 5.39912e-05 17.7929 0.00958433 0.342688 0.0052678 0.163176 1.31942 47.144 2.54618 1.79049 
0.116073 0.000161625 0.00168916 0.00178954 0.640724 190.085 0.000356901 7.47982e-05 2.42645e-05 110.376 0.254775 6.71472 0.0388468 0.180996 4.00849 29.9933 1.69353 3.40991 
5.11749 0.104734 0.130796 7.02646 9.39384e-05 0.494051 1.52182e-05 0.000124706 0.00353859 45.1549 0.00353818 322.938 0.0275229 0.482823 1.0119 11.4396 2.93413 2.78696 
0.587539 2.23964 0.0267076 7.79292 1.61674 36.9454 0.000507986 2.39286e-05 6.6213e-05 0.132463 0.0177146 4.38181 0.000158684 0.137606 0.366321 12.0324 1.57849 8.971 
0.0246803 0.0443144 0.00726609 0.172918 0.137839 0.268414 0.742012 0.00137646 0.320931 2.02861 0.169259 6.29582 0.00812081 0.185263 2.50355 16.6226 1.07645 6.40055 
1.27207e-05 1.66998e-05 0.733985 0.00187762 0.805993 0.942911 0.538224 0.515117 0.00870625 5.42287 0.294083 0.474951 4.58592 0.000292044 1.65855 24.1595 2.90661 3.3749 
0.563185 0.00305616 0.00011178 0.0179522 0.182562 2.50828 0.0682859 0.343396 0.574413 127.48 1.20928 0.543947 1.20997e-05 0.121146 0.506808 8.8603 1.3742 6.91698 
0.0197759 1.46893 0.0003729 8.28967 1.30138 2685.39 0.772968 0.00038404 0.00364767 0.179287 0.109273 0.0100042 0.000462572 0.0202241 1.99246 35.281 0.905135 9.66602 
0.515311 0.0111948 3.86912 9.58334e-05 0.881044 184.847 0.00142272 0.0246254 4.99831e-05 261.677 0.106613 1.18475 0.42979 0.00873054 0.544451 43.0782 1.49863 9.99124 
0.000775023 0.000191312 0.270804 1.17733e-05 0.000299917 1571.84 1.57548e-05 7.14858 0.46304 2.33335 2.62963 0.417883 0.0294843 0.620011 0.660515 16.5439 3.4238 1.40966 
0.000691888 0.0342226 2.5455e-05 0.0360127 9.71122e-05 29.7294 4.39675 2.39629 0.209473 0.0168116 0.000935787 485.724 0.00376091 0.0880313 1.15516 18.2731 1.6671 1.34425 
2.82716 0.0438165 0.000111006 0.00405914 3.45002 0.0142888 4.19203e-05 0.00155682 0.000511585 2.72289 0.0552836 0.032302 0.00459027 0.0271931 0.29854 29.1476 1.36439 2.53956 
2.78522 0.104812 0.00245034 9.37039 0.00260283 0.907898 3.81727 0.034243 1.5184e-05 55.6304 0.000834562 9.74277 0.0628919 0.28348 0.952513 12.0393 1.68697 1.91586 
1.25588 0.374423 0.0264779 0.0195903 0.0580209 481.558 7.31873e-05 0.196915 0.191515 2.87624 3.04617 0.0104505 3.48329 0.803965 1.90706 15.1268 5.85962 4.11042 
0.000177881 0.00892746 4.97816 0.00475134 0.00102248 11.0409 0.034938 1.12423 0.0739118 40.1823 0.000273726 93.473 6.10066e-05 0.0735711 1.30225 25.7486 2.30693 8.23313 
0.00585931 1.24481 3.4006 0.108772 0.000255307 0.855791 2.32518e-05 1.52283e-05 2.50943e-05 141.088 1.11454e-05 0.0862818 0.00152899 0.326727 1.96272 12.3456 0.748356 5.8613 
0.00154209 0.000758058 0.000250568 1.69323 0.00184233 0.0197626 1.28864e-05 0.000327876 0.0741281 6.53521 0.00188786 16.287 0.000309896 0.26673 1.93563 7.7966 0.708692 4.88964 
0.00521379 3.64142 0.0348469 1.65822 0.733252 1.18226 0.0479579 0.00110134 3.04325e-05 0.579056 0.000252685 30.1444 0.282731 0.594717 7.2902 14.8518 0.883284 3.67225 
0.00280724 0.0490796 1.95348 0.0106582 8.61392e-05 2503.3 1.438e-05 0.0261695 0.000278294 0.828656 0.227827 4.37821 0.119571 0.115836 2.15502 20.0382 1.42227 5.67361 
0.000108048 0.312553 0.936817 0.0271028 0.000152024 38.1936 0.0831567 0.192782 0.00974555 3.9495 0.015104 29.5719 1.12802 0.955868 1.3232 42.7206 3.51032 0.621076 
0.00425102 0.00753423 0.113533 0.620798 0.00916865 14.2387 3.83584e-05 0.413238 0.000458272 44.4174 5.1493e-05 0.0467911 0.179172 0.136549 0.323206 23.656 3.34688 4.77322 
2.93604e-05 0.245431 0.00933802 0.000119859 0.888323 252.24 0.0246358 0.00330409 0.10421 100.612 0.209073 94.0257 0.000197067 0.373752 1.6526 12.6261 0.898659 9.10634 
0.00107839 0.126245 7.56866e-05 0.000391085 2.60822 45.3936 0.118497 9.66286e-05 0.00161891 43.9615 0.000481032 62.8565 6.65309e-05 0.275183 3.98402 43.1236 1.8363 1.24486 
2.50534e-05 0.0487607 0.0090821 0.00192614 0.16213 0.104969 1.17774e-05 0.133101 0.0713552 1.80564 0.0159429 21.3169 1.42193 0.00834726 1.70948 22.3485 3.34784 6.44169 
0.00956491 0.295733 0.000163498 0.0426025 0.000416529 57.6605 2.76025 6.4179 0.000393049 157.286 0.000272369 0.119595 0.000648948 0.0222818 0.171497 49.6213 1.43809 8.85014 
0.0159346 3.65905 0.836309 0.0657898 0.000281976 0.172152 0.000300535 1.00799 6.90229e-05 89.6948 0.000970403 0.674191 0.000785618 0.400733 1.14468 22.6917 2.92002 1.60153 
1.7194e-05 1.02349e-05 7.35981e-05 3.76537e-05 0.322177 54.7556 0.000815877 3.82488 0.00287011 0.0442969 1.98358 451.914 1.68057 0.147831 4.45725 5.02044 1.04248 5.49996 
0.000259659 3.7491 4.64768 0.000548396 0.164183 0.0755984 3.69971e-05 0.000842256 0.00366498 0.264463 4.5571e-05 0.303304 0.0138241 0.0278034 0.767076 47.6616 0.343569 3.02248 
0.804416 0.458336 0.000695485 2.55046 0.31027 0.165694 0.000582875 0.000451637 0.0130734 0.527213 0.225527 2.65147 3.2774 0.000528587 3.27559 20.737 0.735851 7.10775 
0.0429032 0.315817 0.00552925 1.07866 0.0128877 0.169835 3.86405e-05 5.98168e-05 0.155565 0.0527133 0.000907512 492.788 0.359253 0.117206 0.947121 14.5777 0.837713 2.65933 
0.00562109 0.00116043 0.103 0.000781278 0.063251 0.0196654 0.0040767 4.14769 0.744544 38.6003 4.88848 0.963049 0.000139841 0.0011573 0.136625 38.1294 1.37879 3.05336 
0.0385938 0.00283657 0.000370975 0.000817556 0.000398022 11.7108 0.000105869 0.000231156 0.0343578 0.0238159 0.000217425 2.12321 0.0253216 0.0819664 1.15046 16.8943 0.69593 9.81868 
0.0206489 0.00366234 1.66336 0.765878 0.00352493 10.0864 2.59754 0.0243588 1.40598e-05 0.0689886 0.0119218 0.199104 0.315949 0.00783119 1.48094 48.9534 1.23388 2.38137 
0.110362 0.000340806 0.000375961 1.96694e-05 1.04438e-05 66.0252 5.28041 3.08915 5.823e-05 0.707124 8.83488e-05 10.0913 0.159279 0.0896265 0.887292 46.0071 0.352086 4.5946 
0.000334854 0.587798 6.43562e-05 0.0128193 0.000228812 98.0949 2.7238e-05 1.3082 0.000121792 3.20905 2.83411e-05 0.0364561 1.48259e-05 0.00148374 0.204843 47.4931 1.15754 9.8135 
0.0174477 1.54513 3.83023e-05 0.000241247 0.000134191 11.5586 0.00153182 0.0170146 0.088093 3.72576 4.24944 131.572 0.000135755 0.000133198 5.45179 5.65441 3.16212 4.17596 
0.789283 0.00557418 1.76304e-05 0.0242789 0.000462694 0.488852 0.118115 0.0098278 0.00160713 0.0123035 2.29853 95.5802 0.000142112 1.47815e-05 8.43385 32.3478 2.38087 2.25359 
1.5442 0.0198144 1.32822e-05 0.255528 3.22076e-05 6.31168 2.71526e-05 0.313725 0.00130884 0.357287 0.000161602 90.6768 0.000855318 0.125552 0.29403 34.3029 3.34873 5.64341 
0.014746 0.507682 0.0884949 3.14141 0.0502494 0.259032 0.00119889 0.391887 0.0116108 0.137337 0.0277932 93.0093 0.000213759 6.37806e-05 2.92213 21.3508 6.32361 5.42289 
4.95146 8.16322e-05 9.65627 0.0120714 0.0023528 0.0302517 0.000417603 0.221935 0.00399582 5.51546 0.0036367 0.336232 2.72594e-05 0.0122352 0.912848 42.5773 0.287897 7.37928 
0.252499 0.000259361 0.790157 0.000195301 0.0399132 3.76712 1.33656e-05 1.23624 0.0315696 0.464027 0.000141133 0.0272145 0.54701 0.886575 2.68052 16.5733 1.77289 0.709609 
0.116012 0.00198599 1.48758e-05 1.23989 4.23476e-05 1.04333 3.34586 0.00853499 0.00215292 1.02397 0.0227732 0.214362 0.00114025 0.132959 1.08713 32.4773 0.722172 9.18237 
9.14061 0.196689 0.00775206 0.00111624 0.0136808 1153.8 0.0340798 0.00123123 0.0120127 0.0658042 0.724193 9.25123 0.450741 0.0022875 1.89026 29.7522 2.35034 1.77793 
1.6639 0.000229975 0.0109824 0.000510419 0.00117347 9.01183 0.205459 0.000331138 0.00118821 0.861145 0.00422207 0.235196 0.017251 0.035316 1.02337 29.657 0.390488 8.01958 
0.000379348 0.000176458 0.00272137 0.000308046 0.00012468 55.1909 0.00186995 5.75881 4.11333e-05 26.4986 0.0134824 0.0273642 4.48599 0.00841123 1.53555 40.6384 0.43798 8.17594 
0.881787 0.657881 0.041541 6.28362e-05 0.00109824 1.14958 0.884602 0.0211081 0.000219656 19.885 2.21698e-05 0.0293278 0.00021369 0.0838165 1.06569 26.9366 0.644713 3.15725 
0.0251411 0.0021682 0.208725 0.000102882 9.41856e-05 4.25416 0.00167392 1.16528e-05 0.936593 342.344 2.85811 2.83252 6.41204e-05 0.574399 5.89515 8.71815 0.778036 6.0876 
0.0129695 0.00122243 0.0263118 0.894768 1.30024 685.812 0.000108074 0.000218865 0.0156736 0.181833 0.000466149 3.19503 0.299975 0.0110877 1.70125 25.5474 0.641755 9.44968 
0.0014178 0.00532691 2.39587e-05 0.0298385 0.0384657 18.3063 3.54962e-05 0.00279448 0.000376245 3.96789 6.65341 0.0216315 0.0496087 0.196307 2.44611 37.0057 0.465371 9.82259 
0.475821 4.10997e-05 0.00288793 0.796462 0.00113485 0.264582 0.00143768 0.166905 0.00674995 1.01959 0.315994 0.221203 0.946768 0.000155859 0.440409 16.7484 1.05903 2.78818 
0.370812 2.2106 0.351117 1.92813e-05 0.00514058 76.2158 1.19167e-05 8.4997e-05 0.131439 0.481936 0.562614 0.561667 0.000248525 0.00300459 0.322584 27.4011 1.36838 7.85969 
0.0133538 9.58235e-05 0.000335692 0.00956644 3.0899 0.639049 6.9443 1.42178 0.00501242 0.202423 2.02865 15.5184 0.04428 0.000239777 0.780055 10.9169 1.98781 6.29902 
0.000309149 0.619189 8.31049e-05 0.000691441 2.53276e-05 5.55659 2.12186 0.123701 0.0829357 22.8239 0.00332757 0.0968391 0.00322066 0.473362 4.56672 19.069 0.743403 1.38931 
0.0210541 0.023332 1.92797 0.0173722 0.00091199 0.248838 0.605091 3.21053e-05 0.0205707 2.72249 0.185454 98.6749 8.69082 0.142021 6.89842 44.2548 1.04059 4.79988 
3.0176 0.0341834 0.000655273 0.970446 0.000133517 0.0828938 0.000116863 2.04995 0.000380118 0.221103 0.000817629 0.018537 0.106559 0.242168 0.806589 38.6402 2.24962 0.865365 
0.000682816 8.21626 1.1134e-05 0.000988928 0.0594999 40.3763 0.00405396 0.00215033 0.0256415 1.31046 0.0148919 6.99514 0.000254422 6.11044e-05 1.10286 30.9244 0.8246 4.93377 
0.00673796 0.000531014 6.18067 6.54183e-05 0.0852329 40.449 0.000739139 5.05261 0.000976228 1.05608 0.000527233 0.0268335 0.0283792 0.44451 4.18019 46.1568 1.67475 0.555207 
0.486244 0.0015922 9.11931 3.86591e-05 0.0266018 10.0347 0.0157481 0.000615099 0.322174 0.127219 2.85562 0.0756226 0.132574 0.281289 0.501067 20.0381 2.1333 3.69483 
0.000446465 0.262154 0.00775497 0.000124097 0.0281086 155.386 1.21824 2.82916e-05 0.0642821 2.29297 0.00101645 0.101175 0.0398548 0.0562996 2.65589 33.7051 0.311442 7.99401 
0.0274229 0.000969498 1.62589 2.38713 1.05359 0.891375 0.000770795 0.000182306 0.000179439 0.0330639 5.78793 15.6312 0.0791765 0.082241 6.87546 49.8873 0.344 9.46022 
0.00291264 0.0943305 0.00037986 9.97953 0.000537651 98.9076 0.000798657 0.432329 0.00893367 385.9 0.00121674 16.5126 0.0582557 0.0101368 0.258013 46.2421 0.417337 6.01153 
0.00365684 0.000624943 0.0010545 0.000336848 0.00104756 257.226 1.63153e-05 7.34461e-05 0.278502 0.960158 1.19293e-05 23.3749 0.718007 0.782338 1.16718 19.5942 2.50917 0.770607 
1.02564 0.00105868 0.0732971 0.000131614 0.00663728 2241.3 0.00149546 0.0634447 0.00155485 0.0669939 1.55469e-05 0.0226453 0.0138742 0.0217465 0.0931021 28.838 1.25276 5.45815 
2.99836 0.315832 5.41387e-05 0.0276695 2.04939 0.155399 3.17077e-05 8.54692e-05 2.48689e-05 44.8472 0.488713 102.6 0.377241 0.936709 2.72551 35.106 3.81698 1.30751 
0.000504741 0.0261288 0.0513516 0.146338 0.0280024 2725 0.000571468 0.00576787 0.000248987 8.05048 0.00126832 61.6598 0.00190065 0.173403 2.60075 21.3095 0.903739 1.73382 
0.735471 0.00194233 0.159077 4.97718 0.000214683 0.0539375 0.163223 1.66301e-05 0.0135592 323.717 0.0938811 0.303475 0.402804 0.49784 1.64065 26.4499 2.02058 5.9622 
1.32859e-05 0.000146248 0.0159579 5.9847 8.76344 0.0161989 9.99878e-05 0.37436 0.000155215 1.12453 1.10118 0.0343261 0.188761 0.00428093 1.4414 34.4867 1.64445 5.18958 
8.254e-05 0.258471 0.0446829 0.038534 0.0412979 180.724 7.32552 0.187717 0.000381659 3.45521 0.000657828 0.779718 6.81487 0.340386 1.45735 5.34655 1.29956 8.74209 
0.00913388 0.998175 1.00439 0.00181022 1.56954e-05 2.57391 3.50034e-05 0.00585518 0.00172923 2.71405 0.333746 0.155561 0.000734766 0.117617 5.39054 34.0861 0.369236 6.64813 
0.00157001 0.00060973 5.21527 4.5547e-05 0.00445582 1.64403 0.55709 6.48281e-05 0.470839 0.100699 0.000273763 7.95408 0.311861 0.0272045 1.26611 29.9182 1.70398 8.54713 
0.0187893 0.0680103 6.08473 0.308303 0.31749 112.126 0.00119405 9.48491 0.183425 0.0105068 0.00152166 0.108577 1.14841 0.05949 0.843502 25.2224 2.51365 9.46271 
0.0694025 0.000146466 0.000523827 0.000635299 4.20549e-05 0.103998 8.3977e-05 0.000481781 0.0205434 1.70822 0.0201168 24.122 0.0276037 0.12424 2.29312 23.3856 1.22735 3.12782 
0.100263 0.001693 0.00137344 9.5059e-05 0.000114088 14.1267 2.19321 0.00512562 0.00729813 1.22778 4.70679e-05 42.006 1.3226e-05 0.66528 3.94418 39.8339 1.36669 0.472408 
0.000841482 0.0187918 0.00670589 3.09086e-05 0.0083155 15.3397 0.00283349 0.0578827 0.0104822 24.8719 0.13866 281.31 0.00475876 0.0012566 2.34355 36.3523 1.69741 1.4721 
0.0351078 1.23021e-05 0.0153192 5.17889 0.000182846 0.0356349 0.000726385 0.00090144 0.0495195 0.0790806 0.000359378 6.83933 0.897803 0.00437462 2.27835 38.9306 1.6061 4.19981 
0.00019225 4.74482e-05 0.025764 0.00162279 1.48841 23.0758 0.0191355 4.50672 0.00273631 32.5811 0.0234242 419.222 0.0268269 0.865961 4.5173 24.3389 2.02567 4.86751 
0.000135598 0.00167465 4.23179 0.0109742 0.914836 0.0941606 4.14156 0.0236666 0.07308 0.347575 0.0656788 0.708517 1.17293e-05 0.0968557 0.705231 48.5879 6.33342 8.85857 
1.62436e-05 0.421395 0.00715955 0.00389922 0.00792094 0.999138 7.10926e-05 0.0810361 0.0168513 0.0554387 0.000704848 248.13 0.230494 2.87668e-05 5.80743 48.522 1.93711 2.4755 
0.00156426 0.236344 1.0172 0.0126594 0.00129114 13.3039 0.00173361 0.335064 0.0273814 0.448368 0.0420904 12.8223 2.76339e-05 0.00387349 1.04493 47.8475 1.299 2.00956 
0.00151196 8.02392e-05 0.000379329 5.68256e-05 0.804853 2111.35 0.28 6.22417 0.00042274 2.90061 2.36815 0.0514394 3.57087 0.986092 6.92754 8.83603 2.01287 7.09085 
3.33189e-05 1.45119 6.44057 8.22575e-05 0.000260892 0.210586 0.00550223 0.110315 0.00517039 4.39873 5.73108 5.39154 0.0976669 4.1015e-05 0.561775 44.4663 3.73923 8.25228 
3.11698e-05 0.00225191 2.70089 0.000172081 9.37198 0.783502 0.0504482 0.204361 0.16991 129.233 3.359e-05 229.599 0.00174237 0.107236 0.866094 37.9015 0.612335 4.30647 
0.0335306 0.79796 0.000154366 0.000501516 2.80929 115.774 0.182311 0.56001 0.0657412 16.8586 0.0333668 155.745 0.110398 0.000147826 5.19862 46.7701 0.662623 0.778026 
0.000136172 0.00333154 0.0648119 0.49441 0.00784751 420.608 0.000383841 2.4318 0.419791 0.187769 0.0306247 0.334281 0.39565 1.07948e-05 1.30268 36.4551 0.323889 5.86175 
0.000363292 3.91432e-05 0.0313396 0.018359 0.814886 0.122817 0.000148237 3.37175e-05 0.00047751 4.32177 0.00803747 0.794847 1.90932 0.00275479 0.662606 36.876 0.709406 7.91499 
0.00945553 6.1002e-05 0.000140854 0.00301637 0.000133624 0.538001 8.57667 0.00135551 0.053469 0.0530975 0.000131311 0.448744 0.0226477 0.622769 2.76251 19.4649 1.70671 1.32385 
0.000546652 0.000692034 0.00141587 0.000331136 0.000140378 408.235 0.000229366 0.00115183 0.00415341 2.50077 0.151304 15.1158 0.00057912 0.00024433 5.07872 33.1543 0.515832 7.98182 
0.00120661 1.10734 0.000702948 2.98168e-05 0.0134096 0.393332 1.75993e-05 0.0409758 0.00698964 0.0322277 0.00231495 86.9629 0.251278 7.60887e-05 8.88602 36.2877 3.14597 5.17423 
0.113648 0.0027741 0.00498794 4.97161e-05 0.583758 35.6983 2.56727 0.000975022 0.0325574 0.305251 0.112258 11.8185 0.000317292 0.864825 2.31029 47.8426 8.49333 7.9025 
5.07289e-05 0.477636 0.000240567 0.00908483 0.830626 40.9899 0.00120955 0.00029622 0.00583791 0.015395 0.0294264 1.46782 0.00100785 0.387786 1.36089 13.2582 2.29029 7.1199 
0.000782474 0.0094068 0.000427649 0.0370531 7.00445e-05 9.09852 0.00748806 2.91944 0.550718 0.518549 1.78856 9.69611 2.90834 2.05414e-05 1.55457 12.3691 4.56 5.10255 
0.000814464 0.00241604 0.00142567 6.71991 3.65282 1164.86 0.382629 3.01163 0.294651 14.0469 3.66563 159.243 0.001641 0.0504454 4.29873 8.35563 0.382739 2.45565 
0.00470348 0.00279918 0.00242728 0.0351122 9.32379 48.5597 0.0107501 1.00281 0.0410107 73.3548 0.130831 95.6331 2.50328e-05 0.000208223 5.97544 35.7888 6.46912 9.12263 
3.39168e-05 0.0100432 6.14449 0.0497827 0.000140517 0.10858 0.0321667 9.50943e-05 0.0490818 278.24 3.3152 39.9673 0.257164 0.212883 1.84089 44.9916 1.06724 2.5098 
1.06455e-05 0.000250946 3.42396 0.632788 0.00179867 22.2742 0.725284 0.00906732 0.00265269 0.53673 3.75877e-05 0.615322 1.29455e-05 0.394522 2.19291 26.4634 1.38444 0.693166 
0.00499671 5.49168 0.0207385 0.0160913 0.747624 0.0114199 1.11076 0.00765721 0.148563 227.442 0.000783959 0.0568756 0.000746674 0.692394 2.24484 16.2014 1.65681 3.68779 
0.0202281 0.0937341 0.285556 1.34652e-05 0.0386378 0.118293 1.54408e-05 0.161279 0.00878443 6.53622 0.000290131 1.48911 0.000697569 0.108757 0.347371 42.0531 1.96209 5.87764 
0.0535452 0.0855259 0.00417427 5.65262e-05 1.3668e-05 0.276732 2.67903 0.00176635 0.223271 0.018954 3.70702 0.071128 0.00132706 0.338338 0.955279 40.2671 2.59319 1.73339 
3.68837 0.00760245 4.72949 0.00261407 0.000162164 9.94179 0.00297045 7.89627e-05 0.240943 0.0504808 1.81888e-05 0.36076 0.314032 0.34334 1.34624 7.49116 1.42317 5.75134 
0.00666109 1.55934 0.000979032 9.13826 0.0878452 390.6 6.00838 0.0961747 0.00515571 0.0201828 0.00315212 0.0198016 0.000976098 0.0280662 1.81856 44.6516 0.64312 2.74004 
6.04131e-05 1.85556e-05 0.0116928 0.169647 0.445286 0.195175 4.06047e-05 0.00171652 0.0698087 0.0159634 0.0280635 0.337851 0.254427 3.7196e-05 1.02348 35.5259 0.414789 5.76523 
4.68487 0.208423 0.00475064 0.000349446 0.814551 0.0785753 2.70453e-05 3.61322 0.0811731 6.3046 1.29355 42.2281 0.113947 0.00111256 2.10685 29.9168 0.40836 2.06911 
3.82955e-05 0.140372 0.0353293 2.74368e-05 0.0398672 0.609299 0.279103 0.0826354 0.0202114 6.22517 8.3615 0.301016 0.103162 0.000575674 0.813386 36.385 0.527357 3.33795 
0.0128616 0.0304678 3.66623 0.0541797 2.76105 525.284 0.00037845 0.00669458 7.73056e-05 10.7631 0.000135659 7.54762 1.71584 0.767384 5.77851 16.3586 1.06354 2.76992 
0.0340961 0.00249461 1.49879e-05 0.00147309 0.0678551 0.0316061 0.0367515 0.00135488 1.42925e-05 0.0365399 0.000287338 0.0847694 1.64528e-05 0.149124 0.406064 20.7514 2.59451 7.75504 
1.76137e-05 0.0609296 0.00344904 0.0391901 4.60551 24.9675 0.0217427 0.00572491 0.00682209 0.0288525 1.86323 1.12905 0.00646881 0.0762723 0.950664 33.699 1.61031 3.68112 
0.0854525 2.15526e-05 0.00196206 1.91723e-05 1.02574e-05 0.0368637 0.0016455 0.00502723 0.000572978 0.584233 0.131349 0.394531 8.54104 0.000120696 1.24354 45.1962 2.88681 3.96241 
0.0235163 0.721378 8.97293 0.0279151 0.41222 0.39814 0.0715714 0.00104225 0.000177892 0.624592 0.216282 91.5858 1.40405 0.00209049 0.577002 41.1666 2.61784 1.77753 
0.150633 0.000497701 0.000840184 1.41162 0.0112233 0.044999 0.252489 0.699935 0.0506328 0.161648 0.0283119 377.216 0.000767741 0.000105057 2.88614 4.23879 0.65536 3.988 
6.59383 0.0439564 0.180729 1.6566 0.0120785 0.0323172 0.00466427 3.2793e-05 0.00169902 63.6864 0.000978952 0.363484 0.000413202 0.621877 1.26831 19.6646 3.16967 1.74849 
1.43772 1.19793e-05 0.00021205 0.0012687 1.06517e-05 96.8083 0.00104266 0.00656102 0.00492975 0.0503227 0.00416623 254.512 1.60533 0.000785263 5.72618 10.6709 1.38372 4.76711 
0.00533148 0.000147218 1.33239e-05 1.93099e-05 6.61643e-05 0.287949 1.7593e-05 0.738876 0.144516 0.29925 0.745647 0.344326 0.164112 0.00123512 1.81434 37.805 0.373488 3.53611 
0.184051 0.0012003 0.0165979 0.662047 4.19441 0.0391778 0.000101775 1.13117e-05 0.000157204 29.4549 0.0203593 0.0233446 0.226274 0.104832 2.28384 27.1001 1.64042 3.69696 
0.000663163 2.7659e-05 0.000114936 0.00707526 0.000537137 2.48531 0.000643907 0.00527742 0.0110396 0.063617 2.56577 0.0210545 0.273846 0.0681296 0.609892 35.1402 6.29526 7.68783 
0.267929 4.11733 1.38143e-05 4.66494e-05 4.02653 24.2493 0.0555945 1.94376 0.0102136 5.03224 0.476436 0.15488 0.0483159 0.0992193 0.189929 45.5969 1.96651 8.18667 
6.73768 0.000215908 3.71301e-05 0.0444387 0.00530291 427.792 0.0394944 1.43662 0.0272591 0.0136583 0.0399268 287.902 1.18876e-05 0.000605806 8.64215 33.7016 9.54641 8.57567 
0.0227915 3.80105e-05 2.67239e-05 2.58414 0.657477 150.858 0.00531596 0.287477 0.152062 0.184874 0.00488628 81.9502 7.66204e-05 0.00371496 1.58842 3.77304 1.12217 9.65946 
0.00077882 0.000159048 0.651389 0.0190119 0.000252667 22.8809 0.105453 0.107683 0.0401757 0.0259277 0.0691189 0.0748995 3.65527 0.00251351 2.16939 14.9386 1.60316 3.48027 
0.0448863 3.22437 2.89706 0.0732515 0.0270294 40.7976 0.224514 0.375832 0.088725 0.15544 0.406818 4.20193 7.41066e-05 0.0284373 0.634587 32.3031 0.581009 4.38028 
4.32321 0.0261589 0.220156 0.233138 5.02767e-05 0.164162 0.0124133 0.00398749 0.000467173 10.0115 0.215616 0.0144244 1.27391e-05 0.346171 1.35131 14.4622 1.96724 2.74927 
0.05899 0.00221663 0.000258686 0.422955 0.52585 10.3706 0.00643137 0.0453543 4.06387e-05 2.66932 2.39351e-05 181.756 0.006784 0.0420957 1.6956 28.2351 0.892823 8.60616 
0.000249002 1.01174 0.00029593 2.29722e-05 0.381581 601.618 0.000328621 0.235387 0.000440824 0.833972 0.012644 8.81463 3.80811 0.89644 1.21836 40.3977 4.7158 1.30935 
0.172027 0.0564948 0.00213738 1.14843 0.00349558 13.054 0.038228 0.00478935 0.000382438 0.192823 0.0348549 96.7912 0.00143504 0.0536593 9.52153 10.4593 0.868774 5.29128 
0.00130068 4.62836 0.00250198 0.373109 0.000656478 3.22622 0.00667418 0.00039348 0.723007 0.0304716 0.186896 0.0300414 3.03869 0.412066 8.33818 29.3 0.993559 4.83823 
0.000122863 6.56161e-05 7.8038e-05 0.000633369 2.42224 0.164307 0.00114138 0.00038154 0.00458155 99.7326 0.000271362 2.63827 7.8086 0.030501 0.209547 46.4554 2.05943 7.48969 
0.00825609 0.640559 4.16238e-05 0.645133 0.338334 0.162329 0.504688 0.307382 0.0341513 0.51246 0.000673847 10.4919 2.29982 0.845848 2.01382 11.0123 3.30484 6.93954 
0.0858115 0.0108027 1.56008e-05 0.00438751 0.000248967 76.0679 1.36223 3.88282 0.0158519 55.1435 4.98886 107.326 0.00376517 0.000184474 1.04151 44.8007 3.29254 2.91093 
0.0101992 3.90742 3.89201e-05 0.00270974 0.0364564 2.89127 0.375933 8.2016e-05 0.0177877 17.5048 0.0134114 36.145 0.00234057 0.0569233 4.4435 21.0856 1.33146 2.54346 
0.21015 9.6226e-05 0.432287 0.158541 1.89817 60.6327 0.195364 0.0542688 0.146112 0.0321085 0.00798493 130.169 1.40594 0.17145 2.4041 19.2419 0.723299 8.88519 
0.000284085 0.0365082 7.63473 0.000230194 0.00465303 0.0965415 2.72376 1.19643 0.0188614 6.99486 0.000837272 0.388212 3.0705 0.0170745 0.699957 45.9263 0.346856 6.87669 
0.00244957 1.92925 0.000673749 2.71353 0.00104823 34.3537 5.5733 0.000525883 0.000322062 158.899 1.62871e-05 0.350181 0.000312592 0.11834 0.705379 46.2945 3.4065 2.30379 
0.155731 0.000638361 0.914802 0.0356326 6.27565e-05 91.8669 0.00833924 0.381284 0.000791962 19.2294 9.21984e-05 0.128902 0.00107953 0.203442 1.56546 43.3336 4.66629 8.01113 
3.17279 0.0233217 0.0602827 0.0221492 1.67752e-05 196.775 6.71633e-05 0.0615622 0.0422999 0.346662 0.350949 52.4317 7.42585e-05 0.00174882 7.99551 28.2309 1.16593 1.0256 
1.32482e-05 0.001839 2.32518e-05 0.000624966 0.155172 425.318 4.08907e-05 0.000292018 0.000413485 81.2105 1.12909 0.443612 0.00107644 0.819533 6.72412 11.9136 1.49438 7.54641 
0.000858584 0.0373489 2.48502e-05 0.252784 0.0173263 3.19981 0.000732936 0.131922 8.35941e-05 0.13803 0.00835867 0.0358659 0.00353428 0.366968 0.952684 27.0062 4.85429 4.64943 
0.0043421 1.44988 0.100616 0.120406 0.00182032 1.17713 0.0982818 0.0331267 0.829148 163.993 0.170574 76.5334 7.59881e-05 0.229811 2.4931 21.8001 4.9237 1.85297 
0.0289484 0.00502128 0.0171794 0.100067 0.000152597 0.147739 0.0126947 0.0984431 2.76816e-05 0.0227395 0.254622 70.4735 0.000145483 0.774762 0.833484 35.9456 8.14039 5.44844 
0.358701 0.000817009 0.0123577 0.0314693 0.000184702 19.2656 0.454044 0.00333207 0.150626 0.224156 0.0284674 34.9879 0.573202 0.377827 4.21046 12.7621 2.0114 6.51491 
0.0186279 0.000123157 4.3533e-05 0.0929176 3.09664e-05 0.0328276 0.00104842 0.0550452 5.60136e-05 3.13664 0.816879 79.2282 1.24627 0.0562146 4.30141 20.968 0.594946 5.62478 
7.01383 6.26524 0.346322 8.19684e-05 3.1551e-05 1.30029 0.000213002 0.302225 0.00861348 2.27197 0.000368959 18.8525 0.000600203 0.0478271 1.3813 22.1867 1.47631 9.66274 
0.244438 0.000207349 2.37088e-05 0.646176 0.00159585 0.0508719 2.46005e-05 0.000122079 0.221721 0.330743 0.000638811 54.4328 1.36135 0.19412 1.01888 21.7007 2.06313 2.43509 
4.36293 0.000740902 0.098855 0.000649255 0.00324446 0.219919 0.0199248 1.02021e-05 0.431767 92.095 0.0241725 2.72698 5.00432 0.987302 2.60586 35.4755 7.60515 7.39747 
3.78284e-05 1.22547e-05 0.00671026 0.246267 0.00280248 0.194724 1.71027 0.956055 0.0607796 0.0287925 1.55713 158.878 5.42525e-05 0.0217216 1.67044 2.61637 7.06209 7.4555 
0.000209687 0.000127918 0.00412831 0.0100493 0.0044516 0.838186 0.000327301 0.0111662 0.0459509 19.8927 0.000463333 6.8489 0.158426 0.87878 2.89924 7.12131 1.46871 6.38178 
0.00476748 0.00121127 0.000286842 0.139965 0.375133 0.0343728 0.000811819 6.27883e-05 0.000263637 0.125592 2.80645 15.009 5.2338e-05 0.000815138 3.34154 34.9178 1.77644 2.58361 
2.46482 3.30826 0.00273952 2.70808 0.000830466 0.338527 0.000456324 0.0167777 0.0345642 31.3472 0.00134192 0.974452 3.1316 0.123415 1.65243 15.9494 1.28234 9.83304 
0.00273726 0.000736602 0.387008 0.000653229 2.53806 0.0465005 3.04309e-05 2.0008 0.0851812 0.450992 6.48672e-05 2.71325 0.000774225 0.0936356 4.11067 38.9019 0.351022 9.8689 
0.0700341 0.0325873 0.172434 4.29063e-05 0.0177272 0.072461 0.0755469 0.000100726 0.0180903 0.12496 5.03473 0.107687 0.182846 1.18854e-05 3.73825 42.0859 0.509392 8.84827 
4.14084e-05 6.66022 0.0226116 1.46783e-05 0.124122 23.7636 0.354604 0.00737734 0.0512394 192.617 0.000101886 288.217 0.0381679 0.0105359 0.311269 48.8894 1.07711 5.74116 
3.39292 1.88143 0.782976 6.9966e-05 1.04713e-05 5.60039 0.565068 8.03188e-05 0.000862315 1.35572 0.00493313 0.479486 3.31195 0.000626257 1.74715 36.2727 2.05985 8.64299 
0.0371027 0.00075211 3.55403 0.000448178 1.55654 0.068938 7.6005e-05 0.124557 0.00213243 0.0361499 0.741328 8.35136 0.00125934 0.00117887 0.74952 36.6789 1.6775 2.9704 
0.83783 1.48822 1.26021e-05 0.00671951 0.113836 102.627 5.36392e-05 0.00332863 0.00168758 49.3668 0.0094801 69.0985 0.000198825 0.0264882 0.49441 38.6348 0.90454 3.30165 
9.35007 3.06152 0.000897509 0.216882 0.0511851 640.014 0.0206727 0.0775455 0.0560234 0.169607 0.0233485 5.59424 0.00181575 0.000181347 2.77618 28.0611 1.71527 7.06159 
8.63186 2.12452 0.021161 0.0895046 0.153654 0.0142403 0.39609 2.50665 0.0255957 0.0884828 0.00423531 0.537558 6.19945e-05 0.526285 3.65231 30.2584 1.54264 7.92316 
0.00124493 2.3699 0.000368845 0.0367545 0.49207 27.8323 0.000322696 7.31825e-05 0.000226163 0.127644 0.000628408 0.0766973 0.000486212 0.267691 2.18725 23.178 1.02617 2.42544 
0.0511971 1.45792 0.0318891 0.00010897 0.0513785 0.627686 0.433676 1.56205 0.000620607 0.304731 1.96994 1.54159 1.78926 0.0714421 1.19416 26.2963 5.53736 7.96829 
0.155531 8.4402e-05 0.0684903 0.00351204 0.000142911 0.0864691 0.497868 0.0172437 5.59448e-05 174.026 1.52091e-05 63.5738 0.149445 0.124392 0.528987 45.8202 1.91715 5.69861 
0.0040206 0.155221 0.0480119 8.08576 0.0200746 30.8131 0.22762 1.35399 0.000363476 1.62134 0.000296221 86.5301 0.000279387 0.411526 3.43663 16.8852 1.46582 3.86389 
0.00314485 5.03068 0.00379224 0.00057333 0.247709 0.488051 0.00269857 0.00708575 0.00819176 0.0216379 0.00672725 80.9227 3.59107e-05 0.0717886 5.00378 43.4153 0.815277 8.48981 
0.000986108 0.000760659 0.000285421 3.70017 0.00551498 0.118522 1.63705e-05 5.20334 2.41408e-05 18.0887 0.00015014 0.0596246 4.63474 0.527236 7.06104 13.004 1.05972 9.20967 
0.156602 0.000250234 0.00290313 7.26599 1.3793 11.9492 0.0406716 5.0312e-05 0.00339852 142.379 0.0708398 5.62431 4.77766e-05 0.235659 0.927766 15.9773 2.00346 7.01008 
0.215721 6.44814 2.32014 0.0269564 0.0171534 0.0101874 0.0320922 0.630002 0.448856 24.0047 0.773184 44.5806 7.79325e-05 1.15658e-05 0.593515 43.6557 2.30798 0.404826 
0.00147707 2.91408 0.0010952 0.00220003 2.62755e-05 0.0370441 0.389644 4.6736 0.0845331 0.128054 0.00190601 372.137 0.00691204 0.0306047 0.601132 11.4155 6.52884 3.83136 
0.00912333 0.000166561 0.21907 0.0151888 5.86985 24.2069 0.00173874 0.728629 0.000139259 1.1434 2.05236 5.7818 1.38075 0.169929 1.49483 36.7261 3.55303 5.79945 
0.00270738 0.484136 0.000347515 0.468103 9.42335 2642.02 0.0415207 0.045545 0.177928 45.5293 0.000195633 83.2749 0.000351407 0.0265073 0.415329 38.256 1.75798 7.12076 
0.00659693 0.0062415 5.32177e-05 0.409315 3.10949e-05 0.498621 5.22093e-05 0.000113094 0.00815307 13.7258 0.00139705 149.495 0.00364499 0.426323 2.41378 35.493 1.87905 2.20164 
0.000810504 0.000184571 0.000924751 0.00626942 9.60504 0.669477 0.00759942 0.000537322 0.000622484 285.025 0.00518986 0.0712342 0.0184043 0.0398357 0.588219 27.2838 0.898926 7.38282 
6.0086 6.4754 1.53085e-05 0.968712 0.00318333 361.127 1.11757 1.74248e-05 0.626022 0.958703 0.163887 2.77298 0.0219267 0.000320324 5.48439 45.0775 2.5924 3.83393 
2.9512e-05 0.160556 2.89037 0.161264 7.07935e-05 0.23313 4.80902e-05 0.0650248 0.15032 0.669182 3.15864 16.4537 2.41729 0.0865882 3.35147 45.4079 3.84255 2.15864 
0.182831 0.0108295 3.48865 1.94794e-05 2.57569e-05 7.55026 2.29089e-05 0.0340304 0.0246145 0.711758 0.000112297 71.3989 0.70365 0.287316 1.69647 30.0221 1.80831 2.68754 
0.000532473 1.84956e-05 0.00374843 0.391214 8.07316 0.156733 0.000604152 4.80023 0.00869474 133.834 0.000117612 32.2146 3.60073e-05 0.133012 2.78712 26.1906 1.17259 6.77542 
0.727599 0.002511 0.0288056 0.000827181 5.98522e-05 1484.4 0.00545268 0.000641809 0.000788349 223.187 0.000600337 0.274726 0.0395803 0.258183 3.59624 32.4292 1.14627 1.6858 
3.475 0.00196984 0.00133687 0.0632174 0.0533882 329.497 0.714203 0.000656647 0.000117247 172.623 0.00292621 7.58034 0.000488783 0.118001 3.53933 27.8374 0.988298 4.68152 
1.62349e-05 0.00110849 0.000195175 0.000716639 0.00911395 263.977 2.47949 0.00244416 0.00121348 0.561858 1.40983 8.31305 2.77252 0.0175405 6.66455 21.4547 1.24852 3.03699 
0.0941349 0.00166127 0.00522577 0.00118299 0.00611641 12.5747 0.00110807 0.0310435 0.274957 5.96793 5.06358 112.504 0.282832 0.2612 2.98876 9.12629 9.99541 4.2134 
1.52196e-05 1.6341 2.50213e-05 0.203095 0.000192944 19.5104 2.70162e-05 0.0144789 0.00052906 0.0268897 0.228531 178.612 0.000149872 0.00998507 0.928474 26.3177 4.10277 2.53621 
1.02138 0.158224 0.00423285 0.906261 0.000250645 0.430035 0.000197412 0.0306324 0.000393343 0.484986 1.24082 411.632 0.00242809 0.0320361 2.89323 28.2636 2.21472 0.60259 
0.171329 3.45223e-05 9.33647 2.37794 0.122439 0.0256795 0.04401 0.000156106 0.00322106 0.267028 0.00099593 0.377968 5.45749 0.00525035 0.650937 31.8889 1.65746 5.91509 
0.000595091 1.7608e-05 0.000103302 4.31197 0.0300874 2.35318 1.5419 1.09967 0.000988738 0.519826 0.727586 0.386975 0.00191248 0.55794 8.36218 21.9385 0.813929 4.52444 
7.39061 1.10985 0.0111566 0.000826729 6.66616e-05 309.994 1.52423e-05 0.0154596 0.0313333 0.0174903 1.48133e-05 0.20874 0.0001568 0.135342 1.00886 32.8397 3.54887 7.7777 
0.000877912 0.0802502 1.69693e-05 0.0475691 0.0248929 3.16492 0.0276931 3.55368e-05 2.24097e-05 100.88 1.17641 0.0629599 0.000752038 0.479442 0.918178 21.8226 3.70181 6.8042 
0.14176 0.693743 5.02811e-05 0.000871218 1.03822 0.0753067 0.00702262 0.00592736 0.000243652 50.6786 0.000338802 0.6895 0.0436376 0.192531 9.92936 42.6799 0.635315 3.6851 
1.89314e-05 0.000507467 2.3297 4.24543 0.00141046 0.373384 0.0265212 3.35293e-05 0.000346818 0.119435 1.8403e-05 0.696737 9.02142 0.260134 0.665285 36.7181 6.66402 5.48064 
0.00225794 0.000910553 2.21382e-05 0.0668155 0.0192035 899.311 0.823147 0.117305 2.22218e-05 341.146 4.54905 327.927 0.1775 0.377511 6.59628 33.3302 0.961676 2.63437 
0.546843 0.002137 9.84791e-05 9.49672 3.78682 941.717 0.00436123 3.45604 0.0169691 0.0549682 2.88659 7.16433 0.0134721 0.112564 1.42359 25.2595 0.713455 3.7588 
1.03736 0.000245206 0.000633328 0.110962 3.97627e-05 0.0163869 7.83887 0.266571 0.0554252 0.0186052 1.08073e-05 0.0453379 1.12521e-05 0.80036 9.59636 16.8163 1.0754 6.71144 
0.000119383 5.1533 0.0431822 0.187689 0.0358051 0.185906 0.0567943 3.75896 0.0510446 0.0915169 3.50804e-05 2.37963 0.132211 0.061022 0.650001 23.502 1.25907 4.50837 
0.00742075 1.02482e-05 0.298048 1.24684e-05 5.24335 0.388162 2.93555 0.00139248 0.00290399 50.8261 1.65907 5.04072 0.000589471 0.65479 3.69794 20.8228 1.9887 2.62936 
2.45577 3.698 1.73052e-05 0.000355192 0.468145 10.1133 0.00102465 0.0247732 0.0217213 0.157554 0.0419978 0.894794 4.60489 0.00041065 2.75527 15.4306 1.00862 6.44205 
0.74982 0.00796867 0.140679 0.702733 0.000198918 1.40442 0.0154311 3.10301 0.000644786 0.118643 0.41406 18.4124 0.000674634 0.0138487 0.357694 47.2678 1.4086 4.34651 
0.000461173 3.46154 1.17002 0.0788499 2.99776e-05 0.532183 0.0383121 3.08645 0.000371386 209.298 0.000427252 0.0801251 0.0305089 0.028321 0.111936 31.812 1.3947 8.70316 
3.42428e-05 0.15343 0.0386701 2.91629 0.00620468 0.0221194 0.000133102 0.00505995 0.108841 36.1536 0.0144944 85.2173 0.00236207 0.220076 0.56951 49.5983 3.49455 9.68 
0.133107 3.34631e-05 0.674592 0.0063949 0.00628012 274.719 0.00103841 2.81944 4.31194e-05 26.1766 0.00757649 16.7638 0.000479783 0.105363 0.661812 44.0462 0.775611 5.76472 
6.55775 0.000856328 0.0709996 0.000674393 1.15849 25.8388 0.0065758 9.14782e-05 0.541434 49.7386 0.0254247 0.451257 2.34726 0.000275103 0.229799 49.8268 0.441582 7.04148 
0.0059779 0.0329409 0.0120086 2.56546 0.0102826 0.0196909 0.00176308 0.699106 0.0531134 0.306153 1.49263 89.9218 0.0456836 0.00358339 2.12417 20.3567 1.45536 0.299464 
0.00797042 0.000529447 0.00794664 0.262466 9.23154 0.045887 0.00218925 0.104247 0.0922434 16.0385 0.0843227 385.417 4.0946e-05 0.010745 1.6461 8.74988 2.38298 0.503407 
0.102777 0.00148465 9.03241 0.000117987 0.000355065 185.659 0.112189 2.69212 0.463713 1.78657 0.22075 0.23044 7.79783e-05 0.0852192 2.48061 45.1184 0.42363 7.04605 
1.14371 3.22292 0.182712 1.09279 5.79192 827.598 0.578996 2.80361 0.000259833 1.11681 0.17678 21.0185 7.39852 0.155242 3.29124 9.81901 1.08774 8.77082 
2.694 0.315734 1.18431e-05 1.4152 0.0314095 0.157073 6.62148 3.9408e-05 0.000148142 4.84196 4.58919e-05 16.6869 0.0236328 0.0364111 2.73081 43.254 0.611866 4.29479 
0.00372085 0.0103398 3.60898e-05 0.256721 0.00371102 2576.75 0.00328464 0.27812 0.0737377 0.38113 0.0318022 53.9909 4.52597e-05 1.07205e-05 4.34132 23.1309 0.846283 0.742254 
0.00466732 0.0868459 3.19758 0.00603267 0.00019319 83.2276 0.125579 0.0135623 0.000390923 71.3941 0.000943159 0.243032 0.123684 0.0142977 0.783208 42.5038 0.459583 6.49171 
2.22883e-05 0.00767681 0.00114405 0.000435747 0.613524 3.60008 1.00032e-05 0.00384012 0.346311 1.02815 0.000225737 1.81182 0.0110069 0.342116 2.7121 35.4019 2.12377 1.89313 
0.477121 0.0361696 0.0426673 0.00027741 0.0159941 0.152818 9.30215 0.0928219 0.000109827 0.145863 0.0026512 0.0122049 0.00507365 0.0348218 0.962845 35.1211 0.466383 8.27002 
0.0297363 0.000806922 6.02994 0.000114199 0.223629 0.0401875 2.12308e-05 0.012435 0.372945 59.6423 0.401391 183.911 1.81378 0.00490367 2.83663 25.5701 1.67083 1.81734 
0.126419 1.08611 0.00164238 0.108653 0.00953523 811.551 0.78444 0.00463528 3.24422e-05 2.29489 2.31069 39.3681 0.455097 0.000678412 3.11445 48.0873 0.445823 4.12126 
7.82548 0.000277802 0.000500352 0.0226987 0.000100734 0.0143721 2.08541e-05 6.74774 0.204608 3.15435 0.0486714 0.0934064 2.31411 0.0666816 3.57574 40.3827 2.12174 7.38314 
0.0137701 0.124481 0.00851634 6.37676e-05 0.880959 0.0381347 0.419408 0.00738439 2.00023e-05 84.9883 1.0409 71.9776 0.000471866 0.220203 2.6364 46.9307 1.03088 4.67759 
0.027811 0.66268 0.329245 0.00107024 2.39442e-05 0.172776 0.02109 0.0135557 2.587e-05 169.637 0.000125983 1.00372 0.000686463 0.0627985 0.373852 25.4371 1.93372 9.4944 
0.00754196 2.66452e-05 0.000660263 0.00140156 1.37871 43.9097 0.00134261 9.77434 2.44168e-05 7.93853 0.0212736 0.0584693 3.95805 0.00290073 0.512087 46.1642 1.59273 5.88523 
0.000429353 0.874097 6.49624e-05 0.0712785 0.000979885 0.0719997 0.220596 0.000317937 3.18105e-05 109.955 0.117939 3.70846 0.893732 0.0192492 0.856577 45.3068 0.923091 2.59155 
0.00370024 0.0176097 3.61163e-05 0.0441149 0.00131842 0.126651 0.0197716 0.000358434 0.010138 135.867 0.287671 1.88489 0.425143 0.102843 0.427349 45.1402 2.99501 5.21045 
0.000137567 0.0539748 0.000223501 0.00908246 5.7536 0.30615 0.000108066 0.0132933 0.394147 21.3907 0.00163453 5.81042 0.0332103 0.0199882 0.475805 35.466 0.530152 5.94417 
0.158989 2.6413e-05 3.48587 2.15553e-05 0.00227315 632.847 2.33731e-05 0.656713 0.000858942 0.0181724 0.964969 0.20884 0.530779 0.000129104 6.61311 23.6014 0.970537 4.70606 
9.74727 0.161888 3.56786 0.234835 0.0148171 3.72027 0.00836352 1.51366 0.0229882 13.8772 0.000127329 0.0478861 5.85153e-05 0.587301 3.3391 35.383 2.38268 3.08304 
0.002394 0.00117958 0.30144 6.3062 7.77496 0.0709661 0.0294301 0.0167951 0.770339 17.4613 2.21513e-05 0.0227321 4.39683 0.28586 2.78071 27.1774 1.20051 2.13079 
0.456447 0.962677 1.60592e-05 0.048381 0.0026855 6.57696 2.01557e-05 0.179938 0.00793262 0.308873 1.85817 0.035956 0.842243 0.00721362 2.46164 29.7621 1.26517 9.12241 
0.00023697 0.463129 0.00488864 0.00172244 0.000885005 8.69643 0.0108365 0.0198882 0.127683 0.0106767 1.22641 0.0580338 1.64096e-05 0.0874581 2.62249 33.0624 0.648173 7.34525 
0.000619313 0.0216697 0.0396238 0.0310025 3.06958 105.854 4.61141e-05 0.300588 0.044937 6.71497 0.401904 249.569 9.66999e-05 0.121082 4.35682 14.8336 0.974345 0.973514 
0.00130423 9.49016 0.0551506 0.00389015 0.00371011 0.808955 0.0242993 2.83428 0.0213605 8.41651 0.169017 178.082 0.000359265 0.0245371 1.81368 24.8473 2.09507 3.70039 
0.00302432 2.13831 8.48667 0.0328819 0.00418605 87.6881 0.0550647 0.613462 0.776803 4.80008 4.11013e-05 181.81 0.239242 0.0540753 0.161617 41.9895 2.06382 9.15255 
0.0864789 1.37498e-05 0.00300227 0.109282 0.00498838 1.37179 0.00410118 0.00449331 0.000103085 0.0252328 6.10758 0.0247145 0.211953 8.08496e-05 8.53075 39.8465 0.717002 3.58118 
0.000195474 0.0268362 6.42813e-05 2.05494e-05 0.000142829 1.38188 1.02842 7.80529 0.0151637 13.1124 0.0012358 0.0988072 0.000885005 0.056009 0.886273 44.589 1.47923 2.6529 
0.295726 0.000705014 0.49674 0.211933 0.000258472 0.336694 0.000758086 0.0521424 0.518236 349.876 3.88639e-05 32.6222 0.000331321 0.0419614 1.40111 49.2713 1.89262 6.03609 
2.62872e-05 0.0176589 0.000131931 0.280919 0.0126649 660.105 0.000305591 0.000525173 1.73501e-05 426.657 0.0104284 0.0591957 4.66667 0.141154 4.14046 29.9831 1.00378 6.12654 
0.000535211 0.000160341 0.0256486 0.886922 4.43382e-05 0.117997 0.000623225 0.366486 0.000521605 0.658088 8.24195 342.918 0.0295608 0.0110237 0.551065 4.06566 2.47061 5.16731 
0.350669 1.37045 0.456661 0.28352 0.00233023 0.424961 0.000111946 0.384419 0.000924656 18.149 0.00444814 0.0345984 0.00801278 0.421951 2.41824 34.5588 2.09927 3.25896 
0.000133639 0.000324395 0.0175379 1.33787 0.00195317 46.4259 6.76048e-05 0.0809235 0.0687986 0.0258162 0.00146691 38.1321 2.74179 0.0443981 0.923145 45.1555 1.32239 4.47295 
1.72536 0.00126339 7.76275e-05 0.016379 4.5603e-05 34.7248 0.00202232 0.00128054 0.100471 0.124612 0.000788304 112.084 0.0159329 0.249489 3.01496 27.3713 1.67423 6.12391 
9.92048e-05 1.97023e-05 0.000266796 4.86307e-05 1.66439 0.946793 0.186146 0.13015 3.59033e-05 4.69577 0.00129867 0.3364 0.152398 0.103496 2.93942 39.3942 1.9196 7.24647 
0.00784005 0.0185776 3.97521e-05 0.000730388 0.418131 0.0176912 0.39342 0.137297 0.022344 0.53641 3.61842 154.748 0.00160568 0.0153914 1.08464 36.1318 3.91604 7.732 
0.0215129 0.418393 1.42409e-05 0.000110784 0.0266557 0.132331 0.491972 0.00138664 0.0113251 0.734582 0.162079 0.0321939 0.0012981 0.326273 7.68255 38.222 0.997971 3.12413 
0.000220769 3.44524 1.49635 4.05039e-05 2.34899e-05 0.435031 1.24244e-05 0.0146549 0.539587 8.27865 1.15336e-05 7.88763 0.00268199 0.44003 2.43396 41.6769 2.3709 4.59809 
0.00274362 1.89659e-05 6.50112 2.59179e-05 0.00191734 1146.15 0.00840382 0.179261 0.00560262 0.578215 0.14771 227.185 0.000387675 0.000214389 0.519278 26.8931 1.72968 6.73726 
4.74771e-05 0.00218624 0.000228526 0.001593 0.0397873 0.0581884 0.0500772 0.0423148 0.0352448 0.043862 0.0155835 0.0262781 0.129899 0.228136 0.77639 48.4026 4.83909 9.43953 
0.102795 4.5512e-05 0.0645138 1.24607 0.0145936 0.0765543 1.9728e-05 0.032362 0.000191964 0.687348 0.0177739 3.6003 0.000479591 0.317237 6.54631 25.6114 0.783344 6.15741 
1.20587e-05 0.0811178 7.92225e-05 0.000232742 0.0015126 3.47187 0.000433271 9.74955 0.000673004 48.282 0.207341 5.59053 0.000574724 0.29223 4.94687 16.8467 0.939509 9.35963 
2.18251e-05 0.0166404 0.0056813 0.655684 1.14324e-05 1824.76 0.0228034 0.00111634 6.31106e-05 0.709123 0.0251388 0.546546 0.00418008 0.86258 2.94477 38.675 3.80078 2.70131 
0.00282603 1.7662e-05 0.00817622 0.0325184 5.67386 0.0506511 0.105013 0.000331442 0.00845176 41.6457 5.70964 31.608 0.000291454 1.36244e-05 3.00343 10.7827 2.75935 9.6184 
3.75577e-05 0.0286416 0.00235244 0.000177861 0.0792237 1323.79 0.00204036 0.00358617 0.00305335 0.0826403 0.142292 40.2474 1.14484 0.0159572 3.35604 18.2483 1.86932 9.05884 
0.00156194 0.00388393 3.02802 0.115867 5.35421 135.899 8.35473e-05 0.00254595 1.02807e-05 0.128532 1.60247 174.222 0.545439 0.0521525 1.18522 21.8619 2.41079 5.27479 
0.000740543 1.32217 0.000750975 0.0047288 0.00269839 2049.2 0.0337371 0.100319 0.00127222 0.489993 0.125038 0.0130379 0.0173598 0.845351 3.18097 30.7073 4.52102 6.92156 
1.85291e-05 0.0665923 0.00271505 4.10236e-05 1.79302 13.6861 0.00693841 0.000128629 0.0284678 9.51931 3.0313e-05 98.842 8.22173 0.199167 2.0606 46.9816 1.78367 6.91585 
1.83507e-05 0.0122592 0.0302378 0.000274019 0.00119557 5.31903 0.00126801 0.874826 0.00104296 0.0170632 0.00604297 2.92684 0.066008 0.266881 2.32403 24.1674 1.98818 6.96715 
0.493003 0.882613 0.00662739 2.24144e-05 3.00308 3.75608 0.601112 0.0459387 0.00314731 107.568 0.999945 294.796 0.111815 0.469981 9.48138 39.1054 0.896648 4.98646 
1.64994e-05 0.00122788 0.00848839 0.0397765 0.0921295 1.10073 0.242407 2.74593 0.0258269 368.377 0.00353599 6.20986 0.00010877 0.167101 1.73326 42.0109 0.892223 4.10594 
0.000212945 1.88855 3.1219 5.98534e-05 0.000156986 9.54653 9.14684 0.00655019 0.00445963 266.045 0.892472 0.343437 0.125004 0.103714 1.82987 32.4206 0.626725 6.4945 
3.01875 3.97255e-05 0.00333983 8.53287e-05 0.0133169 20.5754 0.000113595 0.0144745 0.189293 2.52748 0.013778 150.935 0.0002523 0.0750195 1.95163 10.8051 0.937967 4.20594 
0.0388204 0.0335362 0.00033377 0.018179 1.64337e-05 4.83409 8.63348e-05 2.8469 0.011229 0.133486 2.44043 70.1017 0.635281 1.30605e-05 2.12402 22.2854 6.40005 8.23521 
0.0455633 0.00409384 5.96023 0.767648 0.000881407 558.608 0.902678 3.01589e-05 0.00324577 0.0124131 2.69436 0.652521 0.0018828 0.426456 2.89396 47.0981 0.762602 6.99286 
0.00030869 0.000183302 3.36684 1.27556e-05 2.33582e-05 0.0176277 0.0127834 0.656547 0.0554417 1.14627 1.53212e-05 7.43966 1.8556e-05 0.237085 2.93072 28.1693 0.875549 7.07751 
1.05293e-05 0.0215614 0.023778 6.70079 1.85183e-05 0.0144473 1.54323e-05 0.000733949 0.00949241 3.70401 0.003708 116.476 0.00888806 0.17832 3.31731 33.8582 1.18973 3.2186 
2.05595 0.00120266 1.47351e-05 0.000241919 0.000954065 16.7365 0.000422061 0.37343 0.543638 0.811873 0.00639457 114.323 1.0487e-05 0.00333008 1.31648 3.45444 0.973341 4.42242 
0.000980449 2.49689 0.00876655 8.87299 0.00182718 1.70064 0.000221325 1.90296 0.563811 0.207906 2.15594 0.0597486 0.637191 0.0157102 5.13504 24.7063 1.31868 9.80023 
0.212627 1.23008e-05 0.00961382 0.000503978 0.00382423 0.114763 4.69989e-05 0.649249 0.0806799 0.015429 0.000762576 0.079272 0.146954 0.149561 2.28362 21.2961 1.15703 8.82359 
0.454061 0.0836681 0.00413274 1.34579 0.001617 9.96396 0.00019234 2.80887 0.248202 0.0646396 2.14987 10.9587 0.0932916 5.02477e-05 3.61782 20.9313 1.03424 7.14786 
0.00521401 0.000727647 8.28024 0.000565647 0.00156531 1.03491 3.81915e-05 0.00476444 0.000362896 11.1659 0.140814 184.939 0.54119 0.195127 1.11574 22.4153 1.85267 5.16324 
0.593044 0.0213057 0.00214699 2.10222 0.000113636 524.135 0.681024 0.0198894 0.00205469 3.75058 8.44878 96.3488 0.21218 0.0024312 1.58876 31.8442 6.17783 2.17385 
3.20007e-05 0.0970446 0.000448752 3.51026 0.0405776 0.127627 0.00122744 0.000111778 0.000146357 0.664088 0.00206122 0.0193388 0.011495 0.087663 1.29599 39.9967 1.84035 6.93454 
0.304571 0.000328289 0.000186681 0.000229607 6.39024e-05 12.9388 3.0828e-05 2.26523 0.0306215 0.0567836 0.698871 11.8566 0.0303235 0.000214831 3.02052 38.9394 0.802497 6.8539 
0.842197 3.17393e-05 0.000236207 0.0156997 0.478465 0.970758 0.00177812 7.70436 0.000169162 25.7809 2.38332 6.19704 2.1958 0.0119757 1.27538 20.4021 1.60315 7.91131 
3.33433 1.44042 2.56529e-05 0.000483464 3.94553 0.209392 1.61422e-05 3.7456 0.401445 0.0662267 0.00543438 89.3904 0.161533 0.000792609 6.30643 16.5537 1.87593 3.11676 
0.000676335 0.000451124 3.25062 1.33718e-05 0.0160479 0.346568 3.73476e-05 6.27349 0.704547 5.94935 6.33037 227.315 0.298716 0.0631592 5.51452 5.9654 1.13153 1.23669 
0.137096 0.0572566 1.27032e-05 8.24782e-05 0.00897765 1721.68 0.0734708 0.0667009 1.69342e-05 7.9491 0.463653 1.72025 0.0182466 0.0861632 3.12383 47.8027 0.657805 4.32289 
0.176432 2.34641 4.90734e-05 0.000355971 0.000356633 1.22758 0.0483486 0.188673 0.0731701 0.300355 6.88868 2.60164 5.34946e-05 0.000307945 2.98764 37.1294 0.723035 9.49339 
1.6666e-05 0.0017492 0.00237626 0.0137702 0.000251 8.5429 0.0589536 0.136926 0.0445301 1.13023 1.67169 113.034 0.00154693 0.00248915 2.66436 46.6083 8.40577 1.37514 
1.09978 0.119674 0.00609784 0.557069 7.90392e-05 0.408341 0.00236593 0.0149159 0.00164715 1.57076 4.53117e-05 0.0547747 1.07094e-05 0.146866 0.804478 49.7448 2.53137 9.93105 
1.32439 0.0220134 3.73414 0.532152 0.00465328 117.689 3.62875e-05 0.00132501 0.00158784 0.101947 0.00144096 0.277615 0.000106482 0.0361717 1.16202 44.7431 0.917324 4.4942 
5.29565 0.067519 7.73614e-05 7.6025e-05 0.00532451 834.177 0.368033 8.85336 0.750661 0.0780535 0.867156 14.3552 0.00141181 0.000490696 3.65645 33.3623 2.70587 6.45635 
0.0154807 1.15208 1.08941 0.0226976 0.545732 0.769289 0.017803 9.99591 0.173664 228.031 2.78953 294.881 0.00454978 0.00911526 1.11477 27.4856 3.50411 3.58521 
0.00984991 0.000821789 0.270915 0.000471791 0.11609 0.725727 3.80155e-05 2.21838 0.045032 0.328273 0.000788909 148.481 0.00197203 0.00235768 1.96439 49.4213 3.13721 6.01936 
2.661 0.00536978 0.0937725 7.36593 5.54569e-05 0.275016 0.00104044 4.25212 0.00197355 6.84036 0.0318487 0.268436 5.89189 0.000594912 0.406605 35.742 1.2714 5.40643 
0.148401 0.000866068 0.0229721 1.71875 1.44931 1.06381 0.00269531 0.00479792 0.000867151 1.71302 0.235085 0.779649 1.66064 0.0108386 1.47621 32.3893 2.01476 7.38838 
0.00422095 0.0170642 2.81795e-05 0.43188 0.435586 11.566 0.00133717 0.383572 0.00850028 5.14567 8.50606 2.15004 0.0777457 0.124722 2.72438 35.7713 0.900212 7.67311 
1.68968e-05 3.45919 5.95411 0.000356596 0.00194298 0.109984 5.32145e-05 1.90716 0.202446 0.0324048 0.257987 355.167 0.019187 0.00157445 1.53794 19.8754 1.17545 7.21002 
0.000192503 4.52624e-05 0.0109286 0.00546031 1.44398 66.4577 0.0350516 0.150541 0.0115689 0.497778 0.10224 0.075711 3.63917 7.23898e-05 1.73158 20.1477 2.72071 7.74276 
0.0632234 0.566161 4.35274 0.0860974 0.461849 212.39 0.000310159 0.000152406 0.318041 6.11636 0.935517 0.0169888 0.568663 0.0664731 0.402078 47.2457 2.50346 8.44626 
0.00118744 0.004926 0.0248781 1.92972e-05 0.074231 104.846 1.21859 1.32057 0.235698 0.784231 0.0028476 306.13 0.00145111 0.00336698 3.55366 39.093 7.8705 3.71414 
0.00259244 0.016661 1.42128e-05 0.00849586 0.0529924 1.18768 0.000637752 2.24674 0.00825141 98.8856 4.68765 10.3113 6.20523 2.51474e-05 5.89596 47.8106 1.38881 8.74487 
0.00153999 0.0010651 0.480077 0.0134948 0.00305179 53.7766 2.52312 0.100541 0.012834 0.0835892 9.50352 6.42935 0.00938216 0.114166 1.97556 46.3156 1.49021 9.29436 
9.74109 8.06585e-05 0.000379312 0.0063742 0.000101061 50.122 0.322873 0.163762 0.00241219 0.0124609 0.3809 130.553 1.05369e-05 9.94353e-05 0.951577 40.1882 7.86203 6.26743 
0.007624 0.586709 0.000152438 0.00318204 0.0733539 5.43976 2.87629e-05 0.856318 0.658924 2.75606 0.293999 163.175 0.0665627 0.114317 4.72714 9.27565 1.22775 2.45133 
1.36813e-05 1.21247 0.000545849 0.00279793 9.23462 47.4092 0.481382 2.80262 0.0739008 0.0697395 0.0100561 146.761 0.0380495 1.97418e-05 4.62991 12.088 2.36009 7.92391 
0.00171496 0.0824085 0.00422681 1.39704e-05 0.0532136 0.171457 0.069003 3.27358 0.488112 2.9923 8.27567 477.386 0.000111206 0.0689272 6.42793 32.3642 5.83244 1.9092 
0.00108135 0.000270176 1.77658e-05 0.000115811 2.73742e-05 292.195 0.509658 0.146032 0.035009 1.63384 2.56427 284.333 1.76139e-05 0.247503 1.27636 3.0051 3.38326 5.71038 
0.000849155 0.0020826 0.00494582 0.046364 1.41433 0.126058 0.246533 0.00113728 1.44041e-05 1.41166 0.00917413 0.249471 3.57901 0.00012624 1.90898 47.5366 1.22915 3.48785 
0.126246 2.8227e-05 0.000636687 0.0156209 1.40617 781.199 0.871602 0.145917 0.285482 6.52824 0.0331056 322.363 0.012444 3.9163e-05 0.691024 16.4911 5.76794 1.72235 
0.0125927 7.54916 0.00137217 0.000104562 6.56718e-05 141.864 0.00263458 1.59537 0.0433984 87.3809 2.32527 92.7319 0.0139982 1.2623e-05 1.0508 13.2624 3.66183 9.33259 
