-22731.21448
-22723.20208
-22711.5191
-22675.67003
-22672.29182
-22664.97231
-22656.31861
-22641.16138
-22630.92171
-22626.54053
-22616.21264
-22580.46355
-22570.40949
-22565.17504
-22532.70318
-22520.28236
-22495.13734
-22457.33288
-22419.90899
-22415.03091
-22408.93835
-22382.76609
-22357.40137
-22343.33136
-22326.18968
-22317.99517
-22317.88227
-22301.51801
-22294.90515
-22288.461
-22257.61327
-22255.41848
-22253.30171
-22242.278
-22235.81351
-22233.96396
-22232.93437
-22194.3137
-22172.89168
-22159.7666
-22139.58878
-22113.7165
-22103.30863
-22087.83607
-22038.30246
-22007.95332
-21976.37824
-21973.36148
-21948.7647
-21943.26907
-21876.93517
-21855.13668
-21796.87233
-21787.33688
-21774.9692
-21774.20919
-21766.18183
-21755.74823
-21703.43697
-21702.87791
-21693.7259
-21690.76774
-21655.61873
-21654.23757
-21628.02143
-21620.64987
-21601.02067
-21577.90334
-21570.52698
-21541.63537
-21530.94573
-21530.44822
-21506.68054
-21496.73498
-21462.74726
-21454.98751
-21415.37419
-21362.70597
-21351.4163
-21320.79274
-21313.70409
-21305.56169
-21282.2313
-21272.44008
-21259.56722
-21254.81234
-21224.32938
-21216.07874
-21203.20204
-21189.73656
-21062.92225
-21045.82122
-21042.43545
-21030.13343
-21013.117
-20994.10231
-20984.56029
-20945.81016
-20922.94341
-20899.25155
-20891.61132
-20885.4631
-20801.2136
-20800.03246
-20768.84683
-20719.61538
-20714.08134
-20712.05468
-20683.43885
-20674.16288
-20602.69671
-20599.82632
-20577.56718
-20565.28735
-20556.35888
-20511.88082
-20487.48071
-20482.33774
-20468.87553
-20457.79916
-20439.71801
-20431.96465
-20428.60616
-20421.90903
-20355.35864
-20343.2569
-20327.88383
-20300.45964
-20297.09394
-20290.64287
-20253.54368
-20250.44382
-20237.6333
-20098.98086
-20042.67609
-20012.8622
-19978.53942
-19969.72441
-19952.62883
-19950.48776
-19944.52667
-19924.71082
-19862.67707
-19860.68763
-19828.64802
-19808.32195
-19805.9356
-19768.49643
-19714.67293
-19692.30002
-19685.58038
-19661.11585
-19599.62786
-19526.18204
-19516.25251
-19490.22492
-19485.93638
-19456.15991
-19454.24625
-19450.6344
-19444.06265
-19436.98086
-19418.60983
-19407.84791
-19370.30004
-19331.17977
-19310.45533
-19296.49146
-19287.64238
-19262.29386
-19258.50583
-19219.78071
-19180.49725
-19163.47179
-19138.54255
-19078.48386
-18987.0741
-18973.66752
-18969.27266
-18958.09763
-18943.22629
-18889.9343
-18829.1306
-18787.8158
-18771.0362
-18745.93558
-18690.99011
-18667.67172
-18650.76709
-18639.10028
-18622.17501
-18583.7553
-18578.85111
-18576.19509
-18546.93028
-18483.20928
-18481.93016
-18465.1442
-18435.48192
-18426.41038
-18406.60588
-18383.07223
-18355.94185
-18316.29321
-18251.5689
-18248.14193
-18240.4588
-18234.53629
-18183.97067
-18181.64455
-18134.57534
-18131.74109
-18061.75283
-17999.35198
-17989.23861
-17942.75036
-17932.6143
-17930.47598
-17862.07323
-17817.84324
-17800.40354
-17791.19305
-17783.74322
-17763.22393
-17747.35761
-17714.01673
-17713.49083
-17698.24865
-17658.55144
-17654.77535
-17635.71766
-17615.67641
-17609.68305
-17591.22009
-17584.49329
-17578.98037
-17562.35698
-17549.65938
-17539.35135
-17524.069
-17462.64685
-17432.8056
-17414.82216
-17397.16387
-17385.83582
-17370.17444
-17330.76894
-17312.80182
-17301.7733
-17300.66179
-17256.21234
-17240.94818
-17176.13455
-17161.0849
-17126.86065
-17101.0889
-17087.55024
-17075.96017
-17070.57333
-17064.34967
-17017.6414
-16956.51745
-16911.88658
-16902.36946
-16864.06028
-16831.67303
-16827.27428
-16823.82144
-16784.41269
-16748.52432
-16708.08469
-16699.18202
-16688.44212
-16658.06071
-16652.69919
-16623.66086
-16583.54358
-16577.03456
-16539.29963
-16530.51225
-16448.71438
-16429.42865
-16363.38749
-16316.43367
-16287.3644
-16239.08952
-16234.68445
-16167.55952
-16091.91836
-16076.55259
-16043.3191
-16041.03834
-16020.75233
-16006.1455
-15975.51467
-15970.80255
-15956.33909
-15943.45742
-15936.62987
-15895.79713
-15813.81358
-15755.40149
-15742.58055
-15724.8763
-15718.79242
-15634.90113
-15551.61012
-15499.80813
-15416.82859
-15383.90078
-15257.48517
-15210.32036
-15207.04594
-15132.45914
-15111.38773
-15093.17406
-15074.40832
-15053.63666
-15052.4132
-14979.58322
-14946.68397
-14929.21812
-14921.34276
-14813.9381
-14709.97846
-14686.42161
-14640.79482
-14634.97303
-14634.96581
-14625.91903
-14615.58486
-14596.69214
-14562.42206
-14520.20014
-14479.35539
-14407.90504
-14392.52291
-14377.8919
-14351.30666
-14264.98622
-14254.34454
-14098.56893
-14094.36222
-14010.67456
-13848.46051
-13731.33728
-13718.38178
-13608.55983
-13596.4853
-13488.37206
-13473.71366
-13467.81128
-13359.17395
-13272.94153
-13261.99152
-13235.23531
-13207.85479
-13164.17502
-13070.73936
-13018.95338
-12881.70738
-12870.30852
-12827.92307
-12816.45117
-12789.96234
-12691.90399
-12690.64998
-12681.76745
-12670.6074
-12664.29303
-12658.57218
-12553.02514
-12469.90958
-12347.24873
-12330.66585
-12290.15048
-12110.33087
-12071.59337
-12058.83778
-11866.45925
-11844.58287
-11794.05368
-11775.27604
-11766.88178
-11639.60695
-11618.01182
-11597.41872
-11580.97144
-11452.63907
-11421.71063
-11386.78066
-11373.20628
-11346.88293
-11258.38816
-11120.20216
-11091.12155
-11079.30287
-11066.819
-11045.92286
-11045.80828
-11040.86385
-10874.88067
-10854.12314
-10736.71943
-10685.91396
-10665.98999
-10548.15205
-10460.43316
-10409.49166
-10383.55971
-10336.78936
-10271.8448
-10264.34094
-10231.7534
-10088.64171
-10062.54848
-10045.65054
-9993.497759
-9838.34475
-9827.643718
-9813.705764
-9765.00174
-9758.140025
-9384.565842
-9378.883226
-9345.917182
-9340.30773
-9232.884252
-9010.492409
-8904.862944
-8863.590238
-8763.035124
-8741.02756
-8716.377601
-8709.566638
-8458.931878
-8450.691764
-8402.776755
-8353.436951
-8315.928645
-8294.404654
-8236.157156
-8161.209106
-8156.075924
-7844.488618
-7575.572953
-7557.11962
-7522.24104
-7332.808535
-7302.696409
-7272.245358
-6942.963616
-6619.896642
-6498.13576
-6480.125741
-6329.424488
-6264.369706
-6244.519883
-6241.758419
-6231.909554
-6162.581477
-6146.56232
-5980.327772
-5868.039881
-5799.644361
-5798.025468
-5753.551542
-5162.350499
-4999.058957
-4982.37321
-4833.892586
-4785.181483
-4442.543407
-4375.760757
-3967.52395
-3746.53521
-3744.908785
-3698.289227
-3540.607084
-3481.231348
-3398.478786
-3206.280823
-3187.762401
-3047.452644
-2852.938314
-2514.586307
-2453.326366
-2314.422401
-2205.643573
-2166.890037
-1953.366537
-1699.419911
-1338.341526
-839.0943163
-643.4688027
-336.0576039
-255.2475953
-253.9525237
-207.9734964
-193.3070056
