-170.4345838
-170.4308173
-170.426555
-170.4258194
-170.4252753
-170.4243612
-170.4222438
-170.4188092
-170.4182556
-170.4169146
-170.4164635
-170.4093328
-170.4090182
-170.4041741
-170.3987729
-170.3986289
-170.3770098
-170.3696135
-170.3691704
-170.3683413
-170.3682149
-170.3657237
-170.3618865
-170.3617246
-170.3614209
-170.3532405
-170.3462682
-170.3458767
-170.3450425
-170.3383014
-170.3267221
-170.3234137
-170.3234088
-170.322814
-170.3138943
-170.313417
-170.3103704
-170.3062311
-170.2998531
-170.299278
-170.2990225
-170.2943422
-170.2787327
-170.2714842
-170.2697378
-170.2669517
-170.2600701
-170.2586877
-170.2550971
-170.2532537
-170.2392705
-170.2373972
-170.2369078
-170.2292128
-170.2133905
-170.2122789
-170.2103249
-170.2084792
-170.2079279
-170.2033308
-170.1984825
-170.1953756
-170.1878352
-170.1874214
-170.1863212
-170.1860052
-170.1823027
-170.1808776
-170.1789727
-170.1769211
-170.1688155
-170.163106
-170.1533411
-170.1529243
-170.1523297
-170.1516598
-170.1391923
-170.1219368
-170.1215391
-170.1208616
-170.109913
-170.1098514
-170.1048352
-170.0989688
-170.092144
-170.0855987
-170.0822186
-170.0795791
-170.0786226
-170.0657076
-170.0614538
-170.0600774
-170.0574228
-170.0566905
-170.0514965
-170.0331803
-170.0289308
-170.0186014
-170.0100042
-170.0096072
-170.0086111
-170.0068293
-170.0053694
-169.9980788
-169.9933776
-169.9926915
-169.989384
-169.9693537
-169.9650995
-169.9636981
-169.96143
-169.957622
-169.9549427
-169.9512051
-169.9480214
-169.9478682
-169.9463597
-169.9444578
-169.9377574
-169.9272516
-169.9241078
-169.9123108
-169.9062696
-169.9019448
-169.9002676
-169.8993289
-169.8958204
-169.8947653
-169.8896051
-169.886841
-169.8736554
-169.8722498
-169.8704473
-169.8696964
-169.8643266
-169.8616233
-169.8565836
-169.853826
-169.8517937
-169.8491383
-169.8468133
-169.8459331
-169.8407096
-169.8317631
-169.8260764
-169.8259962
-169.8163008
-169.8121343
-169.8118462
-169.8105986
-169.8092754
-169.801319
-169.7986093
-169.7942678
-169.7799037
-169.7739958
-169.7673831
-169.7667487
-169.7590418
-169.7521685
-169.743471
-169.7370601
-169.7339736
-169.7186347
-169.71686
-169.7134538
-169.7038027
-169.7001242
-169.6856804
-169.6813619
-169.6726683
-169.666129
-169.6620012
-169.660636
-169.6598133
-169.6486672
-169.639102
-169.6337965
-169.6295376
-169.6257555
-169.6203649
-169.6160734
-169.6132662
-169.6086529
-169.6031025
-169.6030558
-169.5935168
-169.5877279
-169.5813112
-169.5769433
-169.5734291
-169.5694073
-169.5607594
-169.5594379
-169.5584754
-169.5577549
-169.5556176
-169.5514308
-169.5485794
-169.5465426
-169.541429
-169.5335719
-169.5219261
-169.5204705
-169.5158928
-169.5140132
-169.5120095
-169.511068
-169.5079049
-169.4901964
-169.484406
-169.4703152
-169.4611057
-169.4576933
-169.4565009
-169.4449034
-169.4413522
-169.4369599
-169.4321087
-169.4289506
-169.4269978
-169.4265975
-169.4208111
-169.4183241
-169.4139969
-169.406439
-169.4018305
-169.3926484
-169.3840466
-169.3784964
-169.3718179
-169.3494628
-169.3355591
-169.32948
-169.329308
-169.3280774
-169.3235095
-169.3144717
-169.3076099
-169.3043185
-169.3013285
-169.2983922
-169.2956905
-169.2943649
-169.2894015
-169.2876781
-169.2753909
-169.2713053
-169.2654777
-169.2547193
-169.252696
-169.24512
-169.235968
-169.2312574
-169.2273983
-169.2096634
-169.2026039
-169.1960932
-169.1938659
-169.1812061
-169.1760111
-169.1716445
-169.1715381
-169.1473481
-169.1459189
-169.1439534
-169.1278044
-169.1208992
-169.114367
-169.1126885
-169.1040506
-169.0981883
-169.0917246
-169.091072
-169.0887866
-169.0856653
-169.0714165
-169.0711739
-169.062848
-169.0292852
-169.0233574
-169.0181055
-169.0037041
-169.0024261
-168.9955192
-168.9940602
-168.9923406
-168.9897849
-168.9693631
-168.9417935
-168.9157701
-168.915218
-168.9151755
-168.9148435
-168.9032693
-168.8829456
-168.8805403
-168.8788747
-168.8777329
-168.8769878
-168.8703656
-168.8677266
-168.8594846
-168.8506895
-168.8485746
-168.843522
-168.8384395
-168.8086476
-168.8050468
-168.7988527
-168.7945419
-168.784005
-168.7590815
-168.7584818
-168.7492123
-168.7468672
-168.7431944
-168.7142655
-168.7109949
-168.7048534
-168.7031847
-168.6983729
-168.6979689
-168.6912403
-168.6779845
-168.6745929
-168.6574044
-168.6556432
-168.6464125
-168.6365262
-168.6107182
-168.6030094
-168.6000118
-168.5914983
-168.580148
-168.5694146
-168.5674253
-168.5616553
-168.5558052
-168.523468
-168.5218369
-168.5172935
-168.5031131
-168.5018536
-168.4920098
-168.4913581
-168.4849066
-168.4618779
-168.4050397
-168.3914635
-168.3780289
-168.358997
-168.3510174
-168.3404157
-168.3343454
-168.3322368
-168.3281446
-168.3079379
-168.2882003
-168.2825637
-168.2738226
-168.2715488
-168.2714736
-168.2468423
-168.234559
-168.2312486
-168.2281551
-168.2275982
-168.2166913
-168.1992847
-168.1985983
-168.1981626
-168.1950462
-168.1781044
-168.1681658
-168.1645489
-168.1569759
-168.1545415
-168.1448485
-168.136378
-168.1267039
-168.1157269
-168.1077481
-168.1046742
-168.0964479
-168.0940234
-168.0843927
-168.0687897
-168.0624815
-168.0505544
-168.0446383
-168.0198354
-168.0191459
-168.0171257
-168.0061054
-168.0014333
-167.9909184
-167.9640426
-167.9602518
-167.9482993
-167.947966
-167.9011894
-167.9004454
-167.8964493
-167.8932739
-167.8859587
-167.8841808
-167.8734815
-167.8620601
-167.8229315
-167.8127413
-167.7892932
-167.7794409
-167.7673652
-167.7612999
-167.7509843
-167.7488365
-167.7392422
-167.738108
-167.697886
-167.6891598
-167.6517213
-167.6458597
-167.6419251
-167.6355898
-167.6344522
-167.6227287
-167.5486071
-167.5419736
-167.5289555
-167.5241084
-167.5057198
-167.504989
-167.5002729
-167.4891216
-167.4791356
-167.445616
-167.4397529
-167.4303624
-167.4197147
-167.3943566
-167.3725502
-167.3515163
-167.3349912
-167.3153656
-167.307847
-167.3017731
-167.2772502
-167.2640916
-167.2520849
-167.1502748
-167.1326802
-167.1286686
-167.110297
-167.102911
-167.0910201
-167.0868353
-167.072451
-167.0662312
-167.0605372
-167.0327802
-167.0224653
-166.9128741
-166.7948636
-166.7556385
-166.7455972
-166.7436066
-166.7395131
-166.7135774
-166.6952074
-166.6797949
-166.6410846
-166.6209576
-166.6153445
-166.6087629
-166.6005393
-166.5380345
-166.4974578
-166.4866751
-166.4717114
-166.4529194
-166.4523993
-166.3844943
-166.3408195
-166.3185678
-166.3114652
-166.2769656
-166.2724426
-166.2163021
-166.1061379
-166.0259952
-166.0103139
-165.8194125
-165.4513186
-165.174871
-165.048461
-164.7605273
-164.722985
-164.637472
-164.5860044
