0.000607778 0.00288124 2.33084e-05 0.0383509 6.80319e-05 26.6061 0.73605 0.170815 0.0596897 4.06478 1.13334 205.591 0.0500826 5.43151e-05 1.54548 13.3523 1.21575 0.812765 
0.000957728 9.15402 0.440877 0.00165183 0.455557 0.52797 0.0583556 1.69887 0.522974 393.307 0.213986 34.6022 5.75142 0.00321661 1.36866 34.8743 1.76797 3.73788 
0.000333977 0.073878 0.00215204 0.00861232 0.000442867 0.0627967 1.67016e-05 0.615682 0.00210409 0.472654 7.17565 29.9497 9.05478e-05 0.000681007 0.976296 15.6944 1.6336 9.1395 
0.00133153 0.216126 2.30254e-05 0.0288949 0.000775804 578.305 0.964017 0.172172 0.00563375 0.0294463 2.1868 339.773 0.0862595 0.0459129 5.70719 6.0195 1.2783 3.07442 
0.000314316 0.00012584 4.08484 0.000124558 0.0624749 54.2019 0.233143 0.0691854 0.0339961 0.101965 0.246414 202.578 0.00332096 2.49383e-05 8.43443 6.46796 0.989965 9.56772 
3.61985e-05 0.00108624 0.000104353 2.60483 8.13964 1.476 0.000188768 4.08558 0.861659 12.1206 0.154522 154.618 0.000151019 1.12741e-05 0.928202 26.636 2.95225 0.816543 
0.0147587 0.0881506 4.01189e-05 0.09211 2.37508e-05 11.0702 0.033882 0.940623 0.0559847 7.47455 2.08086 72.0571 0.000153094 0.000320374 2.94995 13.6186 1.20679 7.21477 
4.73009 0.112984 0.000639133 7.43631e-05 0.00073261 5.29522 2.28347e-05 0.86112 0.0152611 0.060405 0.502148 325.166 0.000193641 0.00922693 1.70904 18.6332 1.11622 1.40938 
3.92449e-05 0.000902005 6.96308 3.93299e-05 0.0104212 69.6483 3.66166e-05 0.421791 0.230409 28.4712 0.840119 129.057 0.000752368 8.71925e-05 1.2724 12.4037 1.24578 2.73788 
0.000136498 0.667966 8.72731e-05 1.82213e-05 3.0549 268.939 0.306001 1.37108 0.0346043 28.6699 7.96894 106.892 0.000266531 0.000261438 2.80459 12.4589 1.57975 1.31235 
0.0246617 0.00587381 5.53984e-05 0.30445 2.79703e-05 0.0357805 0.248171 6.41518 0.0484229 0.540682 0.211284 119.395 5.48435e-05 0.0170516 2.59713 32.7133 1.29542 2.48998 
1.24072e-05 0.000167041 0.0311967 0.0502551 0.0696958 5.22374 2.54613e-05 0.930525 0.160334 1.10979 0.0316328 324.214 2.20179e-05 0.0049203 2.44586 9.82284 1.17733 4.1253 
0.000257461 0.00106354 1.62385e-05 0.000306092 0.00139997 1059.1 0.488621 0.342274 0.603767 3.96847 0.0140379 335.684 7.50581e-05 0.00535913 2.22113 8.66695 2.03356 0.913707 
0.00977199 0.340052 3.95948 9.39206e-05 0.998718 269.896 0.00573729 0.24096 0.0195699 0.0711735 2.00198 280.288 0.0311937 0.000495347 2.34636 8.29562 1.32795 1.51844 
1.71665 0.00842529 0.0377393 0.000579702 0.00188689 955.79 0.759452 4.8597 0.187302 0.269699 0.0602998 415.444 0.000122411 0.00229281 1.09715 18.3835 1.64254 1.93528 
0.000641582 0.122734 0.0170206 0.195345 0.00102473 2662.07 0.00199481 0.0435693 0.118729 80.1247 9.49015 334.209 0.000113125 0.000252094 7.14674 15.4927 1.20813 0.957475 
0.0003324 0.024278 3.57384e-05 0.00027213 0.172143 551.56 0.012063 4.85048 0.0884597 77.777 1.10755 424.881 0.0571977 6.07446e-05 1.58274 16.7396 1.13545 3.85256 
3.79325e-05 2.04269e-05 0.596069 0.013581 0.0465764 0.391701 9.21117e-05 0.209062 0.0486547 0.0357272 0.0338771 496.203 0.000172802 0.120044 2.22932 2.7289 1.79318 2.63877 
0.638114 0.317283 2.12314 0.0187116 0.0153882 9.08479 0.0184351 0.712392 0.0471675 0.0448579 0.0303504 31.9568 2.26443e-05 0.000210864 2.07844 29.7176 1.8437 4.13962 
0.355528 0.000882602 0.000536001 0.343915 0.000470137 0.531105 1.19755 0.533719 0.0675234 37.6679 5.86742 50.848 3.11759e-05 0.00167561 5.00855 20.2014 0.904539 6.72836 
0.502588 0.966521 0.165073 3.79524 2.61852 6.81127 0.000127141 1.21636 0.103165 5.79032 1.50074 420.697 5.98443e-05 0.0270206 2.2092 3.04647 0.938452 7.15822 
0.260913 0.104433 0.00105433 0.0317505 1.46679e-05 169.706 4.59929 0.227985 0.0170949 0.356167 1.11255 12.9236 1.98801e-05 9.78871e-05 2.24049 41.7278 1.26818 2.88848 
0.000177835 5.85606e-05 7.52417e-05 1.64455e-05 0.223934 0.010897 0.00544202 0.231228 0.0653962 0.314663 0.360646 116.885 1.22435e-05 0.000180782 7.88287 36.1378 1.12519 1.38043 
3.52333e-05 0.0449693 1.7222e-05 1.65139 0.477012 185.452 4.10746e-05 2.28569 0.0116413 0.330261 0.581333 324.213 0.0365635 0.00880318 2.21359 33.4119 1.52053 0.261518 
3.10947 0.258295 3.96036 0.0499519 0.407772 51.9281 3.34859 0.031262 0.0163475 0.843994 6.53128 54.3458 0.0297963 0.0160664 4.26074 24.3819 1.05951 3.35201 
1.38242 5.19643e-05 0.000792686 0.000261014 0.0139393 9.86842 8.93447 1.0348 0.0593019 0.969805 0.148351 167.118 0.0467835 0.00110632 2.45169 22.7826 1.22263 0.7843 
4.9617 0.000698184 0.008997 0.0421003 9.89898 1489.94 0.000973099 0.832929 0.0289687 0.326889 2.02134 419.084 1.79633e-05 0.000255309 1.67386 39.9019 1.54298 0.342199 
0.264623 0.0165442 0.0225519 0.000138395 2.87646e-05 457.502 3.88246 1.15757 0.324905 14.7426 0.182758 235.849 0.0242267 0.000283135 2.07415 25.967 1.4712 0.440651 
1.03458e-05 0.639119 0.315918 0.264927 0.0336885 31.6064 0.372558 1.30861 0.688415 17.454 0.0515857 172.5 0.00116845 0.000396761 1.09224 33.5931 1.16664 1.984 
0.212213 0.00844205 0.0761843 0.0887122 0.000883128 6.0364 0.718028 0.181927 0.182079 0.703721 0.0199626 145.829 0.0083405 1.54078e-05 1.44266 6.56838 1.57419 4.70804 
5.18992e-05 0.00575373 0.000922118 0.00272354 4.32143 0.0234116 0.00825381 7.57382 0.165654 14.3738 2.11791 243.915 0.000124171 0.00459547 2.94194 9.9754 0.891662 3.25366 
0.157057 7.20855 0.000131345 0.00105289 4.17786 0.364682 0.000198563 0.659284 0.0753798 10.5848 0.21671 10.1198 2.7512e-05 0.000307397 0.746759 38.3004 1.57251 9.391 
0.00521422 0.00237625 0.00379656 0.00359057 0.00176263 737.459 2.37006e-05 1.22652 0.303992 24.8666 0.054162 479.256 7.50747 0.000523567 0.954575 18.3456 3.13847 0.284987 
0.00127983 0.151085 0.7382 0.00204407 0.0251866 0.0129329 2.74162e-05 1.03617 0.0818307 17.1224 0.759013 142.4 0.0197877 0.000496394 0.84106 32.4815 3.57414 1.13439 
3.08451e-05 0.0700771 0.00121889 0.000932154 0.0484458 369.744 2.72958 0.693492 0.0396585 17.2157 0.981666 167.21 3.79755e-05 0.00134904 1.78066 5.39092 1.39051 2.88719 
0.00130575 2.66819 3.1687 5.43005 8.14117 64.0668 0.0764165 0.303604 0.00346786 0.0508201 5.74855 11.5062 0.00869596 0.00115512 1.09861 48.7989 1.65711 4.52276 
2.55014 0.000103153 0.0335164 0.000333815 0.00412553 0.159274 0.427836 1.20364 0.0412184 18.9152 4.42555 139.334 0.0121935 1.10915e-05 1.04827 7.77409 1.52085 1.77808 
0.0161109 5.47012 3.86921 0.0268928 0.90717 1664.9 2.68765 0.258571 0.106696 0.396583 0.181847 77.8202 0.0361167 0.000375574 1.79479 18.1139 2.14263 2.42316 
0.000591027 7.28411 1.73809 8.78612 0.0677868 2820.66 0.000134646 0.921349 0.00516285 0.602468 7.82582 217.368 0.00365536 0.0687599 2.25058 7.1685 1.64648 2.78331 
8.8796e-05 0.0947072 2.57622 2.94666 2.3358e-05 1004.06 4.00172e-05 1.10624 0.0118465 0.731047 3.06005 58.0935 0.00539335 0.0298655 1.00654 35.6212 2.83422 2.02904 
4.35513 3.31135e-05 1.80128 0.707458 1.58558 1.25199 0.0269781 3.4627 0.141497 0.556797 0.257741 476.907 0.000291545 0.0136041 9.84046 21.6687 1.12163 0.653167 
0.019656 0.00111436 0.00422286 0.00130923 0.000414254 63.3974 0.244863 1.3035 0.00382687 0.0121667 4.19005 335.508 0.0178027 5.32229e-05 3.32421 24.0994 1.61558 1.49561 
0.121425 1.30165e-05 1.54944e-05 0.0210762 0.143667 0.0707181 0.402474 3.97568 0.671741 8.23247 0.109449 136.654 0.153071 0.0231401 1.23608 47.0596 1.93746 0.81714 
0.235511 0.134081 0.525478 1.32592e-05 0.0849658 0.0435705 8.34362e-05 6.42123 0.102575 0.26279 0.0853748 129.011 1.63296e-05 0.000414188 1.05957 27.2968 2.73255 1.07325 
0.000135682 0.168722 0.00822297 4.3298 0.0376944 91.1272 0.2993 2.94772 0.161188 27.0863 5.40331 126.683 3.47124e-05 7.7404e-05 2.03649 36.3865 1.21787 0.916507 
0.000359876 1.18752 0.000112676 1.05979 0.00490482 0.269572 0.000253036 5.36699 0.0151787 0.0191242 0.35835 142.896 7.59033e-05 0.000354327 1.88657 41.3722 1.82837 0.483727 
0.000380874 4.54015 5.36889e-05 0.0036274 0.115574 1564.58 3.9854e-05 1.29669 0.082641 0.272795 2.01138 496.812 0.0703696 2.12273e-05 4.34561 34.8267 1.71466 0.160097 
5.2639 5.40912e-05 3.16502e-05 1.11981 1.79965e-05 7.23424 1.17217 1.0543 0.0062667 0.0551123 1.19844 34.0567 0.00141289 5.91902e-05 1.69335 34.4396 1.24263 4.07851 
2.63894e-05 0.312316 0.00110983 0.0740822 0.336753 0.0329676 0.035785 2.13802 0.906822 35.4415 0.254851 216.241 4.2486 0.000543514 1.79075 5.28976 1.86719 2.73338 
0.99933 0.00557891 0.280484 0.000103143 0.491709 192.084 0.00279097 3.49443 0.0832721 8.26004 0.759957 377.99 0.00458256 0.00720462 1.46368 25.8993 1.05583 3.02308 
5.60894 0.0378826 0.00802992 0.00435698 0.367308 11.1963 0.00492317 1.28906 0.0116066 0.0640678 3.64206 174.29 0.00306139 0.0371781 8.11737 19.7856 0.975056 1.89861 
1.279e-05 0.152527 0.000469178 0.00031264 8.12469e-05 71.0942 0.00231866 4.17648 0.0354334 0.20979 0.361306 195.55 0.000517954 0.00158981 1.65724 41.2306 1.22361 2.39197 
0.178468 0.00185664 0.0274648 0.739067 3.52617e-05 0.10642 0.000986071 2.48934 0.112106 18.4878 2.60406 93.7482 0.00088977 0.000226316 1.03992 37.1412 1.48894 0.907581 
0.000506982 0.0348805 0.00467692 0.000292894 0.0402062 1.48939 2.89309e-05 4.35253 0.0408814 12.615 9.82713 120.377 0.00112654 0.000112317 1.55808 7.07996 1.1672 9.39925 
2.31566e-05 0.00064607 1.88553 9.6077e-05 1.77262e-05 2.53226 0.0037416 0.63651 0.093507 12.2421 7.57176 282.058 0.000436538 0.000208157 1.01343 23.0643 1.85528 1.01678 
0.0503725 0.000303758 0.000367496 8.89649 0.2742 29.3965 0.0139936 1.66988 0.0574867 65.4418 6.07315 172.066 0.0107298 0.000675163 1.1344 4.72116 1.47107 9.50852 
0.0251385 3.76127e-05 0.000650926 4.4467e-05 0.000770096 0.909352 0.000233518 0.534646 0.89949 30.3546 0.0964388 33.1385 0.0128133 0.00330618 1.30836 22.6308 1.92701 2.19849 
0.00297758 0.174947 0.0866824 0.394595 0.00872795 0.608566 0.014228 0.460368 0.0825314 192.287 2.50877 19.6953 9.61688e-05 3.27566e-05 0.924717 49.0998 1.73477 4.07108 
0.00516401 0.00164177 0.201425 5.74774e-05 0.109686 0.876225 2.29778e-05 0.102464 0.0856363 0.679811 0.0286371 160.361 1.38538e-05 3.1415e-05 2.18008 13.4353 1.63019 1.12953 
7.57596e-05 0.00114607 0.000688686 0.27844 0.000338565 452.24 0.106681 0.387275 0.0146111 0.514042 6.05261 153.987 2.22999e-05 0.00155414 1.03133 6.15017 2.43227 7.46961 
0.0146973 1.01297e-05 9.28908 0.619403 0.00448183 0.917924 2.59497e-05 0.0219327 0.00892614 4.52491 5.65432 62.7902 0.0198971 0.00603226 1.16714 18.7338 1.58482 4.30481 
0.0058159 3.66401e-05 3.93581e-05 0.201154 0.000192007 51.5283 0.000350936 0.124257 0.245702 32.5319 0.264274 102.132 3.80495e-05 0.00170938 1.33818 14.5602 0.948693 3.18106 
2.07273 0.0055267 0.0177067 0.00409319 0.00172698 0.0269913 1.92769 0.870066 0.0904504 4.16092 0.438364 293.738 0.00711478 0.121548 2.30504 5.3888 1.76694 2.21276 
0.000140737 0.929676 0.000682341 0.0067623 0.914426 1.14812 8.66157e-05 7.38059 0.0340916 0.149676 1.19328 172.134 0.00608395 0.0122563 2.77742 46.1781 1.44014 0.834407 
7.90952e-05 0.278988 0.023289 3.3632 2.99904e-05 0.987814 2.88049 4.67653 0.399836 32.4895 0.683816 82.5527 0.00111353 4.5469e-05 1.45295 35.0109 1.67311 1.7914 
0.0213667 0.000748473 0.00404386 0.294535 5.78607 1.14532 1.00027e-05 0.53211 0.599969 149.206 1.37335 243.39 0.969498 0.00583174 2.50403 3.14102 1.18039 7.04555 
0.000247647 0.000295065 0.000959307 0.14923 3.51821 0.893279 0.39654 5.82824 0.0580906 1.60202 1.10857 403.183 6.5757e-05 1.78999e-05 0.98023 27.5775 1.64646 1.22801 
0.00435412 0.00298826 0.114517 5.78377 0.000255297 0.890732 0.000552365 0.585127 0.00902746 0.0471017 1.90216 388.666 1.2647e-05 0.0260776 2.4138 15.0899 1.47426 1.21097 
3.85495 1.02627 5.61772e-05 0.000107091 0.000287758 6.4311 0.0439058 3.02373 0.24715 0.243939 0.0494789 318.24 6.73461e-05 5.86059e-05 1.78128 16.8335 1.41358 2.29505 
0.120431 4.23656 9.3528 8.62064e-05 0.0202709 71.2122 1.49671 0.207488 0.00700156 0.064691 4.61786 83.6712 0.00378443 8.80833e-05 0.914895 24.5304 3.4942 2.24836 
0.000513514 4.96819 0.0190931 0.000521944 2.79608 4.15397 3.81474e-05 7.13492 0.253002 8.07708 0.632982 258.368 6.29149e-05 1.78699e-05 2.2859 9.3193 1.33096 2.92228 
3.91392 0.000914422 0.627058 0.134653 0.0111384 0.920036 0.100398 0.202441 0.830743 28.3041 0.42195 402.626 0.00292666 0.00153327 2.43033 4.4288 1.19543 1.63713 
0.21602 0.282324 0.000229378 0.603612 0.0338957 0.115863 0.00510673 0.756975 0.0112658 0.0265359 1.36267 230.662 0.0362325 5.77129e-05 5.34931 15.5091 1.18399 1.18114 
0.000581491 6.04456e-05 0.0957654 0.00521793 0.169224 0.267615 3.10683e-05 4.49018 0.0190866 0.197385 8.46848 280.438 0.0121327 0.00815426 8.94723 38.0087 1.11332 0.537929 
0.00702649 0.1399 0.015641 0.199079 0.000588249 82.1702 0.00249242 0.126586 0.053131 30.7813 0.65522 37.6793 8.17779e-05 1.14281e-05 1.54453 26.5145 2.00684 6.21213 
3.00102 0.0349919 0.736063 0.585649 3.23063e-05 20.7363 2.21758 1.55256 0.180642 25.5864 0.204177 375.76 0.005059 0.00711165 1.21019 33.259 1.44713 0.342501 
0.000352993 0.000637014 0.0252257 0.00280774 0.000307904 21.6535 4.26072 0.186087 0.0136453 2.75439 6.90066 154.405 0.00968309 0.0298278 1.44724 5.66085 1.78124 8.78296 
0.182151 4.85769e-05 0.000407213 0.420773 0.00016206 322.145 0.00173624 2.92346 0.979797 270.248 1.13241 237.717 0.00279809 0.000108263 2.00329 17.8173 1.1396 2.63275 
4.46591e-05 0.00103234 0.0547101 0.283512 1.32406e-05 7.304 9.57292e-05 2.11254 0.0392904 0.442354 1.09371 210.357 5.60125e-05 2.45286e-05 1.95908 13.6945 1.32468 4.27819 
0.104203 2.80301 1.42765e-05 0.0651994 0.0126858 0.174497 0.0085829 0.225382 0.128928 0.143288 0.000864703 124.978 0.98555 0.00100145 3.35633 20.0168 1.30462 1.66334 
2.63297e-05 0.270155 9.47284 0.0111919 4.45416e-05 1412.27 0.00296945 0.0668432 0.00103637 0.0586617 5.99368 133.006 0.000212159 0.00801583 1.42602 26.7186 1.38662 1.03879 
0.00298006 0.014349 1.51776e-05 3.00171e-05 0.171515 1920.61 0.267668 4.2467 0.157353 0.324069 0.217044 277.347 2.19274e-05 3.83078e-05 2.92352 17.6576 1.53373 0.871152 
0.790384 0.0574759 0.000335615 0.181565 2.81372e-05 4.6778 0.000456491 2.74053 0.188968 0.100443 0.00542663 292.244 0.0187864 0.000717397 1.25987 30.6676 2.15413 0.339835 
8.94873e-05 1.58513e-05 0.000412103 0.0640004 0.00132398 977.022 0.0484823 1.99257 0.126473 6.0685 1.41548 268.694 0.000659731 5.91509e-05 2.59945 19.9157 1.39276 1.29691 
3.80227e-05 0.11429 0.817955 0.00585815 0.000230896 0.0143887 0.0254838 4.03023 0.155692 20.1179 0.250061 327.548 0.000331629 0.000434455 0.961048 10.4256 2.87789 0.918932 
2.97711 0.00338541 8.09129e-05 0.000125034 0.018638 0.0775253 0.000544609 1.22691 0.767943 0.788626 0.0182188 54.4227 0.838655 0.0144829 1.90406 20.9678 1.57326 4.84597 
0.00245956 0.064034 3.96403 0.0894361 0.000106339 1.78579 0.00159084 0.0302505 0.00766022 2.2016 1.72031 52.92 0.00171942 0.0421357 8.92599 36.2832 0.909013 5.05603 
0.000142895 0.0235372 0.143698 6.22191e-05 1.49738 149.224 3.21014e-05 1.81383 0.794448 14.8338 0.189589 473.31 0.102626 0.00426702 1.45925 4.22548 1.52527 4.45356 
1.8899 0.176876 8.71245e-05 0.204925 0.177746 0.018319 0.000154254 9.00766 0.00558605 0.0143853 3.5788 407.489 3.51726e-05 2.19846e-05 1.82991 4.05207 1.19595 7.38196 
9.86876 0.255966 0.00339982 0.254427 0.0387 21.6878 0.0761852 3.03901 0.269569 13.0646 1.20976 497.072 1.32887e-05 0.000189139 1.50347 2.50916 1.41486 5.29325 
0.00475575 0.0550371 0.00677777 0.00120482 0.112391 1131.23 0.0048377 1.16596 0.005584 0.0174363 5.97845 18.2846 7.95397e-05 1.80411e-05 1.67326 40.8867 1.68104 4.2426 
0.0052708 0.00558135 0.0160724 2.82117e-05 0.000243684 12.2999 0.836669 0.691217 0.0348045 0.367719 0.389977 438.481 0.370028 5.69576e-05 1.80526 30.4113 1.8388 0.193556 
0.665772 0.000102757 0.094728 0.0192378 0.263841 593.388 0.142876 0.770971 0.425856 116.518 0.484203 23.2766 0.000231701 1.63333e-05 1.13532 33.7043 1.09916 3.74621 
0.0128098 0.00059883 0.000247761 4.0761e-05 3.23694e-05 0.534699 0.0297859 0.581798 0.00759955 0.140399 3.55133 446.124 0.0252427 0.00392053 2.58362 31.236 1.90647 0.364604 
3.56603 1.9809 0.00251431 4.56662 3.77549e-05 310.23 0.00647844 2.65243 0.011345 0.151572 0.126589 301.961 0.000599071 0.00409915 1.27008 38.2603 1.59609 0.693396 
0.0470743 1.0828 0.000605952 0.000890058 0.0691798 0.0100437 0.000140654 1.49255 0.148858 1.52961 0.0126885 435.872 0.231836 0.0100418 1.55555 2.21984 1.61741 3.82448 
0.361486 0.0276178 0.0330068 0.00755307 0.00798172 0.598384 0.477913 0.558821 0.00970642 0.255737 4.93023 381.217 0.060376 1.31857e-05 3.75932 15.3884 1.21498 0.556925 
0.00424335 1.0529e-05 0.03366 0.00014398 0.0165523 185.074 0.177162 0.397936 0.00400598 0.0176052 1.97418 312.337 0.00106197 0.0180489 4.1809 23.9173 1.34885 0.510546 
6.02599e-05 0.0315238 0.0240975 0.000114894 0.889233 0.830071 0.00180221 1.27632 0.0686169 0.641039 1.13903 37.3495 0.00212686 7.35752e-05 1.38893 17.1277 1.49059 5.1708 
0.19405 0.0700728 0.00688343 0.602336 2.39627 20.1503 0.000226553 0.991168 0.00754986 0.0858259 0.200067 249.023 0.000162404 0.00121308 1.05118 17.6115 1.24156 2.50695 
0.00260084 0.000199718 7.50087e-05 7.08709 5.48411 11.5063 0.00930906 0.823695 0.0874783 9.60861 0.830458 128.982 0.00566513 5.42029e-05 0.855944 47.9648 2.599 0.396545 
0.0292108 0.0195186 0.0258144 0.00429249 1.38064e-05 48.716 2.31118 7.4392 0.585277 101.203 1.74397 488.289 2.52203e-05 1.18572e-05 1.66033 19.2973 2.09076 0.726998 
0.0515166 0.00276741 3.91263e-05 0.138559 3.26566e-05 703.409 0.00621707 1.41554 0.30388 21.8324 3.18157 381.531 0.335215 0.000307995 3.75733 49.8251 1.55205 0.188092 
5.21266e-05 0.110417 0.0409086 0.398487 0.000771785 0.0930503 1.35546 2.11456 0.65954 106.559 0.880279 315.191 8.56785e-05 1.65423e-05 3.49284 11.809 1.15039 0.928488 
3.74173 1.19918e-05 0.00226931 5.24861 0.852223 1.86467 0.187928 0.993969 0.0592447 0.354983 0.446297 209.554 3.09674e-05 0.00117519 1.03481 16.9801 1.87014 1.87471 
0.0303202 0.000475639 3.36099e-05 0.000662965 0.0976683 806.371 1.36638 1.16927 0.0664328 2.6065 0.390444 256.207 0.000105403 1.50946e-05 1.66323 3.48487 1.50251 5.17207 
0.0106351 8.43491 0.00329521 0.0639534 2.17997e-05 132.621 1.68895e-05 0.270569 0.278414 1.85499 0.124868 129.718 0.000739451 0.0230816 2.6408 5.60314 1.19598 7.88243 
4.33301e-05 0.0334389 0.0176263 5.66248e-05 2.43875 4.40509 0.000381209 3.7012 0.0203359 73.1995 2.85584 50.3139 0.0695913 0.00064919 1.11165 20.8486 1.62938 6.10723 
1.8389e-05 0.00580716 0.000514911 0.0826045 0.000368874 19.0726 0.0237355 0.695851 0.0287652 36.5311 6.31597 336.469 0.612884 0.00727626 2.58185 9.84251 1.15994 5.84721 
1.01878e-05 0.00100589 0.0195614 0.0671929 7.67338 17.7101 0.000343607 6.70342 0.775608 5.75706 0.0468422 45.8186 0.000108945 0.0226494 1.53687 23.5982 1.41887 3.07428 
4.73016 0.0159581 0.00416855 0.000106758 0.675404 1.06444 0.00256718 6.01729 0.87288 9.13173 0.090886 149.617 0.000156325 0.000419786 7.69224 29.1468 1.13721 1.32414 
0.671749 0.0093218 0.623901 0.000129678 1.31467e-05 0.116106 0.387971 0.119966 0.00169383 0.0824959 1.6003 58.0189 6.71188e-05 0.00443446 1.12815 42.5603 1.53099 1.54703 
0.251989 0.00431925 0.00531317 0.977191 0.000579982 0.410379 0.00385354 0.947932 0.151982 44.5685 9.02878 328.462 0.0708758 0.000878527 7.72706 17.6579 1.34562 0.942288 
3.91096e-05 0.000181093 0.00160691 3.24252 0.00223185 1.18953 0.000317071 6.34445 0.164447 19.4598 0.126249 101.42 0.0032628 0.000690062 1.31831 21.4292 1.55174 1.45407 
1.70671 0.0411108 0.000244643 0.427409 4.04263 71.9739 0.000793842 0.341472 0.27005 2.19299 0.0264854 44.8042 4.55415e-05 0.00197942 1.02848 35.377 1.2951 4.03388 
1.62057 0.0113824 2.15671e-05 0.0150426 0.0120265 43.4803 1.07309 0.647936 0.0278581 0.11204 0.0825203 82.8149 0.0668045 2.59822e-05 1.4372 32.2873 2.74794 1.63627 
0.000283304 1.21701e-05 0.00297492 0.00176978 0.0113355 7.54725 9.10949 1.21483 0.134518 12.3838 0.390889 20.0391 8.81571e-05 1.42138e-05 1.41611 33.6729 1.15853 3.95133 
0.0684434 0.00040501 3.0881e-05 0.000640369 0.000163597 127.151 0.00319987 0.717192 0.0443459 5.40754 6.95361 124.452 0.000121366 0.000175196 1.26048 20.499 1.61848 1.50618 
0.559542 6.05302 0.00200085 0.32127 0.017131 0.0372776 0.000356568 4.48298 0.049942 0.0623567 0.0753633 475.557 0.00123089 9.09925e-05 2.40493 11.7345 1.27896 0.44469 
0.000466558 0.103181 0.399847 5.11091 0.0130988 160.42 0.000112591 0.629655 0.248219 299.716 7.39724 57.5682 0.00484303 0.00268122 3.42525 25.1395 1.35083 2.29173 
0.656788 1.96744 0.00232417 3.27602 6.39992 0.180871 0.000462836 0.987646 0.00634048 0.042119 9.26732 345.445 2.52957e-05 0.0155468 9.8771 5.94736 0.959375 5.55836 
4.10478 0.696043 0.00691273 2.52043e-05 0.0741702 21.572 0.00102198 0.46023 0.0247054 0.910568 1.6578 347.636 8.11817e-05 0.000425133 0.993221 2.42075 2.51517 9.84143 
0.0466569 0.000193512 0.945059 0.0031625 4.16932 69.4124 2.79192e-05 0.857543 0.0426933 26.6037 1.2722 74.4701 2.3276e-05 0.000281467 1.81345 40.5273 1.26416 2.2263 
0.000864587 0.00103017 7.14865 0.523798 0.0054042 5.88501 0.00053811 0.186952 0.0330615 0.587551 0.119491 53.4215 0.00124475 0.000221582 7.06661 46.7224 0.927088 2.83799 
0.0198864 1.11368 3.35752 2.59624e-05 0.000195798 0.119872 2.14376 0.670805 0.342316 99.7971 1.95583 309.041 1.92254e-05 2.10075e-05 1.34879 37.2524 2.21225 0.308303 
0.00130697 1.12249 9.43064e-05 5.97672e-05 0.000162147 0.0158637 2.61481e-05 0.469507 0.202491 13.556 0.506214 29.9668 0.00044476 6.13695e-05 1.3187 40.0179 1.35156 3.82339 
0.0416581 0.623047 6.90788e-05 9.58114e-05 0.00051129 0.0156959 1.07252e-05 0.571497 0.00573943 0.0185226 0.699148 193.422 0.00176615 0.0183962 1.46478 12.383 2.41471 1.72525 
4.29773 0.0188951 5.91378e-05 0.00805374 0.000494857 484.917 1.6067 0.317731 0.0795263 15.0735 1.83131 100.463 1.4435e-05 2.51338e-05 8.42975 49.1256 1.30852 0.777757 
3.44488 0.0132264 0.0301992 0.00215065 0.000264177 309.413 0.189051 0.36326 0.0851206 10.3661 0.0804994 45.5202 0.0188568 0.0200551 2.4077 32.2554 1.59901 2.25895 
0.00447169 1.25074e-05 0.00205069 0.0119582 0.0023572 373.207 0.000361444 0.478779 0.0608721 0.222089 0.212872 410.912 0.00508636 0.00213646 1.7853 17.5258 1.30277 1.11537 
0.0770447 9.47078 4.32658e-05 0.00227497 0.000452279 7.93108 0.00732945 2.40722 0.0225488 0.0968286 0.411104 63.2806 0.000208589 0.00113235 0.876159 40.4807 1.36884 4.6255 
3.84684 0.000324677 0.0300124 2.30834 0.000189816 0.718555 1.05982e-05 8.12701 0.173616 21.6212 0.572192 468.398 0.000105955 0.000137362 1.28299 23.5827 1.54997 1.52765 
1.43169e-05 0.181763 0.000347378 0.000476128 0.380755 2191.15 0.0038335 2.88998 0.0687787 5.49141 0.122103 377.277 0.302686 0.0230181 5.48466 36.8534 1.32019 1.39095 
8.00721e-05 4.68535e-05 1.24049 3.32719 0.000589716 710.601 0.00138193 6.25815 0.525228 35.7312 0.300461 462.12 0.0101946 2.315e-05 1.24826 27.0342 1.66099 0.603371 
0.182862 0.0124665 0.349463 6.11904 0.799676 170.8 0.000739425 0.552942 0.00285794 0.213453 3.0754 250.452 1.04113e-05 0.00501301 1.33861 5.45207 2.6425 3.75168 
8.66215 0.199388 0.000116471 0.978422 0.820206 363.098 0.00162532 0.809743 0.00178774 0.175954 4.04032 156.737 0.00146492 0.000852279 0.982045 18.6769 2.11165 1.20348 
0.0063395 0.00191243 1.41038 0.000789411 1.16675 1.13875 0.0358209 0.376618 0.116441 0.0110679 0.00414379 48.1336 0.000715365 0.0014821 2.18316 16.6677 1.21954 6.05873 
0.186169 0.000376679 0.629065 2.90861 0.673617 37.9648 0.000217704 0.622083 0.0136863 0.0231934 0.795815 38.48 0.00374393 0.000145406 1.10597 26.0947 1.37551 3.16715 
0.858669 1.25127e-05 0.0194604 4.27308 0.213198 650.459 0.0437092 0.30553 0.17022 9.45419 0.396318 418.462 1.35263 0.00506527 8.99015 4.84719 1.14336 4.80101 
0.0908873 1.24908e-05 3.97911 0.217799 0.000675802 9.77784 0.113486 0.129665 0.0321895 0.0773165 0.723422 484.593 4.86208e-05 0.00184822 1.16578 5.59229 1.94222 1.25402 
0.00965047 0.0176404 0.000438552 1.14805e-05 0.00647469 224.249 0.0452555 0.162283 0.0349874 0.838736 0.852787 63.6698 0.000494102 0.0242387 4.05879 46.0609 1.49839 1.36731 
1.13509 0.0274505 0.034826 0.000144857 0.00217438 0.0436826 1.62079e-05 0.173417 0.169431 82.0251 0.401388 492.77 1.69706e-05 4.08662e-05 5.207 3.50454 1.05734 3.3053 
0.00126846 0.0342286 0.0400994 0.000269839 0.0139122 0.276403 2.71624e-05 0.275152 0.121221 3.04166 0.741967 84.6767 0.00293656 0.00551637 6.31241 42.5958 1.05788 1.55823 
0.000102461 0.788575 2.95678 5.76324e-05 0.00552697 1.77917 0.000617418 0.542923 0.0331279 0.402152 0.10878 83.2403 0.0010873 0.00457071 1.82268 37.1924 1.05677 2.94088 
0.423819 0.000188356 0.00801617 0.0270921 1.02031e-05 77.1646 0.00528268 2.05468 0.521188 0.499862 0.0101036 212.324 0.0147018 0.0237753 2.16444 4.98683 1.22096 2.68613 
5.79932e-05 4.34793 2.82891e-05 0.397807 2.42666e-05 0.0602745 0.0106762 5.45488 0.0218757 0.0534088 1.10477 359.735 9.0495e-05 3.80127e-05 3.28879 14.327 1.24771 1.51385 
0.540809 3.97098e-05 0.0912167 0.0721501 6.31756 0.777273 0.56346 6.24128 0.0178971 2.18644 0.775026 327.161 2.50135e-05 0.000636493 1.02472 11.8306 1.81832 3.4967 
4.15801 0.000102356 0.00866975 0.00578255 8.50811e-05 0.17389 9.05148e-05 0.123134 0.0679167 12.0535 1.23533 82.0486 0.00121809 8.37133e-05 1.86492 15.1033 1.15718 4.26129 
0.000911112 1.30811e-05 1.13689e-05 0.77052 0.0296009 27.1754 0.00100017 0.614636 0.0629532 5.47304 1.01563 29.5795 0.0417094 0.000162354 0.95079 28.701 1.57355 4.41684 
0.599868 0.000226928 3.63842 0.679488 0.0110439 12.4212 3.57309e-05 0.0739629 0.135202 0.0536566 0.00640088 390.365 0.0366943 0.049024 3.50957 49.5296 1.83879 0.16887 
1.43287e-05 3.92155 0.000136569 0.000195667 0.00175329 2.95716 0.220093 1.29042 0.00514631 0.0346546 0.654751 176.434 6.54551e-05 0.00545414 1.13885 21.0531 1.91884 4.29483 
0.000316453 1.73922e-05 4.82757e-05 0.602104 9.28729 976.374 0.000142805 3.26178 0.271108 11.2741 0.240148 172.856 0.000768527 0.00111022 1.53559 27.2603 0.979301 3.61661 
2.69772e-05 0.000265274 0.00190733 0.00525151 0.176459 0.0780527 0.0209256 0.845798 0.572691 431.657 4.12671 221.82 0.103303 0.0100264 0.984558 5.33824 2.36992 4.80958 
0.00557881 0.000104065 0.0997056 0.00959474 0.000112982 0.010863 0.159999 0.397145 0.668842 139.267 1.45325 244.331 1.25992 0.000286158 1.67927 9.49684 1.87299 1.18564 
0.077368 0.0153752 0.00203541 0.0679785 0.000138463 0.0163746 0.000133016 1.22577 0.0198643 0.283296 1.79828 439.119 1.38558e-05 0.000141171 1.87707 36.2189 1.67997 0.283356 
0.000969577 0.0248174 0.0119002 7.26586e-05 0.122565 2779.96 0.357439 3.30252 0.0336874 0.0914648 0.126325 95.3329 0.000141414 0.00669856 2.45032 10.2032 1.18066 8.53447 
0.0480116 0.000389653 0.0386305 0.833016 0.143977 168.301 0.0790759 3.20964 0.404751 0.950395 0.0162293 390.364 0.0228062 0.00696583 2.59349 18.9134 1.35213 0.977712 
0.0244936 1.48237e-05 0.00782806 6.40019 0.0001875 20.535 0.00207249 2.7902 0.0132811 0.393533 0.648389 141.619 0.00109187 0.000502351 0.959022 43.0392 1.57988 2.69211 
0.00326907 0.102682 0.000585376 0.7333 0.421437 0.15331 0.212004 0.809955 0.263782 3.40658 0.20036 248.971 0.000119128 0.00875371 2.47114 10.1458 1.16449 1.25501 
0.0105423 0.0310466 0.257234 0.00387566 0.660698 1187.09 0.458097 4.36781 0.717015 106.018 0.464974 348.563 0.783882 0.0167113 1.72085 20.2723 1.20799 5.97921 
0.000475163 0.00019808 0.000466006 0.00235254 0.0199149 0.130146 0.000136533 0.262528 0.036683 0.018929 0.00300649 201.002 3.39323e-05 0.000803013 5.80021 15.2231 1.05684 1.84348 
0.676156 6.27641 0.00026434 0.501585 0.000147814 5.05008 0.0013182 0.0865644 0.0998673 0.449494 0.0190049 173.666 7.73393e-05 1.11079e-05 1.63655 6.2632 1.72874 2.88606 
0.0195583 0.000185831 0.0132889 0.237069 0.437065 7.09435 0.00280081 1.63663 0.305344 188.967 2.67434 126.234 2.00678e-05 0.00734645 1.69306 22.8489 1.30154 3.0709 
0.000210003 0.0241165 1.2036 0.213652 0.00705604 747.563 3.78126 7.95042 0.522046 95.1927 0.742472 234.197 7.44332e-05 1.01718e-05 0.961924 18.5458 1.54816 5.34609 
0.000631876 2.54404 0.0260144 9.81031e-05 0.0557193 2064.62 0.288491 1.30668 0.364909 54.3873 1.65855 449.424 0.00388443 2.89674e-05 1.51063 10.2285 1.42329 2.24045 
5.52614e-05 0.000556548 0.000672873 0.000911324 0.00152139 0.0139789 0.662163 5.55281 0.0104773 0.485253 1.33173 306.763 0.015533 0.000160673 1.20634 10.9352 1.34594 4.57442 
1.43999 0.000102888 0.00808949 1.38983e-05 4.99532 1180.52 0.00178673 2.08586 0.230443 397.298 7.15172 184.443 0.000122333 0.000710926 0.929707 43.3934 1.90843 1.20009 
4.15731e-05 0.00493082 0.00384152 6.50974e-05 0.144681 0.0245073 2.74006e-05 5.93898 0.982238 43.5404 0.166426 168.856 0.0173373 4.08363e-05 1.15418 13.9702 2.09502 3.08953 
8.02435e-05 0.00149835 1.25685e-05 0.0374583 0.531328 1377.63 0.0550238 0.943356 0.312513 2.91069 0.376761 74.4581 2.56135e-05 0.00647887 1.58496 6.84878 1.92083 5.92285 
1.60813e-05 4.72777 0.00779831 0.372749 0.267122 34.9745 0.00562249 0.236691 0.195666 0.185988 0.00630261 72.5898 0.000823347 0.00370607 3.75064 17.1782 1.08509 2.64018 
0.139577 0.000162724 0.0229562 0.0114364 0.109768 998.042 0.00461961 1.51998 0.043403 1.86537 2.60728 296.105 5.27747e-05 0.00176774 1.51363 22.9122 2.39512 1.09851 
0.0520582 0.000140491 1.08703e-05 0.000630552 0.000316934 79.5505 0.00588911 1.32949 0.0179187 0.369023 1.05571 92.5611 0.00480088 0.00261423 0.960777 20.0246 4.16172 3.9226 
0.0224639 0.0268095 0.000689918 0.000131905 1.15992 2536.02 4.88623 0.639008 0.47166 1.20319 0.0187478 271.08 0.00112827 0.0523931 4.00085 6.39537 0.982885 2.97659 
1.697 0.0398742 0.0420616 1.04034e-05 3.13419 367.881 2.41259e-05 0.159411 0.00725218 0.0291317 0.423984 290.755 0.0380738 0.000461137 1.5298 10.5157 1.76133 0.876479 
0.000956461 0.000180055 0.0103492 1.17682e-05 0.267003 4.82976 1.97885e-05 0.370754 0.00285026 0.0256028 7.40658 114.995 0.00140038 0.0385022 1.62038 12.162 1.65597 7.34869 
0.000610356 0.000949663 0.0610495 1.86286e-05 8.93892 490.704 0.0471826 1.51291 0.0344169 13.941 1.00223 83.9999 0.0221787 0.00169992 3.46209 15.6845 0.964891 3.18408 
0.00184561 0.0188565 0.0504095 0.00302732 0.00426183 297.713 0.00430609 0.152276 0.0701998 0.823901 0.125609 148.436 0.00355224 1.05145e-05 1.92007 13.8897 1.80349 1.02893 
0.000300061 0.00634323 0.0105924 2.52532e-05 0.0248465 61.23 2.79737 1.6661 0.0149202 0.363588 0.520052 496.959 0.137932 0.00122712 1.5394 9.61719 1.5848 2.29766 
0.219794 1.01363 0.00346487 0.000114128 1.15302e-05 2.67665 0.00116396 2.6438 0.20948 0.565831 0.0869957 42.3478 0.0485159 2.18118e-05 1.00117 14.2573 1.84175 6.90737 
0.00235544 0.00100724 0.000257822 0.000167986 0.0556331 62.1391 0.24834 0.831951 0.947254 70.3487 0.210798 406.995 0.000175749 0.000740507 1.16735 9.83412 2.00206 0.593211 
0.0182811 0.0323262 0.00417697 0.361392 2.01787 1516.53 0.0116027 0.343634 0.43529 443.453 1.78005 29.8921 3.77764e-05 0.0377555 4.59558 23.5154 1.08915 6.15516 
0.0123041 0.968507 0.487381 0.000117472 0.000287833 0.2843 2.78406e-05 0.229096 0.978851 88.4894 0.614283 323.277 0.000379407 0.000468441 1.24716 3.20926 1.52239 2.83223 
0.0781143 5.3927 0.0189627 0.000215237 2.58004 39.254 0.0320322 1.11033 0.00847921 0.0313234 6.74851 160.33 0.000793283 0.0014312 1.73314 16.5237 1.1018 1.93586 
3.14279 0.0029304 0.825318 0.00127497 0.965463 0.735601 0.83655 0.236174 0.212879 2.50676 0.243547 255.596 0.00517267 5.57216e-05 3.519 8.89473 1.0816 2.11452 
0.00152509 0.012016 0.0201956 0.000167112 0.00118163 0.0925243 7.81006 2.58859 0.00274093 1.08905 6.91105 67.1933 0.000167794 0.000131416 2.94499 23.3635 1.36972 2.76324 
0.000325571 1.19818 2.21234 4.46532 0.00841119 0.0569836 0.000285906 0.896059 0.00733943 0.432549 5.79093 127.339 5.5024e-05 0.00481432 1.141 17.4896 2.59438 1.76803 
0.17051 0.00161257 6.81277e-05 0.00178643 0.000135637 51.7463 1.3593 1.67949 0.521171 199.302 9.19866 170.37 0.00120819 0.0101752 1.66407 4.82343 1.37713 4.43214 
4.09995 0.0330758 0.023912 3.26745 0.0119203 1.79837 8.10622e-05 1.59666 0.000461581 0.0152035 7.77534 165.091 0.000119497 0.000135246 1.9932 42.4305 1.49361 0.540911 
0.010231 0.043549 0.00222339 0.00983633 5.0099 11.2119 0.000557496 2.07691 0.0799639 0.256472 0.035643 24.3153 3.10767e-05 0.000135252 1.04241 26.5519 1.14499 5.79131 
0.0352111 0.823506 0.0219076 0.000387921 0.0010341 123.39 3.71869 1.01181 0.074373 46.0727 6.66934 352.071 0.0167128 0.000323135 1.06866 20.7321 2.28994 0.34501 
0.00327046 2.4488e-05 0.00257503 0.00483 0.000227249 7.28127 0.00113765 1.65567 0.121156 2.43146 0.0477183 335.79 1.58445 0.0510422 2.94198 18.5387 1.31603 1.71921 
0.000296028 0.000390988 0.0264408 0.00651949 5.39305e-05 0.0265481 0.0997576 2.12085 0.505029 57.1682 0.58386 91.5993 7.00708e-05 0.0164866 1.79409 10.9749 1.09218 5.71438 
0.00887974 1.09508e-05 0.00192559 0.0425619 0.00039707 356.511 8.3131e-05 0.219475 0.00899479 0.178455 3.19618 121.33 0.00572732 0.00054259 1.21611 9.54405 1.86964 3.78957 
0.00021103 0.113893 0.00149213 6.19054e-05 0.00118423 0.0923337 0.0634464 1.06711 0.0225331 0.661668 5.10028 48.5317 0.000486414 4.83337e-05 2.40499 35.0484 1.06707 1.14426 
0.0531668 0.424618 0.289485 7.46709e-05 1.03823 0.0172488 0.160159 9.02864 0.00833663 0.0249277 3.90227 415.021 0.00616127 0.00890607 2.50149 3.45454 1.0136 8.24878 
0.0512598 0.00338741 0.000424604 0.068973 0.393315 308.904 0.000102951 0.982692 0.990438 22.1157 0.131396 353.129 0.350429 0.00138884 0.984252 9.91221 1.87796 1.54596 
0.000563099 0.399055 0.106796 1.66748 0.00354643 551.432 0.000299256 1.29573 0.0336317 0.280545 0.595511 420.322 0.058659 0.0113247 1.8836 5.82469 1.41094 6.60147 
2.59198e-05 0.0384308 0.000251627 8.3179e-05 0.00018807 30.2272 0.727708 0.92698 0.0703829 11.6111 6.61107 452.565 0.00385067 0.00309753 1.24739 3.28396 1.99798 3.19274 
0.000307011 0.000393954 1.83995 0.000407687 3.33835 0.304103 0.0934864 3.06722 0.813904 5.30511 0.0534295 18.2901 8.83767e-05 0.000208958 1.2422 34.496 1.60028 5.1865 
0.00785974 0.000973992 0.371195 5.33759 8.77404 1.93192 5.28468e-05 5.67839 0.0319838 0.378702 1.84583 381.547 0.00196133 0.00185258 1.31422 8.62572 1.83512 4.85362 
0.00053042 0.282138 0.0735595 0.000121244 2.70084 0.0263222 0.000103118 3.09741 0.712022 0.628848 0.00218143 305.256 0.0292671 0.000286843 2.15324 39.234 1.67576 0.218545 
1.07741e-05 3.27746 0.00479014 0.000376264 0.00306188 33.7114 2.46963e-05 0.941039 0.810991 126.43 1.4354 274.127 6.13043e-05 0.0022971 1.50023 27.9891 1.89954 0.281288 
0.0280831 0.0148079 0.0027018 0.72275 0.00229104 333.871 0.0979622 0.0773035 0.00680625 0.494153 1.4884 89.7675 2.52869e-05 1.7802e-05 1.58406 29.034 2.31367 0.923912 
0.000227269 0.000125131 0.00071627 0.00229782 0.000767405 0.584074 0.408321 0.57519 0.00388584 0.165773 2.01495 132.156 0.000812531 0.0300364 2.35434 31.1688 1.58144 1.50974 
0.000668435 1.48752e-05 0.00450803 0.000257968 0.0742891 718.279 1.52928e-05 0.0479435 0.0793086 241.12 0.818439 43.013 0.033217 0.0184048 3.88829 19.1982 1.11657 5.08172 
2.3531 3.40355e-05 0.199386 0.00031391 1.03542 19.7457 1.31049e-05 1.02657 0.213794 2.60681 0.0624128 40.2761 0.893836 1.06183e-05 2.9253 28.9992 1.77311 5.37797 
0.0103835 2.35007e-05 0.0066848 0.00155425 2.62356e-05 104.938 0.000953877 1.63641 0.00688624 0.131872 1.18652 236.99 3.53615e-05 0.0769041 2.3176 5.03956 1.16092 3.57778 
0.00110187 1.17812 2.91987 4.64679e-05 5.0051e-05 0.145662 0.262433 0.771704 0.107953 0.189845 0.0262749 12.8342 0.00321764 6.19338e-05 1.42186 43.0607 1.26412 4.69429 
0.957111 5.03332e-05 0.00765069 0.0955528 0.0357691 11.7807 1.05277e-05 0.238937 0.0252859 3.30196 9.30545 101.523 0.000891941 0.00337085 6.18594 18.6358 1.0533 2.78677 
0.000369915 1.62334e-05 3.83925 2.85695 8.75677 195.199 0.00234541 0.207034 0.120453 8.63325 0.626882 141.555 0.00329746 6.40471e-05 2.19904 11.2033 1.29046 1.75636 
3.16501e-05 2.22047e-05 3.40827 0.316347 0.365801 1301.61 0.0921933 0.0405777 0.0254594 0.0169466 0.118522 102.904 0.000304974 5.26932e-05 4.72645 30.0225 1.31665 0.829389 
6.23451 1.77216e-05 0.002134 0.0229708 0.0260028 58.7931 0.0056006 1.85605 0.0734452 0.467719 0.101194 316.139 0.173553 0.0231518 1.04479 35.857 2.63689 0.276747 
4.80412e-05 0.349376 0.0256192 0.000727532 0.0029909 5.17945 0.00397524 0.404928 0.522213 1.44033 0.019969 298.047 0.0112802 0.0249667 2.56418 44.5723 1.62873 0.338505 
0.00941128 0.00894066 0.489678 0.442404 0.0374058 0.325561 2.37027e-05 0.34708 0.168548 4.52231 0.669704 98.351 0.000147036 0.00627852 4.23716 32.0442 1.48148 1.23943 
0.0366363 0.0963924 0.0166351 4.6429 5.39089 1.3079 0.0401827 1.30518 0.00609278 0.145009 5.80839 410.446 0.00589416 0.00519328 6.72532 41.4215 1.22093 0.345846 
0.0709002 0.00226195 2.08075e-05 0.442881 4.59834e-05 1542.57 0.00106031 0.482514 0.246778 25.1299 0.874974 207.924 0.0216109 8.94471e-05 1.45712 7.55852 1.47762 5.27136 
0.00856638 0.000100361 4.14954e-05 0.000184517 0.00010102 0.265392 0.000121495 0.63216 0.853534 0.590698 0.00758553 71.9321 0.00232141 2.0535e-05 0.941427 9.55844 1.46431 9.67056 
0.00286629 7.25285e-05 0.0708988 3.4618 0.0009578 97.8676 0.468467 0.111044 0.00226574 0.307872 3.15342 64.5124 0.00126255 7.34514e-05 1.29135 36.4085 1.58524 1.79731 
0.00860643 0.134372 0.0871293 0.07584 1.70122e-05 405.084 2.31378e-05 1.18923 0.766888 81.524 0.379005 234.024 1.62278 0.000952282 4.48191 15.4462 1.07859 1.18484 
0.00674509 0.0038417 8.88968 1.63988e-05 0.0584158 415.498 0.000223809 0.117246 0.0369084 0.796926 1.62879 65.1488 4.63419e-05 0.00437771 1.84265 14.6176 1.70301 8.49332 
0.000210617 1.65182e-05 0.0351087 0.00137944 0.224037 92.056 1.25378e-05 0.690322 0.0193156 3.54885 1.69449 85.6072 0.0108667 0.000136654 1.81268 44.2261 1.1638 1.09731 
0.00191815 0.0109319 0.0339535 0.000218794 0.000748072 50.2608 0.011609 0.9454 0.0387116 0.825346 0.0658252 68.319 0.218692 0.00590011 1.09503 36.3019 1.25617 2.08427 
0.000345747 1.83174e-05 1.98755 8.46869e-05 0.357197 33.6373 0.000149147 4.11023 0.0102136 0.150599 5.28458 83.9767 0.00888839 0.00479563 0.934732 21.6245 1.56643 9.49822 
0.00126808 0.423265 0.00507501 0.000117266 9.77279e-05 2.57038 1.3779e-05 0.230326 0.23225 92.0981 1.39012 318.594 9.78003e-05 2.93201e-05 1.20112 4.41191 2.98324 2.82175 
7.19175e-05 0.00126248 7.22026e-05 0.0173194 0.0649471 148.181 0.00600715 0.453625 0.0735509 0.780694 0.0489942 426.096 0.0814982 0.000813032 2.16533 4.03159 1.09247 2.33839 
0.125828 0.261887 9.1295 0.0991266 0.000916769 0.020863 0.00247471 1.15882 0.0586666 44.2955 8.35642 19.5905 0.00118368 0.00077715 1.76449 36.7584 1.40938 8.31346 
5.37241 0.00817529 0.718035 0.037898 3.46921 0.406687 0.000124084 1.30738 0.0388628 0.793559 0.137235 232.861 0.117725 0.000313546 1.30365 5.55272 1.36893 6.9914 
0.000208322 0.227053 0.173473 8.8512 0.505135 0.325856 0.136013 1.65975 0.0308028 0.417048 8.27276 221.489 0.004112 3.18897e-05 5.48327 18.2314 1.22642 0.860904 
0.00631882 0.0439824 1.28402e-05 0.000147738 1.8862e-05 2074.04 0.00643099 3.55899 0.261216 3.3402 0.443321 133.105 0.000639081 0.00527287 4.8883 20.8676 0.919449 2.81854 
0.433793 0.0579615 0.00796907 0.00399026 0.22702 0.195018 0.00370359 3.0676 0.00383009 0.0482125 0.389655 74.1302 0.000130548 5.5526e-05 1.03246 16.6537 2.16409 3.52963 
0.000124082 0.00600672 0.10722 0.00921668 3.2781e-05 630.881 0.000274407 0.247735 0.00863669 0.125703 0.314921 105.06 0.00105451 1.20034e-05 4.75627 16.9513 1.23762 2.29158 
4.62978e-05 0.0166027 0.000218333 0.000579138 1.85511e-05 239.175 3.31357e-05 0.408759 0.548808 343.102 2.33671 61.9238 0.0133483 0.0116635 1.84559 13.0109 0.919517 6.61882 
0.0155479 2.04804e-05 9.42689 0.00245157 0.127394 931.258 2.14974 0.113583 0.373304 13.9372 0.24235 291.1 0.00397239 0.0154267 3.09015 46.9323 1.5469 0.263632 
0.360217 0.0366328 1.00228e-05 1.47055e-05 0.0153261 3.67691 0.0609696 2.43441 0.925123 77.5376 0.567321 74.9393 2.81724e-05 0.000103047 1.31754 8.89883 1.55213 6.42309 
0.784628 0.0145139 0.599169 0.734329 2.16862e-05 2.3689 0.00423968 0.242134 0.0173116 0.0413602 0.157537 94.6877 0.0033682 0.0121188 4.99153 28.5676 1.23843 2.06803 
2.42033 3.29612 1.54522 4.50933 1.02152e-05 49.0159 0.000492595 0.851518 0.237947 0.466401 0.0966321 197.11 0.000723232 0.00945181 1.80431 37.2394 2.00103 0.592958 
0.324486 1.27544 0.000127658 0.186917 0.0024574 36.2407 0.848518 4.15309 0.0648735 0.431213 0.163893 240.922 0.0562993 0.00501497 1.77361 7.39511 1.31548 2.17042 
0.0106557 0.00400536 0.0746492 0.233212 0.134588 18.4587 0.000261697 1.92717 0.00480664 0.0204353 2.93719 220.974 3.49745e-05 0.000174543 1.83249 21.6416 1.48978 2.09856 
2.31859 2.26737 0.0914228 0.280763 2.8222e-05 0.0644526 4.48687e-05 3.77062 0.00371583 0.0125842 3.90413 408 0.000121213 0.000614831 1.3956 9.75847 1.20762 3.94566 
1.89395 0.000605787 0.00834649 5.23863e-05 0.0159931 1051.73 6.85697 1.00069 0.0841462 13.2593 4.25822 386.303 0.00576968 0.0303684 1.91339 4.97349 1.64507 4.09473 
0.0475383 0.0518592 0.00138155 0.000360598 0.000169405 0.811867 1.80105 0.441502 0.0394295 5.00063 7.12642 88.0152 2.94454e-05 0.0001465 1.14959 36.745 1.63402 0.760068 
2.09671 0.000611479 0.140385 0.895829 0.00914641 54.4482 0.211588 0.0600094 0.0148818 0.645362 3.79841 165.681 3.09567e-05 0.000430829 1.5603 5.26584 1.41993 6.08564 
0.0303253 0.0150448 0.00317714 0.000203287 7.62137 5.24517 2.59117e-05 4.61943 0.347494 3.35927 0.052352 444.132 0.000723029 4.69477e-05 1.82778 4.63136 1.28391 3.15925 
1.9715e-05 0.221742 0.0742348 0.000706437 0.0240663 1606.67 0.0195961 0.603224 0.0449079 0.745826 0.0751551 431.814 0.26495 0.00177905 4.55118 15.2917 1.28726 1.23098 
0.000550701 0.000971862 6.73912e-05 3.57939 1.14802 2355.63 0.032231 0.609215 0.188457 3.45297 0.0502587 100.521 1.49373e-05 0.00263264 2.12137 21.2843 1.04889 3.06969 
7.61052 0.00184904 0.00512802 0.000207268 0.456288 331.437 0.0300725 0.139125 0.0368238 4.57712 0.461398 140.436 1.49912e-05 0.0424225 4.72565 22.722 1.54003 1.33602 
0.467214 0.093864 7.85146e-05 0.000374838 1.87463e-05 0.269514 0.00194374 1.43843 0.0148818 23.645 1.42658 46.2081 0.000234948 0.00163698 1.05898 15.4534 1.20907 5.70184 
0.00183015 0.000783278 0.0404581 0.0430751 0.00371057 45.199 0.0100863 0.312073 0.00641035 2.48204 9.21018 329.438 0.00121793 0.0106336 5.85333 35.5232 1.2834 0.432987 
5.56416 0.0119811 0.000632393 1.9645 0.00317553 1850.84 1.54491e-05 0.613858 0.642946 31.6159 0.550374 206.22 0.000147074 1.02961e-05 4.30285 14.0845 1.19378 1.133 
0.000227471 0.00340311 0.0661279 0.0344398 0.00152356 1.46225 0.000653575 0.839523 0.00878674 0.230825 5.12455 137.044 1.55356e-05 0.000870847 2.50401 15.7736 0.979519 1.95261 
1.881 9.35193e-05 0.0130465 3.15344 0.000950654 576.365 0.258913 0.782397 0.106519 0.639088 0.0456889 369.944 0.0515885 0.000430114 1.84819 6.46358 1.05862 2.79943 
0.000148574 0.0680213 1.13357 9.34239e-05 0.0347305 0.118833 1.4328e-05 2.11597 0.372375 0.420225 0.00137845 47.9817 0.0095311 0.000133161 1.56508 48.2162 1.31609 1.29621 
6.32524 9.37571e-05 0.00911437 0.0523817 0.123425 2.21804 6.93733e-05 3.50816 0.675583 0.944131 0.013067 132.115 0.0505461 1.62821e-05 3.14221 14.1111 1.05474 4.02415 
0.00172723 2.52786 1.52182 1.77234e-05 0.00429926 2538.9 0.00050937 0.560955 0.84017 3.37119 0.0596618 149.293 0.0604635 1.60028e-05 1.64913 6.55496 1.42187 5.42874 
0.216859 0.00011271 0.676424 7.81835e-05 0.0357709 0.0343348 0.00046249 0.592939 0.477053 2.75934 0.0576712 78.0374 0.000527739 2.83276e-05 1.29804 8.39754 1.96318 2.80431 
0.000160755 0.000180742 0.000408488 0.00116196 9.65619 231.87 0.000834424 0.435879 0.0989077 140.874 3.21894 118.419 7.7408e-05 4.37001e-05 1.33174 9.57206 2.10438 3.05394 
3.71123e-05 0.0117755 0.000218339 0.000506921 0.397345 7.14227 3.27075e-05 0.355387 0.519515 0.326478 0.00122214 116.301 5.29097e-05 6.59008e-05 2.16033 26.6682 1.78688 0.691093 
0.000296695 0.00656655 0.102334 0.436783 0.217583 17.0094 0.271196 0.998027 0.0676137 1.2791 0.0646462 419.262 0.0242975 0.00133827 2.81792 21.7663 1.51763 0.215056 
0.0274446 8.07849 0.07115 0.0877667 0.0174244 5.8343 0.00994561 0.185661 0.219887 9.35891 0.0457974 39.5075 0.540678 2.77325e-05 2.54144 20.555 1.05178 6.43435 
0.546498 0.000101686 0.000165588 0.01825 0.022725 544.882 1.11646 2.02381 0.0158343 1.655 6.92182 461.963 0.0822534 0.000116501 2.40981 36.2102 1.60766 0.411027 
9.99772e-05 0.0898245 0.000354048 0.00141299 0.232422 0.20529 0.0238571 2.88353 0.335531 1.62652 0.0241272 70.5271 0.181782 6.33115e-05 7.9638 36.1528 1.19017 1.86817 
0.00126822 0.595589 0.0484138 0.0236075 1.49959e-05 2552.16 0.617052 0.422578 0.312884 14.6932 0.257778 103.267 0.234396 2.66867e-05 1.24735 32.8674 1.14838 2.536 
0.000251328 0.000121111 0.0453052 0.00197788 0.00352657 17.2007 0.037469 0.411196 0.00835576 0.0357043 8.07508 489.241 1.24027e-05 0.00154891 1.24291 5.30441 1.44495 1.56534 
7.58793e-05 6.61492e-05 0.000308705 6.71515 0.0102592 0.499921 0.000203463 1.01777 0.205063 146.927 6.83947 58.605 0.425965 0.000456659 5.25468 18.957 1.10667 5.51745 
1.52309 3.11096 0.0555198 0.00843329 0.119681 8.52941 0.000115945 0.33425 0.176482 1.34102 0.0483268 142.26 0.000797103 4.98855e-05 1.99231 7.50071 1.41438 3.76339 
0.0019881 0.0488794 0.00429155 0.000923345 0.000652606 1.65452 0.067201 0.349253 0.0924446 5.61465 0.281764 273.177 6.04314e-05 0.0126991 1.24902 3.82825 1.6093 2.18574 
0.015187 0.00167906 0.0615634 8.23403 0.0140143 16.7111 0.000751057 0.218582 0.00533014 0.0114756 1.65183 97.103 0.00048059 0.0291071 1.75306 11.9577 1.22652 5.13889 
6.68788 0.00784158 1.5649e-05 0.0335362 2.3179e-05 4.45146 1.33277e-05 0.52787 0.593791 57.9328 0.115927 46.3267 0.0693953 8.93271e-05 0.974294 24.9099 1.72895 4.44947 
0.0973757 0.033523 9.97198e-05 0.103265 0.00086599 0.260158 0.0615885 1.90103 0.0123902 0.0536854 0.0534814 450.359 0.00046915 0.000160073 1.69525 28.5622 1.45769 0.655076 
0.00167335 0.0341319 0.000211776 0.00753711 5.14118e-05 40.8843 9.34033e-05 2.81873 0.498629 61.64 0.10351 96.9635 1.01298e-05 0.000511109 1.27235 32.4015 1.17434 2.21328 
0.00149144 0.000493555 0.0942702 0.146158 0.000405617 1.25003 5.73738 0.218756 0.0472868 112.534 2.83968 447.315 6.37712 0.0209406 3.24963 14.2783 1.57792 0.40707 
0.00641392 0.000223813 2.47106 0.000224941 1.29158e-05 1248.74 0.876845 0.359273 0.0859911 245.765 8.83668 409.067 1.10227e-05 0.00364087 1.44639 7.81003 1.1155 1.59883 
0.0990892 4.31723e-05 0.435078 0.000182152 0.0388398 497.003 0.000750324 0.168417 0.0268374 1.617 0.562913 431.682 0.00070654 8.73909e-05 4.92041 22.0267 1.14996 0.442596 
0.00113993 0.132303 4.84437e-05 0.00484723 0.00275758 0.696383 0.00765907 3.27372 0.0571254 1.62707 6.10958 200.024 8.79316e-05 0.0257088 2.35026 26.686 1.48361 1.6531 
0.0581077 1.15872 0.00455786 0.00570925 0.0708817 0.059169 0.201593 2.49099 0.403797 15.2532 0.100143 269.061 0.00126343 1.62059e-05 1.63169 18.9087 1.7245 0.344984 
0.00880239 0.000284472 0.000309034 0.91567 0.00389981 2290.76 0.00010007 3.80254 0.0306345 0.262607 0.150567 457.155 0.241145 2.01927e-05 2.1233 9.80815 1.54468 0.882033 
1.45874 0.0515732 0.0149988 0.000156758 1.5255e-05 615.242 0.0027671 1.0139 0.0849429 12.4005 1.82845 201.835 0.000325822 6.22407e-05 1.21013 18.6933 2.10868 0.902891 
0.000344358 2.92461e-05 0.00395107 1.13169 0.0161452 777.112 1.93057 1.27168 0.00748233 0.0152359 1.15457 365.124 3.35485e-05 0.000399735 3.50152 13.4033 1.27574 0.525573 
0.000123754 0.267731 0.00142905 2.88308e-05 1.46197 7.05055 0.116986 0.405409 0.0605307 28.8261 3.76579 400.536 0.0381572 2.04539e-05 1.18721 16.2366 1.50728 1.28621 
0.000101783 0.00309692 0.0319245 0.00345596 0.000170991 1676.77 3.68894 0.657824 0.0559646 0.0919105 0.0410479 96.0841 0.000478117 3.52806e-05 3.53874 18.3209 1.17824 1.41488 
0.000407505 3.46589 0.00135789 0.00348729 0.000625874 110.531 0.12783 1.40906 0.0199088 1.30212 7.06072 28.2921 0.00547696 2.81731e-05 1.51481 26.9157 1.38299 2.39855 
0.0258859 0.000193709 2.785 0.000355944 0.280286 1751.69 0.00913316 3.3797 0.837499 82.4682 0.741399 48.5007 0.0828945 7.08362e-05 1.37642 15.6553 1.69978 9.97197 
0.00202333 3.07257e-05 0.00136669 0.109965 0.0906104 0.124113 0.00139549 2.02805 0.00876331 0.0504449 5.06109 229.1 0.00731119 0.0388818 1.98533 30.4554 1.97618 1.18723 
0.524238 0.0575247 0.0150055 0.82049 0.031206 0.608158 0.0249312 2.99478 0.0779719 1.99801 0.0965598 188.643 0.00342064 0.00151896 2.04622 26.7981 1.58919 0.648764 
0.00304485 0.268459 1.79536e-05 0.110508 4.46665 3.16444 0.00165049 1.99376 0.0257047 1.2961 1.92076 350.123 0.00460882 0.000429996 7.37265 15.3142 1.25339 1.05517 
0.00377765 4.41603e-05 7.33779e-05 0.0002914 0.000214722 1.84922 0.217166 4.11135 0.021796 2.60819 0.969465 321.559 0.000664302 0.00202445 1.29695 9.94538 1.70544 3.61191 
0.0798083 0.0023581 0.00159064 7.20221e-05 0.00926625 1.60198 0.00763916 0.961054 0.0129766 2.44207 1.99611 48.4198 1.48954e-05 0.00222101 1.2692 13.5938 1.02452 5.38845 
0.00579238 0.000151802 2.95006e-05 0.00180585 9.57351e-05 1.12168 0.000536897 2.74299 0.0666093 1.20856 0.570864 308.306 0.000469447 0.0240187 1.20942 22.0951 1.75493 1.46181 
3.0582 0.0516812 0.00264897 0.165228 0.000468352 6.70724 1.2533e-05 0.508971 0.17539 131.456 1.44634 266.718 0.00842744 6.49142e-05 7.45247 7.52498 1.0362 2.36357 
0.000853246 0.000913286 0.0733282 0.0574044 5.92095e-05 7.59582 0.503072 1.12698 0.0421221 0.0135872 0.00542612 60.4599 0.206078 0.00501124 1.53361 12.5382 1.15983 4.09932 
4.82521 1.39852 0.792703 0.120419 0.410761 1.66989 0.008575 5.37381 0.0907829 2.61296 0.706316 153.578 0.00561192 0.000166356 1.207 47.3972 1.35249 1.88956 
8.92941 0.000290226 0.0549459 0.00147096 0.953544 26.7764 0.000407397 0.682034 0.391161 7.00089 0.100858 298.197 0.000297046 0.00656814 2.52528 37.2502 1.48355 0.371071 
0.0011843 0.0161329 0.026632 0.0199062 4.80769e-05 38.9948 0.0987493 0.277458 0.0614305 12.6236 6.2859 333.519 0.225335 0.000351942 7.1675 18.2952 1.59215 0.703324 
1.73856 1.02451e-05 0.0065104 0.0959391 5.84295e-05 0.110554 3.35199e-05 0.452683 0.0338716 36.2257 7.51072 49.3866 1.33716e-05 3.36562e-05 1.6694 19.4466 1.68497 4.37745 
3.17558e-05 0.00185595 0.00118959 0.000184031 0.0655091 4.71791 0.0310698 0.835831 0.186659 90.2254 5.25353 257.4 0.00728694 0.0369013 1.77379 4.5953 1.42298 3.31844 
0.276243 1.58962 0.191685 2.19379e-05 0.0214695 10.0162 0.333263 2.75552 0.118062 34.4632 3.14966 54.7477 0.0346171 4.54973e-05 1.3489 38.1058 2.33523 1.99128 
0.000973887 3.61856 0.553458 0.0220764 0.75202 260.663 0.030543 6.41737 0.608335 91.6981 0.294837 242.398 0.00662376 0.000142241 1.11333 45.1748 1.54702 0.648017 
0.00120248 0.759588 0.0351597 0.00198623 0.00150583 1.05783 0.222188 0.350226 0.00476587 0.0114489 1.35808 31.388 0.00272343 0.000177566 0.931381 35.9668 2.45419 3.21295 
0.000227775 1.1823 7.52451e-05 1.3034 0.00460357 0.71778 3.23806e-05 3.54367 0.872686 4.32255 0.00620814 215.095 2.99749 0.000890352 1.0272 29.4652 2.29398 0.749366 
0.0284147 0.137608 0.79083 2.53818 4.70383e-05 808.359 6.64937 3.80902 0.0982826 328.075 8.71942 146.048 1.47215e-05 0.0182134 0.980793 27.6009 1.84079 1.00721 
0.0794104 0.000174792 0.000386869 2.27015 0.00272981 0.165743 0.00455397 1.12906 0.0124029 4.04686 1.48225 484.841 0.00640691 5.02051e-05 0.957759 2.61315 1.88115 2.19843 
0.000170101 0.000148263 2.75424 2.74888e-05 0.00316224 1.97216 0.0492673 2.52787 0.525983 1.48667 0.00516885 424.19 8.44726 5.23018e-05 1.03463 37.5783 1.75804 0.852641 
0.0698432 0.441777 0.000609273 0.00198163 1.16317e-05 0.271022 0.0134076 7.2449 0.406345 0.720385 0.0037799 417.992 0.00048136 0.0015301 1.92681 3.62413 1.10135 9.96469 
2.77776 0.156321 0.199144 6.10998e-05 0.00985923 2929.71 3.1112 2.09041 0.333892 6.10002 0.0122445 451.791 0.00144245 0.000184479 1.43119 32.4046 1.45531 0.956308 
1.67415e-05 3.38715 8.82821e-05 0.0966905 0.0396547 0.024603 0.00161187 3.58887 0.464214 2.74546 0.0211642 121.931 0.168596 2.6447e-05 1.9218 8.6409 1.13149 4.90109 
0.000546423 0.853834 0.000884103 0.00395963 0.0598927 0.033127 0.000625185 4.75525 0.235291 2.977 0.0772481 348.262 0.00680485 0.0422698 8.08125 34.0493 1.36464 0.974026 
0.0013373 5.53294 0.000162349 1.08064 0.0169728 6.7168 0.000887485 2.4293 0.0987758 52.0682 3.21959 430.145 0.0336165 0.00314861 2.27276 17.6262 1.27875 0.932275 
2.271e-05 7.06709 0.823532 0.795807 0.359915 916.377 0.000431661 4.12955 0.323605 16.7517 0.317907 427.161 0.00839576 0.00388322 1.13371 3.7491 1.37937 5.72266 
6.5538e-05 0.0728525 0.0289166 0.00879731 0.171693 2.91945 0.000567134 0.821212 0.393325 42.8535 0.531532 355.032 0.144423 0.00125049 1.42077 46.1292 2.08501 0.255894 
7.75605 0.00805969 0.000227586 0.387078 0.0424385 1587.48 0.113078 0.625614 0.231619 0.0895933 0.00783425 68.9493 0.00238839 0.0106887 3.06828 20.7641 1.17648 2.42362 
0.036869 0.000916707 4.99124e-05 0.000240799 0.0274711 16.7268 0.725137 4.87876 0.758172 0.151692 0.00286652 422.634 1.65205 0.00120076 3.01172 18.711 1.30352 0.897985 
0.000527131 0.00781993 7.01188 6.34951e-05 0.000262248 195.391 0.0436417 0.233198 0.00357138 0.0138974 1.33927 254.625 0.00385079 1.93599e-05 1.45203 32.027 1.59585 0.305378 
0.00021782 1.17979e-05 0.108132 0.0317487 1.97638e-05 2678.18 0.285205 0.0806218 0.246265 15.8637 1.09542 185.907 0.00478783 0.000528536 1.31635 24.1843 1.5712 0.5817 
0.00821428 3.52707e-05 0.247332 0.0213423 0.00124812 8.41957 0.0598464 0.69776 0.136514 35.5664 3.32122 66.9589 0.187991 0.000757909 2.11873 21.3384 1.53029 6.00632 
7.80504 6.93601 0.224611 4.39504e-05 3.34559 106.057 0.0200768 0.452769 0.249707 2.32964 0.0844165 113.781 1.39194e-05 2.09658e-05 2.88632 22.4956 1.53953 0.878407 
0.00194613 0.00355354 0.025764 0.43921 0.00799665 499.198 0.0415048 1.46954 0.358762 0.0619912 0.00259816 201.744 0.0554656 0.000302003 8.34658 21.4568 0.996023 1.43116 
0.00259558 0.0504702 5.92589e-05 3.93449e-05 0.027485 0.0163038 0.00929019 0.210144 0.447994 33.8935 0.364771 339.049 1.73768e-05 0.000748276 3.08379 2.80656 1.07124 5.79873 
0.0021307 0.00135733 0.0653752 0.00456463 0.58348 0.319751 0.20517 8.73743 0.45591 0.125946 0.00337548 462.968 0.00162939 0.0219059 1.05398 42.6596 2.03623 0.28646 
0.129855 0.242786 0.821515 1.17355 2.38551e-05 50.8978 0.0414947 1.0434 0.705026 55.8886 0.126959 253.812 4.22347 0.000428375 1.66885 7.76266 1.55587 5.4989 
0.00358585 0.174369 0.394914 0.000469026 0.00130082 28.8836 7.77499 1.35394 0.0686821 21.0923 3.59528 261.819 0.0176505 8.4165e-05 1.20797 35.4724 1.83976 0.577703 
0.00472238 0.959644 2.51858 0.0852686 0.0566037 2937.73 5.41856e-05 0.101999 0.371875 0.95905 0.0121971 51.1129 0.0130437 0.000162382 1.21312 25.154 1.31632 3.03287 
0.0513719 0.000435069 0.36759 0.000450736 0.158833 23.0021 0.0575414 0.509668 0.268549 88.7598 1.49233 439.196 0.00117642 0.0155897 1.28045 2.70185 1.82338 6.19662 
2.79093e-05 0.0150804 0.000541586 0.0783316 0.146377 4.2535 0.499442 0.959325 0.940277 36.7739 0.115408 197.581 1.40828e-05 0.000584533 2.16345 3.16956 1.46601 4.70929 
0.219064 0.0660338 4.37003e-05 0.503907 4.62522e-05 1.92535 0.0992752 0.790693 0.107118 1.12427 0.882446 58.1315 0.0309357 0.0061014 2.28555 22.581 1.39173 2.61839 
0.937993 0.000259147 1.01752 2.20777 0.000230965 15.615 2.95431 1.14424 0.0106172 0.0461086 0.266093 391.709 0.00386578 4.03984e-05 1.54751 20.1761 1.43941 0.503364 
0.000378226 3.55073 8.77721 0.00160875 2.6795 0.0193077 0.426984 2.40534 0.0325109 0.0112741 0.0205094 34.8983 0.00195855 0.000872827 1.50798 44.3677 1.53875 1.44854 
1.12405e-05 1.67574 1.91315e-05 0.775171 0.000222608 0.0919078 0.000554082 0.171746 0.00641347 2.98335 2.97854 32.3671 4.73412e-05 6.13831e-05 1.89643 24.2195 1.22401 5.14618 
0.0258839 0.0972807 0.0405432 0.00023978 0.00190689 26.699 8.25424e-05 0.159793 0.00316026 0.0442913 9.481 272.63 0.00404865 0.0127462 1.08521 8.92548 1.9143 2.05007 
0.00117833 0.205899 0.0113367 0.000207732 0.000111401 2163.1 0.000546712 0.733553 0.0617608 0.120402 0.78494 315.192 0.0224923 0.000276266 2.06214 43.1658 1.89504 0.246426 
2.71919 8.00888 0.00128669 0.339043 0.03421 17.1677 0.112881 0.131573 0.240679 499.957 0.809047 51.8857 4.55095e-05 3.8544e-05 1.34085 11.3115 1.15053 5.23242 
0.00103479 0.000410857 0.12049 0.000205501 0.00278707 58.7626 0.175006 1.21939 0.402107 4.6642 0.114346 273.101 0.151567 0.0320792 2.8492 4.82789 1.25795 5.92014 
3.3466e-05 1.09446 0.000365792 0.0428133 4.45946e-05 336.717 0.00229629 1.95167 0.155074 3.51773 1.09916 148.203 0.118327 0.000185328 2.74341 6.05965 1.06363 6.22214 
6.9734 0.341199 0.000391045 0.0010497 5.40943 1289.22 4.29686e-05 0.247673 0.00586676 0.2834 2.47758 59.6101 2.01374e-05 0.000828102 1.59641 11.0482 1.14456 5.11792 
0.0193808 5.57305e-05 0.01944 1.13447 0.000517051 0.239516 0.00175773 8.51912 0.470017 7.59181 0.0320103 363.189 1.20743 4.87065e-05 1.43149 27.0672 1.46446 0.516591 
6.53797e-05 0.00890901 9.2099e-05 8.23097e-05 0.101652 0.0437412 1.19455e-05 2.92849 0.222005 2.44624 0.157134 260.9 0.0325219 0.000872386 2.22053 47.1872 1.7945 0.439819 
0.00171457 0.165204 0.0320348 0.00364489 0.00647314 0.522155 0.255236 1.0678 0.00122573 0.0622529 3.23462 310.429 2.48631e-05 1.54262e-05 1.21605 2.56433 1.23568 5.11479 
0.0358825 0.00133412 1.80923 0.110788 0.011208 0.201054 0.00994833 2.26647 0.0293885 2.55796 6.96711 118.304 0.00330013 0.00235361 0.996324 13.746 1.54404 2.67065 
0.00879362 0.069077 0.000177557 0.0622142 0.00578006 0.0412044 0.0321696 1.10584 0.0730448 0.412886 0.102476 229.753 0.0711671 0.0213234 1.72916 11.6681 1.25507 4.32118 
7.1302e-05 0.0108833 8.56336e-05 0.000612672 0.000696392 2854.17 0.00646834 1.18318 0.0083205 0.0951619 1.86972 84.8392 0.000946408 0.00031532 1.24545 9.88052 1.35495 6.11775 
1.01983e-05 0.00735088 5.69402e-05 0.000854458 0.135486 1207.64 0.0108548 0.406676 0.0745132 0.0525683 0.0168392 184.753 0.000562004 0.0155636 1.12045 6.97411 2.3888 3.36849 
0.000951916 0.00485606 0.913785 0.000105019 0.00764078 0.0309233 0.000133294 4.69919 0.0171357 0.243068 1.42529 451.161 0.112442 0.00012764 1.61822 26.7635 1.96962 0.852911 
2.0181e-05 2.64214 0.323581 5.6975e-05 1.99716e-05 0.0103228 0.00103659 0.165225 0.0471174 0.95424 0.445343 222.392 0.288695 4.45582e-05 1.57911 5.67297 1.63827 2.86791 
1.18446e-05 0.0147415 8.21183 3.11386e-05 0.000187063 4.77527 0.000802759 0.643592 0.221666 0.923952 0.0147333 477.874 0.0966383 0.0199921 1.68605 24.8009 1.85945 0.332342 
5.04616 6.66582e-05 0.0234593 0.000558115 0.224809 464.672 0.0260858 0.837245 0.0516537 3.25316 0.0483465 179.172 4.0189e-05 0.00014435 1.29458 31.8122 1.47966 0.96076 
1.57022e-05 3.19043e-05 0.000145505 0.968895 0.0160594 0.146544 0.0298098 1.78604 0.0593025 1.66613 0.269543 240.061 0.0795523 0.0124368 1.37691 4.52467 1.17223 6.32682 
0.0374349 0.00111682 0.00038264 0.0016472 0.0998006 0.124404 0.059329 6.84645 0.00928496 0.156737 2.17289 279.423 0.106263 0.000228679 1.61322 11.6677 1.95409 2.19277 
7.30203 1.54614 0.00781004 0.00157658 0.0568209 0.0803352 0.00014391 0.89244 0.0114571 5.91107 6.10011 34.5847 0.163104 0.00248674 2.3305 29.4544 1.32402 2.46908 
0.000275247 9.62519 0.00164975 0.434437 0.00614929 0.0327504 0.00594809 0.539301 0.00590011 0.214193 0.616527 63.8627 0.000399637 2.87088e-05 1.98248 11.5999 1.65191 5.48279 
2.55146e-05 0.000407495 2.11913e-05 0.639108 0.165557 265.109 2.20024 0.790497 0.00216032 0.0443235 1.36598 48.7361 2.63213e-05 4.18468e-05 1.2553 14.7974 1.99718 8.83127 
0.000790134 0.00375098 2.27402 0.00185771 0.087838 4.17207 0.0273371 0.497695 0.0423 4.93219 0.408274 290.095 1.78805e-05 0.00766021 1.98269 24.6019 1.46541 1.08636 
0.000360926 0.560825 0.000104769 0.00312499 0.000336791 0.0411143 4.36778e-05 0.457549 0.637131 3.17679 0.0120735 19.3338 2.07126 0.00027332 2.187 38.2582 1.0758 3.85062 
1.76865e-05 0.00155602 0.414411 0.0158947 5.33456 0.633507 0.0197247 4.11573 0.347037 261.069 5.68491 185.196 0.191467 1.60383e-05 2.59327 33.1081 1.2295 0.668663 
3.04483e-05 1.13519e-05 0.281025 0.000112474 3.62409e-05 2.23585 0.0814609 0.321995 0.0429474 45.1457 2.15302 105.832 2.27831e-05 0.00104062 0.877874 18.646 2.65108 1.51076 
0.000234562 0.0731963 0.00680257 0.00205058 0.000119115 268.938 1.15066 0.391502 0.0908552 25.2244 1.71046 299.292 1.00646 0.000102538 4.2565 20.1008 1.40697 0.454914 
0.00440486 1.21819e-05 0.000199934 0.522424 4.34121e-05 21.9647 7.41495 1.98071 0.00836685 0.0360025 2.06659 432.248 0.000103317 0.00508581 1.55121 4.90574 1.64974 1.17747 
0.000633583 8.81503e-05 1.27848e-05 0.0161966 0.00338606 440.094 0.00017162 1.30358 0.0939791 23.2158 3.26038 197.064 0.242176 0.000472383 1.14492 10.3392 1.73931 5.31793 
0.000152662 0.0596698 0.000101273 2.19943e-05 0.0171994 3.71093 0.00154071 1.33068 0.694114 242.014 5.95378 93.0815 0.00294126 0.00439116 2.17996 9.32349 1.08486 3.99409 
0.396814 0.00830039 2.60597e-05 0.283158 0.479651 12.4236 0.247622 0.345993 0.00619832 0.0147718 0.791578 106.069 0.000293395 0.00620223 1.40909 33.1058 1.29113 2.11303 
0.000115934 0.000503994 0.0157829 0.0185895 0.242589 90.3154 0.00179556 1.86919 0.144914 20.7519 1.97921 442.475 0.00666147 0.024889 4.42964 17.3812 1.17908 0.985371 
0.265525 0.00100183 7.20207e-05 2.58387 0.0616283 8.2359 0.0329226 0.411204 0.0219793 0.133498 0.242982 260.573 0.0128182 0.00926997 3.85344 4.18818 1.05165 4.94451 
0.780217 0.00595168 0.00609765 0.184782 1.93392 0.189454 0.000269647 3.38188 0.595536 3.42209 0.0644117 466.092 0.0404631 0.000478659 1.50451 9.10355 1.52519 1.01133 
0.0134535 0.0767682 3.72917 0.000176226 0.00217708 363.696 0.00927066 0.242197 0.160798 5.71428 0.04423 51.4531 0.000760856 0.00229137 0.905256 45.0968 1.09144 3.49693 
0.18955 1.7148 6.96171e-05 0.00138694 5.86629 0.0369738 8.77387e-05 0.218719 0.00896167 0.0919641 6.48936 99.9984 0.000261845 0.000306909 2.03527 7.74392 1.17413 8.26827 
0.0253524 0.313861 3.8773e-05 0.00102217 0.00633989 1.75599 0.00322781 0.62278 0.0610652 82.7943 6.92458 51.167 2.38347e-05 0.0103697 0.941712 15.316 2.79548 9.1784 
0.0785931 0.865842 4.16658 0.00040928 8.22276e-05 1.36745 1.63178e-05 0.252689 0.067118 2.47886 0.845906 76.6627 7.49487e-05 0.00132193 1.10252 15.6744 1.32627 3.00393 
2.46773 8.60541e-05 0.0114524 3.62602e-05 0.00280273 0.0241385 0.0545524 0.376258 0.271655 15.7299 0.337475 31.9499 0.000265659 2.28219e-05 1.39845 36.9045 1.84183 2.41257 
0.00820719 1.21116e-05 0.474355 3.35715e-05 0.00394807 2796.48 0.335088 0.163071 0.286773 21.0804 0.262606 396.944 0.00365037 0.00751912 1.3674 2.22838 1.75953 7.63081 
0.00236593 3.72846 0.007232 0.55287 0.00618373 3.44058 4.75218e-05 0.244762 0.0264236 2.8514 4.65649 421.226 1.28889e-05 0.00071553 4.25569 39.8866 1.37351 0.183661 
0.0499663 0.767526 0.00161887 7.08933 0.00218715 0.164224 0.00221115 0.660318 0.0947516 0.948009 0.00772786 453.158 0.00134052 0.00134049 5.90498 17.2345 1.33448 0.551445 
0.190131 6.69942 8.25995e-05 6.50911 0.0203689 0.0116583 6.13433e-05 6.81392 0.0322695 0.114858 0.0850101 205.806 0.113956 0.000989614 1.31249 13.8562 1.67518 5.43222 
7.86807e-05 0.024663 0.00752701 0.00171336 7.33094 0.0111076 0.116362 0.275346 0.0126764 2.42455 1.53465 355.029 0.000923867 0.00318813 4.22307 9.17896 1.02911 1.00613 
0.00378534 0.00222443 2.66266e-05 0.414044 0.00183339 247.283 0.000458042 3.78658 0.313386 252.743 7.92182 423.903 0.0107324 0.0069562 3.76252 40.0911 1.49765 0.433092 
0.84714 0.00117087 0.189269 0.000158833 4.77299 2.4814 0.00882672 1.14287 0.392126 57.3807 0.375778 48.5082 1.54469e-05 2.87762e-05 1.86817 17.9713 1.22819 6.19962 
0.00414183 0.00675684 0.0153912 0.534167 0.0465009 979.647 0.000482339 0.265477 0.0133331 0.0102146 0.00821788 445.919 3.2607e-05 0.000691532 9.68501 23.0141 1.16229 0.611949 
0.00584972 1.35882 0.000140498 0.0886284 0.00124238 0.6536 1.05426e-05 1.26681 0.243194 61.3859 9.68691 90.9896 3.65413e-05 1.5596e-05 2.82054 19.4963 1.20406 2.08256 
0.0554804 0.000564938 3.82654 0.072645 1.22828 0.017839 0.261516 7.9488 0.00429137 0.269611 7.71846 181.148 0.000366365 0.000302863 0.880684 21.8614 1.42308 2.17102 
0.000146209 8.62899e-05 0.00185238 1.35706 0.0274432 1.74662 0.133798 0.854299 0.930158 19.3612 0.0143762 322.284 0.0109208 0.0290414 6.37067 9.51359 1.32685 0.925399 
0.00160353 0.000229386 0.000344849 2.42265 0.000212704 0.282019 0.168107 1.66153 0.104874 198.831 1.95471 146.907 0.737842 0.00129585 2.43916 12.5127 1.08887 2.03673 
0.000408481 1.20323 3.84563e-05 1.6392e-05 0.0291877 0.148105 0.0339314 1.16865 0.0568275 9.0673 1.82933 143.165 0.235944 0.00334881 1.19348 8.41003 3.07812 5.00174 
0.00038181 0.0984109 1.3325e-05 0.00915557 0.00135781 1542.69 0.010215 0.745063 0.346832 0.684196 0.00397118 316.283 0.291035 0.024489 1.68412 7.49928 1.81252 2.11786 
2.28861e-05 0.635287 0.00475213 5.04771e-05 6.32923e-05 2.81091 0.000868424 3.45417 0.108336 0.0849671 0.0469253 401.392 3.85337e-05 0.0109036 2.1026 24.3354 1.14213 2.11357 
6.80158 0.0107531 0.0465746 0.213163 0.000115095 102.533 0.000313155 0.136682 0.00606117 0.020295 2.133 397.173 0.0368157 0.10535 2.16408 1.54241 1.15205 9.11567 
1.36072e-05 0.00184005 0.0625081 8.15773e-05 0.165975 7.15108 0.00422991 1.53379 0.248744 33.8541 0.866974 106.488 2.0147e-05 0.000587997 2.51641 35.2132 1.0403 1.11247 
0.00582086 0.016411 1.14199e-05 1.06208e-05 0.00206371 668.631 0.247579 0.659615 0.189481 8.00809 0.424915 71.9469 0.00744464 7.34615e-05 2.7694 19.9735 1.79127 2.35068 
6.35508 0.0520776 1.32739e-05 0.00246149 0.0987547 0.0300068 0.487835 2.03656 0.00869623 0.0174965 6.19329 230.242 1.10389e-05 0.0123144 4.32733 34.0129 1.46844 0.505082 
0.189978 2.07466e-05 1.57655 0.0277325 4.03504 0.271191 0.000991099 2.17431 0.244238 3.36809 0.0412069 353.969 0.0108921 0.000283621 1.3056 9.48324 1.74033 1.70004 
0.0970054 0.0273592 0.017764 0.000344712 0.000632085 0.0708448 1.47491 3.24962 0.0215978 0.402022 0.0648588 318.36 0.00142399 0.00012397 3.03559 16.1083 1.17808 0.879266 
7.50257e-05 0.167994 0.0178928 1.6731e-05 0.00113346 12.5121 5.73869 0.632249 0.411487 3.81717 0.0469479 15.7923 0.0126068 2.79623e-05 1.19316 39.4387 1.59207 3.96368 
0.00865527 3.68783 0.148981 2.0362e-05 0.000465558 0.0421081 0.00166428 4.79738 0.0938228 67.5635 5.44483 331.689 0.00597208 0.0124697 1.82861 35.804 1.68114 0.858274 
0.0557866 0.133657 0.000870226 1.75032e-05 1.56276e-05 19.4966 0.02811 2.54925 0.011037 0.315627 5.42432 104.638 0.0001963 0.00232766 1.36688 15.6337 1.77344 7.91398 
0.0552469 0.00429841 0.0136689 7.25612e-05 2.92991e-05 229.693 8.58909e-05 1.04181 0.557653 50.7367 0.266486 151.132 1.91552e-05 0.0186671 4.72147 12.4818 1.019 2.1718 
4.82401e-05 0.618738 2.15306 1.72573e-05 0.00017575 257.264 0.0723625 0.302991 0.710075 2.07663 0.0125766 400.512 0.407317 3.14543e-05 3.95356 7.74995 1.09249 0.973319 
0.210365 0.000942051 0.0193829 0.0489645 0.0241844 0.0919081 0.0507568 5.28738 0.0100259 0.235645 9.87736 456.55 0.00124514 0.04554 3.30528 7.76318 1.1693 1.54786 
0.83425 0.000398158 0.158031 1.69819e-05 9.42831e-05 130.09 0.865338 0.929218 0.246239 13.7357 0.782677 334.828 0.00306082 0.118667 1.33925 3.45812 1.89481 7.00328 
2.73215 7.64469 0.000558975 1.89514e-05 1.56842e-05 0.0751329 0.0353205 7.04763 0.131157 13.2888 0.107783 52.5988 0.000837071 4.17246e-05 1.45321 36.9598 1.05681 1.58428 
6.26858 0.00215638 0.000185969 0.000339814 0.0165431 0.066382 0.000433775 1.5505 0.00916801 0.0355685 0.0859555 330.944 0.00806677 0.00293128 1.11689 7.95759 2.53043 1.45485 
0.00081241 0.000497315 0.72165 0.662046 0.0186239 78.9979 0.0427365 0.0460158 0.0136662 3.14429 8.00588 69.9688 1.91264e-05 0.00137291 1.45579 22.5717 1.3455 1.65962 
0.000720937 0.0194837 4.03997e-05 0.0736113 1.62525e-05 337.464 4.09968e-05 2.23108 0.468101 16.7904 0.208122 73.5703 0.0717953 0.0100098 2.64492 9.50473 1.26341 6.54044 
0.000146172 0.0999119 0.0103714 0.000243523 0.00282247 0.0157562 0.00148151 0.39521 0.00961087 0.0169929 0.486213 376.659 0.0343045 0.000903754 1.25263 2.24758 2.09684 8.0504 
1.55822 0.0938466 0.00358909 5.51392 0.0216489 122.804 5.11405e-05 0.857778 0.0489139 9.93227 0.0908008 45.6623 0.00162847 0.00401778 3.13722 48.9145 1.15654 2.69156 
6.03165e-05 0.52379 0.00090451 1.83261 0.683856 75.3395 0.00173209 2.13336 0.151298 23.7451 0.342003 177.895 0.0027236 0.00419471 1.50033 42.8371 1.22505 0.415232 
0.0142431 0.00067186 0.00620685 1.65823e-05 7.69966 217.206 0.031118 0.659411 0.00503827 0.0400553 0.914178 331.56 0.000654638 0.00299973 3.81983 10.2283 0.934001 2.0809 
0.00310267 2.79416 0.0135917 7.56214e-05 9.45903 0.383383 3.66013e-05 6.57913 0.315879 269.85 2.70941 252.404 0.00360944 0.0139456 2.45919 11.6119 1.16665 5.03912 
0.0017009 0.711045 0.442883 3.67762e-05 8.56911 0.131207 6.89118e-05 9.50231 0.922566 123.191 1.33718 228.182 1.18609 0.0363842 1.87901 20.8586 1.542 0.548965 
0.210949 0.000552664 0.336292 0.00406376 1.24011 30.3544 0.000358679 0.161132 0.189469 104.189 1.12652 317.995 0.988426 0.000187007 6.75887 18.1436 0.904344 1.58341 
9.67939 2.50514 0.00726401 0.010895 0.512763 13.9815 0.420341 1.31615 0.0750774 9.20429 0.668995 276.495 2.73814e-05 0.000475148 1.10076 7.35547 1.70545 1.55826 
1.24431e-05 0.00496131 0.0408269 0.00662091 1.13115e-05 152.114 0.302196 5.80385 0.58495 90.9481 0.533398 475.547 2.18307 0.00110074 1.41844 8.35998 1.17836 6.3058 
0.0102883 1.85001e-05 0.0148986 0.128909 2.55749e-05 2.23922 0.00676722 3.45572 0.038159 44.3742 8.41943 422.552 0.000189351 0.0207441 1.98049 20.6972 1.27162 2.62897 
1.43467e-05 5.91073e-05 0.000429414 0.00860821 0.016458 171.267 0.00319246 0.904955 0.0140671 0.146107 7.61212 425.413 0.0771372 0.00739594 3.34923 31.3434 1.78426 0.149786 
0.152995 0.106431 0.000646334 0.148076 0.000199645 689.007 1.09516e-05 3.70691 0.297066 1.71559 0.0870138 280.593 1.18858e-05 0.00119069 1.217 13.8286 1.39325 1.29501 
0.000503523 9.27957e-05 4.30657 0.000545178 0.00278802 25.7241 0.000301231 1.27146 0.0423449 12.0949 5.47893 355.77 0.123335 2.44144e-05 0.998178 2.40139 1.96653 2.96589 
4.92411e-05 0.00139736 0.194253 0.000644226 7.12205 0.0198439 0.0503093 6.2726 0.0182335 12.6511 2.1611 46.8267 0.00523658 0.000347026 1.49814 35.7877 1.00441 2.42095 
0.000300117 0.00259579 0.000508894 0.0760384 3.51445 47.2442 1.35815e-05 0.878692 0.194215 0.406456 0.00703277 222.25 0.291582 0.00179574 3.60836 41.7082 1.28338 1.0315 
2.87211e-05 1.80754 1.03767e-05 0.0198902 0.363267 0.205327 1.92338e-05 2.30418 0.121069 2.23948 0.0796441 83.6359 1.26817e-05 3.47178e-05 1.30804 12.3016 1.53483 5.9222 
0.0452494 0.106279 0.270403 4.47158 0.0167346 0.54488 0.0196611 3.37337 0.719053 0.951764 0.00180943 19.9561 0.000266912 0.00834153 1.00462 32.9418 1.3428 7.6587 
0.0250598 0.00051953 3.20867 2.09715e-05 1.59539e-05 16.0798 5.64565e-05 0.113665 0.0432859 1.24095 0.474349 361.429 3.65654e-05 0.123235 5.76968 29.3986 1.46878 0.505044 
0.000942042 8.8234 1.74696e-05 1.15596 0.000622304 20.582 0.00389062 1.3741 0.0171802 0.464914 6.0036 241.368 0.00625705 1.75416e-05 1.42719 6.05546 1.44171 9.00784 
5.78688 2.5495 5.16398 7.10638e-05 6.56924 0.465159 0.000127207 0.887942 0.322151 305.378 5.00212 122.627 0.00114718 0.00122106 1.93342 24.8641 1.14983 1.54036 
0.000365343 0.00125052 2.18642e-05 0.000185284 0.749159 111.588 0.0130548 0.208475 0.00642634 3.65546 4.10124 74.3512 0.000701416 0.000372522 1.74784 22.0288 1.2446 2.41963 
1.06513 0.450344 5.06123 0.176816 0.946324 13.5301 0.00370744 0.0357701 0.218035 107.422 1.28867 204.137 0.000828521 2.73021e-05 1.45954 19.442 2.12371 0.540306 
4.01843e-05 0.131479 0.000926372 2.74402e-05 6.41434 353.487 0.000525909 1.9714 0.526422 9.55028 0.0409298 343.046 0.00105932 4.12558e-05 1.47425 20.3632 1.24407 1.02566 
0.00732769 0.00110433 0.000216319 0.00178866 0.00499683 0.628007 2.16075 9.36748 0.503254 314.288 0.271186 242.483 0.0488594 0.00307035 1.08525 8.67947 1.20455 9.65242 
1.6484e-05 0.00101297 0.000315566 3.40922 0.00169072 2605.23 0.19155 0.140126 0.00665101 0.308588 2.3163 51.5407 0.00103871 0.0140576 3.09242 28.0562 1.12856 1.36601 
0.174699 0.0384442 0.000389052 0.79554 0.000166753 0.29755 0.000185558 0.242884 0.0210941 0.0196376 0.0755398 199.273 0.00208135 7.02474e-05 2.48278 30.7995 1.32313 0.54056 
0.0076928 0.122064 0.000117435 2.04115e-05 0.0301066 1876.72 0.643642 0.417725 0.00894552 0.0158089 5.99027 308.561 0.000165418 0.000100654 1.703 2.77531 1.27133 4.21295 
1.03947e-05 0.0395389 0.00319804 0.000866053 0.0235565 4.07536 0.0232252 0.838562 0.162736 2.01831 0.04085 193.667 0.00997449 2.95725e-05 9.86031 48.101 1.03819 0.690659 
3.28342e-05 8.86116 6.22555 2.26587 0.000599133 154.193 3.98836e-05 0.401973 0.232354 9.08653 0.0606183 53.3817 0.00025784 0.000268921 1.04842 15.7073 2.0838 5.37762 
0.000113627 0.00408113 0.627097 0.000290478 0.000527297 16.4678 4.06747 0.266143 0.477798 363.999 9.74565 141.152 0.000864899 8.91027e-05 3.12142 46.4304 1.361 0.422026 
0.356371 0.00406296 0.000596695 1.52647e-05 0.0162852 0.0235271 0.00388618 2.37033 0.136435 26.6859 1.75595 352.444 0.029566 1.00391e-05 1.39499 44.4212 1.45998 1.42474 
0.000106553 1.16876 0.359519 0.521388 0.305024 38.5229 8.72349e-05 0.47525 0.0910322 19.8505 1.22232 98.4741 0.0287741 0.00045132 1.49945 8.96448 1.22273 4.46458 
0.00195697 3.21041 0.272287 1.66787e-05 6.61576 27.0813 6.1059e-05 1.29115 0.0191796 1.74171 3.20778 246.052 3.14503e-05 0.0127925 1.51271 6.11053 1.72541 3.09906 
0.024454 1.30837 2.46211 1.0073e-05 0.0121457 5.33444 0.188639 0.247651 0.582562 254.812 0.822807 321.576 0.106907 0.00196969 1.55866 2.54261 1.42882 8.40362 
0.223262 2.34235e-05 0.0240746 1.40147e-05 0.000610373 168.825 0.00120216 1.76902 0.050502 7.78955 0.336727 134.16 0.973019 7.25873e-05 1.88413 15.8529 1.32088 1.82836 
0.000659948 1.07217e-05 1.44829e-05 3.01886 0.274336 0.91022 0.00550902 3.4422 0.981086 101.156 0.210817 39.0021 0.0193225 1.09474e-05 1.58342 45.7814 1.57507 2.17395 
1.51749 0.897515 0.000239313 2.2735 0.158544 2008.83 0.000916498 0.809982 0.0598075 6.09356 2.52238 151.666 0.096736 5.07162e-05 1.47027 13.7112 1.25537 3.44229 
0.206334 0.0324197 1.45312 0.000602375 3.58625 3.49785 3.15979 3.52132 0.0640235 4.33984 1.36718 436.95 0.009749 0.000247709 1.28033 43.5443 1.7053 0.460719 
0.000399151 2.5696 0.00025977 0.519955 0.227957 1437.86 0.01837 3.49861 0.236993 25.9386 6.84822 172.727 0.0017858 0.000266167 2.30431 27.5798 1.75692 0.911075 
2.08542e-05 5.91713 0.0243936 0.954204 0.320968 261.661 8.30451e-05 1.65975 0.220383 5.45027 0.767549 166.387 1.53607e-05 0.00122191 3.02606 22.4047 1.36146 0.918348 
4.61986 0.0410609 2.56912e-05 2.77783 4.27795e-05 0.665821 0.000845927 6.05215 0.283144 397.337 9.93053 396.305 0.000668778 4.90375e-05 1.14847 27.7356 1.71543 0.580769 
0.460038 1.85182 1.02537 0.0612422 0.0436491 11.7564 0.000399476 1.9626 0.456671 1.06753 0.0170073 322.211 0.0961396 0.00257058 1.78233 13.5339 1.49315 7.49078 
0.0107347 5.21305e-05 0.0101997 0.0996642 0.000642807 6.44413 3.5888 0.495838 0.021954 6.57562 1.99627 388.439 1.21743e-05 0.00983622 1.33307 7.93741 1.4742 4.64321 
1.30919e-05 0.0178205 7.7293 0.00825218 0.000264926 0.853172 0.329504 0.222111 0.159809 0.514216 0.113082 88.1575 2.3647e-05 0.00936663 3.43118 46.5021 1.3259 0.433521 
0.000655533 0.262156 0.12359 0.00264291 0.00103925 0.305094 0.000173798 7.40735 0.0569642 7.39434 2.54262 337.679 6.63767e-05 0.00390991 1.96184 32.059 1.18787 0.937356 
0.00323019 0.128238 0.994343 6.81006 0.0727018 0.0644213 1.63028e-05 1.41394 0.0675596 47.1284 1.83515 75.6308 0.0399327 1.99276e-05 1.08232 12.8447 3.09051 8.458 
4.16958e-05 0.0139908 0.00236759 3.05034 5.02977e-05 0.0438277 0.161236 2.19056 0.385077 1.89527 0.018309 86.1042 0.00160169 0.000369412 0.968884 12.8902 2.0345 4.58397 
0.00244065 3.35326 0.1265 7.03097 0.000122875 505.004 0.00104606 1.14941 0.338799 5.58061 0.197687 120.382 0.000511755 0.0010748 1.85154 11.9716 1.32403 3.5144 
3.20753 0.00174982 0.000293498 0.0159987 2.22651e-05 0.110976 1.05985 2.30822 0.00746708 0.213748 3.46099 125.542 0.0014215 0.00321341 1.33194 29.049 1.58749 1.26785 
9.52995 0.490325 0.000137918 0.000647124 9.61943 40.5463 0.0473638 1.85999 0.164402 26.6274 1.41989 341.807 0.00229987 0.000373041 1.51498 6.16376 1.46582 1.25411 
0.00336274 0.000512908 2.98207 0.00717062 0.0440742 0.20478 0.000666054 0.115939 0.0207171 0.0151417 0.115031 276.623 0.000461245 0.000120398 1.84666 3.42967 1.07265 3.41528 
0.000240562 4.54128e-05 2.97811 0.305743 0.00011565 0.0396425 0.263882 1.8752 0.0347063 0.360674 0.0917091 86.1108 0.000629901 0.0256231 1.71164 10.2771 1.52886 7.25982 
0.000411402 0.000274821 4.36024e-05 1.92054 0.000252541 4.58676 0.0320297 0.197049 0.0258042 0.0105883 0.0195174 325.244 1.01017e-05 1.82861e-05 1.99656 17.4473 1.50116 0.714481 
5.04757e-05 0.0335102 0.000998971 0.0443526 0.010362 114.938 0.772493 0.482741 0.0797781 1.47359 0.215705 36.7314 3.00609e-05 3.42127e-05 1.82295 34.408 1.85606 1.12076 
1.27901 0.513693 0.000894148 0.487396 0.00106693 28.2778 0.0326826 2.24098 0.0110285 0.283071 0.584978 19.5041 0.000537196 0.0013787 1.80891 43.3663 1.13284 3.12808 
2.40801 7.74546e-05 0.428258 0.331635 0.00108047 0.0461492 0.0263342 3.1716 0.00940234 0.0455823 5.02885 76.9179 1.08412e-05 2.90844e-05 1.60712 29.4944 1.09829 1.62744 
0.00561178 2.17779 2.10859e-05 1.863e-05 0.00861581 4.68247 1.7027 1.29507 0.00709036 0.055509 1.01924 320.099 7.11351e-05 6.14992e-05 2.04684 14.346 1.15258 1.10732 
0.00138834 1.84269e-05 1.12049e-05 0.0142933 0.0896514 0.131236 0.000320608 8.53363 0.0966806 0.358195 0.0915713 228.974 1.54615e-05 7.27641e-05 2.0633 37.0326 1.45681 0.957717 
0.000103833 0.00059772 0.000190877 3.41618 2.55815e-05 556.243 0.000136531 0.284146 0.0251835 6.0436 0.980465 342.182 1.06465e-05 0.0104823 3.721 2.6207 0.921383 8.26174 
0.000718109 0.00111262 3.3652e-05 0.00014045 7.58329e-05 2032.95 0.352179 0.930812 0.617643 146.655 0.233166 170.996 0.000190993 0.00625713 1.19192 44.0231 1.81041 1.14193 
0.0179028 0.02081 2.08842e-05 0.448391 0.00011251 12.5537 4.83395e-05 0.107418 0.221291 129.894 1.41478 341.22 1.33618 5.76841e-05 6.36315 38.1759 1.22736 0.460897 
0.00560791 0.00560885 7.68693 6.25617e-05 0.000951342 0.036826 0.000807354 0.0763938 0.038114 0.196981 0.376725 115.013 0.0117047 0.000797722 7.94864 47.9823 1.08117 1.23235 
0.0886157 9.94485e-05 0.000171033 1.47253e-05 0.00586459 0.397976 0.00664378 0.426155 0.120215 3.16791 0.0490316 33.6181 2.14422 0.00022854 1.97369 29.3247 1.73212 3.11299 
2.20927e-05 0.023701 0.00037532 0.0120272 5.24649e-05 656.589 8.72524 0.62671 0.684973 18.1606 0.0517912 275.952 0.139409 0.0231998 2.09899 34.5895 2.10156 0.647137 
2.91626 0.0295994 0.00191703 2.48617 0.0589831 188.913 0.000924691 6.50811 0.0864137 0.481542 0.107077 444.385 0.0193078 6.00386e-05 1.56496 10.6907 1.31106 1.57625 
0.285037 0.42597 0.00376717 4.48926e-05 4.61506 0.0336109 0.000605179 3.04663 0.0353197 3.27608 0.852526 369.59 0.000522343 5.28061e-05 1.91285 13.2239 1.29282 1.0501 
8.77984e-05 0.39614 0.000943225 0.00045745 7.45533e-05 418.218 0.000595697 0.538281 0.322619 328.906 2.72157 151.949 0.000546839 0.000319339 1.47036 9.8639 1.3526 3.58098 
3.43132 2.24319 1.51494e-05 8.04168 4.62364 0.0239459 0.157744 3.64517 0.454743 0.890074 0.0287823 120.394 0.216986 8.61999e-05 1.41969 14.5103 1.53211 4.14654 
0.00118496 1.07201e-05 0.955765 0.00128673 0.000153236 529.329 0.16328 6.44816 0.138442 89.3702 5.84026 454.357 0.0282681 0.00691178 2.62644 45.9159 1.18554 1.10014 
0.989441 9.46297e-05 0.000546419 0.280098 0.124032 3.68366 0.000609179 1.51536 0.0180404 0.168955 1.13467 207.07 7.69216e-05 1.315e-05 1.40238 7.83766 1.76667 2.35679 
0.0519122 2.44924 1.39098 0.136021 0.000913283 3.12294 0.0468437 1.63989 0.00800906 0.0575136 5.61272 58.7711 0.00645647 8.3975e-05 1.209 16.9782 1.82084 8.05175 
0.314472 0.00426829 0.00640269 0.310407 0.0386943 0.0164945 0.000254823 2.5814 0.206316 85.3297 0.49918 219.416 0.000284244 0.0213514 2.02562 49.74 1.74345 0.284071 
8.5123e-05 0.836885 0.0452974 0.0109738 0.00367644 61.5547 1.03625e-05 2.36698 0.105106 4.5459 0.0970115 154.242 0.000119761 0.00654607 2.0615 10.4677 1.17906 3.93554 
0.000100016 0.00160191 0.0449135 9.93327e-05 0.853364 106.506 0.0118268 0.203209 0.00629162 0.105008 0.137015 17.8025 0.0022454 6.81143e-05 1.5671 22.4835 1.2688 7.21395 
0.0612502 2.66873e-05 0.0118402 0.00188678 9.98447e-05 1.43276 0.00192695 1.01849 0.198236 4.49067 0.00743185 292.24 0.00593263 0.00218118 8.942 28.3633 1.14574 0.585555 
0.0181529 0.0822512 6.25581e-05 1.59106e-05 6.26848e-05 1.39608 0.00272885 0.287984 0.000907749 0.0135211 3.60902 225.203 6.10998e-05 0.00217664 1.8376 3.24363 1.03456 5.03455 
0.0739386 0.000943724 0.00396328 5.86559 0.228865 1998.79 0.00409906 1.05829 0.0150106 0.11438 0.556982 223.002 0.000141651 0.000165372 1.1251 10.2865 1.6697 2.11862 
0.0837148 8.34159e-05 1.56301e-05 0.000210618 5.64646e-05 0.0242034 0.0004391 9.62164 0.121538 30.6737 1.62488 354.336 0.402983 0.0169408 1.24734 16.4381 2.02319 3.42986 
7.62837 0.131167 0.00049408 0.000425038 0.0338114 2027.67 0.000264797 0.24546 0.0388707 34.8739 5.10839 418.127 0.0148313 0.00253335 1.29638 6.05256 2.02004 1.11249 
3.07227e-05 0.00306062 0.696776 0.4163 1.3039 2.08985 0.0414369 0.79884 0.365582 8.54024 0.132813 99.2469 0.00221526 0.000349809 1.42218 12.8401 1.42799 2.59722 
1.63967e-05 0.752267 0.00225956 0.0195696 0.0101613 0.411666 0.0642983 5.56381 0.0158642 2.16977 2.29355 453.185 0.100022 0.00163235 2.32591 34.955 1.32074 1.18918 
0.0162062 0.589195 0.596823 0.00036315 0.000979513 0.976825 0.000178188 0.196993 0.348674 3.41059 0.0234706 183.05 0.00192645 0.00022691 1.94109 26.9774 1.22616 0.572062 
2.17711 3.40346 0.00322203 0.0743003 0.0234354 7.06925 0.757252 6.60008 0.00326895 0.0253781 1.6437 161.85 2.57927e-05 0.000113313 0.909635 37.0341 1.65432 2.48751 
0.000177488 0.000438646 0.000243856 0.0420007 1.02205e-05 82.762 0.000697315 0.483295 0.0113038 1.69422 4.7093 89.8293 3.53003e-05 6.34562e-05 1.10569 7.76779 1.79065 4.04342 
2.52535e-05 1.92421e-05 0.000288375 0.0551366 0.00107506 127.922 0.693596 1.92061 0.0548979 12.0291 0.822664 34.0152 2.32599e-05 2.32579e-05 1.95576 41.9525 1.04202 2.81695 
0.0579795 2.08122 0.0102574 3.82316e-05 7.75266 755.559 0.00311916 0.443054 0.273629 20.0681 0.271277 150.207 0.00459762 2.49031e-05 1.35791 40.0467 2.06539 0.464405 
2.66902e-05 0.00486845 1.65471e-05 0.627178 0.000262888 265.977 0.00355091 3.09915 0.00611973 0.858462 8.32923 208.601 0.000180597 2.67835e-05 2.23447 38.9023 1.26198 0.367252 
0.00729449 1.09009e-05 1.68566e-05 1.33259e-05 0.0224939 57.1534 0.00972424 0.294043 0.0859265 10.1906 0.177948 395.432 0.000133047 0.000512621 1.93601 8.96886 1.62142 0.787317 
3.35006e-05 9.94028 0.0124263 2.21259e-05 0.000876437 2165.68 0.327249 0.456102 0.0190871 0.178469 0.264109 426.431 0.0165265 0.000886918 1.80538 2.19768 1.16707 3.43496 
9.17594 0.00253078 3.24147e-05 0.303291 0.00252125 0.0414424 1.77863e-05 2.60477 0.206562 2.08801 0.368194 85.7716 8.49997e-05 0.000425927 1.71601 9.13186 1.47574 6.32016 
1.49732 1.03554 3.06868e-05 0.000313291 0.706389 596.903 0.000490226 2.03815 0.0987723 3.56296 0.531516 320.839 0.000739748 0.000838227 2.82273 46.1286 1.29817 0.189115 
0.00387687 5.83843e-05 0.530018 0.000395134 1.01715 197.072 0.083805 8.80169 0.0134096 0.046622 1.08171 281.602 0.030624 4.52786e-05 2.64579 10.4673 1.22932 2.66981 
7.13373e-05 2.2983 1.9412e-05 0.000203295 0.182217 4.22412 0.000523221 0.167355 0.0398855 63.6583 9.94157 240.454 0.00368985 0.0137439 2.78804 8.79332 1.33809 1.05818 
0.00937176 1.58006e-05 9.19864e-05 3.37147e-05 0.365354 24.1053 0.00190274 4.64245 0.0735179 218.27 7.37917 95.7312 3.96434e-05 3.34913e-05 0.966522 49.9547 1.72872 0.876412 
0.14558 0.00820264 0.000105828 0.0818369 9.39283 3.08794 0.00065899 2.97983 0.0111156 0.0465488 0.273844 85.1242 4.40265e-05 0.00478166 2.79577 41.023 1.30359 1.17762 
0.000190825 2.23433 0.0158292 0.00110207 6.0166 288.909 0.118017 1.18295 0.0996091 0.651756 0.302467 101.997 2.8003e-05 0.00422231 2.27458 34.7992 1.27401 0.868063 
0.00311486 0.000581935 0.0589311 0.0064339 2.45098e-05 0.0322526 0.00761722 7.35231 0.327455 49.0813 0.501071 403.447 0.0266231 0.0249173 1.68224 22.3037 1.54281 0.440097 
0.544256 0.299049 5.83276 4.20898 0.000988175 2.86112 0.0308273 0.788372 0.0619792 1.87505 0.222618 268.26 0.0820722 0.00584732 1.65526 47.2078 1.74725 0.278502 
1.20027 0.00109648 0.0122474 2.85129 1.24398 0.391779 0.317012 5.55459 0.0106106 0.483142 8.51634 354.833 0.0696146 3.20983e-05 1.81238 47.2124 1.66949 0.254702 
0.449365 1.00457 0.144206 7.64614 0.258763 5.53501 0.0097539 0.382611 0.343979 1.90327 0.0266536 322.941 0.0123105 0.000119558 7.76809 13.8144 1.03308 1.10076 
0.162524 0.00513864 0.00525049 0.0328868 1.20506 87.7163 0.000862707 0.11917 0.0624028 14.5626 0.159339 373.957 0.000857519 0.100265 2.26308 15.142 1.51681 0.528872 
0.00562121 9.05761 0.0306367 0.882847 5.7397e-05 109.904 1.69184e-05 0.642263 0.0315393 2.24804 2.67089 459.326 0.0724259 0.0785192 1.45226 29.7933 1.87771 0.286001 
