-3695.067817
-3693.550899
-3691.379987
-3688.905484
-3688.175375
-3687.869434
-3665.164618
-3663.180704
-3659.542831
-3659.52334
-3643.825993
-3633.902691
-3632.033887
-3617.321908
-3599.155634
-3593.082976
-3582.24846
-3575.838859
-3559.635655
-3556.061287
-3546.685295
-3540.807236
-3540.607084
-3529.846074
-3527.160109
-3522.040043
-3515.363541
-3506.284743
-3498.326201
-3496.983492
-3496.715337
-3484.536317
-3481.231348
-3475.117211
-3464.78024
-3449.649594
-3443.857435
-3437.981803
-3436.063312
-3432.744993
-3429.624395
-3425.945328
-3415.899338
-3398.783975
-3398.478786
-3393.840681
-3386.564093
-3380.559796
-3370.009628
-3365.482473
-3359.914223
-3338.509655
-3330.834454
-3325.038812
-3321.419241
-3317.061577
-3309.001895
-3295.518497
-3295.373278
-3285.820435
-3282.767255
-3282.372891
-3281.343744
-3272.012859
-3267.165152
-3264.468798
-3259.921609
-3241.74142
-3241.602893
-3237.28754
-3229.768257
-3226.348866
-3210.486322
-3206.280823
-3199.459273
-3196.37783
-3187.762401
-3184.50949
-3164.583064
-3163.516715
-3162.399145
-3158.446975
-3137.146382
-3130.30043
-3121.918078
-3119.863536
-3117.431965
-3116.734538
-3113.905239
-3112.950164
-3106.561393
-3105.42004
-3103.49334
-3096.664202
-3082.663932
-3076.847721
-3072.874518
-3069.684032
-3066.517979
-3061.909212
-3057.194098
-3057.008472
-3050.802531
-3047.452644
-3044.48474
-3034.246049
-3033.671101
-3022.246804
-3003.94233
-2993.555194
-2987.377869
-2981.961198
-2978.400674
-2974.145184
-2967.389396
-2960.301794
-2954.58508
-2938.612747
-2922.185979
-2915.542571
-2914.524817
-2913.043751
-2901.358114
-2883.161947
-2877.320757
-2861.040198
-2855.381468
-2852.938314
-2846.75703
-2846.138572
-2838.118941
-2836.303258
-2833.518124
-2828.949068
-2808.061516
-2802.43309
-2798.305144
-2788.071026
-2773.690016
-2769.045443
-2765.601634
-2754.242769
-2716.291607
-2698.927474
-2689.342071
-2687.86332
-2685.487581
-2682.279404
-2680.368542
-2670.670847
-2669.023818
-2653.722256
-2649.966673
-2636.238686
-2631.822321
-2630.200287
-2629.949496
-2628.908422
-2620.36718
-2607.589449
-2599.566129
-2589.522581
-2581.921225
-2581.388857
-2578.238447
-2561.507794
-2560.047886
-2550.964771
-2550.887301
-2549.251497
-2540.534277
-2534.14135
-2532.050841
-2527.599446
-2527.29186
-2514.586307
-2509.642771
-2484.364977
-2483.201608
-2463.791061
-2460.980399
-2457.58258
-2456.61172
-2453.326366
-2442.770785
-2435.767243
-2423.038486
-2418.513397
-2407.07709
-2403.067456
-2384.989998
-2382.751211
-2365.355371
-2363.691404
-2362.735273
-2354.716191
-2353.735775
-2340.447922
-2332.163941
-2330.224757
-2314.422401
-2308.859394
-2306.222879
-2300.576974
-2296.344879
-2289.935407
-2271.321857
-2255.790693
-2255.306597
-2253.595436
-2243.135896
-2238.173239
-2232.378323
-2230.270239
-2225.780424
-2222.710299
-2214.877394
-2211.667214
-2205.643573
-2187.899174
-2180.070384
-2169.610468
-2166.890037
-2157.691053
-2151.98558
-2151.553862
-2139.093385
-2123.335486
-2120.680458
-2117.793818
-2109.93406
-2106.394676
-2103.691475
-2098.360884
-2097.027216
-2096.241151
-2089.639632
-2085.454046
-2079.349217
-2045.521356
-2045.380316
-2031.774644
-2020.131929
-2018.036205
-2003.739195
-1975.781705
-1975.547644
-1966.795731
-1953.366537
-1949.46406
-1946.599998
-1938.588255
-1926.545248
-1921.968848
-1921.41109
-1896.645029
-1894.329616
-1891.142638
-1883.96389
-1882.062643
-1875.933264
-1872.344266
-1853.786535
-1838.992562
-1837.930904
-1827.799043
-1824.591562
-1819.501719
-1809.235701
-1807.877262
-1803.031398
-1791.772685
-1772.200678
-1770.69657
-1765.138887
-1759.466127
-1755.425724
-1745.260121
-1738.789818
-1736.483461
-1724.504354
-1715.378936
-1709.25158
-1703.048254
-1699.419911
-1695.904695
-1676.109672
-1668.991988
-1660.845557
-1631.069023
-1626.210464
-1625.457241
-1625.002647
-1612.880864
-1612.594597
-1603.788093
-1601.044358
-1599.294008
-1592.759504
-1590.02659
-1576.601337
-1572.346625
-1548.045853
-1545.847981
-1539.362703
-1538.89078
-1532.299362
-1523.981776
-1521.861819
-1502.008427
-1496.316708
-1481.623128
-1475.540994
-1459.044892
-1458.094811
-1451.77746
-1451.004499
-1433.650855
-1427.45302
-1426.195903
-1424.372888
-1422.141689
-1420.734592
-1419.370525
-1407.875371
-1395.197829
-1395.116401
-1394.803515
-1390.797893
-1385.566879
-1379.580139
-1359.498865
-1348.703407
-1338.341526
-1337.291703
-1334.600077
-1330.456761
-1311.89109
-1311.13738
-1306.435647
-1285.756266
-1279.204009
-1272.521922
-1264.006771
-1259.539387
-1257.779079
-1251.045921
-1240.028552
-1231.013853
-1230.741557
-1225.021811
-1222.906293
-1222.295249
-1221.808544
-1218.978565
-1205.006916
-1199.113978
-1190.47562
-1188.159948
-1165.81447
-1161.477107
-1158.525346
-1153.252181
-1144.671058
-1136.841456
-1121.997808
-1113.722896
-1101.249347
-1095.550477
-1092.010447
-1091.247082
-1090.860765
-1076.058556
-1049.534262
-1047.682807
-1014.247885
-998.5587452
-997.0896281
-988.5060753
-950.9933044
-926.4394184
-924.4527563
-914.1092909
-910.5863344
-907.2290346
-906.8275341
-897.4353142
-892.3748669
-876.1849228
-868.1199957
-844.1862392
-839.0943163
-815.1577631
-786.1110433
-782.7319006
-782.1807266
-773.8336746
-754.7792897
-747.4101659
-743.4941367
-728.260901
-719.6211436
-712.5271497
-711.9471537
-700.8961954
-683.4776042
-678.3272391
-656.3253421
-654.7385047
-650.6258953
-644.2655354
-643.4688027
-626.1649103
-621.4514283
-612.5822386
-608.1337949
-601.441571
-580.964647
-580.44554
-580.0365589
-569.9965738
-550.6723096
-547.0984977
-524.5055734
-521.1504275
-512.0323254
-510.8722506
-506.0426735
-505.3446501
-503.3037042
-502.8534474
-487.9432919
-486.7895813
-483.9308948
-481.4097675
-476.2473164
-470.1199158
-469.6221405
-456.5539482
-451.0365022
-447.8113166
-431.624112
-424.9006525
-415.151655
-404.289618
-397.4685417
-394.2379024
-375.6546585
-373.3424351
-368.4885745
-356.0824333
-355.9158103
-352.7272225
-344.7673385
-336.0576039
-332.8767376
-330.8726813
-323.20909
-322.946682
-318.3987183
-315.2185888
-314.5375646
-312.5130788
-302.4273911
-297.0030006
-280.4139045
-267.0167985
-265.7663954
-265.6709141
-258.8292023
-255.2475953
-253.9525237
-248.039908
-225.1971327
-223.6760693
-212.509413
-209.0529112
-208.7040571
-208.2781562
-207.9734964
-207.2181909
-204.5617584
-200.048242
-199.9407036
-197.9290105
-197.4011221
-194.7841269
-194.3386619
-193.3070056
-192.5690064
-188.1990308
-187.0349603
-185.706188
-183.3453456
-181.7868229
-175.5684594
-174.618671
-174.5700758
-171.7076555
-170.2550971
