4.10579e-05 0.148382 0.0152917 1.28015 1.54167 54.4388 0.000239033 6.13169 0.0249831 0.0355314 0.755936 387.021 0.000208984 0.00182244 0.942054 38.8935 1.61968 0.504363 
0.0111379 4.49435e-05 0.121999 0.863952 0.0680402 8.7836 0.0140511 0.443751 0.290812 92.2617 4.11349 405.433 0.0202767 0.000469481 0.790845 4.5292 2.65955 4.17419 
0.00357874 0.000156276 4.6364e-05 0.0217762 0.000672392 30.2424 0.0045316 0.0220203 0.193901 3.15397 0.00884424 71.6316 0.00118933 0.0209001 1.15384 13.0054 2.64156 4.62082 
0.000526028 0.428643 0.0707893 1.44542 0.00311009 93.4637 0.0112783 0.726703 0.0104724 0.0852025 3.0359 130.06 0.00205131 0.000135343 0.837643 23.045 1.61196 9.05252 
0.0170914 0.0378352 0.229285 1.34936e-05 0.124244 1643.79 0.000173851 1.97235 0.442622 0.193111 0.0236493 39.9016 3.46317e-05 1.97293e-05 2.28067 37.9545 0.941724 1.76935 
0.00138434 0.00600864 0.00015263 9.47699e-05 0.896628 1313.92 3.90411e-05 1.43439 0.0180288 0.562336 6.43048 377.012 0.0091703 0.00556893 5.66046 11.52 0.918953 2.07343 
0.0137299 1.95268 0.00181321 0.310975 8.65337 121.688 0.000365882 4.35457 0.0179859 0.686404 6.42354 339.161 0.000172482 0.0263423 2.03803 34.6715 2.06511 1.2734 
2.30681e-05 0.0028135 0.00011344 1.37967 9.54328e-05 1.85377 0.00891967 0.393634 0.185589 0.218484 0.0490509 214.722 0.000104578 0.000397452 8.68415 4.40465 0.932679 5.99607 
0.0045508 0.0154515 0.0105528 1.78072 0.290841 8.29497 0.000552744 1.92891 0.53805 0.0150999 0.0157251 190.339 0.000674833 0.0726229 1.186 6.21272 2.96923 8.49287 
1.25295 0.00408892 1.81378 0.616786 0.0010655 0.714297 0.000374056 0.0533292 0.320531 0.0632947 0.0054111 275.559 0.4121 2.83815e-05 7.52579 5.52813 1.01126 9.83654 
0.00223852 0.00757227 0.00600877 0.0179056 0.0570865 13.7917 0.00069504 1.00436 0.116045 0.244712 0.00691005 116.909 2.48098e-05 2.18331e-05 1.37206 34.6348 1.15577 9.81511 
3.42756 0.0134252 3.42053e-05 0.000110173 0.00812361 68.7443 0.000865411 0.401083 0.173547 0.341037 0.393154 281.928 0.030583 0.0477043 1.22851 41.6378 7.98382 0.762499 
0.749927 1.04163 0.123708 0.155604 0.000139929 866.431 2.10533e-05 0.19239 0.658156 10.5629 0.475468 323.015 5.77876 0.149726 7.02679 14.7415 2.56985 0.677248 
0.091256 0.0126907 0.000184675 0.00141435 1.43169 0.0170675 0.05933 2.22441 0.136765 0.202309 0.00511412 127.354 0.141592 1.71934e-05 0.619212 42.1844 2.85465 2.70242 
0.000572364 0.000297987 0.00547324 1.47674 1.61418e-05 2788.04 0.320491 2.22882 0.0465827 0.0262019 0.210065 339.408 1.09764e-05 0.0232924 0.984315 2.99609 1.83184 7.67441 
0.000640791 0.000477889 1.49139e-05 0.318319 0.571871 306.031 0.00259225 1.13193 0.00484904 0.0469687 6.91407 281.29 3.18515e-05 0.0791431 0.974275 23.1472 1.54779 5.19066 
1.22746 1.15506 0.0173487 0.0203719 0.000240831 0.817562 0.110571 2.61779 0.128727 1.49835 2.49053 400.465 0.0010505 0.00904556 3.58502 36.738 1.07306 1.08623 
0.000653975 0.000351823 0.000547537 1.5843e-05 0.383954 3.72763 0.0219968 6.4375 0.0345466 0.209633 2.16557 307.535 0.0533668 0.000253048 2.025 19.0069 1.44044 6.52178 
0.00305507 0.000734936 0.123238 2.44476 0.0645349 1342.96 1.91521 0.175777 0.00555563 0.739478 5.52637 226.633 0.0225384 0.0152432 1.14712 44.6764 8.02195 1.85481 
0.0274721 4.4507 0.412826 0.154468 1.80053 42.4579 1.49928 2.9457 0.358332 0.865021 0.103359 381.435 1.99312e-05 8.53568e-05 0.981711 21.8781 3.15228 0.339435 
5.221e-05 0.0540668 0.00598871 0.0209586 2.48944e-05 0.0733158 8.383e-05 0.32409 0.0864319 0.714463 2.07201 43.0495 9.66757e-05 0.000107874 1.37367 25.1676 2.32956 3.9585 
0.00061457 1.42235e-05 0.0495635 0.00313855 0.00649679 0.507586 0.0444829 1.21677 0.0642875 13.0956 9.78473 399.784 0.000582581 1.46644e-05 6.94279 10.1995 0.957091 5.32028 
2.36656 2.87336e-05 1.06203 0.00182975 0.229312 0.188731 1.10515e-05 1.1836 0.0640303 0.133885 0.0620117 295.384 0.000855551 0.00618989 1.51912 15.2875 2.97155 1.97993 
0.206609 0.0098232 0.000167384 0.000768169 0.00776425 41.5287 0.0471395 0.309609 0.894456 8.89677 0.0986784 50.4525 0.00193128 0.00998752 3.81764 32.4274 0.954364 3.75994 
0.000234907 1.04356 5.34522e-05 6.2942 7.87939 679.324 0.000263838 1.59528 0.120659 0.0678902 0.0808492 183.239 0.000393844 0.132237 1.59305 3.89874 1.75695 4.30525 
0.00102416 3.7085 0.000660499 0.162514 0.0494104 120.337 3.63656e-05 1.12283 0.0199237 0.253525 0.139285 63.7341 0.217826 0.000252754 2.121 26.1339 3.05226 4.77638 
0.2303 2.97695 0.000112968 1.90666 0.0232824 15.4885 0.000301309 5.91577 0.426061 2.30755 0.309761 264.664 0.0040133 0.000826668 2.21064 11.3064 1.99432 4.00625 
0.0012547 0.0162517 7.49974 0.0190473 0.00251746 1598.51 0.0976177 0.873958 0.00577481 0.0235145 1.28992 257.305 0.0472959 0.00294179 1.40575 22.3636 2.65605 0.733997 
0.35055 0.311914 0.000168696 0.44188 0.0582761 288.2 0.0100183 2.83579 0.0115598 0.0440562 1.30471 178.91 1.47178e-05 0.000127637 5.54712 16.1714 1.01479 3.5621 
0.000382029 0.448841 0.0168176 9.34298 8.366e-05 0.011951 0.0436948 2.42969 0.0183584 0.0148976 0.616386 457.438 3.68914e-05 0.0300558 2.13737 13.9744 1.76229 0.676796 
4.85675e-05 0.187728 0.430598 0.00284979 1.20989 7.63955 0.476907 0.930917 0.259047 34.9697 3.64859 104.421 0.0316349 0.00134445 1.63661 10.6581 1.50406 9.4005 
0.0127479 0.000385195 0.00914138 1.27049e-05 0.0111933 18.2941 3.94578 0.33757 0.00573914 0.260358 6.70713 224.385 4.52795e-05 0.000286241 1.93607 4.32792 2.16751 4.936 
5.944e-05 2.80982 1.3901 0.00227352 0.00185644 987.163 0.00143942 2.78607 0.194793 1.42994 0.590563 230.713 0.000860543 0.00215 2.32751 18.6194 1.12037 6.82014 
0.118646 0.101651 1.62026 0.278893 1.59134e-05 221.79 0.72979 9.85303 0.924565 0.869002 0.107411 188.885 5.0424e-05 0.00254897 1.61535 28.5393 1.15861 9.78559 
0.0618675 7.55229e-05 0.133534 0.609712 0.00194431 1.38157 0.0236262 4.42171 0.459347 0.399288 0.0222548 222.427 0.0011493 7.76803e-05 2.42775 33.0461 1.75749 1.70512 
1.39849 1.27016e-05 0.0363655 3.80302 0.0995673 4.28238 0.000205517 0.372219 0.0313826 0.134789 0.634902 105.252 0.246405 8.87906e-05 2.05285 9.01283 1.36531 7.30327 
0.110438 1.33688e-05 0.00169533 1.79386e-05 0.0162117 2427.83 8.08674e-05 0.0841134 0.65554 1.25615 0.0343932 42.3278 0.0161354 1.56476e-05 1.06758 25.1161 1.46581 5.40638 
0.56841 0.447231 0.258359 0.0376885 5.33799 26.3233 0.0074062 2.68582 0.0278728 0.0733159 1.01932 354.488 0.0394167 0.00113164 3.27887 12.2333 1.1855 4.34098 
1.94608e-05 0.01945 2.34572e-05 4.57932 5.04855e-05 12.573 3.15343e-05 0.251899 0.349614 76.1642 1.12127 140.691 2.08666e-05 0.000118287 1.40298 6.51832 2.77963 8.02024 
0.00599006 0.000216257 0.000278404 1.46734 0.00020723 9.91835 0.000649887 0.439755 0.105231 50.9946 0.557339 315.921 3.8274e-05 0.0726124 1.75256 3.51517 1.20853 8.50307 
1.96939e-05 0.0044767 0.000119546 1.03871e-05 1.7413 0.0372274 3.29249e-05 0.883694 0.00555354 0.294806 6.43925 135.212 0.000390589 0.000124104 1.34896 39.1745 3.13714 0.630829 
1.523e-05 0.979747 1.70328 0.000387769 0.185138 2.5133 0.000123305 0.63887 0.019346 0.378874 0.207254 176.938 4.31359e-05 4.09557e-05 0.927468 19.1105 1.66995 2.63905 
7.95921e-05 1.15763e-05 4.38434 0.0012915 1.14276e-05 2.73302 1.50052e-05 0.333597 0.381084 0.568148 0.0181818 164.472 3.32255 0.100563 1.47724 8.60669 2.12805 2.78433 
6.12371 0.000238943 4.19775e-05 0.050147 0.00395858 15.7267 0.0100145 7.42295 0.630848 0.0141842 0.00259536 369.822 0.0179038 0.000929794 1.92858 48.3885 2.67984 1.48503 
0.0055474 0.472663 0.000515939 0.565144 1.51301e-05 0.204313 0.497591 3.72472 0.0202356 0.0197512 2.22251 134.659 0.0988862 0.0143884 7.92597 29.6959 2.27875 4.38874 
1.66676 0.000753634 0.0257846 1.57376 1.68989e-05 1107.77 0.0120758 0.517212 0.534012 0.172873 0.00445344 253.704 0.0126918 0.000168803 4.099 7.46162 0.976144 4.75376 
0.129882 3.45999 0.0794712 0.0542255 8.32879e-05 0.142459 0.036419 5.78289 0.575374 78.5227 4.73191 343.045 0.107632 0.0594047 1.32319 42.6741 2.50975 0.478333 
0.0342669 0.125037 0.326926 0.00064961 3.03691 588.351 0.292603 0.443208 0.764241 2.53057 0.0739458 460.99 0.549235 0.0659256 1.09156 14.1448 7.02212 1.34693 
0.00237058 9.14262e-05 4.76313 0.0287797 0.000674635 11.8031 0.00761068 0.0414515 0.0610364 4.18075 1.89253 87.302 7.73566e-05 0.0615132 1.96412 25.8284 3.83406 5.64595 
6.76978e-05 0.00200355 0.00294717 0.190039 0.000392738 313.666 0.00490394 5.30186 0.0345936 0.070224 1.50857 262.147 0.044856 0.120829 3.40363 14.8353 1.5961 4.43882 
0.0486287 9.03221 2.7371 1.27901 5.14715e-05 0.0121751 2.84401e-05 4.04439 0.0534108 0.404152 0.34471 371.4 0.000297392 0.00026724 8.14527 31.703 0.931877 0.560351 
0.780483 0.00385648 0.000250759 1.24443e-05 0.000308831 1436.11 7.59939 0.783503 0.018059 2.67216 3.6837 270.079 0.000207137 0.000900116 0.741284 26.7221 1.70562 4.34 
7.30434e-05 0.921725 0.00015272 1.62512 0.371816 4.22114 1.9329e-05 3.80688 0.0204623 0.0114965 8.50528 100.476 0.001391 0.0016606 5.26624 10.3914 1.19704 6.99071 
1.1429e-05 9.05661e-05 0.0114344 0.00419428 1.24855 0.124755 1.11911e-05 0.221398 0.105586 0.203077 0.0377641 19.5294 0.0423706 0.000811018 4.74933 34.1371 1.16577 7.99714 
0.000108674 2.37124e-05 1.14779e-05 0.0459819 9.08169e-05 0.0745994 0.000940708 0.299895 0.0050294 0.305593 6.79716 42.8192 0.00107926 0.00882271 3.06858 33.6915 1.58638 7.02773 
0.048246 1.84757e-05 0.00674966 0.000488278 0.000101553 996.659 2.9188 0.0282155 0.0196196 1.48708 2.56146 153.287 0.00873788 0.000334226 1.39474 9.53992 1.91324 3.6196 
0.0652941 0.000491634 1.18195e-05 1.68057e-05 0.00040177 66.8096 0.0103613 0.724581 0.11653 25.6086 4.26301 71.7633 0.00859552 0.0112297 1.60395 28.4197 3.01544 9.74244 
1.14894 3.36371 1.16105e-05 0.0285793 7.81177e-05 210.172 0.00285795 0.223482 0.00249886 0.181372 3.53037 394.506 0.250289 0.000212213 1.31216 10.5657 4.11377 1.67366 
0.000113368 0.00904719 0.000954102 5.7231e-05 0.0566781 10.2188 0.0542098 5.76684 0.439975 0.319179 0.0141311 493.18 1.92407 0.000107214 6.35783 25.0157 1.04822 3.20377 
0.00553245 4.27973 0.000994026 2.19114 0.231527 3.75726 6.95797e-05 2.58003 0.433496 26.3663 0.823953 393.43 0.138685 3.47732e-05 1.13595 13.9055 2.6529 1.69276 
0.00162108 7.10749 0.0228654 3.9195 8.7311e-05 1.19212 5.08324e-05 0.38291 0.012833 0.0501435 0.740598 228.572 0.000553486 0.0752719 2.03029 36.8232 1.68411 1.04674 
0.00316504 1.25161e-05 4.33904e-05 0.0825754 0.438574 0.286227 5.5778e-05 4.46995 0.0761139 0.0325839 0.0942573 482.12 0.232994 0.00133759 1.88114 33.8797 3.05629 0.354145 
0.325968 0.000457465 0.011607 0.0282896 0.537165 252.127 0.000256256 1.14037 0.491093 57.7984 4.94488 95.641 0.00526217 0.0245195 1.61605 41.2528 2.4135 0.963088 
0.000561439 1.94061 0.000153569 0.0896213 2.52999e-05 172.703 0.387066 0.334549 0.756022 0.439231 0.0249413 388.947 0.000204499 0.0452295 8.04434 9.60089 1.95082 1.04168 
2.51259e-05 0.0127204 0.0246748 0.000243417 4.7873 0.0177749 0.000296702 4.00466 0.531603 0.0255228 0.00696132 409.346 6.98535e-05 0.00263001 2.67093 3.67365 1.19273 1.6017 
0.00398756 0.0446583 0.0785185 0.0291218 3.52486 0.0338226 0.563463 1.6844 0.680354 5.08511 0.00623689 177.192 0.0334329 2.17061e-05 1.75205 6.74506 0.842305 4.57616 
0.17898 0.00405566 1.0119 4.92993e-05 0.000110993 5.18068 2.62334 0.902007 0.215455 1.97717 0.0587553 243.814 8.12984e-05 0.00010769 0.807058 26.7695 1.34385 3.22671 
0.943903 1.18587e-05 9.21795e-05 0.00215895 2.28407e-05 1750.98 3.06117e-05 0.111261 0.00818731 0.0402032 9.16037 74.3369 1.13236e-05 6.60218e-05 0.780414 8.12288 2.47811 8.58762 
0.00187931 0.138252 0.00116609 0.0386511 0.000356586 672.151 1.0997 5.17626 0.127177 0.0755884 0.095469 86.8981 0.0015431 3.4721e-05 4.33981 39.0787 1.32124 7.54416 
0.093401 1.73347 0.00204725 1.40379 0.000452551 1751.05 0.000104686 6.69264 0.254079 0.0506666 0.00111486 221.346 6.65617e-05 0.0272082 1.44451 27.5928 2.99053 1.97715 
0.000509618 4.05629e-05 2.91183 1.67217e-05 0.141643 2.76967 0.000290148 0.0635958 0.0434092 0.603518 0.532373 423.68 0.0123043 4.66999e-05 2.64762 12.0403 1.55484 1.33478 
0.0130642 0.515107 0.0315206 0.00258503 7.24138e-05 1611.94 1.37046 3.43376 0.037258 0.0499181 0.655758 380.459 5.45045e-05 0.020801 2.41777 11.7105 1.09751 3.01616 
0.0331623 0.489312 8.15281 0.0017927 0.000944424 998.875 0.0136579 5.7684 0.565244 1.65923 0.156741 222.259 0.00714664 4.18766e-05 1.08365 18.6872 2.36907 7.49006 
1.46834 7.87356e-05 0.00202703 0.0405297 0.0254818 0.059845 0.000773537 1.89872 0.876312 1.49721 0.0930299 272.624 0.283045 8.49035e-05 2.68843 8.13507 1.72133 2.11922 
4.56987 9.48461e-05 8.2174e-05 0.0328199 5.21182 4.89611 6.52112e-05 0.762447 0.319767 0.0254836 0.00222233 262.638 0.0369548 0.000225804 5.66377 8.56392 1.45328 2.07291 
1.11426e-05 0.00522892 0.000191058 9.57446e-05 0.00116528 0.0195222 0.0119803 1.21825 0.0151613 0.0141849 6.60793 188.277 0.00234002 0.286538 2.9373 21.8417 2.09721 1.10848 
3.74984e-05 4.6432 0.000282278 0.00627415 0.000767045 0.0876939 9.20916e-05 0.610072 0.0239553 0.0382077 0.825884 438.422 0.0157647 0.0218282 4.04032 6.23086 1.21996 2.50681 
0.279061 0.067399 6.57611e-05 0.0239018 2.85575 67.223 1.71785 0.345689 0.112678 8.48443 0.21131 377.796 6.17269 0.000133565 1.15648 14.0737 4.95034 1.28174 
5.66923e-05 1.00001e-05 0.0897485 0.0101044 0.00632224 505.823 2.2342e-05 0.102821 0.0142911 0.306549 0.164517 186.023 0.000854363 0.010997 1.2719 20.5157 2.81257 1.092 
0.00027536 7.05676e-05 0.00083866 0.00032345 0.000294072 0.280589 2.30754e-05 1.85234 0.229913 3.17907 0.137408 113.634 0.00192641 0.0014263 3.23136 12.9789 1.76638 5.36296 
0.0578127 0.000219284 0.000619208 4.114 3.6216e-05 9.72811 2.19531e-05 1.49239 0.934003 0.259845 0.00186555 414.938 2.05185 0.00105179 2.61773 12.1525 2.61216 1.09636 
0.0593137 0.000132822 0.00361661 0.318741 0.00589119 8.03703 0.0762 4.87265 0.311696 0.507503 0.025992 220.528 0.151111 1.41827e-05 4.79235 11.1579 1.42152 2.72712 
4.47404e-05 1.42292 0.00365408 7.0905e-05 0.0290638 10.2409 0.099723 1.14103 0.0528639 0.0972796 0.0436949 490.767 0.203395 0.00756326 3.96897 25.065 1.09737 1.25282 
0.00892541 0.000549849 0.00834093 0.00115847 0.000333898 1.15067 0.106435 0.00944668 0.0721244 0.189961 0.0236248 56.2978 0.0249666 0.000360218 0.93671 44.3982 6.59269 5.51243 
0.00544706 0.00210023 7.25769 1.51773 0.000446312 882.448 0.0644186 0.842556 0.52235 87.4626 2.90584 423.631 0.00438773 0.0113255 2.01973 25.637 2.59001 0.170539 
0.0168702 0.205295 0.000348702 0.635852 0.00032825 0.0288895 0.643689 0.493944 0.215417 1.06334 0.0366629 87.9935 0.0198514 0.0174895 0.762544 31.5553 2.1997 3.24103 
0.131045 0.797046 0.00502458 8.29241 1.77279 1206.94 0.0433968 1.82085 0.126565 8.45342 9.59209 492.761 1.57004e-05 1.09422e-05 1.33241 13.325 2.73861 1.74173 
1.11492 0.0409172 2.24968 0.00209913 1.77755e-05 58.5537 0.0470488 0.114299 0.0123256 0.0123132 1.44898 354.975 3.48866e-05 0.0466804 4.16288 8.02086 0.937166 5.43299 
0.0105351 0.507387 0.0178454 0.000599553 0.389991 245.014 0.000623724 0.492498 0.027827 0.232461 0.335492 90.976 0.253942 0.0264413 1.04407 13.4385 2.34332 4.04808 
0.0012338 0.030023 0.00294613 0.598996 1.96499 177.507 0.0147843 1.43604 0.0248423 0.164803 0.0862347 169.798 0.0643525 0.0012356 1.56641 13.4482 1.48222 7.05078 
0.0311533 0.0194993 0.00212958 0.000244573 0.00778413 284.647 0.000590844 0.00952495 0.0442947 15.9365 6.87752 327.097 0.000335677 0.0057001 1.06047 37.7029 5.1111 0.518173 
0.000542193 0.0309738 0.00166456 0.00423409 1.98369 777.597 2.67891 0.227611 0.0144723 0.0247287 0.015783 478.783 2.68742e-05 0.0171455 8.23669 7.17284 1.0827 1.99562 
0.0896057 0.00713043 0.305153 2.82998 0.0590275 55.4247 0.0207382 0.312755 0.0986502 0.176865 0.119144 48.5139 0.00872059 0.0847496 1.91724 30.1005 3.3367 9.45183 
0.00421288 0.320755 0.000553433 4.30247e-05 0.457554 363.309 0.000542451 1.64288 0.480194 9.3049 0.66357 32.2411 0.000483684 0.00385327 3.85102 42.7847 0.98546 5.519 
3.9972 0.0333512 0.000253213 0.00508599 0.788182 1.77122 0.151068 2.59931 0.0143596 0.357954 5.45188 220.968 0.0470839 0.0265779 3.05329 49.8975 2.84375 0.935291 
0.000109227 0.0109695 0.0008742 0.101292 0.000844099 2.89105 4.87966e-05 0.445052 0.00760196 0.143149 0.777167 212.982 0.00400369 0.00277886 2.12257 3.63211 1.20675 9.11372 
0.00596769 0.017802 1.21647e-05 0.00861779 0.000625921 0.0157608 0.000165931 1.07295 0.180146 0.497109 0.67249 322.066 0.000842306 0.000186227 8.66172 9.16211 1.07321 1.37123 
0.000651475 0.611466 7.00173e-05 0.00154871 0.025336 3.5404 1.39908e-05 0.0945642 0.00200791 0.922602 3.38292 33.935 0.00014339 0.00209104 2.60958 31.8752 1.11707 9.12063 
0.00164304 2.59603 0.194818 2.20957 0.000122581 95.6396 0.0374949 2.92564 0.275785 100.586 6.98984 130.791 0.0231754 0.000118638 0.869996 35.6267 2.2331 9.99862 
0.236382 0.00341181 2.88834e-05 0.000523008 0.00202242 0.327871 0.000741706 0.690894 0.32135 0.738598 0.0950479 378.057 0.0171563 4.70813e-05 5.11153 28.6375 1.47622 0.46676 
0.0101499 1.23763 0.00571602 9.22179 0.0490981 75.6043 1.86691e-05 0.376453 0.0190671 0.0197946 0.0816194 24.543 0.000852563 0.000126926 0.513621 33.6574 2.72025 8.43772 
0.00194942 3.23543 0.00379961 0.0005538 2.26128e-05 0.710282 0.141313 0.0297 0.00354546 0.126929 5.67083 121.238 1.93944e-05 0.00100802 1.00266 23.0981 4.75137 2.50983 
2.79017 0.000585481 0.895858 2.38983 0.0481249 4.0482 2.32117e-05 0.829761 0.440627 53.9998 6.92773 25.5125 0.00128046 4.4459e-05 1.45417 37.1914 2.30136 8.13456 
2.59938e-05 1.21413e-05 2.70458 0.000309338 1.85166 0.173208 0.000155522 3.48751 0.838366 0.446721 0.0350117 10.0603 0.00172248 5.26567e-05 1.08372 40.1336 1.34885 6.82164 
1.71547 0.0658574 0.00108374 7.77263 0.000146162 40.3141 3.31892 0.869868 0.0638233 0.557757 0.0746752 351.27 0.0125284 0.000561636 3.65892 2.71168 0.773657 4.98337 
2.63302 0.00287527 2.80769 0.0107788 5.451 0.733759 9.5274 0.0188222 0.000171561 2.53712 0.00754249 1.07235 7.2918 0.000302162 1.41975 49.4007 1.84303 5.28955 
2.87635e-05 7.41187 0.153211 0.00569522 0.0859965 223.582 0.00469976 1.46176 0.732877 0.0758695 0.00783901 457.48 0.47895 8.56058e-05 1.17193 27.492 1.91341 0.583537 
0.00856519 2.10941e-05 3.85164e-05 0.122441 0.00763034 72.9156 7.0754e-05 0.0805245 0.285629 70.264 6.52173 53.8858 0.000564062 2.05005e-05 6.65293 48.296 0.877689 1.75226 
0.0096713 0.00338474 1.34382e-05 8.40855 0.000494355 1.46107 0.0949534 2.924 0.241765 1.24474 0.0732265 315.917 0.00635702 5.50843e-05 0.776223 26.6452 4.48454 3.03702 
0.00110772 1.81904e-05 1.83278e-05 0.118405 0.00330828 44.408 0.00484226 0.535714 0.366265 17.8933 0.808633 464.33 0.000350974 0.000470665 0.977615 3.84108 5.31029 8.0105 
2.61148 6.21402e-05 1.3309e-05 1.56255e-05 0.000376909 0.169297 0.0273707 0.173066 0.0373001 0.420182 1.56821 185.253 0.0116363 0.000571514 1.03294 14.0028 4.4195 2.12694 
0.93472 0.000403227 0.142791 0.00134259 0.0359808 0.0177932 8.97007e-05 9.70266 0.417454 12.8098 1.35503 177.927 0.401259 0.000156341 1.23812 20.5025 1.13807 4.95255 
0.000436734 0.190222 0.00123099 0.0134558 0.00186759 1.74475 0.00103859 1.50657 0.0496687 1.32124 9.57419 464.964 0.00122269 1.79274e-05 1.05299 8.44127 1.56769 1.51491 
1.5658e-05 0.00450948 1.09905e-05 0.0121593 2.78858 0.018226 0.0829474 9.49471 0.0207237 0.0584252 3.02568 74.5531 1.72838e-05 0.00319483 1.23873 38.1857 2.34065 8.07783 
0.00222241 0.191018 6.31321e-05 0.998544 0.00694505 0.0121265 3.97917 1.85964 0.00236953 0.0180232 4.92659 250.906 3.97812e-05 8.22839e-05 0.812917 36.3983 1.9596 0.793868 
0.614958 7.10998e-05 0.00048025 0.000590419 0.0475009 436.933 0.00856198 0.464212 0.531259 2.26887 0.00999582 251.826 0.0112143 0.000160439 4.81015 35.8854 1.78021 0.597639 
1.45677 0.00164019 0.000272491 0.000105018 0.00244785 164.461 0.00337872 1.2505 0.98204 128.941 0.783788 128.487 0.00347927 0.000115093 2.27662 5.93169 0.933066 2.02784 
0.0592897 3.39283e-05 0.00553405 3.90643 4.35947e-05 1.17834 0.00215182 0.153885 0.0787047 0.244459 0.0361108 421.391 2.11446e-05 0.00858304 0.880497 20.3681 2.27665 0.420083 
0.159689 1.85702 0.000274204 0.00256336 2.69684e-05 93.7056 0.147774 0.752024 0.013694 0.0110355 9.61892 437.718 0.00487833 2.19594e-05 4.07004 12.2846 2.66824 0.768145 
0.135169 7.88768 0.000599064 0.00351625 0.000105544 603.718 4.55122e-05 0.0936404 0.28682 6.44779 0.0438141 75.99 0.000164139 3.10328e-05 0.939559 10.3398 1.98572 9.13872 
0.00176426 4.25586 0.238271 0.0231737 0.00487565 164.464 2.31427e-05 4.25925 0.436172 28.286 0.672939 257.646 0.195755 0.0236669 1.32191 3.84229 1.11067 5.3251 
0.0142363 0.000970035 0.147069 9.8416e-05 2.45369e-05 0.640008 8.81703e-05 0.363698 0.0165203 0.014344 2.38397 67.0011 0.00114058 0.000179234 1.28873 19.2193 1.58716 6.18311 
0.124185 0.000412173 0.0423857 0.00695289 0.0303116 798.709 0.114657 6.75404 0.174846 17.7026 1.18748 323.366 0.00137028 0.00854691 2.71161 36.7475 0.96887 9.84442 
0.000126966 0.428346 0.00233249 0.129442 9.3017e-05 12.4798 0.000685394 0.3392 0.354144 3.81536 0.0717545 62.0205 0.000223195 2.16183e-05 1.05598 13.2204 2.32034 9.44439 
0.0543485 5.61102 0.0214671 3.55409 0.00614382 24.4835 6.70021e-05 0.704228 0.593208 0.475998 0.024476 39.0566 0.592366 2.52072e-05 7.44832 36.7443 1.11929 6.90607 
0.00243759 4.32816e-05 0.106556 0.00080985 5.61075e-05 164.395 0.00045087 0.270695 0.0312003 0.893961 1.98398 108.008 0.00050157 0.000504261 3.41236 16.883 1.02682 3.30939 
0.0174425 0.987242 0.00076589 0.000542537 1.25316e-05 4.90629 0.0106854 1.14072 0.157944 41.6531 1.89628 293.281 0.00171895 0.000151842 0.764071 24.0757 3.95659 1.75959 
5.86285 0.682713 0.0340658 0.000108952 0.0107281 0.0128377 0.000559484 0.365019 0.112897 0.213116 0.0255334 92.4677 0.422722 0.00261416 2.78992 24.478 2.14469 1.46012 
0.0493468 0.000172171 0.0922534 0.183649 2.8817 0.0371591 0.00096775 4.98136 0.0373102 0.0760769 1.55016 168.881 0.00370813 0.00951033 1.22843 7.27302 2.57557 6.63317 
8.829 9.4728e-05 0.00307666 0.0226926 0.00015167 1877.31 0.000306218 1.23279 0.165505 16.6796 6.16931 24.8213 0.00239485 0.00415063 1.99982 39.3482 1.63073 9.81202 
0.000694718 0.00139839 2.19981 3.26024e-05 4.06996e-05 0.376957 1.94794e-05 0.0739939 0.0165832 0.0172512 0.824171 224.483 0.000247907 0.000303968 4.13145 47.2005 2.06854 0.2918 
0.206291 0.00216757 0.0584424 0.000305832 0.0001582 0.0237827 2.97991e-05 3.1099 0.738902 95.0586 1.13409 358.281 0.0608988 0.118998 2.27906 46.6471 2.67245 0.414853 
0.016524 0.0424299 5.88841 0.0187533 2.0689 56.3836 8.15791 1.43494 0.0406625 0.0279567 0.770587 37.3562 5.65298e-05 0.0112587 1.8444 33.8578 2.46186 5.37123 
0.126369 4.28336e-05 0.000120476 0.0520091 2.21127 17.6801 0.0348188 2.9342 0.807829 31.1061 0.646165 396.156 0.00295591 0.000146541 6.43837 24.9576 1.41908 1.66036 
0.539123 0.123988 0.00659513 8.53107 9.10725 0.113614 0.000396027 0.366949 0.0284748 1.01541 0.395324 66.781 0.230429 0.000868952 6.92768 46.7817 1.7803 2.4691 
4.88108 0.000985931 0.00495804 1.64266e-05 0.0062817 0.0651777 2.55521e-05 1.51325 0.165946 0.433181 0.112137 185.87 0.00414727 0.00136676 1.28115 28.3563 2.54991 1.02617 
7.91135 4.15958e-05 4.70031e-05 0.00313589 1.13327e-05 1.42701 0.238944 7.01489 0.0903402 0.369585 1.02673 450.147 0.000617095 0.00172784 7.78414 26.1895 1.25422 0.656008 
0.653547 0.0856348 0.00143051 0.000105448 0.0485689 356.24 0.818166 0.10903 0.00988487 66.523 4.30126 60.2964 0.828132 6.49689e-05 2.58413 22.5417 1.40319 3.86184 
0.000424235 8.26868e-05 1.20633 0.000125548 0.000970053 2.30578 8.96699e-05 0.792694 0.326737 0.359733 0.00193535 479.342 0.287067 0.000854733 2.17448 20.5841 1.62473 1.11577 
0.0634642 6.52105e-05 0.000106414 4.3177e-05 0.00116174 156.608 1.68482 0.300541 0.0516157 3.09054 2.63142 155.587 0.113646 0.00490094 0.807803 6.97582 3.30267 9.47816 
0.00204934 3.3673 0.0361537 0.0988651 0.000187449 1.6373 0.00112008 0.608918 0.105929 8.85285 6.75936 135.903 0.00595575 0.000175886 2.01283 36.4979 1.38012 0.932411 
0.000326793 0.760029 2.22701e-05 0.000474906 0.0135781 1097.92 0.00334796 0.882142 0.0900245 6.60851 1.90754 178.188 0.0119777 0.0037411 1.14222 29.8592 4.75167 0.799175 
0.070794 0.00941075 0.00396064 0.00055325 0.000208715 0.156031 4.12398e-05 0.110371 0.00874703 0.51734 0.439175 53.1831 4.75397e-05 0.00680184 1.56151 16.7302 1.62804 6.04371 
0.0365446 2.57432 0.0501237 0.0741424 0.000137109 358.9 0.234853 0.441822 0.0324665 0.135223 0.2598 49.6878 6.13711e-05 1.57778e-05 2.0112 22.0097 1.53749 7.4281 
7.34688 5.74707e-05 0.00134192 1.6904 0.0203925 120.69 4.13765 3.44259 0.0808202 3.63351 7.34411 23.851 0.0433798 0.00536928 0.92067 48.8024 1.73107 5.11444 
0.000324732 0.0515833 0.0176392 1.08793 0.456506 5.94756 0.0375093 2.2166 0.834694 20.0449 0.135116 201.12 0.00270518 0.000250695 1.83435 4.63582 2.50578 6.24739 
0.0845284 1.61994e-05 1.36 0.00165552 1.44812e-05 0.296701 0.765723 0.163118 0.0785091 1.73084 0.0747667 438.964 0.0280274 0.0114045 5.68545 43.3438 1.8674 0.234918 
0.96277 3.80759 0.382329 0.0092627 5.54589e-05 1.97725 0.0209915 2.07984 0.0629008 0.0485589 0.0912191 301.14 0.0924858 0.00802738 1.50794 27.8185 1.2487 0.602557 
0.00233021 0.00283579 7.93705e-05 1.89574 0.0611193 0.471751 0.00140673 1.92354 0.252031 17.3137 3.53673 173.711 3.65187e-05 0.0379149 2.42524 20.5351 2.42716 1.64918 
2.00874e-05 1.24156 4.96542e-05 0.394465 6.94322 19.8124 0.00977455 1.47108 0.154245 10.0257 3.88523 337.981 9.0245e-05 2.79556e-05 1.02763 14.1571 1.63319 1.70678 
0.00259398 0.00171634 0.000394815 0.211359 0.0545888 1490.9 0.00258972 0.529802 0.0875464 15.7437 3.93904 59.7492 0.0808984 0.000930875 2.83921 17.557 1.00296 9.09358 
6.48613e-05 1.75485e-05 0.00650883 0.0310663 0.113106 3.61181 0.000209695 9.48478 0.39662 0.475974 0.0809796 141.381 0.0111383 0.0602934 1.4994 43.4856 2.7136 1.22737 
3.69381e-05 0.00141077 0.00519134 1.80734e-05 0.00225944 5.57333 1.38083e-05 0.435307 0.0308902 0.742875 4.2811 50.527 0.00046484 0.00868299 2.74148 29.7635 1.62468 3.39382 
0.00173604 1.18414e-05 0.000189249 5.2803e-05 0.0010338 27.4016 2.75864 6.89945 0.564577 0.194005 0.0154615 184.819 0.00203 1.17306e-05 1.45503 40.0914 1.20195 1.69164 
0.00721197 0.457247 0.251404 6.41215e-05 6.92945 0.0203382 0.000114887 4.19578 0.0276088 4.48397 0.790921 200.864 0.443515 0.000277191 1.56461 12.4501 1.48918 5.06563 
0.0358292 0.0667443 0.0268933 0.0125273 0.0711242 15.7229 0.00585567 1.56736 0.728493 85.6754 1.35051 63.4963 7.38994e-05 0.00755953 1.33061 35.555 2.05143 2.99532 
0.366471 0.0290462 0.0516276 0.000774454 2.20508e-05 0.392061 0.000424275 0.187992 0.105787 0.147097 0.0393449 72.5583 0.0103923 0.000811306 1.00869 9.02084 3.49782 9.4824 
0.00224289 9.0171e-05 9.09331e-05 0.00344764 3.14672 3.75645 0.0632967 1.09561 0.0107024 0.0221817 3.61751 226.777 2.35805e-05 0.0012679 6.7218 16.4106 1.07053 2.00705 
0.0454448 2.32584e-05 0.00227554 1.28927e-05 0.00274101 0.030917 0.00322174 2.59521 0.213403 0.693724 0.803037 62.9734 0.000517447 0.00115352 1.85956 16.5399 2.03234 8.74151 
0.0824853 0.152373 0.00790701 3.10859 0.000139913 11.1535 0.000232025 3.61545 0.00409908 0.846589 7.36734 337.774 0.000321101 0.0012076 1.60411 21.4974 1.68396 5.69003 
1.47242e-05 0.117728 0.00665081 3.03029 4.8224e-05 5.14294 0.218074 1.28858 0.271151 0.778211 0.222323 267.345 0.00020548 3.90644e-05 1.33268 13.4975 3.12982 1.26891 
4.84022e-05 0.01531 0.259743 0.00083645 0.0217734 5.28001 0.0220289 0.957833 0.349724 3.17703 0.0335681 218.976 0.0849761 0.0439535 1.36249 20.5284 3.89232 1.50175 
2.36148 0.609741 0.00528849 0.163552 0.0459377 3.77121 0.134203 4.45001 0.00850406 0.0121639 1.18447 151.529 0.00391081 0.0301283 0.914214 44.4338 1.9406 1.97417 
2.80082e-05 4.57323 1.63346 0.126044 0.0021683 797.306 0.00241817 1.92113 0.150985 3.48728 0.14816 427.75 0.00548949 0.000181063 4.3881 24.1468 1.31539 0.834632 
0.087094 0.0256837 5.65264e-05 0.714957 7.40144e-05 223.199 0.000371227 0.161527 0.0782988 5.30231 4.52498 145.436 0.317618 0.000892526 1.78208 36.9734 2.1497 0.796658 
0.00090277 0.000385994 5.95042e-05 0.0200929 6.55909 0.0128893 0.000129807 2.27656 0.0467682 1.18941 4.78651 173.621 0.0739625 0.00117074 2.11704 9.40459 2.82236 3.78538 
0.0280147 0.0249432 0.00100151 0.0047907 8.72371e-05 0.0839538 0.131211 0.339141 0.342892 36.3649 0.339436 31.0792 0.000267298 0.038008 1.10235 29.9251 1.47383 3.61206 
6.14819 0.5053 0.00480874 1.29376e-05 0.513107 285.126 0.000586318 2.40187 0.00619892 0.0906161 1.68899 303.415 0.000726974 0.000808574 1.21357 48.8387 1.71025 0.264889 
0.001016 0.641438 2.31596 0.0421989 0.170268 1.77977 1.64504e-05 0.0521616 0.889882 77.9969 0.40546 149.321 0.0194545 0.0457039 1.12002 6.37751 3.49979 8.93379 
0.372297 0.405087 0.854628 2.70964 0.00314298 0.0690928 0.143301 3.29325 0.182334 7.96215 4.34935 84.9534 2.32905e-05 1.61808e-05 2.89219 16.0225 0.873957 4.3343 
0.687872 0.000563558 0.00875363 0.00109605 0.00155086 0.152773 0.294203 2.38628 0.257277 13.4427 0.895001 289.463 0.0237266 0.00068614 1.38127 6.17258 2.28235 6.76519 
0.000111243 6.9412e-05 0.000258818 0.0235754 0.421606 467.209 3.93854 1.05578 0.0502721 0.809694 0.349209 56.2122 0.000122672 1.20034e-05 0.802129 40.2857 1.11221 8.6008 
2.20179e-05 2.91902e-05 0.00106874 0.181904 0.000110239 0.170549 0.000132303 1.12829 0.0232711 0.189376 3.71336 100.056 0.000189571 0.00419219 8.07229 21.5948 1.34922 3.81477 
0.183371 0.000148084 0.203823 0.000504883 0.012942 0.0796617 0.0337854 0.227995 0.0147892 1.23595 1.42312 120.18 1.71433e-05 0.0399585 1.40652 5.89393 1.82581 8.09902 
0.00805588 0.145134 0.00142915 0.00172141 0.000129954 1.49227 0.000306982 1.74078 0.200778 0.303165 0.0286338 333.56 0.072151 2.78547e-05 1.97864 2.24644 2.07015 8.64419 
0.00279769 0.237089 0.442673 0.000799737 0.00831966 113.102 4.99774e-05 1.85807 0.0388737 2.63344 0.0294687 275.27 1.22503 0.000794777 1.0001 30.5438 1.29123 1.55598 
0.0375343 0.000300863 0.000102801 0.00235033 0.0384341 0.0530029 0.0177067 1.24206 0.0804205 3.59341 0.155943 42.2472 1.34133e-05 0.000274827 0.80635 26.8327 1.0069 7.62949 
0.00028566 0.20382 1.24002 0.00756996 0.000440823 0.0221215 0.00038374 5.78087 0.932801 357.054 1.37361 433.775 0.000157309 0.012986 0.87114 10.9459 4.00576 9.50737 
0.037158 5.81617 8.16622 8.71134e-05 0.122446 8.84529 0.00146576 0.0319966 0.210812 10.4109 0.235563 268.159 4.99369e-05 0.00170453 1.6554 3.09729 1.567 9.85415 
0.00876429 0.146012 0.000136719 0.0153491 0.406149 1.5561 0.00308848 2.83377 0.406253 9.88629 0.267009 236.541 0.278733 9.61494e-05 2.81013 41.3949 1.45209 4.30072 
1.18089 0.00094054 1.8804 1.77802e-05 0.21667 2.02925 0.00702237 0.105517 0.063887 0.588987 2.18442 94.7084 0.00143399 2.48051e-05 2.89508 8.35614 1.16026 6.89585 
0.000284698 0.000216231 0.0895102 0.00962114 0.627039 5.12259 0.000537619 0.909951 0.0695207 0.330837 0.0206001 147.184 0.000142177 0.0306576 2.46973 7.59525 1.18992 4.41186 
2.06996e-05 0.272633 4.3312 0.116068 1.12707 1.9582 0.00160373 1.87689 0.0166415 0.200773 0.170603 401.823 0.00925591 0.157945 2.49213 23.9295 2.07879 0.946047 
4.05854e-05 0.203135 0.705188 0.000103037 2.39769e-05 0.0332897 0.218458 6.49583 0.876381 0.417793 0.00798011 337.337 1.04587e-05 7.0874e-05 1.11573 14.8124 2.17358 1.94465 
3.32109e-05 1.15431e-05 0.395659 1.60125 0.000242666 212.929 1.40993 5.20433 0.762637 319.382 5.28632 487.736 0.0454955 0.0326027 1.0157 45.0326 3.72662 1.07663 
0.00327299 0.000332254 0.00639809 1.26365 0.0291992 1.94535 0.00336791 0.131668 0.132246 4.04274 0.64327 41.0352 0.00863811 0.000518911 5.42532 44.7611 1.28535 7.54043 
2.8257 1.08623 0.000692716 0.00115813 3.10474 1.63404 0.00151218 3.80948 0.443165 2.9079 0.441803 150.357 0.0127374 7.6523e-05 2.34937 36.1501 2.57824 0.976479 
2.23801e-05 0.228845 6.47896 0.000250036 0.000522946 71.1648 1.06351 0.0105811 0.0508023 11.4496 0.435501 201.67 0.000284445 0.00114691 1.68073 4.5056 2.43149 6.87148 
0.607472 2.25199 3.90508e-05 0.163691 2.54922e-05 1447.26 3.5609 4.11107 0.0153187 0.433791 8.24467 183.19 0.00400691 0.000605132 5.83882 18.3369 1.00572 2.34663 
9.4694e-05 0.0350221 0.0356198 3.69631 0.422123 0.494217 0.000747978 1.67834 0.214084 1.14559 0.0230131 113.918 3.13817e-05 0.0217262 2.54788 16.9631 1.30713 6.9504 
0.000298943 8.04527e-05 0.000422287 0.408672 0.236931 0.10221 1.85775e-05 3.49158 0.00894116 2.66648 4.28479 82.8439 0.000891362 1.92278e-05 1.11356 20.2777 2.09573 8.96052 
3.89419 0.00833196 5.05529e-05 1.65118 2.33471 0.529303 0.00923635 0.311 0.433717 24.6454 0.287831 424.585 0.0998047 3.31764e-05 0.814563 2.21556 3.54826 7.74874 
8.12165e-05 0.000554627 0.0604293 4.07354 0.122198 0.0272794 0.00550395 0.271164 0.342692 39.3709 0.165738 144.305 3.09509e-05 0.000289041 1.02589 27.6548 5.46805 1.43656 
1.31925 3.13245 0.00732823 0.0035165 0.023989 0.896599 0.0348921 3.76699 0.0157709 0.0162418 0.0884991 186.689 0.0162699 0.0178196 2.8862 49.5415 1.30067 3.17017 
2.51071 0.0003198 0.259407 8.96102e-05 0.000176772 122.119 2.58639 0.122853 0.490154 18.7395 0.391355 338.372 0.0631694 0.0408145 2.80405 16.1677 1.50711 0.325738 
0.000103985 0.000196531 0.000525034 0.000988009 0.00274574 23.5737 0.0830579 4.90174 0.629615 13.4179 0.499249 172.158 1.26377e-05 7.23044e-05 0.71205 19.8373 1.60136 5.05379 
0.106356 0.000558863 1.17732e-05 0.0149705 0.00158009 85.6385 5.70163e-05 3.3229 0.167563 20.3158 3.79293 134.093 0.0252684 0.00226765 1.01577 14.9287 2.10533 6.42547 
0.00135137 0.0433672 0.0126325 0.0224902 0.00549366 0.0186601 2.72061e-05 2.27485 0.392392 3.50528 0.956993 126.187 0.634747 0.00041143 4.07685 15.4227 1.38384 1.92889 
0.000106818 5.47248e-05 0.859071 0.00626792 0.0045579 27.6593 0.00059379 0.133354 0.972181 198.026 0.776096 212.33 0.00131341 0.000362058 9.49324 20.2727 1.61129 1.15097 
1.68065e-05 4.16341e-05 0.0125573 0.340756 0.0480593 0.034524 2.60888e-05 3.22668 0.0295256 0.37353 1.05337 350.879 0.000121729 0.000957293 1.47796 11.7951 2.66613 3.14609 
0.0132998 6.3846 0.000603914 1.27425 0.224917 0.543664 1.68252 7.01723 0.986526 10.2784 0.0465168 56.3657 0.000410767 0.000157964 2.57516 46.2135 0.956585 8.82166 
0.0411436 0.00474828 0.0305532 4.61796e-05 0.0210266 0.0398905 0.008347 1.60806 0.955905 268.661 1.22414 311.646 8.76716e-05 0.00013121 0.897519 10.1401 2.8031 1.4138 
0.0043738 0.000491588 0.752733 3.79179 0.000467843 8.41064 0.0497554 0.0529545 0.0833671 0.117052 0.355107 173.971 0.0756139 0.0192354 2.18573 3.58328 1.67665 9.139 
5.19679 0.796819 0.407406 0.00017481 3.37755 9.96505 6.62955e-05 2.25416 0.0480941 0.146254 2.2395 485.397 0.000216287 0.000152834 3.64479 4.84094 0.969422 4.86955 
1.13565 0.000542685 0.14056 0.03507 0.00264252 11.7722 0.0272578 4.3501 0.325779 0.892119 0.387213 132.58 0.00646389 0.000566451 0.926287 32.1234 1.78247 1.40378 
9.68199e-05 0.297162 6.37618 0.000304004 0.0833193 547.743 0.0241928 0.162129 0.0148902 0.0132394 1.5982 174.976 0.0091972 0.0168092 1.11392 9.30407 1.86214 4.2916 
0.036304 3.32092e-05 0.352318 0.00148076 0.242963 32.847 0.242347 2.28261 0.180497 16.7641 4.48729 268.868 0.00216127 0.00336558 2.56054 31.0026 1.80755 2.23963 
0.060939 0.000531319 0.000236741 0.406974 0.00534575 0.13098 0.000190265 2.55081 0.159319 63.7604 5.75051 94.5651 0.000399965 0.00452312 0.985116 39.9381 1.26654 8.28312 
0.000142983 0.873918 0.00716514 2.8378e-05 7.39976 0.229422 0.149124 0.427451 0.00622181 0.522027 4.21838 195.617 3.25499e-05 0.000252688 0.95333 9.13852 1.24856 7.79941 
0.000287225 1.15187e-05 0.0151788 0.00632192 2.6768e-05 79.3225 0.00668885 9.47171 0.168399 1.20397 1.42207 229.186 0.0343137 0.000328035 1.37857 45.9101 2.52071 0.680786 
0.811519 0.760595 0.000144032 0.00880649 0.000100884 0.108 1.66832e-05 6.84828 0.139937 0.106774 0.0113007 395.856 0.00108259 0.000945986 1.3876 40.3276 1.23797 0.948105 
4.11562e-05 0.000829413 0.0080834 0.453187 3.64151 30.4101 0.000241803 0.50397 0.0100783 0.0296843 2.41311 78.471 3.10147e-05 0.00924458 1.05614 17.6685 1.29449 7.57641 
0.0122627 0.152681 0.00108653 0.000518463 6.83039 3.27862 0.000114662 0.465541 0.72111 466.183 2.60537 121.336 0.00179044 0.0819946 2.51242 11.5404 1.9487 2.10977 
0.0143189 0.000122362 4.61163 0.00181979 0.00172469 280.176 0.0457162 0.0722859 0.108336 0.484849 0.396045 12.0989 0.000255182 0.0181626 1.30163 35.6225 1.39877 3.56227 
0.0247666 1.52147e-05 0.00139302 1.49704 6.51676e-05 1.38439 0.000203398 6.81465 0.0535332 1.08154 7.38069 95.5411 2.22032e-05 0.0485259 2.25045 46.1814 1.70004 1.23256 
3.61787e-05 0.0750441 6.99018e-05 2.54326 1.81335 1617.97 0.00227568 0.220748 0.104032 0.414129 0.167359 170.51 8.77626e-05 0.000666993 2.67875 14.8496 0.882189 2.80947 
1.06716e-05 1.06366 0.025614 0.102502 0.0550114 94.2052 0.00227682 1.75683 0.956562 1.15436 0.0146266 40.3661 1.60669 0.0132133 1.08182 45.8262 1.4988 4.56275 
0.0092857 1.1087e-05 3.07694 0.0021139 0.311214 0.0220297 0.000464892 7.68028 0.0335321 0.0244804 1.82894 268.648 0.000156991 0.00796223 1.26072 11.4362 2.98775 4.55479 
0.860262 0.759837 0.00896615 2.04239 0.619166 9.30633 0.88539 0.244045 0.262596 312.674 5.5429 73.053 1.87646 0.000731511 2.51135 25.6467 2.3166 2.10146 
1.00354 0.790918 0.00043166 0.000156182 0.00431574 3.08499 0.00370517 7.43905 0.108193 4.59184 0.656665 242.882 0.00758931 1.28527e-05 6.17179 9.43126 1.14813 2.38712 
6.35205e-05 4.20403 8.16141 0.0247366 0.00672197 1221.85 0.28506 0.197884 0.186856 13.3915 0.431846 216.832 0.255023 3.49803e-05 1.10879 4.48005 1.2733 9.06921 
0.000128834 0.00156908 0.143281 3.25025 5.45181e-05 2890.06 1.27326 3.35367 0.103926 9.13857 2.29653 195.407 0.000898918 0.026007 1.04803 39.4834 2.16178 7.28734 
8.79484 0.00261455 1.51012e-05 0.000125174 0.000423997 160.356 9.60022e-05 1.32186 0.90366 38.7524 1.23203 452.5 0.000531938 0.0033027 1.80445 3.13255 2.07201 6.94075 
0.406806 0.00063731 1.42807e-05 1.24772 0.00736552 2432.37 0.569611 0.167487 0.373339 168.781 5.27768 177.728 0.0310759 0.00351579 0.989109 10.0999 3.11369 3.13726 
0.000173576 0.00293147 0.000320685 0.000992001 0.000643255 1.68762 0.136645 4.2113 0.0265954 0.0707409 0.667406 248.41 0.305134 0.000989248 7.28517 49.8767 1.38056 0.395207 
0.486785 0.620119 5.57896e-05 0.0078849 0.0133156 46.8336 0.194533 0.799665 0.0153742 0.077927 0.10838 429.18 4.38793e-05 0.0022063 0.964931 46.3921 2.97788 0.429391 
0.000350113 0.00383559 0.209292 5.71093e-05 0.82616 718.18 1.35096 0.799228 0.0831796 0.219451 0.549107 407.938 0.00140556 0.00359578 4.9163 2.5358 0.845286 6.84801 
0.727127 0.248769 6.30277e-05 7.94221e-05 0.000159401 0.841506 0.00039195 1.58501 0.0650437 0.624493 1.74535 366.151 0.00462819 6.57191e-05 7.62463 27.2944 1.74622 0.695427 
0.695049 0.017594 0.000770003 3.52233 0.000134759 0.0601406 0.246177 8.52318 0.479434 0.173339 0.00435037 226.188 0.00289658 4.4308e-05 2.03307 17.1649 1.53037 0.726836 
0.00217017 0.0152362 0.000318382 2.60783e-05 0.0362171 131.827 0.263897 7.84277 0.192487 60.5419 4.7907 382.737 1.10277e-05 0.000159529 1.3515 31.0671 2.0418 0.846428 
0.739583 0.000487222 5.47045 7.17397e-05 0.0229345 2065.88 0.0302674 0.0368682 0.27426 25.741 0.462771 108.063 1.35444 3.58301e-05 1.92645 19.4962 1.47227 2.02393 
0.00146352 2.26336e-05 0.0723987 0.0017577 0.000590941 7.92652 3.19179e-05 3.09121 0.536241 12.4168 0.0597961 487.871 0.000188304 0.116189 1.50062 12.1639 2.18291 3.40875 
0.000164692 0.0119906 0.00277907 0.00654083 1.97823 9.0957 0.00430754 0.4106 0.35145 0.694212 0.0097845 364.031 0.000589175 0.0223682 3.89524 2.20859 1.27826 7.8336 
1.34126e-05 5.1264e-05 4.17353e-05 0.000107581 0.523718 28.3727 0.000294497 0.407618 0.0805036 1.24675 2.80138 72.8096 9.69046e-05 0.00248803 1.09328 12.6796 2.26178 4.10657 
0.289255 0.00554293 0.000540573 0.0241146 0.387105 168.497 0.000206847 0.86835 0.644039 1.13222 0.00998145 27.9489 0.000932241 0.000841353 0.729706 35.4921 1.27993 8.2315 
0.0097921 1.28559 0.0002131 2.08184e-05 0.53433 0.166089 0.202752 6.16712 0.0113403 0.0225215 2.10485 128.315 0.000439503 3.34657e-05 2.66381 30.8854 1.55327 3.57592 
0.0913636 0.000345636 0.000136088 2.87757e-05 0.00201472 9.14975 0.000911913 1.44872 0.0619172 9.00003 0.581258 281.999 0.000854977 0.125447 1.79628 46.805 3.0319 0.336555 
0.0295671 0.0074593 0.000548865 0.00379824 1.15087e-05 91.3582 2.95583e-05 0.668442 0.00774711 0.0654253 0.748028 210.558 0.00158398 1.24227e-05 1.36033 47.6793 1.21894 0.900335 
0.000933266 0.106471 0.0580195 0.0017339 1.9661 0.541443 0.473018 0.00086008 0.0222584 4.69484 0.0568519 1.1005 9.0178 0.00469835 3.3093 38.3446 1.13167 6.00289 
2.61392e-05 0.00542097 0.000133565 2.29358e-05 6.64259 5.28103 0.00010607 0.636308 0.026196 0.172939 4.90798 142.995 6.23239e-05 0.000449011 2.36899 7.31948 1.99645 5.37595 
0.00210052 0.0343027 0.000321216 3.32792 0.0297956 520.975 2.39568e-05 0.631504 0.408525 122.154 1.15869 113.069 0.798196 0.000960092 1.38147 24.7256 1.33339 2.53668 
0.000589342 0.0323346 0.144745 0.73412 0.000258706 367.839 0.00115304 3.46328 0.715655 0.160616 0.0171569 496.244 0.776467 0.068145 7.52839 10.4558 1.37939 2.13785 
0.0259884 0.000125653 0.0200173 0.116985 0.000116361 2.06487 0.100864 0.974096 0.123965 71.7928 2.74759 109.947 0.0106512 0.0441605 2.90895 37.378 1.61964 2.22566 
0.13022 0.00126373 1.95935 0.0146896 0.022498 34.3268 0.0229462 0.436929 0.0352571 0.186955 1.60436 71.1948 0.0792991 6.99364e-05 3.94049 15.2549 1.03721 4.23187 
0.271132 0.000642472 9.7384 0.0333892 2.90536e-05 40.1526 0.033477 0.018865 0.0247773 10.7468 0.446661 243.53 0.000552122 0.000619544 1.01342 13.8584 2.16231 1.91461 
0.00114606 3.03457e-05 0.289378 0.0202054 0.0639737 143.586 0.000377402 0.15264 0.676123 0.477571 0.00130348 27.9139 0.000861954 0.00201872 2.09924 23.9022 1.64453 9.8155 
0.00408434 6.29803 0.000447677 1.77273e-05 0.000180594 149.041 0.0269019 0.535012 0.15145 127.901 6.55044 320.511 0.000276218 0.000300981 3.92766 27.5339 1.29247 0.594907 
0.918026 0.00238095 0.000414054 0.768556 0.0244919 123.487 0.00476592 3.83682 0.113871 3.12416 0.440745 331.465 3.33937e-05 0.0093091 3.5811 31.1223 0.865541 3.33367 
3.99349e-05 2.1211e-05 0.384866 0.00457133 0.0017566 0.152233 0.0883331 0.530902 0.221976 0.811033 0.298036 159.547 1.00833e-05 0.0304764 1.43813 6.88297 1.94816 7.74529 
0.0820898 3.8263 0.0224684 0.0118255 4.89208e-05 13.9352 1.48498 1.23125 0.362127 0.55708 0.00368235 129.017 0.940644 0.000456595 1.02189 10.1634 1.96245 5.83426 
0.000770319 1.33875e-05 0.106461 9.24855e-05 0.00320626 13.8037 2.43981 0.65265 0.212458 1.50312 0.00248454 364.423 0.00025126 0.000713042 1.30385 28.6569 1.31292 0.791607 
0.512614 0.0224162 0.0181921 0.000540771 0.64048 2531.85 8.99586 2.45471 0.0129501 1.55124 4.0657 174.455 0.000339212 0.00535111 1.2422 17.5558 1.64416 7.27674 
5.40274e-05 3.75337 0.00627817 1.8582e-05 8.46155e-05 18.1987 9.29087 0.460686 0.0405045 0.562146 0.103731 151.395 4.14904e-05 0.000106384 2.77951 16.7819 1.16871 2.54328 
0.000209811 1.50219 0.00178054 0.00348936 0.000158642 442.621 0.519695 1.39149 0.390382 6.01854 0.712256 14.1933 0.0179024 0.00662798 1.25181 31.7148 1.67022 6.54819 
1.65908e-05 0.848613 4.37705 0.0681766 0.00334078 0.0358178 6.30309e-05 0.50077 0.689239 2.74028 0.00652539 190.775 0.000548473 5.10739e-05 1.05823 12.898 4.28497 3.28901 
0.000434634 0.0256005 6.99997e-05 0.0651221 0.000244779 163.075 0.00431632 0.0798606 0.122965 7.40214 1.08397 212.72 5.60733e-05 0.000254308 0.834542 11.0378 6.53335 7.33128 
0.113402 0.000278599 0.0187685 0.000133603 0.000838925 4.36846 0.0258835 1.35491 0.166611 1.72437 1.85084 405.648 0.00872912 0.0109751 3.71004 10.049 1.16851 0.321437 
0.028205 0.000721379 7.01457 2.48305e-05 0.0167282 1505.03 0.701103 0.184233 0.00473076 0.23173 4.589 83.8616 2.40943e-05 0.06205 2.30835 33.9645 1.28859 3.55502 
0.00891309 3.78704 0.00520643 0.119874 0.00152532 0.0328823 0.115217 3.93551 0.400033 0.359097 0.0820205 488.547 0.199475 0.00304683 1.96407 15.3234 1.95137 1.00525 
7.99059e-05 2.32572 0.31784 4.08922e-05 0.075361 0.286635 0.00404401 0.459245 0.0938867 0.0325211 0.0214581 19.3759 0.155822 0.000481513 1.49875 22.51 1.95994 3.95711 
0.0487762 0.00937565 0.0349306 0.801253 1.01872e-05 141.198 0.00477011 0.0298515 0.00860954 2.65007 3.87243 367.671 0.0348769 0.0696749 1.278 4.03436 4.25237 3.80912 
0.238171 2.83456e-05 1.92441e-05 0.000244612 0.398724 43.0489 1.05836e-05 1.47059 0.217172 0.0122048 0.00796607 320.007 0.000246371 0.000124336 1.92985 14.1694 1.46434 0.565894 
0.000170491 0.0571 8.32679e-05 0.000354299 0.0248174 1.37981 0.012577 0.214112 0.00993515 0.0233158 9.52312 122.006 0.00550394 0.0240812 1.09713 11.6839 2.47939 4.51274 
1.99642 0.000312988 0.80349 7.69221 0.0102125 0.0307876 2.32986e-05 9.2507 0.140959 0.545192 0.00701712 105.924 0.00365235 0.0155825 1.86506 40.5204 1.89727 3.93489 
0.00197006 0.0318624 0.00132548 1.10299 4.97129 679.252 4.2054 1.01404 0.680838 83.4004 1.09442 287.947 0.00101797 0.00463695 0.932537 3.8894 5.30399 9.40198 
7.68811e-05 1.72296e-05 2.34149e-05 0.00654096 0.0922362 528.198 2.92258e-05 0.245782 0.012149 0.480944 0.648321 425.888 0.00010446 0.315654 1.94128 2.72882 1.68799 6.04804 
0.00127925 1.14707 0.00547642 8.57133e-05 0.729125 981.838 4.57271 4.36158 0.130135 1.49281 0.207589 203.371 0.000145593 0.000695913 4.70741 22.0165 1.32936 2.00867 
0.000494216 0.649235 0.625524 0.00468732 0.00610872 50.2176 1.44042e-05 0.277842 0.168173 1.18673 0.0109651 444.016 0.000857856 0.000714958 0.997686 5.6842 3.13114 2.38516 
0.299825 0.000405011 0.0109252 0.0017144 0.0016891 0.172517 0.0249758 0.0344003 0.113795 16.2447 1.29085 88.8618 0.00457425 0.0008825 1.18375 6.97575 1.96569 7.40619 
0.000128369 1.17644 3.34801 0.13801 0.0264168 0.45221 0.00203829 0.101978 0.790392 10.2457 0.149712 172.463 2.9543 0.00840622 0.98875 15.8571 2.71974 1.26802 
0.000762946 0.00115819 0.00251552 0.00266595 0.00841173 13.2008 0.166092 1.74858 0.166156 0.467331 0.038179 303.089 3.21969e-05 0.000244582 1.00019 4.49753 2.32256 8.49247 
0.15961 0.011252 0.0128068 8.31589 7.45316e-05 2.697 3.2808e-05 1.84553 0.418336 497.156 6.13685 163.311 5.44859e-05 0.0367821 8.9979 23.9102 1.53901 1.89765 
0.0548599 0.0205019 0.00441802 9.36639e-05 0.886996 24.2207 0.0550207 3.44616 0.840921 15.1725 0.137219 89.0687 8.64447e-05 1.88884e-05 1.5841 30.424 1.70666 4.71489 
3.37127e-05 7.42986e-05 0.003954 0.000917571 4.67741e-05 0.0172056 2.16956e-05 6.74351 0.158618 0.0476919 0.0265391 313.184 0.0379813 4.97454e-05 3.89549 22.4732 1.56073 1.48031 
0.791766 3.24957e-05 2.51234e-05 0.0222241 0.00469919 8.65595 0.00176728 2.77158 0.446159 0.528618 0.102006 224.783 0.124564 0.00052081 4.27873 28.3948 1.77647 1.82199 
1.1786e-05 1.19277 0.165946 0.781904 0.0930934 0.0178758 0.369939 6.13007 0.152127 29.2662 0.435833 47.6174 0.00165342 4.74348e-05 1.26014 48.7425 1.2022 7.0167 
0.0958775 0.0159885 2.28085e-05 0.000155437 0.821107 11.274 4.63158e-05 1.47878 0.363677 0.883149 0.00416243 136.022 8.2891 0.000224329 0.969527 44.1983 2.22295 2.06023 
0.000248857 3.04572 0.0044204 0.0176373 0.000590423 2176.52 0.0092119 1.51563 0.0233107 0.0597587 0.13223 433.046 0.227903 1.91504e-05 2.2211 2.60689 1.46773 4.38392 
2.20936e-05 0.547254 0.106049 0.059737 3.13249 2830.16 1.51943e-05 0.327733 0.0384782 0.0156436 0.0225103 32.2017 0.0280195 0.00160535 0.963849 34.7332 1.86285 6.88518 
0.000344758 0.104464 1.18921e-05 1.24169e-05 0.0113494 0.0164434 0.0444127 5.58571 0.173661 9.00016 0.583913 430.469 4.87175e-05 1.8924e-05 1.49745 12.1534 2.18765 1.07924 
0.000108118 0.203323 0.24046 0.00622387 0.0757717 1.94403 3.38484 0.723023 0.106055 0.441982 0.0137254 277.188 8.88356 0.00533255 1.18961 29.2283 2.9519 5.86698 
0.000359942 0.0737257 0.00181592 0.000143265 0.064806 69.4726 0.00346962 9.33666 0.166695 2.82242 0.196393 149.019 5.54129e-05 6.5839e-05 0.846677 21.8353 2.12627 5.80502 
0.00111736 4.09775 0.000738687 0.000915107 0.00381398 715.882 0.0632588 5.23261 0.775739 0.0548698 0.0101194 437.468 0.00129805 0.0601 6.77926 31.0707 1.22501 1.67994 
0.00963911 0.00103549 5.44532e-05 0.319922 0.00175497 0.0859032 0.000432966 2.79369 0.166818 3.12041 0.0375861 26.8831 0.553178 0.000305841 0.912683 20.1797 1.2279 9.91383 
0.00011525 1.56102e-05 0.200921 0.808325 1.49856e-05 2887.41 0.0761746 1.58172 0.191205 0.330656 0.172218 244.961 8.06004e-05 0.0291232 6.77799 8.99978 1.85666 2.80213 
0.221379 0.0215575 0.0924774 0.000270256 0.000997468 0.197586 0.0770693 0.225606 0.386049 244.205 7.64626 128.537 0.00396746 0.00106445 3.12281 35.4715 1.71033 0.618082 
1.67576e-05 1.35705e-05 0.000753076 0.000231154 1.60691 2.12786 0.00147043 6.89707 0.949985 3.11598 0.0183007 100.853 6.44346 0.00174568 2.57401 23.7693 1.8542 8.31769 
0.0179835 1.50941 0.0236726 0.00927798 4.97369 0.210864 0.388983 2.47338 0.03771 0.296642 1.17664 297.006 4.48767e-05 0.00382333 0.882824 15.7279 4.29442 0.99963 
0.0207589 0.000806437 3.95498e-05 5.28765e-05 0.0161719 2.19343 0.0561604 1.34223 0.0423867 0.321849 4.16151 85.7588 0.00138204 0.0401851 1.42882 6.10148 1.76625 9.29798 
1.60339 9.13505e-05 0.00770126 0.00993826 0.00532911 677.074 0.000337387 0.406922 0.0877634 0.884526 0.115575 49.0004 0.289004 0.00371037 0.9614 37.998 4.73081 7.66616 
0.00526518 4.39768e-05 0.000239462 0.000229186 0.968281 20.0235 0.00318758 0.525041 0.393718 31.3683 0.312833 467.797 0.00385992 2.76892e-05 4.55974 6.48418 0.885746 1.52294 
2.20431 0.0862397 1.51805e-05 0.000636776 3.1603 317.018 0.184684 1.88425 0.0187153 0.0395564 6.1194 61.9558 0.000872745 0.000162177 4.12436 30.7766 1.02566 6.24633 
0.520241 0.000486256 0.00839007 0.403345 3.17301 430.195 4.33747 1.14541 0.499042 0.435467 0.00173865 66.739 0.0114641 1.82483e-05 1.36101 38.621 2.34246 1.31836 
0.560047 0.623901 1.32615e-05 0.252079 0.000179968 166.195 1.88015e-05 1.07471 0.100124 0.697528 0.167967 284.449 0.00112131 0.00709054 3.46758 2.83046 1.20694 6.031 
0.0891804 3.58273e-05 0.579301 0.000102581 0.000299334 0.0184924 8.15711e-05 0.813778 0.174157 17.6814 6.40077 84.8227 2.98499e-05 0.00196643 2.61882 13.8135 1.07607 5.0829 
3.22188e-05 0.000113593 0.180261 0.0419754 0.000635003 1274.2 4.09361 0.38249 0.126431 15.1841 2.15208 218.901 0.00163668 0.00100518 0.779078 8.51651 3.96979 4.17158 
0.0239955 6.50137e-05 0.0237955 1.23821 0.00841118 14.2589 0.130037 1.50274 0.00827389 0.0142644 0.354675 159.879 0.00659796 0.0113513 1.43274 23.1539 2.54679 3.42535 
0.00307639 0.0275723 1.98807 0.016329 1.22081 0.0225572 0.00087629 4.75157 0.86762 4.47182 0.0569643 260.923 0.0469441 0.0012051 1.10412 42.4944 1.74115 0.462932 
0.000107431 0.00437113 0.000371717 1.52989 5.49104e-05 0.151324 0.00265237 0.367918 0.0535175 9.27784 8.64974 52.3033 0.000120131 0.000194806 9.63675 28.8803 0.761546 5.98026 
4.23607e-05 0.21394 1.25464e-05 5.98116 1.90105e-05 10.5199 1.44638 4.9586 0.0285891 1.82259 2.88182 111.668 0.000995963 0.000234421 1.2582 14.6384 1.56122 7.54163 
0.00126647 3.96752e-05 0.770132 2.02842 6.70611e-05 0.0195711 0.00659231 0.736519 0.995723 4.52518 0.0255064 35.3984 0.00259258 4.16187e-05 0.928637 16.75 1.5144 9.72356 
9.40578e-05 0.0114024 0.000690421 0.543134 0.016637 0.017419 0.112007 0.223763 0.981586 104.562 0.812436 336.695 0.332315 0.0142818 1.18363 15.1342 2.58026 0.608799 
0.0668651 0.000136695 1.7827e-05 2.53343e-05 0.00691074 7.62235 3.153e-05 1.84676 0.599981 37.3492 1.05052 313.526 0.0247453 1.6948e-05 2.70044 3.84554 1.65272 5.52999 
0.000499806 3.95058 0.430101 0.05283 0.000293601 312.348 0.144858 2.20872 0.0512245 3.16337 6.59289 166.905 0.0110267 0.00228996 2.59142 31.2447 1.4487 3.37379 
4.71686 0.0414915 0.171658 3.54126e-05 3.14456e-05 1731.05 0.00291341 0.236955 0.00655791 0.0164766 3.33894 469.722 0.0205524 0.141025 5.8239 15.5425 1.42315 0.850784 
0.757978 1.55293e-05 0.000195609 3.9749e-05 0.00160599 0.0361134 0.000164327 2.32664 0.0140202 0.0311036 0.811604 434.398 0.0188382 9.76216e-05 1.23489 12.2593 1.31268 0.825951 
0.00105128 0.00903337 0.000599662 0.000916809 0.00156503 182.855 0.00611562 2.26817 0.531505 32.8719 3.57947 329.712 0.152281 0.0809113 1.48519 11.6141 2.74635 1.2649 
0.00213461 0.592414 0.000190802 0.325207 0.835604 42.5651 0.000152422 0.449279 0.454918 1.85411 0.0151045 90.9286 2.04925e-05 2.82756e-05 1.37021 15.3336 2.04847 3.73836 
0.110173 0.0348599 0.00301392 5.87974 0.339665 1004.46 0.393778 7.93591 0.179775 8.5571 1.2845 346.236 0.000288715 0.00139336 3.51028 39.6115 1.02784 0.839182 
0.000220672 0.659134 0.260621 0.0505276 0.245572 0.0867931 0.00354879 0.0972246 0.851051 109.588 0.243034 54.5222 0.147792 5.62169e-05 0.888539 15.6762 5.21381 8.96791 
0.00515099 0.00795364 2.91783 0.18585 0.000798935 7.9603 0.000116451 0.350157 0.0105779 0.0284965 6.74444 122.327 0.00861907 8.01202e-05 3.34915 25.1575 1.14337 7.8135 
0.00384038 8.23671e-05 0.0370685 0.00743811 0.000106277 0.0122563 0.00921592 1.62914 0.161003 59.5113 1.14209 102.266 1.63792e-05 2.52908e-05 0.769468 12.4656 2.23473 5.04025 
0.0107146 7.89278 0.00382811 0.000574975 0.00851391 4.85281 0.000161128 2.23613 0.0171297 0.301826 5.71541 96.4251 0.000159211 0.000195054 1.08553 48.0289 2.20194 2.53422 
2.0873e-05 0.0719053 0.345347 0.00393565 3.08615 7.22102 0.000923142 1.48707 0.0250035 0.0187256 2.98607 95.9726 0.00189543 0.00374458 1.24243 31.75 4.00225 2.13016 
9.19091e-05 0.0983892 1.56366e-05 0.00219669 7.45543e-05 2630.13 0.000354318 2.11401 0.11626 0.498117 0.0737571 406.235 0.000460679 0.173262 6.18323 18.8694 1.34534 1.45899 
0.000133257 0.000836119 0.00436754 3.90341 0.00235466 0.0131009 0.0100897 2.00044 0.942509 196.341 0.695508 14.0265 2.05693e-05 4.4652e-05 1.51219 40.1219 2.62467 9.77749 
0.0103856 0.97904 1.73233 0.31896 0.000542756 0.141255 2.22915e-05 6.01789 0.689083 36.6418 0.415814 421.291 1.49376e-05 0.00176498 2.13791 20.8055 0.872807 2.44923 
0.00650993 0.711391 2.97611 0.310917 1.32629 276.045 0.00131671 0.168278 0.0868341 0.26046 0.330794 353.221 0.00020366 1.21933e-05 6.19785 17.957 1.79675 0.55294 
1.06631 0.00117966 0.334141 0.00270136 4.82855 0.753927 0.000830578 0.350114 0.0107544 1.95158 1.80782 17.7741 0.000321771 0.000169631 1.40462 34.8035 1.61417 3.48687 
0.000263186 0.00312638 0.0384404 0.0142532 0.0237772 318.84 0.000436884 0.18444 0.0196166 0.0128728 0.269266 403.979 0.00537103 0.272795 1.95916 4.85414 2.24162 2.47138 
0.00565939 0.0046272 2.20469e-05 1.79506e-05 0.00507741 0.0297694 0.154207 0.670906 0.0361071 0.369948 1.39207 179.295 0.0256161 4.4763e-05 2.79122 6.00265 0.91128 4.71498 
2.38077 0.473218 0.652055 4.77504 0.0198768 2197.09 0.160249 0.70928 0.0144178 0.0672986 3.12265 427.889 2.23526e-05 0.00364657 3.23115 13.0221 1.3965 2.10063 
1.94311e-05 0.338618 5.18327 0.000432178 3.51656e-05 1.24179 0.0156911 0.158543 0.0600419 1.97506 1.23775 243.863 0.000142856 0.00373488 1.9782 3.90391 1.65537 4.93297 
0.334845 0.000178917 1.82959e-05 1.90876e-05 8.11886 4.24547 9.8332e-05 2.42019 0.0642437 0.780607 4.46635 152.622 8.1767e-05 0.000138631 6.0316 38.1153 1.0824 1.05681 
1.12918e-05 0.000536277 8.9151 1.78946 0.0271231 0.737385 9.35724e-05 0.117066 0.244471 13.2682 0.409279 161.91 9.06937e-05 0.00808038 1.52876 28.2143 1.57657 0.983837 
0.000855097 1.16485 0.00845482 0.00425711 0.249809 22.9028 0.222146 3.7211 0.0363718 0.0420989 0.070198 457.242 0.00113254 0.000398558 5.95105 30.9653 1.02148 2.03057 
0.474238 0.00105658 0.00105945 1.7912e-05 0.000141472 86.5835 0.000983685 0.245196 0.399954 100.196 2.32362 70.6503 0.00108107 0.0158199 1.91508 11.7742 1.10664 6.5449 
0.415926 0.351984 3.62553 0.108014 5.30482e-05 5.22786 7.97558 8.17355 0.0541967 0.0759507 1.41577 177.27 0.000956012 0.000515498 1.96699 46.0685 1.62577 2.49643 
0.000102838 0.056185 7.33733 0.000176715 3.67961e-05 2.98439 0.0133242 0.3299 0.398195 262.241 5.12372 29.3743 0.0137663 0.000508552 1.00252 36.426 1.10728 8.98299 
6.26314 0.00207924 0.000999383 5.79516 0.00738984 0.149784 0.0198487 1.24519 0.708381 0.801715 0.0440348 162.113 0.00913796 1.48165e-05 2.70819 16.1588 1.49277 1.02703 
0.000219188 0.0961238 3.41207 0.11254 1.82469e-05 0.0454732 0.0806828 1.17898 0.698979 71.4826 0.421696 187.704 0.000484271 0.00628944 0.775969 38.4006 1.40027 1.1302 
0.00993562 0.000333835 0.00126253 0.031554 0.34563 0.499555 4.14364e-05 6.10731 0.245406 0.578503 0.0731941 179.036 0.000441044 0.0271006 1.68875 21.1091 1.66328 3.69205 
0.416981 0.000593396 0.000576508 0.00214146 1.87829e-05 0.0230484 0.0682824 0.543767 0.477998 8.86496 0.315021 18.9188 0.000349084 4.97854e-05 2.41512 25.704 1.05346 2.69662 
0.00137076 0.0265882 0.272757 0.195419 0.00650133 53.5997 4.82034e-05 0.719278 0.00501722 0.705442 4.65844 81.5332 0.0167298 0.149303 9.04748 21.1473 1.22709 9.13263 
2.63185e-05 1.03813 0.000111355 2.46349 0.528322 9.62316 1.33915e-05 0.690497 0.857567 63.1481 0.0702042 62.5861 0.0188186 7.29254e-05 1.77801 18.3921 1.57434 4.98892 
0.00147044 2.2878 1.2392e-05 0.01924 0.00699962 25.9416 0.247867 1.45157 0.0112396 0.0289942 3.90702 339.74 5.5516e-05 0.00170727 1.20709 4.76968 2.97887 2.8059 
0.120297 0.00619332 0.000855258 0.185916 0.0932143 0.0949745 0.917629 1.98562 0.127061 5.42056 2.62123 53.5743 0.286427 0.00221303 1.54177 22.2993 2.28551 2.82854 
0.00326552 0.28241 1.46349 0.00366228 0.00397512 0.283908 0.799506 0.695501 0.0158423 0.0545917 3.84985 210.027 1.23732e-05 0.00632638 4.53355 5.37621 1.10089 5.95975 
5.1379 0.000811686 0.00336689 0.000143701 3.91075e-05 52.7428 0.00391317 0.761861 0.366104 41.0604 7.45599 75.3613 0.00181247 2.09773e-05 2.18152 18.1548 1.47286 2.50129 
3.371e-05 0.00719542 0.000113282 0.5139 1.08267e-05 0.0167328 0.00606233 1.22356 0.0245374 1.16829 0.771418 394.159 0.00520019 0.000806796 1.04143 2.81192 2.05373 3.52731 
0.000211816 0.687356 0.00202983 0.00260764 5.04541e-05 202.628 0.000239387 2.04714 0.018336 2.11473 0.946675 52.5713 0.000242879 0.000704838 1.20026 22.3621 1.38702 2.16589 
2.07703e-05 4.24998e-05 0.000956473 0.000637817 0.0406929 75.0759 0.00266331 0.542153 0.195721 3.87548 0.289413 126.515 0.00202601 0.0975062 4.85295 30.0148 1.88777 1.11985 
0.0571138 3.62593 1.62014e-05 0.0110229 0.0150666 0.357637 2.05561e-05 2.49717 0.256255 3.87056 0.85177 480.225 0.000478924 0.00146931 1.40692 10.886 2.14074 0.74033 
0.00754048 3.53945 0.0123551 1.30368e-05 0.000748272 9.05558 0.151816 0.546281 0.0692096 82.6362 5.88709 35.3165 3.6588e-05 3.14709e-05 1.58483 28.923 1.72332 4.06397 
0.0233283 1.07757e-05 0.00246858 2.6253e-05 0.00026716 641.331 0.0252571 0.828362 0.108327 5.18367 0.557632 237.967 0.129176 3.67851e-05 6.13326 8.15133 0.976627 6.9931 
0.00316949 1.11523e-05 0.00284973 0.952181 0.12606 32.7734 0.118396 1.65181 0.156243 0.0690193 0.0411 467.556 9.13569e-05 0.00443785 1.49619 3.10386 2.28659 9.90012 
0.148439 0.0287918 0.109597 0.000333126 0.00382689 1114.63 0.492376 7.54748 0.233102 0.251464 0.0210988 312.82 3.92278e-05 0.00523533 5.47923 45.4339 1.33098 0.877106 
6.00314e-05 1.54709 0.00187878 0.0245547 0.333955 195.736 0.0141209 3.68873 0.0521343 0.271859 0.0778166 46.3421 4.94815e-05 0.00108834 0.946829 23.6479 1.12465 5.17464 
0.566814 4.68827 0.00357497 4.30926 0.0460204 313.033 0.0123175 0.547166 0.0146454 0.0316075 0.524177 33.1794 0.00275139 0.033025 2.64991 32.6862 2.04746 3.34518 
2.26279 0.15495 0.525445 5.44619 0.0178818 0.211286 1.08403e-05 3.80045 0.32985 0.0172238 0.000654591 417.32 0.000105591 0.0206462 1.3513 28.3707 1.92108 0.315162 
0.214864 1.19946e-05 0.047881 6.70396e-05 1.55302 555.748 0.00820314 1.42312 0.262314 2.26304 0.0832564 391.212 0.10032 0.0315477 0.891364 4.84177 2.28524 3.70262 
0.000882362 1.11966e-05 0.594267 0.00187591 2.26915e-05 0.274496 0.000223131 1.45742 0.434922 79.4251 6.11884 78.022 0.0317099 0.000139123 1.63937 36.5941 1.82668 2.08337 
2.22751e-05 0.0156345 0.791884 9.60086e-05 0.0940279 647.734 6.35839e-05 0.380344 0.0275042 0.48819 0.425334 61.7735 0.0196279 0.0677212 2.42534 21.6963 1.2959 3.26572 
0.00637356 0.617126 1.8259e-05 0.000101552 0.0495777 23.8546 0.0007003 1.38182 0.609924 15.4265 1.42602 160.872 0.000567818 0.000866264 2.41298 6.57736 1.19992 7.91517 
0.000492349 0.093874 2.23446 0.000369697 1.34249 93.2597 0.0229021 0.479238 0.0341266 46.803 2.61563 297.536 5.74131e-05 4.99524e-05 1.56716 7.94372 1.88416 1.3767 
0.0504943 0.00802207 0.0991855 2.43624e-05 0.0132376 3.11727 0.0111347 4.137 0.0130383 0.0577401 9.86341 240.989 0.000414244 2.01783e-05 1.08495 46.4012 2.63831 0.613536 
0.00420754 0.00499952 0.0183601 6.5084 2.95638 2880.93 0.340365 0.46341 0.0293814 1.12827 1.05732 152.403 0.0163127 0.000225156 1.82607 39.6254 1.478 0.270018 
0.0122701 0.00119506 0.00227529 0.00105272 0.14104 1.73865 0.00196068 0.254113 0.565245 1.10539 0.0348269 60.9252 6.49904e-05 9.56592e-05 0.797405 14.9529 1.72986 3.5357 
0.000361927 2.87759 0.193672 0.000307794 0.00108652 1079.52 4.49515e-05 9.71405 0.107027 0.0771664 0.112254 417.08 0.000808219 0.0141729 5.92538 46.7683 1.1468 0.772343 
0.0199563 0.000140773 0.000252462 0.000118565 0.0220432 2.31904 4.57845 2.39572 0.266125 23.3919 1.66872 197.78 0.000746287 0.000416873 1.70108 7.4958 1.26148 7.3831 
5.2328e-05 0.000923536 0.00028902 1.28313 7.53076 17.4856 2.16979e-05 9.47819 0.203113 165.053 9.4216 156.526 0.000220103 0.000535235 1.16662 44.4274 1.53464 2.54881 
4.25325e-05 6.27271e-05 1.30445e-05 4.0939e-05 9.67598e-05 0.0243186 1.56995e-05 1.33761 0.00125078 0.0315671 2.97027 213.618 0.00017041 8.53822e-05 1.3607 25.4048 2.3016 1.06397 
9.97467e-05 0.000191464 0.0138835 0.516661 0.000748069 1.22614 0.00244176 0.426308 0.123222 7.81052 2.84843 91.727 0.171662 0.021786 1.32422 16.2169 2.27704 3.7446 
0.059266 0.0142305 1.25499 7.19352 0.00627818 11.444 2.1111e-05 5.06574 0.00879225 0.0368159 7.74849 149.14 0.00274331 0.010944 0.941636 31.4251 1.28648 9.44541 
0.0334037 0.126357 0.0397834 2.87968e-05 0.000231486 0.0115035 0.319412 0.274902 0.220589 2.71562 0.099645 54.7525 0.668407 0.00019353 2.24539 14.3834 1.13318 3.5209 
1.14796 0.0660597 0.00147776 0.000303479 3.6314e-05 6.74604 0.0692187 1.49405 0.384276 1.01758 0.0676174 34.7903 0.00234673 0.0076368 1.13249 32.6849 1.9113 3.88299 
0.000301187 0.00261188 0.112795 1.61942e-05 0.0309461 66.1392 0.000227475 2.36932 0.00727467 0.269587 6.04901 26.0583 0.000450081 0.00473865 0.447785 28.8363 1.45887 4.84466 
0.14962 0.00229012 4.25771 0.0253527 0.00736991 313.201 0.631337 0.0333409 0.0111185 0.0217032 2.51117 219.595 1.90569e-05 0.000772093 9.13891 9.70643 1.09332 2.40328 
0.000142497 0.000534706 2.49866 0.000653066 0.0787362 2.36763 0.00411925 3.40075 0.631798 37.9878 1.47333 51.5304 0.000200149 0.0239453 3.38743 44.2754 1.57215 2.72111 
0.0055878 0.0300597 3.75172e-05 8.6351e-05 0.0732513 0.392672 0.0007067 0.897674 0.901314 117.089 0.619394 268.12 0.00373286 0.00017586 4.17191 43.7226 1.15462 0.446438 
4.96277e-05 0.000489382 3.5149e-05 0.0188345 0.0145666 34.9102 0.00126739 1.77092 0.368984 17.2757 0.324607 54.7247 0.0390307 0.00920973 0.82634 22.1756 1.95054 8.55833 
2.27351 6.08166e-05 0.112627 4.35106e-05 0.0362392 0.577496 3.97208e-05 0.903812 0.134337 22.545 0.961127 292.585 2.44098 0.000920099 2.05329 17.4117 1.50143 1.79848 
0.000176764 1.38036 0.000544871 0.000270518 0.000571526 2684.48 0.00322245 0.338532 0.0195152 0.291012 1.57727 220.029 0.000356861 0.000236768 3.51962 8.83468 1.06119 1.7755 
0.0504337 0.899699 0.101287 0.4713 0.000253276 245.913 1.58547 0.701196 0.194558 118.452 7.06977 163.166 0.0253995 0.0391645 1.10162 11.9792 5.49838 7.45738 
1.64879e-05 0.00628074 4.29385 0.000220044 0.000106711 2407.11 0.000141557 0.0930194 0.0469252 3.73548 7.04022 85.5329 8.14774e-05 0.000328862 0.938705 10.1745 1.69496 6.61739 
4.85062e-05 7.36531e-05 9.2142 0.556499 0.62505 0.0547248 0.0709726 0.509669 0.0782461 0.469864 0.0449245 390.272 1.32553e-05 0.00243025 0.78988 5.52265 2.69824 3.32922 
0.000387948 0.554905 0.000559401 1.26776e-05 5.84216e-05 3.65248 6.94445e-05 1.16926 0.0530579 0.596974 1.71346 386.822 0.114329 0.000133116 3.15105 4.57393 1.09927 1.19668 
0.0002547 0.000271313 1.41439 0.000347964 1.19529e-05 319.078 0.0201449 0.505441 0.0171989 0.0798646 1.86846 155.985 0.00796044 0.00656437 6.00101 33.373 1.00266 1.07634 
0.0195121 9.23619 0.0114046 0.000271851 0.00012189 537.526 0.000420713 0.412572 0.119553 0.0119187 0.00380134 344.184 9.78398e-05 0.014878 3.9938 17.7216 1.56995 0.770773 
1.75756 1.35582e-05 0.154043 0.0621435 0.000494846 19.8527 0.0120871 2.52392 0.227593 0.666219 0.211258 335.654 0.000267984 0.00905892 1.08077 26.9952 1.84707 0.386622 
0.0149666 0.000361993 0.0466664 0.0050142 1.2483 212.43 0.000190303 0.0268713 0.241019 0.616971 0.00296004 104.638 0.00239988 0.000243198 1.01523 7.90888 2.76153 9.51759 
0.141172 0.000662013 0.0025159 0.000150833 3.84453e-05 21.4589 0.102914 0.999631 0.0227029 1.94349 3.83279 494.924 0.214819 0.000523373 1.05508 3.9608 2.12462 6.29964 
0.0162138 0.000330133 0.00150663 0.13839 0.0067439 0.0281955 0.241676 2.82636 0.0882145 2.03811 0.26939 185.251 0.000689819 0.00538977 2.22361 7.21486 1.57861 4.37501 
0.82584 0.0256657 2.95005e-05 0.000222438 0.000375843 10.3424 0.0455491 1.13647 0.26862 0.532494 0.0216857 365.463 0.0015095 0.000263706 0.925873 20.9122 6.13039 1.09016 
0.111452 0.0955518 3.40114e-05 0.344357 1.52643 817.3 3.93567 2.60764 0.00499617 0.0562784 4.38974 409.367 0.000217062 0.000200443 0.977633 28.0773 1.77881 0.569025 
0.000524969 0.00122353 0.0273596 0.0623384 0.000530437 1831.06 4.91001 1.92411 0.140569 3.41848 0.82291 253.048 0.00684278 0.00222621 1.84635 19.8464 1.03974 8.29081 
0.0125927 7.54916 0.00137217 0.000104562 6.56718e-05 141.864 0.00263458 1.59537 0.0433984 87.3809 2.32527 92.7319 0.0139982 1.2623e-05 1.0508 13.2624 3.66183 9.33259 
5.72644 0.000118398 0.0224596 2.63669e-05 2.87064e-05 1389.06 0.000363808 0.205037 0.935493 2.77413 0.00861633 411.953 0.169289 0.000886886 1.75678 19.1425 1.46966 0.564612 
8.34032e-05 0.23206 0.00830415 0.00380023 8.18808e-05 2283.52 4.12375 1.15362 0.00210081 0.0161915 1.96486 465.53 0.000120438 0.0977237 0.987406 29.3357 3.28474 2.92017 
0.0349851 0.443696 0.615898 0.000234628 2.51913e-05 689.944 0.798728 6.36261 0.764709 102.348 1.0028 245.654 7.1189e-05 3.67729e-05 2.5214 20.4559 0.816979 6.33314 
0.156015 0.00487905 0.000180352 0.0137783 0.00101822 0.151732 0.252234 1.17575 0.0785472 0.440038 0.679141 332.999 0.0872336 0.0504125 3.63338 3.8786 1.26933 6.25324 
2.228 0.000736712 0.000970341 0.0949594 0.000474934 2791.65 0.00217136 9.07056 0.592715 193.151 2.89067 172.586 0.30537 0.00062526 1.44195 39.9859 2.3934 0.937804 
0.00818166 6.74114 6.81502e-05 2.7869 0.471795 0.36059 5.21968e-05 2.86022 0.052586 0.712106 0.216892 249.658 0.344782 1.26118e-05 2.49001 26.8297 1.71874 0.452112 
1.69067 4.56471e-05 0.0643611 0.00436219 0.00547234 186.325 3.09032 0.158281 0.00790266 0.283069 6.83057 22.8582 0.000115927 0.0072437 1.8489 38.3101 1.75295 7.27094 
0.000322801 0.0247265 1.12999 0.326682 1.69465 10.8647 0.00105027 1.42176 0.00279842 0.137136 4.21531 360.446 0.0003659 0.000296521 2.42843 38.2909 1.27439 0.417308 
0.0041658 2.39562e-05 0.0377264 0.130602 1.22615 113.084 0.0464323 2.53275 0.1251 6.51767 3.42665 397.174 0.528359 0.00333514 4.5166 47.784 1.38263 1.0378 
0.0327366 0.00181093 0.00240883 8.90424 0.000895621 46.227 0.0404873 0.0790672 0.439954 75.2271 0.296902 347.369 0.0775952 0.0005894 1.3669 10.6741 2.43037 0.697269 
0.139214 3.18321 8.87077 2.39429e-05 0.46221 80.5326 0.109022 1.00038 0.459029 0.0577104 0.00746285 120.377 0.0328408 9.55994e-05 1.36283 49.341 1.74761 0.701037 
4.20408 0.00549685 0.00448854 0.000851881 0.14567 3.12947 3.96253e-05 0.301126 0.33237 2.78857 0.0523327 264.641 8.08466e-05 0.104772 2.21356 36.8018 2.31392 0.379347 
0.0483579 2.20035e-05 0.00691461 0.0075189 0.000531008 2189.92 9.93931e-05 0.105953 0.00768679 0.0639461 0.343441 74.3686 0.00168326 0.0180343 1.06829 25.248 3.55123 2.05868 
0.00903792 0.00386441 0.000416581 2.29167 0.257298 0.595765 3.017e-05 1.89342 0.0509207 11.5711 6.74815 380.425 1.59053e-05 0.00304379 3.84327 3.4424 1.06025 3.6766 
1.46432e-05 0.891019 0.000134225 0.138037 0.125079 2666.83 0.00663735 0.636653 0.16604 104.606 4.91247 130.242 0.018947 0.014012 1.21964 26.0781 3.51878 1.70893 
0.00185094 3.55283 0.0945473 9.65075e-05 9.65182e-05 0.0285893 0.000246456 1.27945 0.189364 15.6843 1.91475 149.436 1.17621e-05 0.00348585 2.92765 9.33613 1.03565 2.05675 
0.0851958 0.00183336 0.0986723 3.81091 0.020404 2339.39 0.00126309 0.450923 0.132713 0.999128 0.0178577 400.879 0.195612 3.26606e-05 2.29146 2.68801 1.23433 3.28293 
1.73445e-05 0.238555 5.24538e-05 7.87845e-05 0.0288504 2.60406 0.0809141 3.5147 0.0799331 0.315793 0.800749 13.1523 8.93727e-05 0.000412139 2.19954 41.7873 1.46386 7.43455 
0.00194798 2.34058e-05 0.000151119 0.0965044 0.00167889 2504.06 0.0281615 0.532637 0.00924213 0.251001 3.59111 89.5251 0.000394572 0.000347282 1.01071 14.5985 1.55338 8.28232 
0.39768 0.00243772 0.000177861 0.878322 0.000391437 797.447 1.49428e-05 0.436431 0.0189186 0.42901 2.35097 71.8803 0.351419 0.00275788 4.83459 38.0968 1.79404 1.15004 
0.0060329 4.88797 1.34 2.85513 1.223e-05 8.49892 0.205813 0.906583 0.02596 1.74288 3.73742 62.3069 2.88752e-05 0.00954823 1.05645 47.7154 2.25968 1.18557 
5.81272e-05 0.000567013 7.68001e-05 0.016635 5.45208 0.166377 0.105384 2.31775 0.233761 7.09709 0.214392 193.369 0.000727694 0.000581305 1.83478 24.4453 1.08733 4.44133 
0.000380184 1.39674e-05 1.62125e-05 0.0621716 2.20962 0.0981386 2.66839e-05 5.72428 0.679932 2.98076 0.105678 266.534 0.000134027 0.000182838 2.81078 5.02105 1.23506 7.78821 
1.29165 0.00129945 7.53713e-05 0.000135469 5.90025e-05 3.58675 0.000406024 0.145617 0.137889 0.199166 0.0226359 50.661 9.8943e-05 6.2794e-05 1.08364 26.7657 2.93211 3.25134 
0.9065 5.5318 0.0105826 0.000295021 0.0743698 5.67029 1.85821 0.552328 0.0384141 0.0100284 0.00446596 29.3725 0.00906409 1.73461e-05 0.9346 18.0075 1.54895 5.71694 
0.000386781 8.8647e-05 0.00230549 0.214098 4.77473e-05 0.0127074 0.00145638 1.44419 0.0312251 0.420388 6.6217 329.059 0.150915 0.0246178 9.60959 47.6271 1.40283 0.501954 
0.860531 3.22955e-05 0.00105502 0.0795301 0.000278445 6.98832 0.0307508 5.03161 0.167064 6.73913 3.36971 483.023 2.25569e-05 7.17019e-05 2.90154 29.7736 1.33621 1.3016 
1.00557 0.621167 0.000191742 0.361364 1.13326e-05 610.713 8.62643e-05 0.799735 0.0353475 0.100026 0.0354869 118.339 0.0119136 5.28627e-05 1.83998 28.8001 1.1397 0.991464 
0.00435905 0.000449362 0.0146777 0.0187721 0.548719 0.0362578 0.0349267 3.48559 0.0943771 1.12403 0.26322 75.45 0.0508601 0.00247123 5.2296 34.1108 1.03928 1.51793 
0.000530585 0.00470562 0.000315646 0.672629 0.215033 8.7205 0.000390013 1.14434 0.125498 7.41992 0.0489487 18.3816 1.79446e-05 0.00175567 0.990954 34.226 1.38801 6.01567 
0.00710312 2.87708 0.00196385 0.00504204 0.343872 27.8468 0.235241 8.6224 0.0152276 0.115484 3.67852 36.5772 0.00153177 0.00136142 0.680774 35.0565 1.48953 2.26957 
0.000250085 0.000241177 2.64299 9.47507e-05 0.000162732 563.851 0.000777371 4.06262 0.019866 1.23707 5.44339 236.84 0.000124357 1.53272e-05 2.21803 20.7172 1.04959 6.65069 
0.000213059 1.54901 4.08479 0.000653213 1.08697 40.3372 0.342856 4.88745 0.472362 0.0902334 0.00697181 80.1042 0.222875 0.000258667 1.82618 49.6115 1.57448 2.1993 
0.355088 0.000226382 0.138233 0.0179997 0.0578253 3.98946 0.0014643 2.60908 0.0122831 0.0429451 7.93174 369.882 3.41779e-05 0.00695823 1.58973 11.4652 2.72576 0.77542 
7.93831 0.00198634 2.25799e-05 0.00351036 1.185e-05 0.0174726 6.20028e-05 4.90055 0.758599 0.429908 0.018351 425.004 0.000119759 0.000213743 2.21397 40.0556 1.67799 0.326713 
0.000238724 0.0168283 0.963034 0.820047 0.00492557 0.560902 7.7168e-05 0.333848 0.230397 1.16853 0.0270739 89.5897 0.99239 5.90927e-05 2.52058 28.9818 1.35956 4.05471 
0.214289 2.39978 0.00120145 3.17532e-05 1.60796 117.61 0.217568 1.0168 0.0842474 4.44728 5.59675 219.97 0.00882592 0.0018501 0.938751 17.2687 1.89812 3.52941 
7.80544e-05 1.50885 0.000964964 0.000592661 0.0077469 15.9074 1.48049e-05 1.56118 0.18131 0.439434 0.017942 55.8903 0.00157389 0.000188885 1.48081 40.9286 1.01841 2.30134 
0.0320341 2.45856e-05 4.92178e-05 3.72892e-05 3.58862 0.0303547 0.135992 1.13853 0.179509 3.01465 0.00979994 40.3996 0.000720911 5.08808e-05 1.02419 39.2642 2.35679 4.03474 
0.000680404 9.99472e-05 0.000221132 5.83164e-05 0.00891265 0.654783 0.0502648 4.75455 0.219714 13.9357 4.18641 101.368 0.0779078 5.57209e-05 1.38128 48.9529 2.44058 0.924014 
0.740879 0.00310591 0.24636 0.022978 0.00149351 0.0249517 0.000245288 1.79552 0.0977974 0.570576 0.336761 294.578 0.000677168 0.00362148 3.30715 29.6493 1.61217 0.460011 
0.0103903 0.0581143 0.00258528 0.055525 0.0376134 330.762 0.0477864 1.58822 0.0185435 0.0211942 0.22406 399.965 0.0285342 0.0299051 1.16674 9.4531 1.50472 1.81167 
0.00773659 0.000400896 5.02109 0.000297999 0.00189587 0.313444 0.675283 0.156363 0.0281155 0.232377 6.4696 183.94 0.0241152 2.89414e-05 4.04338 6.79266 1.14434 1.90445 
0.226774 0.417497 0.164439 0.000498582 0.00109367 3.03921 0.0835642 1.47532 0.238806 0.731957 0.0419993 46.5338 0.00952302 6.39907e-05 1.08525 24.9783 2.19489 6.92669 
4.0239 0.000286613 0.00126624 0.0298045 0.000311367 28.2613 0.00627399 0.747521 0.178635 0.117056 0.0303992 36.8833 0.000234166 0.000266527 1.60257 29.5277 1.30947 3.39572 
0.0683418 0.00383462 0.0216769 0.283087 0.331176 349.73 0.00108281 0.0245215 0.158138 248.745 3.44563 204.655 0.0398886 0.00365492 1.6448 6.78458 2.11666 2.26901 
7.89302e-05 0.773713 0.914474 0.0594986 0.000257768 0.0168195 0.00393032 3.11115 0.458887 1.62402 0.0428677 230.997 1.36788 0.00186706 1.14307 23.9271 1.95771 0.521852 
0.0119732 0.00107853 7.68035 0.240624 0.00185753 0.0494524 0.000101802 0.048888 0.27662 6.93628 0.884137 63.788 6.39142e-05 4.52726e-05 2.15401 8.62392 1.85846 3.96473 
5.99849e-05 1.04694 0.00676084 0.00160147 0.00764586 45.7745 2.06936e-05 0.190863 0.286794 3.38256 0.0153784 81.2969 0.000126336 2.10698e-05 4.25333 13.3161 0.872967 9.78464 
0.00589283 0.115747 5.16515e-05 0.143357 0.89812 1353 1.73849 0.710496 0.427345 160.847 7.05079 72.1607 7.60068e-05 0.000166038 1.25449 45.5877 2.26446 0.734946 
0.000190524 0.753047 0.000202001 0.0093764 0.000537666 0.142708 0.993701 1.23768 0.332805 0.312438 0.00879277 159.842 1.02771e-05 0.00692195 2.16996 38.3706 1.13165 2.10488 
0.00563811 0.109815 4.64661e-05 0.719393 6.28596e-05 0.0956711 0.000624554 2.17847 0.112386 184.945 4.17739 38.0028 8.39146e-05 1.58959e-05 1.03091 39.309 1.05281 3.49629 
0.52923 0.0767299 3.18441e-05 0.00376398 0.00149758 330.408 0.0279387 3.13825 0.0642264 4.48826 2.6858 121.962 0.000743518 0.00813878 3.05968 14.078 1.37094 3.7738 
0.00187005 0.00102716 3.16387e-05 1.09031e-05 0.000581492 0.0232539 0.14319 1.48834 0.036615 0.466671 0.606417 233.373 0.00105945 6.37808e-05 0.94318 24.2284 2.66232 0.748934 
0.000465397 0.0030623 0.0009877 0.0633298 0.0127256 0.0685055 0.0414143 1.57913 0.0168374 9.58625 3.671 69.8106 2.90252e-05 0.00458171 1.06268 20.6668 1.80494 6.67098 
0.000616671 0.234149 0.725964 5.13122e-05 0.0045827 33.2703 0.000509254 0.402547 0.945561 305.923 0.135927 379.578 0.0369268 0.00012902 1.06172 1.94142 1.69354 8.34608 
5.70558e-05 7.24254e-05 8.59623e-05 0.00608119 0.286692 221.803 0.00012855 1.69315 0.022292 0.0710786 0.290288 271.947 0.000128574 0.0181588 0.919769 12.347 1.96823 3.42569 
2.30405e-05 0.0103614 0.032042 0.0119908 0.01732 10.2046 0.00125783 1.71773 0.447371 1.90266 0.0913925 499.716 0.000276618 0.00248198 8.59232 6.90669 0.927489 2.23883 
0.313133 0.174695 0.000596994 1.93467e-05 8.47143 0.244541 0.285339 0.166278 0.0655923 0.0936326 0.0360926 242.982 1.12056e-05 4.84428e-05 2.73879 12.8755 1.09324 1.02862 
0.0674402 0.0156211 0.225084 0.000156767 1.64741e-05 1.62678 0.000410591 1.20093 0.0158811 0.117877 2.16229 66.6249 1.5768e-05 2.25513e-05 1.71408 32.4163 1.60996 7.27579 
0.00464784 0.772139 0.00610833 0.00198438 8.97918e-05 1011.95 0.00244225 0.485556 0.243971 0.250026 0.0186892 317.802 0.0235719 0.000539952 5.51641 16.8872 1.15166 1.36282 
5.51887 0.000664241 0.00190821 7.96641e-05 0.236472 1.78623 0.000472186 1.31669 0.202749 0.123458 0.00250807 22.7625 0.000497548 1.21043e-05 2.05159 21.0049 0.97882 8.36688 
5.91909 0.000328995 0.205553 2.15552e-05 2.63522e-05 1338.32 0.0406229 0.258574 0.0182697 2.06995 3.80679 21.6216 0.0148804 0.00476115 0.895429 33.1464 2.91871 4.05091 
0.958866 0.0154612 0.166178 9.75412 2.73013e-05 0.0671973 2.68845e-05 0.213083 0.110193 3.01361 0.186858 94.6617 1.56899e-05 0.0288254 6.85034 39.5825 1.1606 1.65283 
1.66689e-05 1.58396 0.000999625 3.96591e-05 0.000200955 424.147 4.3598e-05 0.0344593 0.00677703 0.0835975 0.743672 75.8666 0.0496709 0.000207242 8.45422 42.0089 1.08166 2.68728 
0.0051096 4.26644e-05 0.000222102 0.0670356 0.000853653 2.91074 2.1775 6.06412 0.0894175 2.10108 3.75829 483.401 0.123049 1.29803e-05 2.16501 11.5499 1.51667 2.73787 
0.00848905 0.212324 2.47311e-05 0.0022718 0.391205 0.145469 0.000795067 0.447775 0.0117584 0.0635431 1.05737 458.09 0.00014151 0.00881241 0.93417 39.92 2.85619 0.185211 
0.000541123 0.0205092 0.00102545 0.00260753 7.37957 0.185855 0.0297824 1.71996 0.444732 118.954 0.465134 72.6372 0.000245118 0.000294033 1.2785 12.0186 1.03901 4.96445 
3.36308e-05 0.0397869 0.000162658 0.23722 1.51693 39.2528 0.344115 1.41636 0.136004 0.215648 0.000931171 112.038 0.00632086 9.10333e-05 1.13262 44.0117 1.55355 0.989295 
0.00065359 0.026309 5.57429e-05 5.32251 0.00107639 0.530054 0.00260192 0.405303 0.794946 7.6455 0.0365673 478.542 0.00205599 0.00541801 1.12237 10.9915 4.44953 0.767052 
9.85649e-05 5.81954 3.18122e-05 0.0674017 0.00412765 7.70642 0.149353 2.6982 0.0158789 0.198393 0.622583 357.15 0.0990284 3.15882e-05 2.65817 9.5686 1.19731 4.60129 
0.00135826 9.73738 0.00426895 1.95422e-05 0.00335553 0.350582 0.00735666 1.80072 0.0350845 0.968533 7.88657 174.861 0.0157354 0.00755445 1.04201 6.64526 2.58064 2.32145 
0.000331111 1.61628 0.000179916 0.939025 4.13454e-05 322.359 0.00201883 2.40126 0.073798 3.37793 1.4088 270.72 0.00562132 2.3718e-05 1.58408 11.0279 1.51825 4.50426 
0.000178221 0.872066 0.0196537 7.84868e-05 1.57268 7.06418 0.0153442 0.112106 0.00592024 0.0184245 1.81556 282.87 0.000481639 0.013497 1.09444 4.47649 2.94085 3.04671 
0.0287129 0.00476712 0.00421015 0.00109442 0.00105225 1140.8 0.000385027 0.603872 0.0261878 0.0613136 1.8425 163.408 4.55439e-05 0.00373152 2.9579 37.037 1.40187 0.782419 
0.00601411 0.00494783 0.457782 5.02008 0.0249701 3.01311 0.0134909 0.297757 0.0123534 0.24167 2.58778 57.9841 0.0255401 0.016565 6.7317 36.5302 1.32414 3.3595 
4.23048e-05 3.09842e-05 4.32695 2.87242 0.00807735 20.423 0.147967 0.0270704 0.0500937 1.77012 1.52569 310.988 0.000958307 0.0036055 9.91209 26.8618 1.28968 0.717106 
0.24238 0.000923266 0.0144958 0.163404 0.00615401 1800.05 0.00193347 0.792224 0.394857 3.41969 0.0439476 377.043 1.93563 0.000340133 2.02715 6.40833 1.19721 2.05062 
2.81714e-05 0.000619683 0.364857 0.00183375 0.000677212 25.0602 0.000112515 1.06444 0.0231228 0.0109778 0.68594 493.355 1.05754e-05 0.234843 3.09838 12.4032 1.59535 1.48071 
0.00607559 0.00737786 9.58841 0.0014609 0.0965978 0.0100986 0.020696 0.0812408 0.00786305 0.0272693 0.664974 38.6718 0.000622632 0.0135484 4.5861 39.0567 1.00082 3.73482 
0.000573073 0.00181576 0.00852839 2.45833 2.24893 3.79447 1.18193e-05 0.577035 0.257405 0.258891 0.0145025 69.5088 0.000286489 0.00174093 1.05507 28.1123 3.54042 3.22072 
0.0014338 0.0177396 0.000208315 0.000103731 2.2548 0.0806199 0.00755084 6.90421 0.373859 1.26807 0.100873 493.056 0.159473 0.00304862 2.31562 3.33135 1.66034 6.61247 
1.93284e-05 0.00722241 4.31968 2.55957e-05 0.000542063 43.8134 0.00130368 0.884039 0.579927 164.724 3.34544 282.152 0.00529981 0.0460301 1.31487 8.21033 1.71133 1.50711 
0.0690998 2.33856 0.000184783 5.56662 1.41234e-05 64.6782 0.000281264 1.07857 0.00941841 0.0548849 2.92977 74.9748 4.59043e-05 0.000573881 1.2477 30.4905 1.2036 1.18225 
0.000177835 5.85606e-05 7.52417e-05 1.64455e-05 0.223934 0.010897 0.00544202 0.231228 0.0653962 0.314663 0.360646 116.885 1.22435e-05 0.000180782 7.88287 36.1378 1.12519 1.38043 
0.0058159 3.66401e-05 3.93581e-05 0.201154 0.000192007 51.5283 0.000350936 0.124257 0.245702 32.5319 0.264274 102.132 3.80495e-05 0.00170938 1.33818 14.5602 0.948693 3.18106 
0.00298006 0.014349 1.51776e-05 3.00171e-05 0.171515 1920.61 0.267668 4.2467 0.157353 0.324069 0.217044 277.347 2.19274e-05 3.83078e-05 2.92352 17.6576 1.53373 0.871152 
0.790384 0.0574759 0.000335615 0.181565 2.81372e-05 4.6778 0.000456491 2.74053 0.188968 0.100443 0.00542663 292.244 0.0187864 0.000717397 1.25987 30.6676 2.15413 0.339835 
0.00447169 1.25074e-05 0.00205069 0.0119582 0.0023572 373.207 0.000361444 0.478779 0.0608721 0.222089 0.212872 410.912 0.00508636 0.00213646 1.7853 17.5258 1.30277 1.11537 
8.66215 0.199388 0.000116471 0.978422 0.820206 363.098 0.00162532 0.809743 0.00178774 0.175954 4.04032 156.737 0.00146492 0.000852279 0.982045 18.6769 2.11165 1.20348 
0.000911112 1.30811e-05 1.13689e-05 0.77052 0.0296009 27.1754 0.00100017 0.614636 0.0629532 5.47304 1.01563 29.5795 0.0417094 0.000162354 0.95079 28.701 1.57355 4.41684 
0.000210003 0.0241165 1.2036 0.213652 0.00705604 747.563 3.78126 7.95042 0.522046 95.1927 0.742472 234.197 7.44332e-05 1.01718e-05 0.961924 18.5458 1.54816 5.34609 
0.000610356 0.000949663 0.0610495 1.86286e-05 8.93892 490.704 0.0471826 1.51291 0.0344169 13.941 1.00223 83.9999 0.0221787 0.00169992 3.46209 15.6845 0.964891 3.18408 
0.000563099 0.399055 0.106796 1.66748 0.00354643 551.432 0.000299256 1.29573 0.0336317 0.280545 0.595511 420.322 0.058659 0.0113247 1.8836 5.82469 1.41094 6.60147 
0.000668435 1.48752e-05 0.00450803 0.000257968 0.0742891 718.279 1.52928e-05 0.0479435 0.0793086 241.12 0.818439 43.013 0.033217 0.0184048 3.88829 19.1982 1.11657 5.08172 
4.80412e-05 0.349376 0.0256192 0.000727532 0.0029909 5.17945 0.00397524 0.404928 0.522213 1.44033 0.019969 298.047 0.0112802 0.0249667 2.56418 44.5723 1.62873 0.338505 
5.56416 0.0119811 0.000632393 1.9645 0.00317553 1850.84 1.54491e-05 0.613858 0.642946 31.6159 0.550374 206.22 0.000147074 1.02961e-05 4.30285 14.0845 1.19378 1.133 
0.00172723 2.52786 1.52182 1.77234e-05 0.00429926 2538.9 0.00050937 0.560955 0.84017 3.37119 0.0596618 149.293 0.0604635 1.60028e-05 1.64913 6.55496 1.42187 5.42874 
7.58793e-05 6.61492e-05 0.000308705 6.71515 0.0102592 0.499921 0.000203463 1.01777 0.205063 146.927 6.83947 58.605 0.425965 0.000456659 5.25468 18.957 1.10667 5.51745 
0.0019881 0.0488794 0.00429155 0.000923345 0.000652606 1.65452 0.067201 0.349253 0.0924446 5.61465 0.281764 273.177 6.04314e-05 0.0126991 1.24902 3.82825 1.6093 2.18574 
0.000407505 3.46589 0.00135789 0.00348729 0.000625874 110.531 0.12783 1.40906 0.0199088 1.30212 7.06072 28.2921 0.00547696 2.81731e-05 1.51481 26.9157 1.38299 2.39855 
1.01983e-05 0.00735088 5.69402e-05 0.000854458 0.135486 1207.64 0.0108548 0.406676 0.0745132 0.0525683 0.0168392 184.753 0.000562004 0.0155636 1.12045 6.97411 2.3888 3.36849 
0.000275247 9.62519 0.00164975 0.434437 0.00614929 0.0327504 0.00594809 0.539301 0.00590011 0.214193 0.616527 63.8627 0.000399637 2.87088e-05 1.98248 11.5999 1.65191 5.48279 
0.18955 1.7148 6.96171e-05 0.00138694 5.86629 0.0369738 8.77387e-05 0.218719 0.00896167 0.0919641 6.48936 99.9984 0.000261845 0.000306909 2.03527 7.74392 1.17413 8.26827 
2.46773 8.60541e-05 0.0114524 3.62602e-05 0.00280273 0.0241385 0.0545524 0.376258 0.271655 15.7299 0.337475 31.9499 0.000265659 2.28219e-05 1.39845 36.9045 1.84183 2.41257 
0.00820719 1.21116e-05 0.474355 3.35715e-05 0.00394807 2796.48 0.335088 0.163071 0.286773 21.0804 0.262606 396.944 0.00365037 0.00751912 1.3674 2.22838 1.75953 7.63081 
2.28861e-05 0.635287 0.00475213 5.04771e-05 6.32923e-05 2.81091 0.000868424 3.45417 0.108336 0.0849671 0.0469253 401.392 3.85337e-05 0.0109036 2.1026 24.3354 1.14213 2.11357 
0.189978 2.07466e-05 1.57655 0.0277325 4.03504 0.271191 0.000991099 2.17431 0.244238 3.36809 0.0412069 353.969 0.0108921 0.000283621 1.3056 9.48324 1.74033 1.70004 
2.87211e-05 1.80754 1.03767e-05 0.0198902 0.363267 0.205327 1.92338e-05 2.30418 0.121069 2.23948 0.0796441 83.6359 1.26817e-05 3.47178e-05 1.30804 12.3016 1.53483 5.9222 
1.06513 0.450344 5.06123 0.176816 0.946324 13.5301 0.00370744 0.0357701 0.218035 107.422 1.28867 204.137 0.000828521 2.73021e-05 1.45954 19.442 2.12371 0.540306 
7.62837 0.131167 0.00049408 0.000425038 0.0338114 2027.67 0.000264797 0.24546 0.0388707 34.8739 5.10839 418.127 0.0148313 0.00253335 1.29638 6.05256 2.02004 1.11249 
0.0162062 0.589195 0.596823 0.00036315 0.000979513 0.976825 0.000178188 0.196993 0.348674 3.41059 0.0234706 183.05 0.00192645 0.00022691 1.94109 26.9774 1.22616 0.572062 
2.66902e-05 0.00486845 1.65471e-05 0.627178 0.000262888 265.977 0.00355091 3.09915 0.00611973 0.858462 8.32923 208.601 0.000180597 2.67835e-05 2.23447 38.9023 1.26198 0.367252 
