-583826.4746
-583825.6857
-583657.4706
-570777.1553
-566651.1121
-566531.1647
-564432.8735
-564427.3049
-561452.433
-559565.2045
-545881.6131
-545712.6092
-545703.9833
-541369.7308
-541328.9603
-541159.9544
-541159.2612
-541149.972
-540799.7221
-540330.0989
-540323.7363
-540304.8204
-540128.8384
-540071.9958
-539092.457
-538930.2705
-537263.9644
-537206.2063
-536961.9864
-535387.7495
-535386.3034
-534731.6189
-533309.8346
-533289.8974
-532541.5355
-532472.9819
-530380.1621
-525786.5814
-525270.9471
-523557.8922
-520543.1754
-520016.6464
-516940.6282
-516923.3702
-514790.0379
-513764.6334
-512733.741
-508035.818
-506504.3825
-506086.917
-504405.2466
-504391.7311
-504301.7973
-504019.4592
-503903.4577
-503496.0514
-500727.8072
-500310.9922
-500303.7341
-499518.8565
-498515.3722
-498312.4683
-495223.7888
-494000.929
-487947.0687
-487714.3788
-487610.6633
-487160.5372
-485859.4973
-480175.2013
-476155.0623
-475175.3342
-470815.721
-470754.7797
-467255.35
-466843.7619
-466765.3395
-466231.8238
-466031.1797
-465109.9601
-463918.1666
-463752.9608
-463352.2798
-462402.012
-462376.8193
-462004.6828
-461845.5193
-461737.7173
-461325.3758
-461317.8725
-455870.344
-454434.5515
-446331.0268
-444374.2
-443255.2952
-442296.1315
-441566.4256
-439703.5602
-439464.3099
-439451.2483
-439004.138
-438975.1392
-438624.5934
-438329.0871
-438137.8617
-433726.194
-432685.3976
-428970.2496
-427589.4529
-425683.4631
-422767.0062
-419127.2796
-418327.6939
-418296.5971
-416581.0901
-415838.392
-415833.558
-415794.6591
-414000.6651
-413129.1534
-412494.9822
-412493.6692
-411927.2454
-410159.4823
-409720.7802
-404889.7863
-403050.8395
-402000.6449
-400148.8901
-399945.3819
-399220.2365
-397146.7653
-395985.2762
-395144.8743
-394223.9215
-393485.776
-392910.035
-392113.3583
-391448.4984
-391230.7474
-390822.3114
-383609.4329
-379295.396
-378269.7443
-373346.5733
-373133.6441
-373103.3207
-371005.6669
-370482.408
-369870.0633
-369075.2524
-368910.107
-367087.6893
-367042.9284
-366891.2608
-366469.5008
-363521.7459
-363179.8691
-363164.3909
-361307.9079
-360463.0712
-360101.0776
-359107.3323
-358859.2716
-358301.5741
-358285.0977
-358252.6823
-354293.5585
-353021.274
-352632.3529
-352378.543
-351003.6144
-350200.3741
-346986.6077
-346168.5876
-345177.66
-344119.4151
-342053.886
-339682.5123
-338570.5814
-338521.2917
-338451.7601
-338422.4431
-338103.7041
-337285.5299
-335479.8927
-334801.6029
-333827.3674
-331093.2171
-331088.2229
-329244.3597
-327712.1283
-326988.5773
-326935.9426
-326803.8084
-326333.6903
-326078.4549
-323998.5122
-320374.9355
-318446.0122
-317614.2454
-315456.6495
-314904.2861
-314196.1347
-314148.385
-314087.5801
-311834.9683
-309874.0184
-307746.1587
-306721.1768
-305336.3483
-304923.0452
-304847.3051
-304419.1152
-304055.9705
-303565.64
-302075.8179
-302043.3247
-300058.53
-299705.9273
-299388.5137
-294909.8707
-294041.4245
-287652.3471
-286185.0313
-285917.8566
-285900.6796
-285799.1645
-284466.6395
-282417.232
-282214.0059
-281357.7206
-280467.4655
-280447.368
-279104.815
-278690.873
-277984.1045
-277539.538
-277398.0209
-276477.7495
-276288.9842
-276123.1295
-275378.6293
-275212.0386
-273817.9093
-271962.6073
-271251.8091
-269949.1783
-269676.21
-269595.0336
-269536.343
-268529.9778
-268100.4621
-265879.5264
-265763.0086
-265420.3073
-265245.2017
-264117.1293
-260198.423
-259736.3696
-257762.4023
-257488.3909
-257090.3916
-257060.1961
-256475.1622
-254807.1779
-254690.6456
-254249.5691
-253761.2506
-253026.194
-251386.217
-250432.9386
-249865.641
-247996.8967
-243900.1822
-243757.0788
-243101.0415
-242639.2172
-242614.3921
-242196.1391
-242146.5704
-242012.4663
-240713.5572
-240503.6401
-236541.8863
-235816.9785
-235484.4415
-233815.9576
-233648.8824
-233093.8789
-232690.3023
-231831.5073
-230914.0709
-228886.9634
-228639.054
-228545.2709
-228297.5999
-227173.4544
-226586.2639
-226415.7871
-226102.4319
-224387.0492
-222022.0865
-218868.5014
-218813.9902
-217821.4522
-217699.9587
-216880.5709
-215045.7375
-212341.7358
-211589.1394
-209733.7601
-209451.1913
-209331.1601
-209318.5753
-208263.8772
-208121.2547
-207579.7169
-204523.2646
-204108.1524
-203017.3999
-202903.2353
-202686.7343
-201912.3758
-201473.5104
-198793.5741
-198287.1385
-198143.0523
-195171.1442
-194541.0577
-193605.8557
-192986.5911
-190697.4079
-186528.8964
-186312.9459
-185764.1334
-184181.5168
-183578.4918
-182327.8741
-181748.1419
-181589.8012
-181267.5273
-181203.6532
-179355.1758
-178776.9631
-177811.6453
-177618.5365
-177071.3502
-174995.5289
-173831.2371
-172769.2467
-170239.3542
-167819.4649
-165505.8455
-164950.2671
-164314.4527
-163716.2612
-163400.9431
-163347.2157
-163086.4444
-162218.1764
-161805.9284
-160641.3595
-160276.2439
-159493.5304
-157877.7267
-155949.6547
-155929.5657
-154510.8334
-153314.3424
-153054.9431
-152330.6929
-151686.9844
-148918.953
-148479.3424
-144379.3297
-143845.4018
-140561.8223
-139998.9947
-139887.2243
-139211.0181
-139199.9583
-138581.6482
-137710.671
-137060.0503
-136955.85
-136742.9536
-136738.3806
-135775.3639
-135648.7614
-135064.9147
-134185.6529
-131943.7231
-131341.4868
-131297.5382
-129885.3987
-129871.3872
-129191.3424
-128657.7228
-128544.3779
-127125.8919
-126997.9275
-126210.4826
-124099.1558
-123556.3492
-122916.7746
-122510.7652
-122364.2754
-118494.9195
-117714.9773
-114888.2039
-114320.4495
-112674.0463
-110270.7027
-108642.5447
-107066.7463
-106736.7661
-105860.3115
-105556.9091
-104726.7733
-104260.1917
-101571.2582
-100536.8559
-98815.24079
-97955.77802
-97557.15011
-96799.78681
-96326.67542
-95772.34208
-94889.20107
-93938.48111
-93430.43301
-92494.2831
-92316.06803
-92038.60856
-91306.86682
-89603.76755
-86220.59577
-85751.68506
-84738.22292
-80762.72021
-79780.29431
-79609.43998
-79494.42279
-79170.71857
-78810.93153
-77094.9503
-74878.57699
-74769.95606
-73493.03157
-71773.35538
-70182.86319
-69696.2042
-69519.50893
-69137.40866
-67824.37371
-66376.60652
-65571.07873
-60041.18094
-59562.86556
-59288.50275
-59257.85456
-58483.72631
-58411.22849
-58095.05306
-56763.1298
-56392.61608
-55672.51392
-55665.54263
-55452.76219
-53747.12568
-51748.09668
-51592.86982
-51550.07332
-51433.79684
-50475.05217
-50247.13274
-49793.4876
-48201.38265
-48117.30437
-46349.64943
-45750.12668
-44226.07931
-44125.22132
-43661.3986
-41204.98085
-39138.26513
-38482.18319
-38419.52241
-35474.71605
-33974.60445
-32569.98692
-32272.00473
-30505.82817
-25249.44526
-24798.10276
-24492.40426
-22317.88227
-18546.93028
-16287.3644
