-167.5402947
-167.537525
-167.5352606
-167.5298849
-167.5289555
-167.5251403
-167.5241084
-167.523567
-167.5206499
-167.5202271
-167.5165245
-167.5158184
-167.5154291
-167.5101559
-167.5089869
-167.5082401
-167.5057198
-167.5053973
-167.504989
-167.5028563
-167.5013539
-167.5002729
-167.4991787
-167.4985819
-167.4983362
-167.4965658
-167.493206
-167.4921684
-167.4891216
-167.4888805
-167.4887287
-167.4872494
-167.4807032
-167.4802644
-167.4791356
-167.4778762
-167.4759883
-167.4746267
-167.4705423
-167.4694379
-167.4651816
-167.4634172
-167.4622617
-167.4469611
-167.4466977
-167.4463216
-167.445616
-167.4397529
-167.4351561
-167.4303624
-167.4299374
-167.4293352
-167.424164
-167.4197147
-167.4150614
-167.4118506
-167.4102975
-167.402794
-167.398977
-167.3951881
-167.3950395
-167.3943566
-167.3933478
-167.3927421
-167.3879133
-167.385189
-167.3840361
-167.383611
-167.3816115
-167.3811596
-167.379197
-167.3786468
-167.3768305
-167.3736564
-167.3725502
-167.3664466
-167.363122
-167.3622641
-167.3604961
-167.3598746
-167.3592161
-167.3525937
-167.3518534
-167.3515163
-167.351426
-167.3482603
-167.3441853
-167.3393791
-167.3371762
-167.3364194
-167.3355774
-167.3349912
-167.33432
-167.3272942
-167.3259204
-167.3211878
-167.3191976
-167.3153656
-167.3136806
-167.3113056
-167.3097614
-167.307847
-167.3057042
-167.3027991
-167.3025328
-167.3017731
-167.2980787
-167.2912547
-167.2899623
-167.2784518
-167.2772502
-167.2760166
-167.2659187
-167.2640916
-167.2629266
-167.2571412
-167.2542005
-167.2520849
-167.2518375
-167.2473584
-167.2429806
-167.2416681
-167.2401657
-167.2367762
-167.2295564
-167.2237833
-167.2222739
-167.2204253
-167.2194453
-167.215925
-167.2148481
-167.2086602
-167.2074353
-167.2060376
-167.2059087
-167.2052293
-167.2013333
-167.2009482
-167.1982263
-167.1961388
-167.1946255
-167.1835565
-167.1806738
-167.1724055
-167.1721291
-167.1708709
-167.1674172
-167.1606574
-167.1599013
-167.1593415
-167.1537921
-167.1502748
-167.1482573
-167.147618
-167.1470551
-167.1469258
-167.1446641
-167.1436931
-167.1435475
-167.1430598
-167.1400793
-167.1331385
-167.1326802
-167.1286686
-167.126974
-167.1187194
-167.1184637
-167.1154696
-167.1120068
-167.110297
-167.102911
-167.1028736
-167.1019556
-167.0982927
-167.0960245
-167.095467
-167.0953216
-167.0952939
-167.0910201
-167.0883179
-167.0868353
-167.085122
-167.0842544
-167.072451
-167.070805
-167.0688788
-167.0662312
-167.0605372
-167.0549742
-167.0446583
-167.0438091
-167.0432171
-167.0416119
-167.0389423
-167.0340986
-167.0332483
-167.0327802
-167.0298457
-167.029831
-167.0274312
-167.0229409
-167.0224653
-167.0223749
-167.0216648
-167.0190532
-167.0185504
-167.0125369
-167.0036046
-166.9968018
-166.9905562
-166.9887913
-166.9828735
-166.9773873
-166.9745601
-166.9740775
-166.9685908
-166.9605104
-166.9592558
-166.9580946
-166.9556204
-166.9531836
-166.9407275
-166.9373135
-166.9344487
-166.9341322
-166.932558
-166.9321812
-166.9292183
-166.9128741
-166.9117759
-166.9106577
-166.9094292
-166.9086711
-166.902431
-166.8958707
-166.8946125
-166.8750351
-166.8585327
-166.8555204
-166.8521224
-166.849184
-166.8472236
-166.8467493
-166.8439878
-166.8281922
-166.8187485
-166.8150826
-166.8142204
-166.8129538
-166.812246
-166.8070862
-166.7948636
-166.7889473
-166.7742758
-166.7734311
-166.7696479
-166.7592929
-166.7556385
-166.7518026
-166.7455972
-166.7436066
-166.7428455
-166.7395131
-166.7252334
-166.7185995
-166.7135774
-166.7045079
-166.6974357
-166.695249
-166.6952074
-166.6912408
-166.6896048
-166.6861651
-166.6805989
-166.6805719
-166.6802148
-166.6797949
-166.6797131
-166.6749128
-166.670098
-166.6661327
-166.6559259
-166.6554421
-166.6410846
-166.6366524
-166.6310796
-166.6245141
-166.6230038
-166.6227837
-166.6209576
-166.6203211
-166.6153445
-166.6126434
-166.6087629
-166.6047362
-166.6028107
-166.6005393
-166.5891837
-166.5837009
-166.5694259
-166.5692885
-166.5583949
-166.55286
-166.5443078
-166.5384737
-166.5380345
-166.5315292
-166.5275896
-166.5226904
-166.5163407
-166.5037124
-166.4997804
-166.4974578
-166.4954149
-166.4951435
-166.4866751
-166.473153
-166.4717114
-166.4708328
-166.4676926
-166.4643853
-166.4620886
-166.4571057
-166.4549267
-166.4535639
-166.4529194
-166.4523993
-166.4430138
-166.4406602
-166.4399363
-166.4176789
-166.4107138
-166.3999738
-166.3967717
-166.3900956
-166.3844943
-166.3790372
-166.3681324
-166.3636911
-166.3514062
-166.3408195
-166.3314256
-166.3185678
-166.3136563
-166.3114652
-166.3059564
-166.3020192
-166.3007806
-166.2953348
-166.282681
-166.2817333
-166.2769656
-166.2729279
-166.2724426
-166.2716798
-166.2605257
-166.2587868
-166.2410708
-166.233419
-166.2308302
-166.2293529
-166.2163021
-166.2131394
-166.2114289
-166.2111384
-166.2107627
-166.1989147
-166.1814248
-166.1776225
-166.1720652
-166.151586
-166.1372309
-166.1346669
-166.1222411
-166.1195806
-166.1085594
-166.1075186
-166.10729
-166.1061379
-166.0915127
-166.0789293
-166.0738885
-166.0708887
-166.0576702
-166.036043
-166.0259952
-166.0203846
-166.0103139
-166.006807
-166.0052874
-166.0051756
-165.9944216
-165.9898592
-165.978391
-165.9694763
-165.954292
-165.9475606
-165.940337
-165.934312
-165.9250981
-165.9166184
-165.9146451
-165.9061279
-165.8989993
-165.8859026
-165.8740886
-165.8714295
-165.870324
-165.8649578
-165.8511751
-165.8425414
-165.8368516
-165.8300456
-165.8194125
-165.8148281
-165.800132
-165.7745359
-165.7717538
-165.7660588
-165.7588336
-165.7454817
-165.7420457
-165.7410367
-165.735813
-165.7095226
-165.7066224
-165.6820095
-165.6809212
-165.6515636
-165.6463875
-165.6288526
-165.6273424
-165.5891602
-165.5879077
-165.5871453
-165.5826132
-165.5757914
-165.575704
-165.5595177
-165.5566097
-165.5470275
-165.5250433
-165.5108837
-165.4795276
-165.4513186
-165.4446694
-165.4350994
-165.433148
-165.4124097
-165.4066787
-165.4056109
-165.4038131
-165.3890527
-165.3849643
-165.3596052
-165.333925
-165.3296747
-165.3275469
-165.2939537
-165.2870657
-165.2785961
-165.2258262
-165.2191948
-165.174871
-165.1697288
-165.1271561
-165.048461
-165.0079273
-165.000416
-164.990428
-164.9686207
-164.9416099
-164.9312974
-164.918007
-164.8645409
-164.8638357
-164.7833077
-164.7605273
-164.7462284
-164.722985
-164.6898285
-164.637472
-164.5860044
-164.5414926
-164.4977549
-164.4708151
-164.3872404
-164.3572673
-164.2582343
-164.2025074
-164.1473743
-164.1423314
-163.907561
-163.5289082
-163.4607769
-163.4205824
-163.411257
-163.3676257
-162.9446124
-162.7973699
