7.51939e-05 0.751757 0.000172014 0.000573563 0.17705 189.296 0.000249948 0.217942 0.0780599 0.719114 0.343658 36.7611 0.0010137 1.20363e-05 1.50867 16.9851 1.33744 9.51303 
0.000616671 0.234149 0.725964 5.13122e-05 0.0045827 33.2703 0.000509254 0.402547 0.945561 305.923 0.135927 379.578 0.0369268 0.00012902 1.06172 1.94142 1.69354 8.34608 
5.70558e-05 7.24254e-05 8.59623e-05 0.00608119 0.286692 221.803 0.00012855 1.69315 0.022292 0.0710786 0.290288 271.947 0.000128574 0.0181588 0.919769 12.347 1.96823 3.42569 
1.26109 5.63251e-05 0.972074 0.482955 0.00236739 9.2147 0.00741106 0.330077 0.0238873 6.34423 7.25392 388.899 0.114697 0.00368557 1.31629 9.87103 2.36528 1.33302 
0.000258833 3.57331e-05 1.07106e-05 7.67436e-05 0.000985899 110.973 0.273749 7.84652 0.00937647 0.0831788 4.34305 265.56 6.16022e-05 0.00580903 2.09539 12.5899 1.08088 9.64076 
5.99295e-05 0.441289 0.000760165 0.0966001 0.0004145 12.5341 0.0558461 0.919288 0.0801289 1.09677 1.07218 106.518 0.00041916 0.000205911 1.14859 9.73052 1.18893 3.99515 
2.08209 0.290726 0.0669055 0.367278 0.000470941 0.641922 0.932416 0.444607 0.350017 3.68189 0.0663887 91.9389 0.000587245 0.00417318 7.18009 41.5696 0.96563 1.25462 
0.0115498 0.00118452 0.0129797 7.37116e-05 0.0452188 119.2 0.000908856 1.63776 0.0492486 0.720176 1.83669 13.319 3.81548e-05 0.000229407 1.19266 42.1711 1.58492 6.69463 
1.86826 0.0511385 0.0029774 0.00842323 3.7981e-05 134.098 0.0145046 0.511167 0.701121 8.90454 0.0542293 138.955 1.31226e-05 0.0303211 8.46589 34.396 1.23641 0.869114 
0.266778 0.0012879 0.0670095 0.461019 4.1123e-05 7.85965 0.00434961 0.916986 0.0567805 0.116202 0.154037 215.687 0.000454162 0.00750177 6.794 36.009 1.0993 0.501321 
0.000757384 0.00310609 0.126692 0.00135197 0.000392491 0.535898 0.00577697 0.0488902 0.0107919 0.0114156 0.215535 69.2548 0.00751064 6.72314e-05 3.33602 10.9285 1.09564 4.56594 
0.0392591 0.555981 9.94351e-05 0.00383793 0.315418 53.9245 0.000120297 0.306745 0.736226 65.1362 0.265174 105.903 4.07118e-05 6.25998e-05 1.43286 39.9694 2.93977 0.748738 
0.00158785 0.377155 2.32524 1.75905 1.58638 0.249151 0.00046977 1.60738 0.068478 0.151042 0.287503 134.689 0.0700826 0.000329356 2.71177 48.7979 1.43047 1.20831 
1.72497 0.00252284 0.00295023 0.336405 7.62676 62.3796 0.400296 0.426792 0.0453063 5.63208 0.956692 458.451 0.00104669 0.0789356 2.13548 1.82666 1.49913 7.76683 
1.23665e-05 0.011678 0.826861 0.00142959 0.000109255 42.9975 0.00124172 0.221147 0.015738 1.47896 0.505047 379.781 0.116021 0.0118689 1.57378 23.4404 1.80317 1.66845 
0.00206869 0.103861 0.45248 0.0053301 7.55639 0.147274 0.00769139 8.61801 0.142726 15.9806 3.50768 250.5 0.00665401 1.28174e-05 1.32055 10.268 1.39139 4.00218 
0.632007 1.77672e-05 9.43793e-05 0.000151798 0.154762 1893.81 0.732391 1.26777 0.0691601 0.658647 0.259751 78.3293 0.000195329 0.000165482 4.26421 35.718 1.42945 1.71321 
0.000637626 9.69595 0.0157265 5.73451 0.00262719 0.419434 0.0300906 0.125325 0.0356159 0.487488 0.422855 29.1517 0.000311058 8.37104e-05 1.71934 27.7322 1.52154 3.80633 
2.62602 0.00372035 0.0241772 0.0226906 0.00102462 0.542223 4.49389e-05 0.263533 0.024545 2.59518 9.6436 337.143 1.93865e-05 0.000226521 1.09262 8.78817 3.11141 1.42622 
0.403795 1.94213 0.000137197 4.52766 0.000183245 1692.89 0.121703 0.4723 0.0100612 0.018718 1.67368 124.729 0.00155331 0.00560646 5.69679 26.1674 1.09238 1.47038 
5.21969 2.92869 0.148607 7.38979e-05 0.000720818 2533.74 0.00996719 1.82774 0.238638 2.48806 0.791678 58.4865 0.0210985 0.00168743 0.870122 13.2479 1.67854 4.35872 
0.400563 0.0431038 0.301654 1.2287e-05 0.860865 1.77119 0.0616685 0.428578 0.339452 2.3795 0.161597 239.019 1.87197 3.07197e-05 3.05657 3.67399 1.30648 2.90205 
0.000384764 0.00147347 1.0493e-05 0.00105043 5.12172 154.327 3.65836e-05 1.92156 0.0822694 71.9907 9.95111 291.848 0.110781 0.00826753 6.20177 12.4208 1.08169 2.41338 
0.104052 1.04851 0.00721925 0.000734037 0.000213079 497.696 6.15097e-05 0.186056 0.0653858 0.242069 0.0317002 21.2668 0.0887316 1.3552e-05 2.99898 31.5962 1.17095 6.12892 
0.0141813 2.41592 7.90176e-05 0.00656042 0.0129173 413.977 0.000174545 2.62268 0.0112878 0.01206 3.10391 302.774 0.000105395 0.000231283 1.10353 26.4084 5.46831 0.880608 
0.435249 8.81798 0.424649 0.00184898 0.453857 52.4638 0.00040596 1.18317 0.0139925 4.35446 2.93873 222.008 0.0267466 1.67056e-05 0.865143 12.997 1.6566 2.26119 
0.00111932 0.0341045 0.797893 0.00620172 0.200254 6.86588 0.000754261 2.21012 0.455362 344.652 1.08176 81.2565 0.104907 6.89584e-05 1.71863 10.2688 1.46731 6.32475 
0.00383055 0.023042 0.606318 0.0131687 0.00172504 0.0459841 0.178701 1.26399 0.888286 449.187 2.35946 55.4991 0.00501954 0.00183115 1.43992 47.4591 2.11922 2.28442 
0.0346381 1.99436e-05 1.08081 0.296943 0.00574036 8.11315 5.20069 0.153184 0.031139 0.0500936 0.135997 404.651 1.21984e-05 0.0372069 3.16924 7.94409 1.51186 0.723682 
0.00435507 0.03527 0.102366 5.46103e-05 9.53797 0.0245789 0.304874 1.61121 0.00163604 0.0282953 0.195464 186.578 0.000244415 4.30711e-05 0.820666 9.67695 2.0861 1.89188 
2.31126 1.47048e-05 0.00594819 4.51375e-05 3.0844e-05 1.06691 8.41217 1.98998 0.0219549 0.786767 7.72655 262.817 2.45565e-05 5.55518e-05 1.76783 25.5874 2.25995 1.15614 
0.031011 0.00105854 0.0775895 0.000127965 2.61966e-05 198.271 1.67186 0.181791 0.168722 2.86441 0.196626 189.066 0.000368195 1.55223e-05 7.22685 44.1735 1.42641 0.564965 
3.82668e-05 0.0800285 7.62579 0.437328 0.00116556 0.183145 0.00121216 0.100208 0.343322 140.799 4.12871 190.912 0.00181729 0.0502979 2.83603 7.26699 1.34465 7.85766 
0.000447343 0.00106006 0.045214 0.000660645 0.00155781 2.23504 0.000133856 0.224586 0.0749842 0.821633 0.451572 218.253 0.00113839 0.00165664 2.50426 9.43061 1.26183 1.485 
0.007431 0.0448332 0.00139905 0.498735 0.0188501 7.06124 0.0038725 1.63022 0.0294197 0.0250371 0.029948 141.756 0.262507 0.014988 1.46238 24.7302 1.89863 1.89222 
0.011598 0.0582677 0.000528784 4.86731 0.37219 643.538 6.16939e-05 1.47885 0.0611026 1.36451 1.69423 479.461 0.000758796 6.88125e-05 4.77362 18.5204 1.04796 1.51126 
0.387599 3.6244 0.000385668 2.7585e-05 8.48209e-05 0.0398897 0.0324074 0.891622 0.233908 31.1872 0.0096431 152.933 0.00518609 0.000936967 1.61702 19.897 1.67876 1.12562 
0.000229839 0.327602 0.0348679 0.00563354 0.000378644 47.2747 0.000543928 0.312769 0.0198464 0.123436 3.55805 296.659 0.00491414 0.000826611 4.9519 42.6502 1.67573 0.148518 
3.01562 0.000109323 0.0971379 0.163258 0.000115572 2584.49 1.896 1.7582 0.777311 12.2296 0.209385 283.12 0.00027613 1.60028e-05 1.84278 5.65477 1.20118 9.37677 
3.36419 0.000111652 0.135382 7.08468 1.3858e-05 1.62387 4.99087e-05 4.51565 0.16341 0.893292 0.0258399 117.906 0.00152605 1.67136e-05 0.996411 16.7508 1.43943 6.42224 
5.32144 0.0106751 0.000337218 0.000368501 0.000865966 136.801 0.000182562 1.12496 0.00571011 3.63871 8.21775 362.36 3.35527e-05 0.00109701 1.2523 3.16232 1.17832 4.59551 
0.00293756 2.55008e-05 0.000377126 3.28278 0.794638 0.0364402 0.000382257 0.853854 0.00421552 0.0780527 0.341796 32.1679 0.0348473 0.00507152 1.06219 23.0033 2.14608 7.65176 
1.07535e-05 0.000285502 3.49231 2.89384e-05 0.000111953 185.275 3.47e-05 0.127271 0.271103 15.6107 1.20179 14.6797 1.99467e-05 0.00994707 1.93181 19.8697 1.05607 8.47523 
1.99119e-05 1.01078e-05 9.99745e-05 0.069397 7.26461 275.413 0.342435 1.75727 0.145815 9.07252 1.27 120.642 9.35803e-05 0.000173994 6.58379 39.9333 0.896109 1.58349 
0.0338923 0.000734808 0.00484268 0.000107375 0.00606722 0.676709 0.256621 7.47117 0.0320178 16.8962 9.03295 226.793 0.180477 0.00241211 1.12143 40.1563 1.90488 1.17464 
2.40049e-05 0.000141524 0.00301098 1.181 0.00649699 1955.56 4.59434 3.67935 0.240444 203.41 5.41075 440.198 0.00369222 0.0197954 1.8202 38.1815 1.77192 0.444573 
0.00327667 0.0910929 0.000812501 0.137789 0.00799994 336.726 0.0483371 2.94277 0.154851 1.44266 0.208493 99.3368 0.048252 5.02827e-05 3.40512 23.9991 1.22811 1.95546 
0.00397346 0.0750885 1.1206 0.000459782 0.074685 120.141 0.00934414 3.45981 0.476608 5.85971 0.152256 66.4765 3.70345e-05 1.12921e-05 2.89312 35.4439 1.30035 1.63818 
2.30405e-05 0.0103614 0.032042 0.0119908 0.01732 10.2046 0.00125783 1.71773 0.447371 1.90266 0.0913925 499.716 0.000276618 0.00248198 8.59232 6.90669 0.927489 2.23883 
0.313133 0.174695 0.000596994 1.93467e-05 8.47143 0.244541 0.285339 0.166278 0.0655923 0.0936326 0.0360926 242.982 1.12056e-05 4.84428e-05 2.73879 12.8755 1.09324 1.02862 
2.08764e-05 6.09571e-05 0.0482427 0.0251934 1.24785 40.1009 0.00295176 2.89125 0.308935 287.823 2.34866 231.305 0.0312482 7.88639e-05 1.56646 9.93143 1.53565 2.3798 
0.000683808 7.86256 0.000152739 0.0346831 0.00651124 120.395 0.000372421 1.08093 0.445426 6.44979 0.0826232 109.052 0.268401 0.000958407 0.900441 46.8421 1.75215 0.642368 
0.00946023 1.73284 0.00871571 2.10661 0.722879 0.191948 0.000524808 3.14316 0.0313759 7.92074 7.02552 492.333 0.0611873 0.000440732 1.57985 3.45669 1.11472 2.35146 
0.0674402 0.0156211 0.225084 0.000156767 1.64741e-05 1.62678 0.000410591 1.20093 0.0158811 0.117877 2.16229 66.6249 1.5768e-05 2.25513e-05 1.71408 32.4163 1.60996 7.27579 
4.27614 0.0540394 3.36602e-05 3.00865e-05 0.173165 619.739 0.000251173 6.28617 0.62925 1.10324 0.00899853 470.549 0.790816 3.19275e-05 4.77577 36.1353 1.27248 0.946741 
0.00502247 0.189853 6.03743e-05 3.93816 0.00012195 3.70296 0.0157065 0.214436 0.119184 90.4171 0.598454 82.3973 0.000172854 0.000100954 1.08446 36.19 3.00511 0.849267 
0.000151788 0.000623388 0.13209 0.302001 0.0179015 2.18167 0.00679507 0.566355 0.59972 0.302564 0.00273185 381.375 4.74932e-05 0.000637643 3.57341 4.69263 1.26892 1.5403 
0.000598674 0.0988301 0.00712583 0.000212716 1.36865 0.0881359 1.17882e-05 1.01376 0.400611 43.1788 1.30801 214.442 0.00030753 0.00416062 1.71799 4.56808 1.8353 5.36171 
0.000201172 0.00065589 5.25405e-05 1.42865e-05 0.000176103 487.208 0.0666151 2.76307 0.0735843 0.113727 0.219983 255.744 7.37944e-05 0.00668927 2.11024 19.6159 1.22065 3.54398 
1.16349 0.203995 0.0620953 1.86384 0.001956 506.894 1.87801 1.13152 0.096407 47.7541 7.87425 223.104 2.77943e-05 0.0295436 2.25204 23.6354 1.41357 0.735237 
3.70217e-05 5.76639e-05 0.0442633 2.47789e-05 9.3754e-05 4.17192 0.00176764 0.562089 0.192084 5.72602 0.453435 148.386 1.07679e-05 1.62929e-05 1.06645 7.25681 2.31386 6.04697 
0.00464784 0.772139 0.00610833 0.00198438 8.97918e-05 1011.95 0.00244225 0.485556 0.243971 0.250026 0.0186892 317.802 0.0235719 0.000539952 5.51641 16.8872 1.15166 1.36282 
2.90457 0.0149437 2.30363 0.200609 0.026218 3.92151 0.14428 0.426049 0.222215 0.0485301 0.0132753 202.098 3.65654e-05 1.94593e-05 0.986832 12.249 1.70508 1.65568 
7.93156e-05 1.29397 0.00301352 0.203743 0.0282447 0.036256 0.000287125 1.2997 0.00259308 0.151786 9.52801 10.9858 1.57278e-05 0.00122389 1.20801 46.9918 1.29871 5.17929 
0.0916529 0.371151 0.000108615 0.154539 0.0012773 1.04682 0.976293 1.4411 0.574534 29.8657 1.8478 395.651 0.00139851 0.0232003 1.75906 34.3459 3.04792 0.130726 
2.42446e-05 0.362496 0.00160272 0.11538 8.10018 0.723879 0.00955191 1.83684 0.0234055 0.973571 1.93766 61.6997 0.0030283 0.000158998 1.9922 11.642 1.79777 8.23857 
2.75745 0.000573963 0.734642 5.65489 0.202171 0.0146087 0.000402853 0.986779 0.0214642 0.238665 0.185914 57.9404 0.0421546 0.0280431 2.95912 14.6663 1.05746 8.86014 
0.356326 0.00221794 0.00180559 0.00106773 0.0976852 246.536 0.504655 0.640463 0.0684857 0.0174556 0.0231424 344.253 0.0777814 0.00631901 1.17876 3.81655 2.44973 3.19712 
5.51887 0.000664241 0.00190821 7.96641e-05 0.236472 1.78623 0.000472186 1.31669 0.202749 0.123458 0.00250807 22.7625 0.000497548 1.21043e-05 2.05159 21.0049 0.97882 8.36688 
0.115092 0.0756706 0.00076942 0.670049 0.000238614 1.10166 0.0187397 0.504827 0.423129 20.9722 0.0461286 73.757 0.00143729 0.00330595 2.32384 10.793 1.07754 8.81252 
0.00182072 0.358022 0.000149193 0.000878056 0.0342694 1357.23 0.034125 0.881714 0.662711 28.6035 0.322148 313.03 1.80997 0.00296825 0.985105 4.53166 3.79779 6.79306 
0.103206 0.00180103 0.000723854 8.70275 0.0633784 0.107327 0.000131224 0.711982 0.327525 76.9214 2.35034 347.636 0.0244186 7.83359e-05 1.84646 2.89497 1.01046 3.25718 
7.23614e-05 0.00016002 0.147443 1.14131 0.358334 955.867 0.0116683 0.973722 0.0174549 0.0459805 0.238766 172.228 0.000202471 8.76087e-05 1.72373 9.11383 1.2357 2.25591 
1.56973 0.000513703 0.692432 0.00250089 0.0700013 1093.66 2.43114 8.97098 0.137365 9.80637 5.99344 338.903 0.0622546 0.0002559 1.0412 30.0329 1.58525 8.2099 
0.0892552 0.0181604 1.50095e-05 0.575727 0.000119144 5.72744 0.000461325 4.03357 0.00737585 0.0265229 9.88133 351.126 7.41816e-05 4.97857e-05 1.04268 10.919 1.53594 2.07857 
5.91909 0.000328995 0.205553 2.15552e-05 2.63522e-05 1338.32 0.0406229 0.258574 0.0182697 2.06995 3.80679 21.6216 0.0148804 0.00476115 0.895429 33.1464 2.91871 4.05091 
0.986612 5.70464 0.00861129 0.54298 0.737072 587.552 2.39012e-05 0.383442 0.166582 28.972 2.49954 285.034 0.000182656 0.0135013 1.11695 41.7786 3.54959 0.312979 
0.0150091 0.223682 0.000345978 0.000118969 0.00343188 1694.25 0.0289509 0.281992 0.0139791 2.44766 9.61002 437.185 0.00122995 0.00220522 7.36671 9.59339 1.05193 1.14004 
0.896077 4.51287e-05 0.000179076 0.311584 3.97875e-05 1047.07 0.000348949 0.576917 0.165007 11.0396 1.71999 71.7047 0.0170807 0.000138611 2.90451 35.5052 1.53183 1.5357 
3.41842 0.000137668 0.000123438 7.1655 0.148582 0.0551278 0.0019336 0.184094 0.0325956 0.639305 0.22005 364.985 3.23912e-05 3.35272e-05 6.13734 11.5176 1.38017 1.05629 
0.0418369 3.76619e-05 0.00711837 3.1607e-05 0.00032925 304.607 0.045453 8.33651 0.032364 0.113158 3.78118 329.736 0.021045 0.0126955 2.04909 26.9301 1.95103 0.828425 
0.000163612 0.00274729 0.00901304 0.000649673 5.17512 25.1131 3.6845e-05 0.0944304 0.0154433 1.48364 5.29124 26.8713 0.000250023 2.348e-05 2.7067 32.1294 1.23887 5.91911 
0.00538419 0.000363399 0.000704546 0.000245067 0.181156 2270.05 0.333758 2.83618 0.0224551 1.40077 3.21043 179.335 0.00905999 0.00192784 4.26416 44.0656 1.06943 1.27864 
0.00115102 0.110238 0.0387471 2.83978e-05 7.32911 3.63815 2.6673e-05 0.339668 0.0255574 0.0417476 0.118321 120.746 0.0001002 0.00673448 2.91926 7.85016 1.09947 6.76455 
0.000708209 2.53474 4.00098 0.00525691 0.00133827 0.0983173 0.000247063 2.10711 0.0321557 0.0873211 0.128408 183.609 0.000645898 3.46461e-05 1.55951 6.25495 1.5769 6.67473 
0.958866 0.0154612 0.166178 9.75412 2.73013e-05 0.0671973 2.68845e-05 0.213083 0.110193 3.01361 0.186858 94.6617 1.56899e-05 0.0288254 6.85034 39.5825 1.1606 1.65283 
0.0148955 5.58259 2.35097e-05 0.0017482 0.00934083 0.0918468 0.0013732 0.156546 0.309576 1.66545 0.0204612 99.3839 1.01704 0.000720283 1.34054 11.4568 2.25557 6.23582 
1.66689e-05 1.58396 0.000999625 3.96591e-05 0.000200955 424.147 4.3598e-05 0.0344593 0.00677703 0.0835975 0.743672 75.8666 0.0496709 0.000207242 8.45422 42.0089 1.08166 2.68728 
0.00361414 0.001913 0.744395 0.41345 0.536315 1164.32 1.62481e-05 0.455326 0.688652 23.6106 0.126441 150.666 0.309962 0.00617453 0.905167 17.8314 1.92044 2.05176 
1.51996e-05 1.21725e-05 0.00955985 2.77128e-05 0.00418376 34.9863 0.000145062 0.816076 0.0320158 0.129999 0.582231 315.522 0.0577965 0.00190281 2.16912 9.0427 1.35312 9.39203 
0.0051096 4.26644e-05 0.000222102 0.0670356 0.000853653 2.91074 2.1775 6.06412 0.0894175 2.10108 3.75829 483.401 0.123049 1.29803e-05 2.16501 11.5499 1.51667 2.73787 
0.177068 9.42153e-05 0.0422973 6.98691e-05 0.00776307 39.2882 0.0330369 0.428658 0.350527 25.5052 0.84597 93.5014 0.00169483 1.57201e-05 1.75234 9.82994 1.93757 8.43308 
0.303228 0.0138592 1.30941 0.00666735 0.0310792 775.093 0.00948554 0.0983422 0.0209972 4.51571 6.29305 108.591 0.000147727 0.00044737 5.01685 20.4239 0.986636 0.786359 
8.9751e-05 0.000389597 5.84206 0.000270268 2.40206e-05 6.76801 1.0203e-05 0.046546 0.154099 5.25164 0.272128 71.7442 0.00830669 2.95034e-05 0.97463 11.7028 1.439 7.16399 
6.17961e-05 6.16012 8.19607 0.000430379 1.91924e-05 0.105683 0.0147669 1.42807 0.0819552 0.662005 0.536505 88.5591 0.0230141 1.55494e-05 3.97185 25.521 1.04797 2.4359 
2.91074 7.16223 1.80836e-05 0.000111805 0.00533223 0.116523 1.12694e-05 0.0940846 0.155904 63.1471 1.26913 489.291 0.869433 0.000281278 1.28105 17.9959 2.489 0.168061 
0.14893 0.000399164 0.000174388 0.00113794 0.888967 0.034891 4.68644e-05 3.9015 0.0141511 0.684019 7.7422 181.504 0.000106334 0.0210984 1.20422 21.9716 2.10828 0.595626 
0.0202903 0.0365907 0.00237148 1.50031e-05 0.00103016 0.0499333 1.0707 4.33038 0.0166869 0.0170478 1.90537 115.383 0.00174265 0.00742561 1.38144 38.4531 1.50747 0.613017 
0.149324 0.467533 0.313635 0.591999 0.0977759 0.0152813 5.52765e-05 0.335648 0.95903 5.68903 0.0322023 67.5928 0.0708914 0.0316832 1.10332 16.8942 2.90868 3.04225 
5.84722 0.00513886 4.04059e-05 0.0202028 0.789222 0.646672 0.000138558 3.51064 0.764051 165.648 0.76378 201.833 4.98316e-05 0.00653308 1.85607 8.51026 1.07458 2.32324 
1.9931 0.00598458 0.00012074 0.00440862 2.93747 0.106256 2.83628e-05 3.01385 0.155704 0.374658 0.119783 85.0225 0.00119179 4.41832e-05 1.14534 35.1693 1.57703 2.22992 
0.086558 3.57675e-05 1.26681 6.60587e-05 0.121006 15.3615 0.000452161 0.0826309 0.0579824 2.69109 0.782237 45.3769 0.28776 4.28098e-05 2.29013 20.3395 1.58588 6.26912 
0.0098976 0.0610233 0.0286368 1.8527e-05 0.138181 0.0332336 1.69029 4.74958 0.01677 0.0325027 2.30068 82.7517 0.00466718 5.47616e-05 1.6959 18.866 1.27577 2.63577 
0.00075008 0.000426155 1.95307e-05 0.0403968 1.80548 1.14016 4.63752e-05 0.455462 0.165521 7.76165 0.0507542 156.094 0.0201495 0.031543 1.74191 24.2225 1.83644 0.686559 
0.00848905 0.212324 2.47311e-05 0.0022718 0.391205 0.145469 0.000795067 0.447775 0.0117584 0.0635431 1.05737 458.09 0.00014151 0.00881241 0.93417 39.92 2.85619 0.185211 
0.00102652 0.0143999 6.60969e-05 0.0350598 0.143569 0.649649 0.0140347 2.98361 0.114365 110.143 3.34085 409.235 0.0461479 2.48467e-05 3.86687 4.37062 0.930855 2.5184 
0.365754 0.00487521 0.851318 3.37739 0.000209797 886.236 0.00230264 1.09484 0.198755 2.4455 0.149322 28.0489 0.0591497 0.000329161 0.807576 42.6791 1.08061 6.25023 
0.00919915 0.000949774 0.57493 0.00010393 0.000138779 42.942 0.0299823 0.33188 0.149468 14.2692 0.546104 162.983 0.98357 0.0141289 2.66814 9.83292 1.2327 8.38883 
0.0655405 0.13949 0.0291805 1.16688 8.24122e-05 1018.89 0.00238919 0.990872 0.249414 4.17956 0.0265214 40.4425 0.000330305 0.00299799 0.724439 28.5929 1.86955 2.43771 
0.0204594 0.108442 0.000458622 0.0473562 0.00103858 552.158 0.274951 0.865349 0.0805084 0.202633 0.302649 320.375 0.0196226 0.00424365 1.093 2.88638 2.04789 2.60178 
0.000541123 0.0205092 0.00102545 0.00260753 7.37957 0.185855 0.0297824 1.71996 0.444732 118.954 0.465134 72.6372 0.000245118 0.000294033 1.2785 12.0186 1.03901 4.96445 
0.110953 2.36457 0.00119139 0.000514218 0.000351914 280.384 0.0153544 0.466803 0.506376 51.522 1.41543 493.082 0.0364494 0.0282856 3.71686 1.63963 1.06798 8.56255 
0.000628978 7.69016e-05 0.000541152 0.00653981 0.000143662 2.14525 3.63721 0.443899 0.0357459 3.29562 1.45504 10.8604 0.0116075 0.00178229 1.74844 39.1966 1.55993 8.08559 
0.00121616 0.168341 0.000823662 0.0128062 0.000147724 437.124 0.000807807 0.401869 0.0763068 0.286899 0.435764 59.848 0.0996166 0.000119192 1.29345 11.9376 2.20104 5.28177 
0.156064 0.823801 0.307301 1.61059e-05 0.00024463 63.7325 0.000174879 0.049065 0.0181829 0.127456 1.89894 166.37 0.000284622 0.000530333 1.96719 4.43315 1.18156 4.57492 
3.00339 0.0458324 0.0209441 0.0183675 4.10889 0.0486826 0.285072 3.28832 0.304222 26.4632 0.25838 459.709 0.853038 0.00103858 2.29975 1.75751 1.10427 8.08603 
0.00168216 0.000978824 0.112715 0.011822 0.224108 1.81045 0.0028818 0.156 0.0926189 32.6228 3.03656 193.598 9.35384e-05 0.00741481 4.43365 4.84531 1.01771 8.60642 
1.29849 1.18322 0.00202029 2.53721 0.00497217 44.0464 0.235873 5.24601 0.222918 2.29962 0.108342 214.953 0.023007 0.00171787 1.2403 8.63425 1.82706 2.98698 
1.80479e-05 0.325577 0.0014282 2.2555e-05 4.5951 4.12915 2.23623e-05 1.54063 0.120694 9.73027 1.55715 269.565 0.0533793 4.01961e-05 0.745739 24.5565 4.35471 0.779651 
2.00657e-05 2.11969 0.00361856 0.492904 1.26774 309.611 0.000259472 0.392766 0.0459751 0.07669 0.136454 98.1545 1.19123e-05 4.19952e-05 1.41898 16.2134 1.21856 1.52889 
0.000899866 0.0331875 0.0139289 0.762697 3.48683 3.01546 0.0149931 0.652271 0.518507 193.469 1.29397 317.051 1.54282e-05 1.66974e-05 6.43786 5.713 0.925223 3.48681 
8.72615 1.47243e-05 0.0101452 5.13376 1.09415 1.29974 0.000708766 0.446259 0.0916928 134.11 9.17417 60.8287 0.324479 0.000527353 1.23389 13.0981 3.0921 8.84301 
3.36308e-05 0.0397869 0.000162658 0.23722 1.51693 39.2528 0.344115 1.41636 0.136004 0.215648 0.000931171 112.038 0.00632086 9.10333e-05 1.13262 44.0117 1.55355 0.989295 
0.107101 1.88717 0.00891347 0.000321401 1.6064e-05 6.2903 3.55315e-05 0.729552 0.0127077 0.115232 0.475141 474.484 3.42853e-05 0.00643557 1.5405 46.9985 1.47154 0.185742 
0.00708636 0.00725482 0.000170664 0.0597428 0.160494 1053.5 9.67749e-05 1.76371 0.129921 4.24043 1.20743 246.002 0.00488895 1.15492e-05 1.60757 5.88113 1.1152 7.0417 
0.00065359 0.026309 5.57429e-05 5.32251 0.00107639 0.530054 0.00260192 0.405303 0.794946 7.6455 0.0365673 478.542 0.00205599 0.00541801 1.12237 10.9915 4.44953 0.767052 
6.3512 0.150174 1.17156e-05 0.00233484 0.614794 18.2544 0.00035469 1.51181 0.0162236 5.67001 6.53159 84.3604 0.00110873 0.00308852 0.841533 26.885 2.34201 1.84391 
0.00638748 0.0693957 0.0514413 0.00125223 0.124977 15.398 0.0218741 0.688345 0.275272 6.39931 0.649448 286.677 2.35658e-05 0.000307145 2.41745 6.24546 1.73549 1.10477 
0.389588 2.28361 7.32527 1.25724e-05 0.188185 0.987542 2.23454e-05 1.65146 0.024427 0.0803315 0.176025 317.209 0.000339706 3.60424e-05 0.942951 9.55379 1.76511 8.40511 
0.0178985 0.353679 2.39979 0.000102587 0.000245725 191.138 2.1611 3.53868 0.00504105 1.90625 8.16172 42.6052 0.000916413 0.00015004 0.682358 44.589 1.23103 2.75721 
3.29276 0.000573524 0.000144114 2.27379 2.38246e-05 56.2785 0.316183 0.430828 0.224526 11.6692 0.248659 57.4245 0.00547826 0.00113883 0.965039 12.7839 1.63827 6.98643 
0.00739728 0.503771 0.0405302 0.313779 0.00567787 1119.81 0.000733974 2.44864 0.108024 7.89283 7.74677 99.82 1.031e-05 0.000485422 1.27321 14.471 1.43766 7.53631 
0.000518358 6.01621e-05 7.09293e-05 0.00871135 0.0801256 0.1729 0.000127832 0.781075 0.867406 1.3137 0.0266812 204.085 0.936142 0.00525999 4.10301 30.5554 1.41717 0.462414 
0.0113692 0.000151096 0.000865097 3.4635e-05 0.188733 1558.24 1.38671e-05 1.30117 0.171513 0.949608 0.0200112 414.541 0.0521399 5.41632e-05 1.05841 20.1181 1.76474 0.416346 
9.85649e-05 5.81954 3.18122e-05 0.0674017 0.00412765 7.70642 0.149353 2.6982 0.0158789 0.198393 0.622583 357.15 0.0990284 3.15882e-05 2.65817 9.5686 1.19731 4.60129 
0.000376929 0.0124664 0.0009779 0.0409126 0.0551091 108.314 0.0282311 2.65325 0.172523 3.93492 0.510271 365.926 0.0281459 0.01602 3.45384 43.3598 1.26726 0.929839 
0.00135826 9.73738 0.00426895 1.95422e-05 0.00335553 0.350582 0.00735666 1.80072 0.0350845 0.968533 7.88657 174.861 0.0157354 0.00755445 1.04201 6.64526 2.58064 2.32145 
0.00945246 9.35685 0.00499616 0.0618139 0.0323104 0.848023 0.322808 0.640301 0.070752 18.3255 1.28468 93.3745 5.12838e-05 0.00036879 1.56613 26.8359 2.10967 1.3823 
0.0741293 0.0616579 0.000484373 0.00187959 0.000663294 1.11043 3.10137 1.89706 0.00432707 0.0159862 3.38296 165.502 0.004179 0.00325583 1.47868 5.96463 2.10483 7.77635 
0.000331111 1.61628 0.000179916 0.939025 4.13454e-05 322.359 0.00201883 2.40126 0.073798 3.37793 1.4088 270.72 0.00562132 2.3718e-05 1.58408 11.0279 1.51825 4.50426 
0.000109239 0.0101525 0.00651506 0.000156053 0.00102402 1.36645 0.218473 1.71299 0.208653 0.882284 0.576186 400.218 0.00119667 3.01147e-05 1.2556 8.60928 2.42491 0.648873 
0.000178221 0.872066 0.0196537 7.84868e-05 1.57268 7.06418 0.0153442 0.112106 0.00592024 0.0184245 1.81556 282.87 0.000481639 0.013497 1.09444 4.47649 2.94085 3.04671 
7.4702 7.19816e-05 0.00578464 0.14202 0.00250403 0.0284288 0.000293595 0.78906 0.307344 2.59371 0.0248758 207.747 0.112704 0.004194 1.14749 28.3079 3.57511 0.724279 
6.51166e-05 0.00158367 0.09257 0.000131375 0.000163525 0.879489 0.00160376 0.566548 0.047063 1.92645 0.558456 393.099 0.0981143 1.20513e-05 6.67195 45.6458 1.1426 0.377174 
2.09454 1.06983e-05 0.000204618 0.000121397 0.000244183 0.0306397 0.565724 7.77903 0.072263 2.07528 5.0991 189.656 0.000104071 0.00185712 9.23146 42.2351 1.18649 1.72015 
0.487643 0.0876572 0.000338539 6.20929 0.00575726 32.0471 9.83615e-05 2.23255 0.0463544 0.531814 1.23259 79.1655 8.67597e-05 0.00745137 1.82321 18.4983 1.41826 5.27485 
0.0552122 0.0706176 0.0420309 0.00210731 0.000123267 11.5884 3.31079 3.29702 0.762276 205.874 3.91117 255.326 0.17934 1.92248e-05 1.42327 12.6519 1.60856 0.815885 
1.53624e-05 0.700526 5.86622e-05 1.72314e-05 1.13076 1.42122 0.00931807 4.374 0.115993 17.8601 1.44977 234.115 0.10351 1.03032e-05 1.32326 16.2096 1.79649 6.18994 
0.69984 0.000304905 8.81616e-05 5.25847 0.142358 27.0881 0.0200565 7.33146 0.0143351 0.0620459 1.42543 371.926 0.00179756 0.000799376 1.54875 18.1957 1.08725 4.87083 
0.913068 0.00706243 0.000881738 0.0461639 0.00734112 760.688 4.50984 3.19128 0.00985939 0.0163793 7.03531 190.075 2.4542e-05 0.00133922 2.48336 4.399 1.50294 6.07065 
1.70721 3.79279 0.0456958 0.000909606 0.0440225 35.1863 0.000103859 1.43061 0.0100405 7.74413 8.44066 239.252 1.10198e-05 0.00116715 2.25236 35.0491 1.25034 0.697461 
0.544425 2.93532e-05 0.204486 0.263507 4.94463 0.223288 0.00043928 3.33006 0.0623019 1.11495 4.84293 218.666 0.000712006 0.00994041 2.59876 5.30313 1.01152 4.38266 
0.586866 0.00716447 0.0118741 7.26087e-05 0.000390441 0.0255393 0.00775082 0.597544 0.736557 169.638 3.23862 136.397 0.135214 0.00365003 2.57701 11.4386 1.5421 2.66171 
0.00189347 3.74793e-05 0.128193 0.0148373 0.471912 1444.43 3.38007 1.30513 0.0167808 0.313194 1.89977 395.542 0.00105084 8.13149e-05 3.72411 6.69188 1.04777 2.06059 
0.0664331 0.00172328 0.000515991 0.305326 0.000102707 125.695 1.48579 1.15871 0.909065 252.726 1.27218 156.221 0.0143295 0.00172039 2.29231 46.2229 1.04821 0.808825 
8.47629 2.53648 0.950331 9.75968 0.146604 2.84228 1.97045e-05 1.14918 0.538061 13.3008 0.0660536 22.9732 0.00858621 3.83537e-05 1.08088 40.1561 1.26185 1.55621 
3.42846 6.42552 0.000166447 0.00120078 2.271 632.209 0.000132993 0.354036 0.154019 20.3484 1.02815 109.442 0.0756106 0.00795414 1.72078 7.56835 1.40777 6.7008 
0.0146775 0.000353005 0.00131607 0.0105987 0.0581919 1.51246 0.00110704 3.82414 0.00617812 0.087294 1.08481 322.942 0.000625583 0.00170305 1.54472 17.3172 1.3614 2.38792 
0.599706 0.0134133 0.000174343 7.02622e-05 6.76146 0.010371 0.280063 1.03068 0.025227 0.222251 1.41756 366.687 0.000893902 8.25597e-05 7.79924 5.78572 1.08904 3.72075 
0.00246218 0.292776 1.41513e-05 0.21131 9.03025 0.0615396 0.000522033 9.4171 0.0405207 0.378058 1.91261 124.425 4.60673e-05 0.000108329 0.981444 13.6833 2.14247 7.02979 
0.118366 0.00228618 0.000435963 0.0050423 0.00706958 0.903657 0.00042299 0.331059 0.515084 65.2837 0.046308 244.975 4.08013e-05 0.0450582 5.06483 47.879 1.35582 0.220755 
0.000132674 0.151893 0.000425749 0.00498183 0.000533475 0.196098 0.677582 0.135137 0.0247874 0.0640592 0.183089 436.292 1.02575e-05 0.00353875 4.55275 42.0463 1.41695 0.132277 
0.00181252 0.0251068 2.45533e-05 1.37382 0.453278 0.0458359 0.515512 0.50756 0.131506 202.65 2.09753 313.793 0.00247454 0.00049683 0.977066 29.3374 4.8106 0.744871 
1.93943e-05 0.000734536 0.00658077 1.35474 1.90398e-05 0.155964 0.00928404 1.91316 0.564182 72.7948 0.583643 300.417 0.0695763 5.98844e-05 1.41269 8.39819 1.69011 1.32072 
0.0233992 0.210951 0.0068813 0.000139935 0.204749 702.441 0.0355085 0.425358 0.496108 6.08473 0.0157933 217.467 5.90369e-05 0.000250252 1.37965 23.9948 2.45277 1.03909 
0.0148294 4.63154e-05 0.000132123 4.07298 0.00017408 0.0235257 0.0341821 3.6452 0.0510153 0.0957652 0.538864 18.1659 5.34609e-05 1.49319e-05 1.15632 33.9077 1.87411 5.73269 
0.216629 4.36793e-05 1.52106 0.0769043 2.45005e-05 0.0407402 1.26692e-05 0.335241 0.0163488 0.861264 1.3601 55.0494 6.98167e-05 0.00451743 0.883962 45.0508 3.00893 2.01937 
0.000287038 0.000343283 0.0165008 2.37151e-05 0.000677166 0.719912 9.78 9.5304 0.0227129 0.242716 2.73257 134.417 0.00140213 7.18081e-05 1.13732 10.9129 1.46027 2.65268 
0.339295 0.00920851 4.30277 3.79218e-05 7.53781e-05 0.214977 9.10558e-05 0.407606 0.174363 0.808078 0.907066 125.849 0.00418248 2.41028e-05 1.88936 11.7116 1.7537 2.7581 
0.00164688 0.756689 0.000545726 0.0888892 0.000224301 60.6269 0.00058276 0.598444 0.32182 0.608183 0.00211478 88.713 0.320047 0.00794964 1.51601 19.733 1.93261 3.66957 
0.00844789 0.00296795 0.903029 6.18646 1.53735e-05 1.32422 7.32134e-05 0.823113 0.0268148 0.118246 6.51036 78.1201 0.00262973 0.00111593 2.84543 9.81645 1.05351 9.28755 
1.59378e-05 0.00416871 0.50102 1.56626 4.04349e-05 291.554 1.04371e-05 1.11343 0.202834 6.44959 0.514306 63.0588 0.176758 8.45573e-05 1.64607 20.4525 1.85482 3.73209 
1.39335e-05 6.39145e-05 2.68709 0.000137283 0.0233244 31.7412 0.14253 0.251632 0.735139 1.18125 0.0406296 168.591 3.44186e-05 0.0046329 1.01137 8.37793 2.3473 2.77267 
0.0852185 6.48693e-05 6.28083e-05 1.24401e-05 1.87953e-05 85.0551 0.0368463 3.00273 0.022448 4.18444 2.92274 469.12 0.000884627 0.000538604 1.18714 43.6369 1.89177 0.542883 
0.00157605 0.140339 0.0151273 0.284281 0.000450976 14.2491 2.61066e-05 0.83743 0.00747178 0.0876929 1.76982 129.918 0.000489996 0.000418586 2.22915 6.56024 1.64959 4.88324 
0.000248654 0.121136 0.000829702 4.33992 0.000146289 25.6127 0.0016571 0.703191 0.212115 3.75315 0.0990145 229.873 0.000766755 0.000591815 7.71521 6.25809 0.906863 7.86767 
0.000345741 0.0997907 3.56644e-05 3.43551 0.170737 3.43563 0.019846 0.325315 0.0104657 0.0463794 0.406458 52.8814 0.00183969 3.40887e-05 1.77944 16.2859 1.45533 9.36706 
0.181382 0.0244361 0.00445226 0.113128 0.0439569 1846.95 0.249794 0.120727 0.016589 1.97468 6.90994 139.919 3.21187e-05 0.0215927 9.24282 17.7661 0.931997 4.72553 
0.0287129 0.00476712 0.00421015 0.00109442 0.00105225 1140.8 0.000385027 0.603872 0.0261878 0.0613136 1.8425 163.408 4.55439e-05 0.00373152 2.9579 37.037 1.40187 0.782419 
0.000296186 1.46802 5.08439e-05 1.07677 0.00034971 4.47223 0.000861579 0.109968 0.065465 12.9114 6.73554 180.007 0.188867 0.000358177 1.384 13.7298 1.7509 0.854924 
0.0278728 0.0260574 0.0166068 0.00401051 0.0717602 4.55132 0.00151467 0.744137 0.104078 0.810578 0.0524115 179.13 0.00092562 0.00594458 0.950759 14.6081 3.47632 2.09255 
0.589008 7.91581e-05 0.0710597 1.75685e-05 0.100649 0.0110962 4.74673e-05 0.641241 0.00794724 0.0555339 0.841984 45.5217 0.00015185 0.000186891 2.38495 37.4393 1.66497 2.58767 
3.2692e-05 1.13359e-05 0.527116 0.468206 0.00105932 6.25332 0.0562437 0.916741 0.666027 64.9174 0.112643 365.485 1.69775 1.35751e-05 2.60871 41.3411 1.46278 0.420098 
0.00408058 0.0393183 0.0109725 0.0161008 0.0002255 10.4531 0.000627168 2.48886 0.237388 121.69 1.57712 149.837 1.6007e-05 9.96858e-05 1.07575 26.6138 1.12754 2.18897 
6.5093e-05 0.00383197 1.4119e-05 0.0276476 4.11949 327.257 2.2443 2.37881 0.586925 3.57602 0.0384757 137.406 5.84838e-05 0.00556522 1.5491 24.2209 2.4108 0.875306 
1.23368e-05 1.43859 5.9318 0.454573 0.0368017 2745.47 0.524804 4.82805 0.0945531 0.573979 0.163285 72.2367 0.00249964 0.000306892 1.58097 32.5625 1.32861 1.61663 
0.00224794 0.404313 3.73864e-05 0.0548874 7.18258 6.20012 0.00117451 1.93639 0.00624045 0.056549 2.01076 222.813 0.0026577 0.220067 9.42346 11.2254 1.02811 5.51735 
5.67223 0.00497371 1.31178e-05 0.000293047 0.00237661 0.132816 0.0120485 2.03172 0.419293 5.84557 0.0710936 419.87 3.95618 0.0563048 6.70446 21.2845 1.21603 0.534293 
0.0609804 0.00639825 6.32745e-05 0.00294569 8.74791e-05 0.511442 0.000944634 0.581436 0.00887281 0.160222 5.93558 186.748 0.00122321 0.0123875 3.30402 6.31634 0.823428 5.14342 
0.00601411 0.00494783 0.457782 5.02008 0.0249701 3.01311 0.0134909 0.297757 0.0123534 0.24167 2.58778 57.9841 0.0255401 0.016565 6.7317 36.5302 1.32414 3.3595 
0.000200587 0.000530706 0.00159571 0.86564 1.27288e-05 0.109337 0.301524 1.48339 0.189305 28.8375 3.27588 72.6292 0.037474 0.000234855 1.55185 14.909 2.1606 3.98778 
4.23048e-05 3.09842e-05 4.32695 2.87242 0.00807735 20.423 0.147967 0.0270704 0.0500937 1.77012 1.52569 310.988 0.000958307 0.0036055 9.91209 26.8618 1.28968 0.717106 
2.48472e-05 1.3707e-05 0.0349629 0.0180971 8.13561e-05 38.1685 1.10388e-05 0.0682728 0.0237132 0.85468 0.958885 42.1625 1.27314e-05 9.7029e-05 1.57707 20.7273 1.4936 3.89346 
0.00220211 0.0244825 0.223635 1.55012e-05 0.00195794 96.8127 0.0819377 0.0614834 0.022313 0.234835 0.281073 414.228 0.0620896 0.000706392 0.91288 5.12623 4.75147 3.6529 
3.66836e-05 0.00221727 1.14062 0.00149153 0.16422 0.143032 0.000467737 0.74257 0.0786165 0.16483 0.0290956 452.818 0.0003134 0.00039996 1.90542 5.72615 1.28956 1.28292 
2.37131 0.0227948 2.37691e-05 3.20881e-05 0.0815871 31.5891 0.000114796 0.214665 0.264827 5.66394 0.43308 41.629 0.00171656 0.000211069 3.48757 34.2572 1.35863 2.50401 
0.09815 0.0428696 0.531322 0.511908 0.993698 166.4 3.0972e-05 0.201654 0.199718 369.135 1.97852 78.93 0.359504 0.00365503 7.84246 27.7369 0.827518 2.04987 
0.0647837 4.15659 0.00252612 1.12668e-05 2.71027e-05 19.2288 0.00337791 0.283989 0.21129 0.482846 0.00420433 192.891 0.000316697 0.00767203 1.46234 2.81561 1.13227 6.84267 
3.73618e-05 0.00384487 0.155725 0.0376783 0.0627621 1504.45 0.125775 0.273237 0.0865397 3.71807 1.32424 111.799 0.00014678 1.18999e-05 1.2997 9.08885 2.79901 4.43043 
0.00228549 0.000275192 0.513194 0.00434245 9.00782 259.947 1.00293 1.32248 0.109371 7.31833 1.12602 209.732 3.22678e-05 0.000871271 1.10809 47.2798 1.74678 0.856314 
0.735913 0.00194067 0.000730832 0.000340099 0.0154409 8.74372 6.20965 2.48266 0.00552039 0.0543755 1.78382 228.953 0.000246367 0.00121633 2.15755 34.9641 1.00379 0.971825 
0.207942 5.87722 0.0681676 3.20209 0.00550316 0.71751 1.00904e-05 0.320705 0.0307451 0.163981 0.327457 58.8522 0.00928308 0.00023451 9.38718 29.3695 1.02892 8.82139 
1.52876 0.00335358 0.0393799 0.289339 0.164137 16.9815 0.025663 9.33118 0.00854174 0.112072 1.00003 482.445 0.000556243 0.00398479 2.99807 32.9781 0.961992 1.06482 
0.100409 0.0319245 0.0348627 0.00118643 0.0141466 48.3535 0.000163508 1.17386 0.264245 3.00986 0.360169 44.5317 0.00103155 0.00018484 1.3769 30.1773 1.70235 6.99853 
0.00246196 2.18828e-05 0.0620148 0.00303377 0.215604 756.848 2.57263e-05 0.186368 0.0266232 0.0954156 0.838296 152.752 0.00353716 0.000776203 5.2768 23.3768 1.26907 1.08926 
6.66959e-05 0.0990512 0.00242158 0.205338 1.28309 247.964 1.87124e-05 3.73331 0.676695 2.3027 0.0186662 195.503 4.19927e-05 0.0122965 1.19873 11.95 2.03384 9.70862 
0.000101786 0.000166678 9.52463 0.00697726 0.323294 110.959 1.00412e-05 0.0865286 0.91098 0.186121 0.00405812 62.9775 2.07224e-05 0.00141463 2.18449 22.1268 1.40801 2.14272 
0.188381 0.0725073 0.136802 3.7678e-05 5.48369e-05 49.537 2.15705e-05 0.314842 0.934996 11.3572 0.173217 106.511 0.00310773 1.38825e-05 1.5237 20.4826 2.15968 1.09091 
2.00602e-05 0.0651929 8.82483e-05 1.06402e-05 0.0351362 0.017977 0.0253555 0.421723 0.461163 0.869633 0.0059514 203.28 0.000546186 0.000819858 4.57135 4.24509 0.879989 9.50878 
0.24238 0.000923266 0.0144958 0.163404 0.00615401 1800.05 0.00193347 0.792224 0.394857 3.41969 0.0439476 377.043 1.93563 0.000340133 2.02715 6.40833 1.19721 2.05062 
0.000234948 0.00050498 0.00107421 0.289119 0.00026048 0.0125544 0.0304304 8.86544 0.370462 122.328 5.8816 275.97 0.000265057 0.000858847 1.18515 14.7733 1.43165 3.36898 
3.95193e-05 3.21315 0.000173326 0.000333253 0.033572 0.522744 0.000101069 1.47395 0.0232345 0.0862711 1.93278 258.249 0.125591 0.00758025 4.82727 8.36633 1.58042 1.64088 
0.145384 1.84744 2.87892e-05 0.00147607 0.000372852 26.2763 0.673997 0.781562 0.00969184 0.142058 6.4696 78.8088 8.5021e-05 0.126665 2.14519 10.2786 1.65693 5.9635 
0.112924 0.0439143 5.52703 0.000193283 0.000153661 138.608 1.20613e-05 3.16469 0.112802 0.0871285 0.0669932 324.994 0.00463937 0.000940305 1.46006 6.07003 1.50647 2.56877 
2.81714e-05 0.000619683 0.364857 0.00183375 0.000677212 25.0602 0.000112515 1.06444 0.0231228 0.0109778 0.68594 493.355 1.05754e-05 0.234843 3.09838 12.4032 1.59535 1.48071 
0.022297 0.00107235 3.39672 0.00312703 0.0191964 13.3418 9.45252e-05 0.448344 0.192374 2.82034 0.205009 101.62 0.000479173 0.00011247 1.21544 9.11279 1.44614 3.36598 
5.96915e-05 2.84483 0.000340977 0.00011124 7.40604 25.2231 0.0105076 1.60161 0.0930843 2.97584 1.51808 245.857 0.174326 6.67422e-05 2.64989 21.6689 1.32187 0.870374 
1.81812 1.23726 0.032338 2.25578 0.0137672 0.152167 0.0237302 0.555749 0.00595453 0.0838102 8.27298 220.745 0.0482312 0.093279 1.18329 6.23502 2.80657 4.31294 
0.209055 9.875 0.000134768 0.0291907 4.82771e-05 0.0151907 2.52563e-05 1.68022 0.0706557 73.8023 3.33092 176.823 1.10782e-05 0.00497735 1.08922 42.1222 2.2837 1.88117 
0.00733853 0.870886 4.92939e-05 0.136367 7.55594 0.619827 0.000106414 1.60584 0.0101199 0.0967232 0.776955 18.3341 0.0179257 0.00529303 0.855701 35.8815 1.62065 5.11786 
0.0506201 0.354673 5.67743 0.395705 1.18058 0.352517 0.000535822 3.77939 0.0362629 0.0362113 0.0798616 352.638 0.107162 0.000426808 1.48146 23.0488 2.01945 2.3204 
0.713952 0.000233327 0.304719 0.00930745 4.01174 0.728801 0.0724106 2.60457 0.0356045 21.9002 1.09206 70.4637 0.040398 0.00906457 0.729145 24.5055 1.50729 6.13196 
0.00607559 0.00737786 9.58841 0.0014609 0.0965978 0.0100986 0.020696 0.0812408 0.00786305 0.0272693 0.664974 38.6718 0.000622632 0.0135484 4.5861 39.0567 1.00082 3.73482 
0.000573073 0.00181576 0.00852839 2.45833 2.24893 3.79447 1.18193e-05 0.577035 0.257405 0.258891 0.0145025 69.5088 0.000286489 0.00174093 1.05507 28.1123 3.54042 3.22072 
2.66856e-05 8.98467 0.317787 0.000352127 0.00153303 44.6893 0.000267509 0.988645 0.0289617 0.0838486 0.482423 123.81 3.7013e-05 0.000159923 2.51978 15.7283 1.01215 1.91566 
0.00134647 0.519662 0.0530597 0.00235168 9.69222 567.777 0.00994917 0.38707 0.263556 7.23653 0.218355 93.8038 0.108738 0.000147722 1.02094 33.6206 3.72411 1.92443 
0.000321278 0.47582 5.65902 3.21685 0.786823 0.862847 0.00137034 2.046 0.0857488 2.25958 0.895991 132.796 0.023934 4.02376e-05 1.67047 28.335 1.61482 1.33577 
1.30151 1.61781e-05 0.0121985 0.000301155 0.0316373 752.691 0.000160597 2.46335 0.389436 3.57502 0.287627 112.341 4.59122e-05 0.00284763 1.38756 14.0967 1.51879 2.27545 
0.0015657 0.0375864 0.0183783 0.490598 0.0149124 0.38192 0.189511 0.999351 0.221344 0.819727 0.0442528 212.564 0.000160052 4.67942e-05 1.36156 45.635 1.63164 0.557178 
4.50409 1.58532 0.0195102 0.00603256 0.0601955 262.762 2.69619e-05 0.431437 0.605665 98.6631 0.271631 26.7911 0.000197965 0.00012532 1.59766 27.4267 2.10956 6.06379 
0.0032511 0.0342622 0.983413 0.0038689 0.000138883 83.4138 0.0150562 3.56564 0.128944 0.254539 0.0568173 379.405 1.91133e-05 0.000126271 2.2969 7.11059 1.55517 1.46045 
0.372531 0.482695 2.58201 0.00071033 0.00345191 2.46233 0.0235488 0.213621 0.172351 9.70537 3.09589 127.46 0.147557 0.0116259 6.82146 10.1581 0.943437 2.85264 
0.134193 5.35571 6.19494e-05 1.67211e-05 5.80725e-05 0.601744 0.000518968 1.31443 0.310061 6.75651 0.235742 146.6 0.00677677 1.1193e-05 0.882278 35.8494 3.09282 0.717725 
2.03098 0.00190696 0.000188806 0.000255608 0.00110255 1.74903 1.08519 0.697232 0.0632138 2.82881 1.1564 253.325 0.00804664 0.000542075 1.31962 2.91723 1.86572 8.5274 
0.00185336 0.0820853 0.000328026 0.000637287 0.000478305 37.6879 0.0759846 0.890565 0.0419068 16.2823 4.24336 196.393 0.0572646 0.0633947 3.70231 17.5745 1.20196 2.74769 
3.58649 2.59962e-05 0.0389309 0.0761973 0.000433494 0.159853 0.101918 0.392795 0.429193 8.48928 0.117668 59.3691 0.00561215 5.14275e-05 1.36601 12.696 1.60779 4.90043 
3.90502e-05 2.00576e-05 0.0984479 0.00244758 3.12268e-05 65.6969 0.0108573 0.925464 0.0565183 2.51494 3.00849 144.292 0.0080974 8.04503e-05 2.24116 29.3197 1.80665 1.74963 
0.000326821 0.32615 0.586793 5.71828e-05 0.0392861 646.636 0.0835334 0.275478 0.00828238 0.0218633 2.01923 469.73 3.66383e-05 6.23534e-05 4.86614 10.1482 1.32343 0.968953 
0.00702413 1.01056e-05 0.000128696 0.000999584 0.00196969 289.866 1.47886 0.264508 0.0815582 14.8072 4.79634 111.548 0.000136673 6.02381e-05 2.19319 17.6837 1.12471 1.79774 
0.0447667 3.34379 0.958 9.5882e-05 0.00011599 1.12645 0.00156075 1.10519 0.0207263 0.750518 3.12276 284.987 0.00650964 0.000365168 1.77459 5.43102 1.22971 2.40503 
3.76366 0.0657432 0.293171 0.00114687 1.09059e-05 286.372 0.000193992 0.486607 0.0449404 1.89766 1.78197 152.908 0.00579321 8.63138e-05 1.29371 17.5121 1.68269 2.88161 
0.0014338 0.0177396 0.000208315 0.000103731 2.2548 0.0806199 0.00755084 6.90421 0.373859 1.26807 0.100873 493.056 0.159473 0.00304862 2.31562 3.33135 1.66034 6.61247 
0.935291 5.67817e-05 0.000746216 5.80947e-05 0.03512 0.101941 0.000152874 0.728921 0.14139 0.179095 0.0115602 331.185 0.000155803 0.0453544 6.5739 43.0731 1.42978 0.316511 
0.00226996 6.48434 0.000141132 2.95311 0.149579 21.0876 0.0035501 0.59893 0.164208 4.11371 0.0611613 15.6125 0.00561409 4.5815e-05 0.77482 36.0996 1.6829 8.7192 
1.93284e-05 0.00722241 4.31968 2.55957e-05 0.000542063 43.8134 0.00130368 0.884039 0.579927 164.724 3.34544 282.152 0.00529981 0.0460301 1.31487 8.21033 1.71133 1.50711 
0.0704675 1.06652 0.442816 0.0442264 8.31118e-05 0.065256 0.00147809 2.13403 0.109763 0.277882 0.0816596 257.308 0.00314943 0.000145135 1.36865 32.5305 1.88628 0.41037 
6.81897 5.52863 1.06552e-05 0.00323842 1.45678e-05 363.995 0.654886 0.165707 0.0955473 29.2418 0.479287 81.4094 0.00153501 0.000914964 4.67772 20.3588 1.16488 3.88036 
1.98993e-05 0.0318824 4.15781e-05 0.0400464 0.00894523 57.7914 0.118152 3.08 0.0105654 0.078709 1.18375 385.976 0.00609886 0.00424199 1.90697 30.5724 1.1857 5.94604 
1.64136 0.00367775 0.000653431 0.0308949 0.000752866 225.27 1.51289 2.77994 0.509631 21.2453 0.173494 94.3358 0.000135117 0.000194077 0.961993 20.2428 1.39956 7.59602 
0.0783636 3.94345 0.0110863 0.00204324 5.47623e-05 0.186023 9.98364e-05 3.20877 0.075572 0.132792 0.0328913 388.332 0.0641962 0.000778748 1.4116 42.8856 1.49408 1.02234 
0.661797 0.0070469 0.0275041 0.257206 8.43932e-05 658.229 0.000202682 0.191729 0.197436 11.1037 0.312474 351.575 0.407261 3.37296e-05 0.91464 2.30458 2.32949 8.18112 
8.71935 0.0440636 0.000630093 0.000370662 0.000444146 26.5088 0.024265 0.566947 0.361595 6.98053 0.171049 41.1774 9.16097e-05 1.57165e-05 4.26218 38.2987 1.30688 2.77577 
0.00376459 1.71001e-05 0.174711 3.48222e-05 0.61477 0.22964 5.40783e-05 0.399724 0.990992 8.35481 0.0489435 288.875 7.48603 1.413e-05 9.27629 11.636 0.969281 1.96458 
0.0690998 2.33856 0.000184783 5.56662 1.41234e-05 64.6782 0.000281264 1.07857 0.00941841 0.0548849 2.92977 74.9748 4.59043e-05 0.000573881 1.2477 30.4905 1.2036 1.18225 
6.2358 0.000406021 1.17865e-05 0.0028297 0.007226 130.667 0.000130255 2.03562 0.552538 2.23327 0.0173832 223.025 1.4861 8.23289e-05 1.57169 15.4883 1.72582 1.97604 
0.000607778 0.00288124 2.33084e-05 0.0383509 6.80319e-05 26.6061 0.73605 0.170815 0.0596897 4.06478 1.13334 205.591 0.0500826 5.43151e-05 1.54548 13.3523 1.21575 0.812765 
0.00133153 0.216126 2.30254e-05 0.0288949 0.000775804 578.305 0.964017 0.172172 0.00563375 0.0294463 2.1868 339.773 0.0862595 0.0459129 5.70719 6.0195 1.2783 3.07442 
4.73009 0.112984 0.000639133 7.43631e-05 0.00073261 5.29522 2.28347e-05 0.86112 0.0152611 0.060405 0.502148 325.166 0.000193641 0.00922693 1.70904 18.6332 1.11622 1.40938 
3.92449e-05 0.000902005 6.96308 3.93299e-05 0.0104212 69.6483 3.66166e-05 0.421791 0.230409 28.4712 0.840119 129.057 0.000752368 8.71925e-05 1.2724 12.4037 1.24578 2.73788 
0.0246617 0.00587381 5.53984e-05 0.30445 2.79703e-05 0.0357805 0.248171 6.41518 0.0484229 0.540682 0.211284 119.395 5.48435e-05 0.0170516 2.59713 32.7133 1.29542 2.48998 
1.24072e-05 0.000167041 0.0311967 0.0502551 0.0696958 5.22374 2.54613e-05 0.930525 0.160334 1.10979 0.0316328 324.214 2.20179e-05 0.0049203 2.44586 9.82284 1.17733 4.1253 
0.00977199 0.340052 3.95948 9.39206e-05 0.998718 269.896 0.00573729 0.24096 0.0195699 0.0711735 2.00198 280.288 0.0311937 0.000495347 2.34636 8.29562 1.32795 1.51844 
0.0003324 0.024278 3.57384e-05 0.00027213 0.172143 551.56 0.012063 4.85048 0.0884597 77.777 1.10755 424.881 0.0571977 6.07446e-05 1.58274 16.7396 1.13545 3.85256 
0.355528 0.000882602 0.000536001 0.343915 0.000470137 0.531105 1.19755 0.533719 0.0675234 37.6679 5.86742 50.848 3.11759e-05 0.00167561 5.00855 20.2014 0.904539 6.72836 
0.502588 0.966521 0.165073 3.79524 2.61852 6.81127 0.000127141 1.21636 0.103165 5.79032 1.50074 420.697 5.98443e-05 0.0270206 2.2092 3.04647 0.938452 7.15822 
0.260913 0.104433 0.00105433 0.0317505 1.46679e-05 169.706 4.59929 0.227985 0.0170949 0.356167 1.11255 12.9236 1.98801e-05 9.78871e-05 2.24049 41.7278 1.26818 2.88848 
0.000177835 5.85606e-05 7.52417e-05 1.64455e-05 0.223934 0.010897 0.00544202 0.231228 0.0653962 0.314663 0.360646 116.885 1.22435e-05 0.000180782 7.88287 36.1378 1.12519 1.38043 
3.52333e-05 0.0449693 1.7222e-05 1.65139 0.477012 185.452 4.10746e-05 2.28569 0.0116413 0.330261 0.581333 324.213 0.0365635 0.00880318 2.21359 33.4119 1.52053 0.261518 
3.10947 0.258295 3.96036 0.0499519 0.407772 51.9281 3.34859 0.031262 0.0163475 0.843994 6.53128 54.3458 0.0297963 0.0160664 4.26074 24.3819 1.05951 3.35201 
4.9617 0.000698184 0.008997 0.0421003 9.89898 1489.94 0.000973099 0.832929 0.0289687 0.326889 2.02134 419.084 1.79633e-05 0.000255309 1.67386 39.9019 1.54298 0.342199 
0.264623 0.0165442 0.0225519 0.000138395 2.87646e-05 457.502 3.88246 1.15757 0.324905 14.7426 0.182758 235.849 0.0242267 0.000283135 2.07415 25.967 1.4712 0.440651 
0.212213 0.00844205 0.0761843 0.0887122 0.000883128 6.0364 0.718028 0.181927 0.182079 0.703721 0.0199626 145.829 0.0083405 1.54078e-05 1.44266 6.56838 1.57419 4.70804 
5.18992e-05 0.00575373 0.000922118 0.00272354 4.32143 0.0234116 0.00825381 7.57382 0.165654 14.3738 2.11791 243.915 0.000124171 0.00459547 2.94194 9.9754 0.891662 3.25366 
0.157057 7.20855 0.000131345 0.00105289 4.17786 0.364682 0.000198563 0.659284 0.0753798 10.5848 0.21671 10.1198 2.7512e-05 0.000307397 0.746759 38.3004 1.57251 9.391 
0.00521422 0.00237625 0.00379656 0.00359057 0.00176263 737.459 2.37006e-05 1.22652 0.303992 24.8666 0.054162 479.256 7.50747 0.000523567 0.954575 18.3456 3.13847 0.284987 
3.08451e-05 0.0700771 0.00121889 0.000932154 0.0484458 369.744 2.72958 0.693492 0.0396585 17.2157 0.981666 167.21 3.79755e-05 0.00134904 1.78066 5.39092 1.39051 2.88719 
0.0161109 5.47012 3.86921 0.0268928 0.90717 1664.9 2.68765 0.258571 0.106696 0.396583 0.181847 77.8202 0.0361167 0.000375574 1.79479 18.1139 2.14263 2.42316 
8.8796e-05 0.0947072 2.57622 2.94666 2.3358e-05 1004.06 4.00172e-05 1.10624 0.0118465 0.731047 3.06005 58.0935 0.00539335 0.0298655 1.00654 35.6212 2.83422 2.02904 
4.35513 3.31135e-05 1.80128 0.707458 1.58558 1.25199 0.0269781 3.4627 0.141497 0.556797 0.257741 476.907 0.000291545 0.0136041 9.84046 21.6687 1.12163 0.653167 
0.019656 0.00111436 0.00422286 0.00130923 0.000414254 63.3974 0.244863 1.3035 0.00382687 0.0121667 4.19005 335.508 0.0178027 5.32229e-05 3.32421 24.0994 1.61558 1.49561 
0.121425 1.30165e-05 1.54944e-05 0.0210762 0.143667 0.0707181 0.402474 3.97568 0.671741 8.23247 0.109449 136.654 0.153071 0.0231401 1.23608 47.0596 1.93746 0.81714 
0.000359876 1.18752 0.000112676 1.05979 0.00490482 0.269572 0.000253036 5.36699 0.0151787 0.0191242 0.35835 142.896 7.59033e-05 0.000354327 1.88657 41.3722 1.82837 0.483727 
0.000380874 4.54015 5.36889e-05 0.0036274 0.115574 1564.58 3.9854e-05 1.29669 0.082641 0.272795 2.01138 496.812 0.0703696 2.12273e-05 4.34561 34.8267 1.71466 0.160097 
2.63894e-05 0.312316 0.00110983 0.0740822 0.336753 0.0329676 0.035785 2.13802 0.906822 35.4415 0.254851 216.241 4.2486 0.000543514 1.79075 5.28976 1.86719 2.73338 
0.99933 0.00557891 0.280484 0.000103143 0.491709 192.084 0.00279097 3.49443 0.0832721 8.26004 0.759957 377.99 0.00458256 0.00720462 1.46368 25.8993 1.05583 3.02308 
0.178468 0.00185664 0.0274648 0.739067 3.52617e-05 0.10642 0.000986071 2.48934 0.112106 18.4878 2.60406 93.7482 0.00088977 0.000226316 1.03992 37.1412 1.48894 0.907581 
0.00297758 0.174947 0.0866824 0.394595 0.00872795 0.608566 0.014228 0.460368 0.0825314 192.287 2.50877 19.6953 9.61688e-05 3.27566e-05 0.924717 49.0998 1.73477 4.07108 
0.00516401 0.00164177 0.201425 5.74774e-05 0.109686 0.876225 2.29778e-05 0.102464 0.0856363 0.679811 0.0286371 160.361 1.38538e-05 3.1415e-05 2.18008 13.4353 1.63019 1.12953 
0.0146973 1.01297e-05 9.28908 0.619403 0.00448183 0.917924 2.59497e-05 0.0219327 0.00892614 4.52491 5.65432 62.7902 0.0198971 0.00603226 1.16714 18.7338 1.58482 4.30481 
0.0058159 3.66401e-05 3.93581e-05 0.201154 0.000192007 51.5283 0.000350936 0.124257 0.245702 32.5319 0.264274 102.132 3.80495e-05 0.00170938 1.33818 14.5602 0.948693 3.18106 
2.07273 0.0055267 0.0177067 0.00409319 0.00172698 0.0269913 1.92769 0.870066 0.0904504 4.16092 0.438364 293.738 0.00711478 0.121548 2.30504 5.3888 1.76694 2.21276 
3.85495 1.02627 5.61772e-05 0.000107091 0.000287758 6.4311 0.0439058 3.02373 0.24715 0.243939 0.0494789 318.24 6.73461e-05 5.86059e-05 1.78128 16.8335 1.41358 2.29505 
0.120431 4.23656 9.3528 8.62064e-05 0.0202709 71.2122 1.49671 0.207488 0.00700156 0.064691 4.61786 83.6712 0.00378443 8.80833e-05 0.914895 24.5304 3.4942 2.24836 
0.000513514 4.96819 0.0190931 0.000521944 2.79608 4.15397 3.81474e-05 7.13492 0.253002 8.07708 0.632982 258.368 6.29149e-05 1.78699e-05 2.2859 9.3193 1.33096 2.92228 
0.000581491 6.04456e-05 0.0957654 0.00521793 0.169224 0.267615 3.10683e-05 4.49018 0.0190866 0.197385 8.46848 280.438 0.0121327 0.00815426 8.94723 38.0087 1.11332 0.537929 
3.00102 0.0349919 0.736063 0.585649 3.23063e-05 20.7363 2.21758 1.55256 0.180642 25.5864 0.204177 375.76 0.005059 0.00711165 1.21019 33.259 1.44713 0.342501 
0.182151 4.85769e-05 0.000407213 0.420773 0.00016206 322.145 0.00173624 2.92346 0.979797 270.248 1.13241 237.717 0.00279809 0.000108263 2.00329 17.8173 1.1396 2.63275 
4.46591e-05 0.00103234 0.0547101 0.283512 1.32406e-05 7.304 9.57292e-05 2.11254 0.0392904 0.442354 1.09371 210.357 5.60125e-05 2.45286e-05 1.95908 13.6945 1.32468 4.27819 
0.104203 2.80301 1.42765e-05 0.0651994 0.0126858 0.174497 0.0085829 0.225382 0.128928 0.143288 0.000864703 124.978 0.98555 0.00100145 3.35633 20.0168 1.30462 1.66334 
0.00298006 0.014349 1.51776e-05 3.00171e-05 0.171515 1920.61 0.267668 4.2467 0.157353 0.324069 0.217044 277.347 2.19274e-05 3.83078e-05 2.92352 17.6576 1.53373 0.871152 
0.790384 0.0574759 0.000335615 0.181565 2.81372e-05 4.6778 0.000456491 2.74053 0.188968 0.100443 0.00542663 292.244 0.0187864 0.000717397 1.25987 30.6676 2.15413 0.339835 
0.00245956 0.064034 3.96403 0.0894361 0.000106339 1.78579 0.00159084 0.0302505 0.00766022 2.2016 1.72031 52.92 0.00171942 0.0421357 8.92599 36.2832 0.909013 5.05603 
0.000142895 0.0235372 0.143698 6.22191e-05 1.49738 149.224 3.21014e-05 1.81383 0.794448 14.8338 0.189589 473.31 0.102626 0.00426702 1.45925 4.22548 1.52527 4.45356 
0.00475575 0.0550371 0.00677777 0.00120482 0.112391 1131.23 0.0048377 1.16596 0.005584 0.0174363 5.97845 18.2846 7.95397e-05 1.80411e-05 1.67326 40.8867 1.68104 4.2426 
0.0052708 0.00558135 0.0160724 2.82117e-05 0.000243684 12.2999 0.836669 0.691217 0.0348045 0.367719 0.389977 438.481 0.370028 5.69576e-05 1.80526 30.4113 1.8388 0.193556 
0.665772 0.000102757 0.094728 0.0192378 0.263841 593.388 0.142876 0.770971 0.425856 116.518 0.484203 23.2766 0.000231701 1.63333e-05 1.13532 33.7043 1.09916 3.74621 
3.56603 1.9809 0.00251431 4.56662 3.77549e-05 310.23 0.00647844 2.65243 0.011345 0.151572 0.126589 301.961 0.000599071 0.00409915 1.27008 38.2603 1.59609 0.693396 
0.00424335 1.0529e-05 0.03366 0.00014398 0.0165523 185.074 0.177162 0.397936 0.00400598 0.0176052 1.97418 312.337 0.00106197 0.0180489 4.1809 23.9173 1.34885 0.510546 
6.02599e-05 0.0315238 0.0240975 0.000114894 0.889233 0.830071 0.00180221 1.27632 0.0686169 0.641039 1.13903 37.3495 0.00212686 7.35752e-05 1.38893 17.1277 1.49059 5.1708 
0.19405 0.0700728 0.00688343 0.602336 2.39627 20.1503 0.000226553 0.991168 0.00754986 0.0858259 0.200067 249.023 0.000162404 0.00121308 1.05118 17.6115 1.24156 2.50695 
0.0292108 0.0195186 0.0258144 0.00429249 1.38064e-05 48.716 2.31118 7.4392 0.585277 101.203 1.74397 488.289 2.52203e-05 1.18572e-05 1.66033 19.2973 2.09076 0.726998 
5.21266e-05 0.110417 0.0409086 0.398487 0.000771785 0.0930503 1.35546 2.11456 0.65954 106.559 0.880279 315.191 8.56785e-05 1.65423e-05 3.49284 11.809 1.15039 0.928488 
0.0303202 0.000475639 3.36099e-05 0.000662965 0.0976683 806.371 1.36638 1.16927 0.0664328 2.6065 0.390444 256.207 0.000105403 1.50946e-05 1.66323 3.48487 1.50251 5.17207 
4.33301e-05 0.0334389 0.0176263 5.66248e-05 2.43875 4.40509 0.000381209 3.7012 0.0203359 73.1995 2.85584 50.3139 0.0695913 0.00064919 1.11165 20.8486 1.62938 6.10723 
1.8389e-05 0.00580716 0.000514911 0.0826045 0.000368874 19.0726 0.0237355 0.695851 0.0287652 36.5311 6.31597 336.469 0.612884 0.00727626 2.58185 9.84251 1.15994 5.84721 
4.73016 0.0159581 0.00416855 0.000106758 0.675404 1.06444 0.00256718 6.01729 0.87288 9.13173 0.090886 149.617 0.000156325 0.000419786 7.69224 29.1468 1.13721 1.32414 
0.671749 0.0093218 0.623901 0.000129678 1.31467e-05 0.116106 0.387971 0.119966 0.00169383 0.0824959 1.6003 58.0189 6.71188e-05 0.00443446 1.12815 42.5603 1.53099 1.54703 
3.91096e-05 0.000181093 0.00160691 3.24252 0.00223185 1.18953 0.000317071 6.34445 0.164447 19.4598 0.126249 101.42 0.0032628 0.000690062 1.31831 21.4292 1.55174 1.45407 
0.000466558 0.103181 0.399847 5.11091 0.0130988 160.42 0.000112591 0.629655 0.248219 299.716 7.39724 57.5682 0.00484303 0.00268122 3.42525 25.1395 1.35083 2.29173 
4.10478 0.696043 0.00691273 2.52043e-05 0.0741702 21.572 0.00102198 0.46023 0.0247054 0.910568 1.6578 347.636 8.11817e-05 0.000425133 0.993221 2.42075 2.51517 9.84143 
0.00447169 1.25074e-05 0.00205069 0.0119582 0.0023572 373.207 0.000361444 0.478779 0.0608721 0.222089 0.212872 410.912 0.00508636 0.00213646 1.7853 17.5258 1.30277 1.11537 
0.0770447 9.47078 4.32658e-05 0.00227497 0.000452279 7.93108 0.00732945 2.40722 0.0225488 0.0968286 0.411104 63.2806 0.000208589 0.00113235 0.876159 40.4807 1.36884 4.6255 
1.43169e-05 0.181763 0.000347378 0.000476128 0.380755 2191.15 0.0038335 2.88998 0.0687787 5.49141 0.122103 377.277 0.302686 0.0230181 5.48466 36.8534 1.32019 1.39095 
0.182862 0.0124665 0.349463 6.11904 0.799676 170.8 0.000739425 0.552942 0.00285794 0.213453 3.0754 250.452 1.04113e-05 0.00501301 1.33861 5.45207 2.6425 3.75168 
8.66215 0.199388 0.000116471 0.978422 0.820206 363.098 0.00162532 0.809743 0.00178774 0.175954 4.04032 156.737 0.00146492 0.000852279 0.982045 18.6769 2.11165 1.20348 
0.0063395 0.00191243 1.41038 0.000789411 1.16675 1.13875 0.0358209 0.376618 0.116441 0.0110679 0.00414379 48.1336 0.000715365 0.0014821 2.18316 16.6677 1.21954 6.05873 
0.0908873 1.24908e-05 3.97911 0.217799 0.000675802 9.77784 0.113486 0.129665 0.0321895 0.0773165 0.723422 484.593 4.86208e-05 0.00184822 1.16578 5.59229 1.94222 1.25402 
0.00965047 0.0176404 0.000438552 1.14805e-05 0.00647469 224.249 0.0452555 0.162283 0.0349874 0.838736 0.852787 63.6698 0.000494102 0.0242387 4.05879 46.0609 1.49839 1.36731 
0.423819 0.000188356 0.00801617 0.0270921 1.02031e-05 77.1646 0.00528268 2.05468 0.521188 0.499862 0.0101036 212.324 0.0147018 0.0237753 2.16444 4.98683 1.22096 2.68613 
0.540809 3.97098e-05 0.0912167 0.0721501 6.31756 0.777273 0.56346 6.24128 0.0178971 2.18644 0.775026 327.161 2.50135e-05 0.000636493 1.02472 11.8306 1.81832 3.4967 
0.000911112 1.30811e-05 1.13689e-05 0.77052 0.0296009 27.1754 0.00100017 0.614636 0.0629532 5.47304 1.01563 29.5795 0.0417094 0.000162354 0.95079 28.701 1.57355 4.41684 
2.69772e-05 0.000265274 0.00190733 0.00525151 0.176459 0.0780527 0.0209256 0.845798 0.572691 431.657 4.12671 221.82 0.103303 0.0100264 0.984558 5.33824 2.36992 4.80958 
0.00557881 0.000104065 0.0997056 0.00959474 0.000112982 0.010863 0.159999 0.397145 0.668842 139.267 1.45325 244.331 1.25992 0.000286158 1.67927 9.49684 1.87299 1.18564 
0.0480116 0.000389653 0.0386305 0.833016 0.143977 168.301 0.0790759 3.20964 0.404751 0.950395 0.0162293 390.364 0.0228062 0.00696583 2.59349 18.9134 1.35213 0.977712 
0.000475163 0.00019808 0.000466006 0.00235254 0.0199149 0.130146 0.000136533 0.262528 0.036683 0.018929 0.00300649 201.002 3.39323e-05 0.000803013 5.80021 15.2231 1.05684 1.84348 
0.676156 6.27641 0.00026434 0.501585 0.000147814 5.05008 0.0013182 0.0865644 0.0998673 0.449494 0.0190049 173.666 7.73393e-05 1.11079e-05 1.63655 6.2632 1.72874 2.88606 
0.0195583 0.000185831 0.0132889 0.237069 0.437065 7.09435 0.00280081 1.63663 0.305344 188.967 2.67434 126.234 2.00678e-05 0.00734645 1.69306 22.8489 1.30154 3.0709 
0.000210003 0.0241165 1.2036 0.213652 0.00705604 747.563 3.78126 7.95042 0.522046 95.1927 0.742472 234.197 7.44332e-05 1.01718e-05 0.961924 18.5458 1.54816 5.34609 
4.15731e-05 0.00493082 0.00384152 6.50974e-05 0.144681 0.0245073 2.74006e-05 5.93898 0.982238 43.5404 0.166426 168.856 0.0173373 4.08363e-05 1.15418 13.9702 2.09502 3.08953 
0.0520582 0.000140491 1.08703e-05 0.000630552 0.000316934 79.5505 0.00588911 1.32949 0.0179187 0.369023 1.05571 92.5611 0.00480088 0.00261423 0.960777 20.0246 4.16172 3.9226 
0.000610356 0.000949663 0.0610495 1.86286e-05 8.93892 490.704 0.0471826 1.51291 0.0344169 13.941 1.00223 83.9999 0.0221787 0.00169992 3.46209 15.6845 0.964891 3.18408 
0.00184561 0.0188565 0.0504095 0.00302732 0.00426183 297.713 0.00430609 0.152276 0.0701998 0.823901 0.125609 148.436 0.00355224 1.05145e-05 1.92007 13.8897 1.80349 1.02893 
0.000300061 0.00634323 0.0105924 2.52532e-05 0.0248465 61.23 2.79737 1.6661 0.0149202 0.363588 0.520052 496.959 0.137932 0.00122712 1.5394 9.61719 1.5848 2.29766 
0.0182811 0.0323262 0.00417697 0.361392 2.01787 1516.53 0.0116027 0.343634 0.43529 443.453 1.78005 29.8921 3.77764e-05 0.0377555 4.59558 23.5154 1.08915 6.15516 
3.14279 0.0029304 0.825318 0.00127497 0.965463 0.735601 0.83655 0.236174 0.212879 2.50676 0.243547 255.596 0.00517267 5.57216e-05 3.519 8.89473 1.0816 2.11452 
0.000325571 1.19818 2.21234 4.46532 0.00841119 0.0569836 0.000285906 0.896059 0.00733943 0.432549 5.79093 127.339 5.5024e-05 0.00481432 1.141 17.4896 2.59438 1.76803 
4.09995 0.0330758 0.023912 3.26745 0.0119203 1.79837 8.10622e-05 1.59666 0.000461581 0.0152035 7.77534 165.091 0.000119497 0.000135246 1.9932 42.4305 1.49361 0.540911 
0.010231 0.043549 0.00222339 0.00983633 5.0099 11.2119 0.000557496 2.07691 0.0799639 0.256472 0.035643 24.3153 3.10767e-05 0.000135252 1.04241 26.5519 1.14499 5.79131 
0.0352111 0.823506 0.0219076 0.000387921 0.0010341 123.39 3.71869 1.01181 0.074373 46.0727 6.66934 352.071 0.0167128 0.000323135 1.06866 20.7321 2.28994 0.34501 
0.00327046 2.4488e-05 0.00257503 0.00483 0.000227249 7.28127 0.00113765 1.65567 0.121156 2.43146 0.0477183 335.79 1.58445 0.0510422 2.94198 18.5387 1.31603 1.71921 
0.000563099 0.399055 0.106796 1.66748 0.00354643 551.432 0.000299256 1.29573 0.0336317 0.280545 0.595511 420.322 0.058659 0.0113247 1.8836 5.82469 1.41094 6.60147 
0.000307011 0.000393954 1.83995 0.000407687 3.33835 0.304103 0.0934864 3.06722 0.813904 5.30511 0.0534295 18.2901 8.83767e-05 0.000208958 1.2422 34.496 1.60028 5.1865 
1.07741e-05 3.27746 0.00479014 0.000376264 0.00306188 33.7114 2.46963e-05 0.941039 0.810991 126.43 1.4354 274.127 6.13043e-05 0.0022971 1.50023 27.9891 1.89954 0.281288 
0.0280831 0.0148079 0.0027018 0.72275 0.00229104 333.871 0.0979622 0.0773035 0.00680625 0.494153 1.4884 89.7675 2.52869e-05 1.7802e-05 1.58406 29.034 2.31367 0.923912 
0.000668435 1.48752e-05 0.00450803 0.000257968 0.0742891 718.279 1.52928e-05 0.0479435 0.0793086 241.12 0.818439 43.013 0.033217 0.0184048 3.88829 19.1982 1.11657 5.08172 
0.0103835 2.35007e-05 0.0066848 0.00155425 2.62356e-05 104.938 0.000953877 1.63641 0.00688624 0.131872 1.18652 236.99 3.53615e-05 0.0769041 2.3176 5.03956 1.16092 3.57778 
0.00110187 1.17812 2.91987 4.64679e-05 5.0051e-05 0.145662 0.262433 0.771704 0.107953 0.189845 0.0262749 12.8342 0.00321764 6.19338e-05 1.42186 43.0607 1.26412 4.69429 
3.16501e-05 2.22047e-05 3.40827 0.316347 0.365801 1301.61 0.0921933 0.0405777 0.0254594 0.0169466 0.118522 102.904 0.000304974 5.26932e-05 4.72645 30.0225 1.31665 0.829389 
6.23451 1.77216e-05 0.002134 0.0229708 0.0260028 58.7931 0.0056006 1.85605 0.0734452 0.467719 0.101194 316.139 0.173553 0.0231518 1.04479 35.857 2.63689 0.276747 
4.80412e-05 0.349376 0.0256192 0.000727532 0.0029909 5.17945 0.00397524 0.404928 0.522213 1.44033 0.019969 298.047 0.0112802 0.0249667 2.56418 44.5723 1.62873 0.338505 
0.00941128 0.00894066 0.489678 0.442404 0.0374058 0.325561 2.37027e-05 0.34708 0.168548 4.52231 0.669704 98.351 0.000147036 0.00627852 4.23716 32.0442 1.48148 1.23943 
0.0366363 0.0963924 0.0166351 4.6429 5.39089 1.3079 0.0401827 1.30518 0.00609278 0.145009 5.80839 410.446 0.00589416 0.00519328 6.72532 41.4215 1.22093 0.345846 
0.00856638 0.000100361 4.14954e-05 0.000184517 0.00010102 0.265392 0.000121495 0.63216 0.853534 0.590698 0.00758553 71.9321 0.00232141 2.0535e-05 0.941427 9.55844 1.46431 9.67056 
0.00674509 0.0038417 8.88968 1.63988e-05 0.0584158 415.498 0.000223809 0.117246 0.0369084 0.796926 1.62879 65.1488 4.63419e-05 0.00437771 1.84265 14.6176 1.70301 8.49332 
0.000210617 1.65182e-05 0.0351087 0.00137944 0.224037 92.056 1.25378e-05 0.690322 0.0193156 3.54885 1.69449 85.6072 0.0108667 0.000136654 1.81268 44.2261 1.1638 1.09731 
0.000345747 1.83174e-05 1.98755 8.46869e-05 0.357197 33.6373 0.000149147 4.11023 0.0102136 0.150599 5.28458 83.9767 0.00888839 0.00479563 0.934732 21.6245 1.56643 9.49822 
0.00126808 0.423265 0.00507501 0.000117266 9.77279e-05 2.57038 1.3779e-05 0.230326 0.23225 92.0981 1.39012 318.594 9.78003e-05 2.93201e-05 1.20112 4.41191 2.98324 2.82175 
0.000208322 0.227053 0.173473 8.8512 0.505135 0.325856 0.136013 1.65975 0.0308028 0.417048 8.27276 221.489 0.004112 3.18897e-05 5.48327 18.2314 1.22642 0.860904 
0.00631882 0.0439824 1.28402e-05 0.000147738 1.8862e-05 2074.04 0.00643099 3.55899 0.261216 3.3402 0.443321 133.105 0.000639081 0.00527287 4.8883 20.8676 0.919449 2.81854 
0.000124082 0.00600672 0.10722 0.00921668 3.2781e-05 630.881 0.000274407 0.247735 0.00863669 0.125703 0.314921 105.06 0.00105451 1.20034e-05 4.75627 16.9513 1.23762 2.29158 
2.42033 3.29612 1.54522 4.50933 1.02152e-05 49.0159 0.000492595 0.851518 0.237947 0.466401 0.0966321 197.11 0.000723232 0.00945181 1.80431 37.2394 2.00103 0.592958 
2.31859 2.26737 0.0914228 0.280763 2.8222e-05 0.0644526 4.48687e-05 3.77062 0.00371583 0.0125842 3.90413 408 0.000121213 0.000614831 1.3956 9.75847 1.20762 3.94566 
1.89395 0.000605787 0.00834649 5.23863e-05 0.0159931 1051.73 6.85697 1.00069 0.0841462 13.2593 4.25822 386.303 0.00576968 0.0303684 1.91339 4.97349 1.64507 4.09473 
1.9715e-05 0.221742 0.0742348 0.000706437 0.0240663 1606.67 0.0195961 0.603224 0.0449079 0.745826 0.0751551 431.814 0.26495 0.00177905 4.55118 15.2917 1.28726 1.23098 
7.61052 0.00184904 0.00512802 0.000207268 0.456288 331.437 0.0300725 0.139125 0.0368238 4.57712 0.461398 140.436 1.49912e-05 0.0424225 4.72565 22.722 1.54003 1.33602 
0.00183015 0.000783278 0.0404581 0.0430751 0.00371057 45.199 0.0100863 0.312073 0.00641035 2.48204 9.21018 329.438 0.00121793 0.0106336 5.85333 35.5232 1.2834 0.432987 
5.56416 0.0119811 0.000632393 1.9645 0.00317553 1850.84 1.54491e-05 0.613858 0.642946 31.6159 0.550374 206.22 0.000147074 1.02961e-05 4.30285 14.0845 1.19378 1.133 
0.00172723 2.52786 1.52182 1.77234e-05 0.00429926 2538.9 0.00050937 0.560955 0.84017 3.37119 0.0596618 149.293 0.0604635 1.60028e-05 1.64913 6.55496 1.42187 5.42874 
0.216859 0.00011271 0.676424 7.81835e-05 0.0357709 0.0343348 0.00046249 0.592939 0.477053 2.75934 0.0576712 78.0374 0.000527739 2.83276e-05 1.29804 8.39754 1.96318 2.80431 
3.71123e-05 0.0117755 0.000218339 0.000506921 0.397345 7.14227 3.27075e-05 0.355387 0.519515 0.326478 0.00122214 116.301 5.29097e-05 6.59008e-05 2.16033 26.6682 1.78688 0.691093 
0.00126822 0.595589 0.0484138 0.0236075 1.49959e-05 2552.16 0.617052 0.422578 0.312884 14.6932 0.257778 103.267 0.234396 2.66867e-05 1.24735 32.8674 1.14838 2.536 
7.58793e-05 6.61492e-05 0.000308705 6.71515 0.0102592 0.499921 0.000203463 1.01777 0.205063 146.927 6.83947 58.605 0.425965 0.000456659 5.25468 18.957 1.10667 5.51745 
0.0019881 0.0488794 0.00429155 0.000923345 0.000652606 1.65452 0.067201 0.349253 0.0924446 5.61465 0.281764 273.177 6.04314e-05 0.0126991 1.24902 3.82825 1.6093 2.18574 
0.015187 0.00167906 0.0615634 8.23403 0.0140143 16.7111 0.000751057 0.218582 0.00533014 0.0114756 1.65183 97.103 0.00048059 0.0291071 1.75306 11.9577 1.22652 5.13889 
6.68788 0.00784158 1.5649e-05 0.0335362 2.3179e-05 4.45146 1.33277e-05 0.52787 0.593791 57.9328 0.115927 46.3267 0.0693953 8.93271e-05 0.974294 24.9099 1.72895 4.44947 
0.0973757 0.033523 9.97198e-05 0.103265 0.00086599 0.260158 0.0615885 1.90103 0.0123902 0.0536854 0.0534814 450.359 0.00046915 0.000160073 1.69525 28.5622 1.45769 0.655076 
0.00149144 0.000493555 0.0942702 0.146158 0.000405617 1.25003 5.73738 0.218756 0.0472868 112.534 2.83968 447.315 6.37712 0.0209406 3.24963 14.2783 1.57792 0.40707 
0.00641392 0.000223813 2.47106 0.000224941 1.29158e-05 1248.74 0.876845 0.359273 0.0859911 245.765 8.83668 409.067 1.10227e-05 0.00364087 1.44639 7.81003 1.1155 1.59883 
0.00113993 0.132303 4.84437e-05 0.00484723 0.00275758 0.696383 0.00765907 3.27372 0.0571254 1.62707 6.10958 200.024 8.79316e-05 0.0257088 2.35026 26.686 1.48361 1.6531 
0.000344358 2.92461e-05 0.00395107 1.13169 0.0161452 777.112 1.93057 1.27168 0.00748233 0.0152359 1.15457 365.124 3.35485e-05 0.000399735 3.50152 13.4033 1.27574 0.525573 
0.000101783 0.00309692 0.0319245 0.00345596 0.000170991 1676.77 3.68894 0.657824 0.0559646 0.0919105 0.0410479 96.0841 0.000478117 3.52806e-05 3.53874 18.3209 1.17824 1.41488 
0.000407505 3.46589 0.00135789 0.00348729 0.000625874 110.531 0.12783 1.40906 0.0199088 1.30212 7.06072 28.2921 0.00547696 2.81731e-05 1.51481 26.9157 1.38299 2.39855 
0.524238 0.0575247 0.0150055 0.82049 0.031206 0.608158 0.0249312 2.99478 0.0779719 1.99801 0.0965598 188.643 0.00342064 0.00151896 2.04622 26.7981 1.58919 0.648764 
0.0798083 0.0023581 0.00159064 7.20221e-05 0.00926625 1.60198 0.00763916 0.961054 0.0129766 2.44207 1.99611 48.4198 1.48954e-05 0.00222101 1.2692 13.5938 1.02452 5.38845 
0.00579238 0.000151802 2.95006e-05 0.00180585 9.57351e-05 1.12168 0.000536897 2.74299 0.0666093 1.20856 0.570864 308.306 0.000469447 0.0240187 1.20942 22.0951 1.75493 1.46181 
0.000853246 0.000913286 0.0733282 0.0574044 5.92095e-05 7.59582 0.503072 1.12698 0.0421221 0.0135872 0.00542612 60.4599 0.206078 0.00501124 1.53361 12.5382 1.15983 4.09932 
4.82521 1.39852 0.792703 0.120419 0.410761 1.66989 0.008575 5.37381 0.0907829 2.61296 0.706316 153.578 0.00561192 0.000166356 1.207 47.3972 1.35249 1.88956 
1.73856 1.02451e-05 0.0065104 0.0959391 5.84295e-05 0.110554 3.35199e-05 0.452683 0.0338716 36.2257 7.51072 49.3866 1.33716e-05 3.36562e-05 1.6694 19.4466 1.68497 4.37745 
3.17558e-05 0.00185595 0.00118959 0.000184031 0.0655091 4.71791 0.0310698 0.835831 0.186659 90.2254 5.25353 257.4 0.00728694 0.0369013 1.77379 4.5953 1.42298 3.31844 
0.276243 1.58962 0.191685 2.19379e-05 0.0214695 10.0162 0.333263 2.75552 0.118062 34.4632 3.14966 54.7477 0.0346171 4.54973e-05 1.3489 38.1058 2.33523 1.99128 
0.000973887 3.61856 0.553458 0.0220764 0.75202 260.663 0.030543 6.41737 0.608335 91.6981 0.294837 242.398 0.00662376 0.000142241 1.11333 45.1748 1.54702 0.648017 
2.77776 0.156321 0.199144 6.10998e-05 0.00985923 2929.71 3.1112 2.09041 0.333892 6.10002 0.0122445 451.791 0.00144245 0.000184479 1.43119 32.4046 1.45531 0.956308 
1.67415e-05 3.38715 8.82821e-05 0.0966905 0.0396547 0.024603 0.00161187 3.58887 0.464214 2.74546 0.0211642 121.931 0.168596 2.6447e-05 1.9218 8.6409 1.13149 4.90109 
2.271e-05 7.06709 0.823532 0.795807 0.359915 916.377 0.000431661 4.12955 0.323605 16.7517 0.317907 427.161 0.00839576 0.00388322 1.13371 3.7491 1.37937 5.72266 
0.00821428 3.52707e-05 0.247332 0.0213423 0.00124812 8.41957 0.0598464 0.69776 0.136514 35.5664 3.32122 66.9589 0.187991 0.000757909 2.11873 21.3384 1.53029 6.00632 
7.80504 6.93601 0.224611 4.39504e-05 3.34559 106.057 0.0200768 0.452769 0.249707 2.32964 0.0844165 113.781 1.39194e-05 2.09658e-05 2.88632 22.4956 1.53953 0.878407 
0.00259558 0.0504702 5.92589e-05 3.93449e-05 0.027485 0.0163038 0.00929019 0.210144 0.447994 33.8935 0.364771 339.049 1.73768e-05 0.000748276 3.08379 2.80656 1.07124 5.79873 
0.129855 0.242786 0.821515 1.17355 2.38551e-05 50.8978 0.0414947 1.0434 0.705026 55.8886 0.126959 253.812 4.22347 0.000428375 1.66885 7.76266 1.55587 5.4989 
0.00358585 0.174369 0.394914 0.000469026 0.00130082 28.8836 7.77499 1.35394 0.0686821 21.0923 3.59528 261.819 0.0176505 8.4165e-05 1.20797 35.4724 1.83976 0.577703 
0.00472238 0.959644 2.51858 0.0852686 0.0566037 2937.73 5.41856e-05 0.101999 0.371875 0.95905 0.0121971 51.1129 0.0130437 0.000162382 1.21312 25.154 1.31632 3.03287 
2.79093e-05 0.0150804 0.000541586 0.0783316 0.146377 4.2535 0.499442 0.959325 0.940277 36.7739 0.115408 197.581 1.40828e-05 0.000584533 2.16345 3.16956 1.46601 4.70929 
0.000378226 3.55073 8.77721 0.00160875 2.6795 0.0193077 0.426984 2.40534 0.0325109 0.0112741 0.0205094 34.8983 0.00195855 0.000872827 1.50798 44.3677 1.53875 1.44854 
0.00117833 0.205899 0.0113367 0.000207732 0.000111401 2163.1 0.000546712 0.733553 0.0617608 0.120402 0.78494 315.192 0.0224923 0.000276266 2.06214 43.1658 1.89504 0.246426 
6.53797e-05 0.00890901 9.2099e-05 8.23097e-05 0.101652 0.0437412 1.19455e-05 2.92849 0.222005 2.44624 0.157134 260.9 0.0325219 0.000872386 2.22053 47.1872 1.7945 0.439819 
0.00171457 0.165204 0.0320348 0.00364489 0.00647314 0.522155 0.255236 1.0678 0.00122573 0.0622529 3.23462 310.429 2.48631e-05 1.54262e-05 1.21605 2.56433 1.23568 5.11479 
0.0358825 0.00133412 1.80923 0.110788 0.011208 0.201054 0.00994833 2.26647 0.0293885 2.55796 6.96711 118.304 0.00330013 0.00235361 0.996324 13.746 1.54404 2.67065 
7.1302e-05 0.0108833 8.56336e-05 0.000612672 0.000696392 2854.17 0.00646834 1.18318 0.0083205 0.0951619 1.86972 84.8392 0.000946408 0.00031532 1.24545 9.88052 1.35495 6.11775 
1.01983e-05 0.00735088 5.69402e-05 0.000854458 0.135486 1207.64 0.0108548 0.406676 0.0745132 0.0525683 0.0168392 184.753 0.000562004 0.0155636 1.12045 6.97411 2.3888 3.36849 
2.0181e-05 2.64214 0.323581 5.6975e-05 1.99716e-05 0.0103228 0.00103659 0.165225 0.0471174 0.95424 0.445343 222.392 0.288695 4.45582e-05 1.57911 5.67297 1.63827 2.86791 
1.18446e-05 0.0147415 8.21183 3.11386e-05 0.000187063 4.77527 0.000802759 0.643592 0.221666 0.923952 0.0147333 477.874 0.0966383 0.0199921 1.68605 24.8009 1.85945 0.332342 
5.04616 6.66582e-05 0.0234593 0.000558115 0.224809 464.672 0.0260858 0.837245 0.0516537 3.25316 0.0483465 179.172 4.0189e-05 0.00014435 1.29458 31.8122 1.47966 0.96076 
0.0374349 0.00111682 0.00038264 0.0016472 0.0998006 0.124404 0.059329 6.84645 0.00928496 0.156737 2.17289 279.423 0.106263 0.000228679 1.61322 11.6677 1.95409 2.19277 
0.000275247 9.62519 0.00164975 0.434437 0.00614929 0.0327504 0.00594809 0.539301 0.00590011 0.214193 0.616527 63.8627 0.000399637 2.87088e-05 1.98248 11.5999 1.65191 5.48279 
2.55146e-05 0.000407495 2.11913e-05 0.639108 0.165557 265.109 2.20024 0.790497 0.00216032 0.0443235 1.36598 48.7361 2.63213e-05 4.18468e-05 1.2553 14.7974 1.99718 8.83127 
0.000790134 0.00375098 2.27402 0.00185771 0.087838 4.17207 0.0273371 0.497695 0.0423 4.93219 0.408274 290.095 1.78805e-05 0.00766021 1.98269 24.6019 1.46541 1.08636 
0.000152662 0.0596698 0.000101273 2.19943e-05 0.0171994 3.71093 0.00154071 1.33068 0.694114 242.014 5.95378 93.0815 0.00294126 0.00439116 2.17996 9.32349 1.08486 3.99409 
0.18955 1.7148 6.96171e-05 0.00138694 5.86629 0.0369738 8.77387e-05 0.218719 0.00896167 0.0919641 6.48936 99.9984 0.000261845 0.000306909 2.03527 7.74392 1.17413 8.26827 
2.46773 8.60541e-05 0.0114524 3.62602e-05 0.00280273 0.0241385 0.0545524 0.376258 0.271655 15.7299 0.337475 31.9499 0.000265659 2.28219e-05 1.39845 36.9045 1.84183 2.41257 
0.00820719 1.21116e-05 0.474355 3.35715e-05 0.00394807 2796.48 0.335088 0.163071 0.286773 21.0804 0.262606 396.944 0.00365037 0.00751912 1.3674 2.22838 1.75953 7.63081 
0.0499663 0.767526 0.00161887 7.08933 0.00218715 0.164224 0.00221115 0.660318 0.0947516 0.948009 0.00772786 453.158 0.00134052 0.00134049 5.90498 17.2345 1.33448 0.551445 
0.190131 6.69942 8.25995e-05 6.50911 0.0203689 0.0116583 6.13433e-05 6.81392 0.0322695 0.114858 0.0850101 205.806 0.113956 0.000989614 1.31249 13.8562 1.67518 5.43222 
7.86807e-05 0.024663 0.00752701 0.00171336 7.33094 0.0111076 0.116362 0.275346 0.0126764 2.42455 1.53465 355.029 0.000923867 0.00318813 4.22307 9.17896 1.02911 1.00613 
0.00378534 0.00222443 2.66266e-05 0.414044 0.00183339 247.283 0.000458042 3.78658 0.313386 252.743 7.92182 423.903 0.0107324 0.0069562 3.76252 40.0911 1.49765 0.433092 
0.84714 0.00117087 0.189269 0.000158833 4.77299 2.4814 0.00882672 1.14287 0.392126 57.3807 0.375778 48.5082 1.54469e-05 2.87762e-05 1.86817 17.9713 1.22819 6.19962 
0.00414183 0.00675684 0.0153912 0.534167 0.0465009 979.647 0.000482339 0.265477 0.0133331 0.0102146 0.00821788 445.919 3.2607e-05 0.000691532 9.68501 23.0141 1.16229 0.611949 
0.000146209 8.62899e-05 0.00185238 1.35706 0.0274432 1.74662 0.133798 0.854299 0.930158 19.3612 0.0143762 322.284 0.0109208 0.0290414 6.37067 9.51359 1.32685 0.925399 
0.00160353 0.000229386 0.000344849 2.42265 0.000212704 0.282019 0.168107 1.66153 0.104874 198.831 1.95471 146.907 0.737842 0.00129585 2.43916 12.5127 1.08887 2.03673 
2.28861e-05 0.635287 0.00475213 5.04771e-05 6.32923e-05 2.81091 0.000868424 3.45417 0.108336 0.0849671 0.0469253 401.392 3.85337e-05 0.0109036 2.1026 24.3354 1.14213 2.11357 
6.80158 0.0107531 0.0465746 0.213163 0.000115095 102.533 0.000313155 0.136682 0.00606117 0.020295 2.133 397.173 0.0368157 0.10535 2.16408 1.54241 1.15205 9.11567 
1.36072e-05 0.00184005 0.0625081 8.15773e-05 0.165975 7.15108 0.00422991 1.53379 0.248744 33.8541 0.866974 106.488 2.0147e-05 0.000587997 2.51641 35.2132 1.0403 1.11247 
0.00582086 0.016411 1.14199e-05 1.06208e-05 0.00206371 668.631 0.247579 0.659615 0.189481 8.00809 0.424915 71.9469 0.00744464 7.34615e-05 2.7694 19.9735 1.79127 2.35068 
6.35508 0.0520776 1.32739e-05 0.00246149 0.0987547 0.0300068 0.487835 2.03656 0.00869623 0.0174965 6.19329 230.242 1.10389e-05 0.0123144 4.32733 34.0129 1.46844 0.505082 
0.189978 2.07466e-05 1.57655 0.0277325 4.03504 0.271191 0.000991099 2.17431 0.244238 3.36809 0.0412069 353.969 0.0108921 0.000283621 1.3056 9.48324 1.74033 1.70004 
0.0970054 0.0273592 0.017764 0.000344712 0.000632085 0.0708448 1.47491 3.24962 0.0215978 0.402022 0.0648588 318.36 0.00142399 0.00012397 3.03559 16.1083 1.17808 0.879266 
7.50257e-05 0.167994 0.0178928 1.6731e-05 0.00113346 12.5121 5.73869 0.632249 0.411487 3.81717 0.0469479 15.7923 0.0126068 2.79623e-05 1.19316 39.4387 1.59207 3.96368 
0.00865527 3.68783 0.148981 2.0362e-05 0.000465558 0.0421081 0.00166428 4.79738 0.0938228 67.5635 5.44483 331.689 0.00597208 0.0124697 1.82861 35.804 1.68114 0.858274 
0.0557866 0.133657 0.000870226 1.75032e-05 1.56276e-05 19.4966 0.02811 2.54925 0.011037 0.315627 5.42432 104.638 0.0001963 0.00232766 1.36688 15.6337 1.77344 7.91398 
0.0552469 0.00429841 0.0136689 7.25612e-05 2.92991e-05 229.693 8.58909e-05 1.04181 0.557653 50.7367 0.266486 151.132 1.91552e-05 0.0186671 4.72147 12.4818 1.019 2.1718 
4.82401e-05 0.618738 2.15306 1.72573e-05 0.00017575 257.264 0.0723625 0.302991 0.710075 2.07663 0.0125766 400.512 0.407317 3.14543e-05 3.95356 7.74995 1.09249 0.973319 
0.83425 0.000398158 0.158031 1.69819e-05 9.42831e-05 130.09 0.865338 0.929218 0.246239 13.7357 0.782677 334.828 0.00306082 0.118667 1.33925 3.45812 1.89481 7.00328 
2.73215 7.64469 0.000558975 1.89514e-05 1.56842e-05 0.0751329 0.0353205 7.04763 0.131157 13.2888 0.107783 52.5988 0.000837071 4.17246e-05 1.45321 36.9598 1.05681 1.58428 
6.26858 0.00215638 0.000185969 0.000339814 0.0165431 0.066382 0.000433775 1.5505 0.00916801 0.0355685 0.0859555 330.944 0.00806677 0.00293128 1.11689 7.95759 2.53043 1.45485 
0.00081241 0.000497315 0.72165 0.662046 0.0186239 78.9979 0.0427365 0.0460158 0.0136662 3.14429 8.00588 69.9688 1.91264e-05 0.00137291 1.45579 22.5717 1.3455 1.65962 
0.00310267 2.79416 0.0135917 7.56214e-05 9.45903 0.383383 3.66013e-05 6.57913 0.315879 269.85 2.70941 252.404 0.00360944 0.0139456 2.45919 11.6119 1.16665 5.03912 
0.0017009 0.711045 0.442883 3.67762e-05 8.56911 0.131207 6.89118e-05 9.50231 0.922566 123.191 1.33718 228.182 1.18609 0.0363842 1.87901 20.8586 1.542 0.548965 
9.67939 2.50514 0.00726401 0.010895 0.512763 13.9815 0.420341 1.31615 0.0750774 9.20429 0.668995 276.495 2.73814e-05 0.000475148 1.10076 7.35547 1.70545 1.55826 
0.0102883 1.85001e-05 0.0148986 0.128909 2.55749e-05 2.23922 0.00676722 3.45572 0.038159 44.3742 8.41943 422.552 0.000189351 0.0207441 1.98049 20.6972 1.27162 2.62897 
0.000300117 0.00259579 0.000508894 0.0760384 3.51445 47.2442 1.35815e-05 0.878692 0.194215 0.406456 0.00703277 222.25 0.291582 0.00179574 3.60836 41.7082 1.28338 1.0315 
2.87211e-05 1.80754 1.03767e-05 0.0198902 0.363267 0.205327 1.92338e-05 2.30418 0.121069 2.23948 0.0796441 83.6359 1.26817e-05 3.47178e-05 1.30804 12.3016 1.53483 5.9222 
0.0452494 0.106279 0.270403 4.47158 0.0167346 0.54488 0.0196611 3.37337 0.719053 0.951764 0.00180943 19.9561 0.000266912 0.00834153 1.00462 32.9418 1.3428 7.6587 
0.000942042 8.8234 1.74696e-05 1.15596 0.000622304 20.582 0.00389062 1.3741 0.0171802 0.464914 6.0036 241.368 0.00625705 1.75416e-05 1.42719 6.05546 1.44171 9.00784 
0.000365343 0.00125052 2.18642e-05 0.000185284 0.749159 111.588 0.0130548 0.208475 0.00642634 3.65546 4.10124 74.3512 0.000701416 0.000372522 1.74784 22.0288 1.2446 2.41963 
1.06513 0.450344 5.06123 0.176816 0.946324 13.5301 0.00370744 0.0357701 0.218035 107.422 1.28867 204.137 0.000828521 2.73021e-05 1.45954 19.442 2.12371 0.540306 
0.00732769 0.00110433 0.000216319 0.00178866 0.00499683 0.628007 2.16075 9.36748 0.503254 314.288 0.271186 242.483 0.0488594 0.00307035 1.08525 8.67947 1.20455 9.65242 
0.356371 0.00406296 0.000596695 1.52647e-05 0.0162852 0.0235271 0.00388618 2.37033 0.136435 26.6859 1.75595 352.444 0.029566 1.00391e-05 1.39499 44.4212 1.45998 1.42474 
0.223262 2.34235e-05 0.0240746 1.40147e-05 0.000610373 168.825 0.00120216 1.76902 0.050502 7.78955 0.336727 134.16 0.973019 7.25873e-05 1.88413 15.8529 1.32088 1.82836 
0.000659948 1.07217e-05 1.44829e-05 3.01886 0.274336 0.91022 0.00550902 3.4422 0.981086 101.156 0.210817 39.0021 0.0193225 1.09474e-05 1.58342 45.7814 1.57507 2.17395 
1.51749 0.897515 0.000239313 2.2735 0.158544 2008.83 0.000916498 0.809982 0.0598075 6.09356 2.52238 151.666 0.096736 5.07162e-05 1.47027 13.7112 1.25537 3.44229 
2.08542e-05 5.91713 0.0243936 0.954204 0.320968 261.661 8.30451e-05 1.65975 0.220383 5.45027 0.767549 166.387 1.53607e-05 0.00122191 3.02606 22.4047 1.36146 0.918348 
1.30919e-05 0.0178205 7.7293 0.00825218 0.000264926 0.853172 0.329504 0.222111 0.159809 0.514216 0.113082 88.1575 2.3647e-05 0.00936663 3.43118 46.5021 1.3259 0.433521 
0.00323019 0.128238 0.994343 6.81006 0.0727018 0.0644213 1.63028e-05 1.41394 0.0675596 47.1284 1.83515 75.6308 0.0399327 1.99276e-05 1.08232 12.8447 3.09051 8.458 
3.20753 0.00174982 0.000293498 0.0159987 2.22651e-05 0.110976 1.05985 2.30822 0.00746708 0.213748 3.46099 125.542 0.0014215 0.00321341 1.33194 29.049 1.58749 1.26785 
9.52995 0.490325 0.000137918 0.000647124 9.61943 40.5463 0.0473638 1.85999 0.164402 26.6274 1.41989 341.807 0.00229987 0.000373041 1.51498 6.16376 1.46582 1.25411 
0.00336274 0.000512908 2.98207 0.00717062 0.0440742 0.20478 0.000666054 0.115939 0.0207171 0.0151417 0.115031 276.623 0.000461245 0.000120398 1.84666 3.42967 1.07265 3.41528 
0.000240562 4.54128e-05 2.97811 0.305743 0.00011565 0.0396425 0.263882 1.8752 0.0347063 0.360674 0.0917091 86.1108 0.000629901 0.0256231 1.71164 10.2771 1.52886 7.25982 
1.27901 0.513693 0.000894148 0.487396 0.00106693 28.2778 0.0326826 2.24098 0.0110285 0.283071 0.584978 19.5041 0.000537196 0.0013787 1.80891 43.3663 1.13284 3.12808 
0.00561178 2.17779 2.10859e-05 1.863e-05 0.00861581 4.68247 1.7027 1.29507 0.00709036 0.055509 1.01924 320.099 7.11351e-05 6.14992e-05 2.04684 14.346 1.15258 1.10732 
0.000103833 0.00059772 0.000190877 3.41618 2.55815e-05 556.243 0.000136531 0.284146 0.0251835 6.0436 0.980465 342.182 1.06465e-05 0.0104823 3.721 2.6207 0.921383 8.26174 
0.000718109 0.00111262 3.3652e-05 0.00014045 7.58329e-05 2032.95 0.352179 0.930812 0.617643 146.655 0.233166 170.996 0.000190993 0.00625713 1.19192 44.0231 1.81041 1.14193 
2.20927e-05 0.023701 0.00037532 0.0120272 5.24649e-05 656.589 8.72524 0.62671 0.684973 18.1606 0.0517912 275.952 0.139409 0.0231998 2.09899 34.5895 2.10156 0.647137 
2.91626 0.0295994 0.00191703 2.48617 0.0589831 188.913 0.000924691 6.50811 0.0864137 0.481542 0.107077 444.385 0.0193078 6.00386e-05 1.56496 10.6907 1.31106 1.57625 
0.285037 0.42597 0.00376717 4.48926e-05 4.61506 0.0336109 0.000605179 3.04663 0.0353197 3.27608 0.852526 369.59 0.000522343 5.28061e-05 1.91285 13.2239 1.29282 1.0501 
8.77984e-05 0.39614 0.000943225 0.00045745 7.45533e-05 418.218 0.000595697 0.538281 0.322619 328.906 2.72157 151.949 0.000546839 0.000319339 1.47036 9.8639 1.3526 3.58098 
0.00118496 1.07201e-05 0.955765 0.00128673 0.000153236 529.329 0.16328 6.44816 0.138442 89.3702 5.84026 454.357 0.0282681 0.00691178 2.62644 45.9159 1.18554 1.10014 
0.0519122 2.44924 1.39098 0.136021 0.000913283 3.12294 0.0468437 1.63989 0.00800906 0.0575136 5.61272 58.7711 0.00645647 8.3975e-05 1.209 16.9782 1.82084 8.05175 
0.000100016 0.00160191 0.0449135 9.93327e-05 0.853364 106.506 0.0118268 0.203209 0.00629162 0.105008 0.137015 17.8025 0.0022454 6.81143e-05 1.5671 22.4835 1.2688 7.21395 
0.0739386 0.000943724 0.00396328 5.86559 0.228865 1998.79 0.00409906 1.05829 0.0150106 0.11438 0.556982 223.002 0.000141651 0.000165372 1.1251 10.2865 1.6697 2.11862 
7.62837 0.131167 0.00049408 0.000425038 0.0338114 2027.67 0.000264797 0.24546 0.0388707 34.8739 5.10839 418.127 0.0148313 0.00253335 1.29638 6.05256 2.02004 1.11249 
3.07227e-05 0.00306062 0.696776 0.4163 1.3039 2.08985 0.0414369 0.79884 0.365582 8.54024 0.132813 99.2469 0.00221526 0.000349809 1.42218 12.8401 1.42799 2.59722 
0.0162062 0.589195 0.596823 0.00036315 0.000979513 0.976825 0.000178188 0.196993 0.348674 3.41059 0.0234706 183.05 0.00192645 0.00022691 1.94109 26.9774 1.22616 0.572062 
2.66902e-05 0.00486845 1.65471e-05 0.627178 0.000262888 265.977 0.00355091 3.09915 0.00611973 0.858462 8.32923 208.601 0.000180597 2.67835e-05 2.23447 38.9023 1.26198 0.367252 
3.35006e-05 9.94028 0.0124263 2.21259e-05 0.000876437 2165.68 0.327249 0.456102 0.0190871 0.178469 0.264109 426.431 0.0165265 0.000886918 1.80538 2.19768 1.16707 3.43496 
9.17594 0.00253078 3.24147e-05 0.303291 0.00252125 0.0414424 1.77863e-05 2.60477 0.206562 2.08801 0.368194 85.7716 8.49997e-05 0.000425927 1.71601 9.13186 1.47574 6.32016 
1.49732 1.03554 3.06868e-05 0.000313291 0.706389 596.903 0.000490226 2.03815 0.0987723 3.56296 0.531516 320.839 0.000739748 0.000838227 2.82273 46.1286 1.29817 0.189115 
0.00387687 5.83843e-05 0.530018 0.000395134 1.01715 197.072 0.083805 8.80169 0.0134096 0.046622 1.08171 281.602 0.030624 4.52786e-05 2.64579 10.4673 1.22932 2.66981 
7.13373e-05 2.2983 1.9412e-05 0.000203295 0.182217 4.22412 0.000523221 0.167355 0.0398855 63.6583 9.94157 240.454 0.00368985 0.0137439 2.78804 8.79332 1.33809 1.05818 
0.544256 0.299049 5.83276 4.20898 0.000988175 2.86112 0.0308273 0.788372 0.0619792 1.87505 0.222618 268.26 0.0820722 0.00584732 1.65526 47.2078 1.74725 0.278502 
1.20027 0.00109648 0.0122474 2.85129 1.24398 0.391779 0.317012 5.55459 0.0106106 0.483142 8.51634 354.833 0.0696146 3.20983e-05 1.81238 47.2124 1.66949 0.254702 
0.162524 0.00513864 0.00525049 0.0328868 1.20506 87.7163 0.000862707 0.11917 0.0624028 14.5626 0.159339 373.957 0.000857519 0.100265 2.26308 15.142 1.51681 0.528872 
0.00562121 9.05761 0.0306367 0.882847 5.7397e-05 109.904 1.69184e-05 0.642263 0.0315393 2.24804 2.67089 459.326 0.0724259 0.0785192 1.45226 29.7933 1.87771 0.286001 
