-40520.12033
-40472.09633
-40459.37731
-40431.79663
-40421.31162
-40405.55568
-40354.82037
-40318.13391
-40298.5771
-40286.46552
-40184.99594
-40177.48885
-40143.84227
-40081.47978
-40056.44345
-40028.61927
-40027.86921
-40002.55714
-39988.9376
-39946.78002
-39869.09169
-39866.90741
-39865.79639
-39849.30894
-39821.75548
-39757.11695
-39662.06418
-39565.72127
-39496.03132
-39484.68881
-39468.35917
-39439.72887
-39435.99276
-39421.60675
-39406.68466
-39339.24687
-39330.25988
-39267.62618
-39266.73889
-39264.09154
-39247.70914
-39228.05297
-39161.55261
-39144.98361
-39140.47904
-39138.26513
-39116.73564
-39103.35064
-39083.44537
-39051.52903
-39019.92217
-38858.69567
-38847.11314
-38836.80345
-38739.11662
-38724.65834
-38686.55623
-38626.56365
-38603.66524
-38599.27612
-38597.45824
-38583.21013
-38571.26954
-38557.52284
-38550.86871
-38507.32253
-38482.18319
-38452.47675
-38442.56944
-38433.09763
-38419.52241
-38417.51404
-38411.47498
-38408.94603
-38386.51401
-38299.51177
-38268.22745
-38225.10878
-38209.85227
-38205.85822
-38159.46107
-38133.30165
-38125.24829
-38068.90699
-38021.77262
-37914.22441
-37900.23318
-37858.54173
-37853.12304
-37827.05814
-37819.9722
-37803.10534
-37711.11901
-37671.83112
-37627.27371
-37624.65877
-37595.61275
-37576.82468
-37562.85607
-37554.49579
-37554.0629
-37517.12486
-37513.54008
-37443.12132
-37403.86818
-37377.82643
-37363.81269
-37350.20021
-37324.28619
-37317.35266
-37305.81402
-37303.98542
-37283.90232
-37267.38733
-37206.89312
-37192.39562
-37173.17026
-37166.45963
-37158.01344
-37149.46866
-37129.31818
-37114.47472
-37074.76582
-37014.86653
-36995.74455
-36991.8398
-36986.00127
-36957.35364
-36945.98662
-36911.69597
-36884.44294
-36822.03711
-36816.7985
-36782.56277
-36772.53572
-36759.52174
-36696.77119
-36648.54412
-36626.89585
-36582.56363
-36558.51777
-36537.64694
-36500.63798
-36476.17499
-36408.91834
-36392.7699
-36381.86586
-36289.95387
-36266.02776
-36254.55175
-36162.16456
-36137.36065
-36132.11172
-36087.23171
-36021.47967
-36001.07269
-35995.84985
-35973.38485
-35955.73846
-35948.83279
-35911.34087
-35826.14817
-35803.82932
-35803.52901
-35745.61049
-35740.61658
-35607.23732
-35567.15085
-35518.75577
-35486.58206
-35474.71605
-35473.94365
-35456.82115
-35455.37903
-35406.9265
-35398.51844
-35372.06506
-35363.0824
-35342.53458
-35266.70331
-35232.13604
-35193.34466
-35173.61977
-35158.01311
-35119.81466
-35111.92086
-35078.13826
-35062.704
-35047.67194
-35027.85835
-35013.2859
-34998.65568
-34997.86234
-34971.90566
-34965.75011
-34949.63838
-34829.41521
-34709.65729
-34645.89258
-34597.6398
-34591.5179
-34580.3015
-34574.18028
-34545.20513
-34479.40009
-34466.18518
-34452.1051
-34344.51859
-34260.58052
-34125.86115
-34044.26877
-34039.3782
-34018.72509
-33974.60445
-33964.68118
-33936.59512
-33893.50457
-33853.00443
-33828.50785
-33784.44302
-33603.41737
-33574.76062
-33416.37556
-33376.41253
-33374.32081
-33371.20403
-33265.76718
-33264.08976
-33248.06173
-33245.13595
-33202.49905
-33159.21876
-33026.66636
-33006.83645
-32969.24823
-32936.53324
-32897.9961
-32842.65698
-32818.86576
-32798.32859
-32773.84634
-32666.99877
-32569.98692
-32533.932
-32476.50722
-32411.87438
-32406.48795
-32371.96854
-32353.81175
-32337.98581
-32319.69082
-32272.00473
-32141.59895
-32059.01636
-31941.47784
-31925.19965
-31915.42402
-31901.47354
-31897.45077
-31867.6855
-31849.76711
-31805.39839
-31795.13898
-31775.1965
-31741.87191
-31706.80434
-31685.98819
-31680.8304
-31623.8047
-31615.22228
-31592.06695
-31543.28367
-31527.44936
-31518.23553
-31426.78754
-31416.51511
-31349.29973
-31323.32507
-31214.69039
-31186.85729
-31172.55938
-31145.88994
-31112.0814
-31075.25856
-31031.69156
-31014.4121
-30964.0235
-30939.52903
-30934.03476
-30924.99496
-30920.11788
-30886.02777
-30842.34305
-30831.47374
-30778.80231
-30665.39117
-30571.42464
-30505.82817
-30366.32988
-30297.36096
-30191.24945
-30167.20277
-30049.84041
-29998.6304
-29934.02792
-29852.80769
-29831.34964
-29772.74061
-29750.89519
-29664.95994
-29583.21314
-29502.93867
-29420.0241
-29415.85381
-29337.79932
-29308.13025
-29216.86188
-29213.57471
-29188.72638
-28916.20097
-28829.17385
-28727.29417
-28724.34445
-28542.96519
-28522.76684
-28503.16178
-28419.87772
-28377.72822
-28341.27649
-28231.03159
-28195.24171
-28135.92892
-28111.31918
-28061.84535
-28057.45632
-27944.4697
-27891.84302
-27863.7825
-27783.24037
-27697.07901
-27692.89047
-27573.71516
-27388.15429
-27365.54771
-27306.18876
-27186.99912
-27126.52544
-27115.34188
-27085.13499
-27054.26515
-26738.77143
-26672.15327
-26645.70018
-26604.74354
-26582.85091
-26510.93103
-26509.89993
-26406.67867
-26347.55155
-26329.86411
-26317.55758
-26253.57404
-26242.68218
-26132.5013
-26085.48982
-26054.97064
-26012.98086
-25916.46681
-25883.11157
-25855.46773
-25849.88671
-25692.99928
-25644.31755
-25430.39676
-25249.44526
-25225.51224
-25152.27666
-25125.98026
-25039.63542
-25022.46526
-24975.37903
-24839.84636
-24825.94473
-24798.10276
-24771.60906
-24715.21502
-24674.999
-24583.61871
-24572.11976
-24492.40426
-24481.62998
-24378.56207
-24314.55849
-24270.92985
-24256.91603
-24252.59309
-24234.46055
-24102.445
-24088.34064
-23882.23124
-23815.14569
-23735.2679
-23470.00797
-23304.33384
-23226.07896
-23096.71651
-23078.82202
-22742.80227
-22675.67003
-22419.90899
-22357.40137
-22343.33136
-22317.88227
-22113.7165
-22087.83607
-21976.37824
-21973.36148
-21948.7647
-21787.33688
-21774.9692
-21774.20919
-21654.23757
-21506.68054
-21496.73498
-21216.07874
-21189.73656
-21045.82122
-20801.2136
-20565.28735
-20343.2569
-20290.64287
-20042.67609
-19978.53942
-19862.67707
-19661.11585
-19526.18204
-19436.98086
-19418.60983
-19287.64238
-18973.66752
-18958.09763
-18771.0362
-18745.93558
-18690.99011
-18650.76709
-18639.10028
-18622.17501
-18546.93028
-18435.48192
-18234.53629
-18183.97067
-17989.23861
-17747.35761
-17615.67641
-17578.98037
-17462.64685
-17432.8056
-17312.80182
-17300.66179
-17176.13455
-17075.96017
-17070.57333
-16831.67303
-16748.52432
-16688.44212
-16539.29963
-16429.42865
-16363.38749
-16287.3644
-16043.3191
-15956.33909
-15634.90113
-15499.80813
-15052.4132
-14929.21812
-14392.52291
-14098.56893
-13488.37206
-13261.99152
-13207.85479
-13018.95338
-12690.64998
-11618.01182
-10271.8448
-9345.917182
-9340.30773
-8763.035124
-8353.436951
-8161.209106
-8156.075924
-7575.572953
-6146.56232
-5799.644361
-5162.350499
-4833.892586
-3967.52395
-3540.607084
-3398.478786
-3187.762401
-1338.341526
