-174.1591785
-174.1469175
-174.1371441
-174.1260909
-174.1178031
-174.1112733
-174.1102543
-174.0959125
-174.0947208
-174.0894445
-174.0851996
-174.0805235
-174.078638
-174.07251
-174.0701431
-174.0544615
-174.0529592
-174.0504464
-174.041679
-174.0328691
-174.0321575
-174.0295482
-174.0272769
-174.0244705
-174.0196898
-174.0177163
-173.9811426
-173.9752343
-173.9720626
-173.9691717
-173.9541669
-173.9443192
-173.9411568
-173.937463
-173.9350164
-173.9339396
-173.9214363
-173.9194208
-173.8798655
-173.8696018
-173.8682833
-173.8665345
-173.8581105
-173.8579106
-173.8518798
-173.8511483
-173.8501495
-173.8491935
-173.8317862
-173.8312725
-173.8267208
-173.8235671
-173.8180856
-173.7988933
-173.7969251
-173.7891184
-173.7850322
-173.769562
-173.7576806
-173.756976
-173.7562175
-173.7526437
-173.749377
-173.7437623
-173.7402135
-173.7386978
-173.7299077
-173.7294929
-173.7234001
-173.7001558
-173.6982847
-173.6941288
-173.6927782
-173.6906138
-173.685289
-173.6812884
-173.6766524
-173.6487881
-173.641241
-173.6393069
-173.6313388
-173.6309689
-173.6214712
-173.6171539
-173.5945551
-173.5873959
-173.5813565
-173.5799594
-173.5763109
-173.5559
-173.5429844
-173.5328678
-173.5270119
-173.5254059
-173.5121731
-173.5094568
-173.4988653
-173.4888719
-173.488575
-173.4785506
-173.4721235
-173.4528392
-173.4470891
-173.4225602
-173.4124189
-173.404739
-173.3984171
-173.3941068
-173.3929325
-173.3837606
-173.3824668
-173.3811512
-173.3804468
-173.3584067
-173.3582212
-173.3487749
-173.3439021
-173.3413681
-173.3400399
-173.3392266
-173.3355596
-173.3058196
-173.3057207
-173.3035575
-173.3018714
-173.2626337
-173.2622677
-173.2544729
-173.2466899
-173.2463615
-173.245899
-173.2297381
-173.1993693
-173.1873537
-173.1844671
-173.1683722
-173.1563753
-173.1558087
-173.1548771
-173.1402944
-173.1383424
-173.1379472
-173.1261015
-173.1235366
-173.1162618
-173.1071469
-173.1040957
-173.1012137
-173.0960326
-173.0861556
-173.0703685
-173.0611882
-173.0365421
-173.0292633
-173.0287422
-173.0170108
-173.0146146
-173.0013256
-172.9950533
-172.9780777
-172.960038
-172.959223
-172.9415058
-172.9394844
-172.927715
-172.9159805
-172.9152487
-172.8943288
-172.8873602
-172.8844516
-172.8724771
-172.8713592
-172.8696398
-172.8589744
-172.8426713
-172.807903
-172.8051657
-172.7902093
-172.7872661
-172.7501668
-172.7489458
-172.744858
-172.7334311
-172.7286418
-172.7170794
-172.7155442
-172.7144916
-172.7111877
-172.7102397
-172.6992035
-172.6840781
-172.6711051
-172.6660514
-172.6628057
-172.6430276
-172.6426286
-172.628736
-172.6118549
-172.5944934
-172.5930265
-172.5854538
-172.5824535
-172.5700619
-172.5696867
-172.5641008
-172.5587592
-172.5545674
-172.5496072
-172.5330132
-172.5294028
-172.5288844
-172.5186109
-172.5126686
-172.5120943
-172.5085233
-172.4992784
-172.4940479
-172.4922011
-172.4884262
-172.4828838
-172.4769345
-172.4585181
-172.4124443
-172.4086718
-172.3638955
-172.3513717
-172.3480676
-172.3329843
-172.3319141
-172.3001016
-172.2859794
-172.2765309
-172.2691915
-172.2652797
-172.2643073
-172.2555979
-172.2518762
-172.2267555
-172.1932536
-172.1838628
-172.1766602
-172.1733312
-172.1664805
-172.1553126
-172.1508661
-172.1396367
-172.1279987
-172.1265449
-172.1126354
-172.0940093
-172.0629703
-172.0397683
-172.0316559
-172.0073388
-172.0061231
-171.9886624
-171.9838693
-171.9815326
-171.9800007
-171.9655768
-171.9642014
-171.9593289
-171.9507468
-171.9499493
-171.9254478
-171.908716
-171.8849043
-171.8628493
-171.8453775
-171.8435024
-171.8381832
-171.8247046
-171.8244811
-171.8204082
-171.8033066
-171.8012472
-171.7968725
-171.7901585
-171.7777846
-171.7644907
-171.7599356
-171.754957
-171.7526376
-171.7443547
-171.7277163
-171.7076555
-171.6641833
-171.6579307
-171.6534724
-171.6524036
-171.6418639
-171.6239407
-171.6156528
-171.5956335
-171.5865502
-171.5706149
-171.5608726
-171.5592145
-171.5339169
-171.5205257
-171.514127
-171.4942059
-171.4660587
-171.4648297
-171.4571825
-171.4569206
-171.406458
-171.3648248
-171.3563659
-171.3538871
-171.3481318
-171.3251504
-171.295881
-171.2830314
-171.2669007
-171.2651156
-171.2632136
-171.2467796
-171.2369393
-171.2186511
-171.214425
-171.2115572
-171.1925409
-171.1896468
-171.1643121
-171.1626242
-171.1491808
-171.1257828
-171.1194407
-171.0933789
-171.092439
-171.0875498
-171.0844537
-171.0659658
-171.0556278
-171.0176947
-171.017467
-171.0159776
-171.0154229
-171.0038531
-170.9993467
-170.9962192
-170.9589609
-170.9433561
-170.9425213
-170.9392617
-170.9008662
-170.8964402
-170.8883072
-170.8573326
-170.8456606
-170.8429014
-170.8416747
-170.8334873
-170.8316227
-170.8125359
-170.8115508
-170.8017584
-170.7978718
-170.7960641
-170.7589329
-170.7309895
-170.7260639
-170.6893786
-170.6843135
-170.6699535
-170.6687672
-170.6668343
-170.6628793
-170.6580743
-170.6414382
-170.6331977
-170.6054036
-170.5789336
-170.5686052
-170.544723
-170.5414383
-170.5412624
-170.5268166
-170.5193267
-170.4727317
-170.4642733
-170.4441816
-170.4384114
-170.4308173
-170.4188092
-170.4090182
-170.4041741
-170.3683413
-170.3657237
-170.3617246
-170.3614209
-170.3462682
-170.313417
-170.299278
-170.2714842
-170.2697378
-170.2550971
-170.2532537
-170.2292128
-170.1984825
-170.163106
-170.109913
-170.0989688
-170.0795791
-170.0657076
-170.0614538
-170.0566905
-170.0514965
-170.0096072
-170.0086111
-170.0053694
-169.9650995
-169.9549427
-169.9463597
-169.9377574
-169.9002676
-169.8993289
-169.8896051
-169.886841
-169.8736554
-169.8517937
-169.8468133
-169.8260764
-169.8259962
-169.8121343
-169.8105986
-169.7186347
-169.6726683
-169.6486672
-169.6160734
-169.5813112
-169.5694073
-169.5556176
-169.5465426
-169.541429
-169.5335719
-169.5204705
-169.511068
-169.484406
-169.4321087
-169.4183241
-169.329308
-169.3013285
-169.2876781
-169.1715381
-169.1473481
-169.1278044
-169.1126885
-168.9955192
-168.8506895
-168.8485746
-168.8384395
-168.8050468
-168.784005
-168.7492123
-168.7142655
-168.7048534
-168.6979689
-168.6365262
-168.6107182
-168.5558052
-168.523468
-168.5218369
-168.5031131
-168.4920098
-168.2715488
-168.234559
-168.2312486
-168.1645489
-168.1569759
-168.1157269
-168.1077481
-168.0191459
-168.0061054
-167.9602518
-167.7794409
-167.738108
-167.5289555
-167.4303624
-167.3943566
-167.3349912
-167.307847
-167.2640916
-167.1286686
-167.110297
-167.0868353
-167.072451
-167.0224653
-166.6410846
-166.6087629
-166.4974578
-166.4866751
-166.4717114
-166.3844943
-166.3408195
-166.1061379
-166.0259952
-165.174871
-164.7605273
