3.56013e-05 7.8555e-05 3.27223e-05 0.00304691 0.0738717 352.575 0.707141 0.551984 0.000265156 1.11883 8.00162 42.2626 0.0114201 0.000360114 0.0500923 15.2398 0.453065 0.0473123 
1.46577e-05 0.000537864 0.000212963 0.00271743 9.12972 775.082 0.403509 0.0018724 0.412931 2.48598 0.0521311 29.6749 0.00835144 0.000434025 0.00556657 0.0397052 0.166531 0.960904 
0.00155988 8.64146e-05 0.00318527 2.44277 0.121479 0.0385811 0.786512 2.8253 0.00736375 0.123782 0.0360006 0.238336 0.682741 0.857944 1.4805 0.372693 0.0014976 0.0649862 
3.17613e-05 0.1897 1.21489e-05 0.000597989 0.00106167 2489.1 0.276712 0.000373368 0.00126103 10.6282 0.365672 0.23163 4.95268 0.000628033 0.00213703 0.0634255 0.00368289 6.53837 
0.000249245 2.1721 0.222542 1.49015e-05 0.0355421 3.61776 4.06555 0.0292067 0.0001564 0.0371503 2.22766 0.0426472 4.31484 0.146445 1.56535e-05 1.05092 0.00540358 0.00256009 
0.000303474 0.000698215 1.40751e-05 0.000103696 0.000390753 322.41 0.115163 0.00478261 8.38951e-05 0.994499 2.30116 2.46575 2.39479 6.43683e-05 2.57382 0.101545 0.00097036 5.88298 
0.611349 1.03301 0.000205622 1.05952 0.000264514 17.2903 4.27383e-05 0.108985 0.00319597 3.59752 0.0159175 7.82903 0.819025 0.18302 0.000384756 0.0762562 0.0132349 1.59235 
0.00253516 2.61217e-05 3.06538 8.6863 1.48322 0.842912 2.35159 7.50102e-05 0.118588 12.6242 3.28725 484.985 0.197621 0.000320538 0.00335221 0.0663198 0.224704 0.0719794 
0.000220462 1.03057e-05 0.0408652 0.00276397 5.33447e-05 71.8115 3.64193e-05 0.394771 9.01691e-05 0.0498191 0.00418548 0.0520509 0.27523 0.0172326 0.0583596 0.658386 0.00371168 0.342336 
0.000282101 1.83133e-05 2.80251e-05 0.00331045 1.67631 139.47 2.91441 5.61189e-05 1.98471e-05 251.293 0.00833194 0.037835 0.256574 0.0254938 0.017536 0.449292 0.236061 5.71705 
0.0525686 0.0450254 0.0145552 2.61294 7.08313e-05 746.914 6.13612 2.9267 0.00530822 0.485127 0.00133092 105.866 7.41651e-05 0.00677846 1.05928 48.6033 0.000133604 0.0147735 
2.72867 3.33053 1.91324 0.000111172 0.000919036 25.8876 0.0344457 0.147573 0.00614412 0.368088 0.649336 0.0380704 0.000783027 0.00169326 0.000171092 37.2357 0.034604 0.0144507 
3.55951e-05 0.0192949 2.06109 0.00837391 0.00378344 596.841 0.000878146 0.000310482 0.00329534 45.3717 3.08849e-05 7.6534 0.000355604 0.033516 0.000181923 0.62743 0.299167 1.28418 
1.87698e-05 0.0402925 0.309164 0.963596 0.00239225 20.6998 7.30238 0.141478 1.16314e-05 184.999 0.427271 337.043 0.0466689 0.617011 0.0683932 1.14234 5.52279e-05 0.0134996 
0.112669 0.284819 2.43026e-05 8.51615 0.234153 378.45 5.93375 0.00152392 0.00907173 4.63989 0.0275341 68.6925 0.00507732 0.109879 2.39096e-05 0.259124 1.73762e-05 0.319085 
0.00252293 0.0254924 0.00011319 3.49943 0.0246072 1988.8 0.00450798 0.0153991 0.0686077 8.84517 0.415933 1.48374 0.000303232 0.469815 2.24847e-05 0.340109 0.000770975 2.30984 
0.024393 0.000847308 0.000110379 0.449217 3.79264 43.6177 0.00070004 0.00238052 7.502e-05 80.3274 1.05192e-05 27.6218 7.92228e-05 0.31478 0.101206 0.49146 0.021642 0.0619719 
0.111529 0.00081335 0.107489 0.0822472 3.21381e-05 1.29039 1.28484e-05 0.00112317 5.48576e-05 0.0177904 2.11443 0.108114 0.022557 0.000237837 0.00542323 20.1926 0.000204361 0.00802676 
1.51782e-05 0.0158389 0.00896419 1.03685 3.62429 326.452 4.64619 7.91904e-05 0.00117356 0.0376262 0.000181614 115.61 0.00092388 0.150468 0.0236033 0.0604286 0.000101459 5.76512 
3.24474e-05 0.000225316 0.0103186 0.0725328 4.73664 606.321 0.00137986 3.20617 3.16851e-05 22.5831 1.95341 42.9328 0.00488393 0.044032 0.00318542 0.319418 0.116384 2.65525 
0.000106687 4.84796e-05 0.19524 1.21337e-05 0.00211616 5.81543 0.0641431 0.0227259 1.29158e-05 16.5069 0.00073276 0.0324198 0.363769 0.000378548 0.0024276 23.2541 0.0206377 0.0638894 
5.68268 1.04861 0.0118843 4.92158 0.000842024 0.141516 0.638821 1.22268 0.00525304 0.04174 1.47408 35.5229 0.000503224 7.65339e-05 0.0413547 0.078012 2.89559e-05 1.48721 
0.33303 3.81379e-05 0.0154152 1.36041 0.0728274 18.804 0.941414 0.00294869 9.6116e-05 0.0108746 0.016427 0.0728628 0.168064 0.0207018 0.00410374 7.20279 0.023491 1.31641 
0.00187507 0.000638595 0.323856 0.00114425 0.003021 1223.93 0.48989 3.8509e-05 0.000124566 18.6945 0.000124965 1.3935 0.46532 0.000160726 0.0228851 8.82087 0.06265 0.232169 
0.0296818 0.0261695 9.84528e-05 0.00280673 0.0104266 0.32282 1.12169e-05 0.913275 0.00361426 80.4825 0.00208999 0.0231449 0.00196834 0.00241564 6.8883e-05 1.31875 0.125886 2.81271 
0.0260813 2.48931e-05 1.11701 6.5599 8.74121e-05 10.0266 1.23146 0.0005691 0.758176 1.73862 0.782466 0.310491 6.09746e-05 0.0504039 0.96611 0.756563 2.09214e-05 0.504706 
0.783884 0.167609 0.238946 0.00187145 6.8545 368.408 0.000699876 0.0245024 0.326669 0.0130142 0.00165981 0.234019 3.39829 0.664023 0.00314672 43.9771 0.00751502 0.00152483 
0.000193041 0.00316409 5.86931 0.119202 0.0022345 0.398531 0.0562848 0.00815134 0.00475841 0.226346 0.021555 5.07451 0.000363838 0.0806843 0.203021 8.28491 3.92891e-05 0.323518 
4.06612e-05 1.30435e-05 4.26637e-05 4.81142 0.00503701 33.9393 6.69442e-05 1.43702 0.656906 10.6185 0.00195426 411.184 7.22722 0.512399 0.245253 0.0737046 0.0485514 0.632169 
0.00279467 0.000501003 1.65976 0.0291652 1.80006 1261.31 1.70788 6.35552 0.000972272 137.065 0.00060146 62.8515 6.05619e-05 0.174543 4.4058 2.3739 0.000187769 0.143504 
0.00215939 0.414671 0.00174813 9.60039e-05 1.35335e-05 264.503 0.00154652 9.1034 1.54628e-05 0.256809 0.0130053 3.6611 4.06489e-05 0.0416427 0.0700286 1.55323 0.449103 0.384131 
0.000672175 0.741185 0.573215 3.63425 2.37977 108.661 0.000525055 2.78383e-05 0.0307128 0.0512541 0.00759808 0.617827 0.0374455 0.00578076 0.0094915 2.61171 0.00439479 0.406508 
0.270516 0.00364602 0.00995713 1.25521e-05 0.00115774 25.0175 8.33134e-05 2.88569e-05 0.424284 3.43934 0.30101 0.025718 0.00180872 0.00268357 0.0202765 3.95495 0.00513225 0.180088 
0.00348767 6.62854e-05 0.00786829 0.00113335 1.01459e-05 1.09545 0.000198484 0.000154592 0.0664843 18.2668 1.07486 162.674 0.00342722 0.000130249 0.00559552 0.326556 0.140867 0.0285381 
1.85446 0.0118635 0.00114938 0.000128098 0.019175 798.123 0.00202201 3.81913e-05 0.073801 0.0787162 1.57471 38.0057 0.816938 0.754735 0.0756277 0.563362 0.788476 0.0287764 
0.0119307 2.16115e-05 1.73134 0.543361 0.893251 136.918 1.13443 1.05841e-05 0.0022088 0.058257 0.0197859 18.5075 0.340165 0.00107774 0.0148326 0.708751 0.000111602 0.935318 
0.00199383 0.0333963 0.0242415 0.000142141 0.00347277 1854.43 0.0035884 3.33124e-05 5.96008e-05 365.882 0.000566696 0.489626 0.000622007 0.000363687 0.501748 46.4223 2.31879e-05 0.154048 
4.79888e-05 2.85803e-05 2.49863 5.2742e-05 0.535672 33.6757 0.00790863 2.49987 2.24499e-05 82.5408 0.000540383 0.0279339 0.00523571 0.749916 0.00278101 0.0301553 0.000952217 1.20111 
0.000167231 0.00176449 0.000851077 1.31733e-05 0.330489 5.66535 0.000259367 0.00192413 0.000319091 156.945 0.000415234 0.209753 1.48227e-05 0.707074 0.00961197 0.74271 0.0600703 0.315011 
0.00379739 0.987511 0.048122 1.36275 0.0019472 10.43 0.236648 0.000102059 0.181272 0.247737 0.172593 138.972 6.49321e-05 0.00175622 0.0316088 12.7165 0.000192458 0.000488842 
5.43982 0.01821 0.0101748 0.000398195 0.00640793 0.0647239 0.000124521 0.000577409 0.000433978 0.533602 0.000139205 0.529624 1.33017e-05 0.00577495 0.000161471 6.1469 0.000156094 0.0839085 
0.0103634 0.00279389 1.06619 0.000457358 0.177657 171.932 1.80264e-05 2.86071e-05 0.77895 156.162 1.71088e-05 0.73891 3.74052 0.623029 1.03146 35.1199 1.46033e-05 0.00103791 
4.85047e-05 1.29456e-05 4.96808 0.00223107 0.00224916 0.160655 0.00756663 0.017683 0.0019175 4.09787 1.19837 445.015 0.0771735 0.0245509 0.0504853 0.0233702 0.00243532 0.499802 
0.299888 0.0158552 0.000412341 0.497511 0.650302 18.4354 0.0509666 0.0257275 0.249968 0.306873 3.48912 15.1514 0.000261877 0.000321227 0.491396 0.0456106 0.00022026 0.584531 
0.050027 0.000206838 1.50193e-05 0.000373093 1.06818e-05 0.371656 4.74911 0.943912 0.000295787 0.123018 0.00151305 1.05528 0.141898 0.0197756 7.97346e-05 3.09839 0.00364176 0.198297 
0.798164 0.000176604 0.000734826 4.02581e-05 7.00861e-05 0.381595 0.652152 3.59717 0.000164475 1.5597 0.0851159 13.3016 0.0207124 0.00505449 1.82097 34.1833 0.00602791 0.023227 
0.000117221 0.0819482 0.000144802 0.00502452 0.00392774 115.332 1.84782 0.0202914 1.1039e-05 0.0284833 1.02101 0.183781 0.00107776 0.119953 0.000206193 0.240384 1.16677e-05 1.71736 
0.0201662 0.00393073 0.255984 0.0188606 5.73837e-05 19.5595 0.00133872 0.00503461 0.619908 0.0480434 8.66169 3.0526 3.85606e-05 0.142945 0.00096327 8.51091 0.00253452 0.00103448 
0.372302 2.11588 5.09039e-05 5.9984 0.0558864 0.0229708 0.0496456 1.12054 0.00167961 0.0114168 0.0043936 212.436 0.00843665 0.00365184 1.1631e-05 2.04793 1.8427e-05 0.486968 
1.5502e-05 7.2289e-05 0.329462 1.13054 1.73412e-05 0.398531 0.000598251 0.748453 0.00497834 1.60786 0.976153 40.4055 0.0125446 0.00297477 0.00326093 4.62982 0.00319604 0.0387541 
0.00102107 0.374157 0.020205 8.86319e-05 0.686115 12.0355 1.18192e-05 0.000145971 0.00129533 0.0174604 3.42203 3.60013 0.00725436 0.0918891 0.0176717 1.63874 3.57942e-05 2.18159 
0.0697248 0.0053263 0.0191163 0.000106086 5.99224e-05 435.105 0.000373525 0.000200657 0.00271397 106.573 0.109116 2.44759 0.353856 2.92804e-05 0.0206015 2.2442 0.113469 5.71054 
2.04148e-05 3.48936 0.00325963 0.00265188 0.11816 2.05586 0.000607325 3.6902e-05 6.83124e-05 0.0283156 0.000570667 0.0384719 1.0898 0.0650957 0.133386 47.9195 0.411673 0.006323 
0.000378606 0.0160515 0.000164436 0.00900914 0.0473943 240.016 3.75047 0.159519 0.149358 122.502 0.00112483 0.75554 7.70853e-05 0.000143005 0.000784776 49.2003 0.000136918 1.23986 
2.00944 1.03906 0.198985 0.000695481 0.000119385 561.398 0.138033 2.92641 0.0215833 14.2352 0.016306 25.9713 0.00119667 0.055596 6.27388 30.2314 0.107989 0.0387873 
0.0106906 0.248639 0.000607118 1.39325 0.000661118 1560.74 0.0196802 0.015088 0.00479162 2.63215 0.000478656 4.4394 1.44167e-05 0.0191807 2.3838 37.1638 0.0239613 0.0179445 
0.238449 2.95812 6.08443 0.00117472 0.397176 5.14038 1.53425e-05 2.64971 0.000121728 373.079 3.4639 0.086411 0.000129797 0.319835 1.72913e-05 2.11631 0.152078 0.277645 
0.00118534 0.0272208 0.187549 0.000242171 0.00514927 0.0367304 8.00909 0.0011643 0.00203551 2.28845 0.0169946 1.31158 0.0251727 0.0465679 0.00105532 3.34565 0.00135291 0.0586365 
5.72281 2.59886e-05 2.87241e-05 0.00320184 6.17703 90.801 0.362257 0.000157344 3.00522e-05 0.087862 0.081665 0.212923 0.00072637 0.0935539 1.04594e-05 6.08446 0.353095 8.86187 
0.0154362 0.000125553 0.330524 0.000250228 0.000329705 0.153013 0.0270423 0.175651 0.00592569 0.0134179 0.69345 0.0140739 0.0401889 0.0296035 0.0315677 1.68826 2.23134 8.76315 
0.0400811 1.4258e-05 4.62242 2.69633 4.09679e-05 8.93945 2.87517 0.000175106 1.59346e-05 0.654879 0.00404162 293.752 1.61053 0.00108824 0.000451738 21.3515 3.16732e-05 0.0455367 
0.00493034 2.75344e-05 0.00415818 0.0121311 0.503531 24.3301 0.000553796 0.259206 0.00105983 8.78188 0.00182667 0.313101 0.00711181 0.00630285 0.358094 8.16781 7.67046e-05 0.0969092 
6.69675 0.0133582 0.000678373 5.2826 0.604273 2946.97 0.000622925 0.000529911 0.000112413 0.537756 0.00641033 11.0991 3.91451 0.16683 4.34985e-05 0.0763216 1.59578e-05 1.28755 
0.54977 0.0440585 0.482263 0.029038 0.000346369 6.47513 4.24606e-05 0.872592 0.108621 0.0493022 0.135741 106.025 0.0844517 0.000161325 0.0215115 0.442623 0.00236893 0.054789 
0.120262 0.000259967 0.000980341 4.84543e-05 0.114066 1.44699 0.00192287 0.000148988 0.000244375 4.10962 0.571224 101.107 0.00118975 0.994699 0.000283663 0.373641 0.00165956 0.0349214 
0.60559 6.66881 1.0725 3.08774e-05 3.97212e-05 0.175981 1.12778 2.16015 0.000408194 0.154179 0.395511 19.8563 0.00107531 1.38187e-05 0.00679972 29.8987 0.0724578 0.00884405 
1.25953e-05 0.136922 0.579846 1.10827 0.00910949 331.823 0.000807257 8.58193 0.00515243 24.9549 7.08039e-05 15.5114 0.0570131 0.439205 0.0181904 40.9574 0.00853313 0.00164802 
0.00326916 0.00103251 0.017227 0.00172173 0.00247811 39.8485 0.0665845 0.0768687 0.79618 0.120563 3.00448 0.0178698 3.18364 1.80896e-05 2.21423 1.00012 5.53337e-05 3.31559 
0.0161614 0.00307239 6.49131e-05 1.96704e-05 0.0063047 7.66437 2.17126e-05 0.000249007 1.32896e-05 0.376943 0.00667308 0.121773 2.02716e-05 0.844599 0.00033877 0.234631 0.00145894 0.0706735 
0.0132864 0.00119255 1.19068 2.8678e-05 2.18436e-05 501.19 3.41537e-05 1.54257 0.0480897 0.458124 0.0315079 43.6155 0.00234198 0.249217 9.07826 6.28975 0.00775913 0.0944653 
0.0289166 0.430357 0.00025362 1.2798e-05 1.19846 870.552 0.00175352 0.0205794 4.9772e-05 4.80618 0.000796819 0.756064 0.000126522 0.00747981 4.9321e-05 1.73774 0.0713122 1.58662 
0.00201455 3.65105 0.00304255 0.0165471 0.199912 0.0117338 7.38447e-05 0.0734828 0.292901 360.89 1.38677 0.017543 0.438148 0.0946631 0.00179501 22.0862 1.21608e-05 0.00465435 
4.90595e-05 0.000167966 1.25227e-05 0.215073 9.74086 1441.23 0.263432 0.000368831 0.569934 48.434 0.655739 7.35629 0.000940631 0.000250619 5.5354 0.406068 0.00461624 7.85289 
2.75777e-05 0.0516033 0.451268 8.77734 0.0023635 0.864824 9.43671e-05 0.00844926 0.000132062 112.73 0.00533417 113.429 0.0250944 8.87173e-05 0.00645829 38.6163 0.00355763 0.0433366 
4.48896 0.00269143 2.57638e-05 2.07064 4.66108e-05 3.25517 0.000109305 1.55082e-05 0.065786 19.1032 0.459905 0.279679 0.00080623 0.189874 0.162831 23.8821 7.11717e-05 0.00233913 
0.488947 0.00198653 1.90612 0.0425289 0.961439 725.469 0.0363606 0.0151004 0.272179 0.209703 2.45828 1.13167 7.21376 0.0483319 0.00109246 5.30764 0.00316459 0.00241397 
1.0758 0.00227488 0.000621332 0.00110832 2.69356 50.1823 0.000706908 0.0105545 0.0682052 6.97657 0.114796 0.0251063 0.987205 0.107642 1.58465e-05 6.70428 5.71833e-05 0.0642663 
0.282874 0.273577 0.00113315 0.196338 0.09922 0.551208 0.0512822 0.251391 0.00018992 0.0740813 0.0600576 6.93495 0.000849623 2.70375e-05 4.3841 8.48446 0.113119 9.36644 
0.53313 0.0041614 4.21001e-05 7.11215e-05 0.409577 81.5271 8.00399 0.000744207 1.3798e-05 0.0120381 1.12703 1.68444 7.73942 3.20091e-05 0.0370514 0.0264481 0.000566234 0.423416 
0.00193783 0.224623 8.8177 1.1815 1.0507e-05 0.649684 0.0192273 0.12243 0.000171639 0.0961333 3.80491 0.0156406 2.75861e-05 0.0358114 0.0040928 48.9699 0.0195725 0.00874991 
3.15182e-05 4.47622 0.00871503 0.0185784 1.7277 0.929348 0.0652771 0.725581 0.0171093 0.033607 0.000137806 0.790547 0.0141433 0.507988 8.93996 2.48169 0.698758 1.96395 
0.0615684 0.00364357 3.28047 0.0331017 2.15922 2.19768 4.09654e-05 3.01141e-05 2.11459e-05 3.11277 0.0242856 1.95583 0.00116317 0.00281684 0.0117377 12.6018 0.000810959 0.0704249 
0.000233256 0.0315933 0.0212921 0.000274126 1.67227 0.0565583 2.20724 9.18832e-05 5.40716e-05 38.1707 4.00044e-05 1.127 0.00133048 0.107336 0.000876489 15.2045 1.45494e-05 0.006976 
0.000232321 0.0575083 0.288662 9.5417e-05 0.619895 0.0515256 0.00039322 1.35001 0.00471356 0.0790662 2.83859 9.70886 1.04308 0.000422873 1.58859 38.4259 0.0124472 0.0011562 
3.87151 0.000199188 2.54929 0.000106484 0.224353 0.229356 0.0763069 1.39911 2.93504e-05 320.919 0.0606991 4.02016 0.00197541 0.238461 1.55969e-05 0.821112 1.31333e-05 8.53788 
3.87148 5.34895 0.00154541 0.00271346 0.00493934 0.0106223 2.19247 2.24264 0.832188 0.682364 0.00111498 0.0306308 8.85443 0.524698 9.46282 0.547648 4.55711e-05 0.978786 
0.0453223 0.786591 0.0233615 6.47472 0.00152836 662.393 1.24009e-05 1.44604 0.0021703 0.0389788 0.00147457 0.34379 0.270022 7.92129e-05 0.00123879 27.1547 0.00209519 0.0468931 
0.000634924 0.0520277 5.9178e-05 0.000198939 0.013235 86.129 0.521179 0.000147458 0.0294577 31.4049 0.024689 5.87748 0.00935098 0.000780733 1.74766 21.8454 0.000572161 1.74081 
9.71184 2.67781 0.00360719 0.000117478 0.000706182 384.409 0.00354119 0.000189741 1.31181e-05 28.3511 0.000255683 8.72013 0.000227994 0.276942 0.00191872 0.241162 5.64511e-05 0.261911 
0.0123613 0.954682 0.062904 9.62155e-05 0.0467926 82.8568 0.285183 0.000441006 0.000660453 20.4147 1.47869 0.102609 0.0715608 0.962196 0.00826379 0.815868 0.00478894 0.063856 
0.00373122 0.0256 0.0021308 0.000485127 0.192873 9.18328 0.00212216 0.00887599 0.0216812 117.242 3.64822 5.52431 5.20369 0.00139052 0.00594786 11.4513 0.0032359 0.0342674 
5.87941e-05 0.0807536 2.56333e-05 0.0042747 0.150413 1.03359 0.0165713 2.41383e-05 0.000376604 0.0338043 0.00233457 63.5999 0.899522 0.00442512 1.61409 8.02381 0.000314348 0.0654489 
1.42591e-05 0.000798499 0.00303597 0.0759776 1.97664 1.61914 0.0443924 1.49167e-05 0.0889187 0.0189773 0.0357932 1.30503 0.00690029 0.00659094 0.00171719 0.972536 0.00012413 4.77156 
1.39931 4.99429 0.00168686 1.84306 0.0273539 18.6997 0.122093 0.0238176 0.000927615 156.726 0.00160158 0.0197053 0.00328674 0.0337458 0.0368565 4.38761 0.00392241 0.0959438 
0.0034651 1.58459 0.00777095 0.043383 5.57404 402.919 7.99692e-05 0.000565403 0.000608581 2.88882 2.62216e-05 1.1005 0.00276176 0.0619181 0.00409278 39.5961 0.00138084 0.0121273 
0.00308324 0.00204835 0.00472178 0.00347256 8.29863e-05 0.457083 0.000905513 8.0418e-05 2.43662e-05 6.53761 1.96494 1.80905 0.00582801 0.458509 0.000323093 0.516321 0.00845157 0.0704969 
4.52762 0.0536696 0.000178735 0.0206733 0.00539515 840.937 0.000400348 0.0030852 0.000100333 0.0395532 0.00117614 21.8492 0.0167283 0.172253 0.000355869 1.93166 2.13373e-05 0.0341414 
0.0238997 0.000298292 9.09732e-05 0.000124658 0.0966669 0.019092 1.44685 0.00114353 1.08348e-05 0.136195 0.00289986 216.556 0.0950365 0.122126 0.000287334 29.555 1.04146e-05 0.00995262 
0.0194163 5.09988e-05 2.87295 0.0381743 0.702732 0.0153344 0.000438072 0.840336 0.2323 0.0516132 0.00144558 0.0189885 1.52516e-05 0.85613 1.41415e-05 1.55965 0.00791216 0.0366788 
0.545 0.0026456 0.365574 5.35207e-05 2.00008e-05 0.0257321 0.00925327 0.00245722 0.000522628 10.7043 1.16651e-05 21.0933 0.000206002 0.622576 0.000321147 0.126207 0.0646341 0.263203 
0.000868397 0.000694468 9.73567 4.23571 0.193685 0.19109 1.21225e-05 0.000794682 0.00311126 2.16171 6.07788e-05 218.978 0.745167 0.0108518 0.871322 48.2699 1.23543e-05 0.0167551 
0.161432 2.95841 3.62272e-05 0.00371397 5.35745e-05 0.0193194 0.000280875 0.229622 0.0965924 3.49241 0.793032 0.0272796 4.71755e-05 0.160616 0.00248838 5.00123 5.31139 1.89515 
1.05946e-05 0.0875426 0.00467566 6.77618 0.0177278 855.81 0.00324602 0.970949 0.0002878 0.0115743 1.35014 0.0721179 2.11051 0.108997 0.00799719 0.0201825 0.0115058 0.68387 
0.0567391 0.134177 0.000546945 2.54664e-05 1.16666e-05 3.27706 0.0030465 0.000121716 0.0663892 0.140584 0.000702103 0.0590029 0.00645354 0.0470324 0.0926926 0.428833 0.188547 5.0684 
0.0368086 0.000976465 3.91911 1.96025e-05 0.105401 0.0264959 0.445284 5.12268 0.0853528 0.0408625 0.230871 251.346 0.000116444 0.664261 0.0327757 0.0864831 1.70224e-05 0.186305 
9.27649 0.155596 0.000184288 0.000994637 3.54864 1163.84 0.001161 0.441465 4.14757e-05 0.0154354 0.0020385 306.061 0.0131042 0.573603 1.13481 13.8867 0.000792831 0.035967 
0.0134627 0.0744245 9.85697e-05 0.0242221 0.000269014 0.399564 0.00213043 0.100421 0.00072287 1.0146 0.872567 16.6245 1.05638 0.00447312 0.00185716 0.626504 7.34092e-05 0.181607 
0.075354 5.84994e-05 0.0215702 0.0157512 0.00122229 0.0378937 4.35214e-05 6.94525 0.200335 6.67872 0.742489 0.142658 0.000557333 0.0833546 0.0120691 27.8581 0.000264143 0.00502725 
0.00260473 2.28359 0.0264129 0.0115298 0.0237701 0.01634 0.0751834 2.46904e-05 0.000839665 17.1918 8.27171e-05 0.189646 1.98517 2.93717e-05 0.00501313 10.2046 0.00115455 0.107463 
5.67875e-05 0.051929 0.0461228 0.0750719 4.81238 0.0375703 0.41773 0.00045422 1.25094e-05 0.0176468 1.70992e-05 0.352242 1.7148e-05 0.941907 0.0219224 2.97071 0.00236399 0.00806346 
0.000275597 2.14107e-05 0.741109 8.79054 0.0337013 1160.36 5.18689 0.0019449 0.749641 0.0666388 0.000242072 23.1194 0.0497926 0.0962449 0.0320101 22.7012 0.00663394 0.017072 
4.12722e-05 5.05181 4.93371e-05 0.0270026 3.52017e-05 62.1912 8.44041 0.0708477 0.0973162 4.59045 5.3024e-05 0.0859318 0.000452975 0.236572 0.0211851 6.75895 1.10147 0.0663791 
0.0205729 0.00602714 1.91693 0.000843212 0.450056 0.623232 0.00464932 6.66363e-05 0.000519683 0.0930043 1.21108e-05 0.278251 0.000142624 0.924161 0.00279783 17.8419 3.09581e-05 0.00238413 
9.43231e-05 0.699119 0.408139 0.00124312 5.21007e-05 7.94367 1.56535e-05 2.30191 0.535438 0.0307446 0.00387627 0.0786602 0.0289564 2.11399e-05 0.0110846 23.9901 0.000937955 1.35602 
0.000655173 0.0012609 1.27659 0.000397003 8.07447e-05 55.3463 0.00538676 0.00972821 0.000753986 0.0680603 1.18986e-05 7.73984 1.98976 0.316173 0.00601939 0.761292 0.0209526 0.0649718 
0.740861 0.0175505 0.194222 0.396217 0.375627 3.69002 7.64695 0.0105339 0.00298008 18.5356 1.0232 0.0372264 4.43737 0.0730224 0.000144736 0.108306 0.00680631 1.89715 
1.68803e-05 0.267697 0.00306562 1.19739 0.427697 0.596414 3.94178e-05 1.94284 2.45934e-05 404.718 6.41561e-05 136.333 0.0119041 0.000836846 0.000213007 13.9614 0.00125823 8.11718 
0.000364592 3.61932e-05 4.79737 3.17671 0.00306322 1.08836 7.21742 1.18929 0.013698 1.82804 0.000224868 29.3197 0.28343 0.324901 0.00189599 1.22533 0.012281 0.10818 
7.13599e-05 0.461946 0.00116053 1.74174 2.65819 10.3215 0.103834 4.75737e-05 0.00127329 0.0119695 1.13963 0.0102392 0.00951605 0.00107445 0.000490838 13.9534 0.000977687 0.0621949 
0.347222 0.0804297 0.0259672 0.0208845 0.11433 1.31772 0.0461684 0.00697736 5.77593e-05 74.0258 0.000129794 3.70071 6.54815e-05 0.253077 0.000176533 0.816283 0.00209552 0.433634 
0.115408 0.0169285 0.00688936 0.12462 0.0148565 5.70987 0.0697139 0.0271376 0.000325667 414.156 0.0486687 2.47018 0.000376744 0.852903 0.140224 2.62259 0.000112943 0.00782148 
3.50895 0.451943 0.628631 1.54184 0.00456119 0.552295 0.0100226 0.000244197 0.0825875 88.816 0.000118623 421.065 0.0133949 0.228461 0.669764 5.29449 2.77215e-05 0.182199 
0.000682089 0.0176089 0.03075 0.391949 3.41219 0.0953909 0.00264753 0.00219917 0.0991074 105.834 1.65216 0.0397809 6.18928 7.71669e-05 0.784239 20.0686 0.213509 2.01048 
0.000581354 0.154617 9.56281e-05 0.000798907 5.93773 865.044 4.28732e-05 0.00085426 7.28635e-05 0.0234962 0.000441825 25.1387 6.93034 0.000609728 6.06088e-05 17.0169 0.195423 0.00980513 
0.00682094 2.3791 0.0779038 1.34402 0.0297957 15.8524 0.00108081 0.000109047 0.0018696 4.15553 1.80278 2.52066 0.166762 0.254998 0.000308401 1.4725 0.0172388 0.0466285 
4.18154 1.68299 0.00740119 0.0506091 1.76239 0.0906556 5.17732 0.000141129 2.37398e-05 0.0106111 0.00192517 29.411 0.00261024 0.00656057 0.000339337 23.0898 0.0116184 0.23329 
0.00315987 0.364392 1.65541e-05 2.57311 0.00388578 0.0278478 0.369073 0.0267956 0.000770614 154.673 0.0104199 0.0140608 0.150672 0.0808979 1.09451e-05 1.71714 0.000188055 0.526887 
0.00393485 0.00493079 0.628452 2.27562e-05 0.000378791 0.738109 0.518381 0.185956 0.0114082 0.0315138 4.88366 2.456 4.2723 0.00068939 0.000110718 0.0423528 2.67857e-05 0.0968073 
0.46184 0.000191816 5.279e-05 1.23587e-05 0.0145535 0.110634 0.074935 0.0368471 0.00318152 0.0133666 4.29699 7.52189 0.00182952 0.684197 0.000219317 0.244442 0.00746516 0.295027 
0.00037205 0.00150879 0.0320865 0.00379234 0.000257055 0.216544 6.50413e-05 0.000364748 0.00319717 0.978284 0.59363 11.3995 4.87118 0.0687326 0.142143 0.577787 0.000357347 0.196132 
8.20631e-05 0.000576256 2.08387e-05 0.00220164 0.000243369 253.973 7.39157 0.00219901 0.00026344 0.123116 2.32932 1.03358 2.70879e-05 0.00784765 0.00461852 3.08814 0.000360258 0.158476 
2.63512 9.87281e-05 0.535756 0.0959179 0.000108226 0.546324 0.000118447 4.97066 0.0440476 0.0913335 0.264261 4.12975 0.00533888 0.772953 0.0187756 21.0096 0.00945643 0.00139739 
5.621e-05 0.000350017 0.000507228 0.0210106 6.53479e-05 0.729582 1.98823 0.000536553 2.64973e-05 0.359556 7.03374 231.521 0.00180233 0.0016511 7.77559e-05 1.8184 1.16511e-05 1.69285 
5.70418e-05 0.000185697 0.0337446 0.0518315 0.0130511 0.376188 9.39085e-05 0.13618 0.000582654 1.45336 0.655299 0.0153228 2.49725e-05 0.000410894 0.442539 3.21724 0.000288345 2.8134 
0.558799 2.59483 4.20865e-05 2.35725e-05 0.00238108 190.978 0.00586812 1.71204 0.0975546 0.07137 0.00194371 90.0825 0.00946171 0.00111532 0.00020881 0.969398 0.000369267 0.39506 
0.265008 0.049103 0.00177576 0.0010259 6.36368 0.0397225 0.000967388 0.000307657 1.90547e-05 0.863688 0.00336654 323.065 3.01331 3.46387e-05 4.81802 2.7419 2.25424e-05 0.952885 
0.271246 9.6827 0.000248326 0.70795 0.878598 318.442 3.05783 0.0132836 0.000222621 41.1733 0.0135677 53.1141 0.957906 0.00062487 0.0573439 30.1973 2.43287e-05 0.0713982 
0.000574262 0.0164655 3.79165 0.000927961 0.195097 146.153 0.0045417 0.00029881 0.925885 0.726895 0.701713 0.0227357 0.575648 0.922229 0.0907662 1.49077 0.0163805 0.017976 
0.118644 0.128784 1.06064e-05 0.019099 3.79696 2.73397 4.48104e-05 0.141119 0.000608852 0.0634829 0.00033265 0.11893 2.18354e-05 0.258977 0.143164 2.34086 0.000241494 0.133872 
0.745497 0.000135685 0.920804 0.557072 0.00994811 340.011 0.00987376 0.611248 3.09642e-05 0.821332 0.0276592 0.0117751 1.4728 0.515482 0.00132153 3.42803 0.036144 0.0185727 
2.3526e-05 0.0674334 0.0478055 0.0102427 0.0432379 19.1946 2.215e-05 0.000693102 1.60877e-05 0.02667 1.16309e-05 486.862 0.000237263 0.077046 0.00533961 6.97851 0.000185474 0.0641432 
0.444878 0.677196 0.00141299 0.00229287 0.00098056 1.04202 0.320721 0.000170286 0.0874199 97.2398 0.00759077 0.348637 0.0291312 0.916383 0.0181889 0.165677 1.01553 0.778862 
0.00135736 0.117297 0.000947341 0.00166707 3.19101 0.0227071 0.000138259 0.276033 0.00335475 0.0319206 0.00513658 203.068 4.25125 0.171325 0.102468 1.15646 0.0633632 0.792827 
0.000124065 0.496558 0.117378 1.08467e-05 1.34062 1492.19 0.0181324 4.05289e-05 0.000126468 20.132 0.011599 0.0257219 0.133163 0.219825 0.00719147 0.298375 0.0003728 0.3246 
0.00254596 0.065278 4.08115e-05 1.79841 0.000257197 1559.8 0.00490478 0.000395623 0.000229512 7.88658 0.205979 0.309474 0.00305097 0.0594984 0.0168086 1.51502 0.00326524 0.232309 
0.000595512 2.12105e-05 0.00271563 0.374059 0.337046 0.276024 0.612002 0.232155 0.0869806 161.347 0.016774 0.103452 1.11292 0.000391406 0.00110785 11.6689 0.0459655 6.71976 
0.140587 0.0799558 0.00048417 0.00111281 0.0104132 906.371 2.41482 0.0633267 0.00115891 1.92143 0.120207 32.128 1.56685 0.0023447 0.00393317 4.38254 0.0189957 0.127485 
6.51704 2.8022 0.000930155 0.692186 0.624165 0.597958 1.68902e-05 6.30702 0.0040886 149.922 0.141205 240.865 0.00139051 0.000459825 0.0303664 6.57079 0.000309195 0.384482 
0.0134114 0.0592913 0.000229436 0.0488449 0.000374359 1202.28 0.00856041 0.023285 0.0015927 1.03535 0.00047549 5.50854 8.7386e-05 0.0764906 0.042279 2.36378 2.67044 5.80579 
2.47768e-05 0.057356 0.000172083 0.1129 0.000423068 28.697 0.000179398 6.12966 0.743115 0.135341 7.05192e-05 0.0552182 0.017687 0.000373977 2.39608 10.8205 0.000259785 0.752158 
3.3731 0.0180827 1.97052e-05 0.0303444 0.00612615 0.443464 1.48601e-05 3.7707e-05 2.90766e-05 0.0187184 0.593919 482.602 0.268904 0.00327512 0.000329797 0.221634 3.36228e-05 1.26524 
0.191122 0.0509059 0.031324 7.78049e-05 0.227228 31.1382 7.332 6.35179e-05 0.119755 5.74845 0.000818343 0.123841 0.188682 0.00435149 0.00175687 4.24515 3.82327e-05 0.294408 
0.00124036 3.98726 0.00113954 1.3503 0.0035774 98.5372 0.00010059 3.89908 1.74063e-05 1.62086 1.70028 435.964 1.8656 0.00596555 0.0650683 8.95088 0.0233188 0.00913007 
8.09919 0.0232929 0.0001208 0.0214681 0.000730962 0.42782 0.0153219 0.000129964 0.0901439 32.9331 0.00898061 0.0136265 7.34258 6.93237e-05 0.000189854 11.5621 0.000426298 0.0968716 
8.4332e-05 0.0269981 1.1933 0.00299972 1.34254e-05 0.0719879 0.0199421 0.576014 0.929488 0.113559 0.0058853 0.0288435 0.0207023 0.000266417 0.00102111 3.27019 0.00367772 3.30278 
1.46497e-05 0.00915768 1.86287 0.114394 0.000389175 1.50771 4.21577 0.0252545 0.00847613 72.8279 0.168182 272.578 0.382563 0.96183 0.000182945 0.456494 2.16017e-05 0.0711466 
0.00041114 1.60612 0.00610239 0.475542 5.03263e-05 2983.73 1.43357e-05 0.63878 6.50108e-05 0.0661812 4.20833 0.109746 0.222068 0.181616 2.61788 9.42278 0.010333 0.478901 
0.000387813 1.36585e-05 4.25931 3.80881 0.00863493 92.1302 1.29206e-05 0.00358103 0.00436094 0.0974877 0.00883903 50.5361 0.0480424 0.0962261 0.00474893 1.25511 0.0243411 0.499951 
0.569042 0.000373565 0.00657185 0.000493814 2.69428 0.287262 0.000499231 0.0011183 0.000660573 0.0274666 0.00037629 0.0187379 0.000189716 0.485647 0.00238987 2.03064 0.000926558 0.0245477 
0.00879933 0.0994403 0.000352711 0.000130514 0.337197 2395.33 0.00126055 0.00448123 0.00323699 0.178135 1.78472 0.0103487 1.58532 0.00684616 0.00434716 0.295606 0.000144424 0.179431 
0.172282 1.59443 0.128361 2.13207e-05 0.0253465 0.0212942 7.80746e-05 5.97832 0.00482582 0.0123725 1.78987 3.15225 1.29956e-05 0.798264 0.000287562 5.6199 0.0614699 0.0411075 
0.000799456 0.0608702 0.309564 0.0434231 0.000255108 1839.04 0.686047 3.43066 0.00896845 21.346 7.2544e-05 0.0132429 1.43788e-05 0.0416319 3.46103e-05 5.70944 0.0101539 0.0579632 
5.99414 0.000126122 1.26524 2.81377 0.216854 20.3589 0.0427554 5.00494e-05 0.000314811 283.213 0.364515 0.102304 3.81616e-05 0.00608487 0.000506639 8.85909 0.000309697 0.101253 
0.00342359 0.575706 0.0015714 0.00280158 0.142041 764.943 2.45368e-05 0.00546884 0.00166736 0.0345465 0.00158157 2.16701 0.000353447 0.0208713 0.0104372 6.76964 0.497471 0.175131 
1.21775 0.000851811 0.00327487 7.72097e-05 0.00519824 0.200212 0.0730092 3.14321 0.848334 336.955 0.000306229 0.0210548 0.232794 0.583903 0.000141356 0.537715 0.623873 0.188915 
0.173378 0.00176295 0.27702 0.072239 6.47953e-05 156.03 0.000611504 0.000857485 5.87035e-05 2.18993 0.000213699 21.7395 0.00166717 0.287182 0.00051848 0.228612 0.000406566 0.295439 
2.53131 0.860729 3.09748e-05 3.85612 1.70183e-05 0.224967 1.46223 0.00764074 4.84521e-05 30.5723 0.000135173 2.32464 0.00129916 0.0781537 2.73867e-05 1.4817 5.06928e-05 0.195295 
0.0353145 1.8789 9.59782e-05 0.000165029 9.56543e-05 1.83867 0.136924 0.0209238 0.0516474 0.0859788 0.111383 0.425432 0.175306 2.26886e-05 0.000351756 0.778498 0.0237882 2.50906 
4.1539e-05 0.00193498 0.421645 2.31819 0.00033391 571.839 0.00020869 0.193503 0.276416 3.86076 0.0257665 161.406 0.0114046 0.000614575 4.74427 2.2153 0.000234268 0.0280902 
0.00348325 1.05796e-05 1.86608e-05 2.58693 0.090477 0.141514 0.116669 1.17467 0.00163401 2.73567 0.157499 5.37723 0.000858319 4.62501e-05 1.47835e-05 2.4243 0.000570608 5.16171 
0.0774881 0.00932776 4.42458 0.000855922 0.000134398 0.0704982 1.87072 4.16467 0.000224294 142.807 0.235892 0.144094 8.2515e-05 0.279841 2.78501e-05 0.604259 0.0370394 0.134548 
0.179409 6.90886e-05 0.000168643 0.101053 0.405539 63.6849 1.56516e-05 3.24223e-05 7.10897e-05 0.0231478 2.33777 0.761386 0.0686876 0.00418959 0.160435 0.91235 0.00104978 0.307158 
4.69494 1.14967 9.67096 0.056008 0.000158385 2.12347 0.349074 2.91369e-05 0.000506682 18.8548 0.0512438 1.41833 0.0533658 1.99124e-05 0.0242454 3.69524 0.0027386 4.88937 
0.00526135 0.000957379 0.00302353 6.82424 2.45859 23.3025 0.00626105 0.00020719 0.229533 141.503 0.0980919 34.7123 7.47039 0.000476675 3.61953 1.04675 0.00562478 0.34538 
4.11828 3.02546 3.54878 0.00228623 0.000120541 1373.17 0.229415 2.81786 2.11985e-05 0.124878 0.00080431 4.15768 8.5397 0.00178588 0.0725501 0.211342 0.000904205 1.05633 
0.0131457 0.00538896 2.82565 0.000989548 2.95344e-05 0.0531215 0.000872472 1.41021e-05 0.369677 9.21943 0.000676151 0.224266 3.71679 8.3759e-05 4.07139 4.14507 0.0145795 6.37635 
0.0671188 7.70187 0.107412 0.140821 1.69527e-05 1352.65 0.0657183 0.0010945 0.000513711 0.0318535 0.118841 57.5415 0.0183796 0.0205256 0.000329508 16.6575 0.000218576 0.1616 
0.000117661 5.40568 1.04238 0.000143438 0.00349867 39.7656 0.000654659 0.32927 0.541508 410.596 0.051503 0.989907 5.13968e-05 0.369074 0.000294738 41.1235 0.00160688 0.00193634 
6.02848e-05 3.05218 5.80706 2.5454e-05 0.299735 34.3986 0.0029377 4.50229e-05 0.101178 4.26108 8.61016e-05 0.11778 5.60561e-05 0.0249499 0.0169551 0.759858 0.00830458 2.70653 
0.1903 5.13746 0.0686885 9.81721 0.000231259 1.70249 0.00147046 6.83803e-05 0.00169623 10.6454 0.00115698 1.4446 0.0691167 0.000154328 0.00263292 6.52653 0.000925326 0.350857 
5.14432 0.615331 0.0542648 0.000606794 0.0048483 22.2455 0.215525 0.204531 1.44452e-05 0.0459307 1.78 156.41 0.0514065 1.1765e-05 0.000101647 42.7598 0.000214263 0.0150192 
0.00150068 0.101728 0.0031234 0.235914 0.0187419 0.02451 6.8584 0.377531 0.00440599 3.89486 0.009095 23.0406 1.5533 0.00480185 0.174221 13.5923 0.000554727 0.28156 
0.000321527 0.000585377 0.000370322 0.0027792 1.32925e-05 0.0319062 0.0763201 2.06931 0.098531 0.0666942 0.0670684 0.0369109 0.000178298 0.00268296 1.30199e-05 2.60684 0.00318251 0.710174 
0.000198061 0.0165875 0.000191474 0.91229 0.000351909 0.0359661 0.00879834 4.69436 0.00169915 45.6433 6.39243 66.8473 0.000865416 0.0021262 7.29541e-05 0.950339 0.00012266 2.38893 
0.00286894 0.0129551 0.301057 7.08566e-05 2.78843e-05 38.4589 3.82203e-05 0.123232 0.00265506 0.376629 0.023911 454.803 0.00705317 0.103441 0.0127279 8.96239 0.00108489 0.0395232 
1.64473e-05 0.224884 0.0516577 0.00123838 5.09783e-05 457.598 0.000381077 0.0811584 0.000323871 1.00568 0.0302678 3.06881 5.26697 6.97059e-05 0.00136576 2.01979 0.0190507 0.289902 
2.92861e-05 0.0573308 0.112096 0.00175293 0.00166683 12.5243 3.87219e-05 4.92672e-05 0.0651987 227.179 0.000124714 0.102368 6.4927e-05 0.0534485 7.50482e-05 1.95228 1.81709 3.50333 
0.090404 1.71149e-05 0.0177445 0.196961 0.016152 0.380067 0.000270415 2.12254e-05 0.000133864 1.9927 6.17352 0.0760882 1.87997 4.76559e-05 0.0137633 0.0655371 7.70922e-05 0.591285 
2.04921 2.07026e-05 3.08635e-05 0.000109666 0.851259 2.44655 0.000345318 0.00143982 0.00567949 1.21844 4.12574 66.5612 0.000172595 0.00204672 2.09379 1.69096 1.68323e-05 0.0366804 
0.114276 5.01229 0.000129217 1.38675e-05 0.370742 2045.9 0.389754 7.94145 0.00211776 42.8484 0.669606 0.013681 3.67107e-05 0.00228901 0.144331 9.97987 0.806863 1.1944 
3.30776e-05 0.596315 0.317118 0.176244 2.83275e-05 0.0107005 0.031949 3.26371 1.10989e-05 7.57265 0.000296771 13.9573 1.32941 0.180722 4.46379 0.721608 0.000199382 4.64401 
4.12066e-05 0.0013667 0.0893208 0.000389865 6.24298e-05 28.2103 0.00568839 0.0962996 0.00555003 0.172863 6.05095e-05 0.411431 6.99201e-05 0.60599 2.71242e-05 0.271449 2.01915e-05 1.0608 
0.000567214 1.79384e-05 0.441042 0.00018092 0.00148779 0.82362 0.155788 9.0843 0.0479103 1.28691 0.00256019 240.889 0.0380697 5.90592e-05 0.0814181 0.19498 0.000272663 1.66276 
7.33044 1.10627e-05 0.00252489 0.0202486 0.821021 2804.44 3.27071e-05 9.82779 0.00028385 12.1141 0.0185066 0.188939 0.185077 1.10475e-05 0.00233943 35.0144 0.000231431 0.0450785 
0.0221372 2.17143e-05 0.053462 0.000314736 0.00225615 1460.4 0.00429607 1.00798e-05 0.240514 114.885 3.00895 0.589385 1.06638 0.00185337 0.0152464 2.69399 0.000212702 0.155806 
4.4941 1.89755e-05 1.65287e-05 6.20548e-05 0.00616731 0.928478 0.00745766 0.0114403 7.0166e-05 0.021662 0.000108306 16.5315 0.027845 0.000824027 0.0840954 48.6083 2.20352e-05 0.162663 
0.00122491 0.0458144 5.33586e-05 0.00792823 0.00418499 19.5218 9.83784 0.000433447 1.19983e-05 2.91339 0.00284985 29.6709 5.02265e-05 0.0864256 0.000300689 15.6456 1.07261 0.0486545 
0.0123687 0.461151 0.000464758 3.8233 0.0691641 297.064 1.66514 0.150984 0.000896717 2.69132 2.99032e-05 1.49553 0.00789375 0.053801 0.0140664 1.37322 1.40536e-05 0.301578 
0.178104 0.000837592 0.373407 0.0564749 8.92559 338.752 2.46187e-05 0.00969658 0.383314 0.0170003 2.15292e-05 2.84774 0.000317399 0.135543 0.000261598 1.39665 7.96915e-05 0.274844 
4.42282 0.0542892 0.00212353 0.00153021 2.03804 0.0142721 0.059007 0.0033539 0.000833861 0.410107 0.000111573 60.7929 0.0286407 0.0530347 0.062355 0.166335 0.000168383 8.16503 
0.289815 0.00079751 0.0454465 1.11996e-05 0.154974 649.313 0.0143728 0.000713223 0.0445215 1.38329 0.000710664 460.61 3.34589 0.205507 0.00797316 0.707006 0.000893374 0.393006 
0.000316843 0.00115344 1.04177 0.011729 0.00659739 207.713 0.826739 0.975519 0.157054 43.7322 0.0123544 0.477151 0.178551 0.00227258 0.00646038 5.19666 0.00590139 0.466797 
5.59589 0.290346 0.316776 9.64846 0.136659 70.6142 2.31657e-05 0.3017 0.0736848 95.264 0.188073 332.562 1.30437e-05 0.533852 4.78522 18.553 0.0160434 0.0106866 
0.0110365 0.0469286 0.00612447 0.00107787 2.45227 8.97955 0.000868876 0.000211542 2.7615e-05 0.276501 4.79302e-05 25.3716 0.361237 0.0168006 0.0212327 48.0223 0.0104533 0.0158384 
0.00624388 0.27691 2.33416 0.165863 1.42886 2.80913 4.39191 1.73335e-05 0.00288417 2.88146 5.93653 288.558 2.93054 0.304786 0.00487063 0.248469 0.203872 0.0251539 
0.00851 3.98051 0.155516 0.119508 3.95757 0.139429 3.1754e-05 0.00215657 1.21551e-05 12.5093 0.0103851 9.2692 0.000219345 0.0160141 1.79087e-05 0.955461 0.000185884 3.49234 
0.11268 1.34105 0.000387531 0.000288694 0.394831 366.296 0.00290001 0.0116765 0.100272 0.0130195 0.000514786 13.3664 0.0234937 0.0895988 9.38184e-05 4.19433 0.124637 0.230928 
4.62445e-05 0.230762 0.02373 0.00700304 3.23416 2.56019 0.000324525 0.000592765 3.07366e-05 1.70183 1.05588e-05 0.0687593 0.156099 0.963162 6.41535e-05 1.05232 0.0332921 0.0507159 
7.54108e-05 0.0383269 9.15533e-05 0.142607 0.0866707 74.3533 0.0176269 0.0184391 0.000124612 0.0798897 1.11746e-05 0.952408 0.0104358 0.150622 9.74265 8.92691 0.0195553 0.18977 
0.852155 0.000435365 0.0626568 0.0571697 0.0302295 0.0648313 0.149924 0.165644 0.0718682 302.99 0.000116668 14.9061 0.00117371 0.153671 3.91482 23.3913 0.000232709 0.0206144 
0.0922451 8.04559e-05 1.86562 0.000757881 0.0175524 3.17146 0.000131269 4.19456 0.000735608 0.42019 0.000678673 3.46788 3.91575 0.000769335 2.79638e-05 1.03358 0.0374408 8.99883 
0.0163944 0.0437819 0.0754893 0.00640124 1.22041 10.3356 3.48956 0.609228 0.00968897 0.514876 0.16892 0.082489 0.560426 0.130929 0.000535995 0.576251 0.00480363 0.586986 
0.00186722 3.54332 0.000306795 1.77927 0.5552 5.41077 0.733437 0.195753 0.00610259 1.02136 0.000253764 386.724 0.668787 0.00118749 0.132481 17.847 0.000352231 0.0821045 
0.0137683 0.00858648 0.00084378 0.000446661 0.00321077 1242.75 8.86503 0.146701 0.000613042 12.8439 3.13101 11.1336 1.46456 0.11531 0.469329 7.71616 7.71897e-05 0.0323943 
0.108794 0.0013221 0.380586 2.27993e-05 6.25126 225.691 0.01243 0.00249962 0.00044121 8.87446 0.000789445 0.0187976 5.59726 0.00253218 2.35698 3.0472 0.014512 5.97361 
3.62126e-05 3.93599e-05 0.000175294 0.072498 0.205255 0.181539 1.34791e-05 0.217487 0.578233 0.0165621 0.000450457 54.3002 0.0384544 0.0413129 0.000567258 2.52359 2.98052e-05 0.501791 
2.64617e-05 0.064428 0.0138371 1.09287e-05 1.02853 12.7739 5.32716 3.9236 0.00143419 105.956 1.07534 354.428 0.000432996 0.472537 0.0117412 3.04354 7.07837e-05 0.0145575 
3.64734 0.86089 2.85895e-05 0.00662051 0.0113204 0.0152217 0.00140815 0.00318405 0.0437433 0.263642 0.000158245 13.1447 5.26602e-05 0.0406491 2.06099e-05 10.2366 0.0377689 0.0558188 
0.0180606 5.77811e-05 0.47235 4.44152e-05 3.72539 244.231 0.0106643 6.49797e-05 0.000181982 0.274024 0.00117909 56.9255 1.08872 0.000644814 6.69096e-05 36.2099 1.61344e-05 0.0192727 
0.279591 7.91052 0.00213957 0.00669092 0.0134516 0.0207387 2.52272 0.0040064 0.00104028 0.0244189 0.0264889 0.169878 0.017521 4.1327e-05 2.85034e-05 2.72936 0.0038993 8.67605 
0.000470413 1.9873 0.000691671 0.035142 5.21135 5.48833 0.0453843 0.254717 0.895238 1.52322 0.763101 95.3217 0.000303889 0.0958998 0.00405196 0.101203 3.63506 2.17047 
0.000242787 0.0527971 0.00349777 1.32358 0.0143602 334.265 0.000287862 0.000126209 0.0263449 0.0641325 0.00077552 0.732714 0.411394 0.0899664 0.00639243 1.74718 0.000500278 0.126962 
0.195644 8.29941 0.000423788 0.0249327 0.00436484 0.0732233 0.392673 5.83858 0.000140758 159.911 0.00342533 1.11367 0.452614 0.244936 1.00677e-05 0.11355 0.0165042 3.46483 
0.823659 5.26235e-05 0.0203547 0.000383577 0.000439658 10.8894 1.279e-05 0.0186848 0.0250228 1.28311 0.0011966 20.4485 2.47702 0.347827 0.000672604 0.196918 0.000703153 0.796419 
0.00133404 5.72422e-05 0.441486 0.000118383 0.0471487 1768.54 2.87318 8.93609 0.0561869 3.79249 1.85032e-05 0.0235855 9.65882e-05 0.0603148 0.00498331 0.47723 0.00857234 2.75374 
9.33895 0.22066 0.281381 7.50985e-05 0.010687 57.51 3.76791e-05 1.07645e-05 0.0126363 5.69956 1.44011e-05 281.645 0.0807814 0.178798 0.275817 2.88797 0.000324422 0.229385 
0.0226125 0.0023471 7.4843 0.000773356 0.615196 16.7102 0.0138855 2.20896e-05 0.0132527 0.119262 8.97081e-05 3.74068 4.8397e-05 2.5297e-05 0.0399926 15.3139 0.826572 7.50302 
0.000679782 0.0131286 4.15797 0.00017087 0.00144538 26.1469 0.129933 0.00565014 0.019305 0.123256 1.27634 2.98551 4.32221e-05 3.24076e-05 0.0301509 0.315484 0.0283611 4.59447 
0.0155304 2.99251 0.179002 0.111378 0.00514631 0.145162 0.000529408 0.000104549 0.162814 16.8524 9.5615 0.0713223 3.78396 0.0574123 0.00804091 0.203106 6.27777e-05 1.10072 
0.00176665 0.558989 0.649133 0.000278672 0.0205068 0.761206 0.00322421 0.0939087 0.0915515 18.0871 0.285306 2.4879 0.514195 0.0205749 0.0487484 3.26876 0.0274939 0.152571 
4.41967e-05 4.5805 0.163038 0.337004 0.000248925 0.0186666 0.971628 0.00319492 0.805635 0.0738889 0.0289775 0.022027 0.000145193 0.135708 0.0106594 3.19289 0.0996872 0.0578025 
6.28309e-05 4.17924e-05 1.02318 0.658605 4.90516 0.0553098 0.0235908 2.90693 0.0271612 392.566 0.00408236 0.0800857 0.00867107 0.947085 0.243667 0.0292533 0.0280307 8.22492 
3.14765 0.0175647 0.0019887 0.520906 0.0315692 2.78833 2.66396 0.0477861 0.00162727 63.5875 7.20153e-05 333.37 0.000129971 0.0565578 0.487375 2.45775 1.06817e-05 0.343366 
0.0795899 0.00894309 0.082074 2.40697e-05 1.10581e-05 14.5082 2.79209 0.000476441 0.0294958 6.19735 7.03285 12.7849 0.018248 0.0511165 1.92614 13.1368 4.57451e-05 9.94725 
0.272661 0.0391727 0.000116937 0.000134866 0.043981 17.0692 2.16551e-05 0.112189 0.000456626 0.0101512 0.451814 28.6208 2.19023 0.929919 6.18378e-05 0.0320276 0.0246661 1.68331 
0.00977244 0.00389512 0.0071947 0.033845 1.19545 19.1159 0.107714 0.155262 0.0063338 0.06611 0.0809506 0.0804078 8.77191e-05 0.0336349 1.82223e-05 2.37353 8.29988e-05 0.578442 
0.000249389 1.47843e-05 0.0459381 0.0559638 0.00409361 178.247 0.000357081 3.82665e-05 0.142784 0.599402 2.78897 0.0228804 1.52083e-05 0.00164694 0.000471727 18.7601 2.47845e-05 0.186198 
0.0149192 0.23214 0.00387602 0.0298858 3.73685 86.9098 0.00119537 0.00351429 2.24143e-05 19.216 0.0132284 4.63621 0.00954319 0.00507761 0.0177702 30.262 7.50905e-05 0.109548 
0.00317872 0.00099714 2.83186 0.371572 9.88915 459.645 0.0033524 2.83477 0.00152405 0.0252492 0.104238 0.01853 3.45724e-05 0.0331873 0.120873 8.40258 0.00105196 0.306388 
1.16962e-05 0.00081573 0.000245215 1.1374 0.00115579 0.0792199 0.0378724 0.00476497 0.000574097 0.541344 0.006994 0.022701 1.38336 0.108598 0.243486 28.2586 0.00369257 0.00854306 
1.64645 0.00798925 6.93552e-05 0.203862 0.000248615 0.750918 0.000385342 0.000109223 0.146134 0.201851 0.00941049 0.333044 0.405717 1.10612e-05 2.69534e-05 30.5944 0.00663698 0.0273793 
0.062529 0.0167072 1.12002 1.21202 5.2196 0.712624 0.000249896 4.21474e-05 0.0465717 17.4657 5.78931e-05 50.0859 0.0715264 0.0515049 8.15923e-05 2.04806 5.30471e-05 0.492143 
0.000175597 2.29203 0.825009 6.30308 0.0064409 450.553 0.00338739 0.000148641 0.00115618 0.0107288 0.000810315 63.9813 0.000691394 0.170789 0.755668 3.52631 0.00173344 0.0872949 
0.0987786 2.49856e-05 0.0248778 6.80244e-05 7.07873e-05 0.0754662 0.000146621 4.02099e-05 0.079466 4.5834 0.000137024 10.0075 0.0425616 0.00641676 0.000222725 1.17851 0.000216457 1.81974 
0.328222 0.000296045 0.000571293 0.110183 0.198899 1132.75 2.66063 6.47805e-05 1.61082e-05 0.0668621 2.21386e-05 0.0954254 0.00051866 0.990697 0.438592 0.220968 0.00293017 0.186363 
0.00200791 1.67255 0.00205857 6.54986 0.0171417 63.9222 0.501831 8.88496 7.7883e-05 0.280369 0.000703418 13.8933 0.0194925 0.648164 0.0786618 0.122096 0.00028341 0.41871 
0.000144951 0.00102657 0.000406432 0.000335947 0.00124354 102.751 0.000140576 8.44923 0.00151362 1.72924 0.386759 0.12566 0.000803677 0.00188701 0.000382662 13.6569 1.05256e-05 0.116932 
0.000224278 3.07137e-05 0.267063 6.54611e-05 0.00147878 2.22589 0.00187329 0.000349609 1.86671e-05 0.112411 0.0631504 476.766 2.44654 0.0545894 1.79352 1.57097 0.000234688 0.267795 
3.16815e-05 0.00292476 0.000294384 7.34744e-05 0.0107749 0.0350988 0.000112419 3.53287e-05 0.577065 28.2967 0.0150399 0.0372502 0.000675322 0.0528857 0.000729947 0.351442 0.0142719 8.58492 
0.439741 0.121646 8.0406 0.00026863 0.922344 0.102715 2.23968e-05 0.0698922 0.00496773 0.101637 4.50261 0.430272 0.0105657 0.813046 1.85534e-05 0.134959 0.274871 0.909377 
0.483198 0.000194621 0.000217681 0.000373165 0.364651 0.0129456 0.531867 7.13408e-05 0.00213414 0.735221 1.79584e-05 0.403352 0.00338846 0.00153454 2.77999e-05 22.0504 9.47087e-05 0.628686 
0.199901 1.71486 0.000591311 0.0440545 3.45165 0.0149124 0.0164638 6.62569 0.172282 112.571 0.298295 0.0254179 9.06286 0.000254819 0.227245 14.7984 0.00364701 7.97519 
1.3303e-05 0.00102024 2.11838 0.026592 6.13583e-05 0.0747353 0.0311321 3.39443 0.188032 265.822 0.00607521 0.0135932 9.06885 5.72013e-05 0.225026 30.8676 0.0547066 0.0765263 
0.0957828 0.415812 0.030391 0.000991362 0.000675358 1445.26 0.545074 0.428619 1.82071e-05 0.163468 7.90215 16.4611 0.00309659 0.00436255 0.00235305 30.5556 5.7318e-05 0.0482612 
3.03195e-05 5.21022 1.38157e-05 3.68999e-05 0.0462928 2099.89 0.000165017 0.00555275 0.0558728 18.1136 0.0549964 1.64274 0.000302454 0.000144464 0.514083 17.2725 0.0518743 0.181552 
0.697263 1.35817e-05 9.219e-05 1.02539e-05 0.00079624 469.382 1.54391 0.00492582 1.0282e-05 0.550392 0.497242 1.16476 0.000212445 0.123004 1.42705 49.9258 0.0553491 0.0103348 
2.63397e-05 0.007462 0.0397336 0.203868 0.03424 106.327 6.23321e-05 0.000147641 0.00647997 2.19134 0.00254628 4.15413 2.72347e-05 0.000172993 0.00452897 7.62563 0.000130021 0.492669 
2.47422 0.583407 0.00677494 0.960656 0.000583379 0.471731 0.000633967 0.116442 0.00333254 138.434 0.00145768 0.0442499 0.000599351 0.0255863 0.000173205 2.51689 0.0012507 1.87013 
0.00646879 0.00241253 0.44486 1.71467 0.00643766 13.7292 0.000204918 2.05108e-05 2.40527e-05 0.509592 0.0997846 15.4011 8.18712 0.000267833 1.72984 44.4429 0.00217511 0.00470904 
0.123419 0.000366845 0.0209816 0.0038153 1.78274e-05 80.1572 3.538e-05 0.648738 0.057873 412.748 0.00735927 0.0346671 2.10733 0.0426231 0.00249759 4.86967 0.0203699 0.128406 
0.370339 0.00128664 0.00140647 1.11596e-05 0.000318147 0.0398609 0.000597892 0.000242059 4.6841e-05 1.08904 0.0125229 8.14673 0.0273168 1.08533e-05 0.007003 20.5234 1.90419e-05 3.95034 
2.97995e-05 1.30818e-05 0.000884966 3.32805 5.60846 0.0368884 0.000326931 0.00114984 0.10522 0.296437 0.000125008 62.8271 3.08799 0.459462 3.37237e-05 0.0709985 0.00341325 3.26117 
0.150376 7.56119 0.0257996 0.698384 0.0054052 2.49563 0.00169249 4.20759e-05 0.206789 0.11408 0.004443 0.0262229 0.00053382 0.00125277 0.00191506 20.4155 9.00273e-05 0.548434 
0.00548306 0.16401 1.23281 0.00155146 0.0285364 1243.48 0.234073 0.184664 0.00033713 420.202 0.0165484 26.1154 0.00018729 0.930777 7.72073e-05 0.0425099 0.0308532 2.29202 
1.98162 0.0145799 0.245801 2.75845e-05 0.0302836 103.095 0.000164433 0.010635 0.002514 0.0391652 0.0558475 35.8413 2.55477 0.00295084 0.673513 2.62701 0.0199237 0.0757922 
0.368807 0.0238782 7.92852e-05 3.19509e-05 0.504315 639.721 0.000136764 0.000170162 4.79831e-05 3.85822 0.227576 19.9718 3.28199e-05 0.0118169 0.00654113 11.2182 0.0645994 0.1962 
0.0302525 0.00173517 7.71843 0.300481 0.231601 0.0535399 2.58342 0.296028 0.0299366 1.051 2.46014e-05 5.22396 0.00854127 0.00012764 0.372734 30.759 1.75219 8.05573 
0.000795854 1.65198e-05 0.0104994 0.0563592 7.76389e-05 0.0192949 0.00510684 0.229515 0.019193 0.148657 0.18495 131.12 1.73671e-05 2.97856e-05 0.245251 0.566346 0.000634223 0.342287 
1.05298e-05 0.000479115 0.000472464 4.81728 0.000838485 0.0165525 1.31284e-05 0.00211195 0.000804494 11.614 7.25373e-05 0.0856531 0.000588233 0.000182224 0.0196635 15.6703 0.00274684 6.74074 
0.332955 2.54043e-05 0.0125458 0.205965 1.08137e-05 4.15939 0.0432551 0.00071397 6.49219e-05 65.4504 0.0480904 192.492 7.00726e-05 0.00359728 2.42132e-05 8.64354 4.04839e-05 0.27321 
4.57814 0.586292 0.000278545 0.0246046 6.23922 452.952 0.181486 7.31873e-05 0.000111979 112.474 2.11154 0.363791 5.60862 0.000263441 0.0021818 1.66989 0.0175512 1.45442 
2.56837e-05 2.90584e-05 2.10411 0.000793377 0.00232633 118.612 0.00126146 4.53816 2.50729e-05 0.490016 0.0127299 0.0618053 0.00016138 1.28528e-05 0.36836 10.2714 3.27402e-05 5.22538 
7.96609e-05 8.43856 0.000161383 0.0497427 0.000257849 0.0528185 0.0844419 5.55574 0.1002 0.143895 0.0691216 0.769046 5.24554e-05 1.83538e-05 0.0011825 19.321 0.183525 0.253578 
0.0465111 0.564026 0.0400089 0.00014988 9.80448 0.781294 1.4295 1.96785 0.00033804 8.03641 0.000227524 0.182006 1.59377 0.0326535 6.33154e-05 0.623725 0.00148651 9.22326 
0.00803528 0.412691 0.000338218 6.61919 0.509788 0.0128114 7.01696 3.13393e-05 0.0605589 245.626 4.73027 0.0490197 0.000966538 0.000149573 0.02969 2.93155 3.71084e-05 7.53787 
0.616941 0.0853052 0.0200955 0.00871647 3.65466 0.410583 0.00200236 0.000358807 1.28006e-05 0.666469 0.000344407 0.701975 0.000715928 0.0573919 2.68273e-05 0.531956 0.000211545 2.8955 
0.000832109 2.13393e-05 1.62537 0.00036591 0.00744841 0.31619 0.0681267 0.00158191 0.00242061 0.0449175 0.00311077 0.0300218 4.79414e-05 0.00185381 5.62895 25.6971 0.087266 0.590505 
0.0348276 0.000254638 8.54462 0.00014832 0.000626141 9.20117 4.96319 0.125912 0.69536 0.405374 0.0512798 14.5458 0.0113676 0.0322129 1.66937 19.4157 2.06924 0.538598 
2.96091e-05 0.000753032 0.012586 0.000705695 0.000107613 5.56093 0.481141 7.57762 0.64249 0.0146749 2.09696e-05 16.4486 0.00363584 0.351563 1.89659 7.38456 5.91336 9.00424 
0.197259 4.39087e-05 0.916866 0.00111088 8.99799e-05 0.839353 0.000232257 0.00125403 0.390985 0.968383 0.00019228 0.265805 0.105589 0.000909205 0.00555041 19.4242 0.363899 0.513832 
0.0487585 0.00357317 0.00949204 1.52182e-05 6.98802 0.0287807 0.00197122 4.59707e-05 0.0476863 0.124789 0.00116216 0.439168 2.68514 0.00210688 4.27524e-05 9.25278 0.00873451 0.21637 
0.0740347 9.5583 0.00113468 0.0187014 6.02938 2946.02 1.96106e-05 0.00458846 0.00182643 47.7495 0.257998 286.128 0.0159636 0.0876353 0.526326 39.4514 0.00020435 9.56312 
0.00929271 0.479365 0.00276072 0.00806789 1.89275 111.277 8.51704e-05 0.00451788 0.000797575 0.175893 6.07772e-05 2.07627 0.000945058 0.606105 0.00023238 0.240756 0.0221788 6.59821 
1.44565e-05 2.69708 0.181821 0.880743 0.00167972 132.388 0.00559451 0.00670912 0.000149458 42.116 0.017582 6.74176 0.000226681 0.00140307 0.00385761 22.4841 0.00262108 0.0986352 
0.0059579 3.77911 0.0101583 0.755015 0.281312 0.293707 1.29161 0.0650643 2.23338e-05 0.090086 0.5614 13.8315 0.00178268 0.00165509 0.0644401 47.0353 2.11473 0.750802 
0.000757356 6.54232 0.0655688 0.396491 2.88403 0.0470328 4.17173e-05 0.00129494 0.00880136 21.3647 2.85535 0.653514 1.0008 0.000509408 0.00100272 5.6495 0.133211 0.225213 
1.12452 0.00209781 0.0190571 0.000154192 0.0893988 121.946 1.12483 3.79454e-05 0.00195733 0.22283 0.0267259 44.6074 2.0864e-05 0.00038181 2.78163e-05 18.9199 0.00137273 3.63178 
0.0200877 0.000197681 0.00278622 0.378759 1.35736e-05 0.0238533 1.40353 0.000175687 0.00361468 1.27115 0.00634332 29.5672 0.849654 0.268693 0.000158474 0.309169 0.000396231 4.40423 
0.0331048 4.41495 0.00124689 0.00142363 0.0174512 19.3278 0.00260962 0.00016859 2.43506e-05 248.568 0.00327208 0.0487679 0.0191229 0.0055558 2.62444e-05 1.14552 2.28969e-05 6.67373 
0.0654155 0.00277182 4.72575 1.29646e-05 0.00376103 0.0702986 5.84229 0.000282614 0.0017316 0.450286 1.35372 175.446 2.52221e-05 0.0235013 0.214808 0.131686 0.407289 0.763447 
0.489879 0.000102143 3.13808 2.00287e-05 0.00558823 4.45342 0.00881412 1.7582 0.00585061 3.74397 0.0004732 16.0961 0.000101688 0.0136702 0.00209687 3.44946 0.000153241 0.287788 
0.00168683 0.000306547 0.000198736 0.680431 0.0787924 158.768 1.18942 0.00281339 0.82935 2.66975 0.000206371 1.68178 5.76877e-05 0.150542 3.33971 13.6023 0.00519309 0.525088 
0.0259362 0.000875453 0.398577 0.0018551 1.38035 148.774 0.696833 2.89441e-05 0.000744683 238.169 0.0394984 5.33306 8.40411e-05 0.00146529 0.000635765 23.6866 0.00737282 0.297627 
1.44019 0.158612 0.205126 0.00133363 1.69816e-05 0.243148 0.347601 0.000890496 0.000123114 0.0894118 0.010994 0.780895 0.356316 0.0188579 0.000382897 0.901661 0.00255295 7.76986 
0.251386 0.0797632 1.55727e-05 0.661748 0.000116829 121.759 0.0136322 0.0241367 1.77795e-05 0.0255688 0.217075 29.3197 0.004968 0.000460314 1.33699 5.1888 9.77347e-05 1.18817 
3.91331 0.000363731 1.99926e-05 0.000314416 1.32167e-05 0.559724 0.410363 0.00442665 8.5068e-05 0.319511 0.0253307 1.34983 3.47627 0.000495703 3.34044 32.9428 0.159326 0.355606 
1.09848 0.30071 0.000693841 7.65485e-05 3.43336 0.053495 0.0032773 1.70864 1.18621e-05 30.331 2.0635 0.0145815 0.0718145 0.00533455 0.00303052 25.2873 1.21072e-05 0.114851 
0.283937 0.000578003 0.00146431 0.0272941 0.00266807 87.2118 0.392255 0.0340143 0.000848478 1.09326 5.39048 0.603571 0.00154821 0.0321383 0.958003 26.7853 0.0040317 0.0389835 
0.0386606 0.000751092 0.00741849 0.117638 6.13541e-05 0.629255 0.00131361 3.93432 0.000438273 34.5195 0.0277914 25.327 0.106635 0.630482 0.000359076 0.123484 0.00274522 2.05873 
2.04165e-05 2.49346e-05 0.00276989 0.000447155 0.00123208 0.0243181 0.00316189 0.000684595 1.15445e-05 0.0411161 0.00295018 252.733 0.00109173 0.000175908 0.000338803 8.58198 0.187618 4.38748 
0.00101213 0.244152 0.0272965 6.63548 0.00063528 14.4408 0.0347266 0.158333 1.16206e-05 0.0501646 0.0900985 0.0202371 0.00466887 0.0113509 2.3871e-05 4.49859 0.000765547 0.60066 
0.734031 0.000190265 0.153004 5.58171 0.000785536 0.0542025 0.015489 0.441332 2.81899e-05 2.46864 0.0643813 0.0331774 0.0505826 0.00270055 0.00010707 30.7631 3.31424e-05 0.263089 
1.21531 0.00108156 5.25577e-05 0.0739681 2.62597 414.069 0.0486185 0.000404218 0.00344112 4.8082 0.000235742 33.5303 2.12126 0.00441398 0.000723179 23.0818 0.0404126 0.0725653 
0.00123643 0.416356 0.00203269 1.29287e-05 7.89701 0.11773 0.000132553 0.236487 1.57241e-05 0.411765 0.00016719 52.2175 1.04628 0.000115477 0.00164522 7.90041 0.285076 4.34993 
2.33913e-05 1.2976e-05 0.519085 0.00213982 0.367394 15.8648 0.687232 9.31948 1.12155e-05 0.157302 0.000393095 11.9338 2.37401 0.0112726 0.000605678 1.43452 0.0017026 8.12092 
1.7521e-05 0.383241 0.0534841 0.00109981 1.24786 401.763 0.138416 0.017865 0.0218769 1.74922 0.0598878 7.40492 0.000664034 6.40013e-05 0.000115021 26.2573 1.42504 0.0749399 
0.000341758 0.000405166 0.000500534 2.09668e-05 0.293994 0.0254479 1.06934 0.0252423 4.07391e-05 0.259826 0.266413 0.158806 1.29539 0.0024275 0.345526 0.751463 0.0302772 0.780339 
0.000244148 8.51389e-05 8.12756 0.000252848 0.000486066 70.3178 1.41548e-05 0.0963863 0.00275698 0.0524429 0.000121342 0.498718 0.00418648 0.000585746 6.14595e-05 42.8193 0.392202 0.252288 
0.975799 0.000108158 0.204954 2.4822e-05 0.000159956 120.158 0.00327139 0.00408599 0.00100177 0.0840755 2.77942 75.1115 0.000140067 0.000987934 0.0179098 0.0919124 9.36445e-05 7.91985 
0.00148841 1.25011 0.000143921 0.0159607 0.00177501 0.0150041 4.35007e-05 0.00881427 2.02457e-05 0.596568 0.00039013 0.0853503 2.13804 0.0477837 0.340284 43.2939 0.194122 0.0801402 
5.83733 2.65601 6.07919e-05 1.28146 8.67036 18.1503 8.11108e-05 9.75511e-05 0.000238164 0.0210501 0.00609613 8.6838 0.000866757 0.00171806 0.0781019 4.68632 0.11564 1.21264 
1.59094e-05 6.09724 8.95334e-05 0.0635787 8.75977e-05 0.0180016 0.00624005 0.0143619 6.16229e-05 0.0319694 1.26408 0.0285811 2.21429e-05 1.71156e-05 0.000420138 8.09463 0.00531671 2.54868 
0.0301119 0.00139859 2.04982e-05 1.16261 0.309912 10.2173 0.0576055 1.53544 8.41896e-05 13.8222 3.49404e-05 2.35604 0.0265079 0.0203833 0.749163 8.70194 0.465554 0.515715 
1.24682 0.0886136 0.0678125 2.48537 3.30219e-05 9.41721 5.86194 0.0106786 0.00100977 29.1343 1.74432 15.3103 0.00960106 0.00815434 3.20858 13.093 3.60564e-05 2.08057 
0.000263125 0.000495282 4.58846 2.0506e-05 0.00948473 0.272174 0.000342568 0.0269786 0.0681544 169.797 0.000273684 0.355788 0.0955186 0.0256276 0.0349315 2.61105 6.31388e-05 0.900411 
1.78699 0.0144478 4.79888 0.00015925 1.37489e-05 311.09 0.0029128 0.764761 0.00181004 10.0174 1.19899 368.232 0.499444 0.858389 0.00260862 0.0605423 0.0449139 3.14604 
0.000944201 0.0019468 0.314234 0.0027285 0.00121636 2.02161 0.00127428 0.0134644 1.20474e-05 0.13745 0.0338839 0.0431234 4.72159 0.578035 0.305662 0.101422 0.367666 3.96596 
0.000130935 0.00141647 2.72731 0.111652 1.18005e-05 0.0139856 8.42558 0.000231151 0.000152492 0.0174099 1.08468 0.0245757 0.00126226 0.000110445 0.00114939 9.05333 0.0039413 1.09139 
8.98152e-05 0.0127358 0.000272621 0.160568 0.000838861 0.812051 0.00213298 6.6852e-05 4.66707e-05 387.01 2.0786e-05 5.71384 0.596378 4.39542e-05 0.00214794 4.72149 0.0516921 6.10812 
2.12653e-05 0.250428 0.764671 2.99878 0.155481 1.32268 0.432985 0.354489 0.0250387 14.5114 0.322835 166.802 0.0100716 0.194136 0.0190001 0.0305901 0.00461886 3.51646 
0.51472 0.00013016 0.249801 0.0732931 0.0209706 7.98897 0.878411 0.00453764 0.0281583 475.419 0.2297 13.4415 0.0304857 0.00792259 0.831076 3.27607 0.0289506 1.36354 
4.72399 3.18618 3.2362 6.42021 0.00506086 0.813554 0.000253671 0.0240252 3.51443e-05 4.48207 0.176499 17.5043 0.00203738 0.0201941 0.0106905 4.66901 0.00261986 0.521402 
4.52586e-05 6.61535 0.00385844 0.000389847 0.993277 0.425625 0.0001817 4.69491e-05 0.0586271 0.0312588 4.81267e-05 0.88751 0.1233 9.40162e-05 5.67259e-05 44.4113 0.000652951 0.404098 
0.00273264 2.08533 0.184286 0.0227762 0.00784264 0.154376 0.00146928 0.141176 0.000288896 0.123814 0.846932 10.7206 0.029021 3.25152e-05 0.0211347 2.5193 2.41949e-05 1.36555 
0.0175406 0.593014 0.000889648 0.000161844 1.39846 12.9605 0.176963 4.09344 0.000216848 0.173717 2.24687e-05 290.049 0.0174951 0.58316 0.00199059 0.208236 0.0403488 4.88756 
0.0102907 0.00186497 1.24335 3.72049e-05 0.00127013 2.48645 0.000111329 0.00020872 0.00183842 36.3157 0.000864111 0.0128463 1.53561e-05 0.712525 4.54049 3.45328 0.000262631 2.30686 
4.58759e-05 0.00629738 0.00169346 2.08953e-05 3.45954e-05 5.08255 3.7343 0.657391 0.0100539 43.788 0.00120176 2.99527 0.0118667 0.547577 3.15839e-05 9.01685 0.916533 0.0231756 
0.000665715 6.00788e-05 0.000409639 4.95749e-05 0.348716 99.2332 0.0635334 4.00706 0.000415449 19.3808 0.0893827 0.864246 0.000356261 0.3934 0.000249986 3.07198 1.03522 0.10734 
0.112574 0.130691 0.0140655 0.124355 0.357146 188.821 2.14107e-05 1.33718 3.59939e-05 0.0106173 0.107965 266.682 0.000807908 0.0209921 0.702134 30.9634 0.000108578 0.0395457 
2.07363e-05 4.24419 0.000710937 0.771545 0.0495154 267.601 0.00693508 0.382603 0.00103917 0.422569 0.0469663 3.38645 9.58738e-05 0.721301 4.84776 0.403947 0.000176319 6.3389 
0.000770277 0.00943453 0.000199371 0.00150872 0.00166673 0.262727 2.675e-05 0.0312241 0.0414936 0.0468209 1.13274 0.0195787 0.0453275 1.20233e-05 0.000157005 1.92122 0.000454104 1.83845 
0.00169465 1.51971 6.14319 0.000122279 0.00266266 124.292 0.00761227 1.66486 0.140057 0.0379725 0.00260703 1.27646 0.035694 0.254439 0.000504213 0.340633 0.0532227 1.38314 
0.132675 0.000161312 0.000194705 7.03418 0.00120525 3.32758 0.0141348 0.014714 0.000221527 8.65263 0.00216062 39.4828 0.441146 2.64314e-05 2.40335 34.8377 0.000662338 1.11636 
1.42666 0.148856 1.02273e-05 0.00780275 0.0024085 29.7329 0.000480878 1.91062 0.000103176 0.0335041 0.144746 0.117386 0.391834 1.25114e-05 0.011483 1.46088 0.195294 5.56637 
0.33428 0.569794 1.00822e-05 0.000433743 0.00556844 0.756613 0.990441 0.000433188 0.251366 5.87124 3.42548e-05 0.0361904 2.26599 0.096804 1.80143e-05 0.65595 0.0133832 3.38669 
0.000139863 0.466357 0.00316951 1.65748 0.000847255 1.43224 7.02681e-05 0.000524853 3.52461e-05 0.190971 3.95554e-05 52.3134 0.453451 0.00291893 0.000973134 6.71247 0.000374512 0.544856 
0.00457222 0.0793163 7.59163e-05 0.183919 0.000133597 0.619876 2.99895 7.65343 0.000101993 7.65858 0.102027 0.0188418 0.000219664 0.00112414 0.000389156 4.01422 0.0390055 1.5588 
0.00355354 0.000123309 0.020992 0.976954 0.00492911 3.81327 9.22189 2.57264 0.313746 0.0865734 3.53381e-05 3.57847 0.565909 0.0313397 5.36882 18.5956 5.08439e-05 0.173586 
0.000120199 0.0167825 1.52116e-05 1.07805 0.0337141 2.8745 0.0122444 0.0556409 0.000171784 1.86303 0.0743965 14.166 5.26089e-05 0.172094 9.28987 8.14679 7.72102e-05 0.178308 
0.00487327 0.062086 0.00014794 0.000164049 0.167714 1.6294 0.0254162 0.0747929 0.0094593 75.807 9.24392 0.882496 0.0470333 0.0105427 0.00176576 5.48874 0.0146609 2.62028 
0.000687417 0.0968195 0.00115887 0.0190584 1.45941e-05 1133.88 7.35191 0.0108784 8.00623e-05 51.4794 0.00720212 206.254 0.00378903 0.024547 0.00498536 2.44612 4.42257e-05 3.63513 
0.00012216 0.640043 0.237173 0.0938686 3.93274 258.568 0.00108186 4.7392e-05 0.535036 0.016688 0.00113311 0.0184805 0.00157313 0.00976992 0.00103233 4.8946 0.152398 0.395288 
0.00016153 1.29131e-05 0.00234104 0.0043667 1.62308e-05 0.378663 0.00849852 0.000432308 0.00308413 1.86827 0.0109092 0.280379 7.98926e-05 0.0129904 0.271831 6.69364 0.164183 0.230959 
0.0100499 5.70771 0.00172836 0.0695045 0.0939803 0.0430612 0.000134973 0.366478 1.96838e-05 0.0451441 1.15917 3.52665 0.000137717 7.03173e-05 0.000106795 6.24638 0.00294828 1.87294 
0.00562487 0.000314335 0.00665272 1.31225 0.000885536 10.4925 3.98291 0.00362157 0.00193692 3.02527 0.0258337 158.218 9.40418 0.00139585 0.00229423 0.851313 2.75858e-05 7.60129 
0.00243011 0.00382724 0.000574177 0.272037 2.15083 0.228561 0.00553762 0.00110899 9.60974e-05 486.04 0.0105979 48.3438 2.87373e-05 0.130996 2.3809e-05 3.9796 1.47681 0.418366 
0.000505426 0.288224 0.00074045 0.042687 0.000214424 1559.34 0.00755848 3.88295e-05 4.09712e-05 0.274131 0.00403567 1.20579 0.0176302 0.145377 4.91273 17.9688 0.000128822 0.0901958 
0.000259171 1.5177 0.00100043 5.54314e-05 0.000581182 3.23512 0.278293 0.179422 0.00331484 77.5523 0.248177 9.60541 0.0168723 0.0306193 1.3878e-05 48.2492 0.220865 0.0942235 
9.42651e-05 0.000102572 0.00179122 8.85709e-05 0.558368 0.0172276 0.0484457 0.000141355 6.69745e-05 0.129283 0.0184156 8.70512 0.0011541 0.638387 3.16161e-05 0.128533 0.0044704 6.54676 
0.000136608 0.0377183 0.0213479 0.000707798 1.30724e-05 266.841 0.0238071 0.197288 0.000277321 0.0175924 0.0823734 64.9526 2.88685e-05 0.00236698 0.0523674 6.186 0.00730313 0.929916 
0.0824906 7.07789e-05 0.176315 0.0210948 0.000405505 1.29957 2.78135e-05 0.0700308 0.0203966 2.81915 0.00104726 75.2513 1.43455e-05 0.214907 0.000510244 0.223985 0.235849 9.90777 
0.142023 0.000157682 2.75139e-05 8.05539 0.211646 328.347 0.00062632 0.000391829 0.0128531 384.773 4.71787e-05 3.86401 0.468188 0.0111243 1.03534 10.2113 0.000130163 0.559171 
0.000187548 0.0003373 2.82116 0.0434583 0.000285275 28.2362 4.87295 0.186918 0.00106257 0.080952 0.0549207 0.0124733 0.000298974 2.15539e-05 0.00418008 24.7243 0.0862182 0.780525 
0.682587 9.62021 6.14938e-05 3.18544e-05 0.853508 2.91702 0.000165622 0.0074264 0.000624601 4.40527 0.0543433 1.98553 2.98686 0.00966446 0.0725144 3.00102 1.75758 1.59568 
0.0258082 4.8146 8.07232e-05 0.0410309 0.0331791 102.095 0.0001893 0.00771761 0.000686385 0.201494 0.412946 0.78126 1.02377e-05 0.970225 0.000191846 0.54015 0.278548 0.180192 
0.138753 0.161332 0.459295 0.466713 1.53097 1375.48 4.43638 0.0161009 0.00454678 41.9297 0.0291868 0.01748 0.0175947 0.0693261 0.10392 0.784448 0.00101997 3.28993 
1.41784 0.0457272 0.0366066 0.0252753 0.000674347 0.191763 6.94544e-05 0.245126 0.00254265 0.0128201 1.02174 0.0193926 0.0186874 0.00356524 0.000272266 2.75428 0.00323677 3.34 
1.12952 0.777783 1.42421e-05 0.0011202 0.797602 0.464003 0.00938947 0.000331292 0.00147291 9.39694 1.10426 7.09293 0.0257433 0.0126559 6.19288 9.46053 0.00377353 1.50441 
0.146311 0.000353775 0.0493145 0.00073486 4.70801 70.9089 0.0200834 0.676821 0.00205677 168.722 0.039624 0.0116183 0.000377092 1.3832e-05 0.000897172 6.10117 0.000279765 1.29048 
3.07614 1.79732 0.106486 1.95568 1.22182 122.287 0.929113 0.0107706 0.00240991 0.275286 0.589925 0.0655138 2.537 0.119148 4.89371e-05 0.126099 0.786607 4.93317 
1.51938e-05 0.18158 0.00228934 0.0190232 0.000405572 0.395455 0.00155054 8.09951 0.148891 62.4966 0.000981103 0.114726 0.000108635 0.000182285 0.00131269 47.8269 0.00426078 0.285725 
0.00886304 0.690687 0.000206901 4.68003e-05 0.00187817 0.0325791 0.0135536 7.04142 0.000985655 82.1676 0.000250237 0.0146603 0.00491845 0.00310391 1.40742e-05 14.9502 0.0611321 0.584057 
0.0271569 2.04079 0.00013966 0.000130888 2.71934e-05 2038.27 5.84419e-05 0.00661601 0.0221525 0.0901602 0.000299319 91.3036 0.0341657 0.00171681 5.13691 3.57647 0.00370996 4.78585 
0.0136051 0.00961569 9.68263 0.000243456 0.000358044 1250.54 1.40748e-05 0.430843 0.00129778 1.4755 2.44964e-05 0.0304381 0.115096 0.16161 8.93423 33.8024 0.0176718 1.20661 
0.0165505 1.22987e-05 0.0157421 0.00107097 0.101997 1.1481 1.5889 4.97615e-05 0.00107182 0.0295276 2.96052 196.405 2.97204 0.234127 6.82092e-05 0.444894 0.773277 0.32473 
0.00125561 0.000428689 0.308053 2.79124 5.0778e-05 1372.74 0.514239 6.13607 0.00013762 0.718468 5.03157e-05 3.81133 0.000188308 0.0149508 9.56913 18.7798 4.3072e-05 0.726395 
0.106178 0.000170061 5.00066e-05 0.0017495 7.64209e-05 1646.23 0.328087 0.00263095 0.486335 0.0754675 0.00278915 3.08972 3.07269e-05 0.0012428 0.000762892 29.9188 0.000495801 0.198594 
0.000134705 0.141912 5.61278 0.125607 0.00482089 0.0422966 0.00198113 4.184 0.0249217 62.4973 0.188806 7.00019 0.019243 0.00915548 2.36989e-05 4.57574 0.000127685 6.68215 
0.00155499 0.200739 0.0559316 0.000171041 0.066946 1.53037 4.54408e-05 1.25707 0.165055 28.1859 0.00217742 0.0524172 1.96633 0.000193863 1.0168e-05 4.31397 0.000299229 9.12934 
3.94111e-05 0.0181793 0.000378222 1.72186 0.000759789 5.86247 0.000658657 0.00158536 0.0242467 0.0102197 0.0588865 0.78452 3.84951 0.00240012 0.00162648 0.106396 0.191831 5.3967 
9.83998 0.00314621 0.558513 0.22797 1.06943e-05 0.0293175 0.000660272 0.248007 0.000787269 0.0835541 0.332104 37.4336 0.000762813 0.030257 0.00115218 13.5157 0.182685 0.0957166 
2.80128e-05 2.83555 0.135276 0.000191167 0.00114955 0.672789 1.868e-05 8.31189 0.0624005 489.451 0.00162288 1.26839 5.39176e-05 0.00877327 8.21327e-05 6.38816 0.0827278 1.20825 
0.027386 1.74844e-05 2.16104e-05 0.801036 0.217764 11.8518 0.00228528 0.0178215 0.00347161 139.737 0.786421 0.0254275 0.311088 0.000152803 0.00278269 8.33184 2.33184e-05 0.369804 
0.257696 0.000340972 2.62864e-05 1.76285 0.53173 641.572 0.0142848 0.00440614 0.789637 6.54651 0.00880743 0.581845 0.0464005 0.00202361 0.137652 8.60515 0.000837402 0.709209 
0.000850599 2.64568e-05 3.75162 1.25236e-05 3.58811 0.131569 0.0159075 2.92724e-05 0.000383119 39.6307 0.0021199 219.799 8.26585 2.48996e-05 6.95114e-05 18.1436 0.00221509 0.427495 
0.0452151 0.0191435 0.000174881 1.09609 0.0047961 0.372541 0.160699 1.57699 2.01805e-05 0.367091 0.000265192 0.0765175 0.0346523 0.00162365 0.00206237 5.43616 0.00310759 8.00897 
3.7393e-05 3.29328e-05 0.000273043 1.07093e-05 1.28081e-05 52.4747 0.000705459 0.0301987 5.60658e-05 62.8588 0.0176073 0.213016 1.9893 1.24757e-05 1.60056 6.95655 0.00327088 1.86971 
0.00901983 0.000354215 4.80564 0.00451234 5.30115e-05 0.0397485 0.00240065 0.00420944 0.00131216 0.0416975 0.590208 1.5414 9.57019 0.00513485 1.1444 0.0464401 0.0831799 2.52119 
0.000322723 9.11829 0.0149419 1.73251e-05 0.000152119 34.3595 2.11437 0.119185 0.501346 7.70713 0.00076475 0.137599 0.201987 0.0304942 0.448056 20.617 0.000522105 8.85285 
7.44734 0.00323743 0.0277826 0.000385266 0.0246355 6.92082 0.662687 0.119342 0.010102 109.007 5.9009 4.38059 0.25352 2.01217e-05 0.0731965 2.86637 0.00144518 6.20377 
0.047376 0.426554 0.0176258 0.00166022 1.20872 1595.23 0.780061 0.433637 0.0188004 0.0439756 0.000869423 1.10511 5.74628 0.000488089 0.547775 0.539358 0.0364291 7.45973 
9.15697 0.037377 1.39353e-05 5.24965e-05 3.38864e-05 260.588 0.000460232 2.60751e-05 3.05346e-05 3.69946 0.0457842 40.721 2.17172 0.203055 1.62515e-05 0.511757 0.232753 2.92933 
0.771557 0.0377305 0.000507191 0.00354646 1.47813e-05 46.2287 1.00601e-05 0.000668787 0.000115459 79.748 0.000975378 49.1589 0.240274 0.00148561 0.000503257 5.38527 0.000242896 7.08894 
2.00951e-05 0.000669721 0.0378453 0.0498922 1.11775 196.3 0.201953 0.000138611 0.000169573 8.00258 0.0189097 2.85733 0.0236575 0.00742115 1.56775 3.11237 4.80266e-05 6.60689 
2.76566 0.220094 8.31674 0.037363 1.42061e-05 161.772 0.199549 4.33902 0.0576116 0.0773126 7.6069 0.892167 0.0029903 0.00616803 4.47115e-05 1.57185 0.0300588 5.24079 
6.62067e-05 2.98214 0.0760644 1.60699e-05 0.0013987 0.603791 0.553275 0.0149845 1.47059e-05 18.9007 0.000781162 3.46944 0.716569 0.000936358 0.270352 28.3633 0.563679 1.75982 
1.33035 0.0364178 1.45277 0.0205888 0.129895 44.6634 0.000114195 0.242217 0.00103984 93.9098 0.127796 107.858 0.000120254 0.0123846 0.000170876 28.5957 0.148197 0.408229 
1.00194e-05 0.034054 0.00010413 0.0131043 0.000963988 178.47 4.78494e-05 1.09136e-05 8.43168e-05 0.105892 3.12944e-05 54.3743 0.000987087 0.0316756 0.00366815 14.0929 0.357439 0.0978896 
0.000972614 0.00929345 0.316462 2.44077 0.000170037 289.348 2.11287 9.77543e-05 0.126366 0.0891184 0.00100813 1.99415 0.0811994 0.00155457 0.897932 27.0134 0.00325669 0.947837 
1.20635 3.48943e-05 2.13241e-05 1.34853 0.000110578 0.440898 5.41625e-05 0.0383745 0.00144599 0.660737 3.23031e-05 189.304 8.47979e-05 0.000830679 0.000458399 36.9166 0.000541595 0.120972 
0.282592 1.111 0.00568464 0.156498 4.98359e-05 1301.87 0.0907039 0.776664 2.30748e-05 0.0328708 0.00843797 8.20199 0.293895 0.00234782 0.593416 1.9408 0.0464956 8.89849 
4.7005e-05 0.193285 0.70831 0.00762815 0.0180761 1981.26 0.077109 0.000271512 0.0550492 0.223188 0.000549269 0.0108929 0.166064 1.11901e-05 0.00104171 42.4086 0.201978 0.45055 
1.05263 0.0190402 0.135206 0.344331 0.458023 238.12 0.000782524 0.0140896 0.0063701 448.955 0.557309 0.101258 0.00348491 0.0031913 0.000330617 35.5663 0.000181684 0.250562 
0.000131755 3.54027e-05 1.37782 2.03549 2.22906 14.5071 0.00138578 0.0010595 0.0222472 18.8812 6.06247e-05 3.26088 0.000666782 0.000235564 0.0129825 29.1107 3.78089e-05 0.20881 
0.000367032 0.000176085 0.0378575 0.0845622 0.00146078 2.77694 0.000288441 0.000109717 0.00480106 0.408329 0.779315 0.0135277 2.56677 0.139042 0.557083 0.447588 0.0204781 8.54492 
0.299155 0.000171236 0.000122022 3.9241e-05 0.00085567 132.148 6.90565 5.03588e-05 1.11864e-05 1.14936 0.813971 0.290933 0.186148 0.0056404 0.000952277 2.07558 1.61432e-05 8.65575 
0.000472653 0.00628427 0.001728 0.017677 0.326197 2.62316 1.07181e-05 0.471268 0.0332103 23.8911 0.0654654 0.154573 0.000917657 0.0068101 6.16301e-05 2.65664 1.0832e-05 4.34328 
0.0863616 0.00135168 0.0564861 1.13378e-05 0.191374 0.0639802 6.84614e-05 0.367771 0.396421 28.4712 0.00391589 0.342845 0.00201117 0.0533926 3.82187 4.57687 0.110983 3.11519 
6.43438 0.14111 0.700254 0.131851 2.3755 1.97645 0.0116909 1.52914e-05 0.00264161 36.6914 6.57871e-05 0.0198168 0.057588 0.0114833 5.82161 31.9669 1.78472e-05 0.861298 
2.46686 0.00515079 0.0113337 3.69593e-05 0.017821 0.131944 5.65395 3.87343 0.741721 1.0337 0.409476 0.0281615 0.00486578 0.00148011 0.0208927 16.5064 0.0393993 0.282109 
4.40133 0.000227933 0.0148667 0.0245378 0.00749116 474.2 0.000533677 0.000204496 0.00560457 7.58021 0.00217027 0.267606 0.218563 0.000190769 0.0355184 5.55036 5.82002e-05 8.98894 
0.000556871 0.000472964 1.28214e-05 4.90744 0.0300882 28.167 0.000296634 0.000128212 2.09735e-05 51.8751 0.00203361 0.0145912 0.464066 0.000879483 0.042402 8.05494 0.00060769 1.16831 
0.00112594 5.72205e-05 0.0821299 0.000143219 0.568158 0.112044 0.540506 0.00442487 0.00159456 0.448037 0.000838135 13.8891 5.01544e-05 0.00642022 9.33705 13.3832 0.000152468 5.63251 
0.00391984 0.0442189 0.000383535 4.71739 0.187491 0.0490957 1.29059 0.00378562 0.000108751 0.34077 0.00816757 18.3521 0.00112173 0.000690421 0.144 27.8204 3.62924e-05 0.93123 
0.174953 0.00464081 1.60146 0.000885398 0.168832 212.33 0.0978432 0.00593615 6.45344e-05 90.2619 3.51457 21.8458 0.400577 0.00152352 0.312991 4.857 0.0336256 0.888895 
0.000211806 0.00013623 0.00386684 0.41605 3.05622e-05 1.02836 2.61727e-05 0.00302756 0.00016515 461.339 1.06271e-05 0.0119816 0.0573693 1.93497e-05 0.0155341 13.6668 0.195862 4.67818 
0.272167 1.62219e-05 1.02003e-05 0.00967132 0.00972203 4.59112 2.48662 0.170824 0.168737 67.5918 1.25453 23.0537 0.626882 0.0184909 4.86761 10.9584 0.107119 1.28897 
7.77309 0.0630722 0.446999 1.06258 0.000147102 3.14553 0.801835 0.000585935 0.937643 3.51581 0.0290995 0.0183504 0.0697173 0.00499655 0.1507 28.1711 2.97132e-05 4.24158 
0.000142822 0.567065 1.51953 0.127319 0.000236492 413.049 0.000364789 0.000169997 0.00253959 328.877 1.64242 110.065 0.0260917 0.913345 4.95722 0.520677 0.00184124 3.00737 
0.680296 0.00022515 0.761165 0.556424 0.032493 0.0197267 0.155506 1.04673e-05 1.21745e-05 23.1196 0.0137959 448.944 0.662284 0.0101523 0.0288537 2.39193 0.0766075 9.29355 
0.00460463 0.00635191 0.00581931 0.0004467 0.0143431 44.8797 8.96448 0.0705934 0.289035 0.0219651 1.11867e-05 12.3234 9.36929e-05 0.000161793 5.88788e-05 10.0805 0.00228544 2.21668 
0.000454071 1.25535e-05 0.0394043 0.00247576 0.0156717 0.156516 0.00615327 2.36355 0.0305833 8.77487 0.00483342 3.70423 0.000587429 0.0257981 1.22051e-05 20.0175 0.425031 1.16353 
1.10427e-05 0.0266468 0.0453822 0.269039 0.702971 681.467 7.9235 0.0466269 0.000297893 405.92 0.0307879 0.555549 0.195526 0.0211958 1.97544 10.5563 0.00382696 0.222834 
1.18388 0.0550809 0.000377588 0.162416 1.004e-05 0.0418535 6.4652e-05 1.04102e-05 4.6326e-05 46.2245 0.00216469 0.30795 0.210724 0.0252588 3.5781 39.7834 0.00244088 2.57254 
0.0522025 0.0134479 0.000358835 0.178726 3.54121 439.516 1.23569 5.77487e-05 0.839409 52.7499 0.406519 0.0296044 0.0213876 0.00525474 0.0167798 17.3656 0.022426 0.458416 
0.00183794 1.30239 3.47085e-05 4.38917e-05 0.00265607 0.0439895 2.5676e-05 0.00607952 0.000888631 0.0124552 7.8468e-05 1.88565 2.39208e-05 0.0077928 0.00551104 10.5871 0.307851 0.877737 
0.0400232 0.0916353 4.58461 0.00201898 0.145683 632.722 1.76098e-05 0.00220986 0.0155436 2.54848 0.00132491 0.0919134 0.0078449 0.060655 5.80415e-05 1.9972 0.282519 1.19875 
0.16221 0.414479 1.67417e-05 6.60897e-05 0.00828984 7.31926 1.95453e-05 1.24633e-05 0.00021477 6.17319 3.82599 0.0138018 0.125193 0.000861444 0.000749435 19.307 1.66452 0.613995 
0.000197856 0.000263281 2.08057e-05 0.0116178 0.000170421 96.8423 0.741682 0.00796059 0.00147144 0.093136 0.00701269 0.151256 2.48306e-05 0.299356 2.19016 1.16849 1.18346e-05 1.18871 
0.104848 0.00014035 3.03604 1.02977e-05 1.29498e-05 9.34174 0.000530735 0.000183203 7.51259e-05 2.73321 5.35374e-05 30.9929 0.0051985 0.000513008 0.000448991 42.6573 0.0502179 2.89577 
0.00058216 0.0659633 0.000110059 1.22641e-05 0.000218094 0.137445 0.011879 0.000384381 0.0334543 111.372 0.0376139 0.0990707 1.71282 0.158735 2.89209 14.6373 2.7972e-05 4.36814 
0.43678 0.00018017 2.59658e-05 1.04647 9.08553e-05 98.3502 4.20124 0.00206955 6.95837e-05 129.056 1.95741 100.37 0.306565 0.0147364 0.190094 14.916 0.0369622 4.13723 
0.000202225 0.000365224 0.868624 0.0268212 0.0590276 2.8415 0.204001 0.000429966 0.000190128 18.5658 4.79079e-05 247.872 9.21724 7.91963e-05 0.0245574 19.3825 2.90763e-05 0.882449 
0.00605154 4.59228e-05 4.09497 0.0139696 0.000628974 3.55406 0.0676179 4.39907e-05 2.89237e-05 367.201 0.873389 477.186 0.000428149 0.40574 2.21986 0.756351 3.64828e-05 3.13017 
0.0352535 1.44688e-05 1.59262 0.00228008 3.94318e-05 1.78433 4.60768 0.00913504 0.000161267 15.45 0.0132138 0.0391918 1.35956e-05 0.220065 1.18842e-05 11.0606 2.02627 0.200301 
0.0817334 0.000214928 0.000163823 0.000179456 0.00143476 48.8859 0.0485926 4.9321e-05 0.0441851 17.0547 0.000635521 24.1822 1.2343 0.00125711 0.703487 17.8759 0.00136324 0.352596 
0.000457301 0.900482 1.44844e-05 2.1718e-05 7.2841e-05 860.056 0.166934 0.945051 0.00410217 0.0476461 4.81414 339.435 2.38986e-05 0.0155405 0.00012444 0.330029 3.68741 1.00868 
3.39782 2.20259 0.00106205 1.07068e-05 0.0130561 1.38124 0.00365865 0.0199133 0.0245634 0.425252 0.000768423 0.399687 0.0342913 0.0780761 4.27823e-05 42.6608 0.679564 0.0697891 
1.07379e-05 0.00445819 0.0138915 0.0567029 0.0110051 0.0645482 0.0117722 0.00013479 0.000127469 4.41117 0.0119321 0.0229229 0.00140192 4.84077e-05 0.000108532 23.5194 0.0992854 0.530576 
2.5826 0.000556053 0.4932 0.00546615 1.28931e-05 0.368248 5.6718 0.00159623 0.358944 1.68184 4.13171e-05 0.013476 1.00189e-05 0.00120621 0.188182 22.2282 0.000277916 2.00959 
0.0021612 0.000330561 0.132028 0.0323063 0.00016805 564.362 0.00513315 0.444545 0.0122598 199.723 0.707148 4.34594 7.14475 2.46639e-05 0.000679984 25.0154 5.15857 0.922602 
0.016347 0.000253577 0.000264041 0.00990346 0.00281278 0.356747 6.98386 0.00279658 0.000392729 140.009 2.92262 0.0963299 0.000119081 0.000726025 2.76252e-05 27.1816 0.0283408 0.535497 
0.000167523 0.389857 0.00157869 0.547941 6.05757e-05 604.136 0.00840524 0.487814 0.0957354 10.5223 0.000208046 31.6827 1.42833e-05 0.511339 1.09479e-05 0.223417 0.16888 5.36093 
1.49838 3.22568 0.00430585 6.37982e-05 0.00919428 0.0890177 0.000164965 0.0239699 0.0583763 5.30183 0.0001026 0.0808056 0.289233 8.62492e-05 0.000279737 34.0517 1.16894 3.0656 
0.00676313 8.77262 0.00052856 0.00303125 4.52982e-05 0.0959408 0.0154547 7.57089 0.000165391 0.0308554 0.0145646 0.0411785 0.000334065 0.000385983 1.10108e-05 21.3401 0.0010834 6.26517 
0.000515213 0.0145788 0.000233889 0.169668 0.459726 242.789 0.122595 0.0172702 0.0300421 159.858 0.000350528 0.350057 0.208652 0.00218068 0.364068 10.1437 0.000546255 5.90989 
0.000260853 8.40331 0.001261 9.73112 1.78176e-05 198.823 0.0514113 0.0253517 8.16683e-05 0.483024 0.0323079 98.1008 1.64212e-05 0.000120511 0.0124342 49.2048 0.000902823 2.65594 
4.30007e-05 0.000734266 0.162787 0.221556 0.904914 1.12828 0.0428082 0.00328997 0.105115 4.54517 0.00645968 0.0114848 0.000680738 0.197214 0.000422588 36.4214 8.63103 0.871402 
5.68857 0.00619921 4.94017 0.000501055 0.0916735 615.709 0.0947422 9.05633e-05 0.139703 0.0206448 0.00116013 0.687093 0.00295943 6.488e-05 3.23934e-05 7.85729 0.00629121 5.45698 
0.0829319 5.53276e-05 0.141829 0.0882734 0.0920166 44.4473 0.0123548 0.000894447 0.00126862 0.0399854 0.000312244 28.032 0.0429755 0.000270146 2.88464e-05 15.4337 0.00417455 5.41441 
0.000705299 3.32927 0.000827801 0.00428982 0.000124552 2117.94 0.0232855 0.000339108 0.00472543 43.0822 3.03912e-05 366.201 4.17819e-05 2.92115e-05 0.000605815 22.1415 0.000311886 5.01893 
6.71169 1.80002e-05 1.48288 7.89714 0.000993534 129.594 2.15861 0.00158243 0.0928263 12.1126 4.16389 392.726 4.63006e-05 0.000913397 0.00152588 0.836066 3.40249 0.168588 
0.00453709 0.0275806 0.799073 0.59323 0.000270376 188.149 0.785761 0.0788947 0.00742332 127.341 0.00544909 16.8737 0.141806 0.00799661 0.779143 17.8389 0.010538 4.30916 
0.109439 0.0132094 5.89155 1.52411e-05 0.00102985 44.4768 4.1995 1.11497 1.01995e-05 112.863 2.68802e-05 0.910688 0.000981828 0.058062 9.80602 30.6884 0.015862 0.413581 
0.0725041 0.267112 0.0108974 0.00737402 5.71069 113.77 0.0210123 0.000708136 9.21208e-05 0.150461 0.160296 0.548102 0.000366942 0.00167256 1.41147 24.03 9.04287e-05 6.72742 
0.00158676 7.41434 0.110771 0.0159035 0.18558 15.2421 0.948851 7.97293e-05 0.000854884 38.7453 6.57928e-05 6.3475 0.00161442 0.077904 0.00208472 5.49647 0.439293 0.658424 
0.364455 2.80835 7.25161e-05 8.63391 1.03855e-05 243.534 3.11014e-05 0.000168702 3.26164e-05 4.64395 0.297151 17.9779 0.0344484 0.0493337 0.000310596 1.21203 0.26877 4.98382 
0.0950583 0.00358896 0.000883238 4.97101 0.0252944 2.60474 0.000189081 0.000157168 0.703914 2.23319 0.000340839 3.04334 0.0164622 0.000753902 0.403091 42.0767 3.24645e-05 0.40195 
1.13641e-05 4.15244 2.71464e-05 0.000547797 1.49771 575.531 2.01265 5.9693 1.38611e-05 0.0276021 2.05798e-05 82.1725 0.00492232 0.0659583 0.950592 24.6783 0.0547564 7.8339 
0.0033866 0.000363624 0.0430078 0.00538493 0.000254085 1893.6 7.31576e-05 0.577434 0.516288 0.0675394 1.47812 1.84365 0.000815922 0.0730986 0.000148345 0.758549 0.231216 9.5283 
0.00267615 3.92785e-05 0.00369493 0.027597 0.103143 10.2825 2.89759e-05 0.00206053 4.33373e-05 11.3936 0.0135807 0.651625 0.00163637 0.00624054 0.000308633 17.5614 0.21514 0.292182 
5.74434 2.60183 0.12829 0.00218223 0.000894691 104.03 0.00217746 8.73987e-05 0.000893635 209.115 9.09097 2.29836 0.661105 0.000365385 1.07599 49.0026 0.0254029 2.94235 
0.00368598 0.00383788 0.00975384 0.920858 0.363449 3.53517 0.0108643 1.85997 0.223326 0.0677133 0.000412793 0.284511 1.636e-05 0.00786796 1.15027 29.6057 0.778872 2.52972 
0.00157363 0.0339761 0.295651 0.295501 2.21001e-05 23.6493 1.73085 6.39911e-05 2.06284e-05 17.5116 0.0846442 73.729 0.000275501 0.390587 3.56273e-05 0.454035 0.357541 3.97648 
1.63931e-05 0.00061521 2.37548e-05 0.00253729 4.00801 0.010598 9.16668 8.94513e-05 0.00199841 1.13251 9.61823 391.805 0.349777 0.221888 3.45609e-05 9.66754 4.48579 0.0491934 
0.0095223 0.000425042 0.316962 2.09457e-05 0.000329073 1.17426 1.45992 0.000837497 0.0318115 175.792 0.00027157 0.586372 0.00141098 3.23584e-05 2.46051e-05 12.9076 4.59979e-05 5.46888 
0.265631 0.464408 4.87685e-05 0.132409 0.00179193 1559.72 2.61849e-05 4.02308e-05 0.226805 0.842468 0.000261169 0.108207 0.469231 0.000558065 0.277519 8.73242 0.000222128 5.1658 
0.334096 0.375146 1.92967 1.3155 0.000124114 366.799 2.93557e-05 2.1731e-05 0.726894 106.613 4.629e-05 0.27358 0.168369 0.0244172 4.315e-05 20.74 1.592 0.637733 
0.00625484 0.021264 0.0525374 7.26071e-05 0.264558 306.22 0.016991 6.67517 0.262385 326.581 0.00159557 61.3657 0.227022 0.0450878 1.39249 3.48413 0.0711475 2.38751 
1.35469e-05 0.000435393 0.00332779 5.14779e-05 4.05679 2421.76 0.0109932 0.000161209 0.0188437 0.297902 0.245931 0.0334347 4.39201 0.0898101 3.66904 0.978599 2.8775e-05 9.85797 
0.60976 1.59592e-05 0.0528627 2.46125 1.16756e-05 0.0549133 0.000211991 0.0626303 5.06412e-05 0.0678537 0.0274104 0.256651 0.198098 0.0280034 0.00153455 3.19007 0.563321 3.01497 
0.26445 0.67082 0.133867 0.0292335 0.0141744 0.690496 3.27797 0.0208986 0.155482 19.5923 0.0542423 0.0109322 0.000924936 0.0122782 0.050208 6.36172 0.000156014 9.1736 
0.000149551 0.00125041 0.00018723 0.00541411 0.0632989 5.58747 0.00030178 0.365372 0.00321706 0.0277673 0.00305715 0.0191529 0.000271262 0.0648838 2.17819 7.22749 5.81724e-05 3.81483 
2.92109e-05 1.26069 0.0554139 0.000135821 0.0195416 529.313 0.0116109 9.91643 0.00212504 0.0146153 0.311041 0.0113999 8.93155 0.00119716 3.09582 7.50172 2.47258 0.234854 
0.00120241 1.78366 0.0478602 7.45645 2.62882 1271.13 5.20348 0.00186361 0.0222687 43.7923 0.000317802 0.0103325 0.0336661 0.0181319 0.0807495 15.165 0.521932 0.332645 
1.129 0.0656046 2.24385e-05 0.124037 1.22411 0.139404 0.0046709 0.00369876 0.000360167 0.165769 0.000364827 0.691954 1.27266e-05 0.00496207 3.11332 47.8863 0.731713 1.8235 
0.000106229 8.14317 1.8171 0.000477657 3.967 0.137187 1.15376 1.83264 0.157922 0.174378 0.00466799 93.8862 0.000110607 0.0109398 1.26994 0.266282 0.850174 8.84528 
0.227193 0.0011822 0.0187638 0.00165196 0.368201 0.0664479 9.0465e-05 3.60732 1.0205e-05 1.56284 0.000228057 423.368 0.0114266 0.804871 0.310546 0.226521 0.22466 2.04593 
0.00169083 0.151351 0.0015644 0.00870376 1.35303 0.0246142 6.48222 3.06199 0.0129068 0.0113525 2.54046 0.569181 2.87128e-05 2.79262e-05 1.78894 34.3914 0.0585066 2.36756 
2.18606e-05 0.0555635 1.27681e-05 2.51296 0.543234 7.81745 0.0785427 2.17665 0.0317299 0.422927 0.00020056 0.0155889 0.237743 0.00721458 0.302582 14.0061 0.0990628 0.785547 
1.26294 0.00848748 0.000842599 0.00768762 0.0307674 1.63856 4.56295e-05 0.000350464 0.252249 2.8301 7.72813 0.227851 1.01979e-05 0.00592235 4.56474 13.5569 0.0161442 3.49691 
3.44142 0.00471821 0.0001957 0.0403524 8.23553 0.0159684 0.000828624 1.79062e-05 0.00447124 32.6984 2.97126e-05 6.3056 0.000220543 0.0121586 0.0602533 4.53867 0.493941 5.3978 
1.6093 0.00182812 2.24349e-05 8.27535e-05 0.000294727 74.1961 9.14317 0.0002911 7.16704e-05 19.7188 0.0368821 486.664 0.000304875 0.0128681 0.249247 9.27949 0.138583 1.69604 
8.26104e-05 0.122459 0.371688 3.71965e-05 6.41019 0.0837553 0.680325 0.392332 2.17526e-05 1.85306 0.122389 139.576 2.5348 0.00676275 0.797351 31.9895 0.0655074 4.89955 
6.36482 3.63957 0.0484961 0.00949876 0.000570586 0.978346 2.52437 0.00038503 0.118014 0.0873162 0.736238 1.34747 0.014712 0.332883 9.11991 31.1378 0.303474 2.15159 
0.000810367 0.00311378 4.89242e-05 0.0229453 0.000327866 0.526735 0.0686587 0.0172431 0.0119439 0.226892 1.19287 3.75905 0.00951204 0.373038 0.0353922 22.0251 2.66558 0.520279 
0.0316851 0.0435388 0.000425145 0.000747098 0.00948452 0.38245 8.68543 1.57481e-05 0.00224111 302.108 0.00103472 19.6966 0.121766 0.11391 4.27832e-05 5.81514 1.12477 1.51797 
0.0143425 0.00176466 1.06482 0.0110834 0.000119772 3.45782 4.55054e-05 0.00024133 0.0730132 0.102625 3.81177e-05 0.436978 0.00102483 0.291176 0.48779 22.2517 1.06341 0.473749 
5.21249 0.000143536 0.00015269 1.37228 0.442013 2.44448 0.441907 7.45583 0.244642 0.848272 0.00116679 48.4248 0.273966 0.213683 0.216798 0.653415 0.141849 9.59429 
0.149949 0.274599 0.000768787 6.03837 0.00118521 4.94861 2.39422e-05 0.000802699 0.657681 1.07564 0.000391823 0.0155333 9.85799 7.38756e-05 1.09564 5.34468 0.0972301 3.27471 
0.000131879 0.233457 0.00121238 3.18057 0.299525 3.29385 9.22397e-05 0.0154921 2.56783e-05 0.603178 0.00712182 0.0241089 0.000276845 0.00047539 0.0416157 24.7151 0.0465683 5.40939 
0.0474956 0.142564 0.0010198 6.66075 1.37168e-05 0.0376038 7.19362e-05 0.76021 0.0951265 1.59432 4.65761e-05 0.245252 0.0312969 0.00840117 0.234196 6.45249 0.402057 9.52073 
1.17008e-05 0.000513701 0.0276723 0.000130965 0.000675512 0.0624575 8.30822 8.5711 0.100309 0.100503 0.00132413 97.8476 0.636257 0.0161181 0.00240759 2.73179 0.793467 0.356217 
0.382168 0.000261801 0.196556 6.63093e-05 1.2781 32.6049 0.19323 2.29198 0.023938 0.0345954 0.0255074 2.89425 0.00177151 0.00509889 1.49422e-05 36.2403 0.76599 1.22477 
0.00284328 0.423812 0.000130312 0.15639 0.0709519 2.75893 0.00518346 0.00704609 0.104523 0.278374 0.0377665 0.0117797 0.00668737 0.187266 0.093625 2.66074 0.661813 5.77136 
0.000510399 0.304219 2.86889 7.79375 0.00134691 1.32874 0.434747 3.77277e-05 0.218241 0.561783 4.57555e-05 0.051522 2.31822 4.5898e-05 0.0210357 6.27785 1.01997 4.86575 
0.0214495 3.80354e-05 6.97717e-05 1.9449 0.0167843 85.2084 0.00081117 1.87668 0.027159 0.0819573 0.900506 0.183708 0.477502 0.187474 0.000111528 17.279 7.00929 2.84506 
0.0115479 0.0014375 2.20478e-05 0.00570627 1.80474 0.283736 0.000958818 0.000107858 0.0014219 69.5112 0.0190934 0.0441773 0.000211905 0.0352794 0.000132563 2.85139 1.16068 6.90639 
8.2779 0.0419394 1.59823e-05 0.251422 1.96807e-05 0.594809 5.09914e-05 5.10257 0.0554309 0.0514287 0.663982 206.382 5.70228e-05 0.000184353 0.0367036 2.4138 2.02616 0.376985 
0.0905788 8.1826 0.00176677 0.00101249 0.0137399 1288.33 1.03461 4.60191e-05 0.000108675 0.705862 3.18658e-05 0.0763783 0.0872627 0.00389013 0.000110297 12.8208 1.42809 8.31456 
5.66874e-05 0.000115482 2.72003e-05 1.67296 2.59893e-05 159.434 0.0186755 4.85081 3.09957e-05 37.9541 0.00241657 0.0145831 0.000241917 0.193031 1.59318 3.84916 0.302425 1.18394 
0.000255491 0.00138064 0.0289786 0.00011062 1.58848 0.0553378 0.0018092 0.00062348 0.176622 48.8985 6.64022 0.0158678 0.00153537 0.00136256 3.01122 23.0911 0.0563153 8.33318 
0.000624599 1.36935 3.85345e-05 1.77348 0.133741 122.896 0.000504878 0.000984149 0.0205462 0.0143415 0.00125708 1.5022 0.000818326 6.98454e-05 0.415565 27.758 0.100351 6.71818 
0.0010985 0.000220343 0.000605343 0.000483877 0.974671 527.617 0.527285 2.95543 0.00143136 0.0394316 0.00267087 53.1886 0.00950293 0.549647 1.04533 0.793708 0.384527 7.20531 
7.0168 8.66693 0.0371027 1.93421 3.17647e-05 431.363 0.0312021 1.56329 0.12505 146.779 2.00729 110.859 2.4453e-05 3.38047e-05 0.0212592 29.5724 4.55301 8.53619 
8.42693e-05 2.05583 0.0100246 3.79236 0.164173 0.076979 0.00180726 0.0411838 5.84971e-05 0.0259555 0.00235985 0.554355 0.00182649 0.00834499 2.51984e-05 13.9001 0.663231 2.23665 
2.73157 1.37838e-05 0.000336009 5.56812 7.45665e-05 734.68 0.00148068 1.03846e-05 8.57203e-05 17.7892 0.267911 65.4741 0.2804 0.00678102 1.63685 41.6201 0.0981521 5.47525 
0.000105952 0.462464 0.000349082 0.00504456 0.05697 0.0455073 0.000332632 2.16082e-05 0.030363 2.61117 3.33423 6.33171 0.164285 0.000609036 0.418811 21.8523 1.30677 4.92016 
0.0385938 0.00283657 0.000370975 0.000817556 0.000398022 11.7108 0.000105869 0.000231156 0.0343578 0.0238159 0.000217425 2.12321 0.0253216 0.0819664 1.15046 16.8943 0.69593 9.81868 
0.100263 0.001693 0.00137344 9.5059e-05 0.000114088 14.1267 2.19321 0.00512562 0.00729813 1.22778 4.70679e-05 42.006 1.3226e-05 0.66528 3.94418 39.8339 1.36669 0.472408 
