-1.79769e+308
-1.79769e+308
-1.79769e+308
-1.79769e+308
-1.79769e+308
-1.79769e+308
-1.79769e+308
-1.79039e+07
-1.52261e+07
-1.13804e+07
-4.51614e+06
-3.72108e+06
-2.69798e+06
-1.95212e+06
-1.58216e+06
-1.4761e+06
-1.15944e+06
-823862
-592932
-591991
-591991
-591991
-591991
-591991
-591991
-591991
-591991
-591991
-591991
-591991
-591991
-591991
-591991
-591991
-591991
-591991
-591991
-591991
-591991
-591991
-591991
-591991
-591991
-591991
-591991
-591991
-591991
-591991
-591991
-591991
-591991
-591991
-591991
-591991
-591991
-591991
-591991
-591991
-591991
-591991
-591991
-591991
-591991
-591991
-591991
-591991
-591991
-591991
-591991
-591991
-591991
-591991
-591991
-591991
-591991
-591991
-591991
-591991
-591991
-591991
-591991
-591991
-591991
-591991
-591991
-591991
-591991
-591991
-591991
-591991
-591991
-591991
-591991
-591991
-591991
-591991
-591991
-591991
-591991
-591991
-591991
-591991
-591991
-591991
-591991
-591991
-591991
-591991
-591991
-591991
-591991
-591991
-591991
-591991
-591991
-591991
-591991
-591991
-591991
-591991
-591991
-591991
-591991
-591991
-591991
-591991
-591991
-591991
-591991
-591991
-591991
-591991
-591991
-591991
-591991
-591991
-591991
-591991
-591991
-591991
-591991
-591991
-591991
-591991
-591991
-591991
-591991
-591991
-591991
-591991
-591991
-591991
-591991
-591991
-591991
-591991
-591991
-591991
-591991
-591991
-591991
-591991
-591991
-591991
-591991
-591991
-591991
-591991
-591991
-591991
-591991
-591991
-591991
-591991
-591991
-591991
-591991
-591991
-591991
-591947
-591947
-591947
-591947
-591946
-591946
-591946
-591757
-591756
-591755
-591729
-591711
-591187
-591187
-591187
-591005
-591003
-589153
-589153
-589153
-588547
-583833
-583832
-583664
-570784
-566658
-566538
-564440
-564434
-561459
-559572
-545888
-545719
-545711
-541376
-541336
-541167
-541166
-541157
-540806
-540337
-540330
-540311
-540135
-540079
-539099
-538937
-537271
-537213
-536969
-535394
-535393
-534738
-533316
-533297
-532548
-532480
-530387
-525793
-525278
-523565
-520550
-520023
-516947
-516930
-514797
-513771
-512740
-508042
-506511
-506094
-504412
-504398
-504309
-504026
-503910
-503503
-500735
-500318
-500310
-499526
-498522
-498319
-495231
-494008
-489156
-487954
-487721
-487617
-487167
-485866
-484068
-480182
-476162
-475182
-470822
-470762
-467262
-466851
-466772
-466239
-466038
-465117
-463925
-463911
-463760
-463359
-463301
-462409
-462384
-462011
-461852
-461744
-461332
-461325
-455877
-454441
-448492
-446338
-444381
-443262
-442303
-441573
-439710
-439471
-439458
-439011
-438982
-438631
-438336
-438145
-435526
-435281
-433733
-432692
-428977
-427596
-426720
-425690
-422774
-419134
-418335
-418303
-418244
-416588
-415845
-415840
-415802
-414176
-414008
-413136
-412502
-412501
-411934
-410166
-409728
-404897
-403058
-402784
-402478
-402007
-400156
-399952
-399327
-399227
-398241
-397154
-395992
-395240
-395152
-394231
-393493
-392917
-392120
-391455
-391238
-390829
-386693
-386318
-383616
-381653
-379302
-378277
-377124
-373354
-373141
-373110
-371324
-371013
-370663
-370489
-369877
-369082
-368917
-367095
-367050
-366898
-366476
-364032
-363529
-363187
-363171
-362395
-361315
-361227
-360791
-360470
-360108
-359114
-358866
-358309
-358292
-358260
-357944
-357345
-357039
-354332
-354301
-353028
-352639
-352385
-351011
-350207
-346994
-346176
-345687
-345185
-345138
-344126
-343305
-342061
-339690
-338578
-338575
-338528
-338480
-338459
-338430
-338111
-337641
-337344
-337293
-335487
-335366
-334809
-333834
-331100
-331095
-329251
-327719
-327154
-327059
-326996
-326943
-326858
-326811
-326341
-326135
-326086
-324006
-320382
-318453
-317621
-316735
-315464
-314911
-314203
-314155
-314133
-314095
-313781
-313710
-311842
-311231
-310631
-309881
-307753
-306728
-306534
-305344
-304930
-304854
-304426
-304063
-303622
-303573
-303436
-303429
-302419
-302083
-302050
-300066
-299713
-299396
-296509
-296236
-295979
-294917
-294509
-294108
-294049
-292281
-292086
-291217
-291171
-287660
-286903
-286499
-286458
-286294
-286192
-285925
-285908
-285806
-284474
-283972
-282738
-282424
-282221
-281817
-281518
-281365
-280679
-280475
-280455
-279841
-279488
-279112
-278951
-278698
-278436
-277991
-277819
-277547
-277405
-276734
-276729
-276485
-276296
-276130
-275809
-275769
-275386
-275219
-273825
-273810
-271979
-271970
-271259
-270864
-270675
-270380
-269956
-269683
-269602
-269544
-269099
-268557
-268537
-268108
-267050
-265887
-265770
-265681
-265428
-265252
-264858
-264778
-264124
-264044
-261055
-260206
-260038
-259744
-257770
-257496
-257098
-257068
-256781
-256529
-256483
-255301
-254815
-254788
-254698
-254575
-254386
-254257
-253769
-253390
-253034
-252248
-251633
-251394
-250440
-249873
-249834
-248820
-248315
-248004
-247015
-246227
-244804
-243908
-243821
-243764
-243433
-243108
-242825
-242647
-242622
-242481
-242276
-242204
-242154
-242020
-241788
-241562
-240938
-240721
-240511
-240383
-237650
-236840
-236779
-236549
-236491
-235824
-235494
-235492
-235429
-234453
-234062
-233823
-233656
-233456
-233371
-233101
-233085
-232698
-231839
-231458
-230922
-229322
-228894
-228647
-228553
-228305
-227887
-227774
-227421
-227245
-227181
-226738
-226594
-226423
-226148
-226110
-225255
-224970
-224589
-224395
-222030
-221804
-221555
-218876
-218821
-218675
-218172
-217875
-217829
-217708
-216888
-216724
-215944
-215934
-215572
-215089
-215053
-214204
-213927
-213758
-212349
-211724
-211597
-211450
-211317
-211170
-210633
-210153
-209984
-209741
-209459
-209339
-209326
-209306
-208757
-208365
-208271
-208129
-208028
-207587
-205647
-205578
-204531
-204168
-204116
-203528
-203025
-202911
-202793
-202694
-201920
-201481
-200655
-199232
-199028
-198801
-198493
-198295
-198151
-197865
-196972
-196243
-196147
-195702
-195179
-194976
-194549
-194477
-194308
-194073
-193614
-192994
-192902
-192103
-191912
-191810
-190705
-189744
-186568
-186537
-186481
-186321
-185839
-185772
-185051
-184450
-184189
-184084
-184039
-183920
-183751
-183586
-183511
-183144
-182554
-182336
-181756
-181704
-181597
-181275
-181211
-180923
-180495
-179435
-179394
-179363
-178785
-177819
-177626
-177193
-177140
-177079
-177034
-176875
-176704
-176480
-176446
-175433
-175244
-175003
-174969
-174481
-174156
-173839
-173483
-173419
-172853
-172777
-172424
-172308
-171589
-171574
-171266
-171038
-171021
-170921
-170868
-170751
-170247
-170242
-169068
-168365
-168269
-168007
-167827
-167781
-167474
-167385
-167365
-167001
-166550
-165939
-165651
-165514
-165126
-164958
-164322
-164074
-163724
-163720
-163673
-163409
-163355
-163351
-163222
-163094
-162709
-162226
-162198
-162087
-161944
-161928
-161814
-161485
-161315
-161012
-161005
-160649
-160522
-160284
-160135
-160077
-159921
-159692
-159501
-159290
-159270
-158940
-158333
-157886
-157616
-157499
-157320
-157030
-156989
-156928
-155958
-155937
-155431
-155030
-154881
-154733
-154519
-154062
-153446
-153355
-153322
-153063
-152584
-152339
-152019
-151922
-151802
-151695
-151392
-150896
-150649
-149958
-149879
-149877
-149614
-148927
-148573
-148487
-148467
-148141
-147908
-147854
-147479
-147385
-147384
-147178
-146922
-146806
-146730
-145910
-145778
-145633
-145381
-145293
-144425
-144387
-144344
-144304
-144298
-143853
-143827
-143696
-143312
-143103
-142901
-142308
-141999
-141408
-141255
-141116
-140913
-140570
-140139
-140007
-139895
-139483
-139282
-139219
-139208
-138888
-138612
-138590
-138523
-137727
-137719
-137617
-137302
-137068
-137042
-136964
-136751
-136746
-136304
-135811
-135783
-135700
-135657
-135437
-135116
-135073
-134893
-134194
-134192
-133892
-133786
-133707
-133484
-133237
-133231
-133181
-132624
-131952
-131350
-131306
-131129
-131127
-131020
-130808
-130600
-130379
-130242
-130172
-129894
-129880
-129837
-129567
-129539
-129200
-128666
-128553
-128439
-128379
-127914
-127879
-127798
-127774
-127525
-127134
-127058
-127006
-126963
-126906
-126886
-126848
-126835
-126590
-126466
-126219
-125906
-125896
-125117
-124848
-124796
-124724
-124648
-124374
-124107
-124014
-123985
-123963
-123898
-123668
-123565
-123139
-123073
-122981
-122925
-122519
-122372
-122355
-121777
-121575
-121453
-121326
-120741
-120240
-120208
-120122
-119825
-119451
-119335
-119334
-119230
-119024
-118785
-118669
-118503
-118274
-118173
-117870
-117760
-117731
-117723
-117664
-117411
-117390
-117170
-116790
-116736
-116100
-116092
-115856
-115584
-115432
-115383
-115380
-115030
-115027
-114897
-114880
-114865
-114749
-114455
-114329
-113931
-113545
-112924
-112902
-112886
-112682
-112540
-112455
-112202
-112134
-111638
-111385
-110921
-110877
-110756
-110642
-110571
-110567
-110279
-110097
-110042
-109657
-109522
-109345
-109251
-108950
-108759
-108651
-108576
-108418
-108352
-108333
-108315
-108254
-108247
-108015
-107850
-107440
-107143
-107075
-107007
-106761
-106745
-106465
-106127
-106056
-105889
-105869
-105565
-105532
-105506
-105406
-105347
-105270
-105226
-104962
-104944
-104735
-104671
-104494
-104354
-104269
-104179
-103857
-103520
-103488
-103410
-103002
-102435
-102166
-101836
-101820
-101774
-101580
-101502
-101403
-101348
-101276
-101238
-101172
-100675
-100545
-100468
-100254
-100248
-100233
-100216
-99811.4
-99527.8
-99404.6
-99277.2
-98823.8
-98762.1
-98734.6
-98594.5
-98585.3
-98411.8
-98396.7
-98208.6
-98047.8
-97964.3
-97955.3
-97707.3
-97679.4
-97584.5
-97565.7
-97504.7
-97457.9
-97338.4
-97227.6
-97062.5
-96831.2
-96808.4
-96724.5
-96490
-96335.3
-96316.5
-96075
-95866.7
-95822.3
-95781
-95718.7
-95454.7
-95333.6
-94945.8
-94930.5
-94897.8
-94812.5
-94797.3
-94660.9
-94630.3
-94575.6
-94088.3
-93947.1
-93940.2
-93555.1
-93473.3
-93439.1
-93370.4
-93175.9
-93162.2
-92968.4
-92706.3
-92689.1
-92556.1
-92502.9
-92438.8
-92407.4
-92324.7
-92119.3
-92053.1
-92047.2
-91976
-91875.5
-91656.9
-91381.7
-91315.5
-90947.3
-90899
-90720.3
-90624.2
-90520.4
-90410.7
-90388
-89748.6
-89652.3
-89612.5
-89603
-89575
-89275.9
-89175.3
-88713.5
-88523.2
-88412.8
-88284.2
-88195
-87999
-87937.9
-87796.3
-87789.6
-87725.7
-87617.9
-87613.7
-87611.1
-87601.5
-87578.8
-87561.6
-87510.1
-87496.8
-87369.6
-87255.6
-87225
-87207.7
-87177
-87133.9
-87025.7
-87022.5
-86827.1
-86805.6
-86764.7
-86627.3
-86614.2
-86578.5
-86530.8
-86521.1
-86246.8
-86229.3
-86010.6
-85958.6
-85829.6
-85760.5
-85716.6
-85666.5
-85610.5
-85566.4
-85529.3
-85477.1
-85384.4
-85333
-85241.1
-85060.7
-85040
-84747.1
-84471.7
-84220.9
-84041.7
-84026
-84007.2
-83906.2
-83811.7
-83395.7
-83305.2
-83219.2
-83202.9
-83136.7
-82901.6
-82811.1
-82805.8
-82775.4
-82751.8
-82617.9
-82515.3
-82503.2
-82495.6
-82482.9
-82449.6
-82447.6
-82260.2
-81963.3
-81934.7
-81740.7
-81706.2
-81652.2
-81652.1
-81592.3
-81590
-81519.1
-81514.8
-81392
-81380.6
-81285.3
-81227.3
-81214.1
-81077.6
-81050
-80931.1
-80848.2
-80771.7
-80768.7
-80578.7
-80555.8
-80517.3
-80429.4
-80309.3
-80251.7
-80183.4
-80173.5
-80143.4
-80072.2
-79944.3
-79869.6
-79789.2
-79664.1
-79618.4
-79503.4
-79439.4
-79370.2
-79261.3
-79179.7
-79013.5
-78954.7
-78925.5
-78874.1
-78819.9
-78794.2
-78778.8
-78636.8
-78601.4
-78413.8
-78378.5
-78352.6
-78187.5
-78123
-78071.3
-77956
-77700.6
-77615.7
-77610.6
-77596.6
-77578.9
-77566.3
-77153.7
-77145.7
-77104
-77103.6
-77010.5
-76903.7
-76858.2
-76705.1
-76698.2
-76405.3
-76380
-76354.9
-76328.2
-76174.3
-76160.4
-75934.7
-75912.5
-75865
-75651.5
-75649.4
-75575.9
-75391.1
-75390.1
-75170
-74917.1
-74912.6
-74896.5
-74887.6
-74779
-74385.9
-74330.1
-74206.5
-74149.8
-73998.7
-73995.8
-73977.4
-73740.8
-73507
-73502.1
-73413.3
-73408.3
-73165.8
-73113.6
-73099.4
-72981.9
-72836.4
-72830.6
-72502.3
-72495.3
-72427.1
-72299.2
-72124
-72120.5
-72097.9
-72071.4
-71782.5
-71649.9
-71616.2
-71516.9
-71491
-71360.7
-71359
-71337.2
-71275.6
-71032.6
-70974.9
-70796.4
-70778.9
-70615
-70594.5
-70515
-70502.6
-70339.3
-70287.3
-70192
-70068.9
-69998.8
-69948.5
-69904.5
-69883.2
-69705.4
-69683.9
-69536
-69528.7
-69331
-69196.6
-69146.6
-69043.5
-68982.3
-68960.6
-68911.5
-68885.9
-68884.6
-68599.8
-68533.3
-68430.3
-68423.9
-68413.2
-68229.3
-68124.6
-68122.9
-68122.6
-68022.5
-67976.6
-67833.6
-67831.3
-67738
-67662.4
-67570.1
-67442.4
-67427.1
-67401.5
-67312.2
-67200.9
-67065
-67053.6
-67003.4
-66982.6
-66934.2
-66891.4
-66783.1
-66778.2
-66679.2
-66665.5
-66641.4
-66619.8
-66543.2
-66438.7
-66385.9
-66324.7
-66263.5
-66252.2
-66200.6
-66049
-66028.9
-66028.1
-66013.4
-65960.9
-65920.9
-65917.1
-65839.8
-65720.2
-65598
-65580.3
-65437.8
-65432.5
-65398.9
-65387.5
-65383.6
-65295.1
-65232.6
-65225.8
-65219.4
-65175.5
-65127.1
-65090.9
-65051.8
-64971.7
-64971
-64872.4
-64865.2
-64861.2
-64684.8
-64624.5
-64540.8
-64522.7
-64480.9
-64468.7
-64344.1
-64336.9
-64279.5
-64168.4
-64148.4
-64127
-63960.4
-63945.4
-63936.9
-63895.8
-63894.5
-63766.4
-63762.6
-63716.9
-63589.4
-63568.8
-63495.8
-63391.8
-63273.8
-62979.8
-62872.9
-62872.4
-62774.5
-62689.7
-62676.8
-62528.1
-62155.5
-62110.1
-62056.4
-61643.7
-61581.3
-61573.1
-61505.5
-61474.1
-61136.7
-61092.7
-61081
-61030
-61016.5
-60987.5
-60950.1
-60701
-60603.1
-60529.6
-60410.1
-60389.4
-60370
-60250.9
-60162.8
-60146.1
-60050.7
-59957
-59923.2
-59912.2
-59897.7
-59895.7
-59794.5
-59788.7
-59782.9
-59704.6
-59636.9
-59633.6
-59572.3
-59507.9
-59298
-59271.8
-59267.3
-59234
-59233.2
-59204.8
-59075.4
-59049.7
-59042.7
-58930
-58872.6
-58832.3
-58795.6
-58656.4
-58536.4
-58493.2
-58420.8
-58341.7
-58329.7
-58324.1
-58275.6
-58273.1
-58165.9
-58104.6
-58063.8
-57991.7
-57902.6
-57761.9
-57756.2
-57708.8
-57673
-57672.8
-57657.1
-57643.3
-57617.6
-57553.4
-57306.7
-57259.4
-57227.5
-57196
-57106.2
-57013.6
-57008.2
-56991.2
-56845.3
-56772.7
-56674.1
-56600.3
-56430.6
-56402.2
-56314.2
-56205.7
-56147
-56135.1
-56135
-56065.2
-55891.6
-55817.3
-55771.3
-55738.7
-55689.1
-55682.1
-55675.1
-55661.2
-55612.5
-55566.7
-55549.8
-55506.6
-55462.4
-55456.5
-55453.6
-55371.2
-55286.5
-55260.9
-55258.5
-55195.5
-55138.6
-55137.9
-55094.1
-55008.6
-54876.9
-54802.7
-54661.6
-54646
-54612.3
-54560.9
-54513.6
-54499.1
-54498.5
-54422.2
-54370.4
-54332
-54331.2
-54181.4
-54159.3
-54100.8
-54094.6
-54029.4
-54019.5
-53989.1
-53786.6
-53756.8
-53635.5
-53624.5
-53569
-53286.6
-53266.8
-53253.4
-53192.3
-53107.6
-53058.5
-53014.2
-53010.2
-52979.2
-52919
-52884.8
-52839
-52809.2
-52723.3
-52661.5
-52526.7
-52510.7
-52478.8
-52393.6
-52381
-52349.2
-52271.6
-52195.4
-52041.8
-52039.4
-51851.3
-51777.8
-51772
-51757.9
-51728.5
-51715.8
-51627.5
-51602.7
-51598.7
-51559.9
-51452.6
-51450.9
-51448.9
-51443.6
-51420.2
-51336.2
-51321.7
-51298.8
-51270.8
-51241.2
-51184.3
-51131.3
-51121.2
-51077.1
-50954.9
-50943.1
-50896.7
-50790.9
-50693.5
-50672.9
-50648.1
-50584.7
-50508.6
-50487.3
-50484.8
-50434.9
-50431.9
-50406.4
-50348.9
-50283.9
-50268.9
-50257
-50251.4
-50186.5
-50172
-50097.1
-50052.4
-50021.2
-49931.8
-49835.2
-49803.4
-49796
-49783.7
-49773
-49737.2
-49674
-49669.8
-49652.9
-49526
-49507
-49500.6
-49483.1
-49447.2
-49434.4
-49406.1
-49372.7
-49325.8
-49280.7
-49231.6
-49174.5
-49109.6
-49065.2
-48843.8
-48823.8
-48808.9
-48798.9
-48782.5
-48755.4
-48684.3
-48665.7
-48652.3
-48572.1
-48428.8
-48347.9
-48273.7
-48242.8
-48231.9
-48211.4
-48207.7
-48155.2
-48139.3
-48128.5
-48127.3
-48126.5
-48098.7
-48084.3
-48032.5
-47843.4
-47842.3
-47838.5
-47830.7
-47708.8
-47690.2
-47643.9
-47639.2
-47633.8
-47600.9
-47591.9
-47574.7
-47542
-47528.7
-47505
-47500.8
-47445.7
-47350.8
-47334.1
-47256.5
-47250.8
-47218
-47212.1
-47160.1
-47095.3
-47078.2
-47072.3
-47048.2
-47034.1
-46976.1
-46973.6
-46898.4
-46891.2
-46865.8
-46855.4
-46839
-46826.2
-46804.5
-46768.1
-46640.1
-46566.8
-46562.7
-46550
-46534.1
-46532.2
-46518.6
-46499.8
-46397.4
-46359.8
-46349.2
-46296
-46291.8
-46275.1
-46220.3
-46159.9
-46050
-46048.8
-46022
-46017.8
-45990.1
-45872.3
-45810
-45763.3
-45760.2
-45746.8
-45656.1
-45650.7
-45577.7
-45573.5
-45562.7
-45523.4
-45517.1
-45487.5
-45485.2
-45477.8
-45436.5
-45433.6
-45375.5
-45335.6
-45330.7
-45309.7
-45306.2
-45293.4
-45076.7
-45041.8
-44992.8
-44964.4
-44953.8
-44951.3
-44937.3
-44935.1
-44928.2
-44896.4
-44814.5
-44813.7
-44811.4
-44781.1
-44734
-44597.2
-44561.3
-44558.2
-44555.5
-44543.5
-44534
-44471.2
-44458.7
-44413.4
-44397.1
-44323.4
-44236.3
-44209.3
-44197.1
-44135.4
-44119.7
-44118
-44075.5
-44037.5
-43976.2
-43975.4
-43946.8
-43891.4
-43816.4
-43811.3
-43714.3
-43689.1
-43671.6
-43659.4
-43610.8
-43585.3
-43524
-43501.7
-43421.8
-43393.8
-43357
-43347.8
-43314.8
-43226.7
-43224.9
-43210.9
-43179.6
-43169.7
-43143.1
-43127.6
-43062.5
-43028.9
-43016.8
-43014.2
-42991.5
-42933.5
-42892.4
-42837.2
-42827.3
-42786.1
-42745.7
-42738
-42714.4
-42702.4
-42614.3
-42543.7
-42509.9
-42487.9
-42457.1
-42429.8
-42415.8
-42410.2
-42402
-42384.9
-42373.2
-42282.7
-42275.8
-42271.2
-42269.5
-42213
-42175.7
-42162.4
-42150.4
-42139.1
-42111.2
-42072.7
-42066.3
-42026.4
-41997.9
-41994.6
-41974.2
-41969.4
-41963.2
-41942.8
-41876.6
-41828.5
-41757.5
-41732
-41697.2
-41647.3
-41644
-41630
-41627.1
-41591.7
-41531.4
-41521.5
-41480.8
-41459.5
-41375.6
-41354.6
-41341.1
-41330.3
-41233.2
-41215.4
-41200.8
-41186.2
-41185.4
-41166.3
-41137.6
-41123.6
-41110.8
-41090.4
-41010.3
-40931.3
-40907.2
-40896.6
-40886.9
-40864.2
-40856.8
-40851.3
-40845.7
-40826.4
-40781.2
-40779.8
-40744.9
-40722.8
-40712.7
-40692.7
-40672.3
-40642.7
-40617.4
-40613.9
-40607.9
-40578.7
-40564.6
-40558.2
-40530.6
-40482.6
-40469.9
-40442.3
-40431.8
-40416.1
-40365.3
-40328.7
-40309.1
-40297
-40195.5
-40188
-40154.4
-40092
-40067
-40039.1
-40038.4
-40013.1
-39999.5
-39957.3
-39879.6
-39877.4
-39876.3
-39859.8
-39832.3
-39767.6
-39672.6
-39576.2
-39506.6
-39495.2
-39478.9
-39450.3
-39446.5
-39432.1
-39417.2
-39349.8
-39340.8
-39278.2
-39277.3
-39274.6
-39258.2
-39238.6
-39172.1
-39155.5
-39151
-39148.8
-39127.3
-39113.9
-39094
-39062.1
-39030.6
-38869.3
-38857.7
-38847.4
-38752.5
-38749.7
-38735.3
-38697.2
-38647.6
-38637.2
-38614.3
-38609.9
-38608.1
-38593.8
-38581.9
-38568.2
-38561.5
-38518
-38492.8
-38491.5
-38463.1
-38453.2
-38443.7
-38430.2
-38428.1
-38422.1
-38419.6
-38397.1
-38361.5
-38310.1
-38278.9
-38235.7
-38220.5
-38216.5
-38194.3
-38170.1
-38143.9
-38135.9
-38079.5
-38032.4
-37924.9
-37910.9
-37869.2
-37863.8
-37837.7
-37830.6
-37813.7
-37721.8
-37715.3
-37682.5
-37638
-37637.8
-37635.4
-37606.4
-37587.6
-37573.6
-37565.2
-37564.8
-37527.9
-37524.3
-37453.9
-37453.5
-37414.6
-37388.6
-37374.6
-37367.7
-37360.9
-37335
-37328.1
-37316.6
-37314.7
-37294.6
-37284.4
-37278.1
-37218.7
-37217.6
-37203.1
-37183.9
-37177.2
-37168.8
-37160.2
-37140.1
-37125.2
-37085.5
-37028.7
-37025.6
-37006.5
-37002.6
-36996.7
-36968.1
-36956.7
-36922.4
-36895.2
-36832.8
-36827.5
-36806.8
-36806.2
-36793.3
-36783.3
-36770.3
-36707.6
-36659.4
-36637.7
-36604.6
-36593.4
-36569.4
-36548.5
-36530.3
-36511.5
-36487
-36419.8
-36403.6
-36392.7
-36355.5
-36300.8
-36285.3
-36276.9
-36265.4
-36253.8
-36190.7
-36173
-36149.2
-36148.2
-36143
-36111.5
-36098.1
-36032.3
-36011.9
-36006.7
-35984.2
-35966.6
-35959.7
-35933.3
-35922.2
-35900.5
-35853.9
-35849.4
-35837
-35814.7
-35814.4
-35770.5
-35756.5
-35751.5
-35727.6
-35654.3
-35618.1
-35578
-35529.6
-35497.4
-35485.6
-35484.9
-35482.6
-35482.1
-35472.5
-35467.8
-35466.3
-35417.9
-35409.5
-35383
-35374
-35353.5
-35318.5
-35277.7
-35243.1
-35243
-35204.3
-35184.6
-35169
-35130.8
-35122.9
-35089.1
-35073.7
-35058.6
-35038.8
-35024.2
-35009.6
-35008.8
-35005.2
-34982.9
-34976.7
-34967.9
-34960.6
-34840.4
-34836.8
-34836.2
-34720.6
-34656.8
-34608.6
-34604.7
-34602.5
-34591.2
-34585.1
-34568
-34556.2
-34490.3
-34477.1
-34463.1
-34355.5
-34271.5
-34177
-34137.1
-34136.9
-34074.4
-34070.8
-34055.3
-34050.4
-34029.8
-34014
-33985.7
-33975.7
-33947.6
-33904.6
-33902.4
-33866.8
-33864.1
-33839.6
-33795.5
-33765.8
-33614.5
-33585.8
-33566.3
-33507.4
-33457.4
-33427.4
-33387.5
-33385.4
-33382.3
-33326.1
-33276.8
-33275.1
-33259.1
-33256.2
-33213.6
-33211.9
-33179.8
-33170.3
-33156.3
-33141.4
-33121.5
-33095.6
-33037.7
-33035.7
-33017.9
-32980.3
-32979.9
-32961.3
-32959.6
-32947.6
-32928.4
-32909
-32907.4
-32881.7
-32879.6
-32873.6
-32861.6
-32856.3
-32853.8
-32830
-32809.5
-32801.1
-32785
-32678.2
-32581.1
-32545.1
-32487.7
-32467
-32440.1
-32427.1
-32423
-32417.6
-32383.1
-32376.3
-32365
-32349.1
-32344.2
-32330.8
-32283.2
-32253.1
-32224.4
-32152.8
-32111.9
-32089.4
-32070.2
-31987.2
-31952.6
-31936.4
-31926.6
-31912.6
-31908.6
-31878.8
-31860.9
-31816.6
-31806.3
-31805.7
-31786.4
-31759
-31753
-31731.2
-31726.4
-31725.9
-31718.1
-31714.5
-31714.2
-31712.3
-31697.3
-31692.1
-31635.1
-31626.5
-31603.3
-31570.6
-31554.5
-31546.7
-31546.5
-31538.7
-31530
-31529.5
-31486.1
-31438.1
-31427.8
-31373.2
-31360.6
-31334.6
-31314.7
-31248.8
-31227.7
-31226
-31198.1
-31183.8
-31157.2
-31140.8
-31123.3
-31086.5
-31059.6
-31043
-31025.7
-31010.9
-30975.3
-30974.1
-30950.8
-30945.3
-30936.3
-30936.1
-30931.4
-30897.3
-30853.6
-30842.7
-30834.4
-30825.4
-30790.1
-30676.7
-30627
-30600.6
-30588.5
-30586.3
-30582.8
-30576.7
-30533.2
-30517.9
-30517.2
-30464.4
-30437.5
-30395.3
-30377.7
-30336.1
-30331.7
-30308.7
-30261.4
-30229.5
-30211.6
-30202.6
-30178.6
-30162.2
-30160
-30131.9
-30125.2
-30119.3
-30081.3
-30074.6
-30061.2
-30031.2
-30017
-30010
-29996.9
-29974.9
-29945.4
-29945.1
-29940.6
-29933.7
-29926.6
-29888.3
-29864.2
-29842.7
-29835.1
-29784.1
-29772.7
-29762.3
-29721.4
-29706.9
-29704.1
-29688
-29676.4
-29626.2
-29609
-29594.7
-29547.5
-29535.6
-29528.3
-29514.4
-29453.5
-29431.5
-29427.3
-29409.8
-29385.4
-29382.8
-29349.3
-29330.3
-29324.7
-29319.6
-29278.2
-29270.2
-29232.9
-29228.3
-29225
-29223.7
-29200.2
-29179.1
-29172
-29171
-29125.2
-29076.9
-29073.3
-29021.1
-29012.5
-28927.7
-28840.6
-28800.3
-28795.3
-28746.8
-28738.8
-28735.8
-28723.3
-28711.7
-28709.8
-28666.6
-28575.6
-28554.4
-28534.2
-28514.6
-28513.9
-28492.2
-28461.1
-28437.2
-28431.5
-28417
-28389.3
-28352.9
-28275.4
-28250.5
-28242.6
-28238.5
-28206.8
-28147.5
-28141.2
-28140.9
-28138
-28122.9
-28119.8
-28073.4
-28069
-28028.8
-28000.3
-27995.9
-27956
-27921.7
-27903.4
-27896.7
-27893.9
-27893
-27875.4
-27794.9
-27794.8
-27771.1
-27708.7
-27704.5
-27616.9
-27611
-27585.3
-27564.2
-27557.6
-27481.2
-27453.2
-27420.2
-27399.7
-27384.3
-27377.1
-27317.8
-27304.2
-27284.9
-27275.2
-27271.8
-27241.1
-27229.4
-27198.7
-27138.2
-27127
-27096.8
-27076.1
-27065.9
-26924.7
-26758.7
-26757.1
-26750.5
-26741.8
-26724.1
-26723
-26684.7
-26683.8
-26657.4
-26616.4
-26594.5
-26578.8
-26574
-26555.1
-26535.8
-26528.7
-26522.6
-26521.6
-26418.4
-26359.2
-26341.5
-26329.2
-26265.3
-26254.4
-26246.7
-26230.2
-26195.5
-26193.2
-26191
-26144.2
-26097.2
-26066.7
-26024.7
-26020.8
-25999.7
-25933.3
-25928.2
-25922.8
-25922.2
-25912.8
-25907.6
-25894.9
-25893.2
-25867.3
-25865.7
-25861.7
-25844.7
-25839.1
-25793.9
-25758.8
-25747.7
-25736.5
-25732.5
-25717
-25704.8
-25698.6
-25667.4
-25660.9
-25656.1
-25655.6
-25633.1
-25626.7
-25614.6
-25532.5
-25510.9
-25494.4
-25485.8
-25442.2
-25359.7
-25302.8
-25276.3
-25261.2
-25237.3
-25236
-25210
-25178.2
-25164.1
-25157.5
-25137.8
-25118.1
-25051.4
-25046.3
-25041.5
-25040.6
-25034.3
-24988.8
-24987.2
-24925.7
-24895
-24894.4
-24882.1
-24851.7
-24837.8
-24835.7
-24810
-24783.5
-24728.9
-24727.1
-24686.9
-24633.2
-24613.2
-24607.5
-24595.5
-24591.1
-24584
-24513.2
-24504.3
-24493.5
-24484.6
-24479.2
-24477.6
-24465
-24430.7
-24417.4
-24405.4
-24390.5
-24390.1
-24381.6
-24342
-24326.5
-24312.6
-24306
-24282.8
-24268.8
-24264.5
-24252.7
-24246.4
-24231.4
-24188.4
-24163
-24157
-24129.6
-24119.4
-24116.7
-24114.3
-24100.2
-24095.8
-24079.6
-24067.4
-24009.6
-23972.7
-23959.5
-23894.2
-23888.4
-23840.9
-23827.1
-23784
-23747.3
-23705.1
-23630.6
-23626
-23586.8
-23580.9
-23565.4
-23544.6
-23540.9
-23531.2
-23501.3
-23482
-23466
-23378.1
-23376.9
-23374.6
-23370.8
-23354.1
-23316.3
-23293.2
-23253.8
-23238.1
-23232.5
-23223.3
-23181
-23161.2
-23124.9
-23108.7
-23092.6
-23090.8
-23076.4
-23007.3
-22970.1
-22936
-22932.4
-22924.8
-22871.8
-22865.2
-22863.6
-22835.6
-22798.5
-22791.9
-22778.1
-22754.8
-22743.3
-22735.3
-22723.6
-22687.8
-22684.4
-22677.1
-22668.4
-22653.3
-22643
-22638.6
-22628.3
-22592.6
-22582.5
-22577.3
-22544.8
-22532.4
-22507.2
-22469.4
-22432
-22427.1
-22421
-22394.9
-22369.5
-22355.4
-22338.3
-22330.1
-22330
-22313.6
-22307
-22300.6
-22269.7
-22267.5
-22265.4
-22254.4
-22247.9
-22246.1
-22245
-22206.4
-22185
-22171.9
-22151.7
-22125.8
-22115.4
-22099.9
-22050.4
-22020.1
-21988.5
-21985.5
-21960.9
-21955.4
-21889.1
-21867.3
-21809.1
-21799.5
-21787.2
-21786.4
-21783.6
-21783
-21778.4
-21768
-21715.6
-21715.1
-21705.9
-21703
-21667.8
-21666.4
-21640.2
-21632.9
-21613.2
-21594.2
-21590.1
-21582.7
-21553.8
-21543.2
-21542.7
-21518.9
-21508.9
-21475
-21467.2
-21427.6
-21374.9
-21363.6
-21333
-21325.9
-21317.8
-21294.4
-21284.6
-21271.8
-21267
-21236.5
-21228.3
-21215.4
-21201.9
-21183.9
-21137.1
-21075.1
-21058
-21054.6
-21050.6
-21042.3
-21025.4
-21006.4
-20996.9
-20958.1
-20935.3
-20911.6
-20903.9
-20897.8
-20881.3
-20878.5
-20851.2
-20813.5
-20812.3
-20781.2
-20731.9
-20726.4
-20724.4
-20695.8
-20686.5
-20618.7
-20615
-20612.1
-20589.9
-20579.3
-20577.6
-20568.7
-20540.2
-20524.2
-20499.8
-20494.7
-20481.2
-20470.1
-20452
-20444.3
-20440.9
-20434.2
-20407.8
-20367.7
-20355.6
-20341.9
-20340.2
-20312.8
-20309.4
-20303
-20265.9
-20265.9
-20262.8
-20249.9
-20111.3
-20109.8
-20057.6
-20055.1
-20025.3
-20002.9
-19991
-19982.1
-19965
-19962.9
-19956.9
-19937.1
-19875.1
-19873.1
-19852
-19841.1
-19820.7
-19818.4
-19780.9
-19737.1
-19727.1
-19704.7
-19698
-19673.5
-19669.6
-19612
-19594.2
-19538.6
-19528.7
-19519.9
-19502.6
-19498.4
-19468.6
-19466.7
-19463.1
-19456.5
-19449.4
-19431
-19420.3
-19382.7
-19343.6
-19331.5
-19322.9
-19308.9
-19300.1
-19291.8
-19274.7
-19270.9
-19244.7
-19232.8
-19232.2
-19192.9
-19187.6
-19176
-19151.1
-19091
-19072.1
-19045.7
-19043.6
-19013.4
-18999.6
-18986.2
-18981.8
-18977.3
-18970.6
-18957.9
-18955.8
-18946.3
-18902.5
-18841.7
-18800.3
-18783.6
-18758.5
-18713.5
-18703.5
-18680.2
-18663.3
-18651.6
-18642.5
-18634.7
-18615.2
-18596.3
-18596.2
-18591.4
-18588.7
-18570.7
-18559.5
-18513.2
-18495.7
-18494.5
-18477.7
-18448
-18438.9
-18434.9
-18419.1
-18403.2
-18395.6
-18372.8
-18368.5
-18328.8
-18264.1
-18260.7
-18253.1
-18247.2
-18230.3
-18206.6
-18196.6
-18194.3
-18181.3
-18147.2
-18144.4
-18142.2
-18074.4
-18012.4
-18012
-18001.9
-17998.9
-17955.4
-17953.7
-17950.9
-17945.2
-17943.1
-17920.2
-17874.7
-17848.9
-17830.5
-17822.9
-17813
-17803.8
-17796.4
-17775.9
-17771
-17766
-17760
-17729.6
-17726.6
-17726.1
-17710.9
-17679.4
-17671.2
-17667.4
-17648.3
-17628.3
-17622.3
-17620.6
-17603.9
-17597.1
-17591.6
-17575
-17562.3
-17552
-17536.7
-17524.5
-17520.3
-17497.4
-17488.3
-17475.4
-17469.8
-17445.5
-17441.9
-17427.6
-17409.9
-17404
-17399.2
-17398.6
-17382.9
-17382.8
-17357.5
-17343.5
-17325.5
-17314.5
-17313.4
-17302.5
-17268.9
-17253.7
-17250.6
-17230.2
-17227.2
-17208.5
-17203.2
-17202.3
-17201.2
-17188.9
-17173.8
-17143
-17142.4
-17139.6
-17113.8
-17110.8
-17100.3
-17088.7
-17083.3
-17077.1
-17030.4
-17014.8
-17010.5
-16975.6
-16971.6
-16969.3
-16924.6
-16915.1
-16910.4
-16887.3
-16885.1
-16880.8
-16876.9
-16859.7
-16850.8
-16845.7
-16844.5
-16840.1
-16840.1
-16836.7
-16797.3
-16783.4
-16776
-16769.7
-16761.4
-16756.9
-16720.9
-16713.6
-16712
-16701.3
-16697.1
-16682.3
-16673.3
-16670.9
-16668
-16665.5
-16636.5
-16603.1
-16596.4
-16589.9
-16552.1
-16543.4
-16483
-16481.3
-16472.1
-16461.6
-16445.3
-16442.3
-16393.5
-16390
-16388.7
-16386
-16376.2
-16370.1
-16329.3
-16317.7
-16300.2
-16295.8
-16274.3
-16259.1
-16252
-16247.6
-16239.2
-16239.1
-16217.4
-16213.4
-16211.5
-16180.5
-16146.2
-16140.8
-16112.6
-16104.9
-16101.8
-16089.5
-16074
-16073.5
-16056.3
-16054
-16043.7
-16033.7
-16026.3
-16019.1
-16007.8
-15988.5
-15984.2
-15983.7
-15969.3
-15956.4
-15949.6
-15908.7
-15908.6
-15905.8
-15878.7
-15874.2
-15826.8
-15814.5
-15768.3
-15755.5
-15742.4
-15737.8
-15731.7
-15697.6
-15685.3
-15682.1
-15647.8
-15612.3
-15564.6
-15549.3
-15521.2
-15512.9
-15502.1
-15478.5
-15467.4
-15446.3
-15443.3
-15429.9
-15397
-15392.2
-15375
-15328.5
-15317.6
-15312.9
-15279
-15270.5
-15253.5
-15235.1
-15223.4
-15220.1
-15219.5
-15210.5
-15207.2
-15195.7
-15177.7
-15145.5
-15144.2
-15127.4
-15124.4
-15106.2
-15087.5
-15066.7
-15065.5
-15008.5
-14992.6
-14976.8
-14959.7
-14942.3
-14934.4
-14827
-14744.9
-14743.3
-14723
-14699.5
-14667.1
-14658.3
-14653.8
-14648
-14648
-14639
-14628.6
-14623.2
-14621.2
-14617.2
-14609.8
-14580.9
-14575.6
-14570.1
-14569.1
-14544.1
-14533.4
-14530.7
-14513.8
-14492.5
-14477.6
-14434.7
-14421.1
-14405.7
-14396.9
-14391
-14385
-14364.5
-14358.9
-14343.9
-14322.2
-14309.3
-14300.5
-14278.1
-14267.5
-14257.5
-14253.5
-14253.4
-14216
-14215.4
-14215.1
-14208.9
-14189.7
-14186.7
-14175.7
-14158.5
-14136
-14116.6
-14113.5
-14111.7
-14107.5
-14105.3
-14096.6
-14088.3
-14063.1
-14047.2
-14037.3
-14023.9
-14016.4
-14016.4
-13992
-13944.2
-13923.4
-13908.3
-13901.8
-13899.4
-13882.6
-13861.7
-13860.3
-13858.1
-13856.5
-13846
-13841.2
-13793.1
-13744.6
-13736.5
-13731.6
-13716.9
-13705.7
-13653.4
-13628.3
-13623.3
-13621.8
-13609.7
-13563.2
-13559.3
-13551.4
-13501.6
-13487
-13481.1
-13398.4
-13372.4
-13366.8
-13348.2
-13330.7
-13319.3
-13301.7
-13286.2
-13280.3
-13275.3
-13254.6
-13248.5
-13234.6
-13224.4
-13221.1
-13211
-13199.2
-13198.1
-13177.5
-13171.3
-13129.5
-13126.1
-13119.8
-13100.5
-13091.1
-13084.1
-13072.2
-13032.3
-13000.2
-12988.3
-12984.9
-12980.2
-12964.5
-12954.4
-12945.9
-12938.7
-12895.1
-12883.7
-12865.4
-12858.7
-12842.4
-12841.3
-12832
-12829.8
-12827.7
-12816.5
-12814.8
-12803.3
-12781.5
-12771.4
-12705.3
-12704
-12699.6
-12698.1
-12695.1
-12684
-12677.7
-12675
-12671.9
-12582.4
-12566.4
-12559.3
-12540.4
-12532
-12494.4
-12483.3
-12474.2
-12471.4
-12457.5
-12436.8
-12418
-12404
-12385.2
-12360.7
-12346.7
-12344.1
-12313.6
-12303.6
-12303.4
-12248.2
-12246.7
-12244.3
-12230.4
-12223.9
-12204.3
-12201.4
-12134.4
-12123.8
-12119.4
-12099.7
-12096.1
-12095.3
-12085.1
-12072.4
-12072.3
-12067.2
-12039.5
-12016.9
-12016.3
-12015
-12013.8
-12005.3
-12004.1
-11996.6
-11939.5
-11934.2
-11915.4
-11879.9
-11866.5
-11858.1
-11852.3
-11848.7
-11848.4
-11825.2
-11816.4
-11811.8
-11807.5
-11788.9
-11782.4
-11780.5
-11779.5
-11777.5
-11760.4
-11736.8
-11717.9
-11684.8
-11671.5
-11665.3
-11653.2
-11631.6
-11627.4
-11620.2
-11619.7
-11617.5
-11612.6
-11611
-11605.5
-11596.9
-11594.5
-11542.2
-11538.6
-11538.3
-11479
-11475.8
-11466.2
-11435.3
-11430.4
-11418.3
-11400.4
-11395.2
-11394.3
-11386.8
-11378
-11377.3
-11360.5
-11357
-11335.8
-11333.5
-11298.9
-11281.3
-11279.4
-11278.3
-11272
-11252.9
-11234.4
-11210.8
-11210.3
-11194.1
-11179.5
-11156
-11148.6
-11140.6
-11133.9
-11104.8
-11094.5
-11093
-11080.5
-11078
-11076.4
-11067.4
-11059.6
-11059.5
-11054.5
-11031.7
-11028.2
-10969
-10966.1
-10962.8
-10955.6
-10932.9
-10932.5
-10906.4
-10904.4
-10888.6
-10874.1
-10867.8
-10841.6
-10799.2
-10797.1
-10794.7
-10784.8
-10775.7
-10750.4
-10736.7
-10720.8
-10705.7
-10700.4
-10699.6
-10690.4
-10679.7
-10636.9
-10616.2
-10614.1
-10603
-10585.9
-10573.1
-10569.4
-10561.9
-10536.2
-10524.2
-10521.8
-10517.5
-10508.9
-10484.5
-10474.2
-10471.6
-10458.3
-10452.1
-10451.4
-10449.7
-10427.4
-10423.3
-10420.8
-10414.7
-10412.6
-10404.2
-10397.3
-10371.9
-10358.4
-10356.5
-10350.6
-10312
-10304.3
-10285.6
-10278.1
-10265
-10255.1
-10245.5
-10234.4
-10206.2
-10200
-10197.4
-10188.6
-10178.1
-10174.1
-10166.2
-10150.2
-10139.5
-10139.1
-10127.1
-10115.2
-10102.4
-10096.2
-10087.8
-10087.1
-10076.3
-10059.4
-10056.3
-10052
-10048
-10007.4
-9981.76
-9969.3
-9956.16
-9954.79
-9927.03
-9923.23
-9921.92
-9906.22
-9895.33
-9893.8
-9871.2
-9852.24
-9841.54
-9827.63
-9827.6
-9817.22
-9811.11
-9798.58
-9778.89
-9776.89
-9772.03
-9770.23
-9745.52
-9706.82
-9679.22
-9662.06
-9560.19
-9531.79
-9519.57
-9517.59
-9504.21
-9489.15
-9485.29
-9482.17
-9474.39
-9456.41
-9398.46
-9396.01
-9392.77
-9381.96
-9365.93
-9359.81
-9355.18
-9355.11
-9354.2
-9346.88
-9331.92
-9320.53
-9301.67
-9295.89
-9287.96
-9270.51
-9266.31
-9246.88
-9240.58
-9233.96
-9204.9
-9204.09
-9199.19
-9182.39
-9170.52
-9163.93
-9160.87
-9136.02
-9129.56
-9112.53
-9098.23
-9096.61
-9059.09
-9055.91
-9038.16
-9024.49
-9015.45
-9012.81
-8998.1
-8964.38
-8963.79
-8953.14
-8919.41
-8918.86
-8915.74
-8907.93
-8883.73
-8883.03
-8877.59
-8865.76
-8862.57
-8856.16
-8839.36
-8833.93
-8824.75
-8816.03
-8794.66
-8790.6
-8786.5
-8777.03
-8772.14
-8755.43
-8755.13
-8754.35
-8745.85
-8738.91
-8730.48
-8723.67
-8718.92
-8709.34
-8698.46
-8678.18
-8662.58
-8652.4
-8629.67
-8628.87
-8609.67
-8601.24
-8597.83
-8567.64
-8561.76
-8538.6
-8535.61
-8522.11
-8513.35
-8489.25
-8475.62
-8473.03
-8468.07
-8464.79
-8450.22
-8428.77
-8416.88
-8416.27
-8413.83
-8395.81
-8392.14
-8380.58
-8367.54
-8366.8
-8358.25
-8339.67
-8335.38
-8330.03
-8308.51
-8308.45
-8305.24
-8282.58
-8262.7
-8253.35
-8250.36
-8246.8
-8246.11
-8237.94
-8203.03
-8202.58
-8182.95
-8175.42
-8172.03
-8170.28
-8160.24
-8128.82
-8114.36
-8100.26
-8090.36
-8062.27
-8018.46
-8016.13
-7979.51
-7976.37
-7953.14
-7950.58
-7948.12
-7937.14
-7933.66
-7933.17
-7926.18
-7921.09
-7914.41
-7912.93
-7873.89
-7863.75
-7861.75
-7858.7
-7847.18
-7846.69
-7844.16
-7843.73
-7800.65
-7790.89
-7783.07
-7774.1
-7769.87
-7738.64
-7720.36
-7717.54
-7698.52
-7680.4
-7658.44
-7652.21
-7625.07
-7620.38
-7609.92
-7595.19
-7589.89
-7587.45
-7581.29
-7573.68
-7571.43
-7568.73
-7567.67
-7536.55
-7517.65
-7505.15
-7482.71
-7476.1
-7475.32
-7471.9
-7459.4
-7435.72
-7434.72
-7424.78
-7421.55
-7401.87
-7398.18
-7396.35
-7387.46
-7386.46
-7379.6
-7356.32
-7353.96
-7347.54
-7347.12
-7334.65
-7322.11
-7320.34
-7317.01
-7286.56
-7278.91
-7277.21
-7255.53
-7239.25
-7217.58
-7214.1
-7178.35
-7177.04
-7080.91
-7075.9
-7033.53
-7032.3
-7011.14
-7007.27
-7003.12
-6997.65
-6983.4
-6981.94
-6967.47
-6958.24
-6957.38
-6949.09
-6939.21
-6928.38
-6923.48
-6910.28
-6897.87
-6890.25
-6873.82
-6858.35
-6849.72
-6849.06
-6816.25
-6812.73
-6804.88
-6794.66
-6789.58
-6789.43
-6780.78
-6754.34
-6716.5
-6711.28
-6710.81
-6708.56
-6678.86
-6676.6
-6647.19
-6634.31
-6632.85
-6630.45
-6620.85
-6617.95
-6613.95
-6601.88
-6581.27
-6572.74
-6561.73
-6554.07
-6534.41
-6521.96
-6521.44
-6512.55
-6511.13
-6510.09
-6509.85
-6495.17
-6494.65
-6484.01
-6483.37
-6480.09
-6479.82
-6472.94
-6442.06
-6429.05
-6418.8
-6404.88
-6385.94
-6384.69
-6343.95
-6339.57
-6323.63
-6318.2
-6311.1
-6296.95
-6295.7
-6288.87
-6287.87
-6281.93
-6278.89
-6270.21
-6259.04
-6256.28
-6246.43
-6230.04
-6214.11
-6212.06
-6204.4
-6189.23
-6189.06
-6178.37
-6177.1
-6170.61
-6161.08
-6156.54
-6148.31
-6147.94
-6147.19
-6106.28
-6063.41
-6058.81
-6057.81
-6057.47
-6021.36
-6015.48
-6013.16
-5996.25
-5994.96
-5962.58
-5944.67
-5936.1
-5922.95
-5918.47
-5887.26
-5882.67
-5865.08
-5864.93
-5861.33
-5851.55
-5832.69
-5831.99
-5814.27
-5812.65
-5806.37
-5800.86
-5796.01
-5787.72
-5777.81
-5768.18
-5761.95
-5761.95
-5759.17
-5752.84
-5749.75
-5747.03
-5701.7
-5691.71
-5681.83
-5680.34
-5666.85
-5661.81
-5660.09
-5657.52
-5632.42
-5615.28
-5609.28
-5599.46
-5543.34
-5512.94
-5509.46
-5505.82
-5487.92
-5466.61
-5450.35
-5414.34
-5393.62
-5385.87
-5382.57
-5381.15
-5371.61
-5356.83
-5349.25
-5347.42
-5344.33
-5334.8
-5319.13
-5300.71
-5288.95
-5286.63
-5286.48
-5268.63
-5241.16
-5240.12
-5235.68
-5218.91
-5211.23
-5206.53
-5198.56
-5197.04
-5191.42
-5186.11
-5184.78
-5178.63
-5177.08
-5164.01
-5157.47
-5148.71
-5140.25
-5115.95
-5110.04
-5096.12
-5089.3
-5072.75
-5059.08
-5049.29
-5044.77
-5038.5
-5036.32
-5027.9
-5013.79
-5009.97
-4998.37
-4998.28
-4997.21
-4984.15
-4974.17
-4972.31
-4969.47
-4957.8
-4943.9
-4942.88
-4936.5
-4934.63
-4922.15
-4889.02
-4870.98
-4866.85
-4862.66
-4860.93
-4856.34
-4848.73
-4846.55
-4845.44
-4833.42
-4830.04
-4825.48
-4813.75
-4811.34
-4800.02
-4795.45
-4794.71
-4793.61
-4789.24
-4781.71
-4776.35
-4768.11
-4751.78
-4744.4
-4736.97
-4731.45
-4716.6
-4705.36
-4698.95
-4689.26
-4679.28
-4657.74
-4652.53
-4639.39
-4639.23
-4634.03
-4632.06
-4630.82
-4625.75
-4612.85
-4594.43
-4584.81
-4581
-4557.15
-4554.77
-4531.31
-4524.58
-4521.53
-4515
-4498.86
-4496.57
-4495.89
-4488.01
-4467.76
-4457.49
-4447.35
-4446.83
-4446.68
-4442.09
-4438.79
-4438.25
-4423.37
-4420.42
-4397.01
-4390.7
-4385.15
-4347.42
-4343.18
-4339.32
-4308.28
-4307.53
-4301.03
-4288.92
-4272.21
-4247.4
-4243.33
-4238.12
-4219.61
-4204.44
-4190.92
-4188.01
-4184.3
-4170.97
-4170.79
-4167.26
-4152.92
-4152.51
-4147.94
-4147.51
-4144.95
-4124.86
-4105.79
-4097.79
-4084.04
-4079.71
-4069.38
-4064
-4063.71
-4052.46
-4046.58
-4046
-4043.74
-4013.25
-4009.69
-4006.79
-3997.22
-3996.52
-3982.57
-3973.05
-3970.05
-3952.79
-3950.6
-3946.02
-3939.01
-3933.24
-3911.5
-3902.73
-3888.33
-3884.01
-3873.55
-3863.36
-3843.55
-3833.77
-3831.75
-3826.17
-3809.92
-3802.08
-3788.95
-3767.4
-3761.58
-3759.96
-3751.11
-3746.6
-3742.12
-3740.37
-3729.11
-3715.8
-3713.34
-3711.11
-3710.22
-3708.7
-3706.53
-3704.06
-3703.33
-3703.02
-3680.32
-3678.33
-3674.7
-3674.68
-3658.98
-3649.06
-3647.19
-3632.48
-3614.31
-3608.24
-3597.4
-3590.99
-3574.79
-3571.21
-3561.84
-3555.96
-3555.76
-3545
-3542.31
-3537.19
-3530.52
-3521.44
-3513.48
-3512.14
-3511.87
-3499.69
-3496.38
-3490.27
-3479.93
-3464.8
-3459.01
-3453.14
-3451.22
-3447.9
-3444.78
-3441.1
-3431.05
-3413.94
-3413.63
-3408.99
-3401.72
-3395.71
-3385.16
-3380.64
-3375.17
-3355.04
-3354.04
-3353.77
-3346.09
-3340.3
-3336.68
-3332.32
-3324.26
-3310.78
-3310.63
-3301.08
-3298.03
-3297.63
-3296.6
-3287.27
-3282.42
-3279.73
-3275.18
-3264.94
-3257
-3256.86
-3252.55
-3248.23
-3245.03
-3241.61
-3225.74
-3221.54
-3214.72
-3211.64
-3203.02
-3199.77
-3179.84
-3178.78
-3177.66
-3173.71
-3152.4
-3145.56
-3137.18
-3135.12
-3132.69
-3131.99
-3129.16
-3128.21
-3121.82
-3120.68
-3118.75
-3111.92
-3102.81
-3097.92
-3092.21
-3088.24
-3087.18
-3085.05
-3081.88
-3077.27
-3072.56
-3072.37
-3066.17
-3062.82
-3059.85
-3049.61
-3049.03
-3037.61
-3019.31
-3014.39
-3008.92
-3002.74
-2997.32
-2993.76
-2991.67
-2989.51
-2982.75
-2975.67
-2969.95
-2962.49
-2960.84
-2953.98
-2937.55
-2930.91
-2929.89
-2928.41
-2916.72
-2898.53
-2892.68
-2876.4
-2874.24
-2870.75
-2869.66
-2868.3
-2862.12
-2861.5
-2856.65
-2853.48
-2851.67
-2848.88
-2844.31
-2831.51
-2824.44
-2823.43
-2817.9
-2813.77
-2809.42
-2803.54
-2789.16
-2784.51
-2781.07
-2769.71
-2754.83
-2750.34
-2731.76
-2714.4
-2704.81
-2703.33
-2700.96
-2697.75
-2695.84
-2686.14
-2684.49
-2683.74
-2669.19
-2665.44
-2651.71
-2647.29
-2645.67
-2645.42
-2644.38
-2642.82
-2635.84
-2623.06
-2622.63
-2615.46
-2615.03
-2604.99
-2597.39
-2596.86
-2593.71
-2582.74
-2576.98
-2576.82
-2575.52
-2566.43
-2566.36
-2564.72
-2556
-2549.61
-2547.52
-2543.09
-2543.07
-2542.76
-2538.74
-2530.16
-2525.22
-2523.16
-2507.02
-2499.94
-2498.78
-2496.16
-2494.09
-2486.9
-2479.37
-2476.55
-2473.72
-2473.16
-2472.19
-2468.9
-2462.37
-2458.34
-2457.09
-2451.34
-2444.73
-2439.8
-2438.61
-2434.09
-2431.81
-2429.72
-2422.65
-2418.64
-2416.52
-2415.41
-2400.56
-2398.33
-2396.14
-2380.93
-2379.27
-2378.31
-2370.29
-2369.31
-2367.87
-2364.94
-2357.26
-2356.02
-2355.34
-2347.74
-2345.8
-2345.8
-2345.01
-2330
-2329.53
-2324.43
-2321.9
-2316.26
-2313.04
-2312.02
-2305.61
-2302.12
-2287
-2281.18
-2271.47
-2270.99
-2269.27
-2267.06
-2258.81
-2258.7
-2258.35
-2253.85
-2251.72
-2248.06
-2245.95
-2241.46
-2239.68
-2238.39
-2237.85
-2230.56
-2227.35
-2221.32
-2205.11
-2203.58
-2200.4
-2195.75
-2185.29
-2184.16
-2182.57
-2175.16
-2173.37
-2167.66
-2167.23
-2166.57
-2158.67
-2154.77
-2143.55
-2141.39
-2139.01
-2136.36
-2133.47
-2128.71
-2125.61
-2122.07
-2119.37
-2118.17
-2117.71
-2116.69
-2114.15
-2112.81
-2112.79
-2112.03
-2105.42
-2101.24
-2095.13
-2090.64
-2080.56
-2079.11
-2075.66
-2072.11
-2061.31
-2061.16
-2056.32
-2054.02
-2047.56
-2035.92
-2033.82
-2019.52
-2012.11
-2002.8
-1994.83
-1991.57
-1991.33
-1986.93
-1983.52
-1982.58
-1971.45
-1969.15
-1968.41
-1967.47
-1965.25
-1962.38
-1954.37
-1942.33
-1939.38
-1937.75
-1937.2
-1936.01
-1920.97
-1916.19
-1913
-1912.43
-1910.11
-1906.93
-1899.75
-1897.85
-1891.82
-1890.57
-1889.02
-1888.23
-1885.98
-1883.96
-1874.88
-1869.68
-1865.41
-1856
-1854.88
-1853.82
-1843.69
-1840.48
-1835.39
-1834.58
-1831.64
-1827.67
-1827.06
-1825.13
-1824.73
-1824.46
-1823.77
-1820.52
-1818.92
-1810.28
-1809.75
-1808.64
-1807.66
-1801.21
-1797.67
-1797.14
-1794.39
-1792.29
-1789.62
-1788.09
-1786.59
-1781.03
-1777.06
-1775.36
-1774.64
-1772.98
-1771.32
-1767.66
-1761.15
-1761.05
-1754.68
-1752.37
-1750.58
-1750.41
-1740.5
-1734.91
-1733.05
-1731.37
-1725.25
-1724.58
-1719.04
-1718.74
-1715.41
-1711.9
-1697.22
-1694.12
-1692.84
-1692.1
-1691.26
-1689.52
-1684.99
-1676.84
-1671.4
-1671.22
-1670.78
-1662.35
-1658.39
-1653.8
-1651.21
-1647.06
-1642.92
-1642.2
-1641.45
-1641
-1637.8
-1637.28
-1629.72
-1628.88
-1628.72
-1628.59
-1627.56
-1619.78
-1617.04
-1615.29
-1610.29
-1608.75
-1606.02
-1599.25
-1597.38
-1597.33
-1592.6
-1588.98
-1588.34
-1586.07
-1577.43
-1573.51
-1572.53
-1572.51
-1564.15
-1561.95
-1555.46
-1554.99
-1548.4
-1548.07
-1544.14
-1540.08
-1537.96
-1535.77
-1534.95
-1527.63
-1526.02
-1521.01
-1520.23
-1519.5
-1518.11
-1512.42
-1505.18
-1499.49
-1497.72
-1492.95
-1491.64
-1480.94
-1476.62
-1475.14
-1474.75
-1474.19
-1467.88
-1467.1
-1457.43
-1454.12
-1453.85
-1449.75
-1447.47
-1447.25
-1443.55
-1442.3
-1440.47
-1439.41
-1438.24
-1436.83
-1435.47
-1435.2
-1431.73
-1423.99
-1424.08
-1421.08
-1416.37
-1415.62
-1414.02
-1411.4
-1411.32
-1411.01
-1407
-1402.66
-1401.91
-1401.77
-1399.81
-1398.52
-1396.75
-1396.74
-1395.78
-1391.65
-1377.95
-1377.4
-1375.7
-1371.25
-1369.58
-1369.46
-1365.45
-1364.91
-1359.95
-1358.62
-1357.56
-1354.55
-1353.5
-1351.13
-1350.8
-1350.75
-1347.9
-1347.54
-1346.66
-1345.82
-1337.57
-1335.91
-1334.9
-1332.64
-1328.1
-1327.34
-1322.64
-1322.56
-1319.69
-1315.23
-1313.86
-1307.5
-1304.28
-1302.07
-1301.31
-1299.45
-1296.21
-1296.17
-1295.51
-1293.59
-1288.83
-1285.71
-1280.7
-1280.32
-1275.85
-1274.09
-1271.97
-1269.11
-1268.86
-1268.53
-1267.36
-1262.53
-1256.34
-1247.32
-1247.05
-1242.88
-1242.76
-1241.33
-1239.22
-1238.61
-1238.12
-1235.29
-1234.24
-1233.54
-1233
-1231.35
-1225.9
-1223.96
-1221.77
-1221.36
-1221.32
-1219.2
-1215.42
-1213.31
-1213.18
-1210.28
-1206.79
-1204.61
-1204.47
-1195.07
-1194.44
-1191.87
-1186.24
-1184.08
-1182.23
-1179.55
-1177.89
-1174.94
-1174.47
-1174.09
-1170.81
-1169.67
-1161.09
-1157.58
-1156.63
-1156.2
-1153.26
-1150.44
-1150.32
-1146.89
-1138.41
-1130.93
-1130.14
-1123.15
-1122.67
-1119.13
-1117.66
-1117.66
-1111.97
-1110.79
-1108.43
-1107.66
-1107.28
-1104.38
-1098.75
-1092.49
-1092.47
-1086
-1085.63
-1081.98
-1081.66
-1078.71
-1078.4
-1076.52
-1075.83
-1073.08
-1070.6
-1067.32
-1066.67
-1066.4
-1065.95
-1064.44
-1064.2
-1063.72
-1060.87
-1060.47
-1058.32
-1054.53
-1053.35
-1051.43
-1046.14
-1042.74
-1039.36
-1035.24
-1035.14
-1032.92
-1032.81
-1032.72
-1031.19
-1030.77
-1030.13
-1026.02
-1024.23
-1018.86
-1018.18
-1015.08
-1014.24
-1013.61
-1013.31
-1011.39
-1009.32
-1008.58
-1008.36
-1005.03
-1001.99
-995.035
-994.015
-993.417
-990.7
-988.605
-987.826
-985.824
-985.79
-978.808
-974.574
-974.552
-971.688
-971.159
-970.639
-968.749
-967.514
-961.098
-959.981
-959.723
-957.978
-951.2
-948.614
-947.802
-943.065
-942.266
-941.774
-941.329
-941.078
-940.265
-939.751
-937.993
-935.148
-933.976
-930.735
-930.387
-929.368
-927.914
-927.212
-925.844
-924.538
-924.403
-923.854
-923.453
-921.717
-915.759
-914.061
-912.654
-912.028
-911.71
-911.555
-911.228
-910.348
-909
-906.238
-902.707
-899.587
-898.439
-897.832
-897.306
-893.189
-892.81
-891.326
-889.078
-888.058
-885.554
-884.745
-883.782
-883.104
-882.858
-881.177
-878.266
-875.44
-870.129
-865.724
-865.499
-865.208
-865.115
-864.621
-863.988
-860.917
-859.342
-855.825
-854.29
-854.082
-852.553
-850.479
-849.218
-844.543
-844.534
-843.133
-842.329
-842.173
-840.016
-839.041
-835.22
-833.381
-832.897
-831.888
-830.228
-825.543
-824.059
-819.648
-818.777
-816.14
-811.74
-803.104
-802.842
-799.462
-798.911
-795.963
-795.763
-794.364
-792.089
-790.564
-789.832
-789.09
-787.594
-784.292
-782.438
-780.786
-780.359
-778.457
-778.188
-778.112
-774.973
-771.615
-767.381
-764.246
-763.458
-763.016
-760.33
-757.751
-753.763
-753.022
-752.359
-751.417
-748.803
-746.654
-745.097
-740.511
-736.457
-730.217
-729.363
-728.783
-724.194
-723.924
-723.85
-723.174
-720.266
-720.113
-717.732
-716.104
-711.258
-709.279
-702.133
-700.313
-697.133
-695.163
-694.057
-693.258
-689.353
-689.167
-687.946
-684.873
-682.038
-680.761
-679.376
-678.798
-677.842
-677.187
-676.12
-675.845
-674.785
-673.684
-673.51
-673.266
-671.679
-667.567
-662.12
-661.206
-660.41
-660.068
-658.778
-653.533
-651.498
-651.07
-650.249
-645.625
-643.106
-638.392
-634.795
-633.701
-633.309
-633.011
-631.381
-631.043
-629.523
-628.247
-627.637
-625.773
-625.075
-623.992
-623.031
-622.568
-621.963
-618.382
-617.654
-616.587
-616.303
-615.735
-613.992
-610.55
-609.072
-606.242
-602.446
-598.764
-597.905
-597.491
-597.082
-597.008
-596.447
-595.452
-593.853
-592.467
-591.492
-589.354
-588.466
-587.042
-586.371
-583.442
-582.255
-581.556
-581.029
-579.08
-574.394
-574.394
-573.968
-570.418
-569.682
-569.404
-569.356
-569.119
-567.718
-566.895
-566.12
-564.31
-564.144
-560.313
-558.901
-557.136
-556.955
-555.415
-554.364
-554.041
-553.87
-552.451
-552.419
-552.01
-551.922
-546.493
-543.592
-541.82
-541.679
-541.551
-538.277
-538.196
-536.608
-535.004
-534.539
-531.564
-531.415
-529.953
-529.93
-529.646
-529.183
-528.023
-527.617
-527.523
-526.38
-525.962
-525.262
-525.178
-524.385
-523.88
-523.679
-523.44
-523.194
-523.111
-522.496
-522.127
-520.455
-520.004
-519.98
-519.625
-518.74
-515.039
-513.663
-513.565
-511.96
-511.768
-511.588
-511.171
-507.318
-505.689
-505.673
-505.094
-503.941
-503.613
-502.756
-502.192
-501.082
-499.722
-499.477
-498.703
-498.561
-495.971
-493.398
-491.923
-490.606
-490.303
-488.54
-487.732
-487.467
-487.376
-486.878
-486.76
-486.301
-484.256
-484.103
-483.043
-481.219
-481.153
-480.569
-480.098
-477.698
-476.629
-476.397
-474.665
-473.81
-472.043
-470.993
-468.77
-468.293
-467.885
-467.874
-467.059
-465.067
-464.212
-464.038
-463.99
-462.902
-461.666
-459.493
-458.038
-457.105
-456.945
-456.501
-455.344
-453.019
-452.666
-451.91
-451.449
-450.748
-450.748
-450.5
-449.56
-448.88
-448.097
-446.273
-445.506
-444.931
-444.304
-444.099
-442.262
-442.006
-441.695
-441.073
-440.834
-440.171
-438.021
-436.538
-436.074
-435.804
-434.869
-434.617
-434.444
-432.773
-432.513
-431.487
-430.83
-430.376
-428.344
-427.001
-426.096
-425.751
-424.633
-424.475
-423.69
-422.404
-421.651
-421.318
-417.24
-414.83
-414.608
-414.534
-412.07
-411.599
-409.583
-409.526
-407.943
-407.387
-407.211
-406.975
-406.932
-406.919
-406.373
-405.86
-405.716
-405.535
-404.83
-403.934
-403.634
-403.57
-403.412
-403.216
-402.304
-400.92
-400.646
-398.752
-398.592
-398.212
-396.587
-396.265
-395.243
-393.902
-393.121
-392.929
-391.259
-390.809
-390.174
-390.168
-389.965
-389.171
-386.472
-386.009
-385.955
-385.755
-384.779
-384.531
-383.734
-383.268
-382.677
-382.653
-381.614
-381.355
-380.966
-380.229
-378.952
-378.95
-378.843
-378.644
-378.568
-378.003
-377.961
-377.805
-376.904
-376.753
-376.595
-376.172
-375.776
-373.851
-373.654
-373.487
-372.893
-372.86
-372.464
-372.334
-371.608
-371.544
-370.299
-369.323
-369.242
-369.022
-368.648
-368.413
-368.286
-368.076
-367.709
-367.647
-367.334
-367.109
-367.09
-365.649
-365.63
-364.974
-364.374
-363.363
-363.353
-363.213
-362.339
-362.333
-361.693
-361.238
-360.205
-359.988
-359.806
-359.685
-359.008
-358.484
-357.613
-356.922
-355.44
-354.907
-353.629
-353.496
-353.484
-351.223
-351.302
-350.96
-350.873
-350.802
-350.553
-350.097
-349.613
-348.656
-348.549
-348.258
-348.213
-347.689
-346.874
-345.657
-345.177
-344.576
-344.445
-343.796
-343.714
-343.27
-341.253
-340.946
-340.886
-340.623
-340.314
-339.927
-339.768
-339.522
-337.727
-336.075
-335.985
-335.348
-335.158
-334.532
-334.449
-334.194
-333.976
-332.895
-332.891
-332.214
-332.177
-331.416
-330.839
-330.19
-328.955
-328.459
-327.921
-326.931
-326.539
-326.028
-325.97
-324.773
-323.515
-323.13
-322.694
-322.597
-322.301
-322.129
-322.002
-321.557
-320.928
-320.229
-320.209
-319.889
-319.698
-318.77
-318.452
-316.962
-316.498
-316.414
-316.324
-316.173
-315.784
-315.383
-315.28
-315.049
-314.785
-314.11
-312.988
-312.209
-310.741
-310.409
-310.343
-310.293
-309.129
-308.747
-308.339
-308.078
-307.595
-307.3
-306.951
-306.923
-305.844
-304.996
-304.902
-304.811
-304.665
-304.093
-303.29
-300.607
-299.711
-299.682
-299.57
-298.696
-298.466
-298.461
-298.435
-298.301
-298.138
-296.564
-296.004
-294.606
-294.535
-294.459
-294.32
-294.215
-294.004
-293.487
-293.385
-292.899
-290.849
-290.343
-290.057
-289.717
-289.586
-289.526
-289.471
-289.382
-288.945
-287.964
-287.58
-286.703
-286.327
-286.082
-285.533
-285.027
-284.904
-284.635
-284.601
-284.118
-283.653
-283.598
-283.558
-283.348
-282.804
-282.477
-280.617
-280.431
-279.818
-279.46
-279.472
-279.446
-279.295
-278.89
-277.901
-277.892
-277.528
-277.35
-276.821
-276.695
-276.335
-275.641
-275.246
-275.23
-274.851
-274.839
-274.629
-274.561
-273.918
-273.809
-273.603
-273.24
-273.16
-272.778
-272.501
-272.47
-271.996
-271.945
-271.819
-271.541
-271.364
-271.322
-269.939
-269.879
-269.557
-268.964
-268.883
-267.799
-267.43
-267.367
-267.109
-267.107
-266.952
-266.73
-266.471
-266.333
-266.266
-266.116
-266.032
-265.89
-265.635
-265.505
-264.228
-264.147
-264.111
-263.928
-263.804
-263.188
-263.169
-263.157
-263.068
-262.464
-262.131
-261.268
-261.03
-260.432
-259.841
-258.7
-258.612
-258.526
-258.132
-257.506
-256.516
-256.438
-256.006
-255.658
-255.338
-254.637
-254.401
-254.15
-253.717
-253.314
-253.26
-253.117
-252.961
-252.325
-252.201
-252.074
-252.025
-251.867
-251.8
-251.698
-251.285
-251.152
-250.975
-250.888
-250.869
-250.8
-250.794
-250.646
-250.435
-250.355
-250.352
-248.889
-248.864
-248.507
-248.309
-248.198
-248.15
-247.399
-247.191
-247.058
-246.635
-246.619
-246.527
-246.459
-245.726
-245.568
-243.587
-243.4
-242.661
-242.417
-242.259
-241.91
-241.885
-241.878
-241.681
-241.537
-241.467
-240.696
-240.598
-240.575
-240.434
-240.414
-240.31
-239.754
-239.349
-238.891
-237.46
-237.091
-236.653
-236.283
-236.149
-236.113
-235.568
-235.476
-235.024
-234.965
-234.635
-234.477
-233.836
-233.816
-233.808
-233.592
-233.339
-233.304
-233.277
-232.952
-232.426
-232.284
-232.129
-231.791
-231.491
-231.348
-231.293
-230.971
-230.924
-230.817
-230.724
-230.608
-230.558
-230.529
-230.226
-230.201
-229.958
-229.729
-229.569
-228.934
-228.815
-228.789
-228.653
-228.619
-227.616
-227.423
-227.36
-227.244
-227.031
-227.017
-227.012
-226.983
-226.647
-226.586
-226.485
-226.325
-226.281
-226.212
-226.035
-225.8
-225.727
-225.683
-225.631
-225.44
-225.347
-225.266
-225.253
-225.159
-225.118
-225.079
-224.757
-224.357
-224.339
-224.031
-223.921
-223.836
-223.782
-223.592
-223.463
-223.31
-223.236
-223.072
-223.058
-222.976
-222.974
-222.528
-222.517
-222.301
-222.295
-222.251
-222.102
-221.757
-221.518
-221.337
-221.323
-221.2
-221.052
-220.918
-220.829
-220.711
-220.612
-220.602
-220.177
-220.039
-220.031
-220.024
-219.975
-219.83
-219.611
-219.571
-219.557
-219.445
-219.53
-219.42
-219.411
-219.33
-219.257
-219.162
-219.091
-219.049
-218.996
-218.969
-218.962
-218.944
-218.843
-218.719
-218.605
-218.566
-218.459
-218.297
-218.248
-218.216
-218.056
-217.986
-217.777
-217.767
-217.662
-217.578
-217.395
-217.364
-217.121
-217.072
-217.026
-216.469
-216.447
-216.41
-216.356
-216.354
-216.292
-216.281
-216.113
-216.087
-215.991
-215.967
-215.919
-215.905
-215.893
-215.876
-215.82
-215.784
-215.764
-215.743
-215.782
-215.722
-215.601
-215.447
-215.395
-215.372
-215.308
-215.304
-215.164
-215.081
-215.005
-214.976
-214.896
-214.876
-214.818
-214.702
-214.646
-214.564
-214.532
-214.522
-214.485
-214.484
-214.314
-213.997
-213.985
-213.88
-213.685
-213.587
-213.408
-213.407
-213.268
-213.24
-213.196
-212.962
-212.892
-212.728
-212.691
-212.689
-212.672
-212.595
-212.577
-212.564
-212.541
-212.482
-212.425
-212.364
-212.332
-212.211
-212.208
-212.106
-212.035
-211.874
-211.82
-211.789
-211.739
-211.673
-211.641
-211.541
-211.369
-211.343
-211.33
-211.297
-211.267
-211.237
-211.222
-211.168
-211.153
-211.063
-210.992
-210.939
-210.912
-210.743
-210.651
-210.501
-210.481
-210.421
-210.367
-210.367
-210.328
-210.304
-210.201
-210.133
-210.124
-210.088
-210.087
-210.026
-210.013
-210.007
-210
-209.984
-209.881
-209.866
-209.802
-209.738
-209.565
-209.511
-209.49
-209.486
-209.473
-209.457
-209.456
-209.453
-209.397
-209.33
-209.263
-209.239
-209.176
-209.167
-209.141
-209.132
-209.069
-209.024
-208.962
-208.914
-208.725
-208.719
-208.704
-208.693
-208.641
-208.573
-208.57
-208.423
-208.285
-208.251
-208.219
-208.179
-208.159
-208.128
-208.066
-208.056
-208.023
-207.986
-207.906
-207.853
-207.841
-207.802
-207.791
-207.783
-207.758
-207.724
-207.692
-207.687
-207.634
-207.629
-207.504
-207.473
-207.447
-207.425
-207.376
-207.375
-207.433
-207.429
-207.421
-207.413
-207.39
-207.325
-207.308
-207.28
-207.261
-207.242
-207.231
-207.214
-207.213
-207.172
-207.166
-207.137
-207.111
-207.1
-207.072
-207.07
-207.054
-207.003
-206.983
-206.973
-206.938
-206.891
-206.871
-206.854
-206.838
-206.834
-206.774
-206.771
-206.748
-206.712
-206.646
-206.613
-206.586
-206.584
-206.576
-206.545
-206.467
-206.415
-206.379
-206.343
-206.31
-206.28
-206.23
-206.12
-206.104
-206.094
-206.195
-206.183
-206.168
-206.124
-206.097
-206.078
-206.052
-206.005
-205.998
-205.958
-205.909
-205.899
-205.838
-205.809
-205.776
-205.758
-205.757
-205.744
-205.727
-205.707
-205.661
-205.632
-205.543
-205.418
-205.414
-205.297
-205.289
-205.281
-205.281
-205.262
-205.215
-205.195
-205.107
-205.096
-205.079
-205.002
-204.963
-204.911
-204.898
-204.893
-204.803
-204.799
-204.772
-204.771
-204.75
-204.747
-204.728
-204.7
-204.691
-204.638
-204.742
-204.708
-204.674
-204.652
-204.604
-204.523
-204.47
-204.458
-204.42
-204.377
-204.372
-204.256
-204.251
-204.23
-204.187
-204.168
-204.129
-204.117
-204.051
-204.046
-204.04
-204.038
-204.004
-203.997
-203.967
-203.914
-203.868
-203.831
-203.826
-203.817
-203.788
-203.769
-203.766
-203.758
-203.752
-203.75
-203.678
-203.677
-203.659
-203.65
-203.638
-203.636
-203.631
-203.625
-203.607
-203.602
-203.596
-203.588
-203.581
-203.537
-203.64
-203.629
-203.598
-203.534
-203.492
-203.487
-203.453
-203.373
-203.265
-203.242
-203.24
-203.24
-203.235
-203.235
-203.198
-203.188
-203.144
-203.13
-203.119
-203.103
-203.103
-203.1
-203.091
-203.067
-203.031
-203.018
-202.995
-202.995
-202.984
-202.913
-202.881
-202.85
-202.848
-202.841
-202.831
-202.813
-202.797
-202.794
-202.792
-202.764
-202.762
-202.721
-202.72
-202.716
-202.711
-202.697
-202.656
-202.655
-202.644
-202.642
-202.746
-202.726
-202.706
-202.704
-202.659
-202.658
-202.597
-202.584
-202.581
-202.572
-202.524
-202.506
-202.481
-202.469
-202.457
-202.452
-202.394
-202.383
-202.376
-202.36
-202.35
-202.329
-202.25
-202.218
-202.153
-202.112
-202.076
-202.036
-202.031
-202.013
-201.999
-201.993
-201.932
-201.9
-201.757
-201.753
-201.722
-201.715
-201.714
-201.691
-201.69
-201.689
-201.678
-201.668
-201.641
-201.632
-201.591
-201.534
-201.5
-201.5
-201.576
-201.572
-201.563
-201.543
-201.533
-201.53
-201.521
-201.519
-201.509
-201.505
-201.5
-201.485
-201.478
-201.46
-201.437
-201.422
-201.421
-201.41
-201.41
-201.321
-201.314
-201.312
-201.304
-201.292
-201.285
-201.251
-201.243
-201.21
-201.207
-201.206
-201.203
-201.189
-201.186
-201.186
-201.185
-201.171
-201.166
-201.136
-201.133
-201.129
-201.117
-201.093
-201.084
-201.064
-201.054
-200.998
-200.998
-200.983
-200.974
-200.971
-201.063
-201.06
-201.054
-201.032
-200.995
-200.98
-200.95
-200.926
-200.922
-200.916
-200.902
-200.901
-200.9
-200.9
-200.898
-200.894
-200.882
-200.876
-200.838
-200.824
-200.809
-200.794
-200.757
-200.748
-200.666
-200.662
-200.632
-200.626
-200.622
-200.621
-200.576
-200.574
-200.532
-200.477
-200.477
-200.447
-200.427
-200.424
-200.413
-200.405
-200.402
-200.4
-200.348
-200.334
-200.33
-200.301
-200.298
-200.251
-200.224
-200.223
-200.309
-200.24
-200.217
-200.198
-200.189
-200.179
-200.164
-200.152
-200.149
-200.11
-200.081
-200.081
-200.039
-200.031
-200.009
-199.992
-199.971
-199.96
-199.941
-199.938
-199.917
-199.916
-199.915
-199.909
-199.896
-199.882
-199.875
-199.849
-199.848
-199.843
-199.841
-199.817
-199.812
-199.806
-199.797
-199.796
-199.784
-199.728
-199.711
-199.687
-199.682
-199.669
-199.657
-199.649
-199.64
-199.625
-199.623
-199.615
-199.59
-199.58
-199.682
-199.673
-199.648
-199.613
-199.593
-199.588
-199.585
-199.568
-199.555
-199.551
-199.541
-199.533
-199.529
-199.526
-199.525
-199.517
-199.501
-199.492
-199.485
-199.478
-199.469
-199.424
-199.421
-199.406
-199.406
-199.392
-199.343
-199.33
-199.323
-199.32
-199.313
-199.312
-199.307
-199.287
-199.267
-199.252
-199.249
-199.244
-199.223
-199.221
-199.208
-199.183
-199.177
-199.154
-199.152
-199.118
-199.092
-199.088
-199.041
-199.04
-199.13
-199.1
-199.084
-199.076
-199.072
-199.027
-199.008
-198.998
-198.974
-198.947
-198.929
-198.889
-198.868
-198.863
-198.842
-198.838
-198.833
-198.83
-198.829
-198.829
-198.825
-198.805
-198.802
-198.785
-198.765
-198.758
-198.745
-198.741
-198.728
-198.728
-198.719
-198.687
-198.641
-198.618
-198.611
-198.59
-198.583
-198.554
-198.554
-198.528
-198.492
-198.437
-198.435
-198.415
-198.409
-198.401
-198.389
-198.372
-198.357
-198.342
-198.447
-198.43
-198.424
-198.423
-198.395
-198.387
-198.368
-198.343
-198.318
-198.314
-198.308
-198.301
-198.299
-198.296
-198.289
-198.276
-198.236
-198.227
-198.206
-198.203
-198.171
-198.165
-198.16
-198.132
-198.122
-198.1
-198.094
-198.078
-198.068
-198.053
-198.043
-198.038
-198.033
-198.017
-198.016
-198.013
-198.004
-198
-197.997
-197.991
-197.986
-197.974
-197.97
-197.953
-197.951
-197.948
-197.914
-197.913
-197.906
-197.905
-198.001
-197.982
-197.973
-197.967
-197.958
-197.945
-197.945
-197.94
-197.93
-197.916
-197.907
-197.885
-197.884
-197.874
-197.866
-197.853
-197.84
-197.84
-197.83
-197.829
-197.788
-197.786
-197.776
-197.767
-197.763
-197.761
-197.756
-197.748
-197.742
-197.735
-197.724
-197.72
-197.717
-197.715
-197.713
-197.676
-197.665
-197.656
-197.655
-197.65
-197.647
-197.629
-197.627
-197.624
-197.622
-197.619
-197.602
-197.602
-197.583
-197.579
-197.668
-197.664
-197.651
-197.631
-197.63
-197.623
-197.607
-197.585
-197.58
-197.561
-197.518
-197.508
-197.504
-197.497
-197.471
-197.468
-197.449
-197.439
-197.423
-197.421
-197.407
-197.399
-197.388
-197.388
-197.37
-197.363
-197.362
-197.354
-197.315
-197.312
-197.306
-197.295
-197.292
-197.274
-197.26
-197.259
-197.257
-197.221
-197.212
-197.199
-197.171
-197.166
-197.136
-197.133
-197.124
-197.114
-197.104
-197.094
-197.088
-197.087
-197.168
-197.163
-197.158
-197.125
-197.123
-197.114
-197.108
-197.107
-197.107
-197.104
-197.104
-197.102
-197.1
-197.091
-197.086
-197.064
-197.064
-197.058
-197.053
-197.051
-197.041
-197.038
-197.036
-197.029
-197.018
-197.003
-196.99
-196.985
-196.98
-196.964
-196.956
-196.951
-196.937
-196.915
-196.913
-196.911
-196.91
-196.907
-196.897
-196.896
-196.885
-196.876
-196.868
-196.851
-196.849
-196.843
-196.841
-196.82
-196.802
-196.772
-196.866
-196.849
-196.846
-196.837
-196.834
-196.83
-196.828
-196.784
-196.783
-196.782
-196.777
-196.777
-196.775
-196.755
-196.744
-196.737
-196.736
-196.698
-196.695
-196.691
-196.674
-196.651
-196.646
-196.645
-196.625
-196.6
-196.574
-196.57
-196.568
-196.537
-196.533
-196.518
-196.517
-196.512
-196.512
-196.511
-196.486
-196.482
-196.426
-196.409
-196.403
-196.399
-196.394
-196.381
-196.36
-196.351
-196.332
-196.326
-196.304
-196.284
-196.386
-196.385
-196.383
-196.383
-196.366
-196.358
-196.344
-196.34
-196.326
-196.326
-196.324
-196.32
-196.317
-196.316
-196.301
-196.3
-196.285
-196.261
-196.253
-196.253
-196.252
-196.241
-196.24
-196.234
-196.232
-196.212
-196.208
-196.204
-196.197
-196.193
-196.193
-196.192
-196.192
-196.172
-196.172
-196.17
-196.156
-196.155
-196.152
-196.149
-196.134
-196.132
-196.13
-196.119
-196.117
-196.107
-196.106
-196.095
-196.086
-196.084
-196.184
-196.183
-196.168
-196.162
-196.137
-196.121
-196.109
-196.109
-196.106
-196.09
-196.09
-196.062
-196.058
-196.056
-196.052
-196.043
-196.037
-196.033
-196.029
-196.028
-196.021
-196.011
-195.997
-195.979
-195.976
-195.95
-195.938
-195.935
-195.935
-195.932
-195.917
-195.907
-195.9
-195.887
-195.886
-195.885
-195.869
-195.86
-195.859
-195.857
-195.857
-195.854
-195.849
-195.839
-195.836
-195.833
-195.83
-195.829
-195.816
-195.806
-195.91
-195.906
-195.887
-195.886
-195.885
-195.881
-195.876
-195.869
-195.867
-195.859
-195.858
-195.846
-195.826
-195.808
-195.808
-195.794
-195.785
-195.784
-195.78
-195.767
-195.762
-195.755
-195.749
-195.744
-195.734
-195.727
-195.723
-195.718
-195.716
-195.692
-195.692
-195.676
-195.673
-195.662
-195.638
-195.636
-195.625
-195.62
-195.618
-195.607
-195.587
-195.582
-195.58
-195.578
-195.575
-195.556
-195.555
-195.548
-195.546
-195.534
-195.635
-195.629
-195.622
-195.609
-195.608
-195.603
-195.596
-195.596
-195.588
-195.584
-195.572
-195.57
-195.569
-195.562
-195.546
-195.539
-195.531
-195.526
-195.525
-195.524
-195.506
-195.505
-195.504
-195.503
-195.501
-195.494
-195.491
-195.486
-195.484
-195.482
-195.47
-195.465
-195.464
-195.461
-195.459
-195.45
-195.446
-195.44
-195.432
-195.413
-195.409
-195.401
-195.4
-195.384
-195.365
-195.358
-195.354
-195.35
-195.35
-195.336
-195.423
-195.419
-195.411
-195.408
-195.402
-195.395
-195.386
-195.377
-195.372
-195.344
-195.335
-195.333
-195.33
-195.301
-195.292
-195.289
-195.284
-195.269
-195.268
-195.251
-195.249
-195.249
-195.244
-195.241
-195.234
-195.23
-195.219
-195.217
-195.216
-195.209
-195.209
-195.206
-195.203
-195.2
-195.183
-195.181
-195.181
-195.164
-195.154
-195.146
-195.138
-195.129
-195.117
-195.113
-195.11
-195.102
-195.098
-195.098
-195.096
-195.095
-195.2
-195.188
-195.178
-195.167
-195.159
-195.152
-195.151
-195.137
-195.136
-195.131
-195.126
-195.122
-195.12
-195.114
-195.111
-195.096
-195.094
-195.092
-195.083
-195.074
-195.073
-195.071
-195.068
-195.066
-195.061
-195.059
-195.022
-195.016
-195.013
-195.01
-194.995
-194.985
-194.982
-194.979
-194.976
-194.975
-194.963
-194.961
-194.921
-194.911
-194.909
-194.908
-194.899
-194.899
-194.893
-194.892
-194.891
-194.89
-194.873
-194.872
-194.973
-194.97
-194.964
-194.945
-194.943
-194.935
-194.931
-194.916
-194.904
-194.903
-194.903
-194.899
-194.896
-194.89
-194.887
-194.885
-194.876
-194.876
-194.875
-194.87
-194.865
-194.846
-194.845
-194.84
-194.839
-194.837
-194.832
-194.828
-194.823
-194.795
-194.789
-194.788
-194.786
-194.778
-194.777
-194.768
-194.763
-194.741
-194.738
-194.734
-194.728
-194.726
-194.723
-194.714
-194.702
-194.699
-194.689
-194.679
-194.673
-194.672
-194.764
-194.761
-194.75
-194.74
-194.74
-194.73
-194.724
-194.712
-194.708
-194.704
-194.699
-194.674
-194.664
-194.656
-194.65
-194.646
-194.644
-194.642
-194.635
-194.634
-194.633
-194.632
-194.61
-194.61
-194.6
-194.595
-194.593
-194.591
-194.591
-194.587
-194.584
-194.557
-194.557
-194.555
-194.555
-194.553
-194.546
-194.544
-194.518
-194.514
-194.514
-194.506
-194.498
-194.498
-194.497
-194.481
-194.451
-194.439
-194.436
-194.435
-194.525
-194.513
-194.512
-194.511
-194.51
-194.504
-194.497
-194.495
-194.495
-194.495
-194.491
-194.483
-194.48
-194.473
-194.464
-194.461
-194.459
-194.458
-194.453
-194.443
-194.433
-194.427
-194.425
-194.418
-194.404
-194.393
-194.386
-194.385
-194.38
-194.374
-194.373
-194.371
-194.358
-194.357
-194.352
-194.345
-194.335
-194.322
-194.321
-194.317
-194.316
-194.298
-194.296
-194.284
-194.273
-194.272
-194.251
-194.245
-194.244
-194.241
-194.346
-194.344
-194.334
-194.333
-194.331
-194.321
-194.317
-194.316
-194.304
-194.304
-194.276
-194.275
-194.274
-194.274
-194.27
-194.267
-194.252
-194.251
-194.249
-194.244
-194.212
-194.211
-194.207
-194.207
-194.195
-194.193
-194.193
-194.19
-194.183
-194.179
-194.177
-194.176
-194.176
-194.173
-194.172
-194.161
-194.146
-194.137
-194.133
-194.128
-194.125
-194.105
-194.104
-194.09
-194.082
-194.076
-194.074
-194.063
-194.056
-194.055
-194.152
-194.149
-194.143
-194.137
-194.137
-194.131
-194.126
-194.121
-194.119
-194.116
-194.1
-194.096
-194.096
-194.092
-194.085
-194.08
-194.079
-194.075
-194.068
-194.068
-194.066
-194.065
-194.065
-194.061
-194.059
-194.055
-194.052
-194.05
-194.045
-194.044
-194.041
-194.034
-194.025
-194.024
-194
-193.98
-193.979
-193.976
-193.963
-193.936
-193.931
-193.929
-193.918
-193.915
-193.914
-193.906
-193.9
-193.899
-193.899
-193.889
-193.972
-193.958
-193.953
-193.949
-193.945
-193.941
-193.939
-193.937
-193.936
-193.936
-193.929
-193.928
-193.925
-193.924
-193.923
-193.899
-193.899
-193.866
-193.865
-193.858
-193.856
-193.849
-193.847
-193.845
-193.838
-193.837
-193.831
-193.827
-193.826
-193.823
-193.823
-193.813
-193.812
-193.812
-193.8
-193.799
-193.785
-193.774
-193.773
-193.77
-193.766
-193.757
-193.751
-193.735
-193.713
-193.712
-193.71
-193.704
-193.702
-193.692
-193.797
-193.788
-193.784
-193.784
-193.783
-193.782
-193.776
-193.767
-193.766
-193.761
-193.759
-193.757
-193.75
-193.743
-193.741
-193.736
-193.728
-193.727
-193.719
-193.71
-193.703
-193.694
-193.69
-193.686
-193.662
-193.657
-193.655
-193.64
-193.636
-193.623
-193.621
-193.616
-193.615
-193.607
-193.602
-193.602
-193.598
-193.58
-193.578
-193.577
-193.574
-193.567
-193.556
-193.555
-193.553
-193.548
-193.546
-193.542
-193.538
-193.537
-193.637
-193.635
-193.635
-193.633
-193.627
-193.625
-193.61
-193.602
-193.596
-193.59
-193.588
-193.584
-193.579
-193.576
-193.554
-193.553
-193.546
-193.546
-193.54
-193.536
-193.535
-193.524
-193.523
-193.517
-193.506
-193.501
-193.498
-193.492
-193.491
-193.487
-193.481
-193.478
-193.469
-193.453
-193.448
-193.443
-193.443
-193.441
-193.418
-193.416
-193.403
-193.4
-193.396
-193.396
-193.389
-193.387
-193.383
-193.379
-193.376
-193.369
-193.471
-193.457
-193.456
-193.455
-193.453
-193.452
-193.445
-193.444
-193.432
-193.423
-193.42
-193.413
-193.408
-193.402
-193.402
-193.401
-193.399
-193.394
-193.385
-193.373
-193.368
-193.367
-193.364
-193.363
-193.362
-193.352
-193.351
-193.348
-193.348
-193.344
-193.341
-193.34
-193.336
-193.329
-193.329
-193.323
-193.317
-193.314
-193.313
-193.313
-193.301
-193.298
-193.289
-193.287
-193.283
-193.278
-193.276
-193.27
-193.269
-193.263
-193.364
-193.363
-193.36
-193.359
-193.359
-193.358
-193.357
-193.356
-193.355
-193.354
-193.354
-193.348
-193.346
-193.344
-193.339
-193.329
-193.311
-193.307
-193.304
-193.304
-193.303
-193.296
-193.29
-193.285
-193.282
-193.275
-193.272
-193.263
-193.259
-193.257
-193.255
-193.254
-193.252
-193.249
-193.242
-193.232
-193.218
-193.218
-193.218
-193.217
-193.214
-193.212
-193.211
-193.189
-193.186
-193.185
-193.182
-193.18
-193.177
-193.174
-193.277
-193.275
-193.272
-193.264
-193.253
-193.242
-193.23
-193.229
-193.219
-193.215
-193.215
-193.214
-193.213
-193.206
-193.206
-193.205
-193.202
-193.198
-193.197
-193.195
-193.194
-193.182
-193.179
-193.177
-193.171
-193.159
-193.159
-193.157
-193.155
-193.15
-193.141
-193.14
-193.137
-193.135
-193.132
-193.131
-193.118
-193.105
-193.099
-193.098
-193.094
-193.086
-193.072
-193.055
-193.049
-193.043
-193.041
-193.039
-193.031
-193.029
-193.134
-193.128
-193.119
-193.115
-193.114
-193.105
-193.101
-193.1
-193.099
-193.089
-193.087
-193.087
-193.079
-193.078
-193.075
-193.071
-193.071
-193.063
-193.062
-193.061
-193.057
-193.056
-193.043
-193.043
-193.034
-193.033
-193.029
-193.027
-193.025
-193.024
-193.022
-193.02
-193.019
-193.014
-193.009
-193.001
-193
-192.992
-192.991
-192.987
-192.985
-192.985
-192.973
-192.972
-192.97
-192.969
-192.966
-192.964
-192.961
-192.958
-193.059
-193.054
-193.049
-193.045
-193.042
-193.041
-193.035
-193.032
-193.013
-192.987
-192.986
-192.979
-192.977
-192.976
-192.97
-192.966
-192.958
-192.953
-192.949
-192.949
-192.948
-192.947
-192.935
-192.933
-192.932
-192.927
-192.925
-192.925
-192.924
-192.919
-192.915
-192.91
-192.907
-192.898
-192.897
-192.888
-192.888
-192.885
-192.881
-192.879
-192.878
-192.877
-192.875
-192.872
-192.872
-192.863
-192.854
-192.853
-192.852
-192.846
-192.948
-192.944
-192.94
-192.939
-192.938
-192.937
-192.935
-192.932
-192.931
-192.93
-192.93
-192.922
-192.922
-192.917
-192.912
-192.912
-192.89
-192.883
-192.882
-192.881
-192.881
-192.879
-192.875
-192.875
-192.875
-192.866
-192.859
-192.859
-192.858
-192.851
-192.84
-192.837
-192.837
-192.836
-192.827
-192.827
-192.823
-192.819
-192.813
-192.812
-192.812
-192.807
-192.792
-192.785
-192.783
-192.78
-192.773
-192.772
-192.768
-192.766
-192.858
-192.856
-192.855
-192.847
-192.839
-192.835
-192.832
-192.831
-192.829
-192.827
-192.826
-192.823
-192.822
-192.817
-192.814
-192.806
-192.806
-192.805
-192.804
-192.801
-192.799
-192.797
-192.795
-192.787
-192.781
-192.772
-192.771
-192.771
-192.77
-192.768
-192.757
-192.74
-192.74
-192.739
-192.728
-192.728
-192.723
-192.717
-192.71
-192.704
-192.7
-192.698
-192.697
-192.695
-192.684
-192.68
-192.68
-192.68
-192.678
-192.676
-192.78
-192.775
-192.758
-192.757
-192.752
-192.742
-192.734
-192.733
-192.733
-192.732
-192.73
-192.729
-192.728
-192.725
-192.721
-192.72
-192.717
-192.716
-192.713
-192.693
-192.688
-192.687
-192.687
-192.685
-192.681
-192.678
-192.675
-192.671
-192.671
-192.67
-192.668
-192.661
-192.654
-192.651
-192.651
-192.647
-192.637
-192.636
-192.63
-192.625
-192.624
-192.623
-192.619
-192.618
-192.613
-192.61
-192.6
-192.597
-192.596
-192.594
-192.698
-192.693
-192.69
-192.685
-192.682
-192.682
-192.68
-192.678
-192.675
-192.674
-192.673
-192.672
-192.672
-192.669
-192.667
-192.66
-192.659
-192.655
-192.655
-192.649
-192.646
-192.645
-192.641
-192.64
-192.639
-192.638
-192.638
-192.63
-192.627
-192.623
-192.621
-192.615
-192.608
-192.608
-192.603
-192.596
-192.595
-192.588
-192.581
-192.575
-192.572
-192.568
-192.566
-192.563
-192.547
-192.545
-192.542
-192.541
-192.532
-192.529
-192.622
-192.619
-192.615
-192.612
-192.61
-192.606
-192.601
-192.6
-192.596
-192.594
-192.593
-192.589
-192.585
-192.582
-192.576
-192.574
-192.573
-192.567
-192.563
-192.559
-192.554
-192.553
-192.55
-192.547
-192.542
-192.537
-192.537
-192.527
-192.524
-192.524
-192.521
-192.515
-192.511
-192.508
-192.507
-192.505
-192.503
-192.5
-192.494
-192.493
-192.492
-192.491
-192.489
-192.488
-192.485
-192.482
-192.48
-192.48
-192.475
-192.475
-192.577
-192.576
-192.572
-192.561
-192.56
-192.559
-192.555
-192.553
-192.551
-192.55
-192.547
-192.541
-192.529
-192.523
-192.522
-192.509
-192.508
-192.5
-192.497
-192.497
-192.495
-192.493
-192.484
-192.482
-192.481
-192.48
-192.476
-192.471
-192.471
-192.468
-192.466
-192.465
-192.46
-192.457
-192.455
-192.453
-192.445
-192.444
-192.441
-192.44
-192.431
-192.423
-192.417
-192.412
-192.411
-192.405
-192.394
-192.388
-192.387
-192.379
-192.48
-192.473
-192.473
-192.473
-192.472
-192.468
-192.467
-192.467
-192.464
-192.458
-192.452
-192.448
-192.448
-192.445
-192.442
-192.44
-192.438
-192.438
-192.434
-192.433
-192.432
-192.431
-192.426
-192.419
-192.417
-192.415
-192.411
-192.409
-192.408
-192.401
-192.4
-192.399
-192.397
-192.394
-192.392
-192.389
-192.38
-192.375
-192.372
-192.371
-192.362
-192.357
-192.354
-192.349
-192.347
-192.343
-192.34
-192.34
-192.338
-192.333
-192.433
-192.43
-192.427
-192.426
-192.425
-192.423
-192.421
-192.421
-192.396
-192.395
-192.393
-192.388
-192.38
-192.377
-192.373
-192.371
-192.37
-192.366
-192.363
-192.362
-192.356
-192.353
-192.353
-192.347
-192.345
-192.343
-192.343
-192.341
-192.34
-192.338
-192.338
-192.335
-192.331
-192.321
-192.32
-192.312
-192.309
-192.299
-192.291
-192.291
-192.279
-192.278
-192.272
-192.267
-192.267
-192.264
-192.257
-192.255
-192.253
-192.252
-192.355
-192.35
-192.348
-192.347
-192.346
-192.344
-192.343
-192.341
-192.337
-192.332
-192.325
-192.324
-192.318
-192.312
-192.308
-192.301
-192.296
-192.294
-192.286
-192.283
-192.281
-192.27
-192.27
-192.269
-192.269
-192.269
-192.267
-192.265
-192.257
-192.257
-192.25
-192.244
-192.243
-192.237
-192.236
-192.235
-192.235
-192.233
-192.232
-192.232
-192.231
-192.23
-192.225
-192.222
-192.222
-192.217
-192.214
-192.208
-192.205
-192.203
-192.308
-192.306
-192.304
-192.304
-192.303
-192.301
-192.298
-192.294
-192.284
-192.282
-192.282
-192.28
-192.275
-192.268
-192.266
-192.265
-192.265
-192.264
-192.264
-192.258
-192.254
-192.253
-192.247
-192.245
-192.243
-192.24
-192.238
-192.235
-192.232
-192.218
-192.218
-192.218
-192.209
-192.208
-192.206
-192.203
-192.196
-192.194
-192.192
-192.179
-192.175
-192.174
-192.174
-192.17
-192.166
-192.164
-192.163
-192.158
-192.157
-192.156
-192.26
-192.259
-192.257
-192.256
-192.243
-192.242
-192.24
-192.24
-192.24
-192.239
-192.237
-192.233
-192.233
-192.231
-192.222
-192.221
-192.22
-192.22
-192.211
-192.201
-192.197
-192.197
-192.193
-192.192
-192.191
-192.189
-192.183
-192.178
-192.175
-192.174
-192.173
-192.17
-192.168
-192.165
-192.156
-192.153
-192.146
-192.145
-192.144
-192.134
-192.134
-192.133
-192.133
-192.132
-192.132
-192.129
-192.126
-192.126
-192.12
-192.118
-192.222
-192.22
-192.218
-192.216
-192.212
-192.211
-192.211
-192.211
-192.208
-192.202
-192.196
-192.193
-192.192
-192.191
-192.187
-192.177
-192.173
-192.171
-192.163
-192.162
-192.161
-192.157
-192.155
-192.136
-192.136
-192.132
-192.132
-192.132
-192.114
-192.11
-192.106
-192.102
-192.1
-192.099
-192.092
-192.09
-192.076
-192.075
-192.067
-192.063
-192.062
-192.061
-192.059
-192.057
-192.048
-192.043
-192.037
-192.034
-192.033
-192.029
-192.129
-192.126
-192.121
-192.117
-192.115
-192.109
-192.108
-192.107
-192.104
-192.103
-192.103
-192.101
-192.099
-192.094
-192.083
-192.083
-192.082
-192.081
-192.071
-192.069
-192.063
-192.057
-192.054
-192.052
-192.05
-192.049
-192.046
-192.046
-192.046
-192.043
-192.04
-192.038
-192.037
-192.036
-192.034
-192.032
-192.032
-192.03
-192.029
-192.028
-192.025
-192.022
-192.015
-192.013
-192.012
-192.009
-192.008
-192.006
-192.003
-192.002
-192.105
-192.1
-192.097
-192.088
-192.086
-192.084
-192.082
-192.079
-192.079
-192.078
-192.075
-192.067
-192.062
-192.058
-192.058
-192.058
-192.055
-192.051
-192.048
-192.044
-192.044
-192.044
-192.042
-192.042
-192.04
-192.04
-192.04
-192.037
-192.036
-192.035
-192.034
-192.025
-192.025
-192.023
-192.023
-192.016
-192.013
-192.008
-192.007
-191.996
-191.994
-191.988
-191.985
-191.981
-191.979
-191.976
-191.974
-191.971
-191.969
-191.964
-192.068
-192.066
-192.066
-192.061
-192.058
-192.054
-192.049
-192.048
-192.046
-192.045
-192.036
-192.036
-192.03
-192.023
-192.022
-192.018
-192.016
-192.016
-192.011
-192.01
-192.005
-192.005
-192.004
-192.004
-192.003
-192.002
-192.002
-191.999
-191.994
-191.991
-191.991
-191.99
-191.986
-191.986
-191.985
-191.984
-191.982
-191.976
-191.97
-191.967
-191.963
-191.958
-191.957
-191.954
-191.951
-191.951
-191.949
-191.945
-191.945
-191.941
-192.045
-192.045
-192.043
-192.042
-192.041
-192.04
-192.039
-192.038
-192.038
-192.029
-192.026
-192.026
-192.02
-192.019
-192.013
-192.011
-192.009
-192.008
-191.994
-191.993
-191.991
-191.991
-191.987
-191.983
-191.976
-191.976
-191.974
-191.974
-191.966
-191.964
-191.959
-191.953
-191.952
-191.945
-191.943
-191.938
-191.936
-191.933
-191.932
-191.93
-191.928
-191.927
-191.926
-191.92
-191.919
-191.918
-191.913
-191.909
-191.905
-191.903
-192.008
-192.007
-192.007
-192.005
-192.001
-191.988
-191.986
-191.986
-191.985
-191.983
-191.981
-191.978
-191.975
-191.975
-191.973
-191.973
-191.973
-191.972
-191.97
-191.969
-191.963
-191.963
-191.962
-191.961
-191.958
-191.958
-191.957
-191.957
-191.953
-191.95
-191.95
-191.949
-191.946
-191.944
-191.943
-191.942
-191.935
-191.933
-191.918
-191.914
-191.913
-191.899
-191.896
-191.893
-191.892
-191.889
-191.888
-191.887
-191.885
-191.884
-191.987
-191.986
-191.985
-191.984
-191.967
-191.964
-191.964
-191.955
-191.952
-191.946
-191.946
-191.945
-191.945
-191.942
-191.941
-191.936
-191.935
-191.935
-191.932
-191.928
-191.926
-191.923
-191.916
-191.915
-191.91
-191.906
-191.905
-191.905
-191.9
-191.899
-191.897
-191.895
-191.887
-191.884
-191.879
-191.877
-191.873
-191.872
-191.868
-191.859
-191.859
-191.858
-191.855
-191.855
-191.854
-191.85
-191.85
-191.849
-191.842
-191.841
-191.946
-191.943
-191.941
-191.935
-191.935
-191.931
-191.93
-191.929
-191.926
-191.926
-191.922
-191.921
-191.921
-191.916
-191.915
-191.914
-191.911
-191.911
-191.911
-191.908
-191.907
-191.906
-191.905
-191.904
-191.904
-191.902
-191.899
-191.898
-191.895
-191.894
-191.894
-191.893
-191.886
-191.886
-191.885
-191.883
-191.882
-191.88
-191.876
-191.875
-191.871
-191.869
-191.868
-191.853
-191.852
-191.852
-191.851
-191.845
-191.841
-191.836
-191.941
-191.94
-191.935
-191.93
-191.926
-191.923
-191.921
-191.914
-191.912
-191.91
-191.906
-191.906
-191.905
-191.904
-191.903
-191.899
-191.896
-191.895
-191.894
-191.892
-191.892
-191.89
-191.889
-191.888
-191.885
-191.884
-191.883
-191.877
-191.874
-191.873
-191.871
-191.871
-191.87
-191.863
-191.863
-191.862
-191.862
-191.859
-191.855
-191.85
-191.848
-191.847
-191.846
-191.846
-191.845
-191.838
-191.837
-191.832
-191.83
-191.827
-191.929
-191.928
-191.925
-191.924
-191.922
-191.92
-191.917
-191.917
-191.916
-191.916
-191.916
-191.912
-191.905
-191.904
-191.904
-191.902
-191.892
-191.891
-191.89
-191.886
-191.88
-191.878
-191.877
-191.871
-191.868
-191.866
-191.866
-191.861
-191.857
-191.856
-191.854
-191.851
-191.849
-191.847
-191.843
-191.838
-191.836
-191.834
-191.833
-191.83
-191.829
-191.823
-191.821
-191.82
-191.82
-191.819
-191.815
-191.815
-191.812
-191.81
-191.809
-191.805
-191.797
-191.795
-191.795
-191.793
-191.792
-191.791
-191.787
-191.786
-191.786
-191.785
-191.784
-191.781
-191.775
-191.774
-191.773
-191.768
-191.764
-191.763
-191.762
-191.762
-191.761
-191.761
-191.759
-191.758
-191.757
-191.757
-191.754
-191.75
-191.747
-191.747
-191.743
-191.741
-191.733
-191.732
-191.729
-191.726
-191.724
-191.722
-191.717
-191.717
-191.716
-191.712
-191.71
-191.709
-191.709
-191.709
-191.705
-191.702
-191.701
-191.699
-191.698
-191.686
-191.685
-191.683
-191.68
-191.674
-191.669
-191.668
-191.659
-191.658
-191.657
-191.656
-191.653
-191.652
-191.648
-191.647
-191.647
-191.644
-191.644
-191.641
-191.637
-191.636
-191.636
-191.636
-191.633
-191.632
-191.629
-191.628
-191.626
-191.625
-191.617
-191.611
-191.604
-191.603
-191.597
-191.595
-191.591
-191.588
-191.588
-191.586
-191.582
-191.574
-191.573
-191.573
-191.572
-191.57
-191.567
-191.564
-191.556
-191.555
-191.551
-191.548
-191.548
-191.546
-191.546
-191.543
-191.535
-191.527
-191.526
-191.525
-191.523
-191.523
-191.521
-191.516
-191.51
-191.509
-191.502
-191.489
-191.486
-191.472
-191.469
-191.466
-191.463
-191.461
-191.461
-191.458
-191.452
-191.442
-191.433
-191.432
-191.431
-191.429
-191.428
-191.427
-191.427
-191.426
-191.421
-191.409
-191.403
-191.402
-191.393
-191.393
-191.388
-191.387
-191.384
-191.38
-191.373
-191.37
-191.366
-191.359
-191.357
-191.357
-191.355
-191.353
-191.339
-191.337
-191.332
-191.327
-191.318
-191.314
-191.311
-191.309
-191.309
-191.305
-191.303
-191.3
-191.294
-191.294
-191.294
-191.294
-191.294
-191.289
-191.284
-191.28
-191.27
-191.269
-191.264
-191.255
-191.251
-191.245
-191.238
-191.237
-191.237
-191.237
-191.235
-191.234
-191.229
-191.227
-191.223
-191.219
-191.217
-191.214
-191.203
-191.198
-191.183
-191.183
-191.172
-191.168
-191.167
-191.158
-191.155
-191.152
-191.152
-191.145
-191.141
-191.137
-191.13
-191.118
-191.114
-191.111
-191.109
-191.109
-191.101
-191.093
-191.087
-191.086
-191.085
-191.082
-191.078
-191.076
-191.071
-191.069
-191.067
-191.067
-191.066
-191.057
-191.055
-191.054
-191.032
-191.025
-191.019
-191.018
-191.018
-191.014
-191.011
-191.004
-190.998
-190.995
-190.994
-190.993
-190.988
-190.982
-190.978
-190.965
-190.955
-190.945
-190.936
-190.932
-190.928
-190.925
-190.924
-190.92
-190.916
-190.915
-190.909
-190.897
-190.896
-190.891
-190.887
-190.886
-190.886
-190.874
-190.873
-190.869
-190.855
-190.852
-190.85
-190.847
-190.845
-190.843
-190.838
-190.837
-190.83
-190.827
-190.825
-190.825
-190.825
-190.813
-190.813
-190.795
-190.792
-190.786
-190.765
-190.751
-190.751
-190.749
-190.736
-190.733
-190.733
-190.722
-190.721
-190.721
-190.72
-190.705
-190.693
-190.688
-190.687
-190.685
-190.685
-190.672
-190.654
-190.65
-190.64
-190.634
-190.624
-190.621
-190.619
-190.619
-190.608
-190.604
-190.592
-190.589
-190.585
-190.583
-190.568
-190.561
-190.554
-190.548
-190.546
-190.54
-190.539
-190.531
-190.529
-190.52
-190.517
-190.513
-190.5
-190.491
-190.488
-190.485
-190.484
-190.479
-190.479
-190.465
-190.456
-190.451
-190.444
-190.433
-190.429
-190.414
-190.402
-190.388
-190.386
-190.38
-190.373
-190.359
-190.356
-190.355
-190.35
-190.323
-190.321
-190.308
-190.305
-190.296
-190.295
-190.294
-190.269
-190.265
-190.263
-190.26
-190.25
-190.243
-190.241
-190.203
-190.202
-190.201
-190.197
-190.19
-190.19
-190.173
-190.171
-190.161
-190.139
-190.125
-190.093
-190.09
-190.065
-190.059
-190.049
-190.047
-190.026
-190.021
-190.02
-190.018
-190.003
-190.002
-189.999
-189.995
-189.976
-189.973
-189.948
-189.945
-189.944
-189.941
-189.937
-189.922
-189.921
-189.908
-189.901
-189.892
-189.858
-189.84
-189.833
-189.812
-189.789
-189.784
-189.753
-189.741
-189.686
-189.662
-189.622
-189.614
-189.604
-189.583
-189.566
-189.556
-189.545
-189.532
-189.529
-189.478
-189.478
-189.397
-189.374
-189.36
-189.337
-189.304
-189.251
-189.2
-189.155
-189.112
-189.085
-189.001
-188.971
-188.957
-188.874
-188.872
-188.816
-188.761
-188.756
-188.603
-188.521
-188.143
-188.075
-188.034
-188.025
-187.982
-187.559
-187.411
