0.00137747 6.5259e-05 0.000113145 0.3026 0.000800217 1.70002 0.00415597 2.36302 0.0609672 0.0253909 2.71368 239.28 0.0348905 0.000648619 1.87737 13.2174 3.08478 3.07203 
0.0172365 0.00854942 6.14521 0.00797295 0.501985 280.277 0.384818 1.33571 0.026286 0.0159516 2.12766 34.8047 1.16495e-05 0.0408792 1.24266 31.9961 2.10864 1.5891 
0.000447063 7.60108 1.1429 0.126701 0.0154984 2044.6 0.000281795 0.581025 0.299488 0.559901 0.250413 183.796 0.379627 0.0997723 1.80301 8.7218 2.50038 4.06443 
5.12783e-05 0.910783 0.000741465 0.00199019 0.000152022 1.99454 0.0193431 3.40364 0.283858 0.410851 1.29589 279.478 0.000468729 0.016579 3.12596 15.7488 1.57545 7.32975 
0.0107456 0.00263516 0.00280036 0.00386918 0.00217576 0.151097 0.00329442 1.05739 0.565839 0.663502 0.157748 140.103 0.000129212 8.81261e-05 7.54932 9.76686 1.69801 2.24502 
0.0205163 5.81458 1.92314e-05 0.0563714 0.000347589 3.37655 7.01878 1.58336 0.0392469 0.04798 8.09067 106.359 0.00608326 0.000407801 4.88729 48.3514 2.35344 1.70645 
0.000884546 3.42634 1.23024 0.00172783 0.421122 7.92519 3.58076e-05 4.46447 0.116212 21.9327 7.36015 66.8227 0.0156057 0.00099149 0.855528 39.9613 3.7658 4.07413 
0.00477437 0.00083302 2.69523 0.318447 0.00396496 0.0386159 2.35841e-05 0.236802 0.274178 4.20143 0.0456318 244.62 1.06502 0.00276026 1.79018 28.6875 5.10599 0.64497 
0.000376412 3.49222 0.227123 2.12249 0.158449 0.0156209 0.00370491 0.21368 0.0859743 4.80091 0.230744 356.366 0.00188596 0.260354 2.03363 31.4497 3.19909 0.282668 
0.587665 0.191093 2.16939 7.10671e-05 4.85111 337.683 0.00140718 0.264712 0.290572 0.0207475 0.0141107 106.387 0.00492033 0.305798 5.25769 13.0563 2.00107 3.46714 
3.68052 1.68043e-05 1.66307e-05 0.00116473 0.000827365 14.3141 0.0930952 2.30602 0.0408804 10.8499 4.34912 183.11 0.00183137 0.00074689 2.51124 20.8752 2.46752 6.31189 
9.35064e-05 0.00135047 0.0402571 0.000975103 5.20643 0.294464 1.78179e-05 3.47566 0.808844 0.018157 0.00141937 235.993 0.349353 0.0163486 5.90273 27.2972 1.68873 3.75707 
0.00117258 0.0895779 0.000137267 0.00902321 0.0387364 5.12528 0.000737544 1.111 0.253155 142.752 2.36511 251.429 0.0271775 0.0079336 0.747372 21.4774 2.15347 1.68347 
0.00272416 0.503261 0.00296571 0.157057 0.00379397 550.788 4.2358 0.291102 0.000727552 0.673932 0.0319401 0.207494 8.9587 0.00918458 1.43351 22.0036 2.42337 8.28001 
0.854 0.000190484 0.343157 1.74401 0.00012103 0.464201 8.35382e-05 1.18586 0.797634 0.098193 0.000638817 156.912 2.96022e-05 0.00349765 5.03631 11.1081 2.18677 8.8499 
0.0106012 0.121532 0.146448 0.695381 0.000283912 1099.93 0.000891177 0.0834537 0.0755075 0.168609 0.131478 453.894 0.000200123 0.495629 9.27907 2.7599 0.998242 9.81135 
0.000194325 0.0136034 0.000473285 0.000128654 3.32081e-05 36.2116 1.01404e-05 0.468296 0.0100669 0.0220014 0.388194 183.399 0.000908943 0.0301171 2.61546 45.3244 0.840725 4.92352 
2.11669e-05 0.137982 2.42807 0.000325567 6.98174e-05 87.7101 3.44056 0.0221229 0.518913 59.2447 2.39285 56.5149 3.65874 0.0326359 7.55691 37.8622 4.48439 7.14255 
0.00149815 0.00784491 0.152039 0.00170313 0.0116064 6.91946 0.0548108 1.1334 0.202245 10.2401 2.93235 302.947 0.262524 0.000409582 5.94167 14.6049 0.766014 1.85675 
1.0906e-05 0.000523775 4.67009e-05 0.37342 0.000689977 0.937697 0.564822 3.19022 0.317309 15.6392 1.27778 325.915 0.00915837 0.000169645 3.24071 35.1294 3.04286 0.7204 
1.31794 0.125421 1.22417 9.86489e-05 0.000396282 9.86213 1.52617 0.406822 0.205819 0.278082 0.0701383 267.8 0.00337079 0.000195652 1.83312 30.4779 0.903959 1.84807 
0.00341945 0.0114251 0.0114328 0.00513764 1.85856e-05 0.517612 0.0019388 5.1356 0.466893 15.2636 2.23431 469.997 2.12971 8.25135e-05 1.22374 33.8105 6.9049 4.42984 
0.0294148 3.07205 0.0626514 0.00656382 0.000164899 0.979763 0.131654 0.0499296 0.5362 212.007 3.88194 38.3856 0.0430656 0.0037883 2.49373 30.9144 3.397 8.50365 
0.0484456 6.89407e-05 0.404647 0.000338332 0.000289024 0.050092 0.0234714 4.31371e-05 0.099217 2.50346 0.0583627 2.50555 5.8006 0.000255227 0.778057 45.6959 3.02742 8.76926 
0.0158835 0.0176989 0.0208941 0.0292952 0.00385348 73.2575 8.4122e-05 5.76237 0.726813 0.918003 0.00961887 136.646 0.399023 7.642e-05 6.3962 30.9572 0.627203 5.11233 
0.512546 1.16965 0.415071 1.20621e-05 0.0144251 416.599 0.221503 1.09491 0.0494963 0.0917645 6.15898 317.671 0.000222704 0.0194873 1.05347 5.10988 7.89469 8.08256 
0.00190818 0.0716674 0.000243534 0.904256 0.00571141 0.246523 0.00011884 6.04769 0.299719 1.55004 5.23318 220.812 0.0316925 0.0046701 4.51791 11.5146 1.83929 3.55337 
0.00286762 0.00502471 1.40546e-05 0.00029036 0.0146915 38.078 2.88338 0.738676 0.247026 10.157 7.33748 447.175 1.26413e-05 0.00443742 2.40251 16.8748 1.28579 0.770951 
6.92339e-05 0.0477969 0.0218606 0.0547764 4.70425 0.0157597 0.0354355 0.513696 0.0694546 0.176882 0.808544 172.544 0.229353 0.00189631 1.57524 3.96568 3.27712 6.69652 
0.390634 0.00026977 0.00105664 4.89788e-05 0.0916577 611.781 0.00184635 0.532375 0.143557 1.75349 0.137116 287.816 0.584415 0.000283466 2.90179 18.3101 1.92476 1.31567 
0.28559 0.000102203 5.81528e-05 0.677765 0.284076 0.520157 0.0265646 4.62321 0.316463 5.21447 1.6196 447.029 0.969417 0.00340753 0.973373 23.4961 5.54115 4.1534 
0.00123885 3.23676 4.17622e-05 0.0658952 0.0242955 0.0974273 0.00985435 5.12662 0.0994974 0.014234 0.0614966 91.5895 0.0103695 0.000104736 1.28171 18.6967 3.08484 8.81843 
2.0003 1.47103 0.000812687 1.91897 0.000195236 392.528 0.000140355 1.75105 0.102757 5.35522 0.564074 191.643 2.67082 0.000105627 8.28497 39.3835 0.946813 1.47486 
9.01032 1.80627 0.00630724 0.000884269 0.0818355 0.0657054 5.88361e-05 1.16343 0.0450677 1.85863 0.128789 444.253 0.00193165 0.000151795 0.899327 16.4231 2.93605 3.58408 
0.000320581 7.50359e-05 0.208408 0.00413682 0.00035979 2.44054 0.000108616 4.5577 0.0230386 0.624854 0.413351 141.091 0.000826624 0.000174009 1.32758 29.1811 0.944142 8.86314 
0.437793 0.00284915 0.262687 0.00245588 0.0381799 27.8092 0.00528107 4.1863 0.0704894 0.317894 1.852 178.765 0.000797952 0.0756836 2.32318 36.2193 1.28272 1.55015 
0.00382201 5.80099 0.000110901 6.08395e-05 0.0128725 4.046 0.249007 5.62771 0.305841 0.177123 0.325412 141.372 0.0312231 0.0214684 8.01834 20.7707 2.32519 9.30466 
1.4812e-05 0.000221065 0.0054991 1.67532 0.85378 0.0298584 0.000721009 0.455662 0.120544 0.0638603 0.166503 93.7616 0.541367 0.00937971 1.90494 15.3087 5.06874 8.68538 
0.231237 0.033075 0.163606 5.48337 4.71151e-05 0.0877481 0.00172605 0.122098 0.00578661 1.02935 0.0863274 92.2364 0.0224926 0.0361224 1.13981 17.0312 1.48802 2.98521 
0.00259255 0.00695095 0.018811 1.08657 0.219086 184.044 1.64935e-05 6.07104 0.059315 0.098574 1.14869 102.345 1.47709e-05 1.30003e-05 5.09774 40.3836 2.16121 2.73353 
5.34118e-05 9.75454 0.0011136 0.115711 1.10979e-05 1033.98 0.0287659 0.82046 0.11314 0.185124 0.290934 285.954 0.0157894 0.000216133 3.29814 12.6155 1.44807 1.40974 
1.67925e-05 0.000118072 0.132911 0.387679 0.375166 0.692982 0.00217521 3.21592 0.0634159 0.728193 0.124734 464.588 1.43781e-05 0.862734 6.36863 16.1904 2.12217 1.07267 
3.31767 0.0905833 9.25846 0.00873935 0.565537 20.8747 7.49282e-05 0.128911 0.0144686 0.0151221 3.76463 477.99 0.0191947 0.000296274 1.054 5.6027 2.4017 8.66826 
2.96485e-05 0.00130118 1.77153 0.646705 6.5746 9.85602 0.000428297 1.89814 0.283002 0.462377 0.0193817 373.601 0.00696693 0.00131179 1.72828 24.0482 2.49089 0.660824 
7.18993e-05 0.0530767 0.24108 0.323145 0.00204522 0.302292 2.91899e-05 1.99698 0.0404208 0.822082 1.7894 450.309 4.3239e-05 0.000104406 1.48586 28.6007 2.04473 1.33266 
0.0519631 0.000796659 0.00730624 1.18738e-05 7.4142 161.562 0.00039133 2.99026 0.99753 0.75712 0.060208 352.471 0.08001 0.000383445 1.43236 6.18509 5.75971 5.56125 
0.00295991 7.19042 1.39062 0.039802 0.0010605 10.2088 3.05675e-05 5.93429 0.533278 2.20728 0.28685 498.682 1.23264e-05 0.0302285 3.84761 18.5452 3.15165 2.56976 
3.16458e-05 5.20389e-05 0.0233766 0.00026675 0.130835 23.401 1.00243e-05 0.2065 0.114606 1.73332 0.0475904 100.756 1.18869e-05 0.00247194 0.638165 14.2195 2.56136 6.01441 
1.6084 0.049207 0.000249658 0.0684925 0.000998536 0.472846 2.56391 2.09489 0.0079684 0.0105894 4.64116 47.7859 0.0131865 0.0667028 0.986637 37.99 5.133 4.86629 
1.35555e-05 0.000411009 0.0864559 0.00111848 0.111715 8.83296 0.00273533 0.604118 0.00707269 0.0120654 8.06531 35.6443 0.000754997 6.39908e-05 0.662768 19.7563 1.40272 8.92674 
0.313248 0.000281198 0.000576919 1.87469 3.16902 0.771974 0.0064246 0.375521 0.265985 0.0478986 0.0326664 58.3947 0.00141646 0.00857627 6.57942 21.4919 1.08373 4.49727 
3.43116 0.548842 0.0110647 2.67574 0.00245353 0.0108697 8.13121e-05 1.5118 0.152122 0.398358 0.542109 32.1549 0.0061298 0.0958206 7.36154 43.6354 1.90308 9.68286 
0.0033112 0.0039978 0.983605 2.78432 8.93977 0.372223 0.000129202 4.22229 0.0102208 0.663033 8.75715 131.312 0.00858397 2.422e-05 2.25853 20.5521 0.800377 8.74152 
0.685989 0.000188727 4.48667 0.00349258 2.64187 5.27705 0.0113724 3.75065 0.0109817 0.0118904 5.31992 325.05 8.40143e-05 7.72371e-05 1.35689 19.9972 0.745367 2.07365 
0.0522605 0.10759 0.0204992 0.01426 0.0137326 7.7573 0.0220657 5.62908 0.277026 0.072697 0.290986 441.485 1.34929e-05 0.000214598 2.30012 5.86573 1.31848 5.97287 
1.45453 0.00839376 0.00273933 0.0162999 0.0250166 666.4 1.08498e-05 2.32887 0.0031684 0.0736301 1.50732 187.796 0.0059248 0.0108854 0.749073 20.1523 1.10514 4.40253 
3.84795e-05 0.00676666 0.0168601 0.0304208 0.00012767 8.08484 0.00333537 5.16025 0.0305011 0.0275118 1.62693 483.825 0.000267185 3.53152e-05 1.62188 17.4713 2.11465 4.04239 
1.05735 6.90947 0.000262652 0.385931 1.1378e-05 20.941 0.786156 0.63759 0.120977 40.8276 2.87059 109.192 2.03041 0.000224967 4.62939 14.5483 0.889359 5.17269 
0.00599281 0.000831732 0.00382188 0.0651058 0.793031 13.3365 4.1728e-05 2.17631 0.866584 3.62056 0.0830315 410.968 2.41099 0.00174314 0.739235 8.74995 5.0868 8.97282 
1.2221e-05 0.00168848 0.00408574 0.0339056 0.000108758 631.309 0.000436541 0.57564 0.0451787 2.64688 0.388212 284.693 4.59568 0.000145384 3.91561 8.2878 1.6753 5.19836 
3.31455e-05 0.000891385 0.0190625 0.00010554 0.0020541 3.06826 0.0988642 1.05785 0.549123 3.48613 0.111753 187.055 0.0164298 0.00230284 2.43201 23.6682 1.17416 1.63847 
0.00591287 0.140696 0.0338743 0.000373285 0.00474699 2.84512 3.30585e-05 0.781364 0.0352332 4.19888 6.17543 497.383 1.66403 0.000167397 2.11731 4.27 2.12318 4.94391 
1.35334e-05 0.00743105 0.00142002 3.55582e-05 0.000917064 157.226 0.0644838 3.34645 0.00503851 0.0346804 7.79338 158.171 0.00022009 0.00226831 6.76255 35.1367 1.13355 5.77824 
4.16978e-05 1.34674 0.000291992 0.0167446 0.0623917 820.535 0.000358316 2.30143 0.0090564 0.0197845 5.85646 390.153 5.71195e-05 0.00840024 2.2306 26.2099 1.01891 0.896122 
0.0407103 0.0101389 0.000118152 2.27068e-05 0.271278 0.532922 0.00134565 0.113237 0.0608068 1.51191 0.696279 135.84 0.0122819 6.3727e-05 1.78632 40.0621 3.02281 0.796907 
6.95689 0.000509796 0.000158176 3.34587e-05 0.000279124 11.4743 2.40719 0.0760283 0.0295554 10.2525 0.541907 73.0745 3.12393e-05 0.00654766 0.639835 40.1254 5.10634 6.43298 
0.000419591 0.000377617 0.146744 0.0138592 0.143046 0.850301 0.00180605 1.65712 0.37024 0.878078 0.0141729 210.692 0.109907 0.00132569 0.73356 46.3705 4.55667 8.53175 
0.151068 0.00492738 0.789981 0.00575972 0.000425006 2385.39 6.11292 0.0593553 0.0716252 0.0156052 0.0484137 96.3459 0.000806099 9.60214e-05 1.31632 13.7719 6.99242 7.02827 
0.0175794 0.00160954 0.0889902 0.147656 8.51868e-05 0.095617 0.000758769 0.819027 0.899045 61.0689 7.3519 140.605 2.11074e-05 0.00914772 2.75824 5.74315 1.47057 3.65031 
0.785467 0.011221 0.0396273 1.76976 0.000103473 0.0841572 0.000264355 2.21143 0.0235924 0.123311 2.61318 49.1194 0.0206309 0.172707 5.62101 22.5191 1.09848 3.33283 
0.00300372 0.000104262 0.310197 6.57585e-05 0.00322621 1785.82 0.670799 0.496503 0.0108912 0.0229085 1.69413 174.224 0.00612603 0.0083452 1.75146 21.9133 2.26422 5.53635 
0.321928 0.0010595 0.00258334 0.000507344 0.0107574 76.6482 1.01497 4.96589 0.016908 0.200021 8.9293 326.889 0.0143548 2.14252e-05 3.42348 27.1606 1.97747 5.85985 
0.000378167 7.23762e-05 6.32953e-05 0.0747339 0.0124 0.0481552 0.0394955 3.42315 0.617093 3.7317 1.08127 154.637 0.000133359 0.000613158 6.1677 28.8018 1.37463 9.1329 
0.00146937 0.0495578 3.43182e-05 7.14162e-05 0.506446 2619.36 0.00121954 2.08681 0.0370774 5.28442 1.10289 305.188 0.000184776 0.000166999 1.61836 16.072 4.64668 1.79185 
0.0136049 1.10775 0.303465 3.7043e-05 0.0938998 0.124907 0.000538699 3.88771 0.259988 0.0101879 0.00084429 203.723 4.95451e-05 0.00496535 3.3599 10.6034 1.64518 6.3341 
0.0114583 0.176218 1.12979 1.23493e-05 0.379318 1234.35 4.53469 0.100638 0.0067285 0.0204364 8.80579 63.8024 0.00113579 0.00432948 2.6446 29.9637 3.01398 3.38282 
0.00162604 5.4452 0.000213412 0.000352324 0.0555284 295.001 0.000415227 1.18981 0.915839 1.53735 0.097642 133.358 0.00859791 1.8564e-05 3.48507 24.0023 0.957208 7.31188 
0.000183332 2.28361e-05 0.000232289 0.000515995 0.000127596 0.0414717 0.00727497 6.38688 0.0759558 0.282249 1.65458 71.1727 6.95255e-05 0.00164344 6.10984 39.8152 0.797465 7.63893 
1.35494e-05 0.00181539 1.4359e-05 7.39453e-05 0.000123886 617.205 0.41709 0.361225 0.0576613 0.0563118 0.306007 256.756 0.00133852 0.0305764 2.88804 40.538 8.25346 1.52109 
0.00997894 0.300148 0.00277416 0.0145036 0.000255556 1684.66 0.193609 0.413723 0.0435992 0.447554 0.988824 265.998 0.202502 0.00100614 3.44253 3.83372 1.52305 1.86454 
0.00674409 0.00786125 0.000106937 2.36557e-05 1.041 0.0201366 0.0366313 7.93703 0.862439 0.240156 0.00699734 450.55 0.00870383 0.00267632 7.44936 11.4185 1.47777 2.20543 
0.000213167 5.82628e-05 6.01384 0.342455 2.45955 89.6494 0.758452 0.58291 0.0805877 0.0349161 0.0177358 167.82 1.33499 0.00239342 1.64249 11.1977 4.89106 9.3594 
0.000163885 0.000214868 0.00126382 0.184335 8.4949 36.2157 0.0875496 1.25113 0.788827 80.7599 3.27385 118.547 0.000645996 0.012015 4.48981 20.2623 1.40083 5.5323 
0.000994796 0.0126441 0.753292 0.197069 0.000671581 225.919 0.000101454 0.681445 0.0499669 0.0849426 1.16291 122.668 0.000184191 0.0257315 4.35571 32.7713 1.71044 6.03522 
0.012488 9.97436e-05 0.0490225 0.101657 0.00117315 0.121163 0.2313 0.652614 0.414997 0.0185493 0.000618296 308.185 1.02642 4.50728e-05 0.878578 24.3513 8.41556 3.03728 
6.26324 0.0194084 4.31471 0.000340634 1.98856e-05 0.0176375 0.00116544 0.0103108 0.201736 0.147175 0.0605828 7.2019 0.0342509 4.81265e-05 1.64566 40.244 2.09407 4.65546 
0.000167274 0.0016707 0.0169995 6.81452 0.00745536 81.3279 2.86037 2.30421 0.0348201 0.0139848 0.338785 167.583 0.0238795 0.000193964 2.31082 38.4996 2.00658 0.692985 
4.25857e-05 6.3188e-05 0.016123 0.00165745 0.000977431 828.414 0.0144956 1.15865 0.151187 0.271631 0.019644 17.3884 0.270195 0.0513853 1.54714 39.6357 1.12615 5.89636 
0.211105 9.82796e-05 2.59617 0.00336207 0.00581395 2.25605 0.00172368 0.3448 0.39382 21.5453 7.82427 415.61 6.55425e-05 0.00868895 1.17848 10.1202 1.27696 2.56572 
0.000649391 1.17688 0.000594356 3.29786e-05 0.00208295 1.94245 0.000262527 1.01309 0.0855849 0.0710451 0.0654796 337.021 0.00158601 4.20313e-05 1.18556 12.2102 7.12015 8.27038 
0.0010246 0.0630256 0.00449607 0.000328394 0.406032 883.929 7.30175 0.321209 0.160034 0.170597 0.821135 10.8779 0.0137915 0.00043424 2.71828 49.0708 2.95598 8.8381 
0.0505843 0.000116285 0.000250991 0.150979 0.451983 2.31871 0.000267131 0.149551 0.0361157 0.0741475 0.148575 241.344 1.81773e-05 1.5183e-05 3.1945 23.1476 1.778 0.409789 
0.0274361 0.0189041 0.000235994 0.00758154 0.000144296 0.135219 0.00147575 0.778011 0.0877118 0.0380939 2.90252 31.5488 6.75445e-05 0.000780691 3.03592 14.5667 1.69752 8.37792 
0.00196453 5.21575e-05 0.00052787 1.10593 4.71342e-05 85.6057 0.000270252 7.26812 0.0977149 19.5445 3.39895 213.967 5.86329e-05 0.000701451 1.15238 6.5482 1.34652 8.51236 
0.581337 0.000107826 0.132568 1.96193 0.273691 43.4081 0.000415288 0.83589 0.231643 15.1681 0.115608 51.6808 0.0591198 5.37796e-05 0.575544 34.3534 1.1082 1.83027 
0.0150181 0.000327357 0.0900968 0.026812 0.115268 0.0342417 0.0326174 5.08178 0.11317 0.311623 0.300297 344.553 3.83839e-05 0.0083151 0.960691 33.3196 7.51928 8.85045 
0.0115179 0.0771614 0.00388155 2.05487e-05 0.00543311 31.2632 3.40821e-05 0.671366 0.122964 0.331316 0.158838 132.601 0.790489 0.0301821 1.47067 17.8981 7.81645 9.65055 
0.00247478 0.0873505 0.134376 0.040695 1.50951 1.60991 0.0623887 0.591236 0.0287119 0.140759 0.357186 375.82 0.392161 0.000623208 1.95556 23.6998 6.1428 1.04252 
0.709433 0.00715768 2.72911 0.714007 0.00429721 0.69008 0.000253882 0.00673107 0.00888487 1.7152 1.62792 82.745 0.103617 0.0296791 1.67271 22.307 2.48932 6.65371 
0.244771 0.0881377 0.00312917 0.0384912 0.00217718 9.92966 0.0411186 0.698864 0.481946 0.624512 0.0674138 19.3778 2.85512e-05 5.68036e-05 1.17957 27.3921 2.2788 4.49682 
0.00882005 0.0487126 0.000495919 0.00015727 0.000230903 0.806598 6.97914e-05 4.14254 0.628554 1.24643 0.0770753 279.881 0.0213836 5.80501e-05 0.639836 24.5383 4.7841 7.48808 
0.0419802 0.00390227 0.0185556 0.000179932 0.000504338 3.26718 7.38448e-05 0.0355174 0.143826 1.04134 0.0145243 125.233 0.73829 0.000241205 0.597679 5.5481 2.31038 4.99623 
0.493478 0.000885753 0.0577191 0.0954118 0.0362982 971.974 0.000869313 0.0694257 0.278519 257.961 4.88114 73.1084 0.0121562 0.00475094 8.58165 26.6917 1.04459 4.90252 
0.000138436 0.862396 0.000183872 0.000255231 0.27987 363.762 0.656434 1.77061 0.705162 5.29099 0.325424 216.007 0.00155244 1.4371e-05 6.80203 5.6255 2.20237 8.93221 
1.36556e-05 0.802791 0.403333 0.000802065 0.00271748 0.0135294 1.05698e-05 0.357507 0.130074 0.131916 0.065806 124.877 0.116352 7.48186e-05 2.99934 25.393 2.74089 0.959608 
0.00202951 0.000343834 0.00115159 0.304175 0.0423831 0.113593 0.00644665 1.7532 0.354508 0.881496 0.0420598 107.106 0.00011016 0.00813939 1.70321 26.9119 1.74943 3.99277 
0.0949204 0.0243086 0.000722872 3.82805 0.00610914 1899.5 1.68338e-05 0.0463055 0.27913 7.23201 0.211797 308.502 7.42736e-05 0.000105962 1.24851 6.39003 4.97973 3.99167 
0.00904344 0.00281569 0.0638056 0.00982752 0.504666 0.209964 1.90756e-05 9.43587 0.00807224 0.140095 8.63338 99.4103 0.000649437 6.45157e-05 1.76552 31.6516 0.863883 7.76475 
0.00145 6.14311e-05 0.0197855 0.00272364 4.61429e-05 2117.03 0.793272 0.23894 0.647077 51.225 0.723942 57.9203 0.000213712 0.000267741 0.618581 28.9362 5.22445 4.66587 
7.62991 0.00270466 0.0132528 9.48824e-05 2.4191 5.56317 2.30051e-05 0.504903 0.211773 1.07336 0.539384 236.657 0.0123281 0.114564 7.30878 14.8189 3.08761 2.86641 
0.0508228 0.0095625 6.74887 9.51573e-05 0.0302326 4.55958 9.56098e-05 1.51342 0.0926356 15.9495 0.794581 87.8197 0.00515997 0.00497729 1.29641 43.9063 1.37765 6.83557 
2.52504e-05 2.43583e-05 1.6782e-05 0.00043401 0.00272259 45.0259 1.83194 1.80477 0.492398 39.0474 0.307546 199.011 0.258626 0.0216631 6.79232 21.8412 1.61758 1.12033 
0.0147204 0.0195703 0.415765 0.00096758 3.41336 1.26255 0.00165553 0.0649858 0.677175 40.0201 0.0229562 144.219 0.0330472 4.54843e-05 2.35304 8.79188 2.17937 4.30471 
0.000579524 0.0281476 0.000241739 0.121137 0.000120462 13.177 0.00284518 4.54788 0.182583 0.0281436 0.0308682 27.9962 0.000116305 0.000377072 1.02582 36.3002 0.830886 5.52067 
0.0389072 0.000394794 1.88202 0.134738 2.00817 255.399 0.000145372 0.401263 0.0898751 0.0108848 0.164987 393.805 0.00155537 0.00156501 1.57378 1.31587 2.42616 7.93023 
0.0800809 7.20807e-05 0.0505746 9.8586e-05 0.01472 0.476079 1.80376 1.08722 0.0653919 0.670425 8.37906 80.9174 0.000201551 0.00821808 7.18425 38.9721 0.875667 3.05159 
3.26516e-05 0.246279 0.453265 0.212961 0.0473615 62.6195 0.00269447 0.633236 0.0291132 0.651785 2.62738 203.905 0.00515245 3.28919e-05 3.05499 17.5617 1.22456 3.62124 
0.00151949 0.0024639 6.48117 0.0239148 0.407376 0.073217 0.000178774 0.249164 0.0372476 0.641567 0.503917 387.45 0.000638887 0.09398 4.88739 4.2412 1.00791 5.00284 
0.247268 0.0762562 0.168445 1.84291 0.297818 13.4778 0.000431382 0.278668 0.16511 34.9585 3.28911 450.574 0.00780254 1.10186e-05 0.876246 9.58056 5.96158 2.17533 
0.0492865 0.0200249 1.73219e-05 0.945227 0.00161814 847.933 0.00770961 0.645837 0.17466 6.16768 1.08673 232.729 0.000658161 0.108914 3.31323 11.1662 3.39686 5.84358 
2.41982e-05 0.000729059 0.0040511 0.0695 0.0389129 393.75 0.00157086 0.183762 0.0249813 0.0351788 0.897765 8.94558 0.0198877 0.000390003 1.12715 35.8004 1.48978 9.47528 
0.000743604 0.157119 0.00862592 0.000137126 0.88244 2178.27 3.21872 8.47332 0.726799 10.0899 0.691635 287.453 3.55476e-05 0.000870584 1.05325 8.1713 1.4842 9.95833 
0.796651 0.000105155 0.0473354 0.0136662 0.149673 107.109 0.155658 4.37282 0.481572 0.106754 0.0777264 465.649 0.0946206 0.00952851 2.49943 4.03511 1.04373 2.70214 
0.624422 4.37568e-05 0.00160116 0.071509 4.45591e-05 316.496 0.000431854 1.44163 0.327741 45.2681 0.854215 127.129 0.00134053 0.0267318 1.2414 11.0374 2.11898 2.00028 
1.03731 1.78519 0.199164 0.000469044 0.000112876 155.267 0.000394298 1.65886 0.222318 0.031337 0.00109664 248.874 4.14346 0.0179707 4.0024 15.7654 1.64605 1.93858 
0.0656975 0.0628734 0.00108335 0.099119 7.36755e-05 0.921634 0.00636084 0.0561612 0.0419278 0.0500198 0.61879 47.7289 0.00209339 7.20834e-05 1.14556 32.9859 3.92018 4.03015 
0.00309492 0.5452 0.158845 1.44785 0.000118202 0.212108 1.70892e-05 2.93815 0.026744 0.359683 8.95945 395.426 0.00316155 0.00848058 7.56487 23.6103 0.887982 5.58154 
0.000126753 0.0141429 0.016979 0.00252196 0.0300912 33.9918 0.264288 1.33225 0.679995 27.7697 3.57495 179.879 0.0876876 0.000928134 1.47785 24.4441 1.82992 4.43873 
0.000313145 0.000130323 0.0375745 3.82761 0.0671889 542.217 9.24319 0.82999 0.036395 0.116588 4.09827 306.471 0.171693 0.0936729 1.76 8.13967 2.47055 3.92823 
0.000729953 0.0248346 0.0603619 0.00102059 1.23283 0.0279048 0.00146655 0.681276 0.116961 1.3506 0.0666686 160.742 7.99855e-05 6.30109e-05 1.19352 4.78024 1.42261 7.61544 
2.24764 1.34887e-05 0.000827732 0.000133382 1.57902e-05 0.149813 0.00118142 0.693116 0.0633269 0.0476518 0.00613542 365.557 0.00651042 0.0320104 5.03396 19.5214 1.73352 2.36979 
0.000532755 0.0768523 1.41907e-05 4.58061 1.71742 4.3774 2.52898e-05 1.6065 0.0297721 0.0252925 0.818545 350.046 0.00025783 0.0069795 2.40621 16.8049 0.943111 0.941188 
0.00235247 0.00223277 0.0255874 0.00119179 3.98308e-05 0.206516 0.0525206 3.40934 0.0991853 1.66886 1.70005 408.433 0.0293048 2.51783e-05 6.39465 32.8539 1.84709 6.49989 
0.0056026 0.000583943 0.000152344 0.0379521 1.60824e-05 31.3307 0.0005341 4.22752 0.196577 1.95331 0.985617 182.088 0.227743 5.33853e-05 4.71182 41.1064 0.852752 1.96191 
8.78325 0.000809664 2.22443 0.00037586 1.00351 6.68262 0.00581078 0.0151229 0.188571 0.368871 0.0585104 77.2496 0.0762136 0.0530288 5.42855 48.9498 2.89606 3.89926 
1.39017e-05 0.0275314 3.05026e-05 0.0325241 0.000222968 195.725 0.0219829 0.150696 0.0104375 0.162012 8.67546 386.101 0.696892 0.000154639 2.79213 7.9379 5.20888 6.96577 
0.000799928 0.00809217 0.469945 0.000170718 0.0718839 791.89 0.735973 1.38075 0.0841103 0.0470995 0.16823 440.479 2.39094e-05 0.000864983 1.31611 14.1318 7.14726 7.56732 
3.5369 0.911868 2.76826 0.151433 6.63562 0.0110964 2.22957e-05 1.69108 0.197117 2.89381 5.15631 71.2784 0.00033907 0.00344761 0.853204 39.6122 5.63728 2.70937 
0.00113083 2.26902 0.0362968 0.102878 0.0302608 0.533563 1.50934 0.00226413 0.106631 11.2449 0.117109 7.35407 8.31486 0.000122818 2.83217 49.3047 1.72999 4.98647 
0.377552 0.0055372 0.252509 0.230795 7.58255e-05 8.35976 2.45683e-05 0.297197 0.0642355 3.2381 9.03834 224.574 0.000572239 0.421637 6.56785 44.876 2.41382 0.54149 
0.710539 0.0008038 0.00144204 0.00119617 2.77444e-05 96.4275 0.0388139 0.701438 0.364226 1.36792 0.00344855 79.6129 0.0438511 2.3592e-05 2.71701 23.5271 1.31232 4.8149 
0.35081 0.0373856 0.0559432 0.000181431 0.0195432 66.7165 0.00690433 1.18523 0.0398661 0.0954443 0.571733 75.1029 0.10808 0.0586769 4.50429 36.5545 1.51752 6.76746 
7.88737e-05 0.00179606 0.000239227 0.0155661 1.24264e-05 1.03146 8.8372 1.39829 0.284008 0.184184 0.432119 102.445 0.00202836 0.00908937 1.26835 13.0691 5.49663 6.11576 
8.39451e-05 0.0203983 5.38269e-05 3.67751 0.0587596 1.26315 0.225769 0.8124 0.97932 56.9618 1.33626 206.206 0.461965 0.000912378 1.49224 21.4475 1.37268 2.18035 
0.0109938 0.0264961 2.53827e-05 0.000245163 2.19693e-05 0.380221 0.111621 1.2865 0.00856452 0.0457313 1.24645 465.026 1.63198e-05 0.0888984 1.76857 13.1634 3.2791 3.66142 
1.94488 2.27483 0.0586757 0.10896 7.7213e-05 782.559 3.98555 2.38819 0.586199 0.972376 0.0179121 50.2779 0.0591904 0.125703 3.56195 42.5542 2.84859 4.02389 
2.23988e-05 0.00109154 1.71132e-05 1.19791e-05 0.440835 2922.6 4.30398 1.13284 0.753194 0.127072 0.00338494 310.775 0.000814166 0.000862814 1.32106 24.5647 4.64545 2.6646 
0.00840456 0.0614731 5.15985e-05 2.16819 0.000279615 5.18992 0.000652307 5.80675 0.411149 6.13774 0.239646 73.7801 0.00203521 0.000699206 0.532236 15.5904 1.7424 4.76733 
0.0138589 4.17935 0.000703479 2.27808e-05 0.0603527 331.147 0.00477138 4.76502 0.0245972 0.193765 1.93451 163.672 0.000477541 0.00436752 0.573082 41.3442 3.5514 4.88898 
0.000226554 0.000120458 8.13694 0.151745 3.76035e-05 237.122 0.0268033 1.94442 0.221411 8.44781 1.3862 69.6657 0.00150611 0.00142709 1.02904 16.1399 2.9161 8.06511 
0.0680426 1.51145e-05 0.448207 6.17029 0.0281996 0.421747 1.35923 2.60063 0.190098 5.60855 4.57453 59.7381 0.000256629 0.0188416 1.42333 30.923 4.11075 6.7963 
2.43086e-05 3.94947 1.50776 0.000629326 0.000225162 0.403564 0.0111171 0.726985 0.0304203 0.0159017 1.56102 327.336 0.000371803 0.0214215 0.872524 6.36195 4.93732 3.60475 
0.000129967 0.00167954 1.40434e-05 3.83375e-05 0.00241789 56.8345 5.63561e-05 2.83366 0.674723 4.47751 0.107775 263.009 7.9557e-05 5.839e-05 0.987619 35.556 0.991545 7.4005 
0.000217027 2.71527e-05 0.0206434 0.0366509 0.000124471 1.56383 2.46405 1.99029 0.0277316 0.273369 7.16697 95.5321 6.26986e-05 0.00822663 1.74898 26.7468 2.55592 1.1765 
0.304544 0.00237845 0.125495 0.822203 0.0398436 7.37325 0.000143683 1.66451 0.809604 142.809 6.4862 304.324 0.00311275 0.0143688 1.13194 14.7092 4.31834 1.03392 
0.000220034 0.914779 1.04628e-05 9.38495 0.0315945 208.042 0.00255911 1.94088 0.397869 7.79534 0.0701787 344.8 7.74967e-05 0.000830215 2.038 9.62363 3.05171 2.17492 
0.974462 0.484825 0.000127752 0.00066786 1.17975e-05 1112.67 0.0034696 0.276297 0.568862 18.6694 0.520196 55.3678 0.648345 0.000186971 1.82261 16.5469 1.00921 4.53592 
0.27397 0.00186678 0.000149854 1.14355 3.83432 0.0434924 0.00363766 2.19747 0.983103 0.946114 0.0123997 270.559 0.000918056 7.47362e-05 4.17896 9.65097 2.64507 3.15576 
0.228371 0.929101 0.425901 0.000489798 0.261167 1441.74 0.222325 0.426413 0.0229684 0.0159472 0.055981 220.757 0.0137834 1.62771e-05 8.3388 9.30556 2.07895 3.6404 
0.00107438 0.000588534 1.07061e-05 3.82308 0.00182863 0.200545 1.06815e-05 0.0613238 0.0434537 0.0988437 0.0903842 55.9855 0.000286152 0.000796442 0.797574 24.1225 3.89715 3.71356 
4.16559 0.00173442 1.48238e-05 0.0126003 0.000233656 142.949 0.0161594 0.888905 0.0817529 1.75617 3.935 253.439 0.0561413 0.0298948 1.42994 36.6517 7.35109 3.56357 
1.9732 5.95279e-05 0.00582045 0.034896 3.35923 0.0694618 0.243293 2.35001 0.484608 0.700908 0.0828238 360.007 0.0311669 0.0934301 1.20782 43.7545 9.21357 1.99537 
4.62877e-05 0.000128682 0.014084 0.000138457 0.00129911 0.0621503 0.163704 1.50226 0.148671 0.0352101 0.0325177 251.146 0.000106003 6.17312e-05 3.25565 12.0446 1.09674 6.75901 
0.00063766 0.000109906 0.017546 0.0389042 9.26098e-05 8.32786 3.17154 4.90804 0.329487 4.19816 0.243588 250.406 0.0332387 0.00220553 1.40718 19.7097 0.937611 1.46457 
0.000158057 0.0102101 2.36163 0.00330818 0.000109874 0.137241 0.00350117 0.285269 0.179373 0.257374 0.047585 449.871 0.0132254 0.0145403 1.64286 5.94589 1.30387 1.65846 
3.95786e-05 2.61902 0.00121341 2.6656 9.20098e-05 2747.06 0.42607 0.699669 0.18667 5.55991 0.952389 183.641 0.453756 0.0256596 1.52755 28.2264 2.99474 8.19552 
0.00046449 3.35279e-05 0.354776 0.00126736 0.00348587 259.109 0.0102516 0.20582 0.0752869 0.0542832 0.187242 99.9972 0.000607633 1.49844e-05 6.61184 18.2174 2.02333 4.02687 
0.0499321 0.00255045 0.0999418 5.8942 0.278142 308.189 0.000122038 3.91387 0.124199 0.339829 4.01865 53.9723 3.84499e-05 0.00420997 1.38659 42.7701 2.36931 8.37914 
0.0133726 9.88958 0.114612 0.00048811 0.485361 0.20269 0.367877 4.27311 0.0250791 13.6237 5.06581 239.067 0.680014 0.000329235 2.83519 34.5883 1.47462 0.796401 
0.0337549 0.219597 0.0315057 0.00623651 1.56563 0.342172 0.0169282 1.65436 0.394563 0.565372 0.0943067 94.2058 0.0114258 0.000615781 1.1065 40.0438 2.15657 3.65993 
7.70662e-05 0.150871 0.0274971 0.0138016 0.012677 157.829 0.000131478 1.36141 0.0930693 16.2537 7.90551 142.536 1.39661e-05 0.0017412 0.660126 49.7866 7.42637 2.4586 
0.00282872 0.589339 0.280389 0.0740006 0.0672687 1042.56 0.0607924 1.17681 0.884533 30.899 1.18896 417.488 0.170021 0.00363537 3.65054 3.64779 3.32605 8.45605 
0.0441626 2.17298 0.000247737 0.00695704 0.000216005 0.023791 0.0345694 2.63858 0.120639 6.13303 9.05669 206.721 0.00045915 0.278804 2.54737 44.4411 6.55865 1.72664 
3.46812e-05 0.0063776 0.527899 0.237045 0.000115923 2898.79 0.0259029 1.12083 0.255708 0.0451672 0.0555141 197.618 0.121413 0.000137235 8.34128 14.9221 1.90028 7.62992 
0.0355047 5.66207 1.63676e-05 2.38535 0.484043 26.8701 1.07305 1.4471 0.360757 392.155 8.61713 463.021 0.852444 0.968015 9.38577 18.209 2.52984 1.17843 
3.33832e-05 0.081104 0.323635 0.0242618 1.46736e-05 14.7922 1.88765e-05 0.103944 0.00957442 0.0186873 0.149448 26.8175 0.000367653 0.00214351 0.410949 44.9524 1.52417 5.23778 
1.98463e-05 4.04654 0.306404 0.000175888 1.28492 667.991 0.0386709 0.200691 0.330531 0.0137428 0.00423249 106.613 1.1867e-05 0.000429364 1.38671 8.38672 1.84751 9.30342 
0.00551918 0.000165963 0.000453347 0.0752 0.000132303 39.9485 7.34716 0.582427 0.530582 186.402 8.44827 240.019 0.00344793 0.0497071 1.27523 16.996 4.23912 9.75393 
8.85973 4.67265e-05 0.0164314 0.00157651 0.0870331 1.50505 0.946951 8.67105 0.0339808 0.163859 4.94924 226.853 0.00020421 0.000146225 0.780724 42.5737 1.70822 0.885117 
0.157651 5.0578 0.872877 5.4062 2.64353 20.1797 0.000687911 1.55348 0.695745 7.81072 0.664856 98.4551 0.000486556 4.50261e-05 7.14412 12.0836 1.39011 7.98917 
2.59601e-05 8.08078 0.157533 0.000360818 3.64439e-05 1.0981 0.000697008 2.84022 0.0855603 2.08268 0.414393 304.654 0.476799 0.00113173 1.05886 36.059 4.63202 1.37826 
0.00625673 0.000489864 0.000130359 5.03241e-05 6.59881e-05 473.453 0.00724236 5.06533 0.429052 60.9516 2.68845 273.835 0.000166818 3.57458e-05 4.36643 19.3328 1.1091 3.40965 
7.26804e-05 0.00521154 0.00333188 0.000847847 2.78654e-05 348.763 0.793541 6.70394 0.00294997 1.20569 8.56302 276.905 2.72043e-05 0.000169353 1.09244 33.8826 1.97504 4.81734 
4.03635 0.00855238 0.000502278 0.0764886 0.0521773 30.8753 0.0676096 1.63456 0.132786 21.0409 2.31904 265.645 2.0458e-05 1.013e-05 1.18987 31.3717 5.12348 4.93933 
5.91318e-05 2.0541 0.0015085 0.0311313 0.133425 0.0134998 0.000125787 1.20323 0.423024 1.12529 0.197369 329.516 4.26247e-05 5.67096e-05 4.97629 2.91381 1.47299 5.74598 
0.0259289 0.000189477 3.46947e-05 0.00157156 0.00324936 394.88 1.06307e-05 0.0380438 0.000179261 3.42212 0.0124923 1.0377 5.30452 0.0066795 0.720863 38.0104 1.40536 3.43024 
0.000645305 2.11026 4.38648e-05 0.000201365 0.00340744 2.97332 1.42892 0.910155 0.217197 0.730014 0.0816162 408.812 0.00394896 0.000252888 4.25857 6.58521 1.72552 4.68948 
0.00393451 0.018415 0.00333189 0.218172 3.74445e-05 5.68081 0.00922042 0.74626 0.0387906 0.0888435 3.78304 193.716 0.000101064 0.052712 2.05198 10.4854 1.82238 8.39262 
0.018754 5.15489 0.0011112 0.000891226 0.00064335 8.58242 7.0433 0.00676951 0.00538512 0.482546 0.0353142 79.8274 6.89814 0.0207701 3.8755 49.7298 2.63036 9.76828 
1.402 6.14592 0.032186 0.0237844 0.000153208 0.354006 0.0803202 3.81964 0.0102493 0.037215 0.603899 74.5384 0.00195865 8.93749e-05 0.932581 43.4185 0.907397 2.00735 
9.82479 0.00793093 0.00390216 0.000371341 0.25415 625.987 1.73863 2.31237 0.0766905 0.582396 3.83323 34.5422 0.000101543 8.44687e-05 2.28391 47.805 0.988927 6.17117 
2.02925 0.00353426 0.00084617 0.000141512 0.00507993 1.05902 0.0424257 4.61295 0.152076 3.42834 0.0422929 143.216 0.566544 0.000656632 1.96325 46.7369 1.00344 4.753 
5.10524e-05 0.00397128 0.28272 2.98348e-05 0.00900908 117.008 0.349198 1.37214 0.478894 0.0170832 0.0039015 273.851 0.00022397 0.000882065 2.58153 46.6889 2.19606 0.440565 
1.12587 1.93283e-05 0.00091575 0.182959 0.0331087 616.726 0.036228 1.3299 0.0904013 2.24486 0.140078 22.3655 0.0875095 0.00109058 0.296903 44.0971 1.39873 3.53641 
2.26757e-05 0.000551835 0.158773 6.33362 0.0175001 680.974 1.77513 0.159238 0.356877 6.90746 0.102015 54.5272 0.000589817 0.000403565 3.85071 21.4629 1.83244 2.7559 
9.21044e-05 7.77588 0.306645 0.00753409 0.00391275 18.0392 3.9012 0.0496873 0.049909 0.414463 0.653016 123.721 0.00129669 0.00574825 0.89526 32.5438 8.18121 9.65706 
0.276884 0.000167881 0.417751 4.709e-05 0.0333238 7.82596 0.450737 2.48188 0.0577761 0.12159 1.73629 296.013 8.27539e-05 0.00194856 1.03722 8.44166 1.34555 8.06708 
0.0262263 0.000428938 0.673732 1.01098e-05 0.0153334 79.8651 0.000696642 0.29966 0.0214563 0.121071 0.144092 192.669 0.000242413 0.00116387 0.559044 12.4295 2.63118 4.52143 
1.54289 1.19304e-05 4.87318e-05 0.0536736 1.22019 2.81268 0.00768544 1.08385 0.289592 22.702 0.810283 49.7866 0.000104817 1.92842e-05 7.29315 42.9557 2.05887 3.72463 
0.240474 3.31806 0.129239 0.0795478 0.00234229 1845.78 0.000527733 0.59094 0.00583051 0.126769 0.808367 51.8365 0.0896078 0.0031222 4.01654 45.7479 1.97854 4.4997 
0.642677 2.23119 0.680409 0.029613 0.00190851 47.3798 0.132899 0.25427 0.201937 12.2185 4.7637 318.291 0.000119168 1.46416e-05 1.67861 11.7522 7.52686 3.97384 
0.0667421 2.08184e-05 7.64913 9.66364 0.10711 0.455583 2.02612e-05 0.978659 0.0378333 0.358392 2.7417 154.853 0.000816903 0.00627881 0.649668 9.98273 2.10899 6.15046 
0.00116881 4.72255e-05 0.510745 0.0492045 5.21743e-05 292.458 2.05005e-05 0.799428 0.0337747 0.151352 0.0816232 379.861 0.172258 0.00697229 2.11895 33.0668 1.42253 4.01927 
0.0129334 2.30932 3.32863 1.3306 0.00353508 0.12164 0.000308811 1.30243 0.0441099 0.0510959 2.34894 43.8691 0.00120716 0.00100897 4.44425 19.1259 1.81277 4.89477 
0.000649779 0.00529095 0.308503 0.000315501 0.211929 0.264903 2.75157e-05 5.62645 0.00382209 0.0114676 1.2601 164.477 0.000695114 0.0003699 0.704309 24.9183 1.66033 4.8042 
0.00499547 0.0693394 0.175725 1.34307 0.000285841 868.422 0.000948811 0.601183 0.0392219 0.0108405 8.27184 27.1016 7.22836e-05 0.000442661 5.10515 42.5341 1.46299 7.86419 
6.38371e-05 0.00133584 3.00328 0.00445764 0.216919 17.3062 0.000206773 0.400155 0.107409 1.04078 0.0820079 415.064 0.00731769 0.0018188 2.61283 38.545 0.902564 0.802017 
0.0361561 0.640542 2.60073e-05 0.00180102 0.00344744 0.0169072 4.03766 5.65417 0.126543 0.0374674 0.120479 101.252 0.00493811 8.78526e-05 2.63521 18.5329 3.29709 4.43799 
4.92372 0.40673 0.0270783 0.139594 1.94876 909.075 3.79977e-05 1.09692 0.208788 0.509038 0.0617256 206.121 0.000295112 0.00451186 0.881068 6.27593 1.6403 4.21786 
0.00031949 6.55003e-05 0.00273522 0.0176979 0.000378029 376.755 0.0654752 0.577835 0.216355 6.13758 0.118044 67.5682 0.000221386 0.00646737 4.23489 32.5149 0.92724 2.68103 
3.9028e-05 2.45736e-05 0.461164 0.500823 0.167572 0.0394706 0.00042775 2.18042 0.359195 0.0941799 0.147373 69.9739 0.0157943 0.0644125 6.87452 33.7014 2.22174 4.05451 
0.101971 0.0704432 0.0576549 0.000106861 0.000617171 0.204431 4.70947 0.31913 0.282087 33.6318 1.06567 354.654 0.273336 2.9117e-05 1.03512 5.81726 4.79375 9.42338 
0.0128758 6.53187 4.67969e-05 0.0896067 0.00230957 33.7954 0.000206734 9.46949 0.0136374 0.0184998 2.13401 177.125 1.46005e-05 1.13584e-05 0.869832 48.6883 5.08983 6.96162 
6.51397 0.128216 1.05319e-05 1.83985 9.74363e-05 17.4262 1.0712e-05 1.27852 0.0505221 0.375457 5.26037 49.4978 0.119823 0.0121554 1.36311 28.4183 3.94299 8.29193 
8.64289e-05 0.00877585 6.70185e-05 2.35692e-05 0.0247016 3.73211 0.0565072 2.05401 0.718795 89.4356 9.69732 297.392 0.295756 2.10692e-05 9.0352 40.8593 1.23574 2.09205 
0.00038919 0.403893 0.0015506 3.71426 2.2987 606.341 0.0326404 0.680798 0.0136132 0.0173335 2.17266 421.705 0.130917 0.00135738 1.97786 5.22125 1.7853 3.56757 
0.000411415 0.349491 2.18795e-05 1.56066e-05 0.000106789 208.289 0.000234193 6.58837 0.0479955 0.0384236 0.834539 121.404 0.0136942 0.00969352 3.73515 13.8505 1.25079 8.88443 
3.92485e-05 0.0232415 0.00425959 0.00553721 0.000152582 3.03207 0.000487854 1.19403 0.964316 1.1012 0.0542473 250.698 0.00120508 2.7899e-05 4.93415 2.70559 1.06734 8.14835 
0.000136219 0.0095533 2.00253 0.220846 2.76381e-05 0.391876 0.54549 6.11836 0.0461002 0.20294 0.147329 156.361 1.07764e-05 7.28336e-05 5.34595 40.2637 1.11277 3.69978 
1.25299e-05 0.00531579 0.00087405 2.19393e-05 6.88692 98.9553 0.00686736 0.282507 0.00447392 0.192796 2.36206 117.603 1.3097e-05 3.51347e-05 0.872187 40.4368 9.22712 7.26465 
0.0104945 1.92927e-05 0.000122799 0.00195312 2.76843e-05 110.151 0.0359246 1.36695 0.354786 11.9782 4.36308 328.494 1.63171e-05 3.60346e-05 2.83338 9.68659 2.89677 1.67801 
0.144866 3.22474e-05 0.0090209 0.00447937 0.0987531 4.25464 1.27174e-05 4.83822 0.428552 12.7895 5.55631 115.805 1.0638e-05 0.0406471 4.57527 11.8943 1.36209 2.99683 
0.0130325 0.588075 0.000207602 2.57268 2.5677 0.0873899 0.000812771 5.2343 0.492521 4.17492 0.582654 155.611 0.0489921 0.211221 1.51271 28.6813 8.75347 6.6114 
9.39005e-05 0.0173957 0.000207239 0.174562 0.0083946 776.754 2.50033e-05 0.18894 0.114052 0.0436006 0.121906 148.439 0.000912899 2.26956e-05 4.72295 21.8412 1.12979 1.29026 
0.000690287 4.75808e-05 0.000223234 0.0002259 0.0649036 0.0545206 0.00112674 0.0277217 0.0794873 0.52494 0.180184 91.6641 0.025565 0.116954 6.79722 20.0917 1.56865 3.79729 
0.000950269 0.000112415 0.0112281 0.0220527 6.95954e-05 40.2634 0.00201968 0.224121 0.520152 0.325954 0.00568914 156.927 0.0327969 0.00667917 5.90846 8.64438 0.827193 2.59515 
0.095958 0.000992568 0.934095 6.59748e-05 5.79521 0.11235 0.00754631 0.341448 0.0976317 0.0743455 0.0405167 23.4971 0.00171162 0.00289551 1.29297 26.9129 1.17228 4.07105 
0.0718138 3.00015e-05 7.53793 0.000535451 3.7743 2416.28 1.45828e-05 0.052357 0.218642 0.634598 0.0599762 114.619 2.49147e-05 0.00721925 1.4751 13.8604 4.28928 3.14405 
2.3205 0.0571762 0.0105821 0.743646 0.000184199 82.8283 1.84186 1.85823 0.0371936 0.161272 1.30046 483.478 0.00262439 0.000299548 1.49655 11.7734 1.91772 3.80928 
0.0415067 0.685549 0.00022346 0.000146839 6.86482e-05 1303.39 0.00280509 0.493992 0.409895 5.20522 2.54573 81.036 0.0021028 0.0445926 2.20655 7.99761 3.15858 8.26087 
3.50679e-05 0.000135213 0.471369 0.0207684 0.000827628 1001.33 1.95935 0.0226503 0.00658663 0.089731 2.41519 26.5259 8.78079e-05 0.00107529 1.47254 28.9795 2.60819 7.67284 
4.23908 0.012381 0.274746 1.11295e-05 0.0729989 0.0579321 0.0147332 0.301743 0.0133823 1.33396 1.16724 68.4639 0.0127201 0.0039583 1.21761 7.79643 2.0818 8.71737 
7.40001 0.0307943 0.00941064 0.00276108 0.0805686 409.787 1.00593 0.63014 0.0118722 0.0441837 2.42046 141.858 0.00387136 0.065235 2.07282 28.0409 0.964454 6.23052 
0.00166799 0.00269878 9.92313e-05 0.00557414 3.4012 0.130639 0.000267729 0.158352 0.797317 17.8875 0.440275 57.8226 0.0140437 3.38365e-05 1.21035 45.3883 2.30976 1.01762 
1.233 0.0104197 0.0163366 0.0181349 0.000305769 152.269 0.000937761 0.580238 0.200644 4.66488 1.23918 148.432 0.143592 0.061019 2.77436 16.1405 3.13509 2.49377 
0.000601889 5.03895e-05 4.73123e-05 0.390496 3.17194 16.6605 3.38036e-05 1.02284 0.128703 3.68782 0.172859 16.8401 0.000150666 0.000985553 0.789311 43.6621 1.1535 5.50066 
2.00081 0.0013451 0.000253847 0.304614 0.00228102 2618.21 0.00327104 0.340177 0.0707931 14.282 7.42853 42.5301 0.00601657 0.000154521 2.23139 35.3434 4.67247 9.0569 
0.00578011 0.00221344 0.000384973 0.0204571 5.59409e-05 0.510879 0.000163592 5.20809 0.0446284 0.38909 1.87614 401.306 0.00447587 0.0173181 0.800863 39.7543 9.51286 9.56695 
0.000525007 1.07931 0.912635 0.063434 0.00027204 0.0581869 0.084732 2.22501 0.434228 45.9872 0.115564 254.324 0.0030696 0.000188428 5.97276 22.9018 1.15195 3.15927 
0.0936293 0.66069 0.00588032 0.00730815 0.0402639 1453.37 0.0143484 0.114819 0.00983868 0.0170572 7.41565 439.064 0.299464 0.00619196 2.42274 20.1077 7.02424 2.20847 
2.22644 0.00215759 5.11322e-05 0.0018146 1.54e-05 128.437 2.61536e-05 1.10657 0.8177 0.120284 0.00122075 100.743 0.131265 0.00017182 1.36653 23.3226 2.53765 3.5876 
0.00250631 1.43478e-05 0.167963 1.58786 1.59277e-05 48.2558 0.0111362 4.5278 0.191784 7.59286 0.322917 422.027 0.000332028 5.42696e-05 2.36703 17.2758 0.821028 3.54224 
1.43877 0.0287356 0.00173099 0.0730462 0.00372177 0.254332 0.208327 2.66099 0.457027 18.9041 0.256118 78.9701 0.111692 0.0577986 8.21273 33.1158 1.90059 9.07363 
0.565827 0.0711158 0.23216 0.0255126 0.872167 17.6461 0.00460835 1.65713 0.0446312 0.092916 3.15175 419.795 1.04787e-05 1.28332e-05 1.02828 3.02894 1.74952 7.95021 
0.000117693 0.00111664 0.00161082 0.00010328 0.00183462 66.7666 0.000987589 0.224544 0.0238853 1.20866 4.81384 368.957 6.54204e-05 0.000424748 0.629801 8.44733 2.00252 2.11399 
5.39363e-05 2.87528 0.238696 3.03834e-05 6.71341e-05 294.167 0.0110456 3.57686 0.0878111 1.70165 9.10883 338.667 0.159707 0.00024764 3.9412 17.7389 1.32597 1.73765 
0.000580295 0.00210018 0.000387661 0.00272952 0.161553 2.74522 0.0599982 2.63268 0.122035 0.561388 3.09092 477.196 0.000213514 7.95314e-05 6.32485 7.27312 0.913118 8.82991 
0.000115535 8.87481 0.00231103 1.5456 4.85855 0.0652671 2.63495e-05 0.285287 0.0212957 1.68803 1.80261 346.466 1.01331 5.42286e-05 1.69951 7.18763 5.3537 4.94172 
0.971802 0.0557571 0.174951 7.20365e-05 0.0231493 484.151 6.59177e-05 0.34925 0.107752 2.78188 3.35415 41.4653 0.0238969 4.99627e-05 1.7748 40.3052 1.2992 9.42673 
0.0745451 0.00117714 1.44415 0.00092481 0.000389291 78.3247 0.083587 0.901072 0.104089 14.3738 3.0942 196.933 8.49554e-05 0.106554 3.25422 11.6017 1.85386 5.41498 
1.60532e-05 1.1188e-05 0.189094 0.00154948 3.68648 813.493 0.00158958 6.81536 0.026516 0.0343876 0.203977 109.854 1.29323e-05 0.00943606 0.582441 34.8027 1.08022 3.65898 
5.48109e-05 0.000319147 0.743512 0.000292001 0.000889284 0.0235546 1.27116 1.81196 0.0674098 0.0589245 1.28887 105.425 0.00322119 0.000932085 9.95851 23.7363 0.996984 7.79061 
4.69194e-05 2.43237e-05 0.179888 0.0155629 8.99821 3.13001 0.016336 1.54857 0.0765607 0.155088 2.36633 57.178 0.000187876 3.67051e-05 7.76675 20.8078 1.53271 2.8012 
0.000147184 1.13816e-05 0.000364237 0.000132237 0.000647751 2.722 0.0191177 1.94073 0.737017 1.50826 0.356591 63.4924 0.000455838 0.000731517 5.26655 30.9749 1.15199 4.72081 
7.86905e-05 0.0280031 1.28059e-05 0.144607 0.0312271 0.337413 0.00390373 0.158765 0.212807 0.35472 0.00264056 448.334 0.162771 0.00165814 5.06261 10.1248 1.93481 0.621723 
3.6846e-05 1.50549 0.00106101 0.00522866 0.0191706 56.8795 0.0236142 0.649073 0.385414 21.5147 2.80881 324.608 0.00208167 0.0144894 3.05486 6.17089 2.53788 3.02476 
0.0258674 0.0919555 0.00462142 0.0113203 0.000115852 0.0723574 0.0108803 0.682579 0.0103379 1.39808 5.46332 24.5276 0.000888161 1.19642e-05 0.683758 27.018 1.61509 8.29256 
0.000637312 0.000548112 0.00195201 0.0780523 1.03251 534.811 0.808071 0.464115 0.526907 0.0197677 0.00122557 418.214 0.000961703 0.0601631 2.69172 3.09208 1.63025 2.82647 
0.000283369 1.29271 0.000434764 0.000242131 0.17638 12.4958 0.0485597 1.27273 0.142393 0.0338307 0.00320731 47.9681 0.00701226 3.7318e-05 1.00202 44.9794 1.8475 8.57495 
0.0274212 0.000121139 0.0684466 0.183305 0.00699359 25.0186 0.00115373 0.111581 0.396273 19.8306 0.310308 205.17 0.0031147 0.00109806 1.01029 32.7816 8.47774 2.84549 
0.000152168 0.605679 0.000165211 2.44835 0.0467836 1.06301 0.000707176 0.302592 0.16643 4.12254 0.769887 137.702 0.0117055 0.0137346 1.37446 18.5826 6.37998 4.81095 
0.014513 9.95983e-05 0.000804254 0.000194283 0.00365484 10.7171 0.755257 8.66587 0.00176017 0.13578 8.91969 277.665 4.45943e-05 0.0136686 1.96027 34.9909 1.81116 1.65648 
0.190502 1.25 1.19513 2.66126 0.000153229 1.34166 0.00161819 0.200778 0.135887 0.0213938 0.00837342 41.1594 1.46105 0.00119341 2.79107 36.9915 1.36156 7.4574 
7.98898 0.00318028 0.000295355 0.00881842 0.633296 3.92369 1.15774e-05 0.602504 0.0906745 0.0736844 0.0476807 22.0151 0.00124891 0.0014744 0.694415 43.1424 2.15034 6.93347 
6.61181e-05 0.00243752 0.0026745 0.000151333 2.49717e-05 0.279229 0.000325721 0.34657 0.193827 22.5523 2.12605 76.4039 0.52261 0.0324434 2.39726 46.3664 4.15043 3.47554 
1.89807e-05 1.99775e-05 0.000122774 0.987393 0.0175198 818.534 0.00464738 0.825983 0.0685369 0.0413553 0.173351 50.3996 0.0598566 0.00523056 5.90024 34.0091 1.53723 8.36535 
0.683056 0.00802583 0.0348772 0.000142076 2.42461 2.93897 8.63342e-05 2.55547 0.027045 0.072655 4.06265 494.176 2.39372e-05 0.00137249 0.971563 17.9473 2.63873 1.20993 
3.91843 0.120483 1.02296e-05 2.33418 0.0159066 3.34991 0.0423416 4.11695 0.226613 1.56235 0.19152 103.52 0.000859055 0.000634018 0.732356 38.5564 7.92799 8.78729 
1.01467 0.00379012 1.34748e-05 7.89279e-05 0.13517 5.93517 1.25284 0.0523071 0.0752058 10.4145 0.356126 452 1.89298 7.63574e-05 2.46774 4.44537 1.31952 1.27703 
0.0083056 0.0133246 0.665037 0.00724401 0.00291345 1.17601 0.00785179 2.99981 0.424541 0.090729 0.0591429 178.859 0.00385304 0.000727055 5.89932 20.1017 1.49661 4.24231 
1.23709 3.09527 0.0408316 0.444444 0.329609 0.118776 0.000633176 0.366668 0.172126 3.56314 0.579914 146.774 2.3341e-05 0.0158111 0.959578 42.1352 6.07524 4.18889 
0.121545 0.00115991 0.436319 1.65781 0.00436804 3.02119 0.347364 2.26607 0.449192 1.03288 0.0328522 47.3734 0.0115187 0.0502771 1.19589 34.2431 5.00328 6.48755 
1.63186e-05 0.000176455 0.0151133 0.082896 0.0160922 2266.31 0.822397 3.16035 0.0241732 0.0173742 1.02551 301.986 4.67893e-05 0.000689291 1.31984 10.1842 3.23932 7.67575 
0.000657952 0.57252 6.46732e-05 5.26515 0.128625 16.2257 0.00764693 0.170494 0.0111706 0.295334 0.226248 113.192 0.510234 0.00629819 1.05324 25.0689 8.82866 8.5855 
6.9876e-05 0.0798663 0.0102104 3.53144 0.0310503 500.032 5.84982e-05 1.22317 0.0263547 0.916996 1.33166 295.717 8.37136e-05 9.90067e-05 1.94844 4.69767 1.40927 3.56236 
0.00471935 5.04443e-05 0.00162237 0.00386943 8.94186e-05 1092.59 0.000226416 4.35426 0.0612569 47.6607 1.48235 50.8455 0.0126719 0.00243386 0.525742 33.8318 2.28272 6.47183 
0.0351444 0.0234643 0.780417 0.00901829 0.0202167 714.892 0.000196185 0.13279 0.156462 0.760575 0.0334215 272.391 0.226919 3.30938e-05 0.811599 8.87063 6.99732 9.98579 
0.000680368 0.0202342 0.223127 0.033764 0.0038438 128.365 0.87749 0.862027 0.890866 84.4998 0.273191 437.833 1.8244 0.000583686 0.909198 6.97013 8.33461 5.0915 
0.292046 0.00503523 0.0754465 0.000148452 0.00176464 0.0507826 0.000121409 0.863104 0.452532 1.055 0.0863495 137.993 0.587229 0.0611512 2.05404 43.2104 3.59404 1.51591 
0.0017415 3.51632e-05 0.0826123 0.000379628 0.0237544 0.767916 0.171296 0.239099 0.00401739 0.0323122 1.71375 96.7714 0.000171205 0.000619618 6.17883 16.0627 1.14152 3.15112 
6.73284 6.40456e-05 0.00554208 0.00163436 0.277776 2.17828 0.000135473 1.61322 0.0436519 51.8144 7.3662 71.1152 3.52075 7.00133e-05 2.61875 26.0999 3.38779 3.49309 
0.683066 0.0875209 0.00673824 6.591e-05 6.37387e-05 2607.01 0.190644 1.95082 0.367484 0.439218 0.0189024 422.553 1.5162 0.125289 3.60081 3.28153 2.9089 6.03463 
0.000226579 0.000433963 0.116484 0.0866796 0.000905151 35.4058 0.00248915 0.0684375 0.153299 50.5732 2.08016 225.653 0.00018859 0.0181945 1.06453 6.49947 3.81532 6.95704 
0.14706 0.00379167 0.269804 0.0712198 0.0023779 0.363735 0.000977943 0.524347 0.512364 55.1064 0.28093 256.4 0.046747 0.0176443 4.82186 11.1226 2.32946 2.0515 
0.000259995 1.74521 0.0388334 0.00159093 0.000139565 24.8758 0.0417707 0.175744 0.455171 25.426 2.43422 14.1809 0.000108083 0.0068006 0.944648 36.1018 2.53533 8.37379 
0.0399212 2.27444 5.1958 0.241547 0.00804506 3.7073 2.47196e-05 1.31135 0.393572 7.1247 2.5097 85.2664 0.725241 0.000320813 1.67495 18.9218 4.73841 8.58953 
0.000230649 3.21345e-05 0.0182083 0.0143427 0.558814 0.662351 0.000145059 4.94433 0.23489 1.7774 0.408747 105.405 1.83627e-05 0.0107052 3.95427 40.2336 1.25633 9.76596 
0.00466361 0.00378007 0.712149 2.2222e-05 2.68401 455.994 0.000812489 2.55307 0.583368 20.317 0.470844 402.441 0.151606 0.00225267 1.70612 8.54033 3.96912 5.94149 
0.103274 7.44613 1.41477e-05 0.000109227 0.0598143 2.41094 0.00239223 0.333188 0.127949 159.731 8.71838 53.0478 0.558519 0.000467156 8.39932 45.9888 0.906203 8.23694 
9.57582 0.924416 0.00604543 1.10042 0.0614184 580.417 0.303864 4.94903 0.279547 1.73432 0.494394 121.495 2.94743e-05 2.04934e-05 2.66912 19.951 1.82267 7.67142 
0.0027677 1.16962 0.00328902 1.76388 0.000413315 17.949 5.88087e-05 0.0622906 0.01489 1.04806 6.67119 298.059 0.073274 0.00182708 5.99417 10.6426 0.999364 3.78268 
0.566325 3.57476 0.000130093 0.269558 1.43566 1.13654 7.88863e-05 0.288149 0.454643 44.0453 1.16974 237.564 0.00943486 0.253074 1.64072 47.0932 5.91103 0.946995 
0.0164908 0.449395 3.21036 1.10174e-05 0.00183597 473.891 1.94257e-05 0.215563 0.0834186 0.0472234 0.095347 35.4981 0.0577449 0.000308407 1.52626 21.5907 1.37634 3.37447 
0.000156494 0.000174375 1.0549e-05 0.258381 1.03388 0.879273 8.51349e-05 7.7704 0.222515 18.9735 2.04297 400.932 0.519657 0.000720985 3.11063 26.5838 2.10312 2.11491 
4.6385e-05 0.13083 7.99387e-05 0.0373606 0.00132597 615.396 0.000141496 0.39567 0.380646 2.77959 0.272542 471.424 0.183221 0.0138775 6.89465 20.2549 1.83696 0.562201 
1.40938e-05 0.589382 0.00626652 0.000613141 3.89182e-05 53.1376 1.39348 0.27987 0.440503 6.92927 0.0307927 282.83 2.76288e-05 0.000231848 1.41703 24.762 2.56194 0.675999 
2.67701e-05 0.0294739 8.60917 0.0447861 0.0020006 75.9882 0.000469208 0.129696 0.0562502 24.1821 6.00161 67.6656 6.83617e-05 0.000873604 0.972539 36.0695 1.32632 8.99283 
0.00126026 0.0275204 0.0644599 8.37228e-05 3.94741 14.0188 0.000252052 5.67329 0.123881 0.124839 0.248344 425.271 0.206424 1.15952e-05 4.19259 11.9876 0.968695 1.76849 
2.09055e-05 0.0104505 0.0040751 0.138606 1.13189e-05 0.155093 5.36799e-05 4.23587 0.028607 1.10361 2.59712 144.98 0.000160766 4.01602e-05 0.813612 31.6156 3.44564 7.03454 
0.0250012 1.57537e-05 2.36715 0.498293 0.0268004 0.0547429 0.0333919 0.288858 0.559168 113.652 1.61791 332.498 0.000484885 0.00113158 4.70497 4.82498 0.749212 1.69129 
2.94933e-05 0.00233124 2.42849e-05 0.062785 9.35361e-05 8.89051 0.000143527 1.30911 0.170984 0.0829306 0.0953866 143.597 5.77733e-05 0.103362 3.23617 11.2359 1.39107 1.54615 
0.0565829 9.68699 0.000379229 0.687927 1.12176e-05 1147.97 0.000848545 1.91481 0.100616 6.25185 1.14099 240.786 0.0402504 0.000852086 0.665423 7.69656 2.9067 2.32722 
1.53855 0.042197 3.96273e-05 2.36073 0.0208391 28.7608 0.000171674 0.504156 0.142203 15.6563 0.504535 182.529 0.000880625 0.00022903 4.376 15.8792 1.25826 4.20155 
6.761e-05 0.00803283 1.46338e-05 0.000315358 0.000618438 1.42624 0.00888656 0.171447 0.813347 2.96566 0.137277 52.3333 0.0738399 0.00259456 7.55825 41.5842 1.15702 2.63272 
0.000154918 5.38761e-05 0.00151086 0.000100862 0.0019746 73.1753 0.0004093 1.13993 0.286917 0.018984 0.0143278 312.655 0.0016513 1.29419e-05 7.60959 16.0014 1.63956 1.79941 
0.000113071 1.85905e-05 0.00194389 3.69752e-05 5.16633 7.87625 0.445717 8.62637 0.102491 1.70701 0.160416 484.999 0.0740869 0.0017151 1.74951 9.80642 1.89988 7.33541 
0.000871993 2.779 0.0441801 0.00436188 7.11485e-05 161.722 0.00013062 0.319552 0.0756898 0.130119 0.715113 95.1306 0.237458 5.69057e-05 7.83986 23.1736 2.2491 5.40239 
0.000872333 0.0631106 0.0323381 0.0360134 0.000185472 5.09743 0.0154586 0.436928 0.00998171 0.021484 0.218202 102.46 0.00274328 0.00020876 2.41257 16.7434 0.85896 1.92832 
0.0163233 0.0341117 9.73627e-05 0.0703748 5.62762 1.40576 0.000959075 6.97551 0.352908 9.61324 0.871255 206.029 0.000580796 4.19772e-05 0.699983 33.9505 2.51704 3.57634 
8.82365e-05 7.52015e-05 0.000471153 0.00210539 0.00425141 0.513621 0.000204452 1.32741 0.999394 21.7513 0.18596 155.419 0.01921 0.139058 1.59344 7.75024 1.85004 4.36469 
0.000431308 0.0679186 4.00135 0.0214366 0.00682731 1.73315 0.00562396 0.630629 0.0193857 0.0124961 6.3116 248.572 0.00887052 8.86794e-05 8.30382 39.4811 1.22748 6.52078 
0.000739204 1.31015e-05 0.00014878 2.28171e-05 5.04928 1.94107 0.0183394 0.507198 0.00746969 0.139663 6.07263 155.162 0.21657 0.00645453 1.83386 12.8863 5.19432 5.3796 
0.0245525 0.000362479 9.26342e-05 0.0150412 0.00015635 0.131124 0.000175129 0.534623 0.473744 8.12695 0.43586 242.657 0.0677492 4.41645e-05 4.49774 4.52261 0.783398 2.02561 
0.0290752 0.00114157 4.02111 1.55297e-05 0.117657 14.4284 0.00874082 1.41533 0.299085 1.01599 0.382863 54.8441 0.0134175 0.00745597 1.83286 15.5075 2.83649 3.54218 
7.78895e-05 7.01563 0.0803197 0.000265238 0.0542641 2986.45 0.0026784 1.71672 0.669647 0.986162 0.0820682 242.554 2.63066e-05 0.0944598 1.54747 14.0947 5.16874 7.52836 
0.505718 0.000166297 0.00208187 2.89004e-05 0.00055575 0.0141897 0.00653005 0.698746 0.0394409 8.16834 0.263739 483.89 0.0236648 0.000292888 0.959407 6.95051 3.88585 2.22686 
0.310305 0.000300328 0.34857 0.0315194 0.806729 540.305 0.00156745 0.959083 0.0064748 0.0110425 3.48265 304.826 0.00350617 0.0197192 0.799889 18.8468 4.93745 7.37116 
0.0247494 2.65793 0.000103058 2.37745e-05 5.25663 0.658322 0.00624544 9.69626 0.278675 73.0287 5.67641 94.7875 0.00242782 0.0030117 0.535187 44.3007 1.48345 2.71326 
1.47245 0.00338677 7.34212e-05 0.431804 5.33992 2172.62 2.29456 5.46826 0.600879 1.96838 0.131187 181.843 0.334674 0.00557116 1.58693 23.9072 3.76941 3.12637 
0.933001 0.000441194 0.000136728 0.27634 0.000217679 0.0446425 0.00264093 0.24455 0.00677603 4.01218 1.64093 16.0495 3.24835e-05 5.84708e-05 2.70915 37.4846 0.865883 6.60684 
0.121194 0.000107467 0.00697559 0.0739395 0.000106979 1.09704 0.00546223 0.0137611 0.047729 3.30265 3.01406 25.6656 0.000355417 8.59936e-05 1.25067 23.9241 2.5667 6.02768 
0.00185451 0.0283602 2.21331 0.000563038 0.381396 478.675 0.0362827 0.0426095 0.144803 6.49995 0.257763 12.7224 0.197229 1.60769e-05 0.655576 40.2547 1.86099 7.37411 
0.0125782 0.00168611 3.00455 0.0315876 1.53374e-05 0.0437734 0.00179136 5.66909 0.259145 1.27471 0.0250422 177.136 0.513128 0.00302081 1.66494 30.2601 1.70993 0.880015 
0.0403667 6.96741e-05 0.0180213 0.00442475 0.54691 72.5484 0.000159898 4.09999 0.297074 2.81205 1.60411 490.957 0.000664433 0.0154802 7.23303 19.0102 1.6507 0.921754 
3.51936 7.96421e-05 0.00170567 1.7302e-05 2.56856e-05 0.395843 4.25089 2.21403 0.249275 4.0162 0.369304 202.597 0.00139229 0.3844 2.66026 49.1723 3.73236 0.613624 
0.0194678 1.24262e-05 0.000138511 0.00240106 7.07044e-05 8.09288 5.77482 0.991418 0.452837 31.0752 0.0641019 274.825 0.209658 1.2619e-05 4.27188 27.9736 1.212 1.71173 
1.27111e-05 0.000127662 2.20095e-05 6.46576e-05 0.0121937 0.270175 0.788115 6.91646 0.110921 11.6409 4.36752 26.1366 0.0336629 0.000116402 3.06731 39.9465 0.971296 8.45977 
1.28823e-05 0.041861 0.651898 3.5699 0.0171094 110.11 2.36078 0.447183 0.185564 0.824765 0.0320286 88.5356 0.000655021 0.000230467 0.694953 16.3514 3.47317 7.79209 
0.00611003 5.43938e-05 9.40866e-05 4.36673e-05 0.00958535 1145 6.48239 9.01371 0.174014 2.01081 1.11827 352.892 0.00116046 7.12573e-05 2.28337 34.2045 3.95093 0.960617 
7.82673 0.000844471 0.00360336 0.53889 0.00144753 56.4542 0.0495319 2.69575 0.419392 361.074 0.973098 365.267 1.56976e-05 1.87923e-05 1.29427 12.5737 5.20994 1.85608 
0.0163002 5.8665e-05 0.00372788 2.86293e-05 0.000251714 0.976419 0.00541982 1.94938 0.0467306 0.0199224 3.04367 103.154 3.88551e-05 0.0283243 4.3506 15.3806 1.94356 3.64898 
0.891572 9.87362e-05 0.0142252 1.54506 0.00375284 9.70095 0.0455849 1.01036 0.00597654 0.0153312 7.94701 36.2971 1.95558e-05 0.00289919 0.573469 43.3575 1.40209 8.66251 
0.0172486 0.108692 0.0383452 6.87586 4.24859 0.0498198 0.0125614 2.7524 0.492658 11.2251 2.19463 101.738 0.156515 8.24607e-05 1.41132 45.7226 3.09405 1.09098 
0.309679 0.000113174 0.000790406 0.0989176 0.0113047 139.831 0.00289782 0.725066 0.305753 132.673 9.53878 51.7261 1.01495e-05 0.105734 8.5006 39.569 2.34531 5.15183 
3.267e-05 0.00785531 0.142398 0.000633803 0.24104 2467.73 1.84748 0.0843107 0.404464 146.39 0.494858 153.135 0.191636 8.95726e-05 0.78666 13.7949 3.70644 3.63831 
0.00702525 1.06018e-05 0.00409353 2.0815e-05 0.740549 5.76788 0.1367 0.409476 0.068711 0.0675008 0.880034 173.058 1.7095e-05 0.0280496 1.97315 6.29128 1.57246 0.982187 
0.044565 0.00815704 0.892593 7.28418 0.0609598 3.4761 0.000659625 5.4208 0.323701 118.182 1.38507 493.436 0.22837 0.00501734 2.76163 23.062 1.04912 5.58169 
0.00707661 0.0008276 0.00762666 1.09717e-05 1.16719 201.031 7.97524 4.17267 0.512867 8.67198 0.240052 16.5828 0.00203766 0.0105813 0.940566 49.6348 0.914649 7.95208 
0.0141126 2.48385 9.33863 0.787812 0.00010185 2714.97 0.0484226 0.310907 0.108302 0.20381 0.194531 323.813 2.04143e-05 7.61428e-05 2.46083 3.89526 0.924146 5.89694 
0.00043886 0.00108233 0.000536094 0.754663 0.0601781 0.39913 0.0917336 2.69684 0.40252 87.8934 5.39496 33.0804 0.524589 0.026166 2.41722 29.2322 1.40748 9.76314 
0.000931283 0.00217664 0.0958201 0.0462263 0.00350763 0.0154124 0.0252519 1.50483 0.0595673 0.290632 2.66425 19.1831 0.000972451 1.81203e-05 1.91872 40.0856 1.29554 3.6418 
5.99539e-05 7.70719e-05 0.00306739 0.169629 1.39139e-05 473.153 0.846046 0.591274 0.375642 6.06454 0.245614 46.3395 0.00545029 0.00415153 3.01596 36.4997 0.885044 4.71719 
0.0875382 0.325943 0.111906 0.0402208 0.00261672 49.644 0.395989 0.0342698 0.0362643 12.2248 3.06048 203.442 0.0025682 0.0127022 2.90513 12.786 1.53531 1.76971 
1.75442 1.68142 5.39304e-05 0.147 3.6837 308.915 0.00072226 1.75587 0.776588 0.160181 0.0101984 112.253 0.000142045 0.000252884 3.45987 13.5562 1.14531 8.15491 
4.06575 0.807808 9.03458e-05 0.00187247 0.000136418 0.0158582 3.01061 0.931712 0.0955831 2.97886 0.91562 226.546 1.30736e-05 2.56453e-05 1.07314 13.9874 7.83552 5.4992 
0.0164643 0.424424 0.359564 0.0563327 0.000296732 0.848347 0.000556796 1.26567 0.152601 3.52794 2.66924 194.718 0.00262259 0.000737443 3.76884 13.491 0.880683 1.23356 
1.56753e-05 0.0156001 0.0001383 0.603992 0.861687 2637.12 0.975527 0.455172 0.110912 1.16917 1.1135 106.639 7.74658e-05 0.000287126 1.30923 19.6472 4.07633 2.96114 
0.00602154 1.17026e-05 0.249569 9.84397 0.00774984 24.3347 0.00750327 0.101523 0.661956 59.8675 0.764081 126.129 0.0965368 0.00355612 1.12192 7.68174 2.48103 5.6514 
0.00450582 2.29067e-05 6.09978e-05 2.31761e-05 0.00294609 2511.64 0.0296101 0.700671 0.136855 0.219671 0.290269 98.5539 2.76595e-05 0.000404576 4.88075 14.7896 0.918773 9.66122 
2.61647e-05 0.00846373 0.188287 9.19911e-05 0.0222537 199.929 0.00177432 0.0724149 0.0300215 0.222324 0.476343 119.885 0.00448329 0.00024082 1.24816 8.99668 1.27125 5.85114 
9.5099 0.01602 0.00105817 3.71024 0.490255 139.849 0.000373011 1.00816 0.450809 61.7255 5.72935 231.323 0.000169719 0.000262521 1.18616 3.58957 1.40719 9.39517 
0.14391 0.0343576 0.000133304 0.00642993 0.00818327 0.537225 8.04225e-05 1.80167 0.0055557 0.0846253 1.04819 67.2204 0.000650925 0.000281846 0.559211 41.0211 4.78293 3.43673 
0.000430965 2.90803e-05 0.00716664 0.000246788 0.0629077 10.7527 2.52047e-05 1.61262 0.221613 0.462118 0.118744 58.8748 0.0211235 4.62104e-05 1.76551 21.3833 3.15044 7.32537 
2.36079 0.430949 0.042362 0.01131 2.89164e-05 0.0667461 1.91428 7.66918 0.0758901 0.237281 5.32352 64.8186 0.0197892 0.00761657 3.76798 41.5296 2.50822 1.63015 
0.00216528 0.113578 0.000140437 0.0872133 0.000191765 0.0538714 1.39555e-05 1.39149 0.215894 35.6885 0.565386 394.745 3.79404 4.24358e-05 1.25276 14.4625 1.74441 3.84798 
0.183599 0.0015775 7.82142e-05 1.0662 0.545755 0.133969 0.182175 0.628091 0.0107962 0.0329651 0.12586 107.582 0.0631547 0.01182 1.32253 10.9041 2.13796 5.62213 
2.21632 6.8804 0.0193423 1.69247e-05 0.00102796 0.0485678 6.2721e-05 0.182249 0.0112996 0.138169 0.443723 27.1904 0.0832414 0.000542387 2.06131 27.1059 1.26217 7.44919 
6.79173 0.000610541 0.000285724 1.99189 0.0296834 1727.19 0.0114559 0.447683 0.0469865 0.0394997 0.27538 136.354 3.92154e-05 0.0646037 1.57958 8.91756 3.52057 8.46475 
0.632797 1.3175 0.00114279 0.0170278 8.07992e-05 0.28018 1.99584e-05 0.243902 0.0256923 0.108819 0.0335116 173.731 8.35619e-05 0.0500048 8.56045 12.3999 0.954097 7.20927 
0.715999 0.000120356 1.03001 0.349534 4.61145e-05 0.143437 2.37656e-05 2.62596 0.181923 0.678463 1.63335 34.9653 1.85043e-05 0.00361753 0.964408 20.7111 2.66958 6.92062 
0.392769 0.828772 0.726536 0.412107 5.59829e-05 10.3488 4.85274 0.0702801 0.0222341 9.05313 5.42764 29.9659 0.010412 0.0450265 4.81594 43.4314 1.75097 7.52252 
3.52309e-05 9.93439 0.0255197 2.50277e-05 0.234157 4.33111 1.09017e-05 0.545274 0.647782 215.364 1.33725 18.6483 1.98205 0.000316966 2.5192 44.4928 1.49452 4.93402 
2.67403 1.2367e-05 6.81117 0.935355 3.14635e-05 9.44439 0.612303 0.00704865 0.0669187 0.684042 0.0574482 75.8876 0.000711534 0.000273126 1.25711 10.0022 1.23788 4.03494 
0.0133589 1.39022 5.96442e-05 1.22186 0.0141294 814.055 0.0188347 0.140562 0.00236232 0.333856 8.41948 155.57 0.279153 0.0942941 7.64987 12.7782 1.72996 6.13566 
0.126246 2.8227e-05 0.000636687 0.0156209 1.40617 781.199 0.871602 0.145917 0.285482 6.52824 0.0331056 322.363 0.012444 3.9163e-05 0.691024 16.4911 5.76794 1.72235 
0.231101 0.0070699 3.51618 8.0514 0.033361 2734.78 4.87388 1.29105 0.878555 0.407517 0.0125433 22.9858 1.42599 1.39658e-05 1.43741 48.1537 1.41063 3.42978 
0.047126 0.000758576 0.000354281 0.00318156 0.242886 6.01187 1.08304e-05 0.606528 0.293017 41.3811 6.0288 407.032 0.000110336 0.0566995 1.81921 3.10986 2.56963 1.93944 
0.0253242 0.0924587 2.04538 0.0349011 0.00194108 584.853 7.54526e-05 2.95449 0.268727 0.587437 1.2139 220.423 2.58819e-05 0.00602905 5.14849 36.4168 1.27793 3.2235 
0.022522 0.0117092 0.00859237 9.60278e-05 0.563475 8.73502 0.000201165 0.616668 0.0782994 13.2857 3.39815 308.08 9.18558e-05 1.20403e-05 0.986569 12.4975 2.176 5.18475 
0.240818 0.00304325 0.158526 8.62019 0.000596167 141.117 3.82198 1.79995 0.223192 28.4679 0.200423 92.2097 0.0269209 5.6996e-05 1.11897 7.21485 0.890731 5.0783 
1.98591 1.52784e-05 0.0128723 0.837014 0.425614 0.517856 0.000512654 0.351647 0.264443 52.6044 0.817605 156.818 0.000777722 0.0262471 1.1765 14.7874 6.50714 5.49498 
0.00443045 0.00440893 0.00219504 0.00948353 3.36547 21.021 0.395275 7.34167 0.288287 0.573729 0.0260761 398.581 1.63082 0.0122353 9.09934 33.854 0.985237 2.25817 
0.0111909 0.0102456 0.00076876 0.00227821 7.93381e-05 812.399 2.87415e-05 6.35917 0.019497 0.0157061 6.5073 272.992 0.000175555 0.0100998 3.97684 11.6521 1.35639 4.30641 
0.00146365 0.00250549 0.0568401 5.48195e-05 2.59362 0.0447497 0.394565 7.94906 0.266466 3.67077 0.10505 269.248 1.5835 0.000162308 1.1203 10.0785 3.32993 9.14604 
0.0690339 0.00378408 0.384097 0.953909 0.227476 59.7293 0.00488889 7.17385 0.215899 4.3699 1.88667 419.312 1.43344e-05 0.000199709 1.54763 14.3373 2.37529 4.41579 
0.000737363 2.99683e-05 1.75789 0.00127357 0.000376018 6.84052 2.29264 1.07018 0.724468 190.291 3.50245 89.5252 0.0653715 1.34618e-05 2.62965 28.2493 1.44535 9.84884 
1.16584 4.78053e-05 0.00241619 0.580256 0.766821 25.9061 0.000169666 2.27997 0.0193766 0.0646292 2.2458 45.3878 0.000836733 0.000757973 1.35937 40.3742 0.925775 2.31736 
0.000580033 0.000766007 8.77369e-05 0.20614 0.000302137 16.4787 0.146926 4.84919 0.114256 56.6167 5.26696 186.142 0.01009 3.48487e-05 0.943919 15.4408 1.56609 2.18413 
0.0929884 2.91357 0.429844 0.120765 1.4535e-05 1162.16 0.0021132 3.67731 0.187495 105.562 0.456853 48.0549 0.0204339 0.000162739 3.19809 31.0744 1.37976 3.2304 
0.764955 0.000720939 0.0655382 0.737008 2.92043e-05 1220.89 0.0381507 3.15031 0.280721 9.24844 0.453103 75.6109 0.81334 1.15951e-05 5.8784 27.6467 1.27162 9.6178 
0.00725069 0.000317602 1.89861 1.2189e-05 0.000166097 0.291124 0.0013902 0.075424 0.288453 42.013 0.0704159 124.947 0.00621469 0.00417407 0.915427 23.175 3.05674 2.67863 
0.000495524 0.185629 2.60678e-05 0.000827268 0.000241707 0.0608564 7.99062 9.97098 0.0457797 0.199921 0.0718352 89.0302 0.000973038 0.0166542 0.782681 39.5792 8.82448 5.58013 
4.71552 0.1615 0.00024715 0.674616 0.000103475 6.18557 0.0121399 4.33926 0.0133192 0.082444 1.72796 81.7871 0.000616143 0.00304534 0.740717 46.6292 2.77872 1.73084 
0.00158985 6.25792 4.12981 0.00165048 0.273734 0.0890294 9.75171e-05 3.71697 0.0710817 1.35002 1.77225 259.258 0.0163187 0.00321549 1.52325 9.81854 4.41113 8.75402 
0.0514516 0.0210346 3.88347e-05 0.00045958 8.73992e-05 26.4739 6.13263e-05 0.407416 0.656879 66.2154 0.691686 241.715 5.94934e-05 5.07559e-05 2.44007 2.77345 1.54359 7.20849 
0.000225826 2.93825e-05 7.15829e-05 0.000308743 0.00119164 374.25 0.0689996 0.392621 0.0987334 0.0328137 0.00489304 490.287 0.891185 0.0849595 1.73893 3.27322 3.32045 3.69689 
0.21013 0.0794087 0.0175666 0.000196201 0.409393 0.392043 0.0190098 0.388195 0.461129 4.31606 0.179923 290.523 9.34458 0.000376133 3.1068 2.69151 1.7871 7.94791 
5.15807e-05 3.07648 1.5594 1.15705 3.4959 0.401562 6.09748e-05 0.112282 0.62909 5.5974 0.181754 38.6569 0.481245 2.36646e-05 1.06326 21.5018 2.15434 5.40798 
0.00579194 0.000128266 0.078734 2.061e-05 0.00028522 2.55191 0.110357 0.43064 0.0205876 0.0549658 0.324393 150.791 1.02082e-05 0.00120313 3.8921 31.0429 1.89754 0.940925 
2.12669 0.00853011 1.37724 2.42781e-05 1.03332e-05 0.036443 0.310161 0.788211 0.610417 4.60514 0.675452 157.907 0.123166 0.00344686 1.69224 9.99464 1.59375 2.90683 
0.00927436 7.99968e-05 9.5766e-05 0.000113202 3.71039 47.5566 1.30763e-05 0.224644 0.0179109 7.82592 2.77441 50.3055 0.00625648 0.000423741 2.44522 29.2585 2.05753 5.15672 
1.02828 0.987183 1.1974 0.00141211 1.65067e-05 0.843251 0.000154826 0.240902 0.301267 13.8752 3.31445 13.9053 0.00145264 0.00243017 1.50464 27.0113 3.00036 7.55918 
0.0297019 0.0132299 0.00015402 0.000420924 0.00252747 0.553067 3.20965 2.48229 0.979078 251.937 1.09916 109.509 0.000325308 1.51734e-05 0.460383 36.6046 2.30531 4.60676 
0.00012358 0.0534403 7.35225 0.895317 0.0564361 176.291 4.22351e-05 0.907703 0.0466508 1.7651 0.943243 331.523 0.0218856 0.0101478 2.79464 5.37725 1.22626 9.58414 
0.0045508 0.0154515 0.0105528 1.78072 0.290841 8.29497 0.000552744 1.92891 0.53805 0.0150999 0.0157251 190.339 0.000674833 0.0726229 1.186 6.21272 2.96923 8.49287 
1.25295 0.00408892 1.81378 0.616786 0.0010655 0.714297 0.000374056 0.0533292 0.320531 0.0632947 0.0054111 275.559 0.4121 2.83815e-05 7.52579 5.52813 1.01126 9.83654 
0.00223852 0.00757227 0.00600877 0.0179056 0.0570865 13.7917 0.00069504 1.00436 0.116045 0.244712 0.00691005 116.909 2.48098e-05 2.18331e-05 1.37206 34.6348 1.15577 9.81511 
3.42756 0.0134252 3.42053e-05 0.000110173 0.00812361 68.7443 0.000865411 0.401083 0.173547 0.341037 0.393154 281.928 0.030583 0.0477043 1.22851 41.6378 7.98382 0.762499 
0.000572364 0.000297987 0.00547324 1.47674 1.61418e-05 2788.04 0.320491 2.22882 0.0465827 0.0262019 0.210065 339.408 1.09764e-05 0.0232924 0.984315 2.99609 1.83184 7.67441 
0.000653975 0.000351823 0.000547537 1.5843e-05 0.383954 3.72763 0.0219968 6.4375 0.0345466 0.209633 2.16557 307.535 0.0533668 0.000253048 2.025 19.0069 1.44044 6.52178 
0.00102416 3.7085 0.000660499 0.162514 0.0494104 120.337 3.63656e-05 1.12283 0.0199237 0.253525 0.139285 63.7341 0.217826 0.000252754 2.121 26.1339 3.05226 4.77638 
0.2303 2.97695 0.000112968 1.90666 0.0232824 15.4885 0.000301309 5.91577 0.426061 2.30755 0.309761 264.664 0.0040133 0.000826668 2.21064 11.3064 1.99432 4.00625 
0.35055 0.311914 0.000168696 0.44188 0.0582761 288.2 0.0100183 2.83579 0.0115598 0.0440562 1.30471 178.91 1.47178e-05 0.000127637 5.54712 16.1714 1.01479 3.5621 
1.39849 1.27016e-05 0.0363655 3.80302 0.0995673 4.28238 0.000205517 0.372219 0.0313826 0.134789 0.634902 105.252 0.246405 8.87906e-05 2.05285 9.01283 1.36531 7.30327 
0.00599006 0.000216257 0.000278404 1.46734 0.00020723 9.91835 0.000649887 0.439755 0.105231 50.9946 0.557339 315.921 3.8274e-05 0.0726124 1.75256 3.51517 1.20853 8.50307 
7.95921e-05 1.15763e-05 4.38434 0.0012915 1.14276e-05 2.73302 1.50052e-05 0.333597 0.381084 0.568148 0.0181818 164.472 3.32255 0.100563 1.47724 8.60669 2.12805 2.78433 
0.0055474 0.472663 0.000515939 0.565144 1.51301e-05 0.204313 0.497591 3.72472 0.0202356 0.0197512 2.22251 134.659 0.0988862 0.0143884 7.92597 29.6959 2.27875 4.38874 
0.129882 3.45999 0.0794712 0.0542255 8.32879e-05 0.142459 0.036419 5.78289 0.575374 78.5227 4.73191 343.045 0.107632 0.0594047 1.32319 42.6741 2.50975 0.478333 
0.00237058 9.14262e-05 4.76313 0.0287797 0.000674635 11.8031 0.00761068 0.0414515 0.0610364 4.18075 1.89253 87.302 7.73566e-05 0.0615132 1.96412 25.8284 3.83406 5.64595 
6.76978e-05 0.00200355 0.00294717 0.190039 0.000392738 313.666 0.00490394 5.30186 0.0345936 0.070224 1.50857 262.147 0.044856 0.120829 3.40363 14.8353 1.5961 4.43882 
7.30434e-05 0.921725 0.00015272 1.62512 0.371816 4.22114 1.9329e-05 3.80688 0.0204623 0.0114965 8.50528 100.476 0.001391 0.0016606 5.26624 10.3914 1.19704 6.99071 
0.000108674 2.37124e-05 1.14779e-05 0.0459819 9.08169e-05 0.0745994 0.000940708 0.299895 0.0050294 0.305593 6.79716 42.8192 0.00107926 0.00882271 3.06858 33.6915 1.58638 7.02773 
0.00316504 1.25161e-05 4.33904e-05 0.0825754 0.438574 0.286227 5.5778e-05 4.46995 0.0761139 0.0325839 0.0942573 482.12 0.232994 0.00133759 1.88114 33.8797 3.05629 0.354145 
0.325968 0.000457465 0.011607 0.0282896 0.537165 252.127 0.000256256 1.14037 0.491093 57.7984 4.94488 95.641 0.00526217 0.0245195 1.61605 41.2528 2.4135 0.963088 
0.943903 1.18587e-05 9.21795e-05 0.00215895 2.28407e-05 1750.98 3.06117e-05 0.111261 0.00818731 0.0402032 9.16037 74.3369 1.13236e-05 6.60218e-05 0.780414 8.12288 2.47811 8.58762 
0.093401 1.73347 0.00204725 1.40379 0.000452551 1751.05 0.000104686 6.69264 0.254079 0.0506666 0.00111486 221.346 6.65617e-05 0.0272082 1.44451 27.5928 2.99053 1.97715 
0.0331623 0.489312 8.15281 0.0017927 0.000944424 998.875 0.0136579 5.7684 0.565244 1.65923 0.156741 222.259 0.00714664 4.18766e-05 1.08365 18.6872 2.36907 7.49006 
0.0168702 0.205295 0.000348702 0.635852 0.00032825 0.0288895 0.643689 0.493944 0.215417 1.06334 0.0366629 87.9935 0.0198514 0.0174895 0.762544 31.5553 2.1997 3.24103 
0.0101499 1.23763 0.00571602 9.22179 0.0490981 75.6043 1.86691e-05 0.376453 0.0190671 0.0197946 0.0816194 24.543 0.000852563 0.000126926 0.513621 33.6574 2.72025 8.43772 
2.63302 0.00287527 2.80769 0.0107788 5.451 0.733759 9.5274 0.0188222 0.000171561 2.53712 0.00754249 1.07235 7.2918 0.000302162 1.41975 49.4007 1.84303 5.28955 
0.0096713 0.00338474 1.34382e-05 8.40855 0.000494355 1.46107 0.0949534 2.924 0.241765 1.24474 0.0732265 315.917 0.00635702 5.50843e-05 0.776223 26.6452 4.48454 3.03702 
0.000126966 0.428346 0.00233249 0.129442 9.3017e-05 12.4798 0.000685394 0.3392 0.354144 3.81536 0.0717545 62.0205 0.000223195 2.16183e-05 1.05598 13.2204 2.32034 9.44439 
0.0493468 0.000172171 0.0922534 0.183649 2.8817 0.0371591 0.00096775 4.98136 0.0373102 0.0760769 1.55016 168.881 0.00370813 0.00951033 1.22843 7.27302 2.57557 6.63317 
0.000694718 0.00139839 2.19981 3.26024e-05 4.06996e-05 0.376957 1.94794e-05 0.0739939 0.0165832 0.0172512 0.824171 224.483 0.000247907 0.000303968 4.13145 47.2005 2.06854 0.2918 
0.653547 0.0856348 0.00143051 0.000105448 0.0485689 356.24 0.818166 0.10903 0.00988487 66.523 4.30126 60.2964 0.828132 6.49689e-05 2.58413 22.5417 1.40319 3.86184 
0.0634642 6.52105e-05 0.000106414 4.3177e-05 0.00116174 156.608 1.68482 0.300541 0.0516157 3.09054 2.63142 155.587 0.113646 0.00490094 0.807803 6.97582 3.30267 9.47816 
0.000324732 0.0515833 0.0176392 1.08793 0.456506 5.94756 0.0375093 2.2166 0.834694 20.0449 0.135116 201.12 0.00270518 0.000250695 1.83435 4.63582 2.50578 6.24739 
2.00874e-05 1.24156 4.96542e-05 0.394465 6.94322 19.8124 0.00977455 1.47108 0.154245 10.0257 3.88523 337.981 9.0245e-05 2.79556e-05 1.02763 14.1571 1.63319 1.70678 
0.00721197 0.457247 0.251404 6.41215e-05 6.92945 0.0203382 0.000114887 4.19578 0.0276088 4.48397 0.790921 200.864 0.443515 0.000277191 1.56461 12.4501 1.48918 5.06563 
0.087094 0.0256837 5.65264e-05 0.714957 7.40144e-05 223.199 0.000371227 0.161527 0.0782988 5.30231 4.52498 145.436 0.317618 0.000892526 1.78208 36.9734 2.1497 0.796658 
0.000111243 6.9412e-05 0.000258818 0.0235754 0.421606 467.209 3.93854 1.05578 0.0502721 0.809694 0.349209 56.2122 0.000122672 1.20034e-05 0.802129 40.2857 1.11221 8.6008 
0.00805588 0.145134 0.00142915 0.00172141 0.000129954 1.49227 0.000306982 1.74078 0.200778 0.303165 0.0286338 333.56 0.072151 2.78547e-05 1.97864 2.24644 2.07015 8.64419 
0.000284698 0.000216231 0.0895102 0.00962114 0.627039 5.12259 0.000537619 0.909951 0.0695207 0.330837 0.0206001 147.184 0.000142177 0.0306576 2.46973 7.59525 1.18992 4.41186 
0.607472 2.25199 3.90508e-05 0.163691 2.54922e-05 1447.26 3.5609 4.11107 0.0153187 0.433791 8.24467 183.19 0.00400691 0.000605132 5.83882 18.3369 1.00572 2.34663 
8.12165e-05 0.000554627 0.0604293 4.07354 0.122198 0.0272794 0.00550395 0.271164 0.342692 39.3709 0.165738 144.305 3.09509e-05 0.000289041 1.02589 27.6548 5.46805 1.43656 
1.68065e-05 4.16341e-05 0.0125573 0.340756 0.0480593 0.034524 2.60888e-05 3.22668 0.0295256 0.37353 1.05337 350.879 0.000121729 0.000957293 1.47796 11.7951 2.66613 3.14609 
1.13565 0.000542685 0.14056 0.03507 0.00264252 11.7722 0.0272578 4.3501 0.325779 0.892119 0.387213 132.58 0.00646389 0.000566451 0.926287 32.1234 1.78247 1.40378 
9.68199e-05 0.297162 6.37618 0.000304004 0.0833193 547.743 0.0241928 0.162129 0.0148902 0.0132394 1.5982 174.976 0.0091972 0.0168092 1.11392 9.30407 1.86214 4.2916 
0.811519 0.760595 0.000144032 0.00880649 0.000100884 0.108 1.66832e-05 6.84828 0.139937 0.106774 0.0113007 395.856 0.00108259 0.000945986 1.3876 40.3276 1.23797 0.948105 
0.0122627 0.152681 0.00108653 0.000518463 6.83039 3.27862 0.000114662 0.465541 0.72111 466.183 2.60537 121.336 0.00179044 0.0819946 2.51242 11.5404 1.9487 2.10977 
0.0143189 0.000122362 4.61163 0.00181979 0.00172469 280.176 0.0457162 0.0722859 0.108336 0.484849 0.396045 12.0989 0.000255182 0.0181626 1.30163 35.6225 1.39877 3.56227 
6.35205e-05 4.20403 8.16141 0.0247366 0.00672197 1221.85 0.28506 0.197884 0.186856 13.3915 0.431846 216.832 0.255023 3.49803e-05 1.10879 4.48005 1.2733 9.06921 
0.486785 0.620119 5.57896e-05 0.0078849 0.0133156 46.8336 0.194533 0.799665 0.0153742 0.077927 0.10838 429.18 4.38793e-05 0.0022063 0.964931 46.3921 2.97788 0.429391 
0.000350113 0.00383559 0.209292 5.71093e-05 0.82616 718.18 1.35096 0.799228 0.0831796 0.219451 0.549107 407.938 0.00140556 0.00359578 4.9163 2.5358 0.845286 6.84801 
0.000933266 0.106471 0.0580195 0.0017339 1.9661 0.541443 0.473018 0.00086008 0.0222584 4.69484 0.0568519 1.1005 9.0178 0.00469835 3.3093 38.3446 1.13167 6.00289 
0.0259884 0.000125653 0.0200173 0.116985 0.000116361 2.06487 0.100864 0.974096 0.123965 71.7928 2.74759 109.947 0.0106512 0.0441605 2.90895 37.378 1.61964 2.22566 
0.13022 0.00126373 1.95935 0.0146896 0.022498 34.3268 0.0229462 0.436929 0.0352571 0.186955 1.60436 71.1948 0.0792991 6.99364e-05 3.94049 15.2549 1.03721 4.23187 
0.00408434 6.29803 0.000447677 1.77273e-05 0.000180594 149.041 0.0269019 0.535012 0.15145 127.901 6.55044 320.511 0.000276218 0.000300981 3.92766 27.5339 1.29247 0.594907 
0.000770319 1.33875e-05 0.106461 9.24855e-05 0.00320626 13.8037 2.43981 0.65265 0.212458 1.50312 0.00248454 364.423 0.00025126 0.000713042 1.30385 28.6569 1.31292 0.791607 
0.113402 0.000278599 0.0187685 0.000133603 0.000838925 4.36846 0.0258835 1.35491 0.166611 1.72437 1.85084 405.648 0.00872912 0.0109751 3.71004 10.049 1.16851 0.321437 
0.0487762 0.00937565 0.0349306 0.801253 1.01872e-05 141.198 0.00477011 0.0298515 0.00860954 2.65007 3.87243 367.671 0.0348769 0.0696749 1.278 4.03436 4.25237 3.80912 
0.000170491 0.0571 8.32679e-05 0.000354299 0.0248174 1.37981 0.012577 0.214112 0.00993515 0.0233158 9.52312 122.006 0.00550394 0.0240812 1.09713 11.6839 2.47939 4.51274 
0.00127925 1.14707 0.00547642 8.57133e-05 0.729125 981.838 4.57271 4.36158 0.130135 1.49281 0.207589 203.371 0.000145593 0.000695913 4.70741 22.0165 1.32936 2.00867 
0.15961 0.011252 0.0128068 8.31589 7.45316e-05 2.697 3.2808e-05 1.84553 0.418336 497.156 6.13685 163.311 5.44859e-05 0.0367821 8.9979 23.9102 1.53901 1.89765 
1.1786e-05 1.19277 0.165946 0.781904 0.0930934 0.0178758 0.369939 6.13007 0.152127 29.2662 0.435833 47.6174 0.00165342 4.74348e-05 1.26014 48.7425 1.2022 7.0167 
0.000248857 3.04572 0.0044204 0.0176373 0.000590423 2176.52 0.0092119 1.51563 0.0233107 0.0597587 0.13223 433.046 0.227903 1.91504e-05 2.2211 2.60689 1.46773 4.38392 
0.560047 0.623901 1.32615e-05 0.252079 0.000179968 166.195 1.88015e-05 1.07471 0.100124 0.697528 0.167967 284.449 0.00112131 0.00709054 3.46758 2.83046 1.20694 6.031 
0.000107431 0.00437113 0.000371717 1.52989 5.49104e-05 0.151324 0.00265237 0.367918 0.0535175 9.27784 8.64974 52.3033 0.000120131 0.000194806 9.63675 28.8803 0.761546 5.98026 
0.000499806 3.95058 0.430101 0.05283 0.000293601 312.348 0.144858 2.20872 0.0512245 3.16337 6.59289 166.905 0.0110267 0.00228996 2.59142 31.2447 1.4487 3.37379 
0.000220672 0.659134 0.260621 0.0505276 0.245572 0.0867931 0.00354879 0.0972246 0.851051 109.588 0.243034 54.5222 0.147792 5.62169e-05 0.888539 15.6762 5.21381 8.96791 
0.0107146 7.89278 0.00382811 0.000574975 0.00851391 4.85281 0.000161128 2.23613 0.0171297 0.301826 5.71541 96.4251 0.000159211 0.000195054 1.08553 48.0289 2.20194 2.53422 
9.19091e-05 0.0983892 1.56366e-05 0.00219669 7.45543e-05 2630.13 0.000354318 2.11401 0.11626 0.498117 0.0737571 406.235 0.000460679 0.173262 6.18323 18.8694 1.34534 1.45899 
0.0103856 0.97904 1.73233 0.31896 0.000542756 0.141255 2.22915e-05 6.01789 0.689083 36.6418 0.415814 421.291 1.49376e-05 0.00176498 2.13791 20.8055 0.872807 2.44923 
1.06631 0.00117966 0.334141 0.00270136 4.82855 0.753927 0.000830578 0.350114 0.0107544 1.95158 1.80782 17.7741 0.000321771 0.000169631 1.40462 34.8035 1.61417 3.48687 
0.000263186 0.00312638 0.0384404 0.0142532 0.0237772 318.84 0.000436884 0.18444 0.0196166 0.0128728 0.269266 403.979 0.00537103 0.272795 1.95916 4.85414 2.24162 2.47138 
0.000855097 1.16485 0.00845482 0.00425711 0.249809 22.9028 0.222146 3.7211 0.0363718 0.0420989 0.070198 457.242 0.00113254 0.000398558 5.95105 30.9653 1.02148 2.03057 
0.00137076 0.0265882 0.272757 0.195419 0.00650133 53.5997 4.82034e-05 0.719278 0.00501722 0.705442 4.65844 81.5332 0.0167298 0.149303 9.04748 21.1473 1.22709 9.13263 
0.0233283 1.07757e-05 0.00246858 2.6253e-05 0.00026716 641.331 0.0252571 0.828362 0.108327 5.18367 0.557632 237.967 0.129176 3.67851e-05 6.13326 8.15133 0.976627 6.9931 
2.22751e-05 0.0156345 0.791884 9.60086e-05 0.0940279 647.734 6.35839e-05 0.380344 0.0275042 0.48819 0.425334 61.7735 0.0196279 0.0677212 2.42534 21.6963 1.2959 3.26572 
5.2328e-05 0.000923536 0.00028902 1.28313 7.53076 17.4856 2.16979e-05 9.47819 0.203113 165.053 9.4216 156.526 0.000220103 0.000535235 1.16662 44.4274 1.53464 2.54881 
0.000142497 0.000534706 2.49866 0.000653066 0.0787362 2.36763 0.00411925 3.40075 0.631798 37.9878 1.47333 51.5304 0.000200149 0.0239453 3.38743 44.2754 1.57215 2.72111 
0.0055878 0.0300597 3.75172e-05 8.6351e-05 0.0732513 0.392672 0.0007067 0.897674 0.901314 117.089 0.619394 268.12 0.00373286 0.00017586 4.17191 43.7226 1.15462 0.446438 
2.27351 6.08166e-05 0.112627 4.35106e-05 0.0362392 0.577496 3.97208e-05 0.903812 0.134337 22.545 0.961127 292.585 2.44098 0.000920099 2.05329 17.4117 1.50143 1.79848 
0.0504337 0.899699 0.101287 0.4713 0.000253276 245.913 1.58547 0.701196 0.194558 118.452 7.06977 163.166 0.0253995 0.0391645 1.10162 11.9792 5.49838 7.45738 
0.0195121 9.23619 0.0114046 0.000271851 0.00012189 537.526 0.000420713 0.412572 0.119553 0.0119187 0.00380134 344.184 9.78398e-05 0.014878 3.9938 17.7216 1.56995 0.770773 
0.111452 0.0955518 3.40114e-05 0.344357 1.52643 817.3 3.93567 2.60764 0.00499617 0.0562784 4.38974 409.367 0.000217062 0.000200443 0.977633 28.0773 1.77881 0.569025 
0.000524969 0.00122353 0.0273596 0.0623384 0.000530437 1831.06 4.91001 1.92411 0.140569 3.41848 0.82291 253.048 0.00684278 0.00222621 1.84635 19.8464 1.03974 8.29081 
0.0125927 7.54916 0.00137217 0.000104562 6.56718e-05 141.864 0.00263458 1.59537 0.0433984 87.3809 2.32527 92.7319 0.0139982 1.2623e-05 1.0508 13.2624 3.66183 9.33259 
8.34032e-05 0.23206 0.00830415 0.00380023 8.18808e-05 2283.52 4.12375 1.15362 0.00210081 0.0161915 1.96486 465.53 0.000120438 0.0977237 0.987406 29.3357 3.28474 2.92017 
2.228 0.000736712 0.000970341 0.0949594 0.000474934 2791.65 0.00217136 9.07056 0.592715 193.151 2.89067 172.586 0.30537 0.00062526 1.44195 39.9859 2.3934 0.937804 
0.0483579 2.20035e-05 0.00691461 0.0075189 0.000531008 2189.92 9.93931e-05 0.105953 0.00768679 0.0639461 0.343441 74.3686 0.00168326 0.0180343 1.06829 25.248 3.55123 2.05868 
0.00185094 3.55283 0.0945473 9.65075e-05 9.65182e-05 0.0285893 0.000246456 1.27945 0.189364 15.6843 1.91475 149.436 1.17621e-05 0.00348585 2.92765 9.33613 1.03565 2.05675 
1.29165 0.00129945 7.53713e-05 0.000135469 5.90025e-05 3.58675 0.000406024 0.145617 0.137889 0.199166 0.0226359 50.661 9.8943e-05 6.2794e-05 1.08364 26.7657 2.93211 3.25134 
0.9065 5.5318 0.0105826 0.000295021 0.0743698 5.67029 1.85821 0.552328 0.0384141 0.0100284 0.00446596 29.3725 0.00906409 1.73461e-05 0.9346 18.0075 1.54895 5.71694 
0.000386781 8.8647e-05 0.00230549 0.214098 4.77473e-05 0.0127074 0.00145638 1.44419 0.0312251 0.420388 6.6217 329.059 0.150915 0.0246178 9.60959 47.6271 1.40283 0.501954 
1.00557 0.621167 0.000191742 0.361364 1.13326e-05 610.713 8.62643e-05 0.799735 0.0353475 0.100026 0.0354869 118.339 0.0119136 5.28627e-05 1.83998 28.8001 1.1397 0.991464 
0.214289 2.39978 0.00120145 3.17532e-05 1.60796 117.61 0.217568 1.0168 0.0842474 4.44728 5.59675 219.97 0.00882592 0.0018501 0.938751 17.2687 1.89812 3.52941 
0.00773659 0.000400896 5.02109 0.000297999 0.00189587 0.313444 0.675283 0.156363 0.0281155 0.232377 6.4696 183.94 0.0241152 2.89414e-05 4.04338 6.79266 1.14434 1.90445 
0.000190524 0.753047 0.000202001 0.0093764 0.000537666 0.142708 0.993701 1.23768 0.332805 0.312438 0.00879277 159.842 1.02771e-05 0.00692195 2.16996 38.3706 1.13165 2.10488 
5.51887 0.000664241 0.00190821 7.96641e-05 0.236472 1.78623 0.000472186 1.31669 0.202749 0.123458 0.00250807 22.7625 0.000497548 1.21043e-05 2.05159 21.0049 0.97882 8.36688 
0.958866 0.0154612 0.166178 9.75412 2.73013e-05 0.0671973 2.68845e-05 0.213083 0.110193 3.01361 0.186858 94.6617 1.56899e-05 0.0288254 6.85034 39.5825 1.1606 1.65283 
0.00135826 9.73738 0.00426895 1.95422e-05 0.00335553 0.350582 0.00735666 1.80072 0.0350845 0.968533 7.88657 174.861 0.0157354 0.00755445 1.04201 6.64526 2.58064 2.32145 
0.000331111 1.61628 0.000179916 0.939025 4.13454e-05 322.359 0.00201883 2.40126 0.073798 3.37793 1.4088 270.72 0.00562132 2.3718e-05 1.58408 11.0279 1.51825 4.50426 
0.0014338 0.0177396 0.000208315 0.000103731 2.2548 0.0806199 0.00755084 6.90421 0.373859 1.26807 0.100873 493.056 0.159473 0.00304862 2.31562 3.33135 1.66034 6.61247 
0.790384 0.0574759 0.000335615 0.181565 2.81372e-05 4.6778 0.000456491 2.74053 0.188968 0.100443 0.00542663 292.244 0.0187864 0.000717397 1.25987 30.6676 2.15413 0.339835 
8.66215 0.199388 0.000116471 0.978422 0.820206 363.098 0.00162532 0.809743 0.00178774 0.175954 4.04032 156.737 0.00146492 0.000852279 0.982045 18.6769 2.11165 1.20348 
4.80412e-05 0.349376 0.0256192 0.000727532 0.0029909 5.17945 0.00397524 0.404928 0.522213 1.44033 0.019969 298.047 0.0112802 0.0249667 2.56418 44.5723 1.62873 0.338505 
2.28861e-05 0.635287 0.00475213 5.04771e-05 6.32923e-05 2.81091 0.000868424 3.45417 0.108336 0.0849671 0.0469253 401.392 3.85337e-05 0.0109036 2.1026 24.3354 1.14213 2.11357 
0.189978 2.07466e-05 1.57655 0.0277325 4.03504 0.271191 0.000991099 2.17431 0.244238 3.36809 0.0412069 353.969 0.0108921 0.000283621 1.3056 9.48324 1.74033 1.70004 
2.87211e-05 1.80754 1.03767e-05 0.0198902 0.363267 0.205327 1.92338e-05 2.30418 0.121069 2.23948 0.0796441 83.6359 1.26817e-05 3.47178e-05 1.30804 12.3016 1.53483 5.9222 
