-1.79769e+308
-1.79769e+308
-1.79769e+308
-1.79769e+308
-1.79769e+308
-1.79769e+308
-1.79769e+308
-1.79039e+07
-1.52261e+07
-1.13804e+07
-4.51613e+06
-3.72107e+06
-2.69797e+06
-1.95211e+06
-1.58216e+06
-1.47609e+06
-1.15943e+06
-823856
-592926
-591985
-591985
-591985
-591985
-591985
-591985
-591985
-591985
-591985
-591985
-591985
-591985
-591985
-591985
-591985
-591985
-591985
-591985
-591985
-591985
-591985
-591985
-591985
-591985
-591985
-591985
-591985
-591985
-591985
-591985
-591985
-591985
-591985
-591985
-591985
-591985
-591985
-591985
-591985
-591985
-591985
-591985
-591985
-591985
-591985
-591985
-591985
-591985
-591985
-591985
-591985
-591985
-591985
-591985
-591985
-591985
-591985
-591985
-591985
-591985
-591985
-591985
-591985
-591985
-591985
-591985
-591985
-591985
-591985
-591985
-591985
-591985
-591985
-591985
-591985
-591985
-591985
-591985
-591985
-591985
-591985
-591985
-591985
-591985
-591985
-591985
-591985
-591985
-591985
-591985
-591985
-591985
-591985
-591985
-591985
-591985
-591985
-591985
-591985
-591985
-591985
-591985
-591985
-591985
-591985
-591985
-591985
-591985
-591985
-591985
-591985
-591985
-591985
-591985
-591985
-591985
-591985
-591985
-591985
-591985
-591985
-591985
-591985
-591985
-591985
-591985
-591985
-591985
-591985
-591985
-591985
-591985
-591985
-591985
-591985
-591985
-591985
-591985
-591985
-591985
-591985
-591985
-591985
-591985
-591985
-591985
-591985
-591985
-591985
-591985
-591985
-591985
-591985
-591985
-591985
-591985
-591985
-591985
-591985
-591985
-591940
-591940
-591940
-591940
-591940
-591940
-591940
-591750
-591749
-591748
-591722
-591705
-591180
-591180
-591180
-590999
-590997
-589147
-589147
-589147
-588541
-583826
-583826
-583657
-570777
-566651
-566531
-564433
-564427
-561452
-559565
-545882
-545713
-545704
-541370
-541329
-541160
-541159
-541150
-540800
-540330
-540324
-540305
-540129
-540072
-539092
-538930
-537264
-537206
-536962
-535388
-535386
-534732
-533310
-533290
-532542
-532473
-530380
-525787
-525271
-523558
-520543
-520017
-516941
-516923
-514790
-513765
-512734
-508036
-506504
-506087
-504405
-504392
-504302
-504019
-503903
-503496
-500728
-500311
-500304
-499519
-498515
-498312
-495224
-494001
-489149
-487947
-487714
-487611
-487161
-485859
-484062
-480175
-476155
-475175
-470816
-470755
-467255
-466844
-466765
-466232
-466031
-465110
-463918
-463905
-463753
-463352
-463294
-462402
-462377
-462005
-461846
-461738
-461325
-461318
-455870
-454435
-448485
-446331
-444374
-443255
-442296
-441566
-439704
-439464
-439451
-439004
-438975
-438625
-438329
-438138
-435519
-435275
-433726
-432685
-428970
-427589
-426713
-425683
-422767
-419127
-418328
-418297
-418237
-416581
-415838
-415834
-415795
-414169
-414001
-413129
-412495
-412494
-411927
-410159
-409721
-404890
-403051
-402777
-402471
-402001
-400149
-399945
-399320
-399220
-398234
-397147
-395985
-395233
-395145
-394224
-393486
-392910
-392113
-391448
-391231
-390822
-386686
-386311
-383609
-381646
-379295
-378270
-377117
-373347
-373134
-373103
-371317
-371006
-370656
-370482
-369870
-369075
-368910
-367088
-367043
-366891
-366470
-364025
-363522
-363180
-363164
-362388
-361308
-361220
-360784
-360463
-360101
-359107
-358859
-358302
-358285
-358253
-357937
-357338
-357032
-354325
-354294
-353021
-352632
-352379
-351004
-350200
-346987
-346169
-345680
-345178
-345131
-344119
-343298
-342054
-339683
-338571
-338568
-338521
-338473
-338452
-338422
-338104
-337634
-337336
-337286
-335480
-335359
-334802
-333827
-331093
-331088
-329244
-327712
-327147
-327052
-326989
-326936
-326850
-326804
-326334
-326128
-326078
-323999
-320375
-318446
-317614
-316728
-315457
-314904
-314196
-314148
-314126
-314088
-313774
-313703
-311835
-311224
-310624
-309874
-307746
-306721
-306527
-305336
-304923
-304847
-304419
-304056
-303615
-303566
-303429
-303421
-302412
-302076
-302043
-300059
-299706
-299389
-296501
-296229
-295972
-294910
-294502
-294100
-294041
-292274
-292079
-291210
-291163
-287652
-286896
-286492
-286451
-286287
-286185
-285918
-285901
-285799
-284467
-283965
-282731
-282417
-282214
-281809
-281511
-281358
-280671
-280467
-280447
-279834
-279481
-279105
-278944
-278691
-278429
-277984
-277812
-277540
-277398
-276727
-276722
-276478
-276289
-276123
-275802
-275762
-275379
-275212
-273818
-273803
-271972
-271963
-271252
-270856
-270667
-270373
-269949
-269676
-269595
-269536
-269091
-268550
-268530
-268100
-267043
-265880
-265763
-265674
-265420
-265245
-264851
-264771
-264117
-264036
-261048
-260198
-260030
-259736
-257762
-257488
-257090
-257060
-256774
-256522
-256475
-255294
-254807
-254781
-254691
-254568
-254378
-254250
-253761
-253383
-253026
-252241
-251625
-251386
-250433
-249866
-249827
-248813
-248308
-247997
-247008
-246219
-244796
-243900
-243814
-243757
-243426
-243101
-242818
-242639
-242614
-242474
-242269
-242196
-242147
-242012
-241780
-241555
-240930
-240714
-240504
-240376
-237643
-236832
-236772
-236542
-236483
-235817
-235486
-235484
-235422
-234446
-234055
-233816
-233649
-233449
-233364
-233094
-233077
-232690
-231832
-231451
-230914
-229314
-228887
-228639
-228545
-228298
-227879
-227767
-227414
-227237
-227173
-226730
-226586
-226416
-226140
-226102
-225248
-224962
-224581
-224387
-222022
-221796
-221548
-218869
-218814
-218667
-218165
-217868
-217821
-217700
-216881
-216716
-215936
-215926
-215565
-215081
-215046
-214196
-213919
-213750
-212342
-211717
-211589
-211443
-211309
-211162
-210626
-210146
-209976
-209734
-209451
-209331
-209319
-209298
-208750
-208357
-208264
-208121
-208020
-207580
-205640
-205570
-204523
-204161
-204108
-203520
-203017
-202903
-202786
-202687
-201912
-201474
-200647
-199224
-199020
-198794
-198486
-198287
-198143
-197857
-196965
-196235
-196139
-195694
-195171
-194968
-194541
-194469
-194300
-194065
-193606
-192987
-192894
-192095
-191905
-191802
-190697
-189737
-186560
-186529
-186473
-186313
-185831
-185764
-185044
-184442
-184182
-184076
-184032
-183912
-183743
-183578
-183503
-183137
-182546
-182328
-181748
-181696
-181590
-181268
-181204
-180915
-180487
-179427
-179387
-179355
-178777
-177812
-177619
-177185
-177132
-177071
-177026
-176867
-176696
-176472
-176438
-175426
-175236
-174996
-174961
-174473
-174148
-173831
-173476
-173411
-172845
-172769
-172416
-172300
-171581
-171566
-171258
-171030
-171013
-170913
-170860
-170743
-170239
-170234
-169060
-168357
-168261
-167999
-167819
-167773
-167466
-167377
-167357
-166994
-166542
-165931
-165643
-165506
-165118
-164950
-164314
-164066
-163716
-163712
-163665
-163401
-163347
-163344
-163215
-163086
-162701
-162218
-162190
-162080
-161936
-161920
-161806
-161478
-161308
-161004
-160997
-160641
-160514
-160276
-160127
-160069
-159913
-159684
-159494
-159282
-159262
-158933
-158325
-157878
-157608
-157491
-157312
-157022
-156981
-156920
-155950
-155930
-155423
-155022
-154873
-154726
-154511
-154054
-153438
-153347
-153314
-153055
-152576
-152331
-152011
-151914
-151794
-151687
-151384
-150888
-150641
-149950
-149870
-149869
-149606
-148919
-148565
-148479
-148459
-148133
-147900
-147846
-147471
-147377
-147376
-147170
-146914
-146798
-146722
-145902
-145770
-145625
-145373
-145285
-144417
-144379
-144336
-144296
-144290
-143845
-143819
-143688
-143304
-143095
-142893
-142300
-141991
-141400
-141247
-141108
-140905
-140562
-140131
-139999
-139887
-139475
-139274
-139211
-139200
-138880
-138604
-138582
-138515
-137719
-137711
-137609
-137294
-137060
-137034
-136956
-136743
-136738
-136296
-135803
-135775
-135692
-135649
-135429
-135107
-135065
-134885
-134186
-134184
-133884
-133778
-133699
-133476
-133228
-133223
-133173
-132616
-131944
-131341
-131298
-131121
-131119
-131012
-130800
-130592
-130371
-130234
-130164
-129885
-129871
-129829
-129559
-129531
-129191
-128658
-128544
-128431
-128371
-127906
-127870
-127790
-127766
-127517
-127126
-127050
-126998
-126955
-126897
-126878
-126840
-126827
-126582
-126458
-126210
-125898
-125888
-125109
-124840
-124787
-124716
-124640
-124365
-124099
-124006
-123977
-123954
-123890
-123660
-123556
-123131
-123065
-122973
-122917
-122511
-122364
-122346
-121769
-121567
-121445
-121317
-120733
-120231
-120200
-120114
-119816
-119443
-119327
-119326
-119221
-119016
-118777
-118661
-118495
-118266
-118164
-117862
-117751
-117723
-117715
-117655
-117403
-117382
-117162
-116782
-116727
-116091
-116083
-115847
-115576
-115423
-115374
-115371
-115022
-115019
-114888
-114872
-114857
-114741
-114446
-114320
-113922
-113537
-112915
-112893
-112877
-112674
-112532
-112447
-112194
-112125
-111630
-111376
-110913
-110869
-110748
-110634
-110563
-110559
-110271
-110089
-110033
-109648
-109513
-109336
-109243
-108942
-108751
-108643
-108568
-108409
-108344
-108324
-108306
-108246
-108238
-108006
-107842
-107431
-107135
-107067
-106999
-106752
-106737
-106456
-106119
-106047
-105881
-105860
-105557
-105523
-105498
-105397
-105338
-105262
-105217
-104954
-104935
-104727
-104662
-104485
-104346
-104260
-104170
-103848
-103511
-103479
-103402
-102994
-102427
-102157
-101827
-101811
-101766
-101571
-101494
-101395
-101340
-101267
-101230
-101163
-100667
-100537
-100459
-100246
-100239
-100225
-100207
-99802.9
-99519.2
-99396
-99268.7
-98815.2
-98753.6
-98726.1
-98586
-98576.8
-98403.3
-98388.2
-98200
-98039.3
-97955.8
-97946.8
-97698.8
-97670.9
-97575.9
-97557.2
-97496.2
-97449.4
-97329.9
-97219
-97053.8
-96822.6
-96799.8
-96715.8
-96481.4
-96326.7
-96307.9
-96066.3
-95858.1
-95813.7
-95772.3
-95710.1
-95446
-95325
-94937.2
-94921.9
-94889.2
-94803.8
-94788.7
-94652.3
-94621.7
-94567
-94079.6
-93938.5
-93931.6
-93546.5
-93464.7
-93430.4
-93361.7
-93167.2
-93153.6
-92959.8
-92697.7
-92680.5
-92547.5
-92494.3
-92430.2
-92398.8
-92316.1
-92110.7
-92044.5
-92038.6
-91967.4
-91866.9
-91648.2
-91373.1
-91306.9
-90938.7
-90890.3
-90711.6
-90615.5
-90511.6
-90401.9
-90379.3
-89739.8
-89643.6
-89603.8
-89594.3
-89566.3
-89267.2
-89166.5
-88704.7
-88514.4
-88404
-88275.5
-88186.3
-87990.3
-87929.1
-87787.6
-87780.9
-87716.9
-87609.1
-87604.9
-87602.4
-87592.8
-87570.1
-87552.9
-87501.3
-87488.1
-87360.9
-87246.8
-87216.2
-87199
-87168.3
-87125.1
-87016.9
-87013.8
-86818.3
-86796.9
-86755.9
-86618.5
-86605.5
-86569.7
-86522.1
-86512.3
-86238.1
-86220.6
-86001.9
-85949.8
-85820.8
-85751.7
-85707.7
-85657.7
-85601.7
-85557.5
-85520.4
-85468.2
-85375.5
-85324.1
-85232.3
-85051.9
-85031.2
-84738.2
-84462.9
-84212.1
-84032.9
-84017.2
-83998.4
-83897.3
-83802.8
-83386.9
-83296.3
-83210.4
-83194
-83127.8
-82892.7
-82802.3
-82796.9
-82766.5
-82742.9
-82609
-82506.4
-82494.4
-82486.7
-82474.1
-82440.8
-82438.7
-82251.4
-81954.5
-81925.9
-81731.9
-81697.3
-81643.3
-81643.2
-81583.4
-81581.2
-81510.3
-81506
-81383.2
-81371.6
-81276.3
-81218.3
-81205.1
-81068.6
-81041
-80922.1
-80839.3
-80762.7
-80759.7
-80569.8
-80546.9
-80508.4
-80420.5
-80300.3
-80242.8
-80174.4
-80164.6
-80134.5
-80063.2
-79935.4
-79860.7
-79780.3
-79655.1
-79609.4
-79494.4
-79430.5
-79361.3
-79252.3
-79170.7
-79004.5
-78945.7
-78916.6
-78865.2
-78810.9
-78785.3
-78769.8
-78627.9
-78592.5
-78404.9
-78369.5
-78343.6
-78178.5
-78114
-78062.4
-77947
-77691.7
-77606.8
-77601.7
-77587.7
-77569.8
-77557.3
-77144.7
-77136.6
-77095
-77094.6
-77001.5
-76894.6
-76849.1
-76696.1
-76689.1
-76396.3
-76371
-76345.9
-76319.2
-76165.3
-76151.4
-75925.7
-75903.4
-75855.9
-75642.4
-75640.4
-75566.8
-75382
-75381.1
-75161
-74908.1
-74903.5
-74887.5
-74878.6
-74770
-74376.8
-74321
-74197.4
-74140.7
-73989.6
-73986.7
-73968.4
-73731.7
-73497.9
-73493
-73404.2
-73399.2
-73156.7
-73104.5
-73090.4
-72972.9
-72827.4
-72821.6
-72493.2
-72486.1
-72418
-72290
-72114.8
-72111.4
-72088.8
-72062.3
-71773.4
-71640.7
-71607
-71507.7
-71481.8
-71351.6
-71349.8
-71328.1
-71266.4
-71023.4
-70965.8
-70787.2
-70769.8
-70605.8
-70585.3
-70505.8
-70493.5
-70330.1
-70278.1
-70182.9
-70059.8
-69989.6
-69939.3
-69895.4
-69874
-69696.2
-69674.8
-69526.8
-69519.5
-69321.8
-69187.4
-69137.4
-69034.3
-68973.1
-68951.4
-68902.4
-68876.7
-68875.5
-68590.7
-68524.2
-68421.2
-68414.7
-68404
-68220.1
-68115.3
-68113.6
-68113.3
-68013.3
-67967.3
-67824.4
-67822
-67728.7
-67653.1
-67560.8
-67433.2
-67417.8
-67392.2
-67302.9
-67191.6
-67055.8
-67044.3
-66994.2
-66973.4
-66925
-66882.1
-66773.8
-66769
-66670
-66656.3
-66632.2
-66610.5
-66534
-66429.4
-66376.6
-66315.4
-66254.3
-66243
-66191.3
-66039.8
-66019.6
-66018.8
-66004.1
-65951.6
-65911.7
-65907.8
-65830.5
-65710.9
-65588.8
-65571.1
-65428.6
-65423.2
-65389.7
-65378.2
-65374.3
-65285.8
-65223.3
-65216.5
-65210
-65166.1
-65117.8
-65081.5
-65042.4
-64962.4
-64961.7
-64863
-64855.8
-64851.8
-64675.4
-64615.1
-64531.5
-64513.3
-64471.6
-64459.3
-64334.7
-64327.6
-64270.1
-64159
-64139
-64117.6
-63951
-63936.1
-63927.5
-63886.4
-63885.1
-63757
-63753.2
-63707.5
-63580
-63559.4
-63486.4
-63382.4
-63264.4
-62970.4
-62863.5
-62863.1
-62765.1
-62680.3
-62667.5
-62518.8
-62146.1
-62100.7
-62047.1
-61634.4
-61571.8
-61563.6
-61496
-61464.7
-61127.2
-61083.3
-61071.5
-61020.5
-61007
-60978
-60940.7
-60691.5
-60593.6
-60520.2
-60400.6
-60379.9
-60360.5
-60241.4
-60153.3
-60136.6
-60041.2
-59947.6
-59913.7
-59902.7
-59888.3
-59886.3
-59785
-59779.2
-59773.4
-59695.1
-59627.4
-59624.1
-59562.9
-59498.4
-59288.5
-59262.4
-59257.9
-59224.5
-59223.7
-59195.3
-59066
-59040.2
-59033.3
-58920.6
-58863.1
-58822.8
-58786.1
-58647
-58526.9
-58483.7
-58411.2
-58332.2
-58320.2
-58314.6
-58266.1
-58263.6
-58156.3
-58095.1
-58054.2
-57982.1
-57893
-57752.3
-57746.6
-57699.2
-57663.5
-57663.2
-57647.6
-57633.7
-57608
-57543.9
-57297.1
-57249.8
-57218
-57186.4
-57096.6
-57004
-56998.6
-56981.7
-56835.7
-56763.1
-56664.5
-56590.8
-56421
-56392.6
-56304.6
-56196.1
-56137.4
-56125.5
-56125.4
-56055.7
-55882
-55807.8
-55761.7
-55729.1
-55679.5
-55672.5
-55665.5
-55651.6
-55602.9
-55557.1
-55540.2
-55496.9
-55452.8
-55446.8
-55443.9
-55361.5
-55276.8
-55251.2
-55248.8
-55185.8
-55128.9
-55128.3
-55084.4
-54998.9
-54867.2
-54793
-54652
-54636.4
-54602.6
-54551.2
-54503.9
-54489.4
-54488.8
-54412.5
-54360.7
-54322.3
-54321.5
-54171.7
-54149.6
-54091.2
-54084.9
-54019.7
-54009.8
-53979.5
-53777
-53747.1
-53625.8
-53614.8
-53559.3
-53276.9
-53257.1
-53243.7
-53182.6
-53097.9
-53048.8
-53004.5
-53000.5
-52969.5
-52909.3
-52875.1
-52829.2
-52799.4
-52713.5
-52651.8
-52517
-52500.9
-52469
-52383.8
-52371.2
-52339.4
-52261.8
-52185.6
-52032
-52029.6
-51841.5
-51768
-51762.2
-51748.1
-51718.7
-51706
-51617.7
-51592.9
-51589
-51550.1
-51442.8
-51441.1
-51439.1
-51433.8
-51410.5
-51326.4
-51311.9
-51289
-51261
-51231.4
-51174.5
-51121.5
-51111.4
-51067.3
-50945.1
-50933.3
-50887
-50781.2
-50683.8
-50663.1
-50638.3
-50575
-50498.8
-50477.5
-50475.1
-50425.1
-50422
-50396.5
-50339
-50274
-50259
-50247.1
-50241.5
-50176.6
-50162.1
-50087.2
-50042.5
-50011.3
-49921.9
-49825.3
-49793.5
-49786.1
-49773.9
-49763.1
-49727.3
-49664.1
-49659.9
-49643
-49516.1
-49497.1
-49490.7
-49473.2
-49437.3
-49424.5
-49396.2
-49362.8
-49315.9
-49270.9
-49221.7
-49164.6
-49099.7
-49055.3
-48833.9
-48813.9
-48799
-48789
-48772.6
-48745.5
-48674.4
-48655.8
-48642.4
-48562.2
-48418.9
-48338
-48263.8
-48232.9
-48221.9
-48201.4
-48197.7
-48145.2
-48129.3
-48118.5
-48117.3
-48116.5
-48088.7
-48074.3
-48022.5
-47833.4
-47832.3
-47828.5
-47820.7
-47698.8
-47680.2
-47633.9
-47629.1
-47623.7
-47590.9
-47581.9
-47564.7
-47531.9
-47518.7
-47495
-47490.8
-47435.7
-47340.8
-47324.1
-47246.5
-47240.8
-47208
-47202.1
-47150.1
-47085.3
-47068.2
-47062.3
-47038.2
-47024.1
-46966.1
-46963.6
-46888.4
-46881.2
-46855.8
-46845.4
-46829
-46816.2
-46794.5
-46758.1
-46630
-46556.7
-46552.5
-46539.9
-46524
-46522.1
-46508.5
-46489.7
-46387.3
-46349.6
-46339.1
-46285.9
-46281.7
-46265
-46210.2
-46149.7
-46039.9
-46038.7
-46011.9
-46007.7
-45979.9
-45862.2
-45799.9
-45753.2
-45750.1
-45736.7
-45646
-45640.6
-45567.6
-45563.4
-45552.5
-45513.3
-45507
-45477.4
-45475.1
-45467.7
-45426.4
-45423.5
-45365.4
-45325.5
-45320.6
-45299.5
-45296.1
-45283.3
-45066.6
-45031.7
-44982.7
-44954.3
-44943.7
-44941.2
-44927.1
-44924.9
-44918
-44886.2
-44804.3
-44803.5
-44801.2
-44770.9
-44723.8
-44587
-44551.1
-44547.9
-44545.3
-44533.3
-44523.8
-44461
-44448.5
-44403.1
-44386.9
-44313.2
-44226.1
-44199
-44186.9
-44125.2
-44109.5
-44107.8
-44065.3
-44027.3
-43966
-43965.2
-43936.5
-43881.1
-43806.2
-43801.1
-43704.1
-43678.9
-43661.4
-43649.2
-43600.6
-43575
-43513.8
-43491.5
-43411.6
-43383.6
-43346.8
-43337.6
-43304.6
-43216.5
-43214.7
-43200.7
-43169.3
-43159.4
-43132.8
-43117.3
-43052.2
-43018.6
-43006.5
-43003.9
-42981.1
-42923.2
-42882.1
-42826.8
-42817
-42775.8
-42735.4
-42727.6
-42704
-42692.1
-42604
-42533.4
-42499.6
-42477.6
-42446.8
-42419.4
-42405.5
-42399.9
-42391.7
-42374.5
-42362.9
-42272.4
-42265.5
-42260.9
-42259.1
-42202.6
-42165.4
-42152.1
-42140.1
-42128.8
-42100.9
-42062.4
-42056
-42016.1
-41987.5
-41984.3
-41963.9
-41959.1
-41952.9
-41932.5
-41866.3
-41818.2
-41747
-41721.6
-41686.7
-41636.9
-41633.6
-41619.6
-41616.6
-41581.3
-41521
-41511.1
-41470.3
-41449.1
-41365.2
-41344.1
-41330.7
-41319.8
-41222.8
-41205
-41190.4
-41175.8
-41175
-41155.8
-41127.1
-41113.2
-41100.4
-41080
-40999.8
-40920.9
-40896.7
-40886.1
-40876.5
-40853.8
-40846.4
-40840.9
-40835.3
-40816
-40770.7
-40769.4
-40734.4
-40712.4
-40702.3
-40682.3
-40661.9
-40632.3
-40607
-40603.5
-40597.5
-40568.2
-40554.2
-40547.8
-40520.1
-40472.1
-40459.4
-40431.8
-40421.3
-40405.6
-40354.8
-40318.1
-40298.6
-40286.5
-40185
-40177.5
-40143.8
-40081.5
-40056.4
-40028.6
-40027.9
-40002.6
-39988.9
-39946.8
-39869.1
-39866.9
-39865.8
-39849.3
-39821.8
-39757.1
-39662.1
-39565.7
-39496
-39484.7
-39468.4
-39439.7
-39436
-39421.6
-39406.7
-39339.2
-39330.3
-39267.6
-39266.7
-39264.1
-39247.7
-39228.1
-39161.6
-39145
-39140.5
-39138.3
-39116.7
-39103.4
-39083.4
-39051.5
-39019.9
-38858.7
-38847.1
-38836.8
-38741.9
-38739.1
-38724.7
-38686.6
-38636.9
-38626.6
-38603.7
-38599.3
-38597.5
-38583.2
-38571.3
-38557.5
-38550.9
-38507.3
-38482.2
-38480.9
-38452.5
-38442.6
-38433.1
-38419.5
-38417.5
-38411.5
-38408.9
-38386.5
-38350.9
-38299.5
-38268.2
-38225.1
-38209.9
-38205.9
-38183.7
-38159.5
-38133.3
-38125.2
-38068.9
-38021.8
-37914.2
-37900.2
-37858.5
-37853.1
-37827.1
-37820
-37803.1
-37711.1
-37704.7
-37671.8
-37627.3
-37627.1
-37624.7
-37595.6
-37576.8
-37562.9
-37554.5
-37554.1
-37517.1
-37513.5
-37443.1
-37442.7
-37403.9
-37377.8
-37363.8
-37356.9
-37350.2
-37324.3
-37317.4
-37305.8
-37304
-37283.9
-37273.7
-37267.4
-37208
-37206.9
-37192.4
-37173.2
-37166.5
-37158
-37149.5
-37129.3
-37114.5
-37074.8
-37018
-37014.9
-36995.7
-36991.8
-36986
-36957.4
-36946
-36911.7
-36884.4
-36822
-36816.8
-36796.1
-36795.5
-36782.6
-36772.5
-36759.5
-36696.8
-36648.5
-36626.9
-36593.8
-36582.6
-36558.5
-36537.6
-36519.5
-36500.6
-36476.2
-36408.9
-36392.8
-36381.9
-36344.7
-36290
-36274.4
-36266
-36254.6
-36242.9
-36179.9
-36162.2
-36138.4
-36137.4
-36132.1
-36100.6
-36087.2
-36021.5
-36001.1
-35995.8
-35973.4
-35955.7
-35948.8
-35922.5
-35911.3
-35889.7
-35843.1
-35838.6
-35826.1
-35803.8
-35803.5
-35759.7
-35745.6
-35740.6
-35716.8
-35643.4
-35607.2
-35567.2
-35518.8
-35486.6
-35474.7
-35473.9
-35471.7
-35471.2
-35461.6
-35456.8
-35455.4
-35406.9
-35398.5
-35372.1
-35363.1
-35342.5
-35307.5
-35266.7
-35232.1
-35232.1
-35193.3
-35173.6
-35158
-35119.8
-35111.9
-35078.1
-35062.7
-35047.7
-35027.9
-35013.3
-34998.7
-34997.9
-34994.3
-34971.9
-34965.8
-34957
-34949.6
-34829.4
-34825.9
-34825.3
-34709.7
-34645.9
-34597.6
-34593.8
-34591.5
-34580.3
-34574.2
-34557
-34545.2
-34479.4
-34466.2
-34452.1
-34344.5
-34260.6
-34166.1
-34126
-34125.9
-34063.4
-34059.7
-34044.3
-34039.4
-34018.7
-34003
-33974.6
-33964.7
-33936.6
-33893.5
-33891.3
-33855.7
-33853
-33828.5
-33784.4
-33754.8
-33603.4
-33574.8
-33555.2
-33496.4
-33446.4
-33416.4
-33376.4
-33374.3
-33371.2
-33315.1
-33265.8
-33264.1
-33248.1
-33245.1
-33202.5
-33200.8
-33168.8
-33159.2
-33145.3
-33130.4
-33110.5
-33084.5
-33026.7
-33024.7
-33006.8
-32969.2
-32968.8
-32950.2
-32948.6
-32936.5
-32917.4
-32898
-32896.2
-32870.6
-32868.4
-32862.4
-32850.5
-32845.2
-32842.7
-32818.9
-32798.3
-32789.9
-32773.8
-32667
-32570
-32533.9
-32476.5
-32455.8
-32428.9
-32415.9
-32411.9
-32406.5
-32372
-32365.1
-32353.8
-32338
-32333.1
-32319.7
-32272
-32241.9
-32213.2
-32141.6
-32100.8
-32078.2
-32059
-31976
-31941.5
-31925.2
-31915.4
-31901.5
-31897.5
-31867.7
-31849.8
-31805.4
-31795.1
-31794.6
-31775.2
-31747.8
-31741.9
-31720
-31715.3
-31714.7
-31706.8
-31703.3
-31702.9
-31701
-31686
-31680.8
-31623.8
-31615.2
-31592.1
-31559.4
-31543.3
-31535.5
-31535.2
-31527.4
-31518.7
-31518.2
-31474.8
-31426.8
-31416.5
-31361.9
-31349.3
-31323.3
-31303.4
-31237.5
-31216.4
-31214.7
-31186.9
-31172.6
-31145.9
-31129.6
-31112.1
-31075.3
-31048.3
-31031.7
-31014.4
-30999.6
-30964
-30962.9
-30939.5
-30934
-30925
-30924.8
-30920.1
-30886
-30842.3
-30831.5
-30823.2
-30814.1
-30778.8
-30665.4
-30615.7
-30589.2
-30577.1
-30574.9
-30571.4
-30565.3
-30521.9
-30506.5
-30505.8
-30453
-30426.1
-30384
-30366.3
-30324.8
-30320.4
-30297.4
-30250
-30218.2
-30200.3
-30191.2
-30167.2
-30150.8
-30148.6
-30120.5
-30113.8
-30107.9
-30070
-30063.3
-30049.8
-30019.8
-30005.6
-29998.6
-29985.5
-29963.5
-29934
-29933.7
-29929.2
-29922.3
-29915.3
-29877
-29852.8
-29831.3
-29823.7
-29772.7
-29761.3
-29750.9
-29710
-29695.5
-29692.7
-29676.6
-29665
-29614.7
-29597.5
-29583.2
-29536
-29524.2
-29516.8
-29502.9
-29442
-29420
-29415.9
-29398.3
-29373.9
-29371.3
-29337.8
-29318.8
-29313.3
-29308.1
-29266.7
-29258.7
-29221.5
-29216.9
-29213.6
-29212.2
-29188.7
-29167.7
-29160.5
-29159.6
-29113.8
-29065.4
-29061.9
-29009.6
-29001
-28916.2
-28829.2
-28788.9
-28783.8
-28735.3
-28727.3
-28724.3
-28711.8
-28700.3
-28698.3
-28655.1
-28564.2
-28543
-28522.8
-28503.2
-28502.4
-28480.7
-28449.5
-28425.6
-28419.9
-28405.4
-28377.7
-28341.3
-28263.8
-28238.9
-28231
-28227
-28195.2
-28135.9
-28129.7
-28129.3
-28126.4
-28111.3
-28108.2
-28061.8
-28057.5
-28017.2
-27988.7
-27984.4
-27944.5
-27910.1
-27891.8
-27885.2
-27882.3
-27881.5
-27863.8
-27783.3
-27783.2
-27759.5
-27697.1
-27692.9
-27605.3
-27599.4
-27573.7
-27552.7
-27546
-27469.6
-27441.6
-27408.6
-27388.2
-27372.7
-27365.5
-27306.2
-27292.7
-27273.3
-27263.7
-27260.3
-27229.4
-27217.7
-27187
-27126.5
-27115.3
-27085.1
-27064.4
-27054.3
-26913.1
-26747
-26745.5
-26738.8
-26730.1
-26712.5
-26711.3
-26673
-26672.2
-26645.7
-26604.7
-26582.9
-26567.1
-26562.3
-26543.4
-26524.1
-26517
-26510.9
-26509.9
-26406.7
-26347.6
-26329.9
-26317.6
-26253.6
-26242.7
-26235.1
-26218.5
-26183.9
-26181.5
-26179.3
-26132.5
-26085.5
-26055
-26013
-26009.1
-25988
-25921.6
-25916.5
-25911.1
-25910.5
-25901.1
-25896
-25883.1
-25881.4
-25855.5
-25854
-25849.9
-25832.9
-25827.3
-25782.2
-25747
-25735.9
-25724.7
-25720.7
-25705.2
-25693
-25686.8
-25655.7
-25649.1
-25644.3
-25643.8
-25621.3
-25614.9
-25602.8
-25520.7
-25499.1
-25482.6
-25474
-25430.4
-25347.9
-25291
-25264.5
-25249.4
-25225.5
-25224.2
-25198.2
-25166.4
-25152.3
-25145.7
-25126
-25106.3
-25039.6
-25034.6
-25029.7
-25028.9
-25022.5
-24977
-24975.4
-24913.9
-24883.2
-24882.6
-24870.3
-24839.8
-24825.9
-24823.8
-24798.1
-24771.6
-24717
-24715.2
-24675
-24621.3
-24601.3
-24595.6
-24583.6
-24579.2
-24572.1
-24501.3
-24492.4
-24481.6
-24472.7
-24467.3
-24465.7
-24453.1
-24418.8
-24405.5
-24393.5
-24378.6
-24378.2
-24369.7
-24330.1
-24314.6
-24300.7
-24294.1
-24270.9
-24256.9
-24252.6
-24240.8
-24234.5
-24219.5
-24176.5
-24151.1
-24145.1
-24117.7
-24107.5
-24104.8
-24102.4
-24088.3
-24083.9
-24067.7
-24055.5
-23997.7
-23960.8
-23947.5
-23882.2
-23876.4
-23828.9
-23815.1
-23772
-23735.3
-23693.1
-23618.6
-23614
-23574.8
-23568.9
-23553.4
-23532.6
-23528.9
-23519.2
-23489.3
-23470
-23454
-23366.1
-23364.9
-23362.6
-23358.8
-23342.1
-23304.3
-23281.2
-23241.8
-23226.1
-23220.5
-23211.3
-23169
-23149.2
-23112.9
-23096.7
-23080.6
-23078.8
-23064.4
-22995.3
-22958.1
-22924
-22920.4
-22912.8
-22859.8
-22853.2
-22851.6
-22823.6
-22786.5
-22779.9
-22766.1
-22742.8
-22731.2
-22723.2
-22711.5
-22675.7
-22672.3
-22665
-22656.3
-22641.2
-22630.9
-22626.5
-22616.2
-22580.5
-22570.4
-22565.2
-22532.7
-22520.3
-22495.1
-22457.3
-22419.9
-22415
-22408.9
-22382.8
-22357.4
-22343.3
-22326.2
-22318
-22317.9
-22301.5
-22294.9
-22288.5
-22257.6
-22255.4
-22253.3
-22242.3
-22235.8
-22234
-22232.9
-22194.3
-22172.9
-22159.8
-22139.6
-22113.7
-22103.3
-22087.8
-22038.3
-22008
-21976.4
-21973.4
-21948.8
-21943.3
-21876.9
-21855.1
-21796.9
-21787.3
-21775
-21774.2
-21771.3
-21770.8
-21766.2
-21755.7
-21703.4
-21702.9
-21693.7
-21690.8
-21655.6
-21654.2
-21628
-21620.6
-21601
-21582
-21577.9
-21570.5
-21541.6
-21530.9
-21530.4
-21506.7
-21496.7
-21462.7
-21455
-21415.4
-21362.7
-21351.4
-21320.8
-21313.7
-21305.6
-21282.2
-21272.4
-21259.6
-21254.8
-21224.3
-21216.1
-21203.2
-21189.7
-21171.7
-21124.9
-21062.9
-21045.8
-21042.4
-21038.4
-21030.1
-21013.1
-20994.1
-20984.6
-20945.8
-20922.9
-20899.3
-20891.6
-20885.5
-20869
-20866.2
-20838.9
-20801.2
-20800
-20768.8
-20719.6
-20714.1
-20712.1
-20683.4
-20674.2
-20606.4
-20602.7
-20599.8
-20577.6
-20567
-20565.3
-20556.4
-20527.9
-20511.9
-20487.5
-20482.3
-20468.9
-20457.8
-20439.7
-20432
-20428.6
-20421.9
-20395.5
-20355.4
-20343.3
-20329.6
-20327.9
-20300.5
-20297.1
-20290.6
-20253.6
-20253.5
-20250.4
-20237.6
-20099
-20097.5
-20045.2
-20042.7
-20012.9
-19990.5
-19978.5
-19969.7
-19952.6
-19950.5
-19944.5
-19924.7
-19862.7
-19860.7
-19839.6
-19828.6
-19808.3
-19805.9
-19768.5
-19724.7
-19714.7
-19692.3
-19685.6
-19661.1
-19657.2
-19599.6
-19581.8
-19526.2
-19516.3
-19507.5
-19490.2
-19485.9
-19456.2
-19454.2
-19450.6
-19444.1
-19437
-19418.6
-19407.8
-19370.3
-19331.2
-19319.1
-19310.5
-19296.5
-19287.6
-19279.4
-19262.3
-19258.5
-19232.3
-19220.4
-19219.8
-19180.5
-19175.1
-19163.5
-19138.5
-19078.5
-19059.6
-19033.2
-19031.1
-19000.9
-18987.1
-18973.7
-18969.3
-18964.7
-18958.1
-18945.4
-18943.2
-18933.8
-18889.9
-18829.1
-18787.8
-18771
-18745.9
-18701
-18691
-18667.7
-18650.8
-18639.1
-18630
-18622.2
-18602.7
-18583.8
-18583.7
-18578.9
-18576.2
-18558.2
-18546.9
-18500.7
-18483.2
-18481.9
-18465.1
-18435.5
-18426.4
-18422.4
-18406.6
-18390.7
-18383.1
-18360.3
-18355.9
-18316.3
-18251.6
-18248.1
-18240.5
-18234.5
-18217.7
-18194
-18184
-18181.6
-18168.7
-18134.6
-18131.7
-18129.6
-18061.8
-17999.8
-17999.4
-17989.2
-17986.3
-17942.8
-17941.1
-17938.3
-17932.6
-17930.5
-17907.6
-17862.1
-17836.3
-17817.8
-17810.2
-17800.4
-17791.2
-17783.7
-17763.2
-17758.4
-17753.4
-17747.4
-17717
-17714
-17713.5
-17698.2
-17666.8
-17658.6
-17654.8
-17635.7
-17615.7
-17609.7
-17608
-17591.2
-17584.5
-17579
-17562.4
-17549.7
-17539.4
-17524.1
-17511.8
-17507.5
-17484.7
-17475.5
-17462.6
-17457.1
-17432.8
-17429.1
-17414.8
-17397.2
-17391.3
-17386.5
-17385.8
-17370.2
-17370.1
-17344.7
-17330.8
-17312.8
-17301.8
-17300.7
-17289.8
-17256.2
-17240.9
-17237.9
-17217.5
-17214.4
-17195.8
-17190.5
-17189.5
-17188.5
-17176.1
-17161.1
-17130.3
-17129.6
-17126.9
-17101.1
-17098
-17087.6
-17076
-17070.6
-17064.3
-17017.6
-17002
-16997.7
-16962.9
-16958.8
-16956.5
-16911.9
-16902.4
-16897.7
-16874.5
-16872.3
-16868
-16864.1
-16846.9
-16838
-16832.9
-16831.7
-16827.3
-16827.3
-16823.8
-16784.4
-16770.5
-16763.1
-16756.9
-16748.5
-16744
-16708.1
-16700.8
-16699.2
-16688.4
-16684.3
-16669.4
-16660.4
-16658.1
-16655.1
-16652.7
-16623.7
-16590.2
-16583.5
-16577
-16539.3
-16530.5
-16470.2
-16468.5
-16459.3
-16448.7
-16432.4
-16429.4
-16380.6
-16377.1
-16375.8
-16373.2
-16363.4
-16357.3
-16316.4
-16304.9
-16287.4
-16282.9
-16261.4
-16246.2
-16239.1
-16234.7
-16226.3
-16226.2
-16204.4
-16200.5
-16198.5
-16167.6
-16133.2
-16127.9
-16099.6
-16091.9
-16088.9
-16076.6
-16061
-16060.6
-16043.3
-16041
-16030.8
-16020.8
-16013.3
-16006.1
-15994.8
-15975.5
-15971.3
-15970.8
-15956.3
-15943.5
-15936.6
-15895.8
-15895.6
-15892.9
-15865.8
-15861.3
-15813.8
-15801.5
-15755.4
-15742.6
-15729.5
-15724.9
-15718.8
-15684.7
-15672.4
-15669.2
-15634.9
-15599.4
-15551.6
-15536.3
-15508.2
-15499.8
-15489
-15465.4
-15454.4
-15433.2
-15430.3
-15416.8
-15383.9
-15379.2
-15362
-15315.5
-15304.5
-15299.8
-15266
-15257.5
-15240.5
-15222.1
-15210.3
-15207
-15206.4
-15197.4
-15194.2
-15182.7
-15164.6
-15132.5
-15131.2
-15114.3
-15111.4
-15093.2
-15074.4
-15053.6
-15052.4
-14995.5
-14979.6
-14963.8
-14946.7
-14929.2
-14921.3
-14813.9
-14731.8
-14730.2
-14710
-14686.4
-14654
-14645.2
-14640.8
-14635
-14635
-14625.9
-14615.6
-14610.1
-14608
-14604
-14596.7
-14567.7
-14562.4
-14556.9
-14556
-14530.9
-14520.2
-14517.5
-14500.6
-14479.4
-14464.4
-14421.5
-14407.9
-14392.5
-14383.7
-14377.9
-14371.9
-14351.3
-14345.7
-14330.8
-14309.1
-14296.1
-14287.4
-14265
-14254.3
-14244.4
-14240.3
-14240.3
-14202.9
-14202.3
-14201.9
-14195.8
-14176.5
-14173.5
-14162.5
-14145.4
-14122.9
-14103.5
-14100.4
-14098.6
-14094.4
-14092.2
-14083.4
-14075.2
-14049.9
-14034.1
-14024.1
-14010.7
-14003.2
-14003.2
-13978.8
-13930.9
-13910.1
-13895
-13888.6
-13886.1
-13869.3
-13848.5
-13847.1
-13844.8
-13843.3
-13832.7
-13827.9
-13779.8
-13731.3
-13723.2
-13718.4
-13703.6
-13692.4
-13640.2
-13615
-13610.1
-13608.6
-13596.5
-13550
-13546.1
-13538.2
-13488.4
-13473.7
-13467.8
-13385.2
-13359.2
-13353.5
-13334.9
-13317.5
-13306
-13288.5
-13272.9
-13267.1
-13262
-13241.4
-13235.2
-13221.3
-13211.1
-13207.9
-13197.8
-13185.9
-13184.7
-13164.2
-13157.9
-13116.2
-13112.7
-13106.5
-13087.1
-13077.7
-13070.7
-13058.9
-13019
-12986.9
-12974.9
-12971.5
-12966.8
-12951.1
-12941.1
-12932.5
-12925.4
-12881.7
-12870.3
-12852
-12845.3
-12829
-12827.9
-12818.7
-12816.5
-12814.4
-12803.2
-12801.5
-12790
-12768.1
-12758
-12691.9
-12690.6
-12686.3
-12684.7
-12681.8
-12670.6
-12664.3
-12661.7
-12658.6
-12569.1
-12553
-12545.9
-12527
-12518.7
-12481
-12469.9
-12460.8
-12458
-12444
-12423.3
-12404.6
-12390.6
-12371.7
-12347.2
-12333.3
-12330.7
-12300.1
-12290.2
-12289.9
-12234.7
-12233.3
-12230.9
-12217
-12210.4
-12190.9
-12187.9
-12120.9
-12110.3
-12106
-12086.2
-12082.6
-12081.9
-12071.6
-12058.9
-12058.8
-12053.7
-12026
-12003.5
-12002.9
-12001.5
-12000.3
-11991.8
-11990.7
-11983.2
-11926.1
-11920.8
-11901.9
-11866.5
-11853
-11844.6
-11838.9
-11835.2
-11834.9
-11811.7
-11803
-11798.3
-11794.1
-11775.3
-11768.9
-11766.9
-11765.9
-11763.9
-11746.8
-11723.2
-11704.3
-11671.2
-11657.9
-11651.7
-11639.6
-11618
-11613.9
-11606.7
-11606.1
-11603.9
-11599.1
-11597.4
-11591.9
-11583.4
-11581
-11528.6
-11525
-11524.7
-11465.5
-11462.3
-11452.6
-11421.7
-11416.8
-11404.7
-11386.8
-11381.6
-11380.7
-11373.2
-11364.4
-11363.7
-11346.9
-11343.4
-11322.2
-11319.9
-11285.3
-11267.7
-11265.8
-11264.7
-11258.4
-11239.3
-11220.9
-11197.3
-11196.7
-11180.4
-11165.8
-11142.3
-11134.9
-11126.9
-11120.2
-11091.1
-11080.8
-11079.3
-11066.8
-11064.3
-11062.7
-11053.8
-11045.9
-11045.8
-11040.9
-11018
-11014.5
-10955.4
-10952.4
-10949.1
-10941.9
-10919.2
-10918.9
-10892.8
-10890.7
-10874.9
-10860.4
-10854.1
-10827.9
-10785.5
-10783.4
-10781
-10771.1
-10762.1
-10736.7
-10723
-10707.1
-10692
-10686.7
-10685.9
-10676.8
-10666
-10623.3
-10602.5
-10600.5
-10589.3
-10572.2
-10559.4
-10555.8
-10548.2
-10522.4
-10510.4
-10508
-10503.7
-10495.1
-10470.7
-10460.4
-10457.8
-10444.5
-10438.3
-10437.6
-10436
-10413.6
-10409.5
-10407
-10400.9
-10398.8
-10390.4
-10383.6
-10358.1
-10344.6
-10342.7
-10336.8
-10298.2
-10290.5
-10271.8
-10264.3
-10251.2
-10241.3
-10231.8
-10220.6
-10192.4
-10186.2
-10183.6
-10174.8
-10164.3
-10160.3
-10152.4
-10136.4
-10125.7
-10125.3
-10113.3
-10101.4
-10088.6
-10082.4
-10074
-10073.3
-10062.5
-10045.7
-10042.4
-10038.1
-10034.1
-9993.5
-9967.87
-9955.41
-9942.27
-9940.89
-9913.14
-9909.34
-9908.03
-9892.33
-9881.44
-9879.91
-9857.3
-9838.34
-9827.64
-9813.74
-9813.71
-9803.33
-9797.21
-9784.69
-9765
-9763
-9758.14
-9756.34
-9731.63
-9692.93
-9665.33
-9648.17
-9546.3
-9517.9
-9505.68
-9503.7
-9490.32
-9475.25
-9471.39
-9468.27
-9460.49
-9442.52
-9384.57
-9382.12
-9378.88
-9368.07
-9352.04
-9345.92
-9341.29
-9341.22
-9340.31
-9332.99
-9317.92
-9306.54
-9287.68
-9281.89
-9273.96
-9256.51
-9252.31
-9232.88
-9226.59
-9219.96
-9190.9
-9190.09
-9185.2
-9168.39
-9156.52
-9149.93
-9146.87
-9122.02
-9115.56
-9098.54
-9084.24
-9082.61
-9045.09
-9041.92
-9024.16
-9010.49
-9001.45
-8998.82
-8984.1
-8950.38
-8949.8
-8939.15
-8905.41
-8904.86
-8901.74
-8893.93
-8869.73
-8869.04
-8863.59
-8851.76
-8848.58
-8842.16
-8825.36
-8819.94
-8810.75
-8802.03
-8780.66
-8776.6
-8772.5
-8763.04
-8758.04
-8741.33
-8741.03
-8740.25
-8731.75
-8724.81
-8716.38
-8709.57
-8704.81
-8695.24
-8684.35
-8664.08
-8648.48
-8638.3
-8615.57
-8614.76
-8595.57
-8587.14
-8583.73
-8553.54
-8547.65
-8524.49
-8521.5
-8508
-8499.24
-8475.15
-8461.52
-8458.93
-8453.97
-8450.69
-8436.12
-8414.67
-8402.78
-8402.17
-8399.73
-8381.71
-8378.04
-8366.48
-8353.44
-8352.7
-8344.15
-8325.57
-8321.28
-8315.93
-8294.4
-8294.35
-8291.13
-8268.48
-8248.59
-8239.25
-8236.16
-8232.59
-8231.91
-8223.73
-8188.82
-8188.37
-8168.74
-8161.21
-8157.82
-8156.08
-8146.03
-8114.61
-8100.15
-8086.05
-8076.15
-8048.06
-8004.25
-8001.92
-7965.3
-7962.16
-7938.93
-7936.38
-7933.91
-7922.93
-7919.45
-7918.97
-7911.97
-7906.88
-7900.2
-7898.72
-7859.68
-7849.54
-7847.54
-7844.49
-7832.98
-7832.49
-7829.96
-7829.53
-7786.44
-7776.69
-7768.87
-7759.9
-7755.66
-7724.43
-7706.15
-7703.34
-7684.31
-7666.2
-7644.23
-7638
-7610.76
-7606.06
-7595.61
-7580.88
-7575.57
-7573.14
-7566.98
-7559.36
-7557.12
-7554.42
-7553.36
-7522.24
-7503.34
-7490.83
-7468.4
-7461.79
-7461.01
-7457.59
-7445.09
-7421.41
-7420.41
-7410.47
-7407.23
-7387.56
-7383.86
-7382.03
-7373.15
-7372.15
-7365.29
-7342.01
-7339.65
-7333.23
-7332.81
-7320.34
-7307.8
-7306.02
-7302.7
-7272.25
-7264.6
-7262.9
-7241.22
-7224.93
-7203.27
-7199.78
-7164.04
-7162.72
-7066.6
-7061.59
-7019.22
-7017.98
-6996.72
-6992.85
-6988.7
-6983.23
-6968.99
-6967.52
-6953.05
-6943.82
-6942.96
-6934.68
-6924.79
-6913.96
-6909.06
-6895.86
-6883.45
-6875.83
-6859.4
-6843.93
-6835.3
-6834.64
-6801.84
-6798.32
-6790.47
-6780.24
-6775.16
-6775.01
-6766.36
-6739.92
-6702.08
-6696.86
-6696.39
-6694.14
-6664.45
-6662.19
-6632.77
-6619.9
-6618.44
-6616.03
-6606.43
-6603.54
-6599.53
-6587.46
-6566.85
-6558.33
-6547.32
-6539.65
-6519.99
-6507.54
-6507.02
-6498.14
-6496.6
-6495.57
-6495.33
-6480.65
-6480.13
-6469.49
-6468.84
-6465.57
-6465.3
-6458.41
-6427.53
-6414.53
-6404.28
-6390.36
-6371.42
-6370.17
-6329.42
-6325.05
-6309.11
-6303.68
-6296.58
-6282.42
-6281.18
-6274.35
-6273.35
-6267.41
-6264.37
-6255.69
-6244.52
-6241.76
-6231.91
-6215.52
-6199.59
-6197.54
-6189.88
-6174.7
-6174.53
-6163.85
-6162.58
-6156.09
-6146.56
-6142.02
-6133.79
-6133.42
-6132.67
-6091.75
-6048.89
-6044.29
-6043.29
-6042.95
-6006.73
-6000.85
-5998.54
-5981.62
-5980.33
-5947.95
-5930.04
-5921.47
-5908.32
-5903.84
-5872.63
-5868.04
-5850.45
-5850.3
-5846.71
-5836.93
-5818.06
-5817.37
-5799.64
-5798.03
-5791.74
-5786.24
-5781.38
-5773.09
-5763.18
-5753.55
-5747.33
-5747.32
-5744.54
-5738.21
-5735.12
-5732.4
-5687.07
-5677.09
-5667.2
-5665.72
-5652.23
-5647.18
-5645.47
-5642.89
-5617.79
-5600.65
-5594.66
-5584.83
-5528.71
-5498.31
-5494.83
-5491.19
-5473.3
-5451.98
-5435.61
-5399.61
-5378.88
-5371.14
-5367.84
-5366.41
-5356.88
-5342.1
-5334.51
-5332.69
-5329.6
-5320.06
-5304.4
-5285.98
-5274.21
-5271.9
-5271.74
-5253.9
-5226.43
-5225.39
-5220.95
-5204.18
-5196.49
-5191.8
-5183.83
-5182.31
-5176.69
-5171.38
-5170.05
-5163.9
-5162.35
-5149.28
-5142.73
-5133.98
-5125.52
-5101.21
-5095.31
-5081.39
-5074.57
-5058.02
-5044.35
-5034.56
-5030.04
-5023.77
-5021.58
-5013.16
-4999.06
-4995.24
-4983.64
-4983.54
-4982.37
-4969.31
-4959.33
-4957.47
-4954.63
-4942.96
-4929.06
-4928.04
-4921.66
-4919.79
-4907.31
-4874.18
-4856.14
-4852.01
-4847.82
-4846.09
-4841.5
-4833.89
-4831.71
-4830.6
-4818.58
-4815.2
-4810.64
-4798.92
-4796.5
-4785.18
-4780.61
-4779.87
-4778.78
-4774.4
-4766.87
-4761.52
-4753.28
-4736.95
-4729.56
-4722.13
-4716.61
-4701.77
-4690.52
-4684.11
-4674.43
-4664.44
-4642.9
-4637.7
-4624.56
-4624.39
-4619.2
-4617.22
-4615.99
-4610.91
-4597.9
-4579.48
-4569.87
-4566.05
-4542.21
-4539.82
-4516.36
-4509.64
-4506.59
-4500.05
-4483.92
-4481.63
-4480.94
-4473.06
-4452.82
-4442.54
-4432.41
-4431.89
-4431.74
-4427.15
-4423.85
-4423.31
-4408.42
-4405.47
-4382.07
-4375.76
-4370.2
-4332.48
-4328.24
-4324.38
-4293.34
-4292.58
-4286.09
-4273.98
-4257.27
-4232.46
-4228.38
-4223.17
-4204.67
-4189.49
-4175.98
-4173.07
-4169.36
-4156.03
-4155.85
-4152.32
-4137.97
-4137.56
-4133
-4132.57
-4129.9
-4109.81
-4090.74
-4082.74
-4069
-4064.66
-4054.33
-4048.96
-4048.67
-4037.41
-4031.53
-4030.95
-4028.69
-3998.2
-3994.64
-3991.74
-3982.18
-3981.47
-3967.52
-3958
-3955
-3937.74
-3935.56
-3930.97
-3923.96
-3918.19
-3896.45
-3887.68
-3873.28
-3868.97
-3858.51
-3848.31
-3828.51
-3818.72
-3816.7
-3811.12
-3794.87
-3787.04
-3773.9
-3752.35
-3746.54
-3744.91
-3736.06
-3731.55
-3727.07
-3725.32
-3714.07
-3700.75
-3698.29
-3696.06
-3695.07
-3693.55
-3691.38
-3688.91
-3688.18
-3687.87
-3665.16
-3663.18
-3659.54
-3659.52
-3643.83
-3633.9
-3632.03
-3617.32
-3599.16
-3593.08
-3582.25
-3575.84
-3559.64
-3556.06
-3546.69
-3540.81
-3540.61
-3529.85
-3527.16
-3522.04
-3515.36
-3506.28
-3498.33
-3496.98
-3496.72
-3484.54
-3481.23
-3475.12
-3464.78
-3449.65
-3443.86
-3437.98
-3436.06
-3432.74
-3429.62
-3425.95
-3415.9
-3398.78
-3398.48
-3393.84
-3386.56
-3380.56
-3370.01
-3365.48
-3359.91
-3339.78
-3338.78
-3338.51
-3330.83
-3325.04
-3321.42
-3317.06
-3309
-3295.52
-3295.37
-3285.82
-3282.77
-3282.37
-3281.34
-3272.01
-3267.17
-3264.47
-3259.92
-3249.69
-3241.74
-3241.6
-3237.29
-3232.97
-3229.77
-3226.35
-3210.49
-3206.28
-3199.46
-3196.38
-3187.76
-3184.51
-3164.58
-3163.52
-3162.4
-3158.45
-3137.15
-3130.3
-3121.92
-3119.86
-3117.43
-3116.73
-3113.91
-3112.95
-3106.56
-3105.42
-3103.49
-3096.66
-3087.55
-3082.66
-3076.85
-3072.87
-3071.81
-3069.68
-3066.52
-3061.91
-3057.19
-3057.01
-3050.8
-3047.45
-3044.48
-3034.25
-3033.67
-3022.25
-3003.94
-2999.03
-2993.56
-2987.38
-2981.96
-2978.4
-2976.31
-2974.15
-2967.39
-2960.3
-2954.59
-2947.13
-2945.47
-2938.61
-2922.19
-2915.54
-2914.52
-2913.04
-2901.36
-2883.16
-2877.32
-2861.04
-2858.88
-2855.38
-2854.3
-2852.94
-2846.76
-2846.14
-2841.29
-2838.12
-2836.3
-2833.52
-2828.95
-2816.15
-2809.08
-2808.06
-2802.43
-2798.31
-2793.95
-2788.07
-2773.69
-2769.05
-2765.6
-2754.24
-2739.36
-2734.87
-2716.29
-2698.93
-2689.34
-2687.86
-2685.49
-2682.28
-2680.37
-2670.67
-2669.02
-2668.27
-2653.72
-2649.97
-2636.24
-2631.82
-2630.2
-2629.95
-2628.91
-2627.35
-2620.37
-2607.59
-2607.16
-2599.99
-2599.57
-2589.52
-2581.92
-2581.39
-2578.24
-2567.27
-2561.51
-2561.35
-2560.05
-2550.96
-2550.89
-2549.25
-2540.53
-2534.14
-2532.05
-2527.62
-2527.6
-2527.29
-2523.17
-2514.59
-2509.64
-2507.59
-2491.45
-2484.36
-2483.2
-2480.59
-2478.52
-2471.33
-2463.79
-2460.98
-2458.14
-2457.58
-2456.61
-2453.33
-2446.8
-2442.77
-2441.52
-2435.77
-2429.15
-2424.22
-2423.04
-2418.51
-2416.24
-2414.15
-2407.08
-2403.07
-2400.95
-2399.84
-2384.99
-2382.75
-2380.57
-2365.36
-2363.69
-2362.74
-2354.72
-2353.74
-2352.3
-2349.36
-2341.68
-2340.45
-2339.77
-2332.16
-2330.22
-2330.22
-2329.44
-2314.42
-2313.96
-2308.86
-2306.22
-2300.58
-2297.36
-2296.34
-2289.94
-2286.44
-2271.32
-2265.5
-2255.79
-2255.31
-2253.6
-2251.39
-2243.14
-2243.02
-2242.67
-2238.17
-2236.04
-2232.38
-2230.27
-2225.78
-2224
-2222.71
-2222.17
-2214.88
-2211.67
-2205.64
-2189.43
-2187.9
-2184.72
-2180.07
-2169.61
-2168.48
-2166.89
-2159.48
-2157.69
-2151.99
-2151.55
-2150.89
-2142.99
-2139.09
-2127.87
-2125.71
-2123.34
-2120.68
-2117.79
-2113.04
-2109.93
-2106.39
-2103.69
-2102.49
-2101.93
-2100.91
-2098.36
-2097.03
-2097.01
-2096.24
-2089.64
-2085.45
-2079.35
-2074.85
-2064.77
-2063.32
-2059.87
-2056.33
-2045.52
-2045.38
-2040.54
-2038.24
-2031.77
-2020.13
-2018.04
-2003.74
-1996.33
-1987.02
-1979.04
-1975.78
-1975.55
-1971.14
-1967.74
-1966.8
-1955.67
-1953.37
-1952.62
-1951.68
-1949.46
-1946.6
-1938.59
-1926.55
-1923.6
-1921.97
-1921.41
-1920.23
-1905.18
-1900.41
-1897.22
-1896.65
-1894.33
-1891.14
-1883.96
-1882.06
-1875.93
-1874.68
-1873.13
-1872.34
-1870.09
-1868.07
-1858.99
-1853.79
-1849.52
-1840.11
-1838.99
-1837.93
-1827.8
-1824.59
-1819.5
-1818.69
-1815.75
-1811.79
-1811.17
-1809.24
-1808.84
-1808.57
-1807.88
-1804.63
-1803.03
-1794.39
-1793.86
-1792.75
-1791.77
-1785.32
-1781.78
-1781.25
-1778.5
-1776.4
-1773.73
-1772.2
-1770.7
-1765.14
-1761.17
-1759.47
-1758.75
-1757.09
-1755.43
-1751.77
-1745.26
-1745.16
-1738.79
-1736.48
-1734.69
-1734.52
-1724.5
-1718.91
-1717.06
-1715.38
-1709.25
-1708.58
-1703.05
-1702.74
-1699.42
-1695.9
-1681.22
-1678.13
-1676.85
-1676.11
-1675.27
-1673.53
-1668.99
-1660.85
-1655.41
-1655.23
-1654.79
-1646.35
-1642.4
-1637.8
-1635.22
-1631.07
-1626.93
-1626.21
-1625.46
-1625
-1621.81
-1621.28
-1613.72
-1612.88
-1612.72
-1612.59
-1611.57
-1603.79
-1601.04
-1599.29
-1594.3
-1592.76
-1590.03
-1583.26
-1581.38
-1581.34
-1576.6
-1572.98
-1572.35
-1570.07
-1561.33
-1557.41
-1556.43
-1556.41
-1548.05
-1545.85
-1539.36
-1538.89
-1532.3
-1531.97
-1528.04
-1523.98
-1521.86
-1519.67
-1518.85
-1511.53
-1509.92
-1504.91
-1504.13
-1503.4
-1502.01
-1496.32
-1489.08
-1483.39
-1481.62
-1476.85
-1475.54
-1464.84
-1460.52
-1459.04
-1458.65
-1458.09
-1451.78
-1451
-1441.33
-1438.02
-1437.75
-1433.65
-1431.37
-1431.15
-1427.45
-1426.2
-1424.37
-1423.31
-1422.14
-1420.73
-1419.37
-1419.1
-1415.63
-1407.89
-1407.88
-1404.87
-1400.16
-1399.41
-1397.82
-1395.2
-1395.12
-1394.8
-1390.8
-1386.45
-1385.71
-1385.57
-1383.6
-1382.31
-1380.54
-1380.54
-1379.58
-1375.44
-1361.74
-1361.19
-1359.5
-1355.04
-1353.38
-1353.25
-1349.25
-1348.7
-1343.75
-1342.41
-1341.35
-1338.34
-1337.29
-1334.92
-1334.6
-1334.55
-1331.7
-1331.34
-1330.46
-1329.62
-1321.37
-1319.71
-1318.7
-1316.43
-1311.89
-1311.14
-1306.44
-1306.36
-1303.49
-1299.03
-1297.65
-1291.3
-1287.97
-1285.76
-1285
-1283.14
-1279.9
-1279.86
-1279.2
-1277.28
-1272.52
-1269.4
-1264.39
-1264.01
-1259.54
-1257.78
-1255.66
-1252.8
-1252.55
-1252.22
-1251.05
-1246.22
-1240.03
-1231.01
-1230.74
-1226.57
-1226.45
-1225.02
-1222.91
-1222.3
-1221.81
-1218.98
-1217.93
-1217.23
-1216.69
-1215.04
-1209.59
-1207.65
-1205.46
-1205.05
-1205.01
-1202.89
-1199.11
-1197
-1196.87
-1193.97
-1190.48
-1188.3
-1188.16
-1178.76
-1178.13
-1175.56
-1169.83
-1167.66
-1165.81
-1163.13
-1161.48
-1158.53
-1158.06
-1157.67
-1154.4
-1153.25
-1144.67
-1141.16
-1140.21
-1139.78
-1136.84
-1134.03
-1133.9
-1130.48
-1122
-1114.51
-1113.72
-1106.74
-1106.25
-1102.71
-1101.25
-1101.25
-1095.55
-1094.38
-1092.01
-1091.25
-1090.86
-1087.97
-1082.33
-1076.07
-1076.06
-1069.58
-1069.21
-1065.56
-1065.24
-1062.3
-1061.99
-1060.11
-1059.42
-1056.66
-1054.18
-1050.91
-1050.25
-1049.98
-1049.53
-1048.03
-1047.68
-1047.2
-1044.35
-1043.95
-1041.8
-1038.01
-1036.83
-1034.91
-1029.62
-1026.21
-1022.84
-1018.72
-1018.62
-1016.4
-1016.29
-1016.2
-1014.67
-1014.25
-1013.61
-1009.5
-1007.71
-1002.34
-1001.66
-998.559
-997.717
-997.09
-996.792
-994.866
-992.798
-992.056
-991.838
-988.506
-985.467
-978.515
-977.495
-976.896
-974.179
-972.084
-971.306
-969.304
-969.269
-962.288
-958.054
-958.032
-955.168
-954.638
-954.119
-952.229
-950.993
-944.578
-943.355
-943.097
-941.352
-934.574
-931.989
-931.176
-926.439
-925.64
-925.149
-924.704
-924.453
-923.639
-923.125
-921.368
-918.523
-917.351
-914.109
-913.762
-912.743
-911.289
-910.586
-909.219
-907.912
-907.778
-907.229
-906.828
-905.092
-899.134
-897.435
-896.029
-895.402
-895.084
-894.93
-894.602
-893.723
-892.375
-889.613
-886.082
-882.962
-881.814
-881.207
-880.68
-876.563
-876.185
-874.701
-872.453
-871.433
-868.929
-868.12
-867.157
-866.373
-866.128
-864.447
-861.536
-858.709
-853.398
-848.994
-848.768
-848.477
-848.385
-847.89
-847.258
-844.186
-842.612
-839.094
-837.559
-837.351
-835.823
-833.748
-832.488
-827.813
-827.804
-826.403
-825.599
-825.442
-823.285
-822.31
-818.489
-816.65
-816.167
-815.158
-813.498
-808.812
-807.329
-802.917
-802.047
-799.409
-795.01
-786.373
-786.111
-782.732
-782.181
-779.232
-779.032
-777.634
-775.359
-773.834
-773.102
-772.36
-770.864
-767.457
-765.603
-763.951
-763.524
-761.621
-761.352
-761.276
-758.137
-754.779
-750.545
-747.41
-746.622
-746.18
-743.494
-740.916
-736.928
-736.186
-735.523
-734.581
-731.967
-729.819
-728.261
-723.675
-719.621
-713.381
-712.527
-711.947
-707.359
-707.088
-707.014
-706.339
-703.43
-703.278
-700.896
-699.269
-694.422
-692.443
-685.297
-683.478
-680.297
-678.327
-677.222
-676.423
-672.518
-672.332
-671.111
-668.037
-665.202
-663.926
-662.54
-661.857
-660.902
-660.246
-659.179
-658.905
-657.844
-656.743
-656.569
-656.325
-654.739
-650.626
-645.179
-644.266
-643.469
-643.127
-641.837
-636.592
-634.557
-634.13
-633.308
-628.684
-626.165
-621.451
-617.854
-616.761
-616.368
-616.07
-614.44
-614.102
-612.582
-611.306
-610.696
-608.832
-608.134
-607.051
-606.09
-605.627
-605.022
-601.442
-600.713
-599.646
-599.362
-598.795
-597.052
-593.609
-592.131
-589.301
-585.506
-581.823
-580.965
-580.446
-580.037
-579.962
-579.401
-578.406
-576.807
-575.421
-574.446
-572.308
-571.42
-569.997
-569.325
-566.396
-565.209
-564.51
-563.983
-562.034
-557.348
-557.348
-556.922
-553.372
-552.636
-552.358
-552.311
-552.073
-550.672
-549.849
-549.075
-547.264
-547.098
-543.267
-541.855
-540.09
-539.909
-538.369
-537.318
-536.996
-536.824
-535.405
-535.373
-534.965
-534.876
-529.447
-526.546
-524.774
-524.633
-524.506
-521.231
-521.15
-519.562
-517.853
-517.388
-514.413
-514.264
-512.802
-512.779
-512.494
-512.032
-510.872
-510.466
-510.372
-509.229
-508.811
-508.111
-508.027
-507.234
-506.729
-506.528
-506.289
-506.043
-505.959
-505.345
-504.976
-503.304
-502.853
-502.829
-502.474
-501.589
-497.888
-496.512
-496.414
-494.809
-494.617
-494.437
-494.02
-490.167
-488.538
-488.522
-487.943
-486.79
-486.462
-485.605
-485.041
-483.931
-482.571
-482.325
-481.552
-481.41
-478.82
-476.247
-474.667
-473.35
-473.047
-471.284
-470.476
-470.211
-470.12
-469.622
-469.504
-469.045
-467
-466.847
-465.787
-463.962
-463.896
-463.312
-462.841
-460.442
-459.373
-459.14
-457.408
-456.554
-454.787
-453.737
-451.514
-451.037
-450.629
-450.617
-449.803
-447.811
-446.956
-446.781
-446.734
-445.646
-444.41
-442.237
-440.782
-439.849
-439.689
-439.245
-438.088
-435.763
-435.409
-434.654
-434.192
-433.492
-433.491
-433.244
-432.304
-431.624
-430.735
-428.912
-428.144
-427.569
-426.943
-426.737
-424.901
-424.645
-424.333
-423.712
-423.472
-422.81
-420.66
-419.176
-418.712
-418.443
-417.507
-417.255
-417.082
-415.412
-415.152
-414.126
-413.469
-413.015
-410.983
-409.639
-408.735
-408.39
-407.272
-407.114
-406.329
-405.043
-404.29
-403.957
-399.878
-397.469
-397.247
-397.173
-394.709
-394.238
-392.222
-392.165
-390.582
-390.026
-389.849
-389.613
-389.571
-389.557
-389.011
-388.499
-388.249
-388.068
-387.363
-386.467
-386.167
-386.104
-385.945
-385.75
-384.838
-383.453
-383.179
-381.285
-381.126
-380.745
-379.121
-378.799
-377.777
-376.435
-375.655
-375.463
-373.792
-373.342
-372.708
-372.702
-372.499
-371.705
-369.006
-368.542
-368.489
-368.288
-367.312
-367.065
-366.268
-365.802
-365.211
-365.186
-364.148
-363.888
-363.499
-362.762
-361.486
-361.484
-361.377
-361.178
-361.102
-360.536
-360.495
-360.339
-359.438
-359.287
-359.024
-358.601
-358.205
-356.279
-356.082
-355.916
-355.321
-355.288
-354.893
-354.762
-354.036
-353.972
-352.727
-351.752
-351.67
-351.45
-351.077
-350.841
-350.714
-350.504
-350.137
-350.075
-349.763
-349.537
-349.518
-348.077
-348.058
-347.402
-346.802
-345.792
-345.781
-345.641
-344.767
-344.761
-344.121
-343.667
-342.634
-342.417
-342.234
-342.114
-341.437
-340.912
-340.041
-339.351
-337.869
-337.336
-336.058
-335.924
-335.912
-333.651
-333.625
-333.283
-333.197
-333.125
-332.877
-332.42
-331.936
-330.979
-330.873
-330.581
-330.536
-330.013
-329.197
-327.98
-327.5
-326.9
-326.768
-326.12
-326.037
-325.593
-323.577
-323.27
-323.209
-322.947
-322.637
-322.25
-322.091
-321.845
-320.051
-318.399
-318.309
-317.671
-317.481
-316.855
-316.773
-316.518
-316.3
-315.219
-315.214
-314.538
-314.5
-313.739
-313.162
-312.513
-311.278
-310.782
-310.244
-309.255
-308.862
-308.351
-308.188
-306.991
-305.733
-305.348
-304.912
-304.815
-304.519
-304.347
-304.22
-303.775
-303.146
-302.447
-302.427
-302.107
-301.916
-300.989
-300.67
-299.18
-298.716
-298.632
-298.542
-298.391
-298.002
-297.601
-297.498
-297.267
-297.003
-296.328
-295.207
-294.427
-292.959
-292.627
-292.561
-292.511
-291.347
-290.965
-290.557
-290.297
-289.813
-289.518
-289.169
-289.142
-288.062
-287.214
-287.12
-287.029
-286.883
-286.311
-285.508
-282.825
-281.824
-281.795
-281.683
-280.809
-280.579
-280.574
-280.548
-280.414
-280.251
-278.677
-278.117
-276.719
-276.648
-276.572
-276.433
-276.328
-276.117
-275.6
-275.498
-275.012
-272.962
-272.456
-272.17
-271.83
-271.699
-271.639
-271.584
-271.495
-271.058
-270.077
-269.693
-268.816
-268.44
-268.195
-267.646
-267.14
-267.017
-266.748
-266.714
-266.231
-265.766
-265.711
-265.671
-265.461
-264.917
-264.59
-262.73
-262.544
-261.931
-261.573
-261.48
-261.454
-261.302
-260.898
-259.909
-259.9
-259.536
-259.358
-258.829
-258.703
-258.343
-257.649
-257.254
-257.237
-256.859
-256.847
-256.637
-256.569
-255.926
-255.817
-255.611
-255.248
-255.168
-254.786
-254.509
-254.478
-254.004
-253.953
-253.827
-253.548
-253.372
-253.33
-251.947
-251.887
-251.565
-250.971
-250.891
-249.807
-249.438
-249.375
-249.117
-249.115
-248.96
-248.738
-248.479
-248.341
-248.274
-248.124
-248.04
-247.898
-247.537
-247.408
-246.131
-246.05
-246.014
-245.83
-245.707
-245.091
-245.071
-245.059
-244.971
-244.366
-244.034
-243.171
-242.933
-242.334
-241.744
-240.603
-240.515
-240.429
-240.035
-239.409
-238.419
-238.341
-237.909
-237.56
-237.241
-236.54
-236.303
-236.053
-235.619
-235.216
-235.163
-235.02
-234.863
-234.228
-234.104
-233.976
-233.927
-233.77
-233.703
-233.601
-233.188
-233.054
-232.877
-232.79
-232.772
-232.702
-232.697
-232.549
-232.232
-232.152
-232.15
-230.686
-230.661
-230.305
-230.107
-229.996
-229.948
-229.196
-228.989
-228.856
-228.432
-228.417
-228.325
-228.256
-227.523
-227.365
-225.385
-225.197
-224.458
-224.214
-224.057
-223.708
-223.682
-223.676
-223.479
-223.335
-223.265
-222.494
-222.396
-222.372
-222.231
-222.212
-222.107
-221.552
-221.146
-220.688
-219.258
-218.889
-218.45
-218.081
-217.946
-217.91
-217.366
-217.273
-216.822
-216.763
-216.433
-216.275
-215.528
-215.508
-215.501
-215.284
-215.031
-214.997
-214.97
-214.645
-214.119
-213.977
-213.821
-213.483
-213.183
-213.04
-212.985
-212.663
-212.616
-212.509
-212.416
-212.3
-212.251
-212.222
-211.919
-211.893
-211.65
-211.422
-211.262
-210.626
-210.508
-210.481
-210.346
-210.311
-209.309
-209.115
-209.053
-208.936
-208.724
-208.709
-208.704
-208.675
-208.34
-208.278
-208.177
-208.017
-207.973
-207.904
-207.728
-207.492
-207.42
-207.376
-207.218
-207.027
-206.934
-206.854
-206.84
-206.746
-206.705
-206.666
-206.345
-205.945
-205.927
-205.618
-205.508
-205.423
-205.369
-205.18
-205.05
-204.898
-204.823
-204.66
-204.646
-204.563
-204.562
-204.116
-204.105
-203.889
-203.882
-203.839
-203.69
-203.345
-203.106
-202.925
-202.91
-202.787
-202.639
-202.505
-202.417
-202.299
-202.199
-202.189
-201.764
-201.626
-201.618
-201.611
-201.563
-201.417
-201.198
-201.158
-201.144
-201.032
-201.013
-200.902
-200.893
-200.813
-200.739
-200.644
-200.574
-200.531
-200.478
-200.451
-200.444
-200.426
-200.325
-200.201
-200.087
-200.048
-199.941
-199.779
-199.73
-199.698
-199.539
-199.468
-199.259
-199.25
-199.144
-199.06
-198.877
-198.847
-198.603
-198.554
-198.508
-197.951
-197.929
-197.893
-197.838
-197.836
-197.774
-197.764
-197.595
-197.569
-197.473
-197.449
-197.401
-197.387
-197.375
-197.358
-197.302
-197.266
-197.246
-197.225
-197.159
-197.099
-196.978
-196.824
-196.772
-196.749
-196.685
-196.681
-196.541
-196.458
-196.382
-196.353
-196.273
-196.253
-196.195
-196.079
-196.023
-195.941
-195.909
-195.899
-195.862
-195.861
-195.691
-195.374
-195.362
-195.257
-195.062
-194.964
-194.785
-194.784
-194.645
-194.617
-194.573
-194.339
-194.269
-194.105
-194.069
-194.066
-194.049
-193.972
-193.954
-193.941
-193.918
-193.859
-193.802
-193.741
-193.709
-193.588
-193.585
-193.483
-193.307
-193.146
-193.092
-193.061
-193.011
-192.945
-192.913
-192.813
-192.641
-192.615
-192.602
-192.569
-192.539
-192.509
-192.494
-192.44
-192.424
-192.335
-192.264
-192.21
-192.184
-192.015
-191.923
-191.773
-191.753
-191.693
-191.639
-191.639
-191.6
-191.576
-191.473
-191.405
-191.396
-191.36
-191.359
-191.298
-191.285
-191.279
-191.272
-191.256
-191.153
-191.138
-191.074
-191.01
-190.837
-190.783
-190.762
-190.758
-190.745
-190.729
-190.623
-190.62
-190.564
-190.497
-190.43
-190.406
-190.343
-190.334
-190.308
-190.298
-190.236
-190.191
-190.128
-190.081
-189.892
-189.886
-189.871
-189.859
-189.808
-189.74
-189.737
-189.59
-189.451
-189.418
-189.385
-189.346
-189.326
-189.295
-189.232
-189.223
-189.19
-189.153
-189.073
-189.019
-189.008
-188.968
-188.958
-188.95
-188.925
-188.891
-188.858
-188.854
-188.801
-188.795
-188.671
-188.639
-188.614
-188.592
-188.543
-188.542
-188.494
-188.491
-188.483
-188.475
-188.451
-188.386
-188.369
-188.341
-188.322
-188.303
-188.292
-188.276
-188.274
-188.234
-188.228
-188.199
-188.172
-188.162
-188.134
-188.131
-188.115
-188.064
-188.044
-188.034
-187.999
-187.952
-187.933
-187.916
-187.899
-187.896
-187.836
-187.833
-187.81
-187.774
-187.708
-187.675
-187.648
-187.646
-187.637
-187.607
-187.528
-187.477
-187.441
-187.404
-187.371
-187.342
-187.292
-187.181
-187.166
-187.156
-187.151
-187.14
-187.124
-187.08
-187.053
-187.035
-187.008
-186.962
-186.954
-186.914
-186.866
-186.856
-186.795
-186.765
-186.732
-186.715
-186.713
-186.7
-186.684
-186.664
-186.617
-186.588
-186.5
-186.374
-186.371
-186.253
-186.245
-186.237
-186.237
-186.218
-186.171
-186.152
-186.063
-186.053
-186.035
-185.958
-185.919
-185.868
-185.855
-185.849
-185.76
-185.755
-185.728
-185.727
-185.706
-185.703
-185.685
-185.657
-185.648
-185.595
-185.593
-185.559
-185.525
-185.503
-185.455
-185.374
-185.321
-185.309
-185.272
-185.228
-185.223
-185.107
-185.102
-185.081
-185.038
-185.019
-184.98
-184.968
-184.902
-184.898
-184.892
-184.889
-184.855
-184.848
-184.818
-184.766
-184.72
-184.683
-184.678
-184.669
-184.639
-184.621
-184.617
-184.61
-184.604
-184.601
-184.529
-184.528
-184.51
-184.501
-184.49
-184.487
-184.482
-184.476
-184.458
-184.453
-184.447
-184.44
-184.432
-184.388
-184.386
-184.376
-184.344
-184.28
-184.238
-184.233
-184.199
-184.119
-184.011
-183.988
-183.986
-183.986
-183.981
-183.981
-183.944
-183.934
-183.89
-183.877
-183.866
-183.849
-183.849
-183.846
-183.837
-183.813
-183.777
-183.764
-183.741
-183.741
-183.73
-183.659
-183.627
-183.596
-183.594
-183.588
-183.577
-183.559
-183.543
-183.54
-183.538
-183.511
-183.509
-183.467
-183.466
-183.462
-183.458
-183.443
-183.402
-183.402
-183.39
-183.388
-183.387
-183.367
-183.347
-183.345
-183.3
-183.299
-183.238
-183.225
-183.222
-183.213
-183.165
-183.147
-183.122
-183.11
-183.098
-183.093
-183.035
-183.025
-183.017
-183.001
-182.991
-182.97
-182.891
-182.859
-182.794
-182.753
-182.717
-182.677
-182.672
-182.654
-182.64
-182.634
-182.573
-182.541
-182.398
-182.394
-182.363
-182.356
-182.355
-182.332
-182.331
-182.33
-182.319
-182.309
-182.282
-182.273
-182.232
-182.175
-182.141
-182.141
-182.112
-182.108
-182.099
-182.079
-182.068
-182.066
-182.057
-182.055
-182.045
-182.04
-182.036
-182.021
-182.014
-181.996
-181.973
-181.958
-181.957
-181.946
-181.945
-181.857
-181.85
-181.848
-181.84
-181.828
-181.82
-181.787
-181.778
-181.746
-181.743
-181.742
-181.739
-181.725
-181.722
-181.722
-181.721
-181.706
-181.702
-181.672
-181.669
-181.665
-181.653
-181.629
-181.62
-181.599
-181.59
-181.534
-181.534
-181.519
-181.51
-181.507
-181.493
-181.491
-181.484
-181.462
-181.426
-181.411
-181.381
-181.356
-181.353
-181.347
-181.333
-181.332
-181.331
-181.331
-181.329
-181.325
-181.312
-181.307
-181.268
-181.255
-181.24
-181.225
-181.187
-181.179
-181.096
-181.093
-181.063
-181.056
-181.053
-181.052
-181.007
-181.005
-180.963
-180.908
-180.907
-180.878
-180.858
-180.854
-180.843
-180.836
-180.833
-180.831
-180.779
-180.764
-180.761
-180.732
-180.728
-180.682
-180.655
-180.654
-180.635
-180.565
-180.543
-180.523
-180.515
-180.505
-180.49
-180.478
-180.475
-180.436
-180.407
-180.406
-180.364
-180.357
-180.335
-180.317
-180.296
-180.286
-180.267
-180.264
-180.242
-180.242
-180.241
-180.234
-180.221
-180.207
-180.201
-180.175
-180.174
-180.168
-180.167
-180.142
-180.138
-180.132
-180.123
-180.121
-180.11
-180.054
-180.036
-180.013
-180.008
-179.994
-179.983
-179.974
-179.966
-179.951
-179.949
-179.941
-179.916
-179.906
-179.902
-179.893
-179.869
-179.833
-179.813
-179.809
-179.806
-179.788
-179.776
-179.772
-179.762
-179.754
-179.75
-179.746
-179.746
-179.738
-179.721
-179.712
-179.705
-179.699
-179.69
-179.645
-179.641
-179.627
-179.627
-179.613
-179.564
-179.55
-179.544
-179.54
-179.533
-179.532
-179.528
-179.508
-179.487
-179.472
-179.469
-179.465
-179.443
-179.441
-179.428
-179.404
-179.398
-179.374
-179.373
-179.338
-179.313
-179.309
-179.262
-179.261
-179.245
-179.215
-179.2
-179.191
-179.188
-179.142
-179.124
-179.114
-179.089
-179.063
-179.044
-179.004
-178.984
-178.979
-178.957
-178.953
-178.948
-178.945
-178.944
-178.944
-178.94
-178.921
-178.917
-178.9
-178.88
-178.873
-178.861
-178.857
-178.844
-178.843
-178.835
-178.802
-178.757
-178.733
-178.726
-178.705
-178.699
-178.669
-178.669
-178.643
-178.607
-178.552
-178.551
-178.53
-178.524
-178.517
-178.504
-178.488
-178.472
-178.458
-178.457
-178.441
-178.435
-178.434
-178.405
-178.397
-178.378
-178.354
-178.328
-178.324
-178.319
-178.311
-178.31
-178.306
-178.299
-178.286
-178.247
-178.237
-178.216
-178.213
-178.181
-178.175
-178.17
-178.142
-178.132
-178.111
-178.104
-178.088
-178.078
-178.063
-178.054
-178.048
-178.043
-178.027
-178.026
-178.024
-178.014
-178.011
-178.007
-178.001
-177.997
-177.984
-177.98
-177.963
-177.962
-177.958
-177.924
-177.923
-177.916
-177.915
-177.906
-177.888
-177.879
-177.872
-177.863
-177.851
-177.85
-177.845
-177.835
-177.821
-177.812
-177.79
-177.789
-177.779
-177.771
-177.758
-177.745
-177.745
-177.735
-177.734
-177.693
-177.691
-177.681
-177.672
-177.668
-177.666
-177.661
-177.653
-177.647
-177.64
-177.629
-177.625
-177.622
-177.62
-177.618
-177.581
-177.57
-177.561
-177.56
-177.555
-177.552
-177.534
-177.532
-177.529
-177.528
-177.524
-177.508
-177.508
-177.488
-177.484
-177.468
-177.464
-177.451
-177.431
-177.43
-177.423
-177.407
-177.385
-177.38
-177.361
-177.318
-177.308
-177.304
-177.297
-177.271
-177.268
-177.249
-177.239
-177.223
-177.221
-177.207
-177.199
-177.187
-177.187
-177.17
-177.163
-177.162
-177.154
-177.115
-177.112
-177.106
-177.095
-177.091
-177.074
-177.06
-177.059
-177.057
-177.021
-177.012
-176.999
-176.971
-176.966
-176.936
-176.933
-176.924
-176.914
-176.904
-176.893
-176.888
-176.887
-176.863
-176.858
-176.853
-176.82
-176.818
-176.808
-176.803
-176.802
-176.802
-176.799
-176.799
-176.796
-176.794
-176.785
-176.781
-176.759
-176.758
-176.753
-176.748
-176.746
-176.736
-176.733
-176.731
-176.724
-176.713
-176.698
-176.684
-176.679
-176.675
-176.658
-176.651
-176.646
-176.632
-176.609
-176.608
-176.606
-176.605
-176.602
-176.591
-176.591
-176.58
-176.571
-176.562
-176.545
-176.544
-176.537
-176.536
-176.515
-176.497
-176.466
-176.456
-176.439
-176.436
-176.427
-176.424
-176.42
-176.418
-176.373
-176.373
-176.371
-176.367
-176.366
-176.364
-176.344
-176.334
-176.327
-176.325
-176.288
-176.285
-176.281
-176.264
-176.241
-176.236
-176.234
-176.215
-176.189
-176.163
-176.16
-176.158
-176.127
-176.123
-176.107
-176.107
-176.102
-176.102
-176.101
-176.075
-176.072
-176.016
-175.999
-175.993
-175.989
-175.984
-175.97
-175.95
-175.941
-175.921
-175.916
-175.894
-175.874
-175.87
-175.87
-175.867
-175.867
-175.85
-175.842
-175.828
-175.824
-175.811
-175.81
-175.808
-175.805
-175.802
-175.801
-175.785
-175.784
-175.769
-175.746
-175.737
-175.737
-175.737
-175.726
-175.725
-175.718
-175.717
-175.697
-175.693
-175.688
-175.682
-175.678
-175.677
-175.676
-175.676
-175.657
-175.656
-175.654
-175.641
-175.64
-175.636
-175.633
-175.619
-175.616
-175.615
-175.603
-175.601
-175.592
-175.591
-175.58
-175.571
-175.568
-175.563
-175.562
-175.547
-175.541
-175.516
-175.5
-175.488
-175.488
-175.486
-175.469
-175.469
-175.441
-175.437
-175.436
-175.431
-175.422
-175.417
-175.413
-175.409
-175.407
-175.4
-175.391
-175.376
-175.358
-175.355
-175.329
-175.317
-175.314
-175.314
-175.312
-175.296
-175.286
-175.279
-175.266
-175.265
-175.265
-175.249
-175.24
-175.238
-175.236
-175.236
-175.233
-175.228
-175.218
-175.215
-175.212
-175.209
-175.209
-175.195
-175.185
-175.184
-175.181
-175.161
-175.16
-175.16
-175.155
-175.151
-175.144
-175.141
-175.133
-175.133
-175.12
-175.101
-175.083
-175.082
-175.069
-175.059
-175.058
-175.054
-175.042
-175.036
-175.029
-175.024
-175.019
-175.009
-175.001
-174.997
-174.992
-174.99
-174.967
-174.967
-174.95
-174.947
-174.936
-174.913
-174.911
-174.9
-174.894
-174.892
-174.882
-174.861
-174.856
-174.854
-174.852
-174.849
-174.83
-174.829
-174.822
-174.821
-174.809
-174.804
-174.798
-174.791
-174.778
-174.777
-174.772
-174.765
-174.765
-174.757
-174.753
-174.742
-174.739
-174.738
-174.731
-174.715
-174.708
-174.7
-174.695
-174.694
-174.693
-174.675
-174.674
-174.673
-174.672
-174.67
-174.664
-174.66
-174.655
-174.653
-174.651
-174.639
-174.634
-174.633
-174.63
-174.628
-174.619
-174.615
-174.609
-174.602
-174.582
-174.578
-174.57
-174.569
-174.553
-174.534
-174.527
-174.523
-174.52
-174.519
-174.506
-174.487
-174.483
-174.475
-174.472
-174.466
-174.459
-174.45
-174.441
-174.436
-174.408
-174.399
-174.397
-174.394
-174.365
-174.356
-174.353
-174.348
-174.333
-174.332
-174.315
-174.313
-174.313
-174.308
-174.305
-174.298
-174.294
-174.283
-174.281
-174.28
-174.273
-174.273
-174.27
-174.267
-174.264
-174.247
-174.245
-174.245
-174.228
-174.218
-174.21
-174.202
-174.193
-174.181
-174.177
-174.174
-174.166
-174.162
-174.162
-174.16
-174.159
-174.159
-174.147
-174.137
-174.126
-174.118
-174.111
-174.11
-174.096
-174.095
-174.089
-174.085
-174.081
-174.079
-174.073
-174.07
-174.054
-174.053
-174.05
-174.042
-174.033
-174.032
-174.03
-174.027
-174.024
-174.02
-174.018
-173.981
-173.975
-173.972
-173.969
-173.954
-173.944
-173.941
-173.937
-173.935
-173.934
-173.921
-173.919
-173.88
-173.87
-173.868
-173.867
-173.858
-173.858
-173.852
-173.851
-173.85
-173.849
-173.832
-173.831
-173.827
-173.824
-173.818
-173.799
-173.797
-173.789
-173.785
-173.77
-173.758
-173.757
-173.756
-173.753
-173.749
-173.744
-173.74
-173.739
-173.73
-173.729
-173.728
-173.723
-173.718
-173.7
-173.698
-173.694
-173.693
-173.691
-173.685
-173.681
-173.677
-173.649
-173.643
-173.641
-173.639
-173.631
-173.631
-173.621
-173.617
-173.595
-173.592
-173.587
-173.581
-173.58
-173.576
-173.568
-173.556
-173.553
-173.543
-173.533
-173.527
-173.525
-173.512
-173.509
-173.499
-173.489
-173.489
-173.479
-173.472
-173.461
-173.457
-173.453
-173.447
-173.423
-173.412
-173.405
-173.398
-173.394
-173.393
-173.391
-173.384
-173.382
-173.381
-173.38
-173.358
-173.358
-173.349
-173.344
-173.341
-173.34
-173.339
-173.336
-173.332
-173.306
-173.306
-173.304
-173.303
-173.302
-173.294
-173.292
-173.266
-173.263
-173.262
-173.254
-173.247
-173.246
-173.246
-173.23
-173.199
-173.187
-173.184
-173.183
-173.168
-173.156
-173.156
-173.155
-173.154
-173.147
-173.14
-173.139
-173.138
-173.138
-173.134
-173.126
-173.124
-173.116
-173.107
-173.104
-173.102
-173.101
-173.096
-173.086
-173.077
-173.07
-173.069
-173.061
-173.047
-173.037
-173.029
-173.029
-173.023
-173.017
-173.016
-173.015
-173.001
-173
-172.995
-172.988
-172.978
-172.966
-172.964
-172.96
-172.959
-172.942
-172.939
-172.928
-172.916
-172.915
-172.894
-172.889
-172.887
-172.885
-172.884
-172.882
-172.872
-172.871
-172.87
-172.859
-172.855
-172.854
-172.843
-172.842
-172.815
-172.813
-172.812
-172.812
-172.808
-172.805
-172.79
-172.789
-172.787
-172.782
-172.75
-172.749
-172.745
-172.745
-172.733
-172.732
-172.731
-172.729
-172.721
-172.717
-172.716
-172.715
-172.714
-172.711
-172.71
-172.699
-172.684
-172.676
-172.671
-172.666
-172.663
-172.643
-172.643
-172.629
-172.62
-172.614
-172.612
-172.601
-172.594
-172.593
-172.585
-172.582
-172.576
-172.57
-172.57
-172.564
-172.559
-172.555
-172.553
-172.55
-172.533
-172.529
-172.529
-172.525
-172.519
-172.513
-172.512
-172.509
-172.502
-172.501
-172.499
-172.499
-172.498
-172.494
-172.492
-172.488
-172.485
-172.483
-172.478
-172.477
-172.474
-172.467
-172.459
-172.457
-172.433
-172.413
-172.412
-172.409
-172.396
-172.369
-172.364
-172.362
-172.351
-172.348
-172.347
-172.339
-172.333
-172.332
-172.332
-172.323
-172.3
-172.286
-172.281
-172.277
-172.273
-172.269
-172.267
-172.265
-172.264
-172.264
-172.257
-172.256
-172.253
-172.252
-172.251
-172.227
-172.227
-172.194
-172.193
-172.186
-172.184
-172.177
-172.175
-172.173
-172.166
-172.165
-172.159
-172.155
-172.154
-172.151
-172.151
-172.141
-172.14
-172.14
-172.128
-172.127
-172.113
-172.102
-172.101
-172.098
-172.094
-172.085
-172.079
-172.063
-172.041
-172.04
-172.038
-172.032
-172.03
-172.02
-172.02
-172.011
-172.007
-172.006
-172.006
-172.005
-171.998
-171.99
-171.989
-171.984
-171.982
-171.98
-171.973
-171.966
-171.964
-171.959
-171.951
-171.95
-171.942
-171.933
-171.925
-171.917
-171.912
-171.909
-171.885
-171.88
-171.878
-171.863
-171.858
-171.845
-171.844
-171.839
-171.838
-171.83
-171.825
-171.824
-171.82
-171.803
-171.801
-171.8
-171.797
-171.79
-171.778
-171.778
-171.776
-171.771
-171.769
-171.764
-171.761
-171.76
-171.755
-171.753
-171.753
-171.751
-171.744
-171.742
-171.728
-171.72
-171.713
-171.708
-171.706
-171.702
-171.697
-171.694
-171.672
-171.671
-171.664
-171.663
-171.658
-171.653
-171.652
-171.642
-171.641
-171.635
-171.624
-171.618
-171.616
-171.61
-171.609
-171.605
-171.599
-171.596
-171.587
-171.571
-171.566
-171.561
-171.56
-171.559
-171.536
-171.534
-171.521
-171.518
-171.514
-171.514
-171.507
-171.505
-171.501
-171.497
-171.494
-171.487
-171.483
-171.469
-171.469
-171.467
-171.466
-171.465
-171.457
-171.457
-171.444
-171.436
-171.433
-171.425
-171.42
-171.415
-171.414
-171.413
-171.412
-171.406
-171.397
-171.385
-171.381
-171.379
-171.377
-171.376
-171.374
-171.365
-171.363
-171.361
-171.361
-171.356
-171.354
-171.353
-171.348
-171.342
-171.342
-171.335
-171.329
-171.327
-171.325
-171.325
-171.314
-171.31
-171.301
-171.299
-171.296
-171.291
-171.289
-171.283
-171.282
-171.276
-171.271
-171.27
-171.268
-171.267
-171.267
-171.265
-171.264
-171.263
-171.263
-171.262
-171.262
-171.256
-171.253
-171.251
-171.247
-171.237
-171.219
-171.214
-171.212
-171.211
-171.211
-171.204
-171.197
-171.193
-171.19
-171.183
-171.179
-171.171
-171.166
-171.164
-171.163
-171.161
-171.16
-171.156
-171.149
-171.139
-171.126
-171.126
-171.125
-171.124
-171.122
-171.119
-171.119
-171.096
-171.093
-171.092
-171.09
-171.088
-171.084
-171.081
-171.08
-171.077
-171.074
-171.066
-171.056
-171.044
-171.032
-171.032
-171.022
-171.018
-171.017
-171.016
-171.015
-171.008
-171.008
-171.007
-171.004
-171
-170.999
-170.997
-170.996
-170.984
-170.982
-170.979
-170.973
-170.962
-170.961
-170.959
-170.957
-170.952
-170.943
-170.943
-170.939
-170.938
-170.934
-170.934
-170.921
-170.907
-170.901
-170.9
-170.896
-170.888
-170.874
-170.857
-170.852
-170.846
-170.843
-170.842
-170.833
-170.832
-170.831
-170.825
-170.816
-170.813
-170.812
-170.802
-170.798
-170.797
-170.796
-170.786
-170.784
-170.784
-170.777
-170.775
-170.772
-170.768
-170.768
-170.761
-170.759
-170.758
-170.754
-170.753
-170.741
-170.74
-170.731
-170.73
-170.726
-170.725
-170.722
-170.721
-170.719
-170.717
-170.716
-170.711
-170.706
-170.698
-170.697
-170.689
-170.688
-170.684
-170.682
-170.682
-170.67
-170.669
-170.667
-170.667
-170.663
-170.662
-170.658
-170.655
-170.651
-170.646
-170.641
-170.637
-170.634
-170.633
-170.627
-170.624
-170.605
-170.579
-170.578
-170.571
-170.569
-170.568
-170.562
-170.558
-170.55
-170.545
-170.541
-170.541
-170.54
-170.539
-170.527
-170.525
-170.524
-170.519
-170.517
-170.517
-170.516
-170.511
-170.507
-170.502
-170.499
-170.49
-170.489
-170.48
-170.48
-170.477
-170.473
-170.471
-170.47
-170.469
-170.467
-170.464
-170.464
-170.455
-170.446
-170.445
-170.444
-170.438
-170.435
-170.431
-170.427
-170.426
-170.425
-170.424
-170.422
-170.419
-170.418
-170.417
-170.416
-170.409
-170.409
-170.404
-170.399
-170.399
-170.377
-170.37
-170.369
-170.368
-170.368
-170.366
-170.362
-170.362
-170.361
-170.353
-170.346
-170.346
-170.345
-170.338
-170.327
-170.323
-170.323
-170.323
-170.314
-170.313
-170.31
-170.306
-170.3
-170.299
-170.299
-170.294
-170.279
-170.271
-170.27
-170.267
-170.26
-170.259
-170.255
-170.253
-170.239
-170.237
-170.237
-170.229
-170.22
-170.216
-170.213
-170.212
-170.21
-170.208
-170.208
-170.204
-170.203
-170.198
-170.195
-170.188
-170.187
-170.186
-170.186
-170.182
-170.181
-170.179
-170.177
-170.169
-170.163
-170.153
-170.153
-170.152
-170.152
-170.149
-170.139
-170.122
-170.122
-170.121
-170.11
-170.11
-170.105
-170.099
-170.092
-170.086
-170.082
-170.08
-170.079
-170.077
-170.066
-170.062
-170.062
-170.061
-170.06
-170.057
-170.057
-170.051
-170.035
-170.033
-170.029
-170.019
-170.01
-170.01
-170.01
-170.009
-170.007
-170.005
-170.005
-170.002
-169.998
-169.996
-169.993
-169.993
-169.989
-169.969
-169.965
-169.964
-169.963
-169.961
-169.958
-169.955
-169.951
-169.948
-169.948
-169.946
-169.944
-169.938
-169.93
-169.927
-169.927
-169.924
-169.913
-169.912
-169.906
-169.902
-169.9
-169.899
-169.896
-169.895
-169.89
-169.887
-169.876
-169.874
-169.872
-169.87
-169.87
-169.864
-169.862
-169.857
-169.854
-169.854
-169.852
-169.849
-169.847
-169.846
-169.845
-169.843
-169.843
-169.841
-169.838
-169.832
-169.831
-169.826
-169.826
-169.821
-169.818
-169.816
-169.812
-169.812
-169.811
-169.809
-169.809
-169.801
-169.799
-169.794
-169.792
-169.787
-169.78
-169.78
-169.774
-169.767
-169.767
-169.759
-169.752
-169.747
-169.743
-169.739
-169.737
-169.734
-169.719
-169.717
-169.713
-169.713
-169.704
-169.7
-169.688
-169.686
-169.681
-169.678
-169.676
-169.673
-169.668
-169.666
-169.662
-169.661
-169.66
-169.655
-169.651
-169.649
-169.642
-169.64
-169.639
-169.634
-169.63
-169.626
-169.62
-169.619
-169.616
-169.613
-169.609
-169.603
-169.603
-169.594
-169.591
-169.59
-169.588
-169.581
-169.577
-169.575
-169.573
-169.572
-169.569
-169.566
-169.561
-169.559
-169.558
-169.558
-169.556
-169.554
-169.551
-169.549
-169.547
-169.547
-169.542
-169.541
-169.539
-169.537
-169.534
-169.522
-169.521
-169.52
-169.516
-169.514
-169.512
-169.511
-169.508
-169.502
-169.49
-169.484
-169.483
-169.47
-169.469
-169.461
-169.458
-169.458
-169.457
-169.454
-169.445
-169.443
-169.442
-169.441
-169.437
-169.432
-169.432
-169.429
-169.427
-169.427
-169.421
-169.418
-169.417
-169.414
-169.406
-169.405
-169.402
-169.401
-169.393
-169.384
-169.378
-169.373
-169.372
-169.367
-169.356
-169.349
-169.348
-169.34
-169.336
-169.329
-169.329
-169.329
-169.328
-169.324
-169.324
-169.323
-169.32
-169.314
-169.308
-169.304
-169.304
-169.301
-169.298
-169.296
-169.294
-169.294
-169.29
-169.289
-169.288
-169.288
-169.282
-169.275
-169.273
-169.271
-169.267
-169.265
-169.264
-169.257
-169.256
-169.255
-169.253
-169.251
-169.248
-169.245
-169.236
-169.231
-169.228
-169.227
-169.218
-169.213
-169.21
-169.205
-169.203
-169.199
-169.196
-169.196
-169.194
-169.189
-169.184
-169.181
-169.178
-169.177
-169.176
-169.174
-169.172
-169.172
-169.147
-169.146
-169.144
-169.139
-169.131
-169.128
-169.124
-169.122
-169.121
-169.117
-169.114
-169.113
-169.107
-169.104
-169.104
-169.098
-169.096
-169.094
-169.094
-169.092
-169.091
-169.089
-169.089
-169.086
-169.082
-169.071
-169.071
-169.063
-169.06
-169.05
-169.042
-169.042
-169.03
-169.029
-169.023
-169.018
-169.018
-169.015
-169.008
-169.006
-169.004
-169.002
-169.001
-168.996
-168.994
-168.992
-168.991
-168.99
-168.989
-168.987
-168.983
-168.977
-168.971
-168.969
-168.964
-168.957
-168.953
-168.947
-168.942
-168.94
-168.932
-168.929
-168.926
-168.916
-168.916
-168.915
-168.915
-168.915
-168.912
-168.911
-168.903
-168.903
-168.896
-168.89
-168.888
-168.883
-168.882
-168.881
-168.881
-168.879
-168.878
-168.878
-168.877
-168.876
-168.87
-168.868
-168.868
-168.863
-168.859
-168.854
-168.851
-168.849
-168.848
-168.847
-168.845
-168.844
-168.844
-168.841
-168.838
-168.835
-168.825
-168.822
-168.822
-168.82
-168.816
-168.809
-168.807
-168.806
-168.805
-168.805
-168.805
-168.799
-168.795
-168.794
-168.787
-168.786
-168.784
-168.781
-168.779
-168.776
-168.773
-168.759
-168.758
-168.758
-168.749
-168.749
-168.747
-168.743
-168.737
-168.735
-168.733
-168.72
-168.716
-168.714
-168.714
-168.711
-168.707
-168.705
-168.703
-168.698
-168.698
-168.696
-168.695
-168.695
-168.693
-168.691
-168.678
-168.678
-168.676
-168.676
-168.675
-168.675
-168.673
-168.669
-168.668
-168.666
-168.657
-168.657
-168.656
-168.655
-168.646
-168.637
-168.633
-168.633
-168.628
-168.628
-168.627
-168.624
-168.619
-168.614
-168.611
-168.61
-168.608
-168.605
-168.603
-168.6
-168.591
-168.589
-168.581
-168.58
-168.579
-168.569
-168.569
-168.568
-168.568
-168.568
-168.567
-168.564
-168.562
-168.561
-168.556
-168.554
-168.552
-168.55
-168.548
-168.547
-168.542
-168.542
-168.542
-168.541
-168.539
-168.532
-168.526
-168.523
-168.522
-168.522
-168.517
-168.507
-168.503
-168.502
-168.493
-168.492
-168.491
-168.488
-168.485
-168.467
-168.466
-168.463
-168.462
-168.462
-168.445
-168.441
-168.437
-168.432
-168.431
-168.429
-168.422
-168.42
-168.406
-168.405
-168.397
-168.393
-168.393
-168.391
-168.389
-168.387
-168.378
-168.374
-168.367
-168.365
-168.363
-168.359
-168.354
-168.351
-168.346
-168.342
-168.34
-168.334
-168.334
-168.332
-168.329
-168.328
-168.328
-168.326
-168.324
-168.319
-168.308
-168.308
-168.307
-168.307
-168.296
-168.294
-168.288
-168.283
-168.279
-168.278
-168.275
-168.274
-168.272
-168.271
-168.271
-168.268
-168.265
-168.263
-168.262
-168.261
-168.26
-168.257
-168.257
-168.255
-168.254
-168.254
-168.25
-168.247
-168.24
-168.239
-168.237
-168.235
-168.233
-168.231
-168.228
-168.228
-168.225
-168.22
-168.217
-168.208
-168.206
-168.204
-168.202
-168.199
-168.199
-168.198
-168.195
-168.187
-168.182
-168.178
-168.178
-168.178
-168.175
-168.171
-168.168
-168.165
-168.165
-168.164
-168.163
-168.162
-168.161
-168.16
-168.16
-168.157
-168.156
-168.155
-168.155
-168.145
-168.145
-168.143
-168.143
-168.136
-168.133
-168.128
-168.127
-168.116
-168.114
-168.108
-168.105
-168.101
-168.099
-168.096
-168.094
-168.091
-168.089
-168.084
-168.083
-168.081
-168.081
-168.076
-168.073
-168.069
-168.064
-168.062
-168.061
-168.06
-168.051
-168.051
-168.045
-168.038
-168.037
-168.032
-168.031
-168.03
-168.026
-168.025
-168.02
-168.02
-168.019
-168.019
-168.018
-168.017
-168.017
-168.014
-168.009
-168.006
-168.006
-168.005
-168.001
-168.001
-168
-167.999
-167.997
-167.991
-167.985
-167.981
-167.978
-167.973
-167.972
-167.969
-167.966
-167.966
-167.964
-167.96
-167.96
-167.955
-167.955
-167.954
-167.952
-167.952
-167.951
-167.95
-167.949
-167.948
-167.948
-167.939
-167.936
-167.936
-167.93
-167.929
-167.923
-167.921
-167.919
-167.918
-167.904
-167.902
-167.901
-167.9
-167.896
-167.893
-167.886
-167.886
-167.884
-167.884
-167.876
-167.873
-167.869
-167.862
-167.862
-167.855
-167.853
-167.848
-167.845
-167.843
-167.842
-167.84
-167.838
-167.837
-167.836
-167.829
-167.829
-167.827
-167.823
-167.819
-167.815
-167.813
-167.813
-167.812
-167.811
-167.81
-167.806
-167.793
-167.791
-167.79
-167.789
-167.788
-167.786
-167.783
-167.779
-167.779
-167.778
-167.778
-167.778
-167.777
-167.774
-167.774
-167.767
-167.767
-167.766
-167.766
-167.763
-167.762
-167.762
-167.761
-167.758
-167.755
-167.754
-167.753
-167.751
-167.749
-167.747
-167.747
-167.739
-167.738
-167.722
-167.718
-167.718
-167.704
-167.701
-167.698
-167.697
-167.694
-167.692
-167.692
-167.689
-167.689
-167.686
-167.686
-167.685
-167.683
-167.667
-167.664
-167.663
-167.655
-167.652
-167.646
-167.646
-167.644
-167.644
-167.642
-167.64
-167.636
-167.635
-167.634
-167.631
-167.628
-167.626
-167.623
-167.615
-167.614
-167.61
-167.606
-167.604
-167.604
-167.6
-167.598
-167.596
-167.595
-167.587
-167.583
-167.579
-167.577
-167.572
-167.571
-167.568
-167.559
-167.558
-167.557
-167.555
-167.554
-167.553
-167.55
-167.55
-167.549
-167.542
-167.54
-167.54
-167.538
-167.535
-167.53
-167.529
-167.525
-167.524
-167.524
-167.521
-167.52
-167.517
-167.516
-167.515
-167.51
-167.509
-167.508
-167.506
-167.505
-167.505
-167.503
-167.501
-167.5
-167.499
-167.499
-167.498
-167.497
-167.493
-167.492
-167.489
-167.489
-167.489
-167.487
-167.481
-167.48
-167.479
-167.478
-167.476
-167.475
-167.471
-167.469
-167.465
-167.463
-167.462
-167.447
-167.447
-167.446
-167.446
-167.44
-167.435
-167.43
-167.43
-167.429
-167.424
-167.42
-167.415
-167.412
-167.41
-167.403
-167.401
-167.399
-167.395
-167.395
-167.394
-167.393
-167.393
-167.388
-167.385
-167.384
-167.384
-167.382
-167.381
-167.379
-167.379
-167.377
-167.375
-167.374
-167.373
-167.366
-167.363
-167.362
-167.36
-167.36
-167.359
-167.353
-167.352
-167.352
-167.351
-167.348
-167.344
-167.339
-167.337
-167.336
-167.336
-167.335
-167.334
-167.327
-167.326
-167.321
-167.319
-167.316
-167.315
-167.314
-167.311
-167.31
-167.308
-167.306
-167.303
-167.303
-167.303
-167.302
-167.302
-167.298
-167.291
-167.29
-167.29
-167.288
-167.278
-167.277
-167.276
-167.273
-167.266
-167.264
-167.263
-167.257
-167.254
-167.252
-167.252
-167.247
-167.243
-167.242
-167.24
-167.237
-167.235
-167.233
-167.23
-167.224
-167.222
-167.22
-167.219
-167.216
-167.215
-167.209
-167.207
-167.206
-167.206
-167.205
-167.201
-167.201
-167.198
-167.196
-167.195
-167.191
-167.184
-167.181
-167.181
-167.179
-167.179
-167.177
-167.173
-167.172
-167.172
-167.171
-167.17
-167.167
-167.161
-167.16
-167.159
-167.154
-167.15
-167.149
-167.148
-167.148
-167.147
-167.147
-167.145
-167.144
-167.144
-167.143
-167.14
-167.136
-167.133
-167.133
-167.129
-167.127
-167.119
-167.118
-167.115
-167.112
-167.11
-167.108
-167.103
-167.103
-167.102
-167.098
-167.096
-167.095
-167.095
-167.095
-167.091
-167.088
-167.087
-167.085
-167.084
-167.072
-167.071
-167.069
-167.066
-167.061
-167.055
-167.054
-167.045
-167.044
-167.043
-167.042
-167.039
-167.039
-167.034
-167.033
-167.033
-167.03
-167.03
-167.027
-167.023
-167.022
-167.022
-167.022
-167.019
-167.019
-167.015
-167.014
-167.013
-167.011
-167.004
-166.997
-166.991
-166.989
-166.983
-166.981
-166.977
-166.975
-166.974
-166.972
-166.969
-166.961
-166.959
-166.959
-166.958
-166.956
-166.953
-166.95
-166.942
-166.941
-166.937
-166.934
-166.934
-166.933
-166.932
-166.929
-166.921
-166.913
-166.912
-166.911
-166.909
-166.909
-166.907
-166.902
-166.896
-166.895
-166.888
-166.875
-166.872
-166.859
-166.856
-166.852
-166.849
-166.847
-166.847
-166.844
-166.838
-166.828
-166.819
-166.818
-166.817
-166.815
-166.814
-166.813
-166.813
-166.812
-166.807
-166.795
-166.789
-166.788
-166.779
-166.779
-166.774
-166.773
-166.77
-166.766
-166.759
-166.756
-166.752
-166.746
-166.744
-166.743
-166.741
-166.74
-166.725
-166.723
-166.719
-166.714
-166.705
-166.701
-166.697
-166.695
-166.695
-166.691
-166.69
-166.686
-166.681
-166.681
-166.68
-166.68
-166.68
-166.675
-166.67
-166.666
-166.656
-166.655
-166.65
-166.641
-166.637
-166.631
-166.625
-166.624
-166.623
-166.623
-166.621
-166.62
-166.615
-166.613
-166.609
-166.605
-166.603
-166.601
-166.589
-166.584
-166.569
-166.569
-166.558
-166.554
-166.553
-166.544
-166.542
-166.538
-166.538
-166.532
-166.528
-166.523
-166.516
-166.504
-166.5
-166.497
-166.495
-166.495
-166.487
-166.479
-166.473
-166.472
-166.471
-166.468
-166.464
-166.462
-166.457
-166.455
-166.454
-166.453
-166.452
-166.443
-166.441
-166.44
-166.418
-166.411
-166.405
-166.404
-166.404
-166.4
-166.397
-166.39
-166.384
-166.381
-166.38
-166.379
-166.374
-166.368
-166.364
-166.351
-166.341
-166.331
-166.322
-166.319
-166.314
-166.311
-166.311
-166.306
-166.302
-166.301
-166.295
-166.283
-166.282
-166.277
-166.273
-166.272
-166.272
-166.261
-166.259
-166.255
-166.241
-166.238
-166.236
-166.233
-166.231
-166.229
-166.224
-166.223
-166.216
-166.213
-166.211
-166.211
-166.211
-166.199
-166.199
-166.181
-166.178
-166.172
-166.152
-166.137
-166.137
-166.135
-166.122
-166.12
-166.12
-166.109
-166.108
-166.107
-166.106
-166.092
-166.079
-166.074
-166.074
-166.071
-166.071
-166.058
-166.04
-166.036
-166.026
-166.02
-166.01
-166.007
-166.005
-166.005
-165.994
-165.99
-165.978
-165.975
-165.971
-165.969
-165.954
-165.948
-165.94
-165.934
-165.933
-165.926
-165.925
-165.917
-165.915
-165.906
-165.903
-165.899
-165.886
-165.877
-165.874
-165.871
-165.87
-165.865
-165.865
-165.851
-165.843
-165.837
-165.83
-165.819
-165.815
-165.8
-165.789
-165.775
-165.772
-165.766
-165.759
-165.745
-165.742
-165.741
-165.736
-165.71
-165.707
-165.694
-165.692
-165.682
-165.681
-165.68
-165.655
-165.652
-165.649
-165.646
-165.636
-165.629
-165.627
-165.589
-165.588
-165.587
-165.583
-165.576
-165.576
-165.56
-165.557
-165.547
-165.525
-165.511
-165.48
-165.477
-165.451
-165.445
-165.435
-165.433
-165.412
-165.407
-165.406
-165.404
-165.389
-165.389
-165.385
-165.381
-165.362
-165.36
-165.334
-165.331
-165.33
-165.328
-165.323
-165.308
-165.307
-165.294
-165.287
-165.279
-165.244
-165.226
-165.219
-165.198
-165.175
-165.17
-165.139
-165.127
-165.073
-165.048
-165.008
-165
-164.99
-164.969
-164.952
-164.942
-164.931
-164.918
-164.915
-164.865
-164.864
-164.783
-164.761
-164.746
-164.723
-164.69
-164.637
-164.586
-164.541
-164.498
-164.471
-164.387
-164.357
-164.343
-164.26
-164.258
-164.203
-164.147
-164.142
-163.989
-163.908
-163.529
-163.461
-163.421
-163.411
-163.368
-162.945
-162.797
