-1.797693135e+308
-1.797693135e+308
-1.797693135e+308
-1.797693135e+308
-1.797693135e+308
-1.797693135e+308
-1.797693135e+308
-17903852.03
-15226094.09
-11380359.81
-4516129.766
-3721071.269
-2697970.615
-1952111.289
-1582156.776
-1476092.359
-1159429.777
-823855.7606
-592925.8512
-591984.9502
-591984.9502
-591984.9502
-591984.9502
-591984.9502
-591984.9502
-591984.9502
-591984.9502
-591984.9502
-591984.9502
-591984.9502
-591984.9502
-591984.9502
-591984.9502
-591984.9502
-591984.9502
-591984.9502
-591984.9502
-591984.9502
-591984.9502
-591984.9502
-591984.9502
-591984.9502
-591984.9502
-591984.9502
-591984.9502
-591984.9502
-591984.9502
-591984.9502
-591984.9502
-591984.9502
-591984.9502
-591984.9502
-591984.9502
-591984.9502
-591984.9502
-591984.9502
-591984.9502
-591984.9502
-591984.9502
-591984.9502
-591984.9502
-591984.9502
-591984.9502
-591984.9502
-591984.9502
-591984.9502
-591984.9502
-591984.9502
-591984.9502
-591984.9502
-591984.9502
-591984.9502
-591984.9502
-591984.9502
-591984.9502
-591984.9502
-591984.9502
-591984.9502
-591984.9502
-591984.9502
-591984.9502
-591984.9502
-591984.9502
-591984.9502
-591984.9502
-591984.9502
-591984.9502
-591984.9502
-591984.9502
-591984.9502
-591984.9502
-591984.9502
-591984.9502
-591984.9502
-591984.9502
-591984.9502
-591984.9502
-591984.9502
-591984.9502
-591984.9502
-591984.9502
-591984.9502
-591984.9502
-591984.9502
-591984.9502
-591984.9502
-591984.9502
-591984.9502
-591984.9502
-591984.9502
-591984.9502
-591984.9502
-591984.9502
-591984.9502
-591984.9502
-591984.9502
-591984.9502
-591984.9502
-591984.9502
-591984.9502
-591984.9502
-591984.9502
-591984.9502
-591984.9502
-591984.9502
-591984.9502
-591984.9502
-591984.9502
-591984.9502
-591984.9502
-591984.9502
-591984.9502
-591984.9502
-591984.9502
-591984.9502
-591984.9502
-591940.2935
-591940.2935
-591940.2935
-591940.2935
-591939.6003
-591939.6003
-591939.6003
-591750.4508
-591747.9722
-591722.4351
-591180.4099
-591180.3303
-590996.6938
-589146.6278
-583826.4746
-583657.4706
-566651.1121
-564432.8735
-564427.3049
-559565.2045
-545881.6131
-545712.6092
-545703.9833
-541369.7308
-541328.9603
-541159.9544
-541159.2612
-540799.7221
-540330.0989
-540323.7363
-540304.8204
-540071.9958
-539092.457
-538930.2705
-537263.9644
-537206.2063
-536961.9864
-535387.7495
-535386.3034
-534731.6189
-533309.8346
-533289.8974
-532541.5355
-532472.9819
-530380.1621
-525786.5814
-525270.9471
-523557.8922
-520543.1754
-520016.6464
-516940.6282
-514790.0379
-513764.6334
-512733.741
-508035.818
-506504.3825
-504405.2466
-504019.4592
-503903.4577
-503496.0514
-500727.8072
-500310.9922
-498515.3722
-498312.4683
-495223.7888
-494000.929
-487714.3788
-487610.6633
-487160.5372
-485859.4973
-480175.2013
-476155.0623
-475175.3342
-467255.35
-466843.7619
-466765.3395
-466231.8238
-465109.9601
-463918.1666
-463752.9608
-463352.2798
-462402.012
-462004.6828
-461737.7173
-461325.3758
-455870.344
-454434.5515
-444374.2
-442296.1315
-439703.5602
-439451.2483
-439004.138
-438624.5934
-438329.0871
-433726.194
-432685.3976
-428970.2496
-427589.4529
-419127.2796
-416581.0901
-415833.558
-415794.6591
-413129.1534
-412493.6692
-410159.4823
-409720.7802
-404889.7863
-403050.8395
-402000.6449
-399945.3819
-395144.8743
-393485.776
-392910.035
-392113.3583
-391448.4984
-383609.4329
-379295.396
-378269.7443
-373346.5733
-373133.6441
-369870.0633
-369075.2524
-368910.107
-367087.6893
-367042.9284
-366891.2608
-363164.3909
-361307.9079
-360463.0712
-360101.0776
-359107.3323
-358859.2716
-358301.5741
-358285.0977
-358252.6823
-354293.5585
-352632.3529
-352378.543
-351003.6144
-350200.3741
-345177.66
-342053.886
-339682.5123
-338570.5814
-338521.2917
-338422.4431
-338103.7041
-335479.8927
-334801.6029
-331093.2171
-329244.3597
-327712.1283
-326988.5773
-326935.9426
-326803.8084
-323998.5122
-320374.9355
-318446.0122
-317614.2454
-315456.6495
-314904.2861
-314148.385
-314087.5801
-311834.9683
-309874.0184
-307746.1587
-304923.0452
-304847.3051
-304419.1152
-304055.9705
-302075.8179
-302043.3247
-300058.53
-299705.9273
-294909.8707
-287652.3471
-286185.0313
-285799.1645
-284466.6395
-282214.0059
-281357.7206
-280467.4655
-278690.873
-277984.1045
-277539.538
-276288.9842
-276123.1295
-275378.6293
-273817.9093
-271251.8091
-269949.1783
-269676.21
-269595.0336
-269536.343
-268529.9778
-268100.4621
-265879.5264
-265420.3073
-265245.2017
-260198.423
-257762.4023
-257488.3909
-257090.3916
-254807.1779
-254690.6456
-249865.641
-243900.1822
-243757.0788
-243101.0415
-242196.1391
-242146.5704
-242012.4663
-240713.5572
-240503.6401
-235816.9785
-235484.4415
-233815.9576
-233648.8824
-233093.8789
-232690.3023
-231831.5073
-230914.0709
-228886.9634
-228639.054
-228545.2709
-228297.5999
-227173.4544
-226586.2639
-226415.7871
-226102.4319
-224387.0492
-222022.0865
-218868.5014
-218813.9902
-217821.4522
-217699.9587
-215045.7375
-212341.7358
-209733.7601
-209451.1913
-208121.2547
-207579.7169
-204523.2646
-204108.1524
-203017.3999
-202686.7343
-201912.3758
-198287.1385
-198143.0523
-194541.0577
-193605.8557
-192986.5911
-190697.4079
-186528.8964
-186312.9459
-183578.4918
-181748.1419
-181267.5273
-181203.6532
-179355.1758
-178776.9631
-177618.5365
-177071.3502
-174995.5289
-173831.2371
-172769.2467
-170239.3542
-165505.8455
-164314.4527
-163716.2612
-163086.4444
-162218.1764
-161805.9284
-160641.3595
-159493.5304
-157877.7267
-155949.6547
-153314.3424
-153054.9431
-152330.6929
-148479.3424
-144379.3297
-140561.8223
-139887.2243
-139211.0181
-136955.85
-135064.9147
-134185.6529
-131943.7231
-131341.4868
-131297.5382
-129885.3987
-129871.3872
-126997.9275
-124099.1558
-123556.3492
-122916.7746
-122364.2754
-114888.2039
-112674.0463
-110270.7027
-108642.5447
-106736.7661
-105860.3115
-105556.9091
-101571.2582
-98815.24079
-97955.77802
-97557.15011
-96799.78681
-96326.67542
-94889.20107
-93938.48111
-93430.43301
-92494.2831
-92038.60856
-91306.86682
-89603.76755
-86220.59577
-79780.29431
-79170.71857
-78810.93153
-77094.9503
-74878.57699
-74769.95606
-73493.03157
-71773.35538
-70182.86319
-69519.50893
-67824.37371
-65571.07873
-59562.86556
-59288.50275
-59257.85456
-58483.72631
-58411.22849
-56763.1298
-55665.54263
-53747.12568
-51748.09668
-51592.86982
-51550.07332
-51433.79684
-50475.05217
-50247.13274
-49793.4876
-48201.38265
-48117.30437
-46349.64943
-45750.12668
-44226.07931
-44125.22132
-43661.3986
-39138.26513
-38482.18319
-38419.52241
-35474.71605
-33974.60445
-32569.98692
-32272.00473
-24798.10276
-24492.40426
-22317.88227
-18546.93028
