0.0552858 0.00471499 0.59414 0.0044468 0.000180109 172.724 0.00349783 0.524324 0.00420246 195.202 5.42832 109.615 0.0196674 5.57627e-05 0.0145594 31.4557 8.17879 0.75998 
0.00157622 2.39926 4.67467e-05 0.000283758 2.14703 8.90351 0.00012316 0.0201293 0.00315532 0.238818 0.000383625 7.54051 0.0441757 0.00611489 1.36427 25.0409 0.734846 4.58974 
0.234141 0.000775552 0.00848102 0.104369 1.74948e-05 1.38125 0.114531 0.221333 0.497858 1.60243 0.0020769 142.276 0.0226574 1.36079e-05 2.59204e-05 36.8064 7.86901 4.46514 
0.390486 0.0266294 0.00800507 0.236215 1.2175e-05 0.0172856 0.0234166 1.03832e-05 0.00678898 0.484519 0.000216846 390.106 2.63627e-05 0.722139 1.88466 16.1199 0.880218 0.530844 
0.645743 0.000730401 1.64359e-05 0.0115362 0.0284542 168.455 0.135482 0.00182868 0.38578 0.47381 2.36955e-05 49.048 1.35231 0.0135127 8.06254e-05 27.3041 3.54235 8.74129 
0.0259492 0.00132012 9.05443 0.00137486 0.023693 39.4978 0.0149111 0.00446084 0.0540477 0.292293 3.29477 0.0439258 0.0337618 0.0313514 0.00158382 21.2438 1.88506 1.06564 
3.96762 0.249326 1.01716 0.0220692 0.646151 44.8639 0.000128388 0.122109 8.81038e-05 141.902 2.70358 27.3135 5.09577e-05 0.024832 2.43314 23.0254 0.657276 2.96276 
5.02142 1.79507e-05 0.00123138 1.1906e-05 0.639697 203.243 3.2975e-05 0.00407881 0.0018948 0.0208483 0.577835 3.30901 1.35201e-05 0.0505054 0.57326 13.3483 0.735961 2.17605 
0.179659 0.0019306 0.0858958 0.155807 0.000126975 0.192716 0.0720733 0.686892 3.44957e-05 0.548808 0.00176914 0.0740477 0.0260039 0.0379923 0.0237488 7.65532 0.911645 2.52026 
7.87306 0.000923654 0.0191744 2.38632 0.00446433 474.009 0.00422361 2.89109 0.000773921 0.431967 4.7846 21.8255 0.00237365 0.0179274 0.00819088 24.5171 1.63666 1.68026 
0.191866 1.01636 0.000334466 3.51822 0.00712711 0.0890668 9.63914 1.15426 0.000104294 79.635 1.2018e-05 0.0695753 1.78539 0.07049 0.385569 6.67458 0.469217 8.09043 
1.70689e-05 0.00116079 4.20554 0.00692419 0.0878906 8.53873 0.000114782 1.51736 7.02118e-05 12.15 0.00363125 0.100784 0.000158759 0.000506768 0.0112733 46.2886 0.67806 8.98067 
0.00132873 0.0578293 0.512564 0.000570437 0.111659 1083.34 9.33139e-05 1.84399e-05 0.709495 0.550329 0.0389077 0.0242709 4.19227 0.0625183 0.000534146 16.3356 4.94996 2.36516 
2.12228e-05 0.000421632 3.45017e-05 1.78567e-05 0.676844 2148.99 0.00388239 5.62659e-05 0.000207453 3.40485 0.00888855 0.686114 0.18374 0.0509447 0.637946 9.69696 0.18332 5.84194 
9.89298 0.0048026 0.017123 0.00468838 0.000390665 41.4792 0.181536 0.00657317 3.08059e-05 0.631808 0.00115149 0.441888 0.321847 0.00154554 0.000516478 25.8379 0.864377 6.08744 
0.25256 0.000238011 2.38154e-05 0.900652 1.91885e-05 623.577 0.00125449 0.000113832 2.04199e-05 0.0394939 0.148586 0.0188546 0.00291964 0.000589668 0.000283874 20.9153 0.404817 4.32946 
0.0458284 1.30605e-05 0.0295253 0.00012755 0.00211541 0.497762 6.29182 3.51434 0.706333 0.871397 0.0974104 4.8673 4.7634e-05 0.0036225 2.45606e-05 45.7635 8.02563 4.83248 
5.25448 0.0494546 0.0661248 0.000608519 1.85023 187.811 0.00202273 0.910222 0.121719 0.955108 0.0326373 1.2546 4.46829 0.0752192 0.540317 7.55888 2.41223 5.99944 
0.437916 0.000697586 3.80205e-05 0.00017566 0.000540093 2.36926 0.00183417 4.62306 2.88099e-05 0.676637 0.224472 373.709 0.159928 0.00149112 1.03324 49.0038 1.63705 3.28368 
0.00485695 0.00010694 0.000941855 2.35299e-05 0.150585 500.293 0.000691099 0.019328 2.93926e-05 0.0157913 2.89053 2.00504 0.00492131 0.00516291 0.727134 16.8706 0.183679 7.01555 
0.0639113 0.00410681 0.0316033 1.7527 0.0615712 250.882 0.160281 2.93425e-05 0.000114981 114.115 0.43073 70.6486 0.0128411 0.0422427 0.00106815 12.2559 1.71912 8.37137 
6.44423 0.585376 0.666823 8.03678 0.676369 35.617 0.00767946 1.65201e-05 0.0252388 2.60086 0.00280831 0.468228 9.70796 0.000338515 1.89166 10.5139 0.160994 6.45659 
0.00231029 0.00156341 0.0071598 0.037787 0.041899 34.4292 0.317011 0.0582256 0.00492355 0.0203903 8.61303e-05 0.0137197 0.00552281 0.0289526 0.000247849 33.2681 2.28459 3.09497 
0.0288606 0.00183949 0.000125741 0.505633 0.0418044 326.902 0.726543 0.135492 0.110112 4.2753 0.0300845 39.8496 0.0245695 0.0696221 0.00875385 16.2961 8.33499 7.96486 
1.93616 0.00262348 0.163144 0.016264 0.000895397 158.24 0.0677956 5.50032 0.266845 4.62874 0.0309392 175.778 0.00142337 0.0212208 0.00612733 9.48709 1.60076 2.70328 
0.0106343 0.615649 0.00440347 0.177853 2.45008 0.0262791 0.565472 0.000351949 0.04881 2.02806 0.264693 1.26959 6.88217 9.24341e-05 3.14375 9.79037 0.391781 2.01625 
0.101174 0.00448335 0.00493947 0.00911707 0.00341009 7.59041 0.42815 0.000210602 0.00154413 0.214514 0.0690062 180.787 0.0059015 0.00183637 2.03325 12.1778 6.4433 5.33489 
1.11226e-05 0.0174188 0.0171652 0.000596645 1.08673 1608.62 0.159798 0.211448 2.52585e-05 335.545 0.000360101 151.244 0.104755 0.000557404 0.943934 43.0564 0.11343 6.51571 
0.0990753 0.0656413 4.6434 0.0801618 0.00953883 0.824319 3.77273e-05 0.0103385 0.000126623 0.0164644 0.00428187 4.29297 7.98296e-05 0.196221 0.000206749 29.3649 5.20369 1.53208 
0.40804 1.13174e-05 5.99642 0.665185 1.92359 4.62415 0.000454646 2.08011 0.097143 62.1848 0.667644 0.0695481 5.76372e-05 0.00239445 0.000125736 28.6058 2.24627 4.76862 
0.013145 0.162067 3.55148e-05 0.00565441 0.00129085 0.391251 0.576474 8.41193 0.207863 2.8626 2.59072e-05 0.255766 0.00218303 0.00192302 0.000414231 47.208 0.701184 5.34085 
0.518105 8.97919e-05 0.00188838 0.100477 9.43234 0.0103674 1.35379e-05 0.629135 0.161124 11.7723 2.31608 0.0420801 0.00492585 0.0409984 0.000400813 8.85963 1.41399 4.13112 
2.1235 0.054182 3.71214e-05 0.000257962 0.0467831 0.61715 0.000260646 4.16985 0.000214192 5.33308 6.56989e-05 0.413049 0.0469472 0.19524 2.85552 45.5327 0.537808 0.209862 
9.28394 1.08952e-05 0.000746176 5.11359e-05 0.000153521 53.0232 0.00572006 0.000123646 0.0937558 6.75554 0.000156606 2.331 0.00153483 0.00892574 0.032539 25.1592 0.611877 1.39559 
0.00012676 3.28462 0.000469845 4.48201 6.43076e-05 0.111308 0.247969 0.000907696 4.92636e-05 3.46687 0.0213071 100.765 1.68268 0.0311863 0.017529 34.6215 1.23376 0.496919 
0.0172216 0.021994 0.000260179 1.56266e-05 1.73178e-05 0.602186 7.71218e-05 0.0443306 1.32394e-05 1.35969 2.29108 0.0570505 4.54949 0.137646 0.711683 3.32897 3.07289 1.70755 
0.797608 0.143435 4.49348e-05 0.000343421 0.0147164 0.0125514 0.224998 0.268927 0.0458391 0.126709 0.188538 18.5619 0.000105974 0.0201432 6.85554 7.33815 0.222146 7.62964 
0.00918862 1.25257 0.00206689 0.00169676 1.29398 3.64869 0.0205074 0.675704 0.768021 0.0410115 0.0174079 0.487401 1.58685e-05 0.0598617 0.054516 28.3742 4.14698 3.80094 
0.000746071 0.130592 0.240098 0.000122823 0.131188 306.015 5.03168e-05 4.89189 0.940463 7.25542 0.000740142 17.2073 7.98021 0.000160517 0.00144146 10.5392 1.23175 4.27137 
2.34916 0.0022203 0.075199 3.38124 9.39519 0.271459 0.0484885 0.191512 0.000278875 157.586 0.000880788 91.3698 1.2957e-05 0.00143275 0.251949 35.5735 1.95559 5.51195 
0.000101536 0.0105219 3.23131 0.00806245 0.000609056 8.26987 0.301474 0.0651094 0.000606402 61.4909 0.0216693 0.796196 3.67691e-05 0.0390702 0.000335284 30.5646 2.16426 3.23998 
2.37381e-05 7.55993 9.99655 0.00177379 7.5156e-05 3.25421 0.000730053 0.490902 0.0665183 0.35795 0.663819 0.582783 0.113216 5.23512e-05 0.00748838 39.4989 1.48899 1.23558 
0.000112827 0.956512 0.000364881 0.000887639 0.00663971 16.0921 1.93618e-05 0.00188292 0.533818 35.6718 0.775307 22.6628 0.0999616 0.111709 1.48121 3.4336 4.5096 9.82704 
0.0439127 9.32931e-05 0.0013182 0.000193696 0.439838 44.0888 7.78183 0.000679448 0.00226864 0.874174 1.60102 0.877195 0.0727568 0.200795 0.200233 8.39837 2.46282 5.3037 
4.51739 0.000345051 2.92827e-05 2.53578e-05 0.000122444 16.7701 1.2454e-05 0.0151344 0.000769377 1.69902 0.000811139 52.002 3.57014 9.08109e-05 0.00362912 17.2059 1.36545 2.70762 
0.00289909 0.00111648 0.733857 3.86413e-05 0.093965 45.2897 1.62765e-05 0.000136119 0.12563 0.977586 0.247177 0.330661 0.143744 0.0732813 0.030239 10.9609 2.52923 2.65914 
0.00138614 0.531481 0.00338503 0.0145547 2.35982e-05 0.225845 3.52664e-05 0.264893 0.00194763 0.472107 0.0380053 6.34999 5.10928e-05 0.00070478 0.000152981 15.3685 3.23583 3.53121 
0.000473733 0.0134941 0.0126524 0.000164933 0.010949 0.0111593 1.53448 0.0528442 0.00794015 0.405495 0.0102118 4.29197 0.365361 0.0425863 9.45542 39.6141 0.106755 3.19468 
0.00522303 0.437173 0.27652 2.11506e-05 0.000127754 749.25 0.0318739 0.00900142 0.0259627 0.0158442 0.00896151 0.0318492 0.585335 0.290965 0.17698 23.1221 7.75846 7.47878 
0.00375672 0.0127148 0.000558258 1.83924e-05 0.0022412 214.591 0.04241 1.68065 0.0089991 0.246849 6.65493 2.53855 2.53506e-05 0.174263 0.283957 4.59701 1.35684 2.77283 
0.0127917 0.024204 9.44685 4.95189e-05 2.99931 1584.62 0.000788865 0.0168253 0.23031 6.98158 0.000469165 130.603 0.0567338 0.0693208 0.00250086 14.884 2.29156 6.05551 
0.44764 0.186591 4.73288 0.00125402 0.000311746 25.3055 0.000254128 1.17606 3.63772e-05 100.21 0.403538 124.109 6.14299 0.118721 0.240227 5.81653 0.96767 1.05584 
5.38519e-05 0.000346904 0.000378636 0.12882 0.000540355 0.0243367 0.0154181 0.00626964 0.00260722 0.692226 0.000169199 0.0244069 0.00515103 0.123836 0.00373259 15.465 6.44666 9.61318 
0.00926605 1.29685 0.000193496 1.76578e-05 0.000777675 0.164719 0.00786952 0.00999723 0.00750915 2.48238 0.154255 0.0502009 0.0731456 0.0677747 1.61865 24.9324 0.570395 0.608776 
0.0762859 0.0527875 0.00507855 0.0017142 0.00053249 0.290655 1.85718e-05 0.1008 0.00121193 55.8889 0.00301838 0.0320785 0.000153966 0.012743 0.000116246 39.7535 3.73568 8.21752 
0.0247366 0.0382779 0.139252 0.01391 0.00017448 8.20464 0.0179707 0.00733054 1.55891e-05 0.374785 0.000152344 0.0624595 2.5883e-05 0.638026 5.13262 10.7988 1.00109 1.06407 
0.795948 0.000480322 3.04724e-05 0.00214396 0.0224555 0.0452657 0.000163093 0.470455 0.329599 199.618 0.415935 417.07 0.974844 0.000221325 0.229233 8.12847 1.74562 0.305054 
0.00921286 0.0065541 0.00204302 2.25421e-05 0.00489523 2420.33 1.50967 4.68977e-05 0.00012195 3.94937 0.000160063 233.676 0.00788076 0.597909 9.88942 12.2375 0.329435 1.06498 
0.000148425 0.00327386 2.93643e-05 9.30103 0.000596538 1002.23 0.0185856 0.000298305 0.0731601 257.868 0.0793034 393.049 0.00269897 0.175359 0.449035 31.786 1.58709 0.363672 
0.116114 0.0232622 1.77388e-05 0.000741308 0.00207475 65.4359 0.000191242 6.5033e-05 0.00177354 385.633 0.002263 0.954117 0.0154878 0.0148971 0.235058 13.758 0.589764 6.52429 
4.13934 0.000515904 6.01195 0.00642623 0.685595 9.58469 4.98467e-05 8.57186 0.0604039 0.0148702 0.00513235 35.2847 0.0100922 0.000117422 0.000702536 19.0884 0.57958 1.34103 
0.000221918 0.05395 2.57626 7.6741 0.34843 1109.39 0.544061 2.31338 0.00338881 0.151151 0.0945288 6.21196 0.160369 0.271588 0.741026 21.0857 0.845067 0.16146 
0.140431 6.2211e-05 0.000397018 0.293519 2.92483e-05 0.0100792 1.59424 4.91218 0.000632349 0.0106164 0.0884826 0.674778 0.086816 0.114062 0.0360928 34.0986 8.43479 8.6154 
6.20224e-05 1.4136 4.84987 3.36831e-05 0.0883116 368.628 0.499401 1.03225e-05 0.00404103 0.194821 0.00917783 0.0420949 0.00778761 0.012311 0.00574458 33.396 1.00105 1.01298 
1.36329e-05 0.000107128 0.00389256 0.0010045 5.02162e-05 0.0128416 5.81033e-05 0.0386457 0.0229586 0.372649 0.0401424 0.343146 1.19654 0.591197 8.37676 7.52775 0.238892 4.90425 
0.000308955 2.87999e-05 0.000807702 0.0406837 0.0248935 0.0134487 0.00162451 0.0071907 0.0911684 0.663709 0.246075 201.199 0.325058 0.0502322 1.09807 0.598299 2.28352 2.78847 
0.000195641 1.45275 1.873 1.60526 0.0408159 39.1376 0.0307596 0.0603085 0.526749 1.28428 3.63285e-05 0.767131 0.000729007 0.101582 0.0328151 45.0079 4.41044 3.54556 
2.43407e-05 3.75013 0.200036 0.000811938 0.000118538 487.644 0.101123 0.000174544 0.112445 0.34611 3.71211e-05 0.0948101 0.000859969 0.0573577 0.67651 26.4064 0.824357 0.415363 
0.00274998 0.0627518 1.56444 0.0735089 3.86372e-05 2.42844 0.412474 1.23564 0.00258259 1.26052 2.65397 0.0424242 0.0666416 8.04269e-05 0.00080996 16.8149 0.90337 3.18468 
0.122031 0.590971 4.74426 5.56788 0.0288272 73.7781 0.000172136 0.000665873 0.0754137 0.383221 0.00606187 0.0890821 0.0789739 0.030173 0.140009 7.6911 0.482455 5.68193 
1.47516 0.000666018 0.0728311 3.17334 0.0357487 2650.83 1.59382e-05 0.0104584 0.000666463 117.53 1.37404e-05 0.0349445 0.318942 0.0139632 0.029564 16.6466 1.71901 3.56855 
0.439328 2.84103 0.324211 0.00658803 0.00378337 15.2929 0.000696083 0.00321242 0.906377 2.00732 0.0011696 1.62318 0.158163 0.0337496 1.33205e-05 13.0289 1.30955 1.82518 
0.561386 3.17409e-05 0.130156 3.4521 0.000171851 261.685 0.00890744 0.381782 0.000219256 0.21653 0.000143868 51.2276 0.00546595 0.00155077 0.0033959 43.0206 1.23294 9.45631 
1.09968 2.25929 0.000243371 1.88526 0.0011713 21.5297 0.0016767 0.0381292 0.000291898 13.3053 5.57187 434.679 6.24079 0.0191563 0.209357 1.39712 1.74101 0.717994 
0.00316126 0.287211 0.0435867 0.0270501 0.042622 76.5339 0.000435495 0.841039 9.91013e-05 60.7563 1.31404 0.705398 1.05167 0.00198275 0.0881674 31.4568 1.37015 8.93398 
0.752722 3.19024 0.00183236 0.00934691 1.0343 1.05721 1.7795e-05 3.06601 0.593198 0.154306 0.000575032 16.8051 1.0839e-05 0.230903 1.33305 14.6787 0.577462 2.22447 
0.00356929 0.00484084 0.147292 0.000395506 6.93707e-05 0.0628813 0.0968734 3.39974 0.710354 15.4285 0.000434059 0.351044 0.00620375 0.000548388 0.00817803 38.455 0.754886 2.36656 
0.13165 0.000200668 0.00170347 5.94649 0.00586638 118.925 0.000845086 4.27991e-05 0.000205516 238.744 1.85993e-05 0.0538053 0.00467419 0.48635 3.74149 3.80711 0.247512 2.5934 
0.0645635 1.10446e-05 3.14473 8.25648e-05 1.7719e-05 0.680837 0.0759662 1.74531 0.177489 0.0521936 0.139933 0.184577 3.50698 4.23395e-05 3.48691 10.2447 0.806496 1.30938 
0.017092 0.000217138 0.00772867 0.0118994 0.00074305 51.7601 0.405349 0.0524911 0.000252219 0.221071 0.000698366 18.1979 4.59096 0.000976504 0.791026 5.44597 0.344497 5.67717 
0.56052 0.00118795 1.15684 0.0102799 0.000353823 93.6539 0.0816142 1.11748e-05 0.0210656 11.6617 0.000163295 2.87598 0.000754548 0.0321242 0.846482 42.0628 0.387613 2.05399 
0.0222461 6.58051e-05 1.67145e-05 0.37596 0.344966 864.527 0.440822 0.00250382 0.00433484 0.0217886 0.00651256 132.656 2.86849 6.96025e-05 7.66682 5.51504 1.15815 5.65794 
3.64013e-05 4.15984e-05 0.771231 0.171293 1.35137 774.826 0.0273181 0.000183444 4.22647e-05 0.0447819 4.38194e-05 2.64998 0.000529184 0.017384 0.0444594 10.3369 1.11548 2.3145 
5.80931e-05 0.31775 4.28857 0.0053428 0.000612667 2.59261 0.000126455 1.59686 0.000311814 0.105125 2.36293 0.735129 0.00170919 0.520146 8.79668 21.4388 0.196296 4.92917 
2.0599e-05 0.85175 0.000535359 2.67475e-05 0.114675 154.575 9.72941 0.000807496 0.00552342 6.84794 0.446209 0.206013 0.0862998 0.096355 0.0343038 16.4553 3.35947 2.52023 
0.00514206 0.0135693 0.0271345 3.08614 0.0103601 6.65343 6.82767e-05 0.0055327 6.48439e-05 286.873 0.0820808 0.0144059 0.0158123 0.00135221 2.32253 43.0567 0.11526 6.91168 
0.0390563 0.0151499 0.0980974 0.00970882 0.0115381 120.931 0.10316 6.47027 0.0222487 2.62608 7.31192 42.2885 0.00114372 6.9572e-05 0.0529367 22.0376 0.947434 0.0972858 
0.00137026 0.0861656 1.85126 1.82886e-05 1.66532e-05 0.017737 0.297412 0.0716416 0.394284 19.4565 5.89892 0.0672921 0.000756137 0.0756717 0.239157 15.8535 0.690423 4.95161 
3.98828e-05 0.0233398 0.00701692 0.337526 0.00877958 2.0129 0.000159312 0.010771 0.00795746 9.31045 6.38152 7.1121 6.55663e-05 0.00174874 1.70781 7.52412 0.477938 1.08783 
2.59091e-05 0.000298212 0.000193628 0.00133588 0.0105588 0.0299705 4.33309 5.27111 0.00448924 0.0249336 3.19636e-05 0.0432068 2.25891e-05 0.018444 0.639304 34.3006 0.834122 3.90056 
1.30696e-05 1.10057 2.80631 0.00596589 0.000334711 0.0378894 6.54187e-05 0.000328085 0.31629 0.0123228 5.27754 0.17982 0.0152893 0.00355534 0.863995 8.36133 0.879508 4.22938 
0.122801 0.000272078 0.000798654 0.000586431 0.00522871 313.556 0.000456664 0.0137822 0.0712467 1.26934 0.000723402 6.41441 3.61781 3.21511e-05 0.00982412 37.4391 1.52322 4.13631 
0.00154452 0.000624723 0.790847 0.15587 0.0188898 1.24511 3.74714e-05 0.00861944 0.000120282 24.5097 0.0773135 85.9722 0.805712 0.000323985 0.00050557 14.4626 0.700189 8.92036 
1.85615e-05 0.00066508 1.69248 0.00610153 4.396e-05 0.0478043 0.319851 0.00161243 1.47044e-05 4.56444 0.00769749 0.0132202 0.0457935 0.0546927 0.0155575 29.3365 6.22565 7.16493 
2.89547 0.00600556 1.31597 0.00496702 8.43066 0.12251 0.149633 0.00118664 0.00945486 6.13574 0.000262975 135.293 1.87942 0.0216254 6.89908e-05 30.3166 1.94627 0.751767 
0.0116022 0.000615155 0.090612 0.777739 1.704 0.0692317 0.0183579 0.239025 0.000131241 146.826 0.00574138 0.026182 0.0128969 0.104717 0.0055329 26.0174 3.60188 1.61807 
0.0436418 0.000707335 0.158789 0.00722519 0.00033157 0.966496 2.87297 0.0814886 0.959214 143.774 1.17442 0.240842 9.20507e-05 0.388335 2.57492 5.18893 1.50909 9.06194 
2.7258e-05 0.290134 0.00352022 0.000214809 0.00128149 21.7647 0.000125673 1.06914e-05 0.000219526 0.653222 2.25121 23.2489 0.00120742 0.118239 4.73027 14.5512 0.473599 4.0583 
8.16137e-05 0.74977 0.0115941 2.43701 0.076292 1.44434 0.000218179 0.97006 0.000107185 491.604 0.000375375 347.684 0.00719055 0.1459 0.102326 4.72731 2.4225 5.55793 
0.254135 0.000474697 1.15833 1.55047 6.06046e-05 0.0839379 0.00403997 1.72633 6.30166e-05 3.44694 0.00906264 0.305474 0.000296571 0.00852185 5.30299e-05 13.9058 0.647307 4.03667 
0.00032622 0.000231457 0.00347404 0.222182 0.00163039 239.456 0.00107866 1.08447e-05 2.01503e-05 17.5688 0.0381135 0.0451434 1.45037 0.00472566 5.13766e-05 30.4783 0.755905 1.60629 
0.170773 0.00139175 9.69383e-05 2.12859e-05 0.000209617 0.163695 0.00225354 7.95774e-05 0.000325567 0.095292 0.0184081 24.3143 0.00118482 0.00360091 0.000268025 38.801 1.00689 1.22038 
0.00044283 0.258106 0.0855583 5.00302 0.292379 1.19392 2.14099e-05 0.013858 1.04817e-05 7.86607 0.733565 0.738648 1.92167e-05 0.000811743 6.30921e-05 23.4016 0.697577 9.89209 
1.73956 0.000913184 0.0460449 5.18557 0.0063513 169.116 0.000474882 0.0209193 0.0271693 97.578 5.06918 8.26743 3.05522 0.00452489 0.00412884 4.13883 1.65094 7.49022 
0.00504091 6.1589 4.02944e-05 0.0960567 0.128469 0.270157 0.0016095 0.24482 1.1168e-05 21.7173 0.00414966 7.20346 0.0654933 0.129246 0.886743 19.1319 1.09985 0.667062 
3.95327e-05 0.0960121 0.253193 0.11676 0.0894958 29.9396 0.00662317 0.0357902 0.0126288 0.317944 1.30542 2.74468 9.46179 0.165641 1.76246 1.39233 1.30652 0.754155 
0.0409919 0.20599 9.01462 0.281933 0.000893461 350.551 0.0171936 0.00239424 0.00200014 0.203179 5.49905 0.409187 0.012517 0.660032 0.212251 12.6573 3.02124 1.71375 
1.45742 1.47998 0.576058 2.35243 0.0446702 2885.93 0.00895136 1.15873 0.0597399 1.54912 0.022193 12.4183 0.0364115 0.000114367 0.0378116 47.2814 3.09009 8.83604 
0.00527207 1.07265e-05 0.000872312 0.23052 0.025608 0.630805 1.6902e-05 0.000356885 0.0090744 9.01565 0.10906 1.30422 3.68959 0.192385 0.408443 32.7414 1.60764 0.17345 
0.0282867 8.60826e-05 0.00255055 0.00477912 0.057156 0.225032 1.62471e-05 1.25077 0.0134744 0.218432 0.598567 17.3424 6.31365e-05 1.99506e-05 0.201275 22.6625 0.73442 0.17916 
8.48167 0.00798525 0.00109757 0.000375345 2.87225e-05 0.625012 0.000635707 0.000107808 0.0291819 0.482452 4.68583 0.145698 0.649343 0.091681 5.78882 18.6932 1.9609 6.23952 
3.06034e-05 0.00374682 0.00617373 0.00126407 5.82758 0.0972012 0.00129004 1.81021 2.94504e-05 0.395137 0.043204 134.784 0.00393102 0.0652209 0.0384122 23.4147 4.75246 5.61131 
1.04892 0.000664334 0.0689977 0.000693924 0.00617478 12.3587 0.00773286 7.21037 0.00852094 0.0157754 6.19156 2.60654 0.00409442 0.0006069 0.000470739 24.9969 1.9161 4.86733 
0.121623 0.554701 0.387404 0.0732479 0.0110253 846.685 0.000373871 0.00440366 8.74727e-05 441.008 0.237347 0.247378 0.0281629 0.753042 0.337438 31.5041 3.80225 0.45169 
0.0176873 4.97798e-05 0.000101216 0.00178383 1.59821 16.7373 0.202796 0.000890784 2.24198e-05 6.84863 6.05039 14.326 4.43303 0.00315033 1.65971 17.0841 1.86594 8.31159 
0.0117897 0.0784353 0.736086 2.85022 4.07196e-05 0.0498425 0.614017 0.00882534 0.000116872 10.4656 7.95203e-05 237.72 1.28434 0.00920703 0.000297368 27.3233 1.56766 2.94031 
0.574548 2.82652e-05 0.00500468 0.00288457 6.194 0.0109583 5.50446e-05 1.2796 0.866418 12.5011 0.00350509 0.404761 0.00011742 0.179184 0.0552853 5.0385 2.05121 2.92467 
0.0030826 4.45066 0.00104841 0.0774597 4.07936 0.411472 0.0583698 0.981609 0.0892745 1.3305 0.0883863 26.9207 0.0371977 0.000307199 5.10833 26.8735 0.299186 0.225895 
4.2523e-05 0.0123035 0.000206981 0.0042097 0.0292338 76.8173 1.5508e-05 0.00294982 1.22042e-05 5.95604 5.0906 0.312939 0.00197842 0.0228295 0.123523 10.4422 0.729736 2.59738 
0.00282426 0.665921 0.0699259 0.439146 0.00714918 2.58558 0.000509765 0.0964453 0.000315274 0.238654 3.75664 22.8153 3.03187e-05 0.209021 0.0552735 48.3822 4.55784 0.788386 
0.371306 0.000194865 0.187479 4.18944 0.00438718 41.5323 0.00270516 0.0816662 0.0015164 0.327368 0.001484 106.703 7.99708 0.000269415 0.101756 35.3108 3.29348 2.69435 
0.0126879 0.395399 4.56564e-05 0.00108525 0.00350557 1467.57 0.00132658 0.0173813 4.33016e-05 10.5441 2.93986 0.152545 0.545102 0.424071 0.320247 6.92106 2.12006 1.66027 
0.00492517 0.354699 0.00194494 1.00163e-05 0.00515196 114.938 0.170467 0.00776162 0.000161843 0.0244573 0.000307241 84.5654 1.60784e-05 0.000551231 0.000808799 46.4792 0.670285 1.1827 
1.23331 0.000951049 5.96551e-05 0.501089 0.00423391 108.674 1.25364 0.018055 0.616243 0.0319704 3.12278e-05 0.115637 0.70505 0.0367689 0.0113615 42.5127 5.26393 3.27414 
0.147871 8.86246e-05 7.4257e-05 0.00074277 0.120655 1.70456 0.000570285 1.31039 0.12101 145.939 1.36064e-05 0.0305975 0.0392107 0.0461574 0.0248167 31.5135 1.89185 5.30985 
0.0203406 0.00352705 0.0210948 2.71806e-05 2.55916 6.49987 0.00614848 6.99908e-05 0.000416644 196.037 6.05598 0.0920615 0.0609636 0.0541975 0.00273578 10.3218 1.57797 9.63701 
2.19879e-05 3.79195 0.000452717 0.89685 0.00107358 283.239 0.00133036 2.86417e-05 0.000291322 0.0773294 0.137254 4.60632 0.00282867 0.0289739 0.0449065 22.7857 1.72757 1.49105 
5.67727 5.21545 1.18668e-05 0.00188228 6.36081e-05 525.212 0.601825 0.277609 0.00320333 13.5206 0.0277993 0.0229001 0.00500474 0.00228826 0.151722 47.1487 0.349509 5.03041 
6.12879 2.10652e-05 1.54208 0.0792098 0.00118285 0.889561 0.98297 0.00386625 0.358309 110.303 0.00128427 26.002 0.00655538 0.000267593 0.00150383 44.4603 0.498139 2.46321 
0.120249 2.14633e-05 0.000143107 0.0987509 0.0150444 1.72664 0.000982007 0.00853665 0.00130068 0.140069 0.000194834 451.555 9.34822e-05 0.000893362 0.00177787 39.8207 0.885987 4.6365 
0.24935 0.0157963 0.925326 0.0081439 0.0118408 541.991 0.000231703 0.00579869 4.0525e-05 0.304494 0.0045062 0.0118779 0.431232 0.00029118 0.0340098 18.8606 1.19729 7.26255 
0.366208 0.0542915 1.00997 0.000489908 0.230065 34.055 0.296221 0.328016 3.20722e-05 0.011693 2.0013 0.830807 1.97556e-05 0.987868 0.182067 8.88377 4.72156 9.52173 
0.00751689 0.000478056 0.104301 0.00208974 0.0188474 31.0987 0.000351747 0.0829256 0.00627765 22.5079 0.00621 41.9093 0.121977 0.659336 0.129617 3.33399 4.01972 8.19835 
0.00399173 0.000113208 0.000420028 0.16181 0.000319319 958.606 0.000142152 0.00469028 0.00263641 0.599973 0.169767 7.71634 0.00037091 1.66175e-05 0.78881 11.6087 0.6321 4.46082 
2.06657 0.00499714 0.00546325 3.05546 4.08396 160.85 1.13107 1.72131 0.0777899 0.182581 5.5641 0.0733074 0.151794 0.000128422 0.320899 15.6777 3.67652 6.78468 
0.000247456 0.415016 0.000116628 0.00332884 0.000159303 272.453 5.12158e-05 0.781629 0.0710065 10.0321 0.0065307 1.22368 5.45521 0.0809286 0.147757 13.5532 1.43618 6.54106 
3.22111 0.129042 0.613165 4.6958 6.6126e-05 2018.08 0.737811 0.148243 1.65896e-05 12.5772 0.0122293 15.2153 0.0444337 0.351391 0.444819 4.78504 1.34089 7.79581 
0.0157317 2.57945 0.000505284 0.424937 0.00284421 42.9804 0.00436865 6.43816e-05 0.000105963 0.0192421 0.00180374 0.130805 0.313802 0.098355 9.62192 21.0697 0.435622 9.43053 
0.000198777 2.87605 0.0903874 0.05352 6.28582 9.38502 0.00275824 0.142472 0.185723 1.18089 0.00749634 58.187 0.00610585 0.00485657 0.136034 2.31904 2.25479 4.6839 
0.609988 0.000157044 0.278364 6.46841 1.54417 0.63276 0.00378883 0.0011914 0.000110903 0.0367859 2.13529 1.69566 0.00197952 0.0137395 0.000213454 46.5957 1.31666 0.636925 
0.0383514 0.101871 0.00395185 0.000202905 1.39056 0.0945268 1.57854 0.000130094 0.566238 23.6695 2.09356e-05 20.3606 8.82896e-05 0.0257204 0.71087 38.9553 0.11569 8.26624 
1.51132e-05 0.000115446 0.0278861 0.816961 0.0357497 9.7961 0.00107442 1.21097 1.58202e-05 0.446802 0.0398077 0.129303 4.12759e-05 0.433245 0.285624 6.03559 1.40015 0.549448 
0.014703 0.00740349 0.00011471 0.000203889 0.000322639 6.11326 0.00127025 0.00484303 0.0404683 0.0756614 0.000692308 11.395 0.0101184 0.00303764 0.0651359 18.1019 0.699283 9.98818 
0.00931231 0.618308 0.165255 0.0725051 0.0266805 14.48 7.65784 0.00846954 1.50348e-05 93.1428 0.0157983 8.13251 1.74428e-05 0.00141174 9.68199e-05 29.6623 0.71926 7.25011 
0.809929 0.114314 0.00118485 0.167943 0.15507 1984.88 7.54803e-05 1.31762 1.32893e-05 10.9527 0.159422 31.1331 1.60852 0.00144753 0.000339998 12.5609 2.75796 7.34294 
1.17869 4.73993 2.98013 0.000634186 8.21123e-05 4.621 2.41424e-05 3.14522 0.00245522 0.942091 0.0317848 6.16364 7.46187 0.075637 4.32985 42.3564 3.36987 1.85003 
0.190931 0.150858 0.788988 1.00359e-05 0.0157976 41.5045 3.96952e-05 1.66496 0.56027 0.100421 1.63911e-05 5.52456 0.00694995 0.526814 3.45546 8.47078 0.371218 8.26557 
0.00318292 0.0066022 2.03763e-05 0.000887405 0.0332611 4.93948 5.03979e-05 0.172215 0.001375 138.769 0.000419961 41.4389 0.0019948 0.211923 0.872643 8.27327 0.770633 0.735789 
0.0147665 0.0845726 0.09798 0.0449536 4.43774e-05 2153.24 3.50952 2.36699e-05 0.292168 5.26576 0.000142127 24.3165 2.17267 0.000663804 3.74198 13.6734 0.467114 5.53616 
0.299243 0.000158532 1.26885 6.52592e-05 0.624744 0.114787 0.457858 4.77399 0.000928456 0.392145 1.72755 0.0261352 0.00856235 9.39649e-05 0.0136861 28.9568 1.05196 5.40911 
0.000947367 0.000322046 3.67421 0.00167486 0.000102652 1.8121 0.0436 0.000647716 0.0434901 0.613211 0.0880377 2.09728 1.37454 2.49164e-05 0.811655 6.04256 0.295389 7.96964 
0.513749 0.000211829 0.147036 0.000162825 0.000170319 0.135185 0.00596575 1.77925 0.0796636 1.88222 0.000364781 244.743 0.0456013 0.14054 0.751309 0.987665 0.221387 9.17227 
0.00157705 0.274788 0.00463651 0.0233509 0.000470895 1.01822 1.74281e-05 5.89885 0.00483465 1.9464 0.763381 16.6077 0.114962 0.000288766 2.53946e-05 32.736 2.27836 4.01359 
3.38368e-05 8.70227e-05 0.000308664 0.00143473 0.0848918 0.0821861 0.514058 9.56032e-05 0.0671151 150.914 1.733e-05 2.77975 5.3409e-05 0.000128794 0.000813256 29.9252 0.649291 6.08308 
5.11331 2.55205e-05 1.13906 0.0151296 0.19484 0.0512972 1.5672e-05 1.11357e-05 0.0263463 12.4732 0.000794772 292.728 0.00161738 0.00711055 0.0456698 20.0177 1.51404 4.62136 
0.00552826 0.744922 0.0183327 0.000114797 0.241685 0.426094 0.00221605 0.00423472 0.00155074 0.0304699 0.502016 0.0712509 5.73655e-05 8.82795e-05 3.49956e-05 30.6504 0.719175 4.41786 
0.0526915 1.00405 0.000296638 0.0222412 0.0944196 0.0142407 5.41798 4.80733 0.264832 0.0144611 0.00109472 0.703936 0.353481 0.00300865 0.00041557 37.8048 0.65609 1.00103 
0.00370917 0.0003075 0.000191429 0.000489899 0.00250145 140.647 0.330379 1.62836 0.0211859 1.39283 0.000412101 0.0518396 1.20001e-05 0.0289625 1.45161 24.8569 0.773887 2.88391 
2.22367 0.0376738 0.00900161 0.0416945 0.072028 1283.29 3.36997 0.295045 0.00949989 0.0191372 0.00318811 2.16728 9.0752 0.000751195 5.4169 17.9199 0.56758 2.22495 
0.163482 0.0162551 0.711148 3.45842 7.69651 1.0101 0.263589 0.0855343 0.00692126 0.236952 0.130125 0.15481 0.718502 0.00048584 5.28332 42.1546 0.169843 3.92252 
0.00387019 1.19384e-05 0.0186267 0.00451575 0.0136163 0.694503 0.0129882 0.18377 0.000133162 120.3 8.97207e-05 0.0667878 6.45966e-05 0.0098103 3.98226e-05 29.0151 1.25104 1.98202 
0.00205247 0.0878041 3.64496e-05 0.376139 0.414008 93.7116 1.03553e-05 0.00664274 0.220245 5.64846 2.48567e-05 0.93194 5.63141 0.123143 1.8125 29.1516 0.552753 0.887271 
0.134862 0.32841 0.000285886 0.00516737 0.00191461 0.0489203 0.00777251 0.0715888 0.0832997 24.0016 0.0510558 492.538 0.00229255 0.337562 0.823423 3.39569 7.70863 3.55016 
4.62565 0.0014417 0.431043 0.000103105 0.0191733 0.0388016 6.24447 0.0280514 0.0272844 7.15529 2.39085e-05 0.36683 0.012357 0.039967 6.65794 39.3864 0.291439 1.91809 
0.000162344 0.0137997 8.88319e-05 0.000135818 0.0137113 28.1028 0.000225249 0.000615399 3.37534e-05 0.0983968 0.000256264 0.0438194 0.00266229 0.00124666 0.0145329 42.3971 0.634446 7.25578 
3.86587e-05 4.35982e-05 0.0590998 1.62798e-05 0.0122232 65.0716 4.55047e-05 0.0882261 0.00103448 5.43862 6.34933 56.7301 0.000911713 0.0889089 0.00059142 25.2248 3.70155 0.331946 
0.0361321 0.0567835 1.02233 0.0210512 4.99301e-05 0.0727464 0.0927988 0.00107481 0.00121206 2.84444 2.1094 150.944 0.00112668 0.0972016 2.27509 1.88087 1.78519 4.04607 
4.08288 7.84158 0.356817 0.00101808 0.000844309 4.82634 1.48132 0.130245 0.111435 3.24855 0.00738155 56.0279 0.000145221 0.238771 0.603268 35.967 2.21339 0.281997 
0.0199287 6.64031 9.50157e-05 3.28629 0.0510762 595.091 0.00795579 3.3777 0.0962619 7.97404 0.000157694 3.53547 0.108758 0.126705 1.2298 9.58876 0.398889 8.25209 
0.000707575 0.897505 0.0250009 0.0145875 1.69247 2.11121 4.47665e-05 3.04718e-05 3.43506e-05 11.1221 0.307956 6.8866 0.0143146 0.0594918 0.000142932 7.87334 2.52063 7.0386 
4.63527 0.000289155 0.00704177 0.0706222 0.00029259 24.4072 0.0692262 2.19167 0.192298 101.182 0.0178506 0.248285 0.00502809 0.169337 0.863168 27.6166 0.741757 0.284427 
0.063741 0.000178898 0.0148655 0.0617924 0.0579018 54.246 4.79558 0.22459 0.0137886 149.128 0.0795983 0.0214764 0.0143043 0.0129866 0.316015 21.1772 0.291397 4.70602 
1.33997e-05 6.79262 0.0579278 0.000138319 7.00085 0.0225119 0.000570292 0.000331904 0.0134254 0.444929 0.00186344 123.89 4.63948 0.000526318 0.294941 13.2735 0.831911 9.62369 
0.225824 0.0186214 0.1777 3.08525e-05 0.000932211 1951.66 0.001231 8.29275 0.76265 0.56827 0.00687704 0.0423003 6.15346 0.177842 3.10021 14.1694 1.79165 2.19699 
2.25876 0.0892092 0.000221362 0.0333059 1.41335 0.0895348 3.1706 0.653749 0.0495801 0.0156117 0.166636 0.149577 0.000198576 0.0726902 0.297387 13.0064 2.98204 9.36604 
1.91855e-05 1.96447e-05 0.237499 0.000271117 2.33399 2.69487 8.15683e-05 3.03406 0.157781 1.78374 0.0470459 169.812 0.0563076 0.000465687 3.13164 3.21812 0.40279 2.86224 
0.00482839 0.0577749 0.69286 0.0668226 0.000259541 2030.02 0.00343723 0.0102686 0.00865888 2.46547 8.10437 0.133045 1.16174e-05 0.0179284 0.0966171 21.7186 0.59057 1.79968 
7.69614 0.0063681 0.00254035 7.54796 0.392167 3.64281 0.000669401 0.00130294 3.93395e-05 5.60848 0.0181407 4.97735 1.12089 0.00101601 1.14386e-05 19.5258 0.70381 1.36742 
5.82032 2.33181 5.67286 1.42513e-05 0.406703 61.6593 0.239926 0.477868 0.249036 30.0505 7.97018e-05 0.0283793 0.000244407 0.0174343 0.0411474 30.5267 1.09936 4.35048 
0.248373 1.19831 2.23663 0.000786208 0.00364931 2.69842 0.0105115 0.0579289 0.601532 28.7127 0.347556 3.59935 0.000573138 0.0124489 0.207231 11.045 3.55861 6.45546 
4.00067 0.0832072 0.827026 0.000376685 0.0221406 7.90591 0.00124655 2.88512 0.113208 3.78269 0.0221881 130.116 1.42669 0.00295301 0.853618 41.1043 4.65045 2.86614 
0.00044645 7.23687 0.0876572 1.94922e-05 0.0162388 0.0284222 1.56511e-05 5.30603e-05 9.7363e-05 1.33461 1.79551e-05 34.5324 0.00515576 0.0443086 0.576886 17.4877 0.435746 7.02831 
0.0539084 0.365544 1.44384 0.00195957 0.000130114 456.932 2.13186 0.0204379 0.0683128 1.42292 1.09241 25.1132 5.00644 4.92878e-05 9.24062 6.60074 0.82026 1.20486 
0.000335151 1.2447 3.74047e-05 0.0126969 0.0700061 0.906336 0.0158538 0.0155645 0.0576253 172.762 0.000189793 0.0529484 0.0385577 0.00721887 0.111433 41.3346 0.794481 1.61427 
1.34424 0.0010806 4.31422e-05 0.0226058 0.0344137 57.983 0.00189511 0.00951976 0.000191928 7.565 2.3433 45.5822 0.00945675 0.152779 9.83455 40.1591 0.265399 2.97252 
4.89216 0.00486389 0.00225352 0.153148 3.44631e-05 160.275 2.00036 2.00389 0.00028519 2.05847 0.0646824 20.5475 0.000107964 0.0186301 5.00196e-05 49.3392 4.3303 4.08521 
0.00229063 0.000593176 4.44312e-05 1.47124 6.59289e-05 0.0115108 0.0905818 0.979321 0.0108999 0.0660309 1.55738 7.54076 1.62474e-05 0.000633104 0.000936278 17.9684 3.35852 1.94955 
5.23142 0.0330108 0.0312309 0.0579332 0.000116241 3.58678 0.00179991 0.0645937 0.0603654 0.28725 0.0673161 1.97483 0.0137698 0.000180817 8.84535e-05 34.1546 2.63351 3.22976 
0.128223 7.53809 0.000603215 0.000848448 0.000152071 0.154245 0.00275231 0.224748 0.0151502 0.465408 1.35778e-05 4.37109 0.00166305 0.483468 0.570593 1.89373 0.855063 3.83994 
0.00162414 7.73888 6.61749e-05 6.5259e-05 1.80048e-05 0.0240572 0.727613 0.164692 0.00605115 1.86976 0.013545 5.98369 0.154229 0.80946 0.612939 6.45234 2.69689 0.914987 
0.226845 0.00697594 0.00064499 0.585119 3.96547e-05 16.522 0.779324 0.266018 0.00107347 44.191 0.546753 55.0884 0.615844 0.000455615 2.70666e-05 35.2859 1.83401 2.75694 
1.79837 0.000423269 0.0207706 0.563337 0.346254 512.324 5.36297e-05 0.920536 3.11613e-05 0.0467488 2.93419 0.0640359 0.0116383 0.0023262 3.81949e-05 33.1842 1.70508 6.4879 
2.18294e-05 1.98225e-05 0.000106259 0.000767714 1.02151e-05 15.1788 0.0748741 0.737534 0.00917044 3.54862 0.335078 32.2037 0.00272863 0.00809285 0.000160874 9.64314 4.45533 2.46237 
0.00241975 6.79859e-05 8.22282 0.0108319 4.28731e-05 0.315399 0.000172379 0.0467832 0.00840614 0.439036 0.372657 451.293 1.68933e-05 0.00230503 1.42766 2.58288 0.653425 0.709593 
2.2244 0.00247029 0.000607148 0.00350522 0.00100808 0.482638 0.137389 1.48879e-05 0.00184394 0.544504 0.215438 0.0844812 0.0421352 0.0135717 0.0211612 32.0939 2.93118 7.73251 
0.0371903 5.46963 0.0631458 2.38375 0.000697625 0.0294499 3.21591 0.01538 0.104375 5.71061 0.11205 0.0179335 0.000122127 0.0326325 0.000467174 45.7636 1.83175 0.779264 
0.000461877 4.73929e-05 1.98173e-05 2.67234 1.07416e-05 0.110332 0.0529174 0.424981 0.000868374 0.216945 0.272358 218.179 0.000391304 0.0071625 1.15125 20.6988 2.52955 0.326326 
0.0329042 0.00504016 5.04025 0.000730994 0.454302 0.448837 0.511627 0.00107171 0.00164343 9.1962 3.79632e-05 0.719007 0.00875248 0.0176545 0.0795362 28.8729 2.30446 8.96399 
2.83261e-05 0.0613508 2.78147e-05 0.00013791 0.000154205 60.4202 0.000102059 0.000237054 0.232942 0.0249006 0.0020498 0.0138032 0.0070062 0.00305418 3.89829 40.0561 0.366312 7.36063 
0.0399241 0.00193025 0.0072485 0.285377 0.000219475 46.4083 2.37532 0.000864996 0.0105931 0.0430789 3.55695e-05 0.0250817 5.44845 0.0457795 3.70461 26.876 1.09053 7.40704 
0.0537105 3.89213e-05 0.00289279 0.000173833 0.000555582 241.557 0.512781 0.0883264 0.154161 0.175226 0.00425998 4.09999 4.5291 0.00070361 0.707603 11.5164 0.811581 4.29421 
0.000534665 0.215739 7.72495 0.000108703 0.0320823 0.0314978 6.11097e-05 0.000596773 0.111721 0.302301 0.0106854 0.0201579 0.00178678 0.381951 0.399763 6.06104 1.33648 1.0725 
0.00297017 0.0374567 3.60126 0.144452 4.44809e-05 0.138326 0.00085909 3.61153e-05 0.0209363 7.44926 1.78588 0.175652 0.642996 0.00560314 0.236503 29.5646 1.14653 1.93227 
0.0427848 0.218158 0.000155123 0.000407719 0.000292705 178.37 1.17837 4.12491e-05 0.00440259 18.5341 0.044401 0.285872 0.000126142 0.0504425 8.62082 31.3691 0.345696 8.41412 
0.011674 0.0214958 0.000159016 9.36622 0.372873 3.01723 0.000682671 0.0183935 0.000364003 448.63 0.000204589 13.4982 0.00841013 0.00148933 0.000163665 27.9746 0.911613 5.61516 
0.000504208 0.16487 1.82832 7.7155 0.45177 1683.8 0.00065443 0.515435 0.0562714 0.0704044 0.106962 0.0101738 1.91988e-05 0.206203 3.60731 11.1873 0.586122 3.04989 
0.000691838 0.752001 0.000252236 6.78074e-05 4.96204e-05 845.264 4.09733e-05 4.16383e-05 0.0233945 2.49305 0.33794 1.02967 0.00244253 2.29383e-05 0.100989 35.723 1.50246 1.47159 
0.000118024 0.00390675 0.000737627 0.00276503 0.588698 430.825 0.0190456 3.2071 0.112992 14.5875 1.88162 42.8436 0.0922503 0.132584 3.63646 37.161 0.600755 0.74604 
0.000111168 0.00959718 6.19335 0.00224283 0.000724698 3.03478 0.000829999 0.000113593 0.000124589 0.202507 0.0280008 117.174 1.10896e-05 0.00190345 8.40137 8.38958 0.59198 0.638608 
0.876473 0.00197275 0.0417675 0.000154749 0.00100015 915.98 0.000961736 0.0108595 0.0173921 4.60156 0.00294261 0.261734 0.139772 0.0168529 0.00249268 37.719 3.12274 6.67959 
0.00128221 0.0902474 0.056307 8.99646 0.797394 12.6583 0.0142935 0.0114089 9.14181e-05 339.493 0.747104 27.1818 0.00136311 0.0139831 3.92749 34.5453 0.27222 2.02288 
0.0393857 0.705556 2.97433 0.0102213 0.869237 2533.01 0.00772673 0.0018036 0.0551613 295.489 0.729081 11.9129 0.0584683 0.194207 0.341417 6.15386 1.07348 1.22486 
0.00660869 0.582697 9.22293e-05 0.805059 4.19605 0.0768014 0.0292459 0.00737957 0.0128407 70.7859 0.0303456 0.62369 0.0315504 0.718986 4.9965 7.20691 1.13369 3.39521 
0.0971164 0.0256309 8.93409e-05 5.12524e-05 0.0180284 1408.57 0.107596 0.0262894 0.00138745 0.674973 0.0639102 188.792 9.95562e-05 0.000139692 0.000451431 1.42133 2.49991 5.82631 
2.36549 0.000198232 5.45414e-05 0.173803 0.00108522 211.296 0.000567099 0.120394 6.13328e-05 0.140582 0.0258439 122.909 0.00349511 0.00996717 0.00820937 34.22 1.59344 5.56636 
8.26176e-05 0.415572 7.36116 0.0998131 0.0114825 54.5189 0.000805406 0.000163716 5.8743e-05 396.586 0.0822139 0.0740261 7.38056e-05 0.00266348 0.369202 35.1908 0.443203 9.39791 
0.00094398 0.00784965 0.00082358 0.329095 0.0093428 1.05546 1.46345 1.80537 1.41746e-05 0.0134132 0.2321 1.16128 0.539995 0.0034729 0.450855 37.2931 3.34911 0.928508 
1.33976e-05 0.000521797 0.000207355 8.12988 0.00156192 0.220469 0.15193 0.306163 0.159884 52.613 0.000258994 6.38685 0.00244459 0.0694283 0.131125 5.134 1.44016 8.24099 
2.48384e-05 0.0471143 0.00571153 0.00445245 0.00231629 217.886 0.000201099 0.0620362 0.000142865 2.43539 6.61038 0.589079 0.00680484 0.398517 0.582742 4.96689 0.917934 0.69777 
0.00025821 0.00552251 0.0373305 0.00303769 0.783924 61.4813 0.0489727 0.000106528 0.00511566 1.1026 0.0167132 3.76426 5.69211e-05 0.425777 3.36445 3.6051 0.231028 7.69185 
0.139967 0.00251534 1.58523e-05 0.00121663 0.20561 1580.52 1.72814e-05 0.0917476 0.0234252 0.0117509 0.000741121 2.58978 0.0189756 0.00869027 5.77415e-05 24.6595 2.10201 4.59303 
2.7742e-05 0.0569474 6.40467e-05 3.82502 2.5143e-05 496.857 4.9394e-05 7.53123e-05 3.75803e-05 6.11319 0.000840238 0.176208 8.49576e-05 0.00423808 0.000311712 49.2079 3.71488 4.61469 
0.46179 5.12626 0.0123145 0.00741883 0.00346624 0.243836 9.13281 0.386317 0.425814 151.463 1.11866 9.12749 6.2527 0.741857 2.07744 6.89645 3.44067 5.75231 
0.0287927 0.00034363 0.000249571 0.00333897 0.000129677 0.399645 1.32977e-05 0.0818522 0.0208711 0.0364008 0.000393075 327.281 3.23952e-05 0.392348 0.843061 4.84975 0.802099 6.52742 
2.25772e-05 0.0492701 0.000256982 0.081286 2.50111e-05 2056.82 0.0251636 0.000758034 0.10491 0.029465 0.000106801 0.0297672 0.000353133 0.000355675 0.00363207 30.6879 0.841523 4.4297 
0.00244143 0.0407397 0.0116808 0.000135233 0.0204954 278.797 0.000525149 0.000188778 0.190776 32.2221 0.000494618 7.98284 0.0113004 0.281408 1.37622 5.66545 0.685579 2.85807 
1.90026e-05 7.60366e-05 0.00013344 0.00156736 0.000489711 12.1441 0.496151 5.56644e-05 0.0142686 0.142606 4.8839e-05 229.369 1.39528e-05 0.0567125 5.01355 34.9574 0.387295 1.62553 
0.000258153 0.0750777 0.046143 0.000145631 0.632362 27.0149 5.52592 1.82321e-05 0.0031668 0.392805 3.5154e-05 42.4899 0.00325202 0.0198466 0.224861 12.7301 0.808012 3.05525 
1.21801e-05 0.00029648 0.00168744 0.00525488 2.4301e-05 1347.37 0.000100506 0.0019894 0.00516244 0.236973 0.475681 0.150062 0.438997 0.0284938 0.08436 24.1435 6.41946 9.33572 
0.335422 0.00425968 1.26301e-05 0.0100983 0.042832 111.716 0.00157276 0.000510503 0.734792 6.0502 0.00613223 286.247 0.0021202 0.000317582 1.49878 13.992 3.72325 0.115039 
0.492943 0.000153958 0.0195376 0.00403389 0.341332 0.602909 3.80029e-05 0.414672 0.415468 53.1441 0.310975 18.0777 0.0689636 6.87074e-05 0.000388355 15.0308 3.03045 3.17681 
0.110354 0.919155 1.53052 0.00181722 1.67625 15.012 1.71115e-05 0.0849573 0.0422587 0.344761 0.00293252 0.397153 0.285586 1.01708e-05 0.00835604 43.7561 0.382682 3.21582 
0.987997 0.164724 1.19721e-05 0.00465133 0.00239889 18.0354 0.866244 5.07127 0.623853 0.646899 0.0176969 441.961 0.00643613 0.0750638 0.00558637 0.274416 1.10686 3.30557 
1.06335e-05 3.50951 0.650502 0.010269 0.000112679 0.132309 0.00499672 0.582484 0.00680709 0.224457 0.468124 0.0181308 0.00192275 0.159303 0.551587 23.0646 1.14161 0.280137 
0.000516327 0.000888341 0.943654 2.75452 1.08705e-05 5.57887 8.19234 0.249131 0.000289242 279.876 2.38205 2.15928 0.0199566 0.00136004 0.0640658 19.0026 0.868703 7.63121 
2.90651e-05 0.00847799 8.2401e-05 0.0189465 0.473234 0.240071 0.0416898 0.000251707 1.77577e-05 0.275259 3.76372 0.0538629 0.125274 0.0942717 0.444263 40.3754 1.258 1.50695 
7.3697 0.0048434 0.000518257 0.0455617 0.0059021 0.0402663 0.0252183 0.758028 0.015886 59.8533 0.259228 0.25997 0.468096 0.755197 2.73496 4.27581 1.69149 8.7323 
0.006881 0.0745977 0.02151 0.00192245 0.0147462 30.1611 0.00216067 0.00011179 0.0149375 0.186202 1.16489e-05 0.919728 6.28206 0.136996 1.66268 17.1698 0.388036 2.66321 
0.161267 0.000216052 2.03477e-05 0.0159193 0.000240999 0.0253202 0.0955151 0.000187269 0.880228 0.750515 0.763238 1.70204 9.06665e-05 0.163445 3.37455 23.5841 5.76927 5.92747 
1.72629e-05 0.00327881 0.0112839 6.01667 8.73517 101.469 0.160662 0.386351 0.0139759 3.52507 2.28811e-05 0.0965767 0.0378178 0.000241448 4.78189e-05 45.9252 0.582538 3.51594 
0.277111 0.00292596 0.000301171 0.606539 1.30763e-05 49.3697 7.9835 0.238099 0.622857 0.030202 0.275194 426.965 0.0277856 0.222795 1.05474 8.15608 4.15551 0.045042 
0.0055368 2.65602 0.00204997 6.7274e-05 0.000560779 3.25563 0.0260053 0.00163139 0.0309782 1.43222 0.0214636 0.055734 0.266927 1.20733e-05 0.00832926 21.7689 0.813797 2.90211 
0.00085116 0.000714739 7.43367 7.41731e-05 0.093328 1.46771 0.0784775 0.37237 0.000255638 266.382 0.000322175 0.15986 0.0242113 0.0024841 0.000128115 43.0854 2.32506 7.2112 
0.000366296 0.0302235 5.11163 0.00365341 0.000193595 0.776741 0.123447 0.120303 0.316201 3.78514 0.315957 0.0399099 0.0115686 0.0101651 0.690655 17.1003 0.665513 7.48806 
0.96285 0.0021964 0.00266678 0.00383801 3.17087 0.292315 0.000105506 0.00401307 0.000345856 94.4757 0.0116803 3.98937 0.00622057 0.759203 4.46701 4.66435 0.803698 5.96556 
0.000293893 6.30984e-05 0.0158988 1.7717e-05 1.99788 0.0488968 0.0304 2.68172 0.0206068 171.689 0.172676 2.00455 0.000112035 0.381 3.59049 13.6969 0.382997 8.08345 
0.0309522 2.28582e-05 0.000122322 2.4678 1.12142e-05 2625.29 0.457816 0.011115 0.00183166 22.7502 0.0274085 0.680676 4.10874 0.0018423 7.34878 44.7073 0.173065 6.38353 
0.0724518 0.000244412 3.81691 0.0518239 0.073009 965.17 0.0234922 0.82262 0.0106353 0.0709923 2.09648 278.981 0.0140238 9.08802e-05 0.229778 0.4909 0.438786 2.14448 
0.00755652 1.62883e-05 0.00092961 0.283322 0.524333 1002.67 0.000182321 0.691176 0.238096 46.1025 0.00908813 0.045348 5.64154e-05 0.304772 4.46332 11.5878 1.47665 5.71482 
0.357147 7.57668e-05 6.26298 0.0130201 0.0408716 8.23243 2.87512e-05 1.11153 0.108089 4.74529 1.85248e-05 0.802097 0.00712146 0.0147969 4.6214 38.483 0.561552 7.45489 
0.113463 0.00420333 0.363239 0.124223 0.359037 367.692 8.01978 4.8826 0.381275 3.03911 3.61365 5.1944 0.0031914 1.94077e-05 2.13404 23.0033 1.87843 5.78809 
0.0135878 1.25296e-05 9.89998 0.405951 0.00331755 26.4546 0.032913 0.0568313 0.529061 0.208836 0.0107916 0.0406329 0.111357 0.000650211 1.60213 26.9399 0.352848 9.79555 
7.4226 0.924333 0.00596085 3.70543 9.42613 406.234 0.188138 2.91748 0.142668 2.01423 0.0694653 2.95915 9.6168e-05 0.000264895 0.0007479 27.4019 0.962648 1.52729 
0.029988 4.31216 0.292274 0.0037159 0.624314 0.329312 1.48252 0.0183969 0.000941039 5.13363 0.000625669 0.255804 2.1977e-05 0.0114524 0.000141999 16.5683 1.13184 4.15233 
0.00481443 0.00291378 0.0377371 0.0108564 0.761885 248.704 1.92428 0.00783029 0.622291 295.647 0.00268384 0.0734959 0.000294645 0.316097 6.21021 8.64251 0.230505 5.94261 
0.000872825 1.61749e-05 0.0246661 1.0515e-05 0.649695 65.9922 0.000293066 3.5777e-05 3.19075e-05 93.1183 5.05537 6.71267 2.43466 0.257847 0.774062 3.78539 0.818159 2.17424 
2.62847 0.000133354 1.09748 6.15081 0.350563 389.628 0.0579882 6.87903 0.00219158 0.013656 0.0791531 25.836 0.0748919 0.00397742 0.750844 44.1514 0.642518 1.2886 
6.3306 3.50973e-05 0.07808 4.45904 0.901158 0.0637456 0.292812 1.50208 0.00696673 6.39667 1.5101e-05 2.92633 0.461353 0.0206111 0.50276 20.5203 0.42522 7.65838 
0.00366141 0.000540592 0.00239516 0.243815 0.00163879 693.634 3.95337 0.0357394 0.00851536 0.107311 0.00886932 0.012856 0.0105164 0.173375 1.58804 5.49926 0.457023 7.87838 
0.000969116 0.000509591 0.00583108 9.13884 0.000940035 0.0357059 0.000132918 5.54431e-05 0.00327251 250.962 0.0438224 0.749705 0.574591 0.8766 4.73867 19.8539 3.11393 3.26911 
0.0022723 0.0920157 5.55913 1.5681 0.230776 213.999 0.0281917 3.43057e-05 0.134562 0.0110791 0.00394651 2.55755 5.17422 0.408169 0.428662 33.1486 2.41531 0.292344 
0.00485612 7.24137 1.43042 0.0264271 0.555283 21.9729 0.757393 0.171975 0.0118924 0.994609 9.42895 470.503 0.000692201 0.00254829 8.60401 2.30264 0.139909 7.83765 
1.63992 0.645142 0.174878 0.266806 0.484178 2871.82 0.289567 1.11892 0.00618899 1.33319 0.0920376 0.012763 3.40299e-05 0.786171 0.978319 5.19782 1.31401 1.78758 
0.00786137 0.0307631 1.50393 2.08321e-05 0.00075484 0.0305136 0.0750039 1.60602 0.0615127 11.086 0.102682 191.804 0.00528538 0.0611884 0.000163346 2.95763 5.25414 6.40913 
0.0782787 4.93584 0.000186901 0.0178996 0.056845 2.28244 1.86699 0.041887 0.084992 139.582 0.0265744 0.0144945 0.00570827 0.00902055 1.21506 44.88 0.63424 1.36051 
0.000530125 3.47113e-05 0.0228905 0.0268036 0.0624442 2.63927 5.68719e-05 0.729883 0.0063814 1.02592 0.0425955 0.166529 1.19829e-05 0.00454903 0.0634353 45.6179 1.05338 6.45813 
0.000281297 0.806513 3.18983 0.000190228 0.00185417 52.662 0.00936749 0.0513114 0.000694475 0.0176743 0.259584 32.0293 3.41984e-05 0.00749403 0.821215 14.462 1.85246 2.95467 
5.41222e-05 0.752645 0.00266189 0.000156234 0.035892 0.0376601 2.20343e-05 0.00815342 0.0260709 127.117 0.975513 0.451586 0.0794752 0.0130463 0.00612352 43.3399 2.69393 9.50248 
0.00397502 0.00181302 2.66329 7.46226 0.0339837 47.4433 0.00361134 0.274562 0.000145679 0.0177944 0.00157602 43.5159 0.000324198 0.0448169 0.478417 13.3301 0.495649 3.68093 
1.29276e-05 0.00117864 0.0996834 0.000220889 0.000313312 0.010944 0.00124172 0.0120481 0.0012588 2.11549 1.32973 396.786 1.71094e-05 0.0107493 1.46302 0.369751 0.687823 8.80644 
0.00361674 0.000160544 0.000214627 1.53652 1.06839e-05 0.0674894 0.0546764 0.000252 0.000867052 7.98148 0.0176097 56.6896 0.765583 0.211545 1.51548 41.5449 9.99438 8.19045 
0.00024316 0.295364 0.0431369 0.00786956 0.00059937 0.172909 0.00880223 0.497517 0.00480614 470.811 0.172534 13.3452 2.39941e-05 0.0241706 0.365594 43.5812 0.250425 8.94752 
0.195727 0.158547 0.00220913 0.0592357 0.00895209 24.7328 0.0751247 0.0487003 0.199053 73.5613 0.347599 5.35003 0.00062008 0.0626979 0.136216 49.8507 0.72527 6.28502 
0.00734851 0.00106104 5.69974e-05 0.0132164 1.25601e-05 88.6878 0.00774192 0.0494723 0.000176139 8.38381 1.84565e-05 2.22018 0.00098956 0.00854545 0.245199 30.4613 0.581567 3.07814 
0.286199 0.26435 0.0095061 1.16871 1.25811e-05 1980.63 0.000164924 6.39288 0.0368246 0.0231818 5.06702e-05 9.98006 0.0110154 0.00179301 0.364472 31.2095 0.569224 1.55729 
0.00399137 0.00585243 0.00125956 0.0361618 0.00603595 84.5466 4.30786e-05 2.80119 0.357734 382.905 0.0365669 34.8017 0.0158989 0.0790679 0.0034985 17.1457 5.07769 2.81672 
0.0206729 0.000311479 9.65255e-05 0.029533 0.000751597 49.1176 0.000399182 0.0899897 4.34609e-05 126.204 5.08484e-05 0.0478749 0.00596304 0.0350337 0.445325 9.21323 1.18703 9.03965 
0.141623 0.0212028 0.000684891 5.86358 3.25264e-05 0.758695 0.101516 8.93778e-05 0.000919003 4.8115 0.142556 2.47332 1.15638 1.39726e-05 0.0693826 14.692 1.52862 2.04474 
1.88564 3.10924 0.0368729 0.000264396 0.00107215 1.01262 0.000712107 3.24568 0.00614384 261.479 0.0228533 259.377 0.22128 0.735773 3.40413 10.6554 3.32647 7.69326 
0.000142344 0.0460761 2.24986 0.000196623 0.264869 0.536274 1.25782 1.01233 0.0130016 43.5683 0.00723387 6.75386 0.000625 0.0019694 0.000334708 20.9691 0.728375 5.92928 
7.20466 0.858321 1.3209 0.000177941 0.0918438 678.376 0.625584 0.246969 0.0555955 65.5013 0.190577 218.606 0.080084 0.000188868 0.304341 4.07628 0.940679 8.43247 
0.52509 0.0017688 0.000495271 4.17131e-05 0.245618 0.0152706 0.238048 0.036541 0.783281 0.147124 0.082442 15.5827 0.370647 0.00264337 3.96706 29.6363 2.5349 0.317737 
0.291687 0.00302208 1.72791e-05 1.62112e-05 0.00423785 0.656497 0.0033238 3.1407e-05 0.00227977 11.8976 0.444729 164.694 5.02849 0.201558 6.46806 11.3105 4.50525 3.61831 
0.271963 0.0437832 0.00173677 2.54828 1.17511e-05 10.0297 0.00261717 0.00306737 0.000453658 55.3232 6.38985 0.378738 3.05247 0.381344 0.413692 35.1623 2.4265 0.156731 
2.6267e-05 1.81019 0.000420145 0.00151717 0.0358119 2.97491 1.28725 3.12215 0.010603 98.2263 0.00459124 3.58566 1.61319 0.000731283 0.000649943 41.9435 1.17226 1.80821 
7.53852e-05 1.33199 1.60983e-05 0.108437 0.0711948 0.0133762 0.00430986 4.14747 0.291185 0.133398 1.15243 2.38426 0.0888516 0.00283599 0.10772 11.4869 2.10062 9.12628 
0.000117739 0.000168185 0.00825034 0.00144203 0.0174004 2.36026 4.5024e-05 0.236892 3.8539e-05 0.01075 8.86959 36.8415 0.212567 3.0457e-05 0.288993 4.39562 2.38079 8.98493 
0.0118677 0.0496205 3.04816e-05 0.0016293 0.000147559 343.534 0.00397519 0.00716485 0.0680922 30.542 3.33906 3.43863 6.08637e-05 0.0409772 0.987228 8.25548 1.30415 2.57496 
5.25654e-05 0.541751 0.00174856 3.94498e-05 4.927e-05 0.0686923 0.00154537 0.982592 0.0143561 7.26956 1.70423 1.39044 4.78739 0.0692087 8.01351 48.0279 1.56688 0.822988 
6.13297e-05 0.000237004 0.0035957 0.00377397 0.00242346 1.43525 0.000413281 0.0138291 2.17764e-05 0.296439 0.0036168 0.0196571 0.45544 0.000367755 0.560222 30.2631 0.362238 7.37204 
3.83653e-05 0.0114033 0.0020937 1.65366 0.000892814 888.671 0.230102 0.067528 0.260702 39.3935 0.15032 0.385476 0.00472224 0.105001 0.822003 30.8898 1.01201 1.37075 
3.2461e-05 0.0011969 0.00110534 0.0262017 0.000183977 0.0326725 0.00410825 6.66123e-05 1.69576e-05 4.37903 1.02871 110.661 0.177875 9.03886e-05 0.00299829 28.7423 2.38458 3.98037 
2.98085e-05 0.00150952 4.30974e-05 1.4109e-05 0.721856 0.53376 0.0460829 0.199916 0.000297257 195.355 0.0106043 0.0127508 0.000720993 0.0530175 0.14789 43.0796 5.41188 4.1841 
0.00519481 0.00046829 4.57929 0.000112316 0.746708 4.54971 0.00358385 0.00383077 0.0248444 147.809 3.44573 43.8192 0.0664878 0.000103318 2.45339 5.5363 1.25642 1.63169 
0.879534 0.129301 0.116857 4.68352 0.410972 0.0866623 0.420176 1.01093 6.17943e-05 0.721736 0.46428 0.0609054 7.69538e-05 0.0965458 0.218158 26.6732 2.54516 2.12234 
0.100886 0.0070841 0.198499 0.140198 7.51036e-05 0.0370706 0.000523248 0.108998 0.0060718 31.3695 0.0051028 0.183419 8.99322e-05 0.45333 1.06945 16.5734 3.27621 1.75788 
0.000140113 0.0012402 3.6012e-05 1.06403e-05 0.0812457 46.0986 0.51766 0.000398725 0.015485 9.77265 5.93467 17.7384 4.88742 0.113848 0.685726 8.0435 2.21108 1.61416 
4.02533e-05 0.0110642 8.58466 2.12128 0.000612426 1586.89 0.0143013 0.628842 8.1505e-05 0.0895667 0.000158821 1.74409 0.0420143 0.00559175 0.000276963 43.4832 1.63429 1.3257 
1.03849 2.47706 0.00590389 0.0126726 3.155e-05 137.324 3.17267 0.321282 0.0118642 1.68586 0.0721565 131.399 0.000323406 0.00142907 2.61184 6.23102 0.339407 8.86272 
0.0220219 7.82436 5.80181 4.03348 4.8821e-05 0.0491336 0.00467976 0.000108082 0.00857085 10.7877 0.0356912 0.0405861 0.0692557 0.0697352 0.129378 15.1966 2.78196 8.50459 
0.000309997 5.82868 0.00032264 0.000889936 5.07608e-05 647.081 0.0578762 2.24016 2.40703e-05 0.0103468 0.175083 362.525 0.00021349 0.203893 3.23888 10.3643 0.898236 4.58719 
0.000164229 0.000489158 4.62714 2.36591e-05 4.44594 2.12498 1.39216e-05 0.00180523 0.00185424 342.175 0.000222755 82.6642 0.00256543 0.00596002 6.98685e-05 40.691 2.13712 8.45756 
0.000175798 1.45868e-05 0.0117666 3.94329e-05 0.204921 12.5326 0.000414885 7.51987e-05 0.00284894 0.722696 1.56822 0.0565987 0.000178709 0.012687 0.0535356 46.6086 0.38937 6.63221 
4.93121e-05 5.16295e-05 0.00444353 0.00654398 0.000264415 80.23 0.000223925 0.000990295 0.00803072 10.3036 0.889776 451.506 0.11526 0.000829306 4.22444 11.414 3.74401 0.583011 
1.2727 0.000282052 0.269039 0.000427174 0.072308 112.386 0.0575702 5.39418e-05 0.0028674 1.11439 2.01983 0.126301 0.000338927 0.000838559 0.000254763 20.7295 1.1332 7.14372 
0.000211128 0.020864 0.00013571 0.0013374 2.86416e-05 0.0188622 0.00396263 0.425959 0.000136794 75.7253 0.340668 0.439691 1.33837 0.00183711 0.00604978 36.5706 2.56228 4.58589 
0.000155463 0.000458301 0.000358966 0.907152 0.383066 2416.94 0.766976 3.91273 0.0688256 0.030502 0.0133377 0.019972 1.87426 0.000114707 3.60507 38.3873 0.280974 8.483 
0.00114977 0.000681324 2.34449e-05 0.00196809 1.64641e-05 2.72929 1.95399e-05 0.000230587 0.0652301 0.186294 0.000136418 0.0570192 8.93349 0.0805101 2.76173 17.2944 0.323242 5.27351 
0.000160273 0.290579 0.565632 0.000431824 0.0142539 5.3704 0.00279135 0.0104668 0.915677 82.9578 0.383824 0.0111516 0.0052293 0.0399575 0.720698 22.7142 1.63836 7.48395 
0.927074 0.950116 0.0391032 4.30444e-05 0.000465461 0.0120471 0.000266132 4.12384 0.148247 0.264547 1.98031e-05 5.90865 2.87007 0.0146374 0.148783 36.049 1.51229 0.86997 
0.000305741 0.0278638 0.100387 0.726078 0.00291939 2158.91 5.77638 0.0142632 0.00143222 1.98251 0.217496 0.210231 4.78765 0.00531475 3.6844 21.0515 0.528901 1.54745 
8.19133 3.14372 0.00127809 0.439663 0.000165384 48.4006 0.000374993 0.0330153 0.000912002 208.275 0.610235 0.0343045 0.088003 0.0371256 0.196535 15.6431 0.917895 5.32592 
1.25043e-05 0.000893087 0.0812085 9.37061e-05 0.0177468 0.193124 0.538597 0.00118795 0.00318769 17.3915 0.0190403 25.5661 5.15908e-05 0.747396 1.02268 10.9927 2.07704 1.43253 
1.48991 0.00353734 0.0173113 0.000153778 0.000301315 2.93673 0.0261277 5.19746e-05 0.000197897 0.0331074 3.4029e-05 17.151 0.00207227 0.000616507 1.87262 47.8434 0.200056 6.34149 
0.014194 0.0227966 0.000241367 0.00658693 0.000436837 49.9395 0.116092 2.17272 0.222469 0.209381 0.0218554 130.628 0.00205601 0.000465765 0.205732 7.65282 1.25485 0.222115 
7.95422 0.000338864 0.243219 2.19759e-05 1.63387e-05 2.02804 0.20651 0.00641671 0.00381995 0.0364958 0.00134175 37.8455 0.000417497 0.577354 5.86891 31.1836 0.880202 0.284861 
8.66813e-05 0.000139024 0.106411 0.000751384 1.35544 494.79 5.44728 0.629035 5.02609e-05 0.156952 2.48254 9.18413 0.0134821 0.00620341 0.000816276 30.6327 1.40737 1.55988 
0.0010843 0.000319408 0.00561268 0.000174567 0.000268359 1.36448 0.00370631 0.000436056 0.162897 1.29399 1.45118e-05 0.164216 5.74522 5.28128e-05 1.26207e-05 5.82194 0.838828 9.43566 
0.000757623 0.0901041 1.00692 0.0193826 0.485462 4.3492 0.00326164 0.000323629 0.669293 1.30908 0.0196363 114.21 0.00111071 0.00229047 6.18369 0.952893 2.11682 7.40694 
1.31263e-05 0.138253 0.390365 0.00755441 0.00269201 109.519 0.0451559 3.97316 0.0125198 0.403879 1.88201 410.128 0.0273193 0.00242262 0.145202 1.56465 0.832187 0.253325 
0.000110444 0.00325279 4.88658e-05 0.00140262 8.86563e-05 2.33812 9.60467 0.00202575 7.40974e-05 1.3888 0.101588 0.0441237 0.000260284 0.0206935 4.14817 33.2491 0.20328 8.4293 
0.0477976 0.000246891 3.82828e-05 6.92064e-05 0.136793 56.2314 0.00035923 0.0436463 2.689e-05 0.010474 0.125079 0.0117491 0.0386935 0.290322 0.626102 42.9882 3.23479 0.461625 
0.000421613 0.0834252 0.00104615 0.202345 0.562718 0.854259 0.000192156 0.0120187 0.0132967 8.18757 1.01288 1.59732 0.017848 0.373178 0.693753 34.5643 2.62496 0.434925 
0.0160629 0.000368686 0.0219389 6.48156 0.0018189 2677.22 7.82379 0.0955782 0.0160832 0.0578738 0.0011677 1.25968 0.000509039 0.00110557 1.76314e-05 36.7898 1.00653 3.37835 
1.81126e-05 0.000277864 0.0559512 0.658613 0.280075 0.0975891 0.00262205 0.201916 0.000207743 0.0413354 0.000378267 39.6266 0.00254044 0.0485339 5.83066 42.3567 0.269171 1.2783 
0.0890789 1.63533e-05 0.190386 7.78078 1.65928e-05 2391.31 0.000358899 1.75271e-05 0.00328593 11.0918 0.0214212 0.25258 0.00108963 0.0594201 0.889406 16.4185 0.592346 9.14722 
0.495199 0.00929171 0.504727 0.0829499 0.00574399 0.59325 0.00310439 0.453389 0.0446172 1.23055 3.8161 9.97856 1.45369e-05 0.00016114 5.57081 22.194 0.186773 9.27117 
6.5565e-05 0.129309 0.00355865 0.00307265 0.000512198 0.408969 0.00025279 0.000485765 0.000181207 2.68443 1.56454e-05 5.86809 0.237954 0.10218 1.07876 23.6841 0.336683 7.70449 
0.0177053 0.000480817 6.32118e-05 0.19879 7.37465e-05 715.219 0.000320884 0.00152645 0.0209912 135.845 0.0645583 92.5797 0.000141137 0.000911134 2.4223e-05 41.1395 1.74025 8.97136 
2.95616 0.0189877 0.572865 0.0336624 0.965524 1157.51 0.0417066 0.195786 6.51959e-05 7.65584 9.88341 3.81548 6.35592 0.0706036 0.581998 2.56927 2.35453 1.8941 
0.00103555 0.158884 0.00259993 0.000216272 2.50081e-05 0.0108437 0.00679628 0.00605705 0.771771 0.174415 0.0026566 0.0102105 0.000199246 0.0369254 0.128202 25.8852 2.0046 2.77371 
0.101963 0.00725787 2.71094e-05 0.000769964 0.000120069 0.0286785 4.12041e-05 0.0999652 0.0936204 3.26622 0.00488863 0.0243168 2.12352 6.50622e-05 0.000119073 24.4164 1.47995 2.99343 
9.52618 9.69709e-05 0.000325877 0.00126734 0.000305495 138.244 0.000705306 0.00370939 0.00885546 340.982 0.00458471 0.684642 0.000926654 0.649079 8.73906 12.7494 0.42226 2.99817 
0.0188343 0.0920105 7.35647e-05 2.33071e-05 0.357052 4.36144 8.43643 0.37227 0.00161856 2.77525 0.10893 0.391816 0.0328859 6.87992e-05 0.0254164 48.98 2.0544 6.31234 
2.57228 8.62675e-05 0.000100012 1.38219 0.397029 0.528989 0.692191 2.45291e-05 0.0888497 2.00957 0.072284 9.73197 0.757028 0.000882929 3.09594 8.08442 0.49582 9.40968 
0.000722635 0.137885 0.0021986 0.00388631 0.000657917 785.587 0.0103618 1.41279 7.09282e-05 1.61098 5.7974e-05 0.12661 6.75897e-05 0.170109 0.229419 11.3553 2.57575 3.15467 
0.12664 3.88153e-05 0.414287 2.92128 0.000661506 0.198727 0.033714 3.28795 0.0733136 0.0217146 7.24563 19.3214 0.662302 0.0139263 1.64946 5.18109 1.56316 1.93789 
0.000537242 0.660517 6.85328e-05 2.22659 0.281322 0.0570064 0.15543 1.15981e-05 2.70028e-05 3.41988 0.00102011 278.669 0.208583 0.00987 0.0057233 37.0158 1.47343 2.32674 
0.00432797 0.025562 0.157695 9.99414 0.107214 10.1853 2.10911 0.00056899 0.000439051 0.957816 9.86498e-05 0.256578 0.0415164 0.000257483 0.00219978 30.78 0.586657 8.59735 
1.86728 3.81951 0.00368176 5.6593e-05 6.79806e-05 0.0505873 0.0185765 0.0134997 0.158572 0.0809091 0.000200649 5.92139 0.0559615 0.000150316 0.193393 34.3039 3.70351 5.9657 
1.25084 0.000513785 0.0228782 0.0552482 3.33255 76.0415 0.00607466 2.47663e-05 0.00560934 9.28317 0.156925 74.7177 0.000140736 0.653826 1.75259 11.0538 1.35508 2.48201 
0.0690947 0.0124671 0.658862 3.44934 2.73485 23.3747 1.20153 0.0085554 0.0721197 0.368076 0.00972557 8.27424 0.000157265 0.0420852 7.34074 38.1419 0.909283 3.95231 
0.000402498 1.78544e-05 2.35639e-05 0.0093685 0.600241 28.6514 2.20254e-05 2.0696e-05 0.000189112 1.00931 0.000254491 75.0398 0.25964 0.00709872 0.226982 34.9817 0.564814 7.76269 
1.32297e-05 0.012336 0.220637 0.00380874 0.00826975 0.133031 0.000258654 1.0058 0.00111204 15.899 0.495776 0.68846 5.467e-05 0.293084 5.01822 31.2098 0.614264 1.16599 
0.00120823 0.0224935 1.74605 0.108242 4.69914 394.584 3.87105 0.016769 0.026257 16.8413 0.0674335 5.4115 1.99818e-05 0.0358603 2.33126 45.8019 2.04204 3.4648 
0.000131334 0.212806 0.00689007 0.357936 0.000355364 11.3379 0.0109059 0.00132637 0.233518 6.48489 0.03926 36.0589 7.22611e-05 0.00426608 2.67224 18.4994 1.95975 2.68248 
0.6717 3.07094e-05 0.000276315 0.000131772 0.000271397 1104.97 0.00266952 0.0218429 1.50789e-05 314.954 2.70856 1.26881 0.000849987 0.330785 7.97365 25.1037 0.73227 1.59216 
0.0012603 0.252713 0.000571086 5.88285e-05 0.000319001 370.227 5.15485 9.27142e-05 0.0915335 0.136919 0.000113174 7.37041 1.30838e-05 0.917974 1.47702 14.4736 6.27089 5.52846 
0.0038302 3.42402e-05 0.0303585 1.8552 0.00190293 15.7136 1.03094 0.0419334 0.238854 23.4957 0.0122323 76.8475 0.00016864 0.146496 0.196931 4.82564 1.26871 3.08125 
3.0107e-05 0.202723 0.0220412 0.00115431 0.000592089 0.249494 1.17263 0.000132922 0.0149691 0.0261172 0.100413 3.35997 0.00139082 0.903698 1.86262 25.8004 2.93864 7.30105 
0.206032 0.000569309 3.52743e-05 0.175851 0.224528 0.159457 0.13325 0.273139 0.00833433 1.06439 3.21208 8.96785 0.00491125 0.285537 9.81418 49.2105 0.285211 5.08174 
0.0013762 0.000801365 1.20132 0.185743 0.235937 2.71167 0.00156957 6.52343e-05 0.00015026 2.36731 0.0207675 54.2691 0.000101353 0.0152388 0.0951508 42.0891 3.41018 6.95145 
0.000418143 0.000442211 0.000232732 0.000473209 0.146551 435.109 0.436943 5.63574 0.000638897 73.5594 0.356863 146.539 0.674643 0.381919 0.555992 10.2123 2.73144 6.1638 
0.00443882 0.00450872 0.301106 5.86923e-05 1.28841 429.753 6.55225 0.0385885 0.00168099 0.0449492 0.0188026 0.144998 0.00473514 0.237866 5.99465 20.0499 0.973269 3.79035 
2.09913e-05 8.99313 0.00396152 0.00261449 0.0283124 16.5799 0.00461044 0.64186 0.0337581 17.6817 0.0867319 140.892 0.000452717 0.00982691 0.00033698 3.40437 4.80309 5.75598 
5.0716 0.00950019 0.240673 0.0949412 4.60432e-05 1.36899 2.49196e-05 0.000449987 2.086e-05 0.616818 0.000329213 156.137 0.000176168 0.607509 0.941577 7.29002 1.93792 6.5951 
0.000578858 0.00393184 9.48363 2.21012 9.60942 2.40019 0.000130286 0.0117999 0.0412316 4.03629 0.00165518 250.882 7.29609 0.0108652 0.442225 25.1916 0.320472 7.165 
0.00326934 0.000140266 0.00778658 0.00201329 0.00237727 1.82193 0.00272617 0.0101239 0.000105234 0.0589078 3.33056 4.45164 0.000184152 0.135322 0.666752 20.2927 3.28116 6.55211 
1.75491e-05 0.0408126 5.52221e-05 6.69775e-05 7.42702 0.123267 3.24164e-05 1.23451 0.00594606 0.763084 8.26738 130.268 0.183383 0.0402967 0.476631 4.74228 2.9202 1.95823 
1.90026 0.681826 0.00350474 3.59967e-05 2.09643e-05 0.0541443 1.63416e-05 7.86575e-05 0.000812636 49.9087 0.000852429 55.6924 0.00593879 0.000312316 0.000607403 41.9438 0.939261 4.18403 
0.000454179 0.000413392 0.00323078 5.12267e-05 0.0217025 610.169 1.56719e-05 0.513625 1.36077e-05 0.125993 0.00765249 74.2757 0.88075 1.25645e-05 1.90149 29.7388 0.356274 1.52365 
0.274924 3.18395 0.00566112 6.79935 1.24512e-05 39.1183 0.00286949 2.93462 2.74533e-05 162.3 0.00105474 0.108376 0.221335 0.0528452 0.108082 23.7865 2.46855 2.73778 
0.261403 0.00814212 3.07012 0.0567164 0.0013982 4.35964 0.000311329 0.0151935 0.51301 0.459159 0.158395 7.40558 5.16297e-05 0.0196388 1.49431 18.52 2.42815 5.80006 
0.00012152 4.07841e-05 0.656647 0.0142877 3.46218e-05 7.04328 0.00455607 0.000131207 0.254847 389.576 0.000341368 92.331 4.68401 0.00724797 0.00210814 34.1063 1.61151 6.10607 
0.325519 0.000123019 8.86858e-05 3.732e-05 0.00084281 1713.3 5.55152e-05 0.36805 0.0668533 75.0614 0.000129215 0.0259332 0.00379477 0.000175992 3.90231e-05 47.5619 1.06767 3.606 
0.000105952 0.462464 0.000349082 0.00504456 0.05697 0.0455073 0.000332632 2.16082e-05 0.030363 2.61117 3.33423 6.33171 0.164285 0.000609036 0.418811 21.8523 1.30677 4.92016 
0.00052903 1.00237 0.00159168 1.6341e-05 1.26842 302.688 0.00611295 0.00201218 0.057553 5.89639 0.000106786 0.0161452 4.82718e-05 0.0953378 0.708936 22.0796 0.606456 5.87294 
6.04476e-05 0.000164686 0.336785 3.51954e-05 1.38629 228.92 5.09108 0.0801594 0.0386749 0.0478942 0.104429 13.9089 6.73959e-05 0.566898 2.06473 30.7089 1.94617 9.55146 
0.989468 0.000629567 4.50806 0.000256941 0.00324919 0.0256125 0.00256944 0.0422836 0.890118 107.238 0.872672 9.28724 0.661326 0.0333736 0.464995 15.6891 1.73526 1.35458 
0.0293491 4.3291 0.020099 0.00616139 0.000196921 0.209717 0.476053 1.04807e-05 0.595167 58.5688 0.00104426 1.17453 0.127652 0.615692 0.793668 30.4394 3.38117 1.99696 
0.000345135 8.85035 0.00936552 0.011308 0.000356889 4.45207 0.0959239 9.12566 0.00030184 0.367296 8.29668 47.3588 0.144007 0.362275 0.507231 35.0744 3.94205 4.54042 
7.8422 4.94204 2.02156e-05 0.0102318 5.22356 527.747 0.00017756 0.521811 0.00684988 270.719 2.95624e-05 0.637675 0.000268729 0.936186 5.22573 12.0031 1.28449 1.1238 
0.0954917 1.01833 0.000313656 1.32517 3.37536e-05 237.734 0.000118902 0.00144396 0.109106 7.20361 6.17015 0.350199 2.14989e-05 0.107204 0.208991 34.6727 4.83848 5.54398 
1.70427 0.0583711 4.50364 0.0136155 0.122913 0.387925 0.17186 0.0190511 0.000989012 71.5153 1.86837e-05 46.6991 0.919948 0.021402 0.434042 34.5582 1.05296 1.279 
3.31883 4.65453 0.00908193 0.0732922 0.00639659 1.42791 1.22106e-05 0.00213196 0.430764 36.2544 0.0276318 0.308078 0.144766 0.477649 9.96418 30.3026 0.690272 1.07347 
0.291899 0.0112941 0.000353918 2.2615 0.00441329 43.3889 1.68838 0.00171193 0.00197776 474.441 1.29317e-05 28.1788 0.000328094 0.0857997 0.997765 25.3475 1.68843 1.90413 
5.79384 0.0202028 0.0463398 1.16688 0.00101208 55.1165 0.283938 0.0514424 0.00336432 2.09646 0.00267663 0.195848 0.000398256 0.543966 0.793314 31.3742 2.31739 0.283179 
0.000566662 0.601955 0.00100773 0.149721 0.0125582 1924.06 0.0739316 0.00392521 0.00231616 282.627 3.13107 0.271524 0.246056 0.0250842 0.16767 14.8185 1.13966 5.57092 
0.0155764 0.0074353 0.136399 0.00361338 0.000154708 3.39108 2.52344 0.078318 0.250709 211.7 0.00229886 1.45929 0.000124144 0.317913 0.870192 22.0167 2.18291 3.53375 
0.366786 0.000431624 0.01517 0.0419037 0.208225 654.206 0.000179373 0.000265398 1.17683e-05 28.5237 0.0127503 2.01121 2.87247e-05 0.199599 0.539076 35.9803 1.65118 0.45468 
0.256498 0.176795 0.000202105 8.62266 0.00170081 211.646 0.0208284 3.17412 0.0116463 0.0463142 0.00638923 0.392562 1.19185 0.000892759 0.456885 44.9324 1.40878 0.60637 
2.34871e-05 0.00795995 3.92124e-05 1.74071e-05 0.035534 170.805 0.719621 0.00235105 6.27277e-05 8.74959 4.19558 0.0123849 0.352917 0.096187 2.85559 38.7203 0.567677 2.7162 
0.000210043 0.00264189 3.52869e-05 0.00169929 5.20147e-05 0.33816 0.00406307 4.1012 1.76642e-05 1.85617 0.000600282 2.43521 0.000252761 0.893998 1.22358 2.39996 1.67716 6.10617 
0.0867768 0.00791397 0.00665469 0.0124928 0.76435 120.49 0.0655888 0.0224159 0.0597147 3.03351 0.0220064 2.41545 0.000841894 0.282683 0.68176 21.3827 2.62326 8.74563 
0.689702 0.0202119 2.09327e-05 1.0646e-05 0.0096254 2408.73 0.000716416 4.51805 0.000837822 0.0320872 1.73833e-05 0.0642874 0.0554161 0.0145399 0.151512 20.694 0.658607 6.60931 
0.0713022 0.365524 0.000397695 7.36937 0.0133431 621.713 9.93705e-05 8.55915 0.118577 0.0307086 2.66669e-05 3.35846 0.0107721 0.323137 6.60807 44.5374 1.8916 2.00318 
0.494496 0.263769 0.0550551 0.00549509 0.0120541 0.0504378 0.000787694 0.000797392 0.000424433 37.9904 8.14144 1.21794 0.000972165 0.0387108 1.68885 32.9337 0.253404 8.59235 
0.000269868 0.0660578 0.00711782 0.0336872 0.0660649 74.7392 0.731987 0.584304 0.000650406 0.179514 3.50988 4.73747 0.028701 0.0823584 0.968115 48.2945 0.3449 6.99481 
0.00395616 0.000695145 0.000200405 0.00127683 0.0395565 2392.98 0.42432 0.000370054 0.00816715 0.411951 0.215053 94.5355 2.97912e-05 0.0402305 4.38445 10.0396 3.26085 4.34757 
8.41661e-05 1.56145 4.1687 0.000941583 0.280528 498.672 0.0108519 0.265822 0.0778972 0.0118783 0.130189 74.0971 5.91239e-05 0.160861 8.10521 8.34778 0.544732 3.08492 
0.000897404 1.7206e-05 1.58073e-05 1.22966e-05 0.00688522 75.0346 0.155655 6.55763e-05 0.0284398 0.515672 2.09807e-05 0.263074 0.230615 0.0682963 0.57611 46.5194 0.840414 2.94398 
0.00125168 2.79383 5.65509e-05 0.488803 0.000622133 71.5211 0.000208612 0.00107772 4.26455e-05 406.522 2.74979e-05 63.2192 0.00777981 0.00383966 0.621501 46.7395 0.360165 6.6057 
2.21288e-05 0.000124062 7.63803 0.0775439 6.83037 366.317 1.53335 0.0145193 0.102469 0.340934 0.00158505 73.448 0.000171794 0.00299944 4.64834 8.74466 2.14777 8.95307 
0.00683885 0.145739 3.758 0.00491053 0.000287175 2.59136 1.23453 1.712 0.108458 23.5323 0.247815 0.0176402 0.000511674 0.00756641 0.904414 37.8296 0.844249 7.40973 
0.00451508 0.000133288 1.40931e-05 1.85435e-05 0.000138332 0.0181461 0.00589523 2.72712 0.0960207 0.111671 6.28899 93.5637 1.35117 0.0154003 0.512001 9.20181 8.29054 3.18726 
0.432277 0.0736568 1.33467e-05 0.146805 0.00906278 0.263243 2.94777e-05 4.62568e-05 5.86284e-05 2.85696 0.00121877 0.645255 2.47644e-05 0.832895 1.61872 32.513 3.95885 1.13478 
0.0512205 0.180493 3.60525e-05 0.00287245 3.28855e-05 28.0949 0.0537021 0.00135006 1.38666e-05 0.036771 0.000616019 0.0753703 0.00142732 0.0644648 1.90057 29.0873 0.722463 1.64799 
0.00508847 0.000114709 0.00174952 3.15532 0.0294167 1401.41 1.70056e-05 5.49038 2.47069e-05 7.67424 0.0212546 321.204 2.6886e-05 0.10784 0.571151 41.4827 1.70546 1.71051 
5.2978 5.01764 0.00397438 0.000642487 0.485701 7.91392 6.34863e-05 0.000197121 0.7163 0.084621 0.000208053 40.2283 0.0192646 0.125856 0.246677 49.6606 6.47988 4.63172 
0.00355752 0.00551715 1.8308e-05 0.00118884 0.187579 526.085 4.83587 0.000341974 0.000363066 0.0335343 1.30987 29.2306 0.0329337 0.012319 2.04626 15.5546 1.93346 1.64279 
0.304748 1.64371 0.000240943 0.952966 2.29112 0.026005 0.129793 1.09518e-05 0.000222338 22.5104 7.91678e-05 12.2157 1.55825e-05 0.620981 4.14249 6.72466 1.29651 9.02519 
8.1956e-05 0.00127126 0.229663 6.60021 0.0232309 0.118951 0.0101342 1.66521 0.198482 0.0145484 0.0443316 82.2879 1.51939e-05 0.347815 2.87992 12.8272 8.38132 9.03853 
8.45247 0.0597079 4.78504e-05 0.00131434 0.0578306 57.9237 0.681628 0.155298 0.000352136 1.76244 0.0211473 0.128456 3.03489 0.239407 3.00473 34.9289 0.771163 1.94062 
0.000144948 0.428395 6.32684e-05 0.0025919 0.0168898 0.29291 0.0806615 6.82741 0.306657 8.57509 0.288039 251.561 0.00500588 0.00871732 8.74907 16.7591 0.218876 5.51733 
0.000101933 0.573345 0.00596956 1.27401e-05 0.00032094 5.85394 2.66218e-05 2.61483e-05 0.000475494 0.792021 0.164047 0.771784 0.000273432 0.0843083 0.728577 19.9601 1.95512 7.72702 
0.0632004 7.09166 0.437174 0.000233748 0.00189064 80.3043 0.0840414 6.65358 0.319604 0.176858 0.00321474 0.113136 0.0072696 0.0155874 0.0107859 47.6529 3.14361 9.45685 
0.00901775 0.293573 0.107961 0.041527 8.7205 11.5801 0.000432267 0.00610307 0.207185 171.532 0.00184442 0.169092 0.000636045 0.032661 0.457693 31.971 0.651512 8.18654 
5.82949e-05 0.00211865 0.000681914 0.0077624 0.457122 0.0147318 2.96203 0.00972924 0.0102709 1.65342 2.22169e-05 24.0118 1.72055e-05 0.051569 0.317222 18.5745 1.56454 6.30636 
3.15811 5.32584 0.0235424 0.136377 0.0971758 12.0158 0.500261 4.47081 0.000682631 108.529 0.531688 40.2498 6.52411 1.01078e-05 3.17218 37.4299 0.243906 9.38841 
1.86874e-05 2.34915 1.52061 0.000308027 0.0243524 0.0823865 0.271769 0.843036 0.0262935 1.60099 1.37949 45.9201 0.00896929 2.63798e-05 2.13483 26.7128 2.58167 0.83615 
0.000904008 0.00261925 1.04542 0.149718 0.00042895 0.0533764 0.00240671 0.000484604 3.16962e-05 275.935 4.00942 44.5495 0.0112112 0.0318575 2.34374 27.6098 0.393003 6.52241 
0.679445 0.000345308 0.000929292 0.121624 2.93918 0.258748 0.129261 0.000184266 0.000366352 34.788 0.0616772 1.00208 0.0855468 0.427814 6.08362 16.3251 1.43211 5.42434 
0.0431173 0.0491098 0.0738779 0.191734 0.686384 1463.26 0.00013568 3.27266 0.121066 2.5588 0.0299793 301.786 3.22258e-05 0.0107181 1.5368 10.2779 2.94167 0.946684 
0.116073 0.000161625 0.00168916 0.00178954 0.640724 190.085 0.000356901 7.47982e-05 2.42645e-05 110.376 0.254775 6.71472 0.0388468 0.180996 4.00849 29.9933 1.69353 3.40991 
0.563185 0.00305616 0.00011178 0.0179522 0.182562 2.50828 0.0682859 0.343396 0.574413 127.48 1.20928 0.543947 1.20997e-05 0.121146 0.506808 8.8603 1.3742 6.91698 
2.82716 0.0438165 0.000111006 0.00405914 3.45002 0.0142888 4.19203e-05 0.00155682 0.000511585 2.72289 0.0552836 0.032302 0.00459027 0.0271931 0.29854 29.1476 1.36439 2.53956 
1.25588 0.374423 0.0264779 0.0195903 0.0580209 481.558 7.31873e-05 0.196915 0.191515 2.87624 3.04617 0.0104505 3.48329 0.803965 1.90706 15.1268 5.85962 4.11042 
0.00585931 1.24481 3.4006 0.108772 0.000255307 0.855791 2.32518e-05 1.52283e-05 2.50943e-05 141.088 1.11454e-05 0.0862818 0.00152899 0.326727 1.96272 12.3456 0.748356 5.8613 
0.00154209 0.000758058 0.000250568 1.69323 0.00184233 0.0197626 1.28864e-05 0.000327876 0.0741281 6.53521 0.00188786 16.287 0.000309896 0.26673 1.93563 7.7966 0.708692 4.88964 
0.00521379 3.64142 0.0348469 1.65822 0.733252 1.18226 0.0479579 0.00110134 3.04325e-05 0.579056 0.000252685 30.1444 0.282731 0.594717 7.2902 14.8518 0.883284 3.67225 
2.93604e-05 0.245431 0.00933802 0.000119859 0.888323 252.24 0.0246358 0.00330409 0.10421 100.612 0.209073 94.0257 0.000197067 0.373752 1.6526 12.6261 0.898659 9.10634 
0.0385938 0.00283657 0.000370975 0.000817556 0.000398022 11.7108 0.000105869 0.000231156 0.0343578 0.0238159 0.000217425 2.12321 0.0253216 0.0819664 1.15046 16.8943 0.69593 9.81868 
0.110362 0.000340806 0.000375961 1.96694e-05 1.04438e-05 66.0252 5.28041 3.08915 5.823e-05 0.707124 8.83488e-05 10.0913 0.159279 0.0896265 0.887292 46.0071 0.352086 4.5946 
0.000334854 0.587798 6.43562e-05 0.0128193 0.000228812 98.0949 2.7238e-05 1.3082 0.000121792 3.20905 2.83411e-05 0.0364561 1.48259e-05 0.00148374 0.204843 47.4931 1.15754 9.8135 
0.789283 0.00557418 1.76304e-05 0.0242789 0.000462694 0.488852 0.118115 0.0098278 0.00160713 0.0123035 2.29853 95.5802 0.000142112 1.47815e-05 8.43385 32.3478 2.38087 2.25359 
0.252499 0.000259361 0.790157 0.000195301 0.0399132 3.76712 1.33656e-05 1.23624 0.0315696 0.464027 0.000141133 0.0272145 0.54701 0.886575 2.68052 16.5733 1.77289 0.709609 
0.116012 0.00198599 1.48758e-05 1.23989 4.23476e-05 1.04333 3.34586 0.00853499 0.00215292 1.02397 0.0227732 0.214362 0.00114025 0.132959 1.08713 32.4773 0.722172 9.18237 
0.0251411 0.0021682 0.208725 0.000102882 9.41856e-05 4.25416 0.00167392 1.16528e-05 0.936593 342.344 2.85811 2.83252 6.41204e-05 0.574399 5.89515 8.71815 0.778036 6.0876 
0.000309149 0.619189 8.31049e-05 0.000691441 2.53276e-05 5.55659 2.12186 0.123701 0.0829357 22.8239 0.00332757 0.0968391 0.00322066 0.473362 4.56672 19.069 0.743403 1.38931 
0.486244 0.0015922 9.11931 3.86591e-05 0.0266018 10.0347 0.0157481 0.000615099 0.322174 0.127219 2.85562 0.0756226 0.132574 0.281289 0.501067 20.0381 2.1333 3.69483 
0.00365684 0.000624943 0.0010545 0.000336848 0.00104756 257.226 1.63153e-05 7.34461e-05 0.278502 0.960158 1.19293e-05 23.3749 0.718007 0.782338 1.16718 19.5942 2.50917 0.770607 
0.735471 0.00194233 0.159077 4.97718 0.000214683 0.0539375 0.163223 1.66301e-05 0.0135592 323.717 0.0938811 0.303475 0.402804 0.49784 1.64065 26.4499 2.02058 5.9622 
0.100263 0.001693 0.00137344 9.5059e-05 0.000114088 14.1267 2.19321 0.00512562 0.00729813 1.22778 4.70679e-05 42.006 1.3226e-05 0.66528 3.94418 39.8339 1.36669 0.472408 
0.000135598 0.00167465 4.23179 0.0109742 0.914836 0.0941606 4.14156 0.0236666 0.07308 0.347575 0.0656788 0.708517 1.17293e-05 0.0968557 0.705231 48.5879 6.33342 8.85857 
0.000363292 3.91432e-05 0.0313396 0.018359 0.814886 0.122817 0.000148237 3.37175e-05 0.00047751 4.32177 0.00803747 0.794847 1.90932 0.00275479 0.662606 36.876 0.709406 7.91499 
0.00945553 6.1002e-05 0.000140854 0.00301637 0.000133624 0.538001 8.57667 0.00135551 0.053469 0.0530975 0.000131311 0.448744 0.0226477 0.622769 2.76251 19.4649 1.70671 1.32385 
0.000782474 0.0094068 0.000427649 0.0370531 7.00445e-05 9.09852 0.00748806 2.91944 0.550718 0.518549 1.78856 9.69611 2.90834 2.05414e-05 1.55457 12.3691 4.56 5.10255 
6.04131e-05 1.85556e-05 0.0116928 0.169647 0.445286 0.195175 4.06047e-05 0.00171652 0.0698087 0.0159634 0.0280635 0.337851 0.254427 3.7196e-05 1.02348 35.5259 0.414789 5.76523 
4.68487 0.208423 0.00475064 0.000349446 0.814551 0.0785753 2.70453e-05 3.61322 0.0811731 6.3046 1.29355 42.2281 0.113947 0.00111256 2.10685 29.9168 0.40836 2.06911 
3.82955e-05 0.140372 0.0353293 2.74368e-05 0.0398672 0.609299 0.279103 0.0826354 0.0202114 6.22517 8.3615 0.301016 0.103162 0.000575674 0.813386 36.385 0.527357 3.33795 
0.0340961 0.00249461 1.49879e-05 0.00147309 0.0678551 0.0316061 0.0367515 0.00135488 1.42925e-05 0.0365399 0.000287338 0.0847694 1.64528e-05 0.149124 0.406064 20.7514 2.59451 7.75504 
1.76137e-05 0.0609296 0.00344904 0.0391901 4.60551 24.9675 0.0217427 0.00572491 0.00682209 0.0288525 1.86323 1.12905 0.00646881 0.0762723 0.950664 33.699 1.61031 3.68112 
0.150633 0.000497701 0.000840184 1.41162 0.0112233 0.044999 0.252489 0.699935 0.0506328 0.161648 0.0283119 377.216 0.000767741 0.000105057 2.88614 4.23879 0.65536 3.988 
6.73768 0.000215908 3.71301e-05 0.0444387 0.00530291 427.792 0.0394944 1.43662 0.0272591 0.0136583 0.0399268 287.902 1.18876e-05 0.000605806 8.64215 33.7016 9.54641 8.57567 
0.0448863 3.22437 2.89706 0.0732515 0.0270294 40.7976 0.224514 0.375832 0.088725 0.15544 0.406818 4.20193 7.41066e-05 0.0284373 0.634587 32.3031 0.581009 4.38028 
0.00825609 0.640559 4.16238e-05 0.645133 0.338334 0.162329 0.504688 0.307382 0.0341513 0.51246 0.000673847 10.4919 2.29982 0.845848 2.01382 11.0123 3.30484 6.93954 
0.0858115 0.0108027 1.56008e-05 0.00438751 0.000248967 76.0679 1.36223 3.88282 0.0158519 55.1435 4.98886 107.326 0.00376517 0.000184474 1.04151 44.8007 3.29254 2.91093 
0.000858584 0.0373489 2.48502e-05 0.252784 0.0173263 3.19981 0.000732936 0.131922 8.35941e-05 0.13803 0.00835867 0.0358659 0.00353428 0.366968 0.952684 27.0062 4.85429 4.64943 
0.0043421 1.44988 0.100616 0.120406 0.00182032 1.17713 0.0982818 0.0331267 0.829148 163.993 0.170574 76.5334 7.59881e-05 0.229811 2.4931 21.8001 4.9237 1.85297 
7.01383 6.26524 0.346322 8.19684e-05 3.1551e-05 1.30029 0.000213002 0.302225 0.00861348 2.27197 0.000368959 18.8525 0.000600203 0.0478271 1.3813 22.1867 1.47631 9.66274 
3.78284e-05 1.22547e-05 0.00671026 0.246267 0.00280248 0.194724 1.71027 0.956055 0.0607796 0.0287925 1.55713 158.878 5.42525e-05 0.0217216 1.67044 2.61637 7.06209 7.4555 
0.00476748 0.00121127 0.000286842 0.139965 0.375133 0.0343728 0.000811819 6.27883e-05 0.000263637 0.125592 2.80645 15.009 5.2338e-05 0.000815138 3.34154 34.9178 1.77644 2.58361 
2.46482 3.30826 0.00273952 2.70808 0.000830466 0.338527 0.000456324 0.0167777 0.0345642 31.3472 0.00134192 0.974452 3.1316 0.123415 1.65243 15.9494 1.28234 9.83304 
0.00273726 0.000736602 0.387008 0.000653229 2.53806 0.0465005 3.04309e-05 2.0008 0.0851812 0.450992 6.48672e-05 2.71325 0.000774225 0.0936356 4.11067 38.9019 0.351022 9.8689 
0.215721 6.44814 2.32014 0.0269564 0.0171534 0.0101874 0.0320922 0.630002 0.448856 24.0047 0.773184 44.5806 7.79325e-05 1.15658e-05 0.593515 43.6557 2.30798 0.404826 
0.00147707 2.91408 0.0010952 0.00220003 2.62755e-05 0.0370441 0.389644 4.6736 0.0845331 0.128054 0.00190601 372.137 0.00691204 0.0306047 0.601132 11.4155 6.52884 3.83136 
0.00270738 0.484136 0.000347515 0.468103 9.42335 2642.02 0.0415207 0.045545 0.177928 45.5293 0.000195633 83.2749 0.000351407 0.0265073 0.415329 38.256 1.75798 7.12076 
0.000810504 0.000184571 0.000924751 0.00626942 9.60504 0.669477 0.00759942 0.000537322 0.000622484 285.025 0.00518986 0.0712342 0.0184043 0.0398357 0.588219 27.2838 0.898926 7.38282 
0.182831 0.0108295 3.48865 1.94794e-05 2.57569e-05 7.55026 2.29089e-05 0.0340304 0.0246145 0.711758 0.000112297 71.3989 0.70365 0.287316 1.69647 30.0221 1.80831 2.68754 
3.475 0.00196984 0.00133687 0.0632174 0.0533882 329.497 0.714203 0.000656647 0.000117247 172.623 0.00292621 7.58034 0.000488783 0.118001 3.53933 27.8374 0.988298 4.68152 
0.0941349 0.00166127 0.00522577 0.00118299 0.00611641 12.5747 0.00110807 0.0310435 0.274957 5.96793 5.06358 112.504 0.282832 0.2612 2.98876 9.12629 9.99541 4.2134 
1.52196e-05 1.6341 2.50213e-05 0.203095 0.000192944 19.5104 2.70162e-05 0.0144789 0.00052906 0.0268897 0.228531 178.612 0.000149872 0.00998507 0.928474 26.3177 4.10277 2.53621 
1.02138 0.158224 0.00423285 0.906261 0.000250645 0.430035 0.000197412 0.0306324 0.000393343 0.484986 1.24082 411.632 0.00242809 0.0320361 2.89323 28.2636 2.21472 0.60259 
0.000877912 0.0802502 1.69693e-05 0.0475691 0.0248929 3.16492 0.0276931 3.55368e-05 2.24097e-05 100.88 1.17641 0.0629599 0.000752038 0.479442 0.918178 21.8226 3.70181 6.8042 
1.89314e-05 0.000507467 2.3297 4.24543 0.00141046 0.373384 0.0265212 3.35293e-05 0.000346818 0.119435 1.8403e-05 0.696737 9.02142 0.260134 0.665285 36.7181 6.66402 5.48064 
0.000119383 5.1533 0.0431822 0.187689 0.0358051 0.185906 0.0567943 3.75896 0.0510446 0.0915169 3.50804e-05 2.37963 0.132211 0.061022 0.650001 23.502 1.25907 4.50837 
0.00742075 1.02482e-05 0.298048 1.24684e-05 5.24335 0.388162 2.93555 0.00139248 0.00290399 50.8261 1.65907 5.04072 0.000589471 0.65479 3.69794 20.8228 1.9887 2.62936 
0.000461173 3.46154 1.17002 0.0788499 2.99776e-05 0.532183 0.0383121 3.08645 0.000371386 209.298 0.000427252 0.0801251 0.0305089 0.028321 0.111936 31.812 1.3947 8.70316 
0.102777 0.00148465 9.03241 0.000117987 0.000355065 185.659 0.112189 2.69212 0.463713 1.78657 0.22075 0.23044 7.79783e-05 0.0852192 2.48061 45.1184 0.42363 7.04605 
2.694 0.315734 1.18431e-05 1.4152 0.0314095 0.157073 6.62148 3.9408e-05 0.000148142 4.84196 4.58919e-05 16.6869 0.0236328 0.0364111 2.73081 43.254 0.611866 4.29479 
0.00466732 0.0868459 3.19758 0.00603267 0.00019319 83.2276 0.125579 0.0135623 0.000390923 71.3941 0.000943159 0.243032 0.123684 0.0142977 0.783208 42.5038 0.459583 6.49171 
0.126419 1.08611 0.00164238 0.108653 0.00953523 811.551 0.78444 0.00463528 3.24422e-05 2.29489 2.31069 39.3681 0.455097 0.000678412 3.11445 48.0873 0.445823 4.12126 
7.82548 0.000277802 0.000500352 0.0226987 0.000100734 0.0143721 2.08541e-05 6.74774 0.204608 3.15435 0.0486714 0.0934064 2.31411 0.0666816 3.57574 40.3827 2.12174 7.38314 
0.00370024 0.0176097 3.61163e-05 0.0441149 0.00131842 0.126651 0.0197716 0.000358434 0.010138 135.867 0.287671 1.88489 0.425143 0.102843 0.427349 45.1402 2.99501 5.21045 
0.158989 2.6413e-05 3.48587 2.15553e-05 0.00227315 632.847 2.33731e-05 0.656713 0.000858942 0.0181724 0.964969 0.20884 0.530779 0.000129104 6.61311 23.6014 0.970537 4.70606 
0.00130423 9.49016 0.0551506 0.00389015 0.00371011 0.808955 0.0242993 2.83428 0.0213605 8.41651 0.169017 178.082 0.000359265 0.0245371 1.81368 24.8473 2.09507 3.70039 
0.00302432 2.13831 8.48667 0.0328819 0.00418605 87.6881 0.0550647 0.613462 0.776803 4.80008 4.11013e-05 181.81 0.239242 0.0540753 0.161617 41.9895 2.06382 9.15255 
0.000195474 0.0268362 6.42813e-05 2.05494e-05 0.000142829 1.38188 1.02842 7.80529 0.0151637 13.1124 0.0012358 0.0988072 0.000885005 0.056009 0.886273 44.589 1.47923 2.6529 
0.295726 0.000705014 0.49674 0.211933 0.000258472 0.336694 0.000758086 0.0521424 0.518236 349.876 3.88639e-05 32.6222 0.000331321 0.0419614 1.40111 49.2713 1.89262 6.03609 
2.62872e-05 0.0176589 0.000131931 0.280919 0.0126649 660.105 0.000305591 0.000525173 1.73501e-05 426.657 0.0104284 0.0591957 4.66667 0.141154 4.14046 29.9831 1.00378 6.12654 
0.000133639 0.000324395 0.0175379 1.33787 0.00195317 46.4259 6.76048e-05 0.0809235 0.0687986 0.0258162 0.00146691 38.1321 2.74179 0.0443981 0.923145 45.1555 1.32239 4.47295 
9.92048e-05 1.97023e-05 0.000266796 4.86307e-05 1.66439 0.946793 0.186146 0.13015 3.59033e-05 4.69577 0.00129867 0.3364 0.152398 0.103496 2.93942 39.3942 1.9196 7.24647 
0.0215129 0.418393 1.42409e-05 0.000110784 0.0266557 0.132331 0.491972 0.00138664 0.0113251 0.734582 0.162079 0.0321939 0.0012981 0.326273 7.68255 38.222 0.997971 3.12413 
0.00156194 0.00388393 3.02802 0.115867 5.35421 135.899 8.35473e-05 0.00254595 1.02807e-05 0.128532 1.60247 174.222 0.545439 0.0521525 1.18522 21.8619 2.41079 5.27479 
1.83507e-05 0.0122592 0.0302378 0.000274019 0.00119557 5.31903 0.00126801 0.874826 0.00104296 0.0170632 0.00604297 2.92684 0.066008 0.266881 2.32403 24.1674 1.98818 6.96715 
3.01875 3.97255e-05 0.00333983 8.53287e-05 0.0133169 20.5754 0.000113595 0.0144745 0.189293 2.52748 0.013778 150.935 0.0002523 0.0750195 1.95163 10.8051 0.937967 4.20594 
0.00030869 0.000183302 3.36684 1.27556e-05 2.33582e-05 0.0176277 0.0127834 0.656547 0.0554417 1.14627 1.53212e-05 7.43966 1.8556e-05 0.237085 2.93072 28.1693 0.875549 7.07751 
1.05293e-05 0.0215614 0.023778 6.70079 1.85183e-05 0.0144473 1.54323e-05 0.000733949 0.00949241 3.70401 0.003708 116.476 0.00888806 0.17832 3.31731 33.8582 1.18973 3.2186 
2.05595 0.00120266 1.47351e-05 0.000241919 0.000954065 16.7365 0.000422061 0.37343 0.543638 0.811873 0.00639457 114.323 1.0487e-05 0.00333008 1.31648 3.45444 0.973341 4.42242 
0.000980449 2.49689 0.00876655 8.87299 0.00182718 1.70064 0.000221325 1.90296 0.563811 0.207906 2.15594 0.0597486 0.637191 0.0157102 5.13504 24.7063 1.31868 9.80023 
0.842197 3.17393e-05 0.000236207 0.0156997 0.478465 0.970758 0.00177812 7.70436 0.000169162 25.7809 2.38332 6.19704 2.1958 0.0119757 1.27538 20.4021 1.60315 7.91131 
0.176432 2.34641 4.90734e-05 0.000355971 0.000356633 1.22758 0.0483486 0.188673 0.0731701 0.300355 6.88868 2.60164 5.34946e-05 0.000307945 2.98764 37.1294 0.723035 9.49339 
1.32439 0.0220134 3.73414 0.532152 0.00465328 117.689 3.62875e-05 0.00132501 0.00158784 0.101947 0.00144096 0.277615 0.000106482 0.0361717 1.16202 44.7431 0.917324 4.4942 
0.00984991 0.000821789 0.270915 0.000471791 0.11609 0.725727 3.80155e-05 2.21838 0.045032 0.328273 0.000788909 148.481 0.00197203 0.00235768 1.96439 49.4213 3.13721 6.01936 
0.148401 0.000866068 0.0229721 1.71875 1.44931 1.06381 0.00269531 0.00479792 0.000867151 1.71302 0.235085 0.779649 1.66064 0.0108386 1.47621 32.3893 2.01476 7.38838 
0.000192503 4.52624e-05 0.0109286 0.00546031 1.44398 66.4577 0.0350516 0.150541 0.0115689 0.497778 0.10224 0.075711 3.63917 7.23898e-05 1.73158 20.1477 2.72071 7.74276 
0.00118744 0.004926 0.0248781 1.92972e-05 0.074231 104.846 1.21859 1.32057 0.235698 0.784231 0.0028476 306.13 0.00145111 0.00336698 3.55366 39.093 7.8705 3.71414 
0.00259244 0.016661 1.42128e-05 0.00849586 0.0529924 1.18768 0.000637752 2.24674 0.00825141 98.8856 4.68765 10.3113 6.20523 2.51474e-05 5.89596 47.8106 1.38881 8.74487 
0.00153999 0.0010651 0.480077 0.0134948 0.00305179 53.7766 2.52312 0.100541 0.012834 0.0835892 9.50352 6.42935 0.00938216 0.114166 1.97556 46.3156 1.49021 9.29436 
0.00171496 0.0824085 0.00422681 1.39704e-05 0.0532136 0.171457 0.069003 3.27358 0.488112 2.9923 8.27567 477.386 0.000111206 0.0689272 6.42793 32.3642 5.83244 1.9092 
