-215.5281445
-215.5083667
-215.5006598
-215.2843461
-215.0314077
-214.9968195
-214.9697709
-214.644936
-214.1186438
-213.9768093
-213.8213133
-213.4833886
-213.1830635
-213.0399832
-212.9849839
-212.663394
-212.6162047
-212.509413
-212.4159659
-212.3003946
-212.2506695
-212.2218022
-211.9187921
-211.8932303
-211.6500983
-211.421515
-211.2616386
-210.6264846
-210.5075286
-210.4814237
-210.3456205
-210.3110906
-209.3086441
-209.1154337
-209.0529112
-208.9361423
-208.7238684
-208.7089991
-208.7040571
-208.6754555
-208.3398578
-208.2781562
-208.1772018
-208.0169871
-207.9734964
-207.9040729
-207.7277728
-207.4923909
-207.4197348
-207.3757548
-207.2181909
-207.0270838
-206.9344482
-206.8535269
-206.8400121
-206.7462504
-206.704831
-206.66594
-206.3445826
-205.9445367
-205.9266718
-205.6178773
-205.5084201
-205.4233429
-205.369171
-205.1796746
-205.0499624
-204.8232073
-204.6595309
-204.6456907
-204.5631271
-204.5617584
-204.1155032
-204.1047728
-203.8887027
-203.88235
-203.838528
-203.6895633
-203.3446828
-203.1056474
-202.9246832
-202.9099732
-202.7874273
-202.6393518
-202.5049464
-202.4167409
-202.2986009
-202.1994655
-202.1894301
-201.7639411
-201.6262688
-201.6183538
-201.5625608
-201.4174804
-201.1980106
-201.1584433
-201.1441126
-201.0125126
-200.8926993
-200.812598
-200.7394487
-200.6440716
-200.5735684
-200.5311623
-200.4780122
-200.4436617
-200.4259914
-200.3254384
-200.2011301
-200.0873238
-200.048242
-199.9407036
-199.7788018
-199.7297456
-199.6981608
-199.467948
-199.2594676
-199.143813
-199.0602522
-198.8465291
-198.6028403
-198.5543165
-198.508234
-197.9514781
-197.9290105
-197.8926132
-197.8363136
-197.7742188
-197.7635693
-197.5689493
-197.4727138
-197.4491167
-197.4011221
-197.3874555
-197.3753592
-197.3577036
-197.3018146
-197.2659387
-197.2464681
-197.1594715
-197.0989985
-196.9776204
-196.8236808
-196.7721533
-196.7491092
-196.5406691
-196.3816077
-196.353281
-196.2727742
-196.2531847
-196.0789469
-196.0234896
-195.9407805
-195.9085295
-195.8994068
-195.8608904
-195.6914927
-195.3740546
-195.3619934
-195.2574798
-195.061703
-194.7846829
-194.7841269
-194.6453266
-194.6171768
-194.5726615
-194.3386619
-194.2685977
-194.1051687
-194.0661357
-194.0494384
-193.9538466
-193.9408261
-193.8586058
-193.8017642
-193.7408252
-193.7087315
-193.5882016
-193.5853936
-193.4834966
-193.3070056
-193.0922992
-193.0112492
-192.9453509
-192.81268
-192.6407975
-192.615138
-192.5690064
-192.5089723
-192.4940156
-192.3352834
-192.2103857
-192.1841317
-192.0146436
-191.7528148
-191.6932213
-191.6003189
-191.5761304
-191.4729569
-191.4046993
-191.3958183
-191.3591375
-191.2979773
-191.2849444
-191.279111
-191.2557335
-191.153204
-191.1379366
-191.0739659
-191.0097777
-190.8365001
-190.783236
-190.7580433
-190.728637
-190.6200698
-190.5637859
-190.4969188
-190.4057214
-190.3432152
-190.3339029
-190.2984517
-190.1907551
-190.0807852
-189.8916955
-189.8860541
-189.8708419
-189.8594153
-189.7395769
-189.5898857
-189.4176414
-189.3461513
-189.3259648
-189.1526128
-189.0727544
-188.9683607
-188.9580249
-188.8908164
-188.8007159
-188.6393051
-188.6142192
-188.5916218
-188.5426514
-188.4943648
-188.3864771
-188.3694445
-188.3411525
-188.2755202
-188.274158
-188.233653
-188.1990308
-188.1151639
-187.9524939
-187.9330831
-187.9155977
-187.8359931
-187.7736234
-187.7079177
-187.6750922
-187.6065319
-187.5281957
-187.4770347
-187.4409122
-187.3714311
-187.2915616
-187.1812638
-187.1557946
-187.1513201
-187.1244556
-187.080446
-187.0529881
-187.0349603
-186.9618725
-186.9543528
-186.8656052
-186.7948606
-186.7652065
-186.7323942
-186.7133296
-186.5879953
-186.374037
-186.253485
-186.2371495
-186.1713596
-186.0633819
-186.035466
-185.8676776
-185.8549372
-185.8494942
-185.7598897
-185.7550953
-185.7284668
-185.706188
-185.7033837
-185.6568668
-185.5945248
-185.5254982
-185.5033319
-185.3741769
-185.3090136
-185.2717725
-185.223389
-185.1018679
-184.8975619
-184.8916597
-184.8889657
-184.8478719
-184.81797
-184.6687092
-184.6038071
-184.5293643
-184.4584993
-184.4534557
-184.4473077
-184.4396632
-184.388168
-183.9857155
-183.9812721
-183.933738
-183.8371532
-183.8129234
-183.6271776
-183.5963841
-183.5875886
-183.5767774
-183.4663884
-183.4576085
-183.4430404
-183.4015175
-183.3904971
-183.3883261
-183.346581
-183.3453456
-182.9906868
-182.7940973
-182.7531578
-182.6772948
-182.6724293
-182.6402465
-182.5412297
-182.3558602
-182.3319145
-182.3308921
-182.2822019
-182.2729332
-182.231768
-182.1413399
-182.1121354
-182.1077413
-182.054912
-181.9958403
-181.9569161
-181.9457035
-181.9454403
-181.8565224
-181.8479883
-181.8204289
-181.7868229
-181.778459
-181.7427795
-181.7222817
-181.6717124
-181.6528208
-181.5994376
-181.5190597
-181.3465289
-181.3305257
-181.3287961
-181.3247266
-181.0563425
-181.0529124
-180.8542793
-180.8308529
-180.6815549
-180.6547302
-180.5150691
-180.4777532
-180.2859805
-180.2424651
-180.2411039
-180.2212083
-180.1737981
-180.1376107
-179.9943861
-179.9744306
-179.9022342
-179.8333171
-179.7616928
-179.7498926
-179.7460322
-179.7376348
-179.7214388
-179.5321267
-179.5276784
-179.4410368
-179.3977938
-179.3125191
-179.215011
-179.088964
-179.0439599
-178.9573447
-178.9205126
-178.900045
-178.8566127
-178.8347787
-178.6692343
-178.5166603
-178.487521
-178.4407112
-178.3970404
-178.3783746
-178.2858004
-178.2134104
-178.1809174
-178.0880855
-178.0631857
-178.0431735
-178.0270201
-178.0261428
-178.0106071
-177.8505202
-177.7891615
-177.7577246
-177.6809343
-177.5597143
-177.5287756
-177.5075731
-177.4314173
-177.3847916
-177.3605729
-177.22259
-177.1874443
-177.1702865
-177.0949011
-177.0601616
-176.8531465
-176.7943031
-176.7587415
-176.7475822
-176.515212
-176.3727601
-176.2148471
-175.9701809
-175.8670481
-175.8084194
-175.8017302
-175.7457592
-175.5684594
-175.5000491
-175.4691687
-175.3140849
-175.2383353
-175.1853277
-175.1843931
-175.159667
-175.1435351
-175.1005912
-174.9665937
-174.9364306
-174.8539311
-174.8085502
-174.8039035
-174.7766608
-174.7721881
-174.75269
-174.7393081
-174.674407
-174.6732583
-174.618671
-174.5700758
-174.5338466
-174.4715859
-174.4410596
-174.3563514
-174.3532947
-174.2275249
-174.2104475
-174.1617776
-174.0851996
-173.8682833
-173.8579106
-173.7576806
-173.7294929
-173.6766524
-173.5429844
-173.4988653
-173.404739
-173.3582212
-173.1162618
-172.9394844
-172.9159805
-172.2765309
-171.7076555
-171.1491808
-170.9962192
-170.4642733
-170.2550971
-170.2292128
-169.8259962
-167.5289555
-166.3844943
