-474.6671615
-473.349851
-473.0467687
-471.2837574
-470.4762494
-470.2109179
-470.1199158
-469.6221405
-469.5040981
-469.0453165
-466.9999124
-466.8470829
-465.7868692
-463.962365
-463.8964123
-463.3123363
-462.8413384
-460.4421025
-459.3729731
-459.1403337
-457.4083928
-456.5539482
-454.7866655
-453.7365593
-451.513527
-451.0365022
-450.6290674
-450.6174356
-449.8026281
-447.8113166
-446.9557009
-446.7813698
-446.7337862
-445.6461548
-444.4099388
-442.2370687
-440.7817638
-439.8486163
-439.6885476
-439.2447934
-438.0875913
-435.7631841
-435.4094306
-434.6536187
-434.1923389
-433.4917524
-433.4914403
-433.2438191
-432.3041128
-431.624112
-430.7351975
-428.9116039
-428.1442384
-427.5693143
-426.9429959
-426.7374813
-424.9006525
-424.6451278
-424.3334726
-423.712024
-423.4722213
-422.8095033
-420.6600654
-419.1764859
-418.7123974
-418.442925
-417.5072562
-417.2553812
-417.0823574
-415.151655
-414.1255453
-413.4688716
-413.0148087
-410.982728
-409.6392567
-408.3897124
-407.2721847
-407.1137826
-406.3289787
-405.0425508
-404.289618
-403.9570113
-399.8782731
-397.4685417
-397.2470919
-397.1728144
-394.7086955
-394.2379024
-392.2215959
-392.1648206
-390.581616
-390.0258926
-389.8494051
-389.6134367
-389.5706233
-389.0114975
-388.4988323
-388.2490656
-387.3632368
-386.1672613
-386.1040366
-385.9452429
-384.8376698
-383.1791569
-381.1256423
-379.1208018
-378.7985761
-377.7768123
-375.6546585
-375.4625557
-373.3424351
-372.7077221
-372.7018247
-372.4985799
-371.7048532
-368.5423645
-368.4885745
-367.3123153
-367.0645547
-366.2677007
-365.8018806
-365.1861399
-363.888393
-362.7621935
-361.4859298
-361.4837546
-361.3770443
-361.1015892
-360.5363984
-360.3388457
-359.2869737
-359.0238046
-358.2046167
-356.2794598
-356.0824333
-355.9158103
-355.3211687
-355.2879979
-354.89251
-354.7619274
-353.9723671
-352.7272225
-351.7518713
-351.6701585
-351.4501605
-351.0766833
-350.8413026
-350.7139212
-350.5042778
-350.1373274
-350.0750468
-349.762717
-349.5370301
-349.5183021
-348.0771186
-345.7915102
-345.781178
-345.6412978
-344.7673385
-344.1209575
-342.4168315
-342.2341235
-342.1137663
-340.9120704
-340.0411502
-339.3507702
-337.3355137
-336.0576039
-335.9122433
-333.6513725
-333.6250141
-333.1966645
-333.1254762
-332.8767376
-331.936497
-330.9794033
-330.8726813
-330.5813846
-327.9799979
-327.5002009
-326.8996658
-326.1197295
-325.5934762
-323.5765624
-323.2697452
-323.20909
-322.946682
-322.6373195
-322.091359
-321.8453394
-320.0506544
-318.3987183
-318.3085921
-317.6714155
-316.5175157
-316.2995189
-315.2185888
-315.213975
-314.5375646
-314.4999824
-313.161993
-312.5130788
-309.254608
-308.3514313
-308.1880635
-306.9913779
-305.3484669
-304.8149249
-304.5186792
-304.3473843
-303.7747688
-302.4273911
-302.1070958
-301.9159219
-300.9886264
-299.17988
-298.0019245
-297.4983094
-297.0030006
-296.3282666
-294.4272144
-291.346984
-290.9650091
-289.5178773
-289.1688002
-289.1415278
-287.0294157
-286.8830507
-285.5080904
-281.7947813
-280.5739034
-280.5475526
-280.4139045
-278.117412
-276.7188956
-276.6482366
-276.5718828
-276.3280344
-275.0122791
-272.4560063
-271.8300344
-271.6388046
-271.0575071
-269.6928239
-268.1950417
-267.6463576
-267.0167985
-266.7475219
-266.7142045
-265.7663954
-265.6709141
-265.461441
-262.729681
-261.9308436
-261.572989
-261.3024557
-259.9085752
-259.8997946
-259.3579691
-258.8292023
-258.702822
-258.3431395
-257.2537095
-257.2374233
-256.846689
-256.6365909
-255.9260252
-255.2475953
-255.1682809
-254.7863274
-254.5090979
-254.4779483
-253.9525237
-253.8265056
-253.5483876
-251.5645407
-250.890814
-249.8066087
-249.4380439
-249.3746163
-248.960322
-248.7376043
-248.039908
-245.8302327
-245.7071401
-244.9710138
-244.366421
-243.1710908
-240.6028617
-238.4191341
-238.3411892
-236.5399262
-236.0528582
-234.103904
-233.9273891
-233.6012104
-233.187695
-232.7904919
-232.7022934
-232.6965114
-232.5486343
-232.232303
-230.3050398
-229.9957329
-229.1963824
-228.3247021
-227.52313
-225.384551
-225.1971327
-224.4582111
-224.2142565
-223.6760693
-223.3346793
-223.2649079
-222.4939011
-222.3723905
-222.2312497
-222.2120721
-222.1071118
-220.6882789
-219.2578732
-217.946442
-216.7627491
-215.5281445
-215.2843461
-214.1186438
-212.9849839
-212.663394
-212.6162047
-212.509413
-212.4159659
-212.3003946
-211.6500983
-210.5075286
-209.0529112
-208.7238684
-208.7089991
-208.7040571
-208.2781562
-208.1772018
-207.9734964
-207.2181909
-207.0270838
-206.9344482
-205.9445367
-205.0499624
-204.6456907
-204.5631271
-204.5617584
-203.8887027
-203.3446828
-202.1994655
-201.7639411
-201.6262688
-201.6183538
-201.1584433
-200.812598
-200.5735684
-200.4436617
-200.4259914
-200.0873238
-200.048242
-199.9407036
-199.467948
-199.143813
-199.0602522
-198.6028403
-198.5543165
-198.508234
-197.9290105
-197.8363136
-197.5689493
-197.4011221
-197.2659387
-196.7491092
-196.2531847
-196.0234896
-195.9407805
-195.3619934
-195.2574798
-194.7846829
-194.7841269
-194.6453266
-194.5726615
-194.3386619
-194.2685977
-194.0661357
-193.8586058
-193.4834966
-193.3070056
-192.615138
-192.5690064
-192.3352834
-192.2103857
-191.5761304
-191.4729569
-191.4046993
-191.279111
-191.153204
-191.0739659
-191.0097777
-190.783236
-190.6200698
-190.4057214
-190.3432152
-190.2984517
-189.8708419
-189.8594153
-189.7395769
-189.5898857
-189.4176414
-189.3259648
-188.9683607
-188.9580249
-188.3411525
-188.2755202
-188.1990308
-187.9330831
-187.7736234
-187.3714311
-187.2915616
-187.1513201
-187.0349603
-186.9618725
-186.7948606
-186.7133296
-186.374037
-186.253485
-186.035466
-185.8549372
-185.7598897
-185.7284668
-185.706188
-185.5254982
-184.8975619
-184.8889657
-184.5293643
-184.4584993
-184.388168
-183.9857155
-183.933738
-183.8371532
-183.346581
-183.3453456
-182.6724293
-182.6402465
-182.1121354
-181.9958403
-181.9569161
-181.8565224
-181.7868229
-181.7222817
-181.3465289
-181.3247266
-180.8542793
-180.5150691
-180.1737981
-179.9943861
-179.9744306
-179.9022342
-179.7498926
-179.7376348
-179.4410368
-179.3977938
-178.9573447
-178.900045
-178.8347787
-178.5166603
-178.0880855
-178.0631857
-178.0270201
-177.5597143
-177.5075731
-177.3605729
-177.22259
-177.0949011
-176.7587415
-175.8017302
-175.5684594
-175.3140849
-175.1853277
-174.9665937
-174.8539311
-174.8039035
-174.7766608
-174.75269
-174.7393081
-174.618671
-174.5700758
-174.3532947
-173.8579106
-173.7576806
-173.4988653
-173.1162618
-172.9394844
-171.7076555
-171.1491808
-170.9962192
-170.2550971
-166.3844943
