-388.2490656
-388.0682796
-387.3632368
-386.467277
-386.1672613
-386.1040366
-385.9452429
-385.7496033
-384.8376698
-383.4534744
-383.1791569
-381.2851043
-381.1256423
-380.745198
-379.1208018
-378.7985761
-377.7768123
-376.4350928
-375.6546585
-375.4625557
-373.7923249
-373.3424351
-372.7077221
-372.7018247
-372.4985799
-371.7048532
-369.0056338
-368.5423645
-368.4885745
-368.2882752
-367.3123153
-367.0645547
-366.2677007
-365.8018806
-365.2109414
-365.1861399
-364.1475236
-363.888393
-363.4990714
-362.7621935
-361.4859298
-361.4837546
-361.3770443
-361.1776885
-361.1015892
-360.5363984
-360.4945312
-360.3388457
-359.4378359
-359.2869737
-359.0238046
-358.6007463
-358.2046167
-356.2794598
-356.0824333
-355.9158103
-355.3211687
-355.2879979
-354.89251
-354.7619274
-354.0364661
-353.9723671
-352.7272225
-351.7518713
-351.6701585
-351.4501605
-351.0766833
-350.8413026
-350.7139212
-350.5042778
-350.1373274
-350.0750468
-349.762717
-349.5370301
-349.5183021
-348.0771186
-348.0580104
-347.4022911
-346.8020445
-345.7915102
-345.781178
-345.6412978
-344.7673385
-344.1209575
-343.6668742
-342.6335836
-342.4168315
-342.2341235
-342.1137663
-341.4367587
-340.9120704
-340.0411502
-339.3507702
-337.8686008
-337.3355137
-336.0576039
-335.9244938
-335.9122433
-333.6513725
-333.6250141
-333.1966645
-333.1254762
-332.8767376
-331.936497
-330.9794033
-330.8726813
-330.5813846
-330.5364315
-329.1969751
-327.9799979
-327.5002009
-326.8996658
-326.1197295
-325.5934762
-323.5765624
-323.2697452
-323.20909
-322.946682
-322.6373195
-322.2503364
-322.091359
-321.8453394
-320.0506544
-318.3987183
-318.3085921
-317.6714155
-316.5175157
-316.2995189
-315.2185888
-315.213975
-314.5375646
-314.4999824
-313.161993
-312.5130788
-310.7821174
-310.2438966
-309.254608
-308.3514313
-308.1880635
-306.9913779
-305.3484669
-304.8149249
-304.5186792
-304.3473843
-304.220137
-303.7747688
-303.1464377
-302.446853
-302.4273911
-302.1070958
-301.9159219
-300.9886264
-299.17988
-298.7161162
-298.6320163
-298.5423977
-298.3907889
-298.0019245
-297.6013163
-297.4983094
-297.0030006
-296.3282666
-294.4272144
-292.6270841
-292.5613963
-291.346984
-290.9650091
-289.8128478
-289.5178773
-289.1688002
-289.1415278
-287.2136567
-287.0294157
-286.8830507
-285.5080904
-281.8236196
-281.7947813
-280.5787985
-280.5739034
-280.5475526
-280.4139045
-280.2509283
-278.117412
-276.7188956
-276.6482366
-276.5718828
-276.4325912
-276.3280344
-275.0122791
-272.4560063
-271.8300344
-271.6388046
-271.4949786
-271.0575071
-269.6928239
-268.1950417
-267.6463576
-267.0167985
-266.7475219
-266.7142045
-265.7663954
-265.6709141
-265.461441
-262.729681
-261.9308436
-261.572989
-261.3024557
-259.9085752
-259.8997946
-259.3579691
-258.8292023
-258.702822
-258.3431395
-257.2537095
-257.2374233
-256.846689
-256.6365909
-256.5690193
-255.9260252
-255.2475953
-255.1682809
-254.7863274
-254.5090979
-254.4779483
-253.9525237
-253.8265056
-253.5483876
-251.5645407
-250.890814
-249.8066087
-249.4380439
-249.3746163
-248.960322
-248.7376043
-248.039908
-246.0500621
-246.0138218
-245.8302327
-245.7071401
-245.0714433
-244.9710138
-244.366421
-243.1710908
-240.6028617
-240.5150408
-238.4191341
-238.3411892
-237.5603778
-236.5399262
-236.0528582
-234.103904
-233.9273891
-233.6012104
-233.187695
-233.0544236
-232.7904919
-232.7715058
-232.7022934
-232.6965114
-232.5486343
-232.232303
-232.1522043
-230.3050398
-229.9957329
-229.1963824
-228.4168932
-228.3247021
-227.52313
-225.384551
-225.1971327
-224.4582111
-224.2142565
-224.0570699
-223.6760693
-223.3346793
-223.2649079
-222.4939011
-222.3723905
-222.2312497
-222.2120721
-222.1071118
-221.1462081
-220.6882789
-219.2578732
-218.080897
-217.946442
-216.7627491
-215.5281445
-215.2843461
-214.1186438
-212.9849839
-212.663394
-212.6162047
-212.509413
-212.4159659
-212.3003946
-211.6500983
-210.5075286
-210.3456205
-209.0529112
-208.7238684
-208.7089991
-208.7040571
-208.2781562
-208.1772018
-207.9734964
-207.7277728
-207.2181909
-207.0270838
-206.9344482
-206.704831
-205.9445367
-205.4233429
-205.0499624
-204.6456907
-204.5631271
-204.5617584
-203.8887027
-203.88235
-203.3446828
-202.1994655
-201.7639411
-201.6262688
-201.6183538
-201.1584433
-200.812598
-200.5735684
-200.4436617
-200.4259914
-200.0873238
-200.048242
-199.9407036
-199.7297456
-199.467948
-199.143813
-199.0602522
-198.6028403
-198.5543165
-198.508234
-197.9290105
-197.8363136
-197.5689493
-197.4727138
-197.4011221
-197.2659387
-196.9776204
-196.7491092
-196.353281
-196.2531847
-196.0234896
-195.9407805
-195.9085295
-195.3619934
-195.2574798
-194.7846829
-194.7841269
-194.6453266
-194.5726615
-194.3386619
-194.2685977
-194.0661357
-193.8586058
-193.5882016
-193.4834966
-193.3070056
-193.0112492
-192.6407975
-192.615138
-192.5690064
-192.5089723
-192.3352834
-192.2103857
-191.5761304
-191.4729569
-191.4046993
-191.279111
-191.153204
-191.0739659
-191.0097777
-190.783236
-190.6200698
-190.4057214
-190.3432152
-190.2984517
-189.8916955
-189.8708419
-189.8594153
-189.7395769
-189.5898857
-189.4176414
-189.3259648
-188.9683607
-188.9580249
-188.8908164
-188.3864771
-188.3411525
-188.2755202
-188.1990308
-187.9330831
-187.7736234
-187.3714311
-187.2915616
-187.1513201
-187.0349603
-186.9618725
-186.7948606
-186.7133296
-186.374037
-186.253485
-186.035466
-185.8549372
-185.7598897
-185.7284668
-185.706188
-185.5254982
-185.3741769
-184.8975619
-184.8889657
-184.6687092
-184.6038071
-184.5293643
-184.4584993
-184.388168
-183.9857155
-183.933738
-183.8371532
-183.346581
-183.3453456
-182.9906868
-182.6724293
-182.6402465
-182.1121354
-181.9958403
-181.9569161
-181.8565224
-181.7868229
-181.7222817
-181.6717124
-181.3465289
-181.3305257
-181.3247266
-181.0563425
-180.8542793
-180.5150691
-180.4777532
-180.1737981
-179.9943861
-179.9744306
-179.9022342
-179.8333171
-179.7498926
-179.7376348
-179.5276784
-179.4410368
-179.3977938
-178.9573447
-178.9205126
-178.900045
-178.8347787
-178.5166603
-178.0880855
-178.0631857
-178.0431735
-178.0270201
-178.0261428
-177.5597143
-177.5075731
-177.4314173
-177.3605729
-177.22259
-177.1702865
-177.0949011
-176.7587415
-176.515212
-175.8084194
-175.8017302
-175.5684594
-175.3140849
-175.1853277
-175.1005912
-174.9665937
-174.8539311
-174.8039035
-174.7766608
-174.75269
-174.7393081
-174.618671
-174.5700758
-174.3563514
-174.3532947
-173.8579106
-173.7576806
-173.4988653
-173.1162618
-172.9394844
-171.7076555
-171.1491808
-170.9962192
-170.2550971
-166.3844943
