0.0202531 0.0026521 0.000237133 0.544239 0.0166501 94.0355 0.00149233 0.684458 0.062998 6.51606 0.25552 57.9606 0.000656038 0.00367355 1.08177 31.812 1.94713 3.1449 
0.357369 0.00187511 0.249243 0.000181958 1.44259 200.806 6.1303e-05 3.51406 0.0585784 0.408493 0.18358 302.095 0.00921561 0.00372894 3.6678 5.69979 1.14311 8.48015 
0.0122701 0.00119506 0.00227529 0.00105272 0.14104 1.73865 0.00196068 0.254113 0.565245 1.10539 0.0348269 60.9252 6.49904e-05 9.56592e-05 0.797405 14.9529 1.72986 3.5357 
0.0926644 0.000910946 3.7302e-05 4.27282 0.60427 206.161 0.201664 1.33792 0.347745 0.428944 0.0474276 230.605 0.000506975 0.0402319 2.14692 21.4462 1.93355 1.58436 
0.0645706 0.545253 3.99526e-05 0.0149425 0.0114486 56.543 0.0758647 0.818064 0.038111 0.171964 1.38587 241.934 0.000303969 0.00272398 2.9212 14.9739 1.30102 1.63681 
0.000361927 2.87759 0.193672 0.000307794 0.00108652 1079.52 4.49515e-05 9.71405 0.107027 0.0771664 0.112254 417.08 0.000808219 0.0141729 5.92538 46.7683 1.1468 0.772343 
0.723917 0.233426 0.000158646 9.8663e-05 0.00544045 0.971324 0.358515 0.762472 0.162395 0.0335193 0.00224512 80.4168 0.261797 0.00024262 1.00545 27.2523 1.65111 0.996514 
0.33992 2.11815e-05 2.38919 0.0463962 0.119295 37.2206 0.00195359 3.53227 0.12239 2.64041 0.142639 222.835 0.000108114 0.000398986 1.82839 42.1007 0.980495 6.47516 
0.0199563 0.000140773 0.000252462 0.000118565 0.0220432 2.31904 4.57845 2.39572 0.266125 23.3919 1.66872 197.78 0.000746287 0.000416873 1.70108 7.4958 1.26148 7.3831 
5.2328e-05 0.000923536 0.00028902 1.28313 7.53076 17.4856 2.16979e-05 9.47819 0.203113 165.053 9.4216 156.526 0.000220103 0.000535235 1.16662 44.4274 1.53464 2.54881 
0.000475705 0.0107397 0.00239599 0.0536678 0.000586668 31.6113 6.79193e-05 1.9139 0.0576746 0.391372 0.498432 463.021 0.000184593 0.0137378 4.9568 7.07011 1.03405 1.97717 
4.25325e-05 6.27271e-05 1.30445e-05 4.0939e-05 9.67598e-05 0.0243186 1.56995e-05 1.33761 0.00125078 0.0315671 2.97027 213.618 0.00017041 8.53822e-05 1.3607 25.4048 2.3016 1.06397 
9.97467e-05 0.000191464 0.0138835 0.516661 0.000748069 1.22614 0.00244176 0.426308 0.123222 7.81052 2.84843 91.727 0.171662 0.021786 1.32422 16.2169 2.27704 3.7446 
0.010114 0.0112658 0.000604701 0.407251 4.38863 0.346792 0.00132252 1.16888 0.72706 2.13961 0.00363799 46.012 5.31805 0.00354101 1.69293 43.3126 1.27002 2.52196 
0.0116742 0.000180674 4.4023 0.000153969 0.423732 581.062 0.000113453 0.510444 0.143416 117.135 7.94768 85.2911 0.000362979 8.94631e-05 1.54855 26.3282 0.905059 7.87377 
9.45977e-05 6.2707 0.0724136 0.00454599 0.000926824 54.4522 0.100942 0.342666 0.0283293 22.8201 0.97689 82.0161 0.000357874 6.10039e-05 2.15232 19.5896 1.57208 1.8783 
2.72156e-05 1.8562e-05 1.68265e-05 0.0018604 9.7141e-05 0.0166684 0.000487239 0.422312 0.26643 447.562 4.5214 74.7109 0.152251 9.88174e-05 0.819273 16.5373 3.56264 7.5453 
0.059266 0.0142305 1.25499 7.19352 0.00627818 11.444 2.1111e-05 5.06574 0.00879225 0.0368159 7.74849 149.14 0.00274331 0.010944 0.941636 31.4251 1.28648 9.44541 
0.0334037 0.126357 0.0397834 2.87968e-05 0.000231486 0.0115035 0.319412 0.274902 0.220589 2.71562 0.099645 54.7525 0.668407 0.00019353 2.24539 14.3834 1.13318 3.5209 
1.14796 0.0660597 0.00147776 0.000303479 3.6314e-05 6.74604 0.0692187 1.49405 0.384276 1.01758 0.0676174 34.7903 0.00234673 0.0076368 1.13249 32.6849 1.9113 3.88299 
7.87624e-05 0.584 0.001 0.335315 0.000154075 0.126966 0.000313027 5.39441 0.172 0.282936 0.0310449 84.5644 0.00488549 0.000368619 2.62723 20.9314 0.896345 6.04422 
0.778321 0.000154932 0.00694791 0.346173 0.0352859 185.074 0.095493 0.278377 0.213567 19.6681 3.36521 345.932 0.00891682 0.00220252 1.56389 2.62295 1.44455 4.51763 
0.000301187 0.00261188 0.112795 1.61942e-05 0.0309461 66.1392 0.000227475 2.36932 0.00727467 0.269587 6.04901 26.0583 0.000450081 0.00473865 0.447785 28.8363 1.45887 4.84466 
0.000586805 5.13546e-05 0.292785 0.0167718 3.21715e-05 76.1723 2.1346 0.317589 0.138827 13.0088 0.687192 94.2785 0.000124039 0.00313304 2.24946 45.3519 0.979213 1.61566 
0.00408214 0.155043 4.88044e-05 0.0352204 1.94313e-05 1581.07 7.17119 0.994141 0.0629147 0.051283 0.0241511 203.144 0.000243677 1.93798e-05 1.37466 35.0321 2.13818 0.627192 
0.14962 0.00229012 4.25771 0.0253527 0.00736991 313.201 0.631337 0.0333409 0.0111185 0.0217032 2.51117 219.595 1.90569e-05 0.000772093 9.13891 9.70643 1.09332 2.40328 
0.125741 0.00151913 1.61398 0.6435 0.00292284 0.0290384 3.46352 2.17942 0.114944 2.40817 0.0201985 116.035 0.0483722 0.00714662 0.873569 6.1976 1.61387 8.42123 
0.00961711 1.00778 0.0245713 0.0608687 0.00424698 0.114718 0.135634 4.56936 0.134321 3.11813 0.0559938 253.469 0.000125243 0.000323662 2.25838 16.6944 1.18949 5.77627 
4.59552 0.00386467 1.94084e-05 0.0283083 0.00568373 0.0665715 0.488923 5.72761 0.154038 6.06434 1.0273 273.914 0.119353 0.00417965 1.10005 7.13582 2.65609 5.57692 
0.571306 3.09908 0.00891889 0.0427165 1.27808e-05 5.59065 0.125581 0.215287 0.066113 1.53812 0.757474 79.2238 0.0237464 1.29301e-05 9.76527 16.5258 0.999363 6.30663 
0.000101159 0.00012341 0.0133752 0.0104582 7.42296e-05 0.042049 1.51675e-05 1.43525 0.0203722 0.0485081 0.840884 368.44 1.06801e-05 0.000758879 2.1321 16.5958 1.84341 0.649264 
7.13773 1.52452 0.000465567 1.82076 2.27941e-05 1957.12 0.114422 2.52799 0.00951383 0.0422836 6.94469 83.0623 9.6762e-05 2.21166e-05 2.20751 49.1526 1.49393 3.27143 
0.241398 0.00183645 5.03769e-05 0.0465496 9.62898 2.83756 0.000192651 1.02806 0.600356 117.973 0.228474 103.568 0.0906591 0.0262319 1.70454 21.3658 3.38981 1.20053 
0.000756657 0.00554513 0.00130199 0.00328516 0.0102622 527.161 5.42168e-05 0.669689 0.0531818 15.6918 2.03562 203.959 1.09953e-05 0.000169946 1.2837 42.3659 2.77656 0.441892 
0.000126439 1.26969e-05 0.18216 2.52492 1.73117 6.73172 0.038114 2.46096 0.133046 16.0891 1.88674 50.4137 1.29021e-05 0.0295033 1.45618 36.0639 1.31936 2.64859 
0.0474445 3.54893 0.136081 0.00655955 0.00772909 325.477 0.00373338 0.560536 0.389741 24.315 1.16811 344.228 0.0335637 6.04501e-05 1.38826 4.53429 1.34367 3.29653 
4.00233 0.228226 0.000379727 0.201956 0.000157143 0.0232625 0.180501 0.693965 0.011577 0.0965974 3.93698 173.905 0.00887242 0.00369585 0.999313 3.95728 1.32766 9.30176 
5.20521 0.0367006 0.000909905 0.0540789 0.0121284 2.96181 0.000281138 1.57525 0.56604 0.111423 0.00739239 433.428 6.84135 0.000153403 2.07465 21.5622 1.50243 0.584203 
0.000142497 0.000534706 2.49866 0.000653066 0.0787362 2.36763 0.00411925 3.40075 0.631798 37.9878 1.47333 51.5304 0.000200149 0.0239453 3.38743 44.2754 1.57215 2.72111 
6.25958e-05 2.14919e-05 4.93507e-05 0.0191336 3.73352 3.44579 0.000448115 0.391613 0.21561 32.4789 0.115627 248.88 0.000535238 0.0617122 1.30698 4.57447 2.67953 9.28033 
2.79887e-05 2.54093 0.000327526 0.000622884 1.24528 0.134197 0.000380045 5.90538 0.0685811 0.1984 1.14861 460.146 0.199011 1.1333e-05 1.90755 6.0146 2.19816 2.49989 
0.00179436 0.0470037 2.29205e-05 0.033509 1.00484e-05 3.49879 0.00419276 2.68193 0.0714475 0.77531 1.44438 207.605 0.363989 8.88117e-05 3.85785 23.9005 1.21469 1.21086 
0.0445285 0.0097975 0.0103934 0.000639392 0.0437561 584.592 8.73836e-05 2.61204 0.47062 4.00132 0.0326609 398.635 1.79548e-05 0.00215926 0.957436 14.0357 1.53457 4.43062 
0.0055878 0.0300597 3.75172e-05 8.6351e-05 0.0732513 0.392672 0.0007067 0.897674 0.901314 117.089 0.619394 268.12 0.00373286 0.00017586 4.17191 43.7226 1.15462 0.446438 
0.0015117 5.86645 6.49128 1.35707 0.0742641 11.5224 0.00576947 0.276699 0.0962616 0.035957 0.0309014 119.119 0.000294326 0.00099563 4.62081 12.9044 0.976739 4.8964 
1.52146 0.0108231 0.00023025 0.184579 5.156 277.362 4.96431 2.58734 0.572003 228.838 1.21486 435.722 0.150647 1.84748e-05 1.78959 6.36102 1.43548 1.16482 
0.967917 2.59014 9.0261 0.00311912 0.88355 54.3996 0.00310408 0.197202 0.191691 3.33283 0.374475 79.4623 0.00632721 0.000110818 1.02261 45.3392 4.46111 1.6734 
0.00041366 0.01162 0.137304 0.0170558 0.000178189 3.0805 0.00109707 0.913168 0.828044 2.18455 0.0277435 74.4215 0.120615 0.000926426 1.45971 16.1243 2.71933 6.9841 
4.96277e-05 0.000489382 3.5149e-05 0.0188345 0.0145666 34.9102 0.00126739 1.77092 0.368984 17.2757 0.324607 54.7247 0.0390307 0.00920973 0.82634 22.1756 1.95054 8.55833 
2.27351 6.08166e-05 0.112627 4.35106e-05 0.0362392 0.577496 3.97208e-05 0.903812 0.134337 22.545 0.961127 292.585 2.44098 0.000920099 2.05329 17.4117 1.50143 1.79848 
0.309697 0.534476 0.000497317 6.52137 0.0349377 11.1771 0.0032544 0.424342 0.706074 5.07059 0.0649915 74.4651 0.000145488 0.000656877 2.21928 5.59757 1.31674 9.54699 
0.000176764 1.38036 0.000544871 0.000270518 0.000571526 2684.48 0.00322245 0.338532 0.0195152 0.291012 1.57727 220.029 0.000356861 0.000236768 3.51962 8.83468 1.06119 1.7755 
6.56389e-05 0.00511268 0.00980576 0.00122068 0.00209848 30.8457 0.000303054 0.444858 0.274159 29.8932 0.366688 83.5011 2.14795e-05 0.000149251 3.22809 21.4843 0.919365 2.71539 
0.0014424 0.000737689 0.000160027 5.027e-05 1.81776 284.128 0.101349 1.0984 0.0418996 5.61564 8.53643 57.2758 3.52949e-05 4.55893e-05 2.17 16.1459 1.07655 7.06999 
0.00174997 1.37679 0.00066254 0.00130536 6.03091 24.3177 0.000100513 0.672879 0.218567 0.0467566 0.0357345 97.1069 0.000207294 3.67873e-05 2.18893 13.3977 1.29949 3.48931 
2.33813 0.167623 0.00471922 1.72415e-05 0.85478 498.122 0.00318192 6.00802 0.0286693 0.110591 0.206626 478.1 0.00129515 2.03868e-05 1.83634 30.7171 1.16032 3.08506 
0.0504337 0.899699 0.101287 0.4713 0.000253276 245.913 1.58547 0.701196 0.194558 118.452 7.06977 163.166 0.0253995 0.0391645 1.10162 11.9792 5.49838 7.45738 
1.33865e-05 0.00366262 0.698694 0.00239276 0.00278014 2034.28 0.0760798 0.35517 0.00653673 0.0295998 0.987518 147.517 0.0253795 1.93486e-05 5.55148 8.88236 1.27519 5.67819 
0.688648 0.156838 5.97228 3.27414e-05 7.91352e-05 109.843 0.00547539 0.272991 0.116199 3.03522 1.04995 465.073 0.0209825 0.0140512 1.54818 11.4365 1.29152 3.13527 
2.38527e-05 0.000151074 0.143858 0.00635188 0.000121995 1314.61 0.000997861 1.0642 0.0701746 0.132894 0.0722401 493.451 0.0517641 0.00147694 0.863024 26.7121 2.01105 1.13363 
1.51793 0.101728 0.00303154 2.65144e-05 0.000650121 383.881 0.00143936 0.141444 0.0286678 0.0688635 1.28578 56.6513 4.31255e-05 0.000506032 8.21571 41.2302 1.12042 1.38093 
1.64879e-05 0.00628074 4.29385 0.000220044 0.000106711 2407.11 0.000141557 0.0930194 0.0469252 3.73548 7.04022 85.5329 8.14774e-05 0.000328862 0.938705 10.1745 1.69496 6.61739 
4.85062e-05 7.36531e-05 9.2142 0.556499 0.62505 0.0547248 0.0709726 0.509669 0.0782461 0.469864 0.0449245 390.272 1.32553e-05 0.00243025 0.78988 5.52265 2.69824 3.32922 
0.252398 0.000142039 0.0010647 0.00278627 3.50037e-05 11.3884 0.000124848 0.0388585 0.32416 29.8271 0.443895 149.415 3.89527e-05 0.000349195 4.38918 9.07312 1.0414 2.47306 
6.67156 0.0961275 0.000435676 8.65798e-05 0.000706264 1644.89 1.54394e-05 0.393223 0.139354 2.20207 0.126594 21.7858 1.39217e-05 1.25458e-05 1.56763 31.9649 1.64725 8.4471 
0.00782562 6.56104 5.97891 9.51333 0.0118196 585.292 0.0365945 0.331531 0.0108996 0.0546977 9.03213 435.845 0.00342723 0.00134819 1.72955 8.10283 1.75599 0.944726 
2.45373 0.000118659 0.00010116 5.73535e-05 1.48169 96.6006 0.000914026 0.0969825 0.26571 12.2904 0.474193 297.58 1.34745 0.0597016 6.45483 24.4387 1.2974 0.439593 
0.000387948 0.554905 0.000559401 1.26776e-05 5.84216e-05 3.65248 6.94445e-05 1.16926 0.0530579 0.596974 1.71346 386.822 0.114329 0.000133116 3.15105 4.57393 1.09927 1.19668 
0.0017707 3.45936 0.00421829 1.89765 3.08358 2915.35 0.0165293 0.162683 0.0481252 0.236824 0.0965337 20.1604 0.000808009 0.000133686 2.24099 39.9566 1.32828 3.34053 
0.0002547 0.000271313 1.41439 0.000347964 1.19529e-05 319.078 0.0201449 0.505441 0.0171989 0.0798646 1.86846 155.985 0.00796044 0.00656437 6.00101 33.373 1.00266 1.07634 
9.62838 0.114948 0.00118602 0.137675 0.254407 0.0975642 0.000650514 1.0269 0.142425 119.585 5.58488 45.8293 0.00107496 0.020458 1.64573 27.5769 1.89111 3.42995 
0.0195121 9.23619 0.0114046 0.000271851 0.00012189 537.526 0.000420713 0.412572 0.119553 0.0119187 0.00380134 344.184 9.78398e-05 0.014878 3.9938 17.7216 1.56995 0.770773 
1.75756 1.35582e-05 0.154043 0.0621435 0.000494846 19.8527 0.0120871 2.52392 0.227593 0.666219 0.211258 335.654 0.000267984 0.00905892 1.08077 26.9952 1.84707 0.386622 
0.0482257 3.36068 0.834426 4.56972e-05 1.85457e-05 0.0924956 0.00362241 0.498654 0.0888713 151.04 8.53355 334.436 0.000150571 0.0011873 2.43105 22.5137 0.995145 1.24583 
0.0149666 0.000361993 0.0466664 0.0050142 1.2483 212.43 0.000190303 0.0268713 0.241019 0.616971 0.00296004 104.638 0.00239988 0.000243198 1.01523 7.90888 2.76153 9.51759 
0.012262 0.00292455 2.31504e-05 0.00200346 0.000246302 201.368 0.00873502 1.01061 0.0809311 0.057043 0.157149 104.752 0.000159812 0.000226211 2.79182 28.544 1.58646 1.03048 
0.000193799 0.000203348 1.82583e-05 0.0114834 1.02493 0.0989574 0.0813954 3.11897 0.750483 21.7903 0.227375 242.459 0.000550946 0.00413583 2.59009 17.43 1.4086 4.26988 
1.04153 2.98283e-05 0.0161447 0.34417 0.110998 0.483322 0.00422636 1.47437 0.00327636 0.114422 7.51902 240.119 3.56993e-05 0.150909 2.40504 11.8169 1.58666 5.75628 
0.351895 6.65529e-05 5.30848 0.163258 0.0215016 2992.33 3.50721 0.0685212 0.59924 10.6161 0.0162117 85.9027 7.61307 0.000109307 7.49803 19.3158 1.02755 3.62666 
0.543217 0.29357 1.67422e-05 4.71582e-05 0.000795862 5.86344 0.0140557 5.04 0.0634073 0.134499 2.56252 76.059 0.0187865 0.00214532 3.77802 47.4493 1.07625 2.41949 
0.0274581 4.92765e-05 0.00142188 5.85498e-05 1.0851e-05 83.1237 0.00759045 0.270736 0.460759 0.238675 0.00146112 50.2047 0.000603108 0.00189346 3.11234 17.5186 1.28558 9.29316 
0.141172 0.000662013 0.0025159 0.000150833 3.84453e-05 21.4589 0.102914 0.999631 0.0227029 1.94349 3.83279 494.924 0.214819 0.000523373 1.05508 3.9608 2.12462 6.29964 
0.0123082 0.0120755 0.0444658 0.000288029 2.77522e-05 202.654 1.31158 1.0269 0.287388 398.837 2.40381 105.379 0.000184444 0.00345799 0.723586 6.16756 2.09627 5.43127 
2.51934 0.000207195 0.000395487 9.48077e-05 0.00344626 1.25044 0.00169391 0.252716 0.0847922 4.87257 0.422374 70.5604 0.0318224 0.000360689 1.43381 35.8642 3.10751 1.50728 
0.0162138 0.000330133 0.00150663 0.13839 0.0067439 0.0281955 0.241676 2.82636 0.0882145 2.03811 0.26939 185.251 0.000689819 0.00538977 2.22361 7.21486 1.57861 4.37501 
0.82584 0.0256657 2.95005e-05 0.000222438 0.000375843 10.3424 0.0455491 1.13647 0.26862 0.532494 0.0216857 365.463 0.0015095 0.000263706 0.925873 20.9122 6.13039 1.09016 
2.32066e-05 9.66699e-05 5.05403e-05 1.16178 0.000567644 167.351 0.017491 0.600037 0.360831 21.1566 0.648888 158.178 0.245767 0.0394386 3.9048 20.3392 1.56018 1.21261 
0.111452 0.0955518 3.40114e-05 0.344357 1.52643 817.3 3.93567 2.60764 0.00499617 0.0562784 4.38974 409.367 0.000217062 0.000200443 0.977633 28.0773 1.77881 0.569025 
0.000524969 0.00122353 0.0273596 0.0623384 0.000530437 1831.06 4.91001 1.92411 0.140569 3.41848 0.82291 253.048 0.00684278 0.00222621 1.84635 19.8464 1.03974 8.29081 
3.26075e-05 4.45077 0.000185991 0.000520979 0.00011145 1459.78 0.000798697 2.87454 0.672327 6.08851 0.12552 324.144 0.000658073 0.00014092 1.10315 5.48398 2.58739 7.67634 
9.40582e-05 0.0641972 0.0244788 0.011456 0.000105438 7.37842 0.00057381 6.69618 0.949704 0.804396 0.014065 69.9495 0.00320204 1.53042e-05 2.49355 47.3024 1.06971 3.27538 
0.0125927 7.54916 0.00137217 0.000104562 6.56718e-05 141.864 0.00263458 1.59537 0.0433984 87.3809 2.32527 92.7319 0.0139982 1.2623e-05 1.0508 13.2624 3.66183 9.33259 
5.72644 0.000118398 0.0224596 2.63669e-05 2.87064e-05 1389.06 0.000363808 0.205037 0.935493 2.77413 0.00861633 411.953 0.169289 0.000886886 1.75678 19.1425 1.46966 0.564612 
1.43284e-05 4.04181e-05 0.253717 0.000711407 0.00736726 2.27307 0.00190831 0.687586 0.00333645 0.0193795 4.07587 271.644 0.00163291 0.0768997 1.46414 20.1935 3.14455 0.943096 
0.110851 0.00139581 0.00310648 1.89573 0.000285783 84.6405 0.0713973 1.27014 0.405538 2.01501 0.0756682 121.664 0.0201569 0.00204256 1.50991 6.28058 2.28073 9.36633 
0.0480174 9.67094 0.00415921 0.000237587 0.000181545 211.37 8.31075 1.52493 0.242831 3.44305 0.858792 240.462 1.50075e-05 4.62786e-05 4.2563 42.4998 1.61534 0.957005 
8.34032e-05 0.23206 0.00830415 0.00380023 8.18808e-05 2283.52 4.12375 1.15362 0.00210081 0.0161915 1.96486 465.53 0.000120438 0.0977237 0.987406 29.3357 3.28474 2.92017 
8.33845 0.000839641 0.124721 0.000769728 0.0179793 0.140549 0.638411 2.62746 0.0619956 1.29308 1.55202 33.519 0.000345054 0.0144045 2.00824 34.283 1.46504 9.75967 
0.00633382 0.0751036 4.74072e-05 0.000668143 8.31255 4.162 0.039958 0.24699 0.0317597 6.00037 2.70976 87.9852 0.205527 4.88774e-05 2.071 10.9755 1.38415 5.10779 
0.000851373 8.10517 1.38557 0.0039115 0.000466734 2627.68 0.334435 0.453838 0.595263 42.3361 0.1422 35.027 0.0392963 3.24601e-05 1.66509 24.6997 1.6744 3.34565 
0.000491871 2.48863 0.019151 8.3049 0.000807143 7.94448 1.47044e-05 0.344176 0.0107073 1.67522 0.552281 32.3447 0.0133971 0.025446 1.11888 32.8525 2.71176 3.88135 
1.03504 0.337567 0.0631814 0.427957 0.0283225 1.08561 3.80609e-05 6.92443 0.0594793 0.262137 0.458446 404.041 5.80757e-05 0.000882759 1.75276 13.0263 1.75357 1.42923 
0.0103957 0.164796 0.139288 0.00282912 0.198919 1924.42 0.01941 0.0777379 0.259217 21.1424 0.617215 209.098 0.197253 0.000585918 1.85356 10.1918 1.75915 1.06451 
0.0349851 0.443696 0.615898 0.000234628 2.51913e-05 689.944 0.798728 6.36261 0.764709 102.348 1.0028 245.654 7.1189e-05 3.67729e-05 2.5214 20.4559 0.816979 6.33314 
0.000327274 0.685215 1.42824 1.12501 0.00954781 17.9242 0.000503591 1.36282 0.195573 9.59653 1.95497 92.7847 0.00630839 0.00120967 1.66184 19.9433 1.90107 4.34744 
0.616827 1.14136e-05 0.000222569 1.21342 0.107766 0.0247686 1.31794e-05 6.33178 0.437987 13.7977 1.9409 52.9433 0.0474429 6.69834e-05 1.58087 46.041 1.73375 1.4028 
0.190881 0.00111806 3.27114e-05 1.64192e-05 9.53441e-05 469.664 0.00720893 7.20882 0.158043 1.58395 0.0184629 231.029 2.77697e-05 0.000163112 2.59196 24.6775 1.29581 1.97541 
5.47652e-05 0.188589 5.51926e-05 0.000202345 0.000310565 0.634772 0.0918382 2.87423 0.395237 1.62826 0.0791767 87.8236 0.164626 9.10548e-05 0.821243 20.2902 1.77488 7.80768 
1.4364e-05 3.22469e-05 0.00026526 6.59292 3.17712e-05 87.822 0.0273308 6.347 0.125539 0.105395 0.0215069 479.338 4.67946e-05 0.0706775 4.45644 6.65804 1.24311 2.8755 
2.96325 0.000670936 0.00177605 3.00431e-05 0.000745165 57.4761 3.65553 1.79786 0.295221 1.11684 0.205646 97.2493 0.0994034 0.0388785 1.85694 25.8156 1.62948 2.47616 
0.00308873 0.0742645 2.12911 0.000696899 4.47262e-05 1.07415 7.31215 1.04185 0.473844 199.838 1.46622 68.9028 0.69387 0.00535957 0.82633 28.2633 2.07202 1.55051 
2.13664e-05 2.44329e-05 1.96512 0.00284444 0.0101353 2197.73 0.442889 0.0523433 0.0290123 0.54 2.72058 26.763 0.0193727 0.00410299 3.94696 31.8744 1.01078 2.74948 
2.4824e-05 0.0582222 0.000282751 0.0324605 1.2597 12.2039 0.0559605 2.17138 0.0848855 23.3807 3.85954 199.627 0.0799996 2.89212e-05 1.51342 24.084 1.48005 2.74714 
4.75649 0.0500768 1.50787e-05 2.28095e-05 3.49502e-05 2.17291 0.114628 6.72034 0.0692617 0.288056 0.0158115 304.361 2.14568e-05 5.55807e-05 1.77889 40.1684 1.10987 1.4441 
0.156015 0.00487905 0.000180352 0.0137783 0.00101822 0.151732 0.252234 1.17575 0.0785472 0.440038 0.679141 332.999 0.0872336 0.0504125 3.63338 3.8786 1.26933 6.25324 
0.00247615 0.000124266 0.114929 7.18385e-05 0.0308274 21.1062 4.67035 1.50048 0.358051 1.19628 0.0634886 88.3514 0.0127177 0.000152168 0.836412 15.0849 2.87855 8.34294 
0.00608671 0.0119358 2.31721e-05 1.33665 0.0150261 345.66 5.09046e-05 0.153261 0.0246099 35.3537 3.73404 90.8318 0.0195605 0.00199023 0.833933 18.4752 4.91173 5.91236 
0.18774 4.80562e-05 0.112968 0.000532829 0.18209 650.567 1.09426 4.03698 0.294973 7.51099 0.515455 174.013 0.00168226 6.61684e-05 2.51765 6.8596 1.28963 3.44951 
0.0232691 2.7472e-05 2.52623e-05 2.77601 0.141935 0.0269863 0.00254353 5.29323 0.514033 0.71891 0.00120427 185.961 0.001203 6.93459e-05 0.997289 33.3415 1.74669 1.85065 
1.35151e-05 0.473977 1.09164 0.890083 3.89063 168.595 0.00614035 1.17789 0.799984 0.0161325 0.00176358 85.7739 0.102368 0.000193702 5.63703 14.9757 0.833796 3.84128 
0.201374 1.80466 0.00445918 0.0842519 1.64688 0.246987 0.00675968 4.7203 0.047544 0.03426 0.0151962 418.276 0.0683685 0.00326426 0.938344 48.7004 2.51497 0.174285 
3.95268e-05 1.19243 8.01072e-05 0.00363176 0.321531 0.01651 0.101386 0.77427 0.206468 28.166 0.257421 67.5842 3.3353e-05 0.0327216 1.0943 20.5061 1.90069 5.43493 
2.228 0.000736712 0.000970341 0.0949594 0.000474934 2791.65 0.00217136 9.07056 0.592715 193.151 2.89067 172.586 0.30537 0.00062526 1.44195 39.9859 2.3934 0.937804 
0.000169698 0.00611278 4.91888 0.0279993 0.276938 0.392222 2.83913 0.974104 0.0489113 0.228326 0.154651 462.725 0.0702228 0.00386796 1.47307 25.1902 3.54832 0.434716 
0.000853015 4.49761 0.0843278 0.039363 0.466528 0.438953 3.49909e-05 4.56093 0.143815 1.88751 2.37613 290.992 0.00112422 0.0162003 3.95182 45.9717 1.65456 0.335664 
0.00818166 6.74114 6.81502e-05 2.7869 0.471795 0.36059 5.21968e-05 2.86022 0.052586 0.712106 0.216892 249.658 0.344782 1.26118e-05 2.49001 26.8297 1.71874 0.452112 
6.87461e-05 0.000147923 6.66762e-05 0.261482 1.06104 33.3284 0.00068291 2.3668 0.098465 4.53374 0.333952 16.4328 0.0865897 2.38832e-05 1.27331 35.4376 0.928633 5.64181 
8.12549e-05 1.16339 6.54068e-05 3.55298e-05 0.0114355 0.0730105 0.00400906 1.26486 0.0223942 0.0553306 1.20569 64.2743 0.00966525 0.000547297 1.34494 35.212 2.12526 2.57654 
1.66097 0.000214786 0.012356 9.73097e-05 5.49333e-05 0.307009 0.406313 2.29242 0.0270011 0.199648 1.42414 454.817 0.00203301 0.000508084 1.0544 41.9941 4.21084 0.359534 
1.69067 4.56471e-05 0.0643611 0.00436219 0.00547234 186.325 3.09032 0.158281 0.00790266 0.283069 6.83057 22.8582 0.000115927 0.0072437 1.8489 38.3101 1.75295 7.27094 
0.0144095 3.88337 0.00961319 0.0142392 0.0256343 1665.8 0.000312767 0.387907 0.21406 406.499 2.0387 83.6494 0.447553 1.57129e-05 0.752819 12.3754 1.44924 4.15613 
0.000322801 0.0247265 1.12999 0.326682 1.69465 10.8647 0.00105027 1.42176 0.00279842 0.137136 4.21531 360.446 0.0003659 0.000296521 2.42843 38.2909 1.27439 0.417308 
0.0041658 2.39562e-05 0.0377264 0.130602 1.22615 113.084 0.0464323 2.53275 0.1251 6.51767 3.42665 397.174 0.528359 0.00333514 4.5166 47.784 1.38263 1.0378 
7.56444e-05 0.0108717 1.60361 0.0262157 0.501158 0.0486591 0.00237063 1.01978 0.120814 0.151937 0.0257673 319.004 2.64251e-05 0.00602272 4.22614 22.8732 1.38582 0.476689 
0.0327366 0.00181093 0.00240883 8.90424 0.000895621 46.227 0.0404873 0.0790672 0.439954 75.2271 0.296902 347.369 0.0775952 0.0005894 1.3669 10.6741 2.43037 0.697269 
0.139214 3.18321 8.87077 2.39429e-05 0.46221 80.5326 0.109022 1.00038 0.459029 0.0577104 0.00746285 120.377 0.0328408 9.55994e-05 1.36283 49.341 1.74761 0.701037 
0.00217184 0.081189 0.000221888 0.0113486 1.12777e-05 1.03108 0.0083428 1.10252 0.0475284 1.50715 3.12144 62.9448 0.00308869 1.7259e-05 0.91403 36.0503 2.06565 9.0116 
7.48031e-05 0.0511948 0.000408954 0.664259 2.52103e-05 285.365 0.0164585 1.79372 0.469359 0.724914 0.0943128 27.0499 0.00924968 7.71969e-05 1.14728 29.5943 1.8981 6.49597 
3.39821e-05 1.50207 0.788846 0.0184693 0.00487646 2.00568 0.000205611 0.294788 0.523759 9.30171 0.252186 21.08 5.43742e-05 0.00423068 1.02715 36.278 1.57471 4.54466 
4.20408 0.00549685 0.00448854 0.000851881 0.14567 3.12947 3.96253e-05 0.301126 0.33237 2.78857 0.0523327 264.641 8.08466e-05 0.104772 2.21356 36.8018 2.31392 0.379347 
0.0483579 2.20035e-05 0.00691461 0.0075189 0.000531008 2189.92 9.93931e-05 0.105953 0.00768679 0.0639461 0.343441 74.3686 0.00168326 0.0180343 1.06829 25.248 3.55123 2.05868 
0.0597275 0.932377 5.50807e-05 0.00101532 0.00761683 1.26686 1.55205 0.244218 0.211685 0.0398857 0.00159433 369.921 0.0184938 2.12708e-05 1.12723 2.85063 3.05975 3.39474 
0.00903792 0.00386441 0.000416581 2.29167 0.257298 0.595765 3.017e-05 1.89342 0.0509207 11.5711 6.74815 380.425 1.59053e-05 0.00304379 3.84327 3.4424 1.06025 3.6766 
0.0243477 0.000125851 0.07873 0.000291258 0.0373265 6.81154 0.00135624 1.22169 0.565224 23.2936 0.287975 76.855 4.20382 0.000107958 9.0864 22.1953 1.0844 6.63983 
1.46432e-05 0.891019 0.000134225 0.138037 0.125079 2666.83 0.00663735 0.636653 0.16604 104.606 4.91247 130.242 0.018947 0.014012 1.21964 26.0781 3.51878 1.70893 
0.223175 0.000149688 0.10766 4.07424e-05 1.49088 0.011532 0.0388035 2.29608 0.0516663 0.0238932 0.0110658 42.6759 0.283135 0.000686495 0.995895 26.886 1.56998 5.65789 
0.00185094 3.55283 0.0945473 9.65075e-05 9.65182e-05 0.0285893 0.000246456 1.27945 0.189364 15.6843 1.91475 149.436 1.17621e-05 0.00348585 2.92765 9.33613 1.03565 2.05675 
6.68973e-05 0.0055116 0.000256449 0.00644932 0.682344 0.779756 6.30154e-05 1.85123 0.171684 55.4739 4.0231 47.0332 0.000600453 0.0095147 1.54613 20.2918 2.37352 7.7459 
0.031973 0.987871 0.000599022 0.000190569 0.0726034 105.097 0.00311725 3.49556 0.513807 0.344429 0.00577671 258.88 0.0347342 1.76961e-05 2.32345 16.1598 1.47681 3.01936 
0.586964 0.0162159 0.696859 0.283683 0.0753039 7.25577 0.394191 0.679527 0.00563522 0.0238718 2.31748 234.112 0.000521788 0.000126228 6.36488 31.4905 1.07331 1.24527 
0.0851958 0.00183336 0.0986723 3.81091 0.020404 2339.39 0.00126309 0.450923 0.132713 0.999128 0.0178577 400.879 0.195612 3.26606e-05 2.29146 2.68801 1.23433 3.28293 
0.64013 0.00274952 0.000747933 1.87441e-05 0.0362717 0.197366 0.210901 1.12944 0.377826 93.6921 8.36409 237.365 0.30209 0.000122402 1.44081 11.8667 1.46395 4.04398 
1.83628 0.0444076 1.31308 0.148604 6.31324e-05 0.0991782 0.0610591 1.07297 0.206948 21.6323 0.326738 283.112 0.0451132 0.0141991 1.16732 10.5537 1.53113 2.00354 
1.73445e-05 0.238555 5.24538e-05 7.87845e-05 0.0288504 2.60406 0.0809141 3.5147 0.0799331 0.315793 0.800749 13.1523 8.93727e-05 0.000412139 2.19954 41.7873 1.46386 7.43455 
0.000169763 1.55105 0.978723 0.00059479 6.2422e-05 836.518 6.68446e-05 0.380225 0.0701395 30.4816 7.88222 52.7464 0.00169977 0.000991451 1.37144 16.023 1.35792 6.63366 
0.00194798 2.34058e-05 0.000151119 0.0965044 0.00167889 2504.06 0.0281615 0.532637 0.00924213 0.251001 3.59111 89.5251 0.000394572 0.000347282 1.01071 14.5985 1.55338 8.28232 
0.3602 0.000751422 0.0028276 1.26327 0.0367458 0.043116 0.0424456 2.16811 0.00989721 0.134576 0.400742 35.9291 0.000233838 2.48618e-05 1.4759 36.8792 1.79713 5.09742 
3.13027e-05 0.0267043 0.000200125 0.000141768 0.000253188 50.8424 3.65399e-05 0.177208 0.0149043 6.81149 3.97038 79.7599 0.117726 0.00224394 7.36011 32.6352 1.37164 3.64988 
0.00145617 0.000219487 0.0180541 0.00103783 0.00150934 62.2616 0.0134769 0.126056 0.0645821 3.01234 1.96426 173.012 0.00461664 0.00139142 1.13467 10.5062 3.21386 2.14668 
1.39823e-05 7.87982e-05 1.28371e-05 4.50708 0.00725745 0.0120543 7.53559e-05 0.377705 0.132775 8.8411 1.52027 21.5167 0.000644474 0.000151939 1.16785 40.2248 2.15695 8.94257 
4.10377 3.59716e-05 4.11469e-05 0.00086146 3.17886e-05 115.356 0.000101846 0.26983 0.126605 0.892072 0.00695143 255.784 6.35729 4.77272e-05 3.62502 8.02128 1.17726 1.94744 
0.39768 0.00243772 0.000177861 0.878322 0.000391437 797.447 1.49428e-05 0.436431 0.0189186 0.42901 2.35097 71.8803 0.351419 0.00275788 4.83459 38.0968 1.79404 1.15004 
0.0060329 4.88797 1.34 2.85513 1.223e-05 8.49892 0.205813 0.906583 0.02596 1.74288 3.73742 62.3069 2.88752e-05 0.00954823 1.05645 47.7154 2.25968 1.18557 
2.53507e-05 0.000329537 0.413419 4.55481e-05 9.55565e-05 0.962532 2.25838 0.367979 0.183522 1.54868 0.580766 59.3029 0.00735627 0.000457577 2.3355 18.088 1.35801 1.71595 
2.86179e-05 0.000746261 0.0629275 0.00507238 0.00140264 2217.19 0.0281055 0.948452 0.017048 0.0505375 2.3747 212.653 0.000449088 0.000370867 1.52193 13.9472 1.73578 1.4315 
5.81272e-05 0.000567013 7.68001e-05 0.016635 5.45208 0.166377 0.105384 2.31775 0.233761 7.09709 0.214392 193.369 0.000727694 0.000581305 1.83478 24.4453 1.08733 4.44133 
0.000380184 1.39674e-05 1.62125e-05 0.0621716 2.20962 0.0981386 2.66839e-05 5.72428 0.679932 2.98076 0.105678 266.534 0.000134027 0.000182838 2.81078 5.02105 1.23506 7.78821 
1.29165 0.00129945 7.53713e-05 0.000135469 5.90025e-05 3.58675 0.000406024 0.145617 0.137889 0.199166 0.0226359 50.661 9.8943e-05 6.2794e-05 1.08364 26.7657 2.93211 3.25134 
0.0051102 0.248786 2.28668 0.0164355 0.00132874 0.0502628 0.218728 5.82586 0.196114 0.319887 0.0224707 54.9616 6.26762e-05 7.40862e-05 1.3457 17.0033 1.06521 7.42276 
0.000107736 0.865379 0.29906 0.193145 0.065656 0.0181394 0.292238 2.07165 0.0347018 0.92015 0.64209 400.921 0.00135453 0.000653987 0.99459 3.50488 4.50675 8.78199 
9.11831 0.00774971 4.4344e-05 1.21431 0.00166303 1.54818 0.0126326 1.86415 0.285561 55.4665 3.88933 226.77 2.9382e-05 0.000952076 1.59524 6.71193 1.69308 8.89567 
0.0420819 0.0108527 1.42334e-05 0.000136025 0.072412 16.0292 1.59166 4.47996 0.126699 3.57459 0.697291 377.21 1.99808e-05 0.0182838 4.76645 14.3176 0.896042 2.93625 
4.04353e-05 0.0570739 6.95875e-05 8.9677e-05 0.00116022 323.903 0.00402044 0.57341 0.0188343 5.0936 6.16591 29.4975 0.0374758 0.00162004 1.0256 22.7462 1.3167 7.18266 
0.000771924 0.000561621 0.00018648 1.02793 0.00089098 0.208371 0.000529567 0.588967 0.278397 2.12166 0.0057775 176.156 3.20074 0.00148453 1.15834 8.437 4.29884 7.18932 
0.9065 5.5318 0.0105826 0.000295021 0.0743698 5.67029 1.85821 0.552328 0.0384141 0.0100284 0.00446596 29.3725 0.00906409 1.73461e-05 0.9346 18.0075 1.54895 5.71694 
0.000586985 0.620832 0.096388 0.00615305 0.000509271 5.14704 0.0414627 0.232283 0.0555136 54.8372 1.98535 100.899 0.00168681 2.43653e-05 1.24076 12.2571 3.35193 5.86335 
0.000386781 8.8647e-05 0.00230549 0.214098 4.77473e-05 0.0127074 0.00145638 1.44419 0.0312251 0.420388 6.6217 329.059 0.150915 0.0246178 9.60959 47.6271 1.40283 0.501954 
0.000504296 0.00236955 0.23093 4.67685e-05 0.000467757 0.0787963 0.151363 6.23272 0.860037 38.7899 0.882261 241.709 0.00131552 0.00254898 3.21618 32.0658 1.5635 1.14062 
0.0121376 0.320036 0.186786 0.00111589 0.00352626 1040.7 4.65443e-05 5.55504 0.009147 0.250367 2.85984 152.631 0.000149031 6.68008e-05 6.09406 33.7498 1.00465 2.42585 
1.70267 0.000712437 0.00264135 0.0873709 0.186211 64.1133 0.0114516 2.81753 0.101532 2.73565 0.440272 114.832 4.27321e-05 1.04666e-05 1.58305 47.9079 1.50901 4.08196 
0.860531 3.22955e-05 0.00105502 0.0795301 0.000278445 6.98832 0.0307508 5.03161 0.167064 6.73913 3.36971 483.023 2.25569e-05 7.17019e-05 2.90154 29.7736 1.33621 1.3016 
1.00557 0.621167 0.000191742 0.361364 1.13326e-05 610.713 8.62643e-05 0.799735 0.0353475 0.100026 0.0354869 118.339 0.0119136 5.28627e-05 1.83998 28.8001 1.1397 0.991464 
0.0178952 0.000883536 0.0204448 3.49955 0.000980397 94.5433 0.000466696 1.11808 0.020882 0.0100327 0.369641 124.764 0.00146924 0.0545082 1.54357 31.2259 1.66048 2.80111 
0.00435905 0.000449362 0.0146777 0.0187721 0.548719 0.0362578 0.0349267 3.48559 0.0943771 1.12403 0.26322 75.45 0.0508601 0.00247123 5.2296 34.1108 1.03928 1.51793 
3.81243e-05 1.16897e-05 0.0181249 0.00489142 0.0414169 0.0208752 0.000204284 1.36718 0.214446 247.615 8.51187 120.087 0.000108921 0.0356417 1.44773 46.4657 4.31836 1.09743 
0.000530585 0.00470562 0.000315646 0.672629 0.215033 8.7205 0.000390013 1.14434 0.125498 7.41992 0.0489487 18.3816 1.79446e-05 0.00175567 0.990954 34.226 1.38801 6.01567 
0.00557427 0.00551343 0.633856 5.9445 0.00186828 146.948 0.000402477 0.955509 0.0244838 49.8539 7.04275 12.5421 0.168032 0.000685397 1.42197 47.4026 1.4974 5.2727 
1.52503e-05 0.000359993 0.0393823 0.00531734 1.55871e-05 1511.12 0.0296705 0.275034 0.00823252 0.728277 1.35044 323.795 0.00542391 0.000501513 3.25378 9.06278 0.975078 7.59532 
0.179318 7.11014 4.66631e-05 0.00018785 0.00175597 107.001 0.000401102 0.840856 0.0128583 0.369125 1.87947 215.685 0.000455058 2.01373e-05 3.45763 5.43324 1.09851 8.77733 
0.000316772 0.223576 1.31189 0.00194712 0.0471052 8.18176 0.00503212 0.192009 0.0490479 1.44956 0.808837 104.689 2.39576e-05 0.00071364 1.2241 26.4656 1.59655 7.08861 
0.440031 0.000732394 0.0539571 5.25773e-05 0.000439061 76.8187 0.000744135 0.90587 0.155971 0.51247 0.0198863 268.982 1.33977e-05 0.0002359 1.61139 15.2284 2.08065 0.835086 
0.000355951 0.078747 0.000267492 1.70959 0.241763 111.219 0.0282358 0.486558 0.110039 3.82942 0.454301 73.6659 0.141966 0.00203163 2.79205 12.1858 1.02355 5.24964 
0.000288648 2.03494 0.00392744 0.000989005 0.503054 114.078 1.43653 1.29009 0.0577129 6.32568 1.7686 459.503 0.907663 0.0067773 3.96797 3.47262 1.14823 3.81196 
0.0123449 0.0251652 0.0127168 0.00089234 8.09081e-05 177.222 0.000148506 0.419652 0.0259746 0.0191087 0.142411 78.5205 0.0565235 0.000346407 1.75772 13.3776 1.57822 3.32169 
1.0666e-05 0.00644238 0.00542634 0.0761384 0.00461275 0.0806585 0.0444056 7.62215 0.00935255 0.109363 5.64417 298.529 0.00758956 0.00132734 2.24465 27.4524 1.30852 3.0867 
0.00710312 2.87708 0.00196385 0.00504204 0.343872 27.8468 0.235241 8.6224 0.0152276 0.115484 3.67852 36.5772 0.00153177 0.00136142 0.680774 35.0565 1.48953 2.26957 
4.61242e-05 0.000165871 0.678433 1.67998 0.0277873 2.97997 0.108755 1.24175 0.107542 4.65439 2.87194 104.896 0.0279265 0.0420763 3.87051 31.0852 1.13701 1.83053 
0.000250085 0.000241177 2.64299 9.47507e-05 0.000162732 563.851 0.000777371 4.06262 0.019866 1.23707 5.44339 236.84 0.000124357 1.53272e-05 2.21803 20.7172 1.04959 6.65069 
0.00578181 0.850411 0.00355664 1.28765e-05 7.00863e-05 0.712144 0.34393 0.1646 0.0479922 10.5153 1.53167 26.5882 0.000229038 1.83636e-05 3.93961 33.3669 0.805078 8.21368 
0.0246018 0.000892335 0.0387039 1.15272 0.000243323 393.984 3.43411 2.02057 0.176829 0.0167359 0.0364205 435.205 0.00068667 0.00674493 2.32527 38.4407 1.68394 0.214462 
0.000122834 0.000606843 2.35222 0.00130931 7.71465e-05 2.32549 3.0491e-05 0.940465 0.507109 119.433 2.29418 139.669 6.29025e-05 0.0140078 2.76217 14.0001 1.67226 1.074 
0.000213059 1.54901 4.08479 0.000653213 1.08697 40.3372 0.342856 4.88745 0.472362 0.0902334 0.00697181 80.1042 0.222875 0.000258667 1.82618 49.6115 1.57448 2.1993 
1.14051 0.0900009 0.404113 0.0616808 0.000301864 1.33949 0.00661448 2.16077 0.0507607 1.31142 2.03621 445.145 0.00039447 0.0115269 1.2185 2.30209 1.97057 6.98858 
1.07207e-05 1.09107 4.10872e-05 0.000647368 0.63236 0.659175 0.952839 2.92359 0.0400705 0.212973 0.863794 174.384 0.000295232 0.0178246 2.26771 31.2067 1.19965 0.359071 
0.00062517 7.4556e-05 0.0210906 5.31418 0.0476957 1366.22 7.70414 2.42784 0.898233 186.301 0.200092 308.997 0.0787886 0.00344187 0.978727 4.21804 2.4939 6.45464 
0.00488981 0.332131 0.0148939 8.11362 1.0197e-05 9.85873 3.42314e-05 0.435512 0.0104767 0.0302099 0.791136 194.539 0.0613895 0.00167545 6.42565 18.2716 1.09774 2.7229 
0.355088 0.000226382 0.138233 0.0179997 0.0578253 3.98946 0.0014643 2.60908 0.0122831 0.0429451 7.93174 369.882 3.41779e-05 0.00695823 1.58973 11.4652 2.72576 0.77542 
0.011758 5.71684e-05 1.42618e-05 1.2443e-05 0.00413292 113.986 0.0431282 0.546203 0.0182947 0.0416614 5.8241 80.0649 5.08081e-05 0.00162928 6.58117 39.6841 1.20574 1.2172 
1.01423e-05 0.00695794 1.32918 0.84076 5.48055e-05 4.1327 0.134545 0.449041 0.134881 13.9547 9.19719 468.171 1.08285 0.000458915 4.31581 12.1956 1.60272 0.866116 
0.000340864 0.000311769 0.52514 8.73578 4.14974 19.7941 0.351588 2.62795 0.0123839 6.25873 3.95255 58.4764 0.000624548 0.000430423 1.02317 28.3609 2.40517 2.3491 
0.000407467 0.00210936 0.107426 0.000172041 0.00168276 1.49455 0.00475796 0.0928486 0.102529 9.48495 0.28069 41.7372 0.00172023 0.00799535 1.90833 20.1444 0.954833 3.82938 
7.93831 0.00198634 2.25799e-05 0.00351036 1.185e-05 0.0174726 6.20028e-05 4.90055 0.758599 0.429908 0.018351 425.004 0.000119759 0.000213743 2.21397 40.0556 1.67799 0.326713 
0.000238724 0.0168283 0.963034 0.820047 0.00492557 0.560902 7.7168e-05 0.333848 0.230397 1.16853 0.0270739 89.5897 0.99239 5.90927e-05 2.52058 28.9818 1.35956 4.05471 
1.06609e-05 6.45318e-05 0.00385673 0.0727435 0.38557 0.103595 1.14503e-05 3.30131 0.0587766 0.999896 0.106503 106.079 0.109846 0.00173683 0.750049 46.7463 1.69008 4.40161 
0.00589794 0.15126 1.62886 3.91091 0.00434898 79.8574 0.000103618 0.493823 0.325638 30.6663 2.99613 185.624 0.0025499 8.6648e-05 2.39333 7.45389 1.57979 4.93033 
5.56127 3.89057 0.417184 0.786938 0.00086573 8.75527 0.906349 2.72426 0.0331001 0.0827858 0.373202 196.648 7.007e-05 2.01596e-05 3.30672 34.2838 1.32988 0.560627 
0.0385324 1.60349e-05 0.180852 5.19207 0.000295908 7.49393 3.5564e-05 2.89176 0.577416 61.7504 3.19567 465.022 0.0652563 8.83168e-05 1.78929 7.27605 1.60599 2.27581 
0.000219693 0.00351731 0.254091 2.71329 0.00786313 0.0361553 0.0869565 6.21747 0.0750697 1.24479 0.281494 453.682 1.33724 0.000409676 1.03755 28.5332 3.82296 0.657702 
0.214289 2.39978 0.00120145 3.17532e-05 1.60796 117.61 0.217568 1.0168 0.0842474 4.44728 5.59675 219.97 0.00882592 0.0018501 0.938751 17.2687 1.89812 3.52941 
0.00695365 0.000204317 0.102245 0.00356184 0.00259147 26.2241 0.000182171 0.498748 0.0124815 0.0915939 4.15021 57.2952 0.0243928 0.00533329 1.24993 35.5187 3.48834 2.50154 
7.80544e-05 1.50885 0.000964964 0.000592661 0.0077469 15.9074 1.48049e-05 1.56118 0.18131 0.439434 0.017942 55.8903 0.00157389 0.000188885 1.48081 40.9286 1.01841 2.30134 
1.13913e-05 2.61003 0.00289692 0.000924777 0.000420074 415.103 0.0417661 2.6742 0.702955 211.495 6.62237 321.676 0.117333 7.81576e-05 2.15439 24.7543 1.33139 1.21576 
0.0784858 0.000131504 0.796166 0.00021327 0.00217559 0.31834 4.67282e-05 0.914913 0.0234772 0.0920655 1.48051 143.553 0.000195884 0.0089089 1.52546 9.33722 1.27484 2.05664 
4.59753 0.000114029 3.316e-05 9.81761 4.04568e-05 0.426773 0.05496 1.35316 0.182323 1.1923 0.161778 103.26 4.49263e-05 0.00012439 1.79575 32.726 2.31826 0.599548 
0.0339406 0.505704 1.20143e-05 0.0495194 0.0048053 0.0139764 2.0352e-05 4.83023 0.00455964 0.308142 3.52438 327.789 0.00164443 0.000226441 1.34564 6.12604 1.42312 2.6901 
0.0320341 2.45856e-05 4.92178e-05 3.72892e-05 3.58862 0.0303547 0.135992 1.13853 0.179509 3.01465 0.00979994 40.3996 0.000720911 5.08808e-05 1.02419 39.2642 2.35679 4.03474 
0.0482097 0.112075 0.00182523 6.02539e-05 2.26586e-05 2.15929 0.226549 1.03948 0.266907 140.428 5.68884 212.63 8.53843e-05 0.000714739 4.16517 29.7087 1.06558 1.70765 
0.000680404 9.99472e-05 0.000221132 5.83164e-05 0.00891265 0.654783 0.0502648 4.75455 0.219714 13.9357 4.18641 101.368 0.0779078 5.57209e-05 1.38128 48.9529 2.44058 0.924014 
0.740879 0.00310591 0.24636 0.022978 0.00149351 0.0249517 0.000245288 1.79552 0.0977974 0.570576 0.336761 294.578 0.000677168 0.00362148 3.30715 29.6493 1.61217 0.460011 
0.0103903 0.0581143 0.00258528 0.055525 0.0376134 330.762 0.0477864 1.58822 0.0185435 0.0211942 0.22406 399.965 0.0285342 0.0299051 1.16674 9.4531 1.50472 1.81167 
0.00657765 0.000191225 0.000148468 6.13864 7.36001e-05 223.764 0.000160406 1.16281 0.178076 29.1124 1.87105 48.2756 0.0261209 0.0166958 3.39494 18.346 1.20267 5.53225 
0.00773659 0.000400896 5.02109 0.000297999 0.00189587 0.313444 0.675283 0.156363 0.0281155 0.232377 6.4696 183.94 0.0241152 2.89414e-05 4.04338 6.79266 1.14434 1.90445 
0.000374234 4.6138 0.072751 0.000632647 0.00521525 0.146594 0.000797278 4.77787 0.0280424 0.223184 5.72282 386.889 0.000668477 0.039246 5.40825 5.46706 1.31639 2.0947 
0.000374168 0.34398 0.0106638 0.000744295 9.20338 0.013343 0.0347089 2.02878 0.0308196 19.5438 9.43477 167.572 0.0392988 8.00295e-05 0.889512 49.5472 3.31501 0.366245 
0.00045484 0.0150917 0.585777 0.000196961 8.96524 0.136139 0.000465838 0.325177 0.477537 265.325 1.45229 115.218 0.367749 0.019515 5.15724 16.5506 1.18357 3.85067 
0.226774 0.417497 0.164439 0.000498582 0.00109367 3.03921 0.0835642 1.47532 0.238806 0.731957 0.0419993 46.5338 0.00952302 6.39907e-05 1.08525 24.9783 2.19489 6.92669 
0.124974 6.52527 6.22175e-05 0.0977362 0.0944555 0.020347 0.000352831 1.14167 0.468956 326.156 3.68054 230.205 0.00153841 0.000158559 5.27514 6.79881 1.08419 5.38924 
0.787206 0.00518601 0.234843 0.00976553 0.00517994 13.3976 1.85154e-05 0.270573 0.0521971 0.511392 0.342396 87.4591 1.53694e-05 0.000186977 1.69245 12.474 2.20092 4.53489 
4.0239 0.000286613 0.00126624 0.0298045 0.000311367 28.2613 0.00627399 0.747521 0.178635 0.117056 0.0303992 36.8833 0.000234166 0.000266527 1.60257 29.5277 1.30947 3.39572 
0.000919783 8.13612 0.478771 0.0146208 0.00552558 51.5369 0.0558765 1.17402 0.264979 0.200406 0.00465171 74.9636 1.81134 3.69948e-05 0.94721 35.099 1.56045 4.66757 
0.00560273 0.0034566 0.000328182 0.0280493 0.000201051 11.292 0.0188253 0.41477 0.441838 484.935 5.18166 178.737 0.169175 2.04342e-05 1.32909 17.6367 3.66449 1.06835 
3.14236 1.12204 0.000534527 0.0269311 0.951916 0.275242 0.0159313 8.11949 0.207486 44.3943 4.23745 379.334 7.06206e-05 0.018687 3.23869 20.2862 0.935978 2.12366 
0.00020869 0.193489 0.00171384 0.000663755 0.00415959 949.803 0.497679 1.14456 0.0122126 0.104038 1.61401 186.136 6.00924e-05 0.000835285 8.57484 32.1545 1.06946 1.24337 
2.56481 0.0832591 0.000686776 0.622496 9.76799 73.8321 0.000601054 2.57673 0.0555357 0.645602 0.379344 92.1457 0.000791585 0.0337755 1.05733 14.5826 3.17351 8.45258 
2.04373 2.55133e-05 2.07542 4.11373 0.0052504 0.27071 0.00987869 0.0609709 0.141047 38.1806 6.63902 499.284 0.0576695 0.000256348 3.63291 5.70759 1.14791 1.34093 
0.0683418 0.00383462 0.0216769 0.283087 0.331176 349.73 0.00108281 0.0245215 0.158138 248.745 3.44563 204.655 0.0398886 0.00365492 1.6448 6.78458 2.11666 2.26901 
1.6862e-05 0.120763 0.247179 6.03797e-05 3.30114 28.9216 0.000580132 0.47573 0.0887024 0.512488 0.0586017 242.397 0.00126845 0.0223892 0.894841 25.4626 4.21386 1.10252 
3.52513e-05 0.00138612 0.0290144 0.00117579 0.162414 40.5905 0.00240251 0.563398 0.439053 1.63365 0.00680139 114.802 0.000413449 0.0395305 7.23591 40.4048 1.31365 1.31147 
0.000189501 0.000929309 0.0237921 0.0571057 0.00041637 560.031 0.0223395 0.595939 0.119061 13.6146 3.04777 21.4006 9.7464e-05 3.82427e-05 1.49779 47.8598 2.47308 2.61021 
7.18726e-05 0.0783994 4.66525e-05 0.00206116 0.932113 8.59388 0.123067 1.91858 0.0223364 109.219 9.20658 61.3434 0.0115096 2.95474e-05 0.968151 31.8658 2.45474 2.33411 
7.89302e-05 0.773713 0.914474 0.0594986 0.000257768 0.0168195 0.00393032 3.11115 0.458887 1.62402 0.0428677 230.997 1.36788 0.00186706 1.14307 23.9271 1.95771 0.521852 
0.371285 0.00114561 0.0150944 0.544705 0.0534771 58.6621 3.96355 8.05743 0.122982 13.2837 3.73246 418.281 0.101243 0.000206236 1.26545 37.5984 1.44884 0.729699 
0.00183565 0.008611 2.73061 0.0700403 8.04903 23.5559 0.00941058 0.712758 0.234463 0.186985 0.0316464 30.2177 0.181534 0.000530105 4.35155 29.7984 1.08916 4.4414 
0.686608 3.86729e-05 0.00581275 1.93915e-05 0.738495 0.0176127 0.0861219 2.13819 0.0108437 0.0614997 1.82336 457.184 0.112412 0.305134 4.31962 4.58363 1.38783 2.28796 
4.48392e-05 0.400134 1.21526 0.00082125 0.00229498 347.853 0.0272348 0.120643 0.243487 0.613882 0.015945 104.932 1.19202e-05 0.000174784 2.11306 39.8216 1.2264 1.07337 
0.00350072 0.0190186 0.178193 0.974276 9.43137 9.62625 0.00545344 0.429631 0.0295115 0.708256 0.520606 121.794 0.000544851 0.000984251 8.99186 31.8646 0.868878 1.17459 
2.32255e-05 7.40184e-05 0.057025 8.32424 1.74526 5.67414 0.00137062 2.79381 0.203159 9.06597 0.716227 211.702 3.15738e-05 0.000243836 0.829396 19.6428 2.26032 3.11214 
0.00359891 0.000339764 0.00109373 0.00342421 0.0994809 0.0158171 3.81903e-05 1.45329 0.00621465 0.0160163 5.87258 399.423 5.04453e-05 0.00237502 1.13151 4.76348 4.34028 3.7277 
0.00511985 0.0579732 0.0339557 1.37425e-05 0.00855228 2.75246 7.7009e-05 0.959268 0.331846 0.474285 0.0117705 161.081 2.80474 1.66397e-05 2.25378 11.7501 1.36407 4.21529 
0.0287653 7.99223e-05 1.04649e-05 2.7696e-05 0.0348047 5.11829 2.08698e-05 0.466826 0.239175 85.1616 1.23554 140.007 1.46825 0.000990482 0.887483 4.85965 1.77944 9.24376 
0.0119732 0.00107853 7.68035 0.240624 0.00185753 0.0494524 0.000101802 0.048888 0.27662 6.93628 0.884137 63.788 6.39142e-05 4.52726e-05 2.15401 8.62392 1.85846 3.96473 
0.0193517 0.000762859 0.000845733 0.0149276 2.01555 0.0357869 0.000344004 4.24791 0.781927 6.95139 0.313021 487.046 0.00157181 0.0155251 2.57429 9.81304 1.90385 0.599333 
0.0706424 0.000314597 2.73885 0.654591 0.0013725 1306.31 1.46088e-05 0.321262 0.0657623 0.287603 0.0768495 54.4391 0.000847228 0.00115723 0.92268 24.8231 1.46366 9.28199 
5.99849e-05 1.04694 0.00676084 0.00160147 0.00764586 45.7745 2.06936e-05 0.190863 0.286794 3.38256 0.0153784 81.2969 0.000126336 2.10698e-05 4.25333 13.3161 0.872967 9.78464 
0.00156904 0.000181533 0.00220638 0.683319 4.30341e-05 1.17829 0.00454829 0.719589 0.0391074 1.29608 8.84356 151.274 0.000118513 0.00495435 5.62173 10.1568 1.13196 1.41405 
0.00589283 0.115747 5.16515e-05 0.143357 0.89812 1353 1.73849 0.710496 0.427345 160.847 7.05079 72.1607 7.60068e-05 0.000166038 1.25449 45.5877 2.26446 0.734946 
0.0121195 0.000417445 0.150697 8.39079 0.00752098 16.1001 0.00266935 0.135551 0.0151695 3.12249 1.95792 409.753 3.346e-05 0.0276357 1.4015 5.2356 1.87054 1.2902 
0.000595157 0.0309356 0.000126009 2.87958e-05 0.0732456 0.118047 0.135509 7.19456 0.0102888 0.0711408 2.69977 293.104 2.61683e-05 0.000251236 1.06416 43.5523 1.51393 3.48712 
0.151979 1.02266e-05 0.0273096 0.000667756 2.26881 54.955 0.234407 3.23976 0.291366 1.79512 0.301929 473.779 0.0004379 0.0645289 2.97746 31.3611 1.76012 0.423793 
0.027473 0.50339 0.00195674 0.70439 1.30238e-05 0.026308 0.000323644 0.895097 0.0398201 28.9231 0.261554 70.3597 1.74524e-05 0.00122803 0.950015 27.3907 3.12441 3.52106 
0.000190524 0.753047 0.000202001 0.0093764 0.000537666 0.142708 0.993701 1.23768 0.332805 0.312438 0.00879277 159.842 1.02771e-05 0.00692195 2.16996 38.3706 1.13165 2.10488 
0.00131639 2.28541 0.500943 0.00140006 0.747519 0.500412 1.12497e-05 3.87578 0.0220193 0.347701 0.178549 148.055 0.0663184 0.00193016 2.32109 11.2439 0.905989 2.57726 
0.000510576 0.000203085 3.55074e-05 7.40713e-05 0.0408327 64.3214 0.031523 8.24082 0.0184715 0.0658 7.77435 246.56 0.000138156 0.00229175 3.05673 14.1309 1.51017 1.44491 
0.000592628 0.336623 7.90566 3.8406 0.000108746 777.982 0.0162518 0.745931 0.104821 104.79 9.0302 62.5644 0.0100068 0.0133626 1.70868 16.461 1.02455 3.46824 
0.00155169 0.0205794 9.73539 0.000299128 9.9231e-05 0.559621 0.0029738 0.0926656 0.0528324 0.417021 4.93577 24.7944 0.000414724 5.72277e-05 1.83224 28.8218 1.60695 6.3864 
0.000497261 4.58628 0.169444 0.790433 1.65239 0.014091 0.000462253 4.32483 0.00595079 0.074493 6.49922 77.2966 0.00129106 0.00255353 0.965303 25.3145 2.68001 3.23425 
0.00288455 3.50059e-05 1.54756e-05 0.000642216 2.64451e-05 9.56685 0.0011802 1.96375 0.249813 30.8167 1.98466 230.842 0.000198523 2.31509e-05 2.86468 16.3974 1.02102 2.79825 
4.45417e-05 1.94011e-05 0.0195481 0.0138093 5.09132e-05 160.714 0.00656912 0.270962 0.0360528 0.173892 0.178307 494.024 0.000215778 0.0557896 1.88857 3.98698 1.5184 4.12296 
3.59125 5.49748e-05 4.43285e-05 4.10168 1.14345 0.189056 0.0142959 8.06636 0.611024 2.77059 0.0480223 46.8244 3.96112e-05 0.000273929 1.16759 44.7307 1.42149 4.32554 
7.3177e-05 0.993121 1.27857e-05 0.00511475 0.000252068 1129.72 1.85607e-05 0.793277 0.366344 0.910176 0.0563056 377.896 0.173615 0.0119549 1.2324 2.52378 2.49711 9.30022 
0.475308 2.09302 1.06958e-05 0.000316027 0.00136109 0.0877388 0.496056 1.19586 0.0350235 0.0615985 0.226789 162.616 0.000564102 0.000272026 3.32866 11.4903 1.26646 2.17753 
1.36626e-05 0.188143 0.0433979 0.617838 0.28663 13.2174 0.00122845 3.79134 0.2885 339.386 8.77784 391.392 0.0344817 0.00124386 2.37906 9.40355 1.23083 9.61285 
0.000724164 0.0649725 0.439589 1.59915 0.000329696 0.163651 0.541962 3.57554 0.215465 14.2854 0.13991 345.274 5.07715 0.000189041 4.41103 7.3045 1.06033 1.85852 
1.15136e-05 1.08135 0.000307555 0.0010602 0.00824529 153.998 1.56991 0.713057 0.0611067 0.240249 0.32832 174.496 0.000371016 0.0542075 1.37451 3.33601 1.84831 6.70698 
0.00563811 0.109815 4.64661e-05 0.719393 6.28596e-05 0.0956711 0.000624554 2.17847 0.112386 184.945 4.17739 38.0028 8.39146e-05 1.58959e-05 1.03091 39.309 1.05281 3.49629 
0.52923 0.0767299 3.18441e-05 0.00376398 0.00149758 330.408 0.0279387 3.13825 0.0642264 4.48826 2.6858 121.962 0.000743518 0.00813878 3.05968 14.078 1.37094 3.7738 
8.71327 0.00500015 0.152387 2.47306 0.00544283 1.82505 0.262038 1.55662 0.00915909 0.0356524 2.24526 84.2749 9.02697e-05 0.00570473 1.38502 13.4415 1.19799 6.98475 
0.000844748 0.00364849 0.00107403 0.000165261 0.000276495 3.23595 0.41103 1.41127 0.353016 8.30024 0.455152 159.227 0.00020114 0.000374201 1.22014 33.2886 1.56321 0.400707 
0.00187005 0.00102716 3.16387e-05 1.09031e-05 0.000581492 0.0232539 0.14319 1.48834 0.036615 0.466671 0.606417 233.373 0.00105945 6.37808e-05 0.94318 24.2284 2.66232 0.748934 
0.058119 1.10057 1.45938e-05 8.46911 0.145379 0.0190247 0.00103229 5.42752 0.19986 4.82613 0.592833 63.2767 2.90165e-05 1.18433e-05 1.42765 43.8425 1.74199 3.53695 
0.000465397 0.0030623 0.0009877 0.0633298 0.0127256 0.0685055 0.0414143 1.57913 0.0168374 9.58625 3.671 69.8106 2.90252e-05 0.00458171 1.06268 20.6668 1.80494 6.67098 
0.0681041 0.135228 0.0182399 7.8361 0.0602125 1164.61 0.396597 1.70019 0.260559 0.827029 0.317195 172.759 0.193045 2.07658e-05 9.0294 43.4637 1.38468 1.02986 
2.95172e-05 1.62548 8.96843 0.0287099 2.12844e-05 0.330207 0.00538192 0.195965 0.491976 145.978 1.09137 167.138 1.00465e-05 1.02991e-05 2.59027 24.1768 0.93209 1.03948 
2.91823e-05 0.0132969 0.00184338 0.0259433 0.651412 730.266 0.0199825 6.15452 0.250191 0.506035 0.451731 46.3106 0.000114542 3.20691e-05 1.69374 27.8457 1.45041 9.06444 
1.275 1.40053e-05 0.0441924 0.00759391 0.000145815 4.81146 7.71689e-05 1.48868 0.00557403 0.0436475 9.70531 229.998 0.0511756 0.21603 2.4942 38.0065 1.80516 0.480148 
0.00505018 0.168003 0.00264744 0.127221 0.000342174 22.8509 0.00553758 2.68008 0.2306 1.76907 0.159407 371.965 0.0118293 0.0436925 1.25308 24.9149 2.41016 2.58501 
0.00718619 0.00824592 0.165952 0.0151164 2.67141 50.899 0.0376147 0.380171 0.843505 53.5883 0.652963 57.079 0.00109767 0.000435584 4.63634 24.5418 1.0922 9.0669 
0.127681 0.0114836 8.4866 1.46042 0.0213448 2.84521 7.56674 0.0820142 0.0227809 0.0728609 0.255428 154.444 0.220129 0.00113607 1.18057 12.2866 3.46956 2.14158 
1.42911e-05 3.20765 0.0157826 0.0511711 1.22988e-05 1349.6 0.0200992 9.188 0.47375 20.4179 0.848314 335.134 5.02593e-05 0.00193772 1.66401 27.2245 1.75461 4.64714 
0.0297604 0.000350505 0.00425379 0.385688 0.132967 1722.41 4.16995e-05 0.895428 0.519973 5.14122 0.0604507 286.272 0.0749274 0.0023659 1.11335 13.5794 1.83499 1.96015 
1.07719e-05 0.000226804 0.0497629 5.65877e-05 0.0362634 693.209 6.60523 4.09744 0.0676652 3.66755 5.14886 296.597 0.00351041 0.000503901 1.49307 21.5469 1.45196 0.957244 
3.99645 0.03398 0.0027129 6.02943e-05 0.00195314 3.95239 4.25317e-05 0.884861 0.150781 2.7865 4.45518 107.482 0.000693497 0.0659256 1.54166 9.18232 1.85341 3.76935 
4.52496e-05 0.622522 2.17998 1.20496e-05 0.426978 18.1362 0.0141547 0.770113 0.343773 0.545569 0.00256548 234.568 2.22978e-05 7.06177e-05 0.98104 6.96748 1.74472 8.27131 
0.238297 0.0215117 0.114168 1.89684 0.0204026 13.2141 0.238674 0.115159 0.173846 63.025 0.0677361 175.821 0.014601 5.37696e-05 0.863057 12.3043 3.52738 2.33547 
0.000616671 0.234149 0.725964 5.13122e-05 0.0045827 33.2703 0.000509254 0.402547 0.945561 305.923 0.135927 379.578 0.0369268 0.00012902 1.06172 1.94142 1.69354 8.34608 
5.70558e-05 7.24254e-05 8.59623e-05 0.00608119 0.286692 221.803 0.00012855 1.69315 0.022292 0.0710786 0.290288 271.947 0.000128574 0.0181588 0.919769 12.347 1.96823 3.42569 
1.26109 5.63251e-05 0.972074 0.482955 0.00236739 9.2147 0.00741106 0.330077 0.0238873 6.34423 7.25392 388.899 0.114697 0.00368557 1.31629 9.87103 2.36528 1.33302 
5.99295e-05 0.441289 0.000760165 0.0966001 0.0004145 12.5341 0.0558461 0.919288 0.0801289 1.09677 1.07218 106.518 0.00041916 0.000205911 1.14859 9.73052 1.18893 3.99515 
0.0392591 0.555981 9.94351e-05 0.00383793 0.315418 53.9245 0.000120297 0.306745 0.736226 65.1362 0.265174 105.903 4.07118e-05 6.25998e-05 1.43286 39.9694 2.93977 0.748738 
0.632007 1.77672e-05 9.43793e-05 0.000151798 0.154762 1893.81 0.732391 1.26777 0.0691601 0.658647 0.259751 78.3293 0.000195329 0.000165482 4.26421 35.718 1.42945 1.71321 
0.000384764 0.00147347 1.0493e-05 0.00105043 5.12172 154.327 3.65836e-05 1.92156 0.0822694 71.9907 9.95111 291.848 0.110781 0.00826753 6.20177 12.4208 1.08169 2.41338 
0.104052 1.04851 0.00721925 0.000734037 0.000213079 497.696 6.15097e-05 0.186056 0.0653858 0.242069 0.0317002 21.2668 0.0887316 1.3552e-05 2.99898 31.5962 1.17095 6.12892 
0.0141813 2.41592 7.90176e-05 0.00656042 0.0129173 413.977 0.000174545 2.62268 0.0112878 0.01206 3.10391 302.774 0.000105395 0.000231283 1.10353 26.4084 5.46831 0.880608 
0.435249 8.81798 0.424649 0.00184898 0.453857 52.4638 0.00040596 1.18317 0.0139925 4.35446 2.93873 222.008 0.0267466 1.67056e-05 0.865143 12.997 1.6566 2.26119 
0.0346381 1.99436e-05 1.08081 0.296943 0.00574036 8.11315 5.20069 0.153184 0.031139 0.0500936 0.135997 404.651 1.21984e-05 0.0372069 3.16924 7.94409 1.51186 0.723682 
0.000447343 0.00106006 0.045214 0.000660645 0.00155781 2.23504 0.000133856 0.224586 0.0749842 0.821633 0.451572 218.253 0.00113839 0.00165664 2.50426 9.43061 1.26183 1.485 
0.387599 3.6244 0.000385668 2.7585e-05 8.48209e-05 0.0398897 0.0324074 0.891622 0.233908 31.1872 0.0096431 152.933 0.00518609 0.000936967 1.61702 19.897 1.67876 1.12562 
0.000229839 0.327602 0.0348679 0.00563354 0.000378644 47.2747 0.000543928 0.312769 0.0198464 0.123436 3.55805 296.659 0.00491414 0.000826611 4.9519 42.6502 1.67573 0.148518 
5.32144 0.0106751 0.000337218 0.000368501 0.000865966 136.801 0.000182562 1.12496 0.00571011 3.63871 8.21775 362.36 3.35527e-05 0.00109701 1.2523 3.16232 1.17832 4.59551 
1.07535e-05 0.000285502 3.49231 2.89384e-05 0.000111953 185.275 3.47e-05 0.127271 0.271103 15.6107 1.20179 14.6797 1.99467e-05 0.00994707 1.93181 19.8697 1.05607 8.47523 
1.99119e-05 1.01078e-05 9.99745e-05 0.069397 7.26461 275.413 0.342435 1.75727 0.145815 9.07252 1.27 120.642 9.35803e-05 0.000173994 6.58379 39.9333 0.896109 1.58349 
0.00327667 0.0910929 0.000812501 0.137789 0.00799994 336.726 0.0483371 2.94277 0.154851 1.44266 0.208493 99.3368 0.048252 5.02827e-05 3.40512 23.9991 1.22811 1.95546 
2.30405e-05 0.0103614 0.032042 0.0119908 0.01732 10.2046 0.00125783 1.71773 0.447371 1.90266 0.0913925 499.716 0.000276618 0.00248198 8.59232 6.90669 0.927489 2.23883 
0.313133 0.174695 0.000596994 1.93467e-05 8.47143 0.244541 0.285339 0.166278 0.0655923 0.0936326 0.0360926 242.982 1.12056e-05 4.84428e-05 2.73879 12.8755 1.09324 1.02862 
0.00946023 1.73284 0.00871571 2.10661 0.722879 0.191948 0.000524808 3.14316 0.0313759 7.92074 7.02552 492.333 0.0611873 0.000440732 1.57985 3.45669 1.11472 2.35146 
0.0674402 0.0156211 0.225084 0.000156767 1.64741e-05 1.62678 0.000410591 1.20093 0.0158811 0.117877 2.16229 66.6249 1.5768e-05 2.25513e-05 1.71408 32.4163 1.60996 7.27579 
0.000598674 0.0988301 0.00712583 0.000212716 1.36865 0.0881359 1.17882e-05 1.01376 0.400611 43.1788 1.30801 214.442 0.00030753 0.00416062 1.71799 4.56808 1.8353 5.36171 
0.00464784 0.772139 0.00610833 0.00198438 8.97918e-05 1011.95 0.00244225 0.485556 0.243971 0.250026 0.0186892 317.802 0.0235719 0.000539952 5.51641 16.8872 1.15166 1.36282 
7.93156e-05 1.29397 0.00301352 0.203743 0.0282447 0.036256 0.000287125 1.2997 0.00259308 0.151786 9.52801 10.9858 1.57278e-05 0.00122389 1.20801 46.9918 1.29871 5.17929 
0.0916529 0.371151 0.000108615 0.154539 0.0012773 1.04682 0.976293 1.4411 0.574534 29.8657 1.8478 395.651 0.00139851 0.0232003 1.75906 34.3459 3.04792 0.130726 
5.51887 0.000664241 0.00190821 7.96641e-05 0.236472 1.78623 0.000472186 1.31669 0.202749 0.123458 0.00250807 22.7625 0.000497548 1.21043e-05 2.05159 21.0049 0.97882 8.36688 
1.56973 0.000513703 0.692432 0.00250089 0.0700013 1093.66 2.43114 8.97098 0.137365 9.80637 5.99344 338.903 0.0622546 0.0002559 1.0412 30.0329 1.58525 8.2099 
5.91909 0.000328995 0.205553 2.15552e-05 2.63522e-05 1338.32 0.0406229 0.258574 0.0182697 2.06995 3.80679 21.6216 0.0148804 0.00476115 0.895429 33.1464 2.91871 4.05091 
0.0150091 0.223682 0.000345978 0.000118969 0.00343188 1694.25 0.0289509 0.281992 0.0139791 2.44766 9.61002 437.185 0.00122995 0.00220522 7.36671 9.59339 1.05193 1.14004 
0.896077 4.51287e-05 0.000179076 0.311584 3.97875e-05 1047.07 0.000348949 0.576917 0.165007 11.0396 1.71999 71.7047 0.0170807 0.000138611 2.90451 35.5052 1.53183 1.5357 
0.958866 0.0154612 0.166178 9.75412 2.73013e-05 0.0671973 2.68845e-05 0.213083 0.110193 3.01361 0.186858 94.6617 1.56899e-05 0.0288254 6.85034 39.5825 1.1606 1.65283 
0.0148955 5.58259 2.35097e-05 0.0017482 0.00934083 0.0918468 0.0013732 0.156546 0.309576 1.66545 0.0204612 99.3839 1.01704 0.000720283 1.34054 11.4568 2.25557 6.23582 
1.66689e-05 1.58396 0.000999625 3.96591e-05 0.000200955 424.147 4.3598e-05 0.0344593 0.00677703 0.0835975 0.743672 75.8666 0.0496709 0.000207242 8.45422 42.0089 1.08166 2.68728 
0.00361414 0.001913 0.744395 0.41345 0.536315 1164.32 1.62481e-05 0.455326 0.688652 23.6106 0.126441 150.666 0.309962 0.00617453 0.905167 17.8314 1.92044 2.05176 
1.51996e-05 1.21725e-05 0.00955985 2.77128e-05 0.00418376 34.9863 0.000145062 0.816076 0.0320158 0.129999 0.582231 315.522 0.0577965 0.00190281 2.16912 9.0427 1.35312 9.39203 
0.0051096 4.26644e-05 0.000222102 0.0670356 0.000853653 2.91074 2.1775 6.06412 0.0894175 2.10108 3.75829 483.401 0.123049 1.29803e-05 2.16501 11.5499 1.51667 2.73787 
8.9751e-05 0.000389597 5.84206 0.000270268 2.40206e-05 6.76801 1.0203e-05 0.046546 0.154099 5.25164 0.272128 71.7442 0.00830669 2.95034e-05 0.97463 11.7028 1.439 7.16399 
6.17961e-05 6.16012 8.19607 0.000430379 1.91924e-05 0.105683 0.0147669 1.42807 0.0819552 0.662005 0.536505 88.5591 0.0230141 1.55494e-05 3.97185 25.521 1.04797 2.4359 
2.91074 7.16223 1.80836e-05 0.000111805 0.00533223 0.116523 1.12694e-05 0.0940846 0.155904 63.1471 1.26913 489.291 0.869433 0.000281278 1.28105 17.9959 2.489 0.168061 
0.086558 3.57675e-05 1.26681 6.60587e-05 0.121006 15.3615 0.000452161 0.0826309 0.0579824 2.69109 0.782237 45.3769 0.28776 4.28098e-05 2.29013 20.3395 1.58588 6.26912 
0.00075008 0.000426155 1.95307e-05 0.0403968 1.80548 1.14016 4.63752e-05 0.455462 0.165521 7.76165 0.0507542 156.094 0.0201495 0.031543 1.74191 24.2225 1.83644 0.686559 
0.00848905 0.212324 2.47311e-05 0.0022718 0.391205 0.145469 0.000795067 0.447775 0.0117584 0.0635431 1.05737 458.09 0.00014151 0.00881241 0.93417 39.92 2.85619 0.185211 
0.000541123 0.0205092 0.00102545 0.00260753 7.37957 0.185855 0.0297824 1.71996 0.444732 118.954 0.465134 72.6372 0.000245118 0.000294033 1.2785 12.0186 1.03901 4.96445 
0.110953 2.36457 0.00119139 0.000514218 0.000351914 280.384 0.0153544 0.466803 0.506376 51.522 1.41543 493.082 0.0364494 0.0282856 3.71686 1.63963 1.06798 8.56255 
0.000628978 7.69016e-05 0.000541152 0.00653981 0.000143662 2.14525 3.63721 0.443899 0.0357459 3.29562 1.45504 10.8604 0.0116075 0.00178229 1.74844 39.1966 1.55993 8.08559 
0.00121616 0.168341 0.000823662 0.0128062 0.000147724 437.124 0.000807807 0.401869 0.0763068 0.286899 0.435764 59.848 0.0996166 0.000119192 1.29345 11.9376 2.20104 5.28177 
0.00168216 0.000978824 0.112715 0.011822 0.224108 1.81045 0.0028818 0.156 0.0926189 32.6228 3.03656 193.598 9.35384e-05 0.00741481 4.43365 4.84531 1.01771 8.60642 
1.29849 1.18322 0.00202029 2.53721 0.00497217 44.0464 0.235873 5.24601 0.222918 2.29962 0.108342 214.953 0.023007 0.00171787 1.2403 8.63425 1.82706 2.98698 
3.36308e-05 0.0397869 0.000162658 0.23722 1.51693 39.2528 0.344115 1.41636 0.136004 0.215648 0.000931171 112.038 0.00632086 9.10333e-05 1.13262 44.0117 1.55355 0.989295 
0.107101 1.88717 0.00891347 0.000321401 1.6064e-05 6.2903 3.55315e-05 0.729552 0.0127077 0.115232 0.475141 474.484 3.42853e-05 0.00643557 1.5405 46.9985 1.47154 0.185742 
0.00065359 0.026309 5.57429e-05 5.32251 0.00107639 0.530054 0.00260192 0.405303 0.794946 7.6455 0.0365673 478.542 0.00205599 0.00541801 1.12237 10.9915 4.44953 0.767052 
9.85649e-05 5.81954 3.18122e-05 0.0674017 0.00412765 7.70642 0.149353 2.6982 0.0158789 0.198393 0.622583 357.15 0.0990284 3.15882e-05 2.65817 9.5686 1.19731 4.60129 
0.00135826 9.73738 0.00426895 1.95422e-05 0.00335553 0.350582 0.00735666 1.80072 0.0350845 0.968533 7.88657 174.861 0.0157354 0.00755445 1.04201 6.64526 2.58064 2.32145 
0.000331111 1.61628 0.000179916 0.939025 4.13454e-05 322.359 0.00201883 2.40126 0.073798 3.37793 1.4088 270.72 0.00562132 2.3718e-05 1.58408 11.0279 1.51825 4.50426 
0.000178221 0.872066 0.0196537 7.84868e-05 1.57268 7.06418 0.0153442 0.112106 0.00592024 0.0184245 1.81556 282.87 0.000481639 0.013497 1.09444 4.47649 2.94085 3.04671 
0.487643 0.0876572 0.000338539 6.20929 0.00575726 32.0471 9.83615e-05 2.23255 0.0463544 0.531814 1.23259 79.1655 8.67597e-05 0.00745137 1.82321 18.4983 1.41826 5.27485 
0.00189347 3.74793e-05 0.128193 0.0148373 0.471912 1444.43 3.38007 1.30513 0.0167808 0.313194 1.89977 395.542 0.00105084 8.13149e-05 3.72411 6.69188 1.04777 2.06059 
8.47629 2.53648 0.950331 9.75968 0.146604 2.84228 1.97045e-05 1.14918 0.538061 13.3008 0.0660536 22.9732 0.00858621 3.83537e-05 1.08088 40.1561 1.26185 1.55621 
0.0146775 0.000353005 0.00131607 0.0105987 0.0581919 1.51246 0.00110704 3.82414 0.00617812 0.087294 1.08481 322.942 0.000625583 0.00170305 1.54472 17.3172 1.3614 2.38792 
0.118366 0.00228618 0.000435963 0.0050423 0.00706958 0.903657 0.00042299 0.331059 0.515084 65.2837 0.046308 244.975 4.08013e-05 0.0450582 5.06483 47.879 1.35582 0.220755 
0.000132674 0.151893 0.000425749 0.00498183 0.000533475 0.196098 0.677582 0.135137 0.0247874 0.0640592 0.183089 436.292 1.02575e-05 0.00353875 4.55275 42.0463 1.41695 0.132277 
1.93943e-05 0.000734536 0.00658077 1.35474 1.90398e-05 0.155964 0.00928404 1.91316 0.564182 72.7948 0.583643 300.417 0.0695763 5.98844e-05 1.41269 8.39819 1.69011 1.32072 
0.0233992 0.210951 0.0068813 0.000139935 0.204749 702.441 0.0355085 0.425358 0.496108 6.08473 0.0157933 217.467 5.90369e-05 0.000250252 1.37965 23.9948 2.45277 1.03909 
0.0148294 4.63154e-05 0.000132123 4.07298 0.00017408 0.0235257 0.0341821 3.6452 0.0510153 0.0957652 0.538864 18.1659 5.34609e-05 1.49319e-05 1.15632 33.9077 1.87411 5.73269 
0.216629 4.36793e-05 1.52106 0.0769043 2.45005e-05 0.0407402 1.26692e-05 0.335241 0.0163488 0.861264 1.3601 55.0494 6.98167e-05 0.00451743 0.883962 45.0508 3.00893 2.01937 
0.00844789 0.00296795 0.903029 6.18646 1.53735e-05 1.32422 7.32134e-05 0.823113 0.0268148 0.118246 6.51036 78.1201 0.00262973 0.00111593 2.84543 9.81645 1.05351 9.28755 
0.000248654 0.121136 0.000829702 4.33992 0.000146289 25.6127 0.0016571 0.703191 0.212115 3.75315 0.0990145 229.873 0.000766755 0.000591815 7.71521 6.25809 0.906863 7.86767 
0.181382 0.0244361 0.00445226 0.113128 0.0439569 1846.95 0.249794 0.120727 0.016589 1.97468 6.90994 139.919 3.21187e-05 0.0215927 9.24282 17.7661 0.931997 4.72553 
0.0287129 0.00476712 0.00421015 0.00109442 0.00105225 1140.8 0.000385027 0.603872 0.0261878 0.0613136 1.8425 163.408 4.55439e-05 0.00373152 2.9579 37.037 1.40187 0.782419 
0.000296186 1.46802 5.08439e-05 1.07677 0.00034971 4.47223 0.000861579 0.109968 0.065465 12.9114 6.73554 180.007 0.188867 0.000358177 1.384 13.7298 1.7509 0.854924 
0.00224794 0.404313 3.73864e-05 0.0548874 7.18258 6.20012 0.00117451 1.93639 0.00624045 0.056549 2.01076 222.813 0.0026577 0.220067 9.42346 11.2254 1.02811 5.51735 
0.00601411 0.00494783 0.457782 5.02008 0.0249701 3.01311 0.0134909 0.297757 0.0123534 0.24167 2.58778 57.9841 0.0255401 0.016565 6.7317 36.5302 1.32414 3.3595 
4.23048e-05 3.09842e-05 4.32695 2.87242 0.00807735 20.423 0.147967 0.0270704 0.0500937 1.77012 1.52569 310.988 0.000958307 0.0036055 9.91209 26.8618 1.28968 0.717106 
2.48472e-05 1.3707e-05 0.0349629 0.0180971 8.13561e-05 38.1685 1.10388e-05 0.0682728 0.0237132 0.85468 0.958885 42.1625 1.27314e-05 9.7029e-05 1.57707 20.7273 1.4936 3.89346 
0.00220211 0.0244825 0.223635 1.55012e-05 0.00195794 96.8127 0.0819377 0.0614834 0.022313 0.234835 0.281073 414.228 0.0620896 0.000706392 0.91288 5.12623 4.75147 3.6529 
2.37131 0.0227948 2.37691e-05 3.20881e-05 0.0815871 31.5891 0.000114796 0.214665 0.264827 5.66394 0.43308 41.629 0.00171656 0.000211069 3.48757 34.2572 1.35863 2.50401 
3.73618e-05 0.00384487 0.155725 0.0376783 0.0627621 1504.45 0.125775 0.273237 0.0865397 3.71807 1.32424 111.799 0.00014678 1.18999e-05 1.2997 9.08885 2.79901 4.43043 
0.00228549 0.000275192 0.513194 0.00434245 9.00782 259.947 1.00293 1.32248 0.109371 7.31833 1.12602 209.732 3.22678e-05 0.000871271 1.10809 47.2798 1.74678 0.856314 
0.735913 0.00194067 0.000730832 0.000340099 0.0154409 8.74372 6.20965 2.48266 0.00552039 0.0543755 1.78382 228.953 0.000246367 0.00121633 2.15755 34.9641 1.00379 0.971825 
0.207942 5.87722 0.0681676 3.20209 0.00550316 0.71751 1.00904e-05 0.320705 0.0307451 0.163981 0.327457 58.8522 0.00928308 0.00023451 9.38718 29.3695 1.02892 8.82139 
1.52876 0.00335358 0.0393799 0.289339 0.164137 16.9815 0.025663 9.33118 0.00854174 0.112072 1.00003 482.445 0.000556243 0.00398479 2.99807 32.9781 0.961992 1.06482 
0.188381 0.0725073 0.136802 3.7678e-05 5.48369e-05 49.537 2.15705e-05 0.314842 0.934996 11.3572 0.173217 106.511 0.00310773 1.38825e-05 1.5237 20.4826 2.15968 1.09091 
0.24238 0.000923266 0.0144958 0.163404 0.00615401 1800.05 0.00193347 0.792224 0.394857 3.41969 0.0439476 377.043 1.93563 0.000340133 2.02715 6.40833 1.19721 2.05062 
2.81714e-05 0.000619683 0.364857 0.00183375 0.000677212 25.0602 0.000112515 1.06444 0.0231228 0.0109778 0.68594 493.355 1.05754e-05 0.234843 3.09838 12.4032 1.59535 1.48071 
5.96915e-05 2.84483 0.000340977 0.00011124 7.40604 25.2231 0.0105076 1.60161 0.0930843 2.97584 1.51808 245.857 0.174326 6.67422e-05 2.64989 21.6689 1.32187 0.870374 
1.81812 1.23726 0.032338 2.25578 0.0137672 0.152167 0.0237302 0.555749 0.00595453 0.0838102 8.27298 220.745 0.0482312 0.093279 1.18329 6.23502 2.80657 4.31294 
0.00733853 0.870886 4.92939e-05 0.136367 7.55594 0.619827 0.000106414 1.60584 0.0101199 0.0967232 0.776955 18.3341 0.0179257 0.00529303 0.855701 35.8815 1.62065 5.11786 
0.713952 0.000233327 0.304719 0.00930745 4.01174 0.728801 0.0724106 2.60457 0.0356045 21.9002 1.09206 70.4637 0.040398 0.00906457 0.729145 24.5055 1.50729 6.13196 
0.00607559 0.00737786 9.58841 0.0014609 0.0965978 0.0100986 0.020696 0.0812408 0.00786305 0.0272693 0.664974 38.6718 0.000622632 0.0135484 4.5861 39.0567 1.00082 3.73482 
0.000573073 0.00181576 0.00852839 2.45833 2.24893 3.79447 1.18193e-05 0.577035 0.257405 0.258891 0.0145025 69.5088 0.000286489 0.00174093 1.05507 28.1123 3.54042 3.22072 
2.66856e-05 8.98467 0.317787 0.000352127 0.00153303 44.6893 0.000267509 0.988645 0.0289617 0.0838486 0.482423 123.81 3.7013e-05 0.000159923 2.51978 15.7283 1.01215 1.91566 
0.000321278 0.47582 5.65902 3.21685 0.786823 0.862847 0.00137034 2.046 0.0857488 2.25958 0.895991 132.796 0.023934 4.02376e-05 1.67047 28.335 1.61482 1.33577 
1.30151 1.61781e-05 0.0121985 0.000301155 0.0316373 752.691 0.000160597 2.46335 0.389436 3.57502 0.287627 112.341 4.59122e-05 0.00284763 1.38756 14.0967 1.51879 2.27545 
2.03098 0.00190696 0.000188806 0.000255608 0.00110255 1.74903 1.08519 0.697232 0.0632138 2.82881 1.1564 253.325 0.00804664 0.000542075 1.31962 2.91723 1.86572 8.5274 
3.58649 2.59962e-05 0.0389309 0.0761973 0.000433494 0.159853 0.101918 0.392795 0.429193 8.48928 0.117668 59.3691 0.00561215 5.14275e-05 1.36601 12.696 1.60779 4.90043 
3.90502e-05 2.00576e-05 0.0984479 0.00244758 3.12268e-05 65.6969 0.0108573 0.925464 0.0565183 2.51494 3.00849 144.292 0.0080974 8.04503e-05 2.24116 29.3197 1.80665 1.74963 
3.76366 0.0657432 0.293171 0.00114687 1.09059e-05 286.372 0.000193992 0.486607 0.0449404 1.89766 1.78197 152.908 0.00579321 8.63138e-05 1.29371 17.5121 1.68269 2.88161 
0.0014338 0.0177396 0.000208315 0.000103731 2.2548 0.0806199 0.00755084 6.90421 0.373859 1.26807 0.100873 493.056 0.159473 0.00304862 2.31562 3.33135 1.66034 6.61247 
0.00226996 6.48434 0.000141132 2.95311 0.149579 21.0876 0.0035501 0.59893 0.164208 4.11371 0.0611613 15.6125 0.00561409 4.5815e-05 0.77482 36.0996 1.6829 8.7192 
1.93284e-05 0.00722241 4.31968 2.55957e-05 0.000542063 43.8134 0.00130368 0.884039 0.579927 164.724 3.34544 282.152 0.00529981 0.0460301 1.31487 8.21033 1.71133 1.50711 
6.81897 5.52863 1.06552e-05 0.00323842 1.45678e-05 363.995 0.654886 0.165707 0.0955473 29.2418 0.479287 81.4094 0.00153501 0.000914964 4.67772 20.3588 1.16488 3.88036 
0.0783636 3.94345 0.0110863 0.00204324 5.47623e-05 0.186023 9.98364e-05 3.20877 0.075572 0.132792 0.0328913 388.332 0.0641962 0.000778748 1.4116 42.8856 1.49408 1.02234 
0.0690998 2.33856 0.000184783 5.56662 1.41234e-05 64.6782 0.000281264 1.07857 0.00941841 0.0548849 2.92977 74.9748 4.59043e-05 0.000573881 1.2477 30.4905 1.2036 1.18225 
4.73009 0.112984 0.000639133 7.43631e-05 0.00073261 5.29522 2.28347e-05 0.86112 0.0152611 0.060405 0.502148 325.166 0.000193641 0.00922693 1.70904 18.6332 1.11622 1.40938 
0.502588 0.966521 0.165073 3.79524 2.61852 6.81127 0.000127141 1.21636 0.103165 5.79032 1.50074 420.697 5.98443e-05 0.0270206 2.2092 3.04647 0.938452 7.15822 
0.260913 0.104433 0.00105433 0.0317505 1.46679e-05 169.706 4.59929 0.227985 0.0170949 0.356167 1.11255 12.9236 1.98801e-05 9.78871e-05 2.24049 41.7278 1.26818 2.88848 
0.000177835 5.85606e-05 7.52417e-05 1.64455e-05 0.223934 0.010897 0.00544202 0.231228 0.0653962 0.314663 0.360646 116.885 1.22435e-05 0.000180782 7.88287 36.1378 1.12519 1.38043 
3.52333e-05 0.0449693 1.7222e-05 1.65139 0.477012 185.452 4.10746e-05 2.28569 0.0116413 0.330261 0.581333 324.213 0.0365635 0.00880318 2.21359 33.4119 1.52053 0.261518 
3.10947 0.258295 3.96036 0.0499519 0.407772 51.9281 3.34859 0.031262 0.0163475 0.843994 6.53128 54.3458 0.0297963 0.0160664 4.26074 24.3819 1.05951 3.35201 
0.264623 0.0165442 0.0225519 0.000138395 2.87646e-05 457.502 3.88246 1.15757 0.324905 14.7426 0.182758 235.849 0.0242267 0.000283135 2.07415 25.967 1.4712 0.440651 
0.212213 0.00844205 0.0761843 0.0887122 0.000883128 6.0364 0.718028 0.181927 0.182079 0.703721 0.0199626 145.829 0.0083405 1.54078e-05 1.44266 6.56838 1.57419 4.70804 
0.00521422 0.00237625 0.00379656 0.00359057 0.00176263 737.459 2.37006e-05 1.22652 0.303992 24.8666 0.054162 479.256 7.50747 0.000523567 0.954575 18.3456 3.13847 0.284987 
0.000380874 4.54015 5.36889e-05 0.0036274 0.115574 1564.58 3.9854e-05 1.29669 0.082641 0.272795 2.01138 496.812 0.0703696 2.12273e-05 4.34561 34.8267 1.71466 0.160097 
0.99933 0.00557891 0.280484 0.000103143 0.491709 192.084 0.00279097 3.49443 0.0832721 8.26004 0.759957 377.99 0.00458256 0.00720462 1.46368 25.8993 1.05583 3.02308 
0.00297758 0.174947 0.0866824 0.394595 0.00872795 0.608566 0.014228 0.460368 0.0825314 192.287 2.50877 19.6953 9.61688e-05 3.27566e-05 0.924717 49.0998 1.73477 4.07108 
0.0058159 3.66401e-05 3.93581e-05 0.201154 0.000192007 51.5283 0.000350936 0.124257 0.245702 32.5319 0.264274 102.132 3.80495e-05 0.00170938 1.33818 14.5602 0.948693 3.18106 
3.85495 1.02627 5.61772e-05 0.000107091 0.000287758 6.4311 0.0439058 3.02373 0.24715 0.243939 0.0494789 318.24 6.73461e-05 5.86059e-05 1.78128 16.8335 1.41358 2.29505 
0.000581491 6.04456e-05 0.0957654 0.00521793 0.169224 0.267615 3.10683e-05 4.49018 0.0190866 0.197385 8.46848 280.438 0.0121327 0.00815426 8.94723 38.0087 1.11332 0.537929 
4.46591e-05 0.00103234 0.0547101 0.283512 1.32406e-05 7.304 9.57292e-05 2.11254 0.0392904 0.442354 1.09371 210.357 5.60125e-05 2.45286e-05 1.95908 13.6945 1.32468 4.27819 
0.104203 2.80301 1.42765e-05 0.0651994 0.0126858 0.174497 0.0085829 0.225382 0.128928 0.143288 0.000864703 124.978 0.98555 0.00100145 3.35633 20.0168 1.30462 1.66334 
0.00298006 0.014349 1.51776e-05 3.00171e-05 0.171515 1920.61 0.267668 4.2467 0.157353 0.324069 0.217044 277.347 2.19274e-05 3.83078e-05 2.92352 17.6576 1.53373 0.871152 
0.790384 0.0574759 0.000335615 0.181565 2.81372e-05 4.6778 0.000456491 2.74053 0.188968 0.100443 0.00542663 292.244 0.0187864 0.000717397 1.25987 30.6676 2.15413 0.339835 
0.000142895 0.0235372 0.143698 6.22191e-05 1.49738 149.224 3.21014e-05 1.81383 0.794448 14.8338 0.189589 473.31 0.102626 0.00426702 1.45925 4.22548 1.52527 4.45356 
0.665772 0.000102757 0.094728 0.0192378 0.263841 593.388 0.142876 0.770971 0.425856 116.518 0.484203 23.2766 0.000231701 1.63333e-05 1.13532 33.7043 1.09916 3.74621 
0.00424335 1.0529e-05 0.03366 0.00014398 0.0165523 185.074 0.177162 0.397936 0.00400598 0.0176052 1.97418 312.337 0.00106197 0.0180489 4.1809 23.9173 1.34885 0.510546 
0.19405 0.0700728 0.00688343 0.602336 2.39627 20.1503 0.000226553 0.991168 0.00754986 0.0858259 0.200067 249.023 0.000162404 0.00121308 1.05118 17.6115 1.24156 2.50695 
0.0292108 0.0195186 0.0258144 0.00429249 1.38064e-05 48.716 2.31118 7.4392 0.585277 101.203 1.74397 488.289 2.52203e-05 1.18572e-05 1.66033 19.2973 2.09076 0.726998 
1.8389e-05 0.00580716 0.000514911 0.0826045 0.000368874 19.0726 0.0237355 0.695851 0.0287652 36.5311 6.31597 336.469 0.612884 0.00727626 2.58185 9.84251 1.15994 5.84721 
0.00447169 1.25074e-05 0.00205069 0.0119582 0.0023572 373.207 0.000361444 0.478779 0.0608721 0.222089 0.212872 410.912 0.00508636 0.00213646 1.7853 17.5258 1.30277 1.11537 
0.0770447 9.47078 4.32658e-05 0.00227497 0.000452279 7.93108 0.00732945 2.40722 0.0225488 0.0968286 0.411104 63.2806 0.000208589 0.00113235 0.876159 40.4807 1.36884 4.6255 
8.66215 0.199388 0.000116471 0.978422 0.820206 363.098 0.00162532 0.809743 0.00178774 0.175954 4.04032 156.737 0.00146492 0.000852279 0.982045 18.6769 2.11165 1.20348 
0.0063395 0.00191243 1.41038 0.000789411 1.16675 1.13875 0.0358209 0.376618 0.116441 0.0110679 0.00414379 48.1336 0.000715365 0.0014821 2.18316 16.6677 1.21954 6.05873 
0.423819 0.000188356 0.00801617 0.0270921 1.02031e-05 77.1646 0.00528268 2.05468 0.521188 0.499862 0.0101036 212.324 0.0147018 0.0237753 2.16444 4.98683 1.22096 2.68613 
0.540809 3.97098e-05 0.0912167 0.0721501 6.31756 0.777273 0.56346 6.24128 0.0178971 2.18644 0.775026 327.161 2.50135e-05 0.000636493 1.02472 11.8306 1.81832 3.4967 
0.000911112 1.30811e-05 1.13689e-05 0.77052 0.0296009 27.1754 0.00100017 0.614636 0.0629532 5.47304 1.01563 29.5795 0.0417094 0.000162354 0.95079 28.701 1.57355 4.41684 
0.00557881 0.000104065 0.0997056 0.00959474 0.000112982 0.010863 0.159999 0.397145 0.668842 139.267 1.45325 244.331 1.25992 0.000286158 1.67927 9.49684 1.87299 1.18564 
0.0480116 0.000389653 0.0386305 0.833016 0.143977 168.301 0.0790759 3.20964 0.404751 0.950395 0.0162293 390.364 0.0228062 0.00696583 2.59349 18.9134 1.35213 0.977712 
0.676156 6.27641 0.00026434 0.501585 0.000147814 5.05008 0.0013182 0.0865644 0.0998673 0.449494 0.0190049 173.666 7.73393e-05 1.11079e-05 1.63655 6.2632 1.72874 2.88606 
0.000210003 0.0241165 1.2036 0.213652 0.00705604 747.563 3.78126 7.95042 0.522046 95.1927 0.742472 234.197 7.44332e-05 1.01718e-05 0.961924 18.5458 1.54816 5.34609 
4.15731e-05 0.00493082 0.00384152 6.50974e-05 0.144681 0.0245073 2.74006e-05 5.93898 0.982238 43.5404 0.166426 168.856 0.0173373 4.08363e-05 1.15418 13.9702 2.09502 3.08953 
0.000610356 0.000949663 0.0610495 1.86286e-05 8.93892 490.704 0.0471826 1.51291 0.0344169 13.941 1.00223 83.9999 0.0221787 0.00169992 3.46209 15.6845 0.964891 3.18408 
3.14279 0.0029304 0.825318 0.00127497 0.965463 0.735601 0.83655 0.236174 0.212879 2.50676 0.243547 255.596 0.00517267 5.57216e-05 3.519 8.89473 1.0816 2.11452 
0.00327046 2.4488e-05 0.00257503 0.00483 0.000227249 7.28127 0.00113765 1.65567 0.121156 2.43146 0.0477183 335.79 1.58445 0.0510422 2.94198 18.5387 1.31603 1.71921 
0.000563099 0.399055 0.106796 1.66748 0.00354643 551.432 0.000299256 1.29573 0.0336317 0.280545 0.595511 420.322 0.058659 0.0113247 1.8836 5.82469 1.41094 6.60147 
1.07741e-05 3.27746 0.00479014 0.000376264 0.00306188 33.7114 2.46963e-05 0.941039 0.810991 126.43 1.4354 274.127 6.13043e-05 0.0022971 1.50023 27.9891 1.89954 0.281288 
0.000668435 1.48752e-05 0.00450803 0.000257968 0.0742891 718.279 1.52928e-05 0.0479435 0.0793086 241.12 0.818439 43.013 0.033217 0.0184048 3.88829 19.1982 1.11657 5.08172 
0.00110187 1.17812 2.91987 4.64679e-05 5.0051e-05 0.145662 0.262433 0.771704 0.107953 0.189845 0.0262749 12.8342 0.00321764 6.19338e-05 1.42186 43.0607 1.26412 4.69429 
3.16501e-05 2.22047e-05 3.40827 0.316347 0.365801 1301.61 0.0921933 0.0405777 0.0254594 0.0169466 0.118522 102.904 0.000304974 5.26932e-05 4.72645 30.0225 1.31665 0.829389 
4.80412e-05 0.349376 0.0256192 0.000727532 0.0029909 5.17945 0.00397524 0.404928 0.522213 1.44033 0.019969 298.047 0.0112802 0.0249667 2.56418 44.5723 1.62873 0.338505 
0.00856638 0.000100361 4.14954e-05 0.000184517 0.00010102 0.265392 0.000121495 0.63216 0.853534 0.590698 0.00758553 71.9321 0.00232141 2.0535e-05 0.941427 9.55844 1.46431 9.67056 
0.00183015 0.000783278 0.0404581 0.0430751 0.00371057 45.199 0.0100863 0.312073 0.00641035 2.48204 9.21018 329.438 0.00121793 0.0106336 5.85333 35.5232 1.2834 0.432987 
5.56416 0.0119811 0.000632393 1.9645 0.00317553 1850.84 1.54491e-05 0.613858 0.642946 31.6159 0.550374 206.22 0.000147074 1.02961e-05 4.30285 14.0845 1.19378 1.133 
0.00172723 2.52786 1.52182 1.77234e-05 0.00429926 2538.9 0.00050937 0.560955 0.84017 3.37119 0.0596618 149.293 0.0604635 1.60028e-05 1.64913 6.55496 1.42187 5.42874 
0.216859 0.00011271 0.676424 7.81835e-05 0.0357709 0.0343348 0.00046249 0.592939 0.477053 2.75934 0.0576712 78.0374 0.000527739 2.83276e-05 1.29804 8.39754 1.96318 2.80431 
0.00126822 0.595589 0.0484138 0.0236075 1.49959e-05 2552.16 0.617052 0.422578 0.312884 14.6932 0.257778 103.267 0.234396 2.66867e-05 1.24735 32.8674 1.14838 2.536 
7.58793e-05 6.61492e-05 0.000308705 6.71515 0.0102592 0.499921 0.000203463 1.01777 0.205063 146.927 6.83947 58.605 0.425965 0.000456659 5.25468 18.957 1.10667 5.51745 
0.0019881 0.0488794 0.00429155 0.000923345 0.000652606 1.65452 0.067201 0.349253 0.0924446 5.61465 0.281764 273.177 6.04314e-05 0.0126991 1.24902 3.82825 1.6093 2.18574 
6.68788 0.00784158 1.5649e-05 0.0335362 2.3179e-05 4.45146 1.33277e-05 0.52787 0.593791 57.9328 0.115927 46.3267 0.0693953 8.93271e-05 0.974294 24.9099 1.72895 4.44947 
0.0973757 0.033523 9.97198e-05 0.103265 0.00086599 0.260158 0.0615885 1.90103 0.0123902 0.0536854 0.0534814 450.359 0.00046915 0.000160073 1.69525 28.5622 1.45769 0.655076 
0.000344358 2.92461e-05 0.00395107 1.13169 0.0161452 777.112 1.93057 1.27168 0.00748233 0.0152359 1.15457 365.124 3.35485e-05 0.000399735 3.50152 13.4033 1.27574 0.525573 
0.000407505 3.46589 0.00135789 0.00348729 0.000625874 110.531 0.12783 1.40906 0.0199088 1.30212 7.06072 28.2921 0.00547696 2.81731e-05 1.51481 26.9157 1.38299 2.39855 
0.000973887 3.61856 0.553458 0.0220764 0.75202 260.663 0.030543 6.41737 0.608335 91.6981 0.294837 242.398 0.00662376 0.000142241 1.11333 45.1748 1.54702 0.648017 
7.80504 6.93601 0.224611 4.39504e-05 3.34559 106.057 0.0200768 0.452769 0.249707 2.32964 0.0844165 113.781 1.39194e-05 2.09658e-05 2.88632 22.4956 1.53953 0.878407 
0.00358585 0.174369 0.394914 0.000469026 0.00130082 28.8836 7.77499 1.35394 0.0686821 21.0923 3.59528 261.819 0.0176505 8.4165e-05 1.20797 35.4724 1.83976 0.577703 
0.00472238 0.959644 2.51858 0.0852686 0.0566037 2937.73 5.41856e-05 0.101999 0.371875 0.95905 0.0121971 51.1129 0.0130437 0.000162382 1.21312 25.154 1.31632 3.03287 
0.000378226 3.55073 8.77721 0.00160875 2.6795 0.0193077 0.426984 2.40534 0.0325109 0.0112741 0.0205094 34.8983 0.00195855 0.000872827 1.50798 44.3677 1.53875 1.44854 
0.00117833 0.205899 0.0113367 0.000207732 0.000111401 2163.1 0.000546712 0.733553 0.0617608 0.120402 0.78494 315.192 0.0224923 0.000276266 2.06214 43.1658 1.89504 0.246426 
6.53797e-05 0.00890901 9.2099e-05 8.23097e-05 0.101652 0.0437412 1.19455e-05 2.92849 0.222005 2.44624 0.157134 260.9 0.0325219 0.000872386 2.22053 47.1872 1.7945 0.439819 
1.01983e-05 0.00735088 5.69402e-05 0.000854458 0.135486 1207.64 0.0108548 0.406676 0.0745132 0.0525683 0.0168392 184.753 0.000562004 0.0155636 1.12045 6.97411 2.3888 3.36849 
5.04616 6.66582e-05 0.0234593 0.000558115 0.224809 464.672 0.0260858 0.837245 0.0516537 3.25316 0.0483465 179.172 4.0189e-05 0.00014435 1.29458 31.8122 1.47966 0.96076 
0.0374349 0.00111682 0.00038264 0.0016472 0.0998006 0.124404 0.059329 6.84645 0.00928496 0.156737 2.17289 279.423 0.106263 0.000228679 1.61322 11.6677 1.95409 2.19277 
0.000275247 9.62519 0.00164975 0.434437 0.00614929 0.0327504 0.00594809 0.539301 0.00590011 0.214193 0.616527 63.8627 0.000399637 2.87088e-05 1.98248 11.5999 1.65191 5.48279 
0.000790134 0.00375098 2.27402 0.00185771 0.087838 4.17207 0.0273371 0.497695 0.0423 4.93219 0.408274 290.095 1.78805e-05 0.00766021 1.98269 24.6019 1.46541 1.08636 
0.000152662 0.0596698 0.000101273 2.19943e-05 0.0171994 3.71093 0.00154071 1.33068 0.694114 242.014 5.95378 93.0815 0.00294126 0.00439116 2.17996 9.32349 1.08486 3.99409 
0.18955 1.7148 6.96171e-05 0.00138694 5.86629 0.0369738 8.77387e-05 0.218719 0.00896167 0.0919641 6.48936 99.9984 0.000261845 0.000306909 2.03527 7.74392 1.17413 8.26827 
2.46773 8.60541e-05 0.0114524 3.62602e-05 0.00280273 0.0241385 0.0545524 0.376258 0.271655 15.7299 0.337475 31.9499 0.000265659 2.28219e-05 1.39845 36.9045 1.84183 2.41257 
0.00820719 1.21116e-05 0.474355 3.35715e-05 0.00394807 2796.48 0.335088 0.163071 0.286773 21.0804 0.262606 396.944 0.00365037 0.00751912 1.3674 2.22838 1.75953 7.63081 
0.84714 0.00117087 0.189269 0.000158833 4.77299 2.4814 0.00882672 1.14287 0.392126 57.3807 0.375778 48.5082 1.54469e-05 2.87762e-05 1.86817 17.9713 1.22819 6.19962 
0.00414183 0.00675684 0.0153912 0.534167 0.0465009 979.647 0.000482339 0.265477 0.0133331 0.0102146 0.00821788 445.919 3.2607e-05 0.000691532 9.68501 23.0141 1.16229 0.611949 
2.28861e-05 0.635287 0.00475213 5.04771e-05 6.32923e-05 2.81091 0.000868424 3.45417 0.108336 0.0849671 0.0469253 401.392 3.85337e-05 0.0109036 2.1026 24.3354 1.14213 2.11357 
0.189978 2.07466e-05 1.57655 0.0277325 4.03504 0.271191 0.000991099 2.17431 0.244238 3.36809 0.0412069 353.969 0.0108921 0.000283621 1.3056 9.48324 1.74033 1.70004 
0.0970054 0.0273592 0.017764 0.000344712 0.000632085 0.0708448 1.47491 3.24962 0.0215978 0.402022 0.0648588 318.36 0.00142399 0.00012397 3.03559 16.1083 1.17808 0.879266 
0.00865527 3.68783 0.148981 2.0362e-05 0.000465558 0.0421081 0.00166428 4.79738 0.0938228 67.5635 5.44483 331.689 0.00597208 0.0124697 1.82861 35.804 1.68114 0.858274 
2.73215 7.64469 0.000558975 1.89514e-05 1.56842e-05 0.0751329 0.0353205 7.04763 0.131157 13.2888 0.107783 52.5988 0.000837071 4.17246e-05 1.45321 36.9598 1.05681 1.58428 
0.00081241 0.000497315 0.72165 0.662046 0.0186239 78.9979 0.0427365 0.0460158 0.0136662 3.14429 8.00588 69.9688 1.91264e-05 0.00137291 1.45579 22.5717 1.3455 1.65962 
0.0017009 0.711045 0.442883 3.67762e-05 8.56911 0.131207 6.89118e-05 9.50231 0.922566 123.191 1.33718 228.182 1.18609 0.0363842 1.87901 20.8586 1.542 0.548965 
2.87211e-05 1.80754 1.03767e-05 0.0198902 0.363267 0.205327 1.92338e-05 2.30418 0.121069 2.23948 0.0796441 83.6359 1.26817e-05 3.47178e-05 1.30804 12.3016 1.53483 5.9222 
1.06513 0.450344 5.06123 0.176816 0.946324 13.5301 0.00370744 0.0357701 0.218035 107.422 1.28867 204.137 0.000828521 2.73021e-05 1.45954 19.442 2.12371 0.540306 
1.30919e-05 0.0178205 7.7293 0.00825218 0.000264926 0.853172 0.329504 0.222111 0.159809 0.514216 0.113082 88.1575 2.3647e-05 0.00936663 3.43118 46.5021 1.3259 0.433521 
7.62837 0.131167 0.00049408 0.000425038 0.0338114 2027.67 0.000264797 0.24546 0.0388707 34.8739 5.10839 418.127 0.0148313 0.00253335 1.29638 6.05256 2.02004 1.11249 
0.0162062 0.589195 0.596823 0.00036315 0.000979513 0.976825 0.000178188 0.196993 0.348674 3.41059 0.0234706 183.05 0.00192645 0.00022691 1.94109 26.9774 1.22616 0.572062 
2.66902e-05 0.00486845 1.65471e-05 0.627178 0.000262888 265.977 0.00355091 3.09915 0.00611973 0.858462 8.32923 208.601 0.000180597 2.67835e-05 2.23447 38.9023 1.26198 0.367252 
3.35006e-05 9.94028 0.0124263 2.21259e-05 0.000876437 2165.68 0.327249 0.456102 0.0190871 0.178469 0.264109 426.431 0.0165265 0.000886918 1.80538 2.19768 1.16707 3.43496 
9.17594 0.00253078 3.24147e-05 0.303291 0.00252125 0.0414424 1.77863e-05 2.60477 0.206562 2.08801 0.368194 85.7716 8.49997e-05 0.000425927 1.71601 9.13186 1.47574 6.32016 
1.49732 1.03554 3.06868e-05 0.000313291 0.706389 596.903 0.000490226 2.03815 0.0987723 3.56296 0.531516 320.839 0.000739748 0.000838227 2.82273 46.1286 1.29817 0.189115 
