0.000619313 0.0216697 0.0396238 0.0310025 3.06958 105.854 4.61141e-05 0.300588 0.044937 6.71497 0.401904 249.569 9.66999e-05 0.121082 4.35682 14.8336 0.974345 0.973514 
0.0722137 0.781994 0.00187294 0.00132212 0.0594466 0.195198 0.143725 0.0134853 0.00285767 7.37216 0.0109735 5.9511 0.00331598 0.443185 2.21919 39.4219 2.31059 1.22108 
0.387888 2.44317 0.0758586 0.0521621 0.0153533 215.369 0.0768072 0.00256168 0.0198832 0.0419237 0.00047554 0.0339601 0.0713963 0.544308 8.2502 45.7464 2.63219 7.65007 
0.180725 0.131666 0.676346 0.0626595 0.625051 845.126 0.000172229 0.000131686 0.00389175 0.0105865 0.681646 0.172576 0.000318385 0.528732 1.01187 21.0087 2.70715 3.99467 
1.08051 0.000493763 0.503215 0.43054 0.581515 0.0512801 1.16655 6.06988e-05 3.10219e-05 30.9595 3.17186e-05 3.97724 0.00746583 0.145119 0.669041 44.038 1.62265 3.86453 
0.000816638 0.0431853 0.000803481 5.52136e-05 0.0814209 0.0580499 0.0462604 1.31189 0.00142881 1.54244 0.500772 7.37827 0.0789542 0.78488 9.47944 41.1523 1.36128 2.50426 
0.00130423 9.49016 0.0551506 0.00389015 0.00371011 0.808955 0.0242993 2.83428 0.0213605 8.41651 0.169017 178.082 0.000359265 0.0245371 1.81368 24.8473 2.09507 3.70039 
2.6343 0.00181598 0.321692 0.142586 0.108392 45.8736 1.07347 0.0141852 0.0558294 3.56251 0.17583 31.536 0.000186053 0.00198783 4.7018 35.3132 1.23282 1.559 
0.91488 0.927329 1.81261 7.82552e-05 0.00921579 213.105 3.39661e-05 0.0478901 0.0448046 0.0553185 0.147511 20.757 7.26074e-05 0.515791 4.76132 16.0732 2.61426 4.93925 
0.00723366 0.000379635 0.770846 0.0200566 0.0978746 13.8568 0.0759606 5.38613 0.702041 23.8203 0.596034 265.288 1.63641 0.000511636 4.05067 7.7056 1.64059 1.70906 
0.0726038 1.09503 7.90064e-05 0.0722049 0.0348895 45.2193 0.00085563 0.00244476 1.75743e-05 89.036 7.59459 277.957 2.25084 0.000281952 1.69521 35.7167 1.07524 2.80358 
0.00273609 0.00767878 0.0635074 0.000117496 0.0140842 0.750896 0.360613 0.042867 0.787099 149.186 0.646623 33.458 0.00235687 0.90802 9.62785 26.419 2.78042 6.26221 
0.00770648 0.0127817 0.0002092 4.11258e-05 0.395801 0.0828232 0.00110687 1.47354e-05 0.0427514 0.436729 0.112525 8.75931 0.000612466 0.0246596 3.64403 41.1357 4.11341 9.70649 
3.26988e-05 7.25966 0.00389386 0.00931415 0.0465293 0.256592 0.000726698 9.00418 0.000459316 25.0862 0.134093 0.0195668 0.000334994 0.980596 6.60491 45.739 2.25548 2.12117 
2.47754 8.35717e-05 0.49733 0.349894 0.182222 0.198197 0.000771279 1.3845e-05 0.00347817 0.743401 0.349896 0.0866903 0.00802443 0.104464 1.85873 34.372 0.668702 4.93512 
0.00039002 4.05525e-05 0.00474688 0.000476523 0.00698499 0.0242961 0.000111304 5.272 0.000636257 0.0567032 0.00209166 0.0152895 0.00329319 0.330831 2.54357 13.2528 0.88062 8.86442 
0.00302432 2.13831 8.48667 0.0328819 0.00418605 87.6881 0.0550647 0.613462 0.776803 4.80008 4.11013e-05 181.81 0.239242 0.0540753 0.161617 41.9895 2.06382 9.15255 
2.07074e-05 1.46984 0.381781 0.00155165 1.65969e-05 1.78032 0.0556312 3.29773 0.718395 375.048 9.46009 0.558793 0.00383443 0.107728 2.20514 46.1321 0.56587 9.41266 
0.0255228 0.0214895 0.00150465 2.12849 1.34346e-05 1.16866 0.103794 0.00994866 3.84822e-05 183.205 0.000577056 4.2706 4.56621 0.0558554 3.24694 44.9686 0.55373 4.48755 
0.823159 0.0237892 0.0222552 1.80973 0.477123 2.81285 0.077113 3.39904 0.0374523 476.69 3.49611e-05 2.57259 0.657713 0.0431146 1.09096 40.5238 0.475879 8.25101 
0.0864789 1.37498e-05 0.00300227 0.109282 0.00498838 1.37179 0.00410118 0.00449331 0.000103085 0.0252328 6.10758 0.0247145 0.211953 8.08496e-05 8.53075 39.8465 0.717002 3.58118 
7.80975e-05 0.000630337 0.244425 0.00175774 1.58254e-05 14.3387 1.84143 1.07971e-05 0.00617962 15.5464 0.000457753 0.0114192 0.00106839 0.0464307 4.63046 48.7975 0.581124 5.39246 
1.35031 0.131114 0.0015545 0.0427418 0.0971371 44.3241 0.062827 0.0161975 1.92308e-05 7.20518 1.86886e-05 15.1734 0.00181007 0.0878229 1.09123 37.7706 0.628915 3.26253 
6.64515 1.05268 0.069943 9.6462e-05 0.393851 2467.05 0.0264781 0.698709 0.0216495 78.6512 0.867101 49.4754 0.00567022 0.146918 7.44407 33.1104 0.836986 7.63306 
0.00284401 3.6184e-05 0.0182252 1.35825 0.0518948 53.3955 1.03286e-05 0.000710081 0.000113493 1.29896 0.000193938 13.2464 0.000731322 0.252461 7.76772 45.1421 0.631432 4.8469 
0.000195474 0.0268362 6.42813e-05 2.05494e-05 0.000142829 1.38188 1.02842 7.80529 0.0151637 13.1124 0.0012358 0.0988072 0.000885005 0.056009 0.886273 44.589 1.47923 2.6529 
0.00431955 4.22128e-05 1.39998 0.487158 0.000289843 1734.91 0.000220316 0.900138 0.339327 314.676 0.0011221 15.1575 0.000298433 0.224819 0.825209 12.6455 1.64783 9.97965 
0.000252003 0.52461 1.08164 0.404786 0.000806888 252.991 0.0801522 0.00368776 0.0516464 150.286 0.00017419 0.0102867 0.0380893 0.0621413 1.85945 46.5261 0.715934 2.20798 
6.61556e-05 0.0100322 0.100761 0.0687792 2.57498e-05 974.241 0.000248161 0.12986 0.0389663 0.0262418 0.0711347 54.4158 0.00704414 0.0614477 1.32458 14.7987 2.54712 1.67001 
0.295726 0.000705014 0.49674 0.211933 0.000258472 0.336694 0.000758086 0.0521424 0.518236 349.876 3.88639e-05 32.6222 0.000331321 0.0419614 1.40111 49.2713 1.89262 6.03609 
2.62872e-05 0.0176589 0.000131931 0.280919 0.0126649 660.105 0.000305591 0.000525173 1.73501e-05 426.657 0.0104284 0.0591957 4.66667 0.141154 4.14046 29.9831 1.00378 6.12654 
0.089897 0.000442464 0.0246623 3.02386e-05 9.92049e-05 0.615007 0.00095932 0.000653923 0.0909058 12.9737 0.0493774 14.2509 0.0455264 0.000260326 0.872003 30.237 3.07555 8.99588 
0.000443612 0.0127199 0.549448 3.17653e-05 0.176462 9.75235 0.197677 0.000727331 0.00319865 230.804 0.000287314 2.44422 2.22911e-05 0.140614 1.10271 22.5383 0.937061 7.04026 
0.721446 0.000279986 3.82299 5.19082e-05 5.65721 7.59398 0.497652 0.000688057 1.93542e-05 301.388 0.000880326 0.0764427 0.00414811 0.758925 1.49052 37.1613 4.36716 2.16329 
0.000108259 0.141871 4.12776e-05 7.42289 0.0794376 1.50652 4.43815 0.0320677 2.3145e-05 0.569673 0.000393234 50.1138 0.00150954 0.225998 5.0112 40.3837 2.32934 6.38259 
2.51628e-05 0.0161887 0.00102857 0.00300071 1.20517e-05 0.357547 0.000436025 9.25825e-05 0.215784 60.4569 0.59035 77.0093 6.88074e-05 0.348061 3.55535 33.6076 1.45102 4.85566 
0.000535211 0.000160341 0.0256486 0.886922 4.43382e-05 0.117997 0.000623225 0.366486 0.000521605 0.658088 8.24195 342.918 0.0295608 0.0110237 0.551065 4.06566 2.47061 5.16731 
0.000372581 0.0257618 0.0258287 4.2263 3.39621e-05 1.68558 0.000262979 0.0104754 0.00321821 0.0689676 9.26099 268.497 0.0023242 0.0024118 2.33557 12.2427 6.38761 4.70514 
0.248953 0.000477224 1.60426e-05 0.00204439 0.0183378 0.254915 0.00293561 0.00558278 0.00180152 0.138869 0.00302739 0.224305 0.000153337 0.238411 4.43521 23.1978 0.959817 9.46108 
0.00381132 0.000473635 1.3089 0.0385048 0.000287894 0.0345907 4.14144e-05 6.20781 0.000216323 0.14047 0.00498521 57.9034 0.00885716 0.0181855 1.33439 44.0572 0.823973 6.91415 
0.00996373 0.0015619 0.270994 0.305104 7.07808e-05 1282.81 0.194651 0.00650702 0.998118 2.4839 1.66701e-05 228.695 0.000458145 0.0731599 0.76975 23.6872 1.36533 5.67374 
0.00344922 0.000324933 0.0950956 0.000220763 0.0523802 3.62178 1.84939 0.00323287 0.000195499 7.33423 0.0218841 311.391 9.32194e-05 0.071745 1.2364 36.6892 1.21684 4.82562 
0.00346921 0.350286 0.000130329 0.180009 0.126503 2.06966 0.000559315 3.11171e-05 0.0025602 0.683387 0.0750722 0.582261 4.73374 5.13983e-05 3.09088 46.1219 4.13579 7.46887 
0.350669 1.37045 0.456661 0.28352 0.00233023 0.424961 0.000111946 0.384419 0.000924656 18.149 0.00444814 0.0345984 0.00801278 0.421951 2.41824 34.5588 2.09927 3.25896 
0.820218 0.00092514 8.25189 0.00954728 2.81745e-05 11.7419 3.29335 0.000674076 0.166681 19.2619 7.37329 3.41803 0.00607094 0.686434 3.54215 21.9217 3.43428 8.40667 
4.43694e-05 0.144113 0.0100453 0.730161 0.0455513 334.005 0.000200447 0.0583824 0.0639377 0.143873 0.0052968 149.785 6.00773 1.74403e-05 4.25577 35.0382 0.50975 5.17364 
0.00141615 1.12232 0.00119753 0.0419553 0.211213 0.0316031 7.87316e-05 0.0650483 0.01703 0.0279357 0.021966 469.879 0.418433 0.000768903 2.84462 3.70755 2.5446 8.01233 
4.94748 5.35646 3.00914e-05 0.000103165 1.23408 0.0520116 0.00132438 0.0150667 5.0965e-05 3.69403 0.183662 1.42842 0.000717196 0.0498257 1.1154 46.857 0.626554 5.30598 
0.102496 5.60695 0.00094339 0.0308006 0.121592 1310.63 7.22196 2.49175e-05 0.0034424 1.18951 0.654859 0.0575554 0.00354789 0.683747 4.21355 15.297 1.15995 5.83594 
0.000352795 3.54196e-05 1.10954e-05 0.000269809 0.0112261 0.186993 1.63402e-05 3.9163 0.0148985 121.751 2.64026e-05 0.84165 0.00240404 0.481129 3.56594 28.2469 1.44935 6.79144 
0.00100154 0.000123982 0.96704 0.000981952 0.000571798 6.42534 3.27418 0.0456224 0.00475709 15.5521 5.28094 127.664 0.040509 0.00737188 2.07029 43.981 3.60424 6.28546 
1.88151 0.181477 8.13834e-05 7.32061 7.30172 72.8051 0.248758 3.74409e-05 0.00221913 201.467 7.04733 5.65052 0.00399988 0.0710411 0.62186 36.8953 0.582732 6.44832 
0.00147264 0.00410528 0.045776 8.82668 0.145477 63.8909 6.82513e-05 0.000438065 0.0259377 0.529921 0.0307543 1.5555 1.00336 0.105888 0.879407 37.6221 3.62896 6.10883 
0.0174136 1.31206 0.529688 0.114345 0.644697 6.39675 0.0019249 0.0251889 0.0256305 44.0256 0.0680805 1.13571 0.0965564 0.221999 5.02156 24.4087 0.977655 5.0173 
0.0992082 0.0619152 1.49709 0.00726352 0.230077 0.531837 4.14629 4.78444e-05 0.000156635 0.427283 2.72989 1.30074 0.848796 1.65364e-05 2.03686 32.518 3.58689 4.29143 
0.0336827 3.02744e-05 0.00341722 4.07148 3.54064e-05 0.0748426 0.17461 3.11312 0.738542 0.017897 0.0046691 20.0014 1.47745e-05 0.237839 2.07666 16.245 1.26484 6.4955 
0.00874151 0.00229735 0.71406 0.0957362 0.00999909 0.0112304 0.0009772 0.00383728 0.00734304 2.48046 0.160389 131.783 0.0138134 0.0280292 0.891534 49.9875 0.901341 3.97698 
0.612587 0.000141068 0.127919 0.0179687 2.85326 738.505 0.000508998 0.000203766 0.620644 0.031121 3.1525e-05 88.698 3.13273 0.160615 5.32943 47.9918 1.3124 4.06699 
0.000133639 0.000324395 0.0175379 1.33787 0.00195317 46.4259 6.76048e-05 0.0809235 0.0687986 0.0258162 0.00146691 38.1321 2.74179 0.0443981 0.923145 45.1555 1.32239 4.47295 
0.000359093 0.0455747 8.33134e-05 0.0213949 8.54914 182.872 0.00101231 0.00431766 3.71084e-05 81.8158 0.0035705 2.87354 0.636292 0.522391 5.6551 42.5111 2.39165 3.51411 
1.11298e-05 1.20193 0.0160859 0.0182406 1.7866e-05 759.655 0.00360033 0.00676106 0.0074744 0.0807673 1.01767e-05 1.26305 1.14887 0.233918 2.42701 24.5789 1.01668 2.33621 
0.000134315 6.94664e-05 6.97437e-05 0.0753023 0.000158773 851.603 0.00120949 0.392219 0.000227824 0.117987 0.0169105 4.58459 2.11786e-05 0.673341 6.92294 28.9444 1.16075 2.53708 
4.72078 0.141842 0.0769913 2.96398 0.0442966 18.9851 0.0017178 0.0109515 0.338336 0.840533 0.054086 117.881 0.0191988 0.00622974 7.01307 10.142 3.23698 8.19199 
1.72536 0.00126339 7.76275e-05 0.016379 4.5603e-05 34.7248 0.00202232 0.00128054 0.100471 0.124612 0.000788304 112.084 0.0159329 0.249489 3.01496 27.3713 1.67423 6.12391 
0.00013879 0.0124813 0.0253298 0.000980979 0.492925 741.33 0.0293166 0.001181 0.115944 16.7835 0.00192387 0.434358 7.3606e-05 0.0171046 1.47714 46.4267 0.458681 6.30101 
0.00868257 1.04864e-05 0.351624 4.51169 0.0116956 0.0305422 0.000851749 0.00689429 0.000167721 416.159 9.7396 0.0344209 6.64394 0.0160227 5.47022 37.1521 0.590388 7.62544 
0.000634698 1.43025 1.94155e-05 0.00123638 0.000963286 1568.64 0.00114911 0.968479 0.564243 2.12525 0.0978665 13.0589 0.000146113 0.0647616 0.824223 35.9571 0.784715 5.46188 
9.92048e-05 1.97023e-05 0.000266796 4.86307e-05 1.66439 0.946793 0.186146 0.13015 3.59033e-05 4.69577 0.00129867 0.3364 0.152398 0.103496 2.93942 39.3942 1.9196 7.24647 
0.00147879 1.3493 6.65318 0.00112559 0.000798545 9.78952 0.00769186 0.000577128 0.00302061 0.0108459 3.1103e-05 0.846897 2.86445 0.0581854 0.502828 28.9857 0.88751 6.25085 
0.0245521 3.55305 0.00109535 0.00856818 0.0209643 0.0117949 0.00100091 2.5334 0.931144 1.86033 0.109302 83.4041 0.314301 0.0116453 0.481797 10.266 4.45063 4.64911 
0.00784005 0.0185776 3.97521e-05 0.000730388 0.418131 0.0176912 0.39342 0.137297 0.022344 0.53641 3.61842 154.748 0.00160568 0.0153914 1.08464 36.1318 3.91604 7.732 
0.0120499 3.09232 0.0922212 9.27213e-05 0.0145085 1921.33 0.000188727 0.214259 0.790678 6.50359 0.056373 1.45449 0.00448289 3.06513e-05 0.462902 39.3123 0.919129 8.90216 
2.3768e-05 0.000354773 1.18098 0.0715046 0.00052035 2.54319 0.157499 0.000541457 2.04375e-05 0.409249 2.52963 0.161783 0.00433233 0.230433 0.559613 38.1884 3.21838 6.01393 
0.229917 0.000497332 0.0274666 0.00014763 0.0102328 68.2992 0.147801 1.11506e-05 3.70179e-05 0.792006 0.00752721 0.36851 0.0467625 0.598268 1.92581 42.1701 4.39457 9.43329 
0.0215129 0.418393 1.42409e-05 0.000110784 0.0266557 0.132331 0.491972 0.00138664 0.0113251 0.734582 0.162079 0.0321939 0.0012981 0.326273 7.68255 38.222 0.997971 3.12413 
4.61177e-05 1.24826 0.065221 4.02501 7.44283e-05 0.0124053 0.0942503 0.00141232 1.30806e-05 0.104657 1.92637 157.234 0.500493 0.000818049 1.16537 16.5516 2.90871 7.08938 
1.36422e-05 0.0319974 0.000463477 0.0105949 0.000495546 79.223 0.0858542 0.00291087 0.00336617 89.0347 1.24985e-05 0.146444 9.53033 0.572319 9.95341 32.4979 1.23934 4.5237 
0.000220769 3.44524 1.49635 4.05039e-05 2.34899e-05 0.435031 1.24244e-05 0.0146549 0.539587 8.27865 1.15336e-05 7.88763 0.00268199 0.44003 2.43396 41.6769 2.3709 4.59809 
7.66582 0.512825 0.288149 2.07941e-05 0.0121873 1760.77 0.15691 0.428948 0.00991852 0.200784 0.0167708 8.77509 0.0117088 0.586825 6.33752 18.5854 1.15302 7.35324 
0.28783 1.03049 4.52698 0.0107242 1.25631 1181.05 2.62937e-05 0.00490413 0.428306 1.89795 0.00872955 0.240745 0.00232624 0.246213 2.6689 29.5139 2.16505 5.09408 
0.402368 0.746088 1.04906e-05 0.0738831 0.000190257 1896.36 0.00189321 0.44962 0.0127454 2.4581 1.33263 1.22107 1.03956e-05 0.07254 0.783025 24.1084 0.612875 8.99308 
0.000664421 0.000196817 0.000152948 2.99025 3.78636e-05 0.0264442 0.000686158 6.94415 0.000118564 0.105691 0.0169574 150.004 5.42421e-05 0.604661 3.42039 34.3351 3.1314 4.67189 
0.125806 0.000932747 0.115857 0.00179295 1.41617e-05 1.55542 1.4201e-05 4.39273e-05 2.74653e-05 0.0751367 7.56974e-05 59.3004 3.60301e-05 0.705839 4.7899 41.8397 2.72476 8.21315 
4.21302 0.000449518 0.119465 3.14066 1.05505e-05 2.38211 5.99468e-05 0.000414421 0.842206 0.447118 2.2055 0.0139135 0.723768 0.238876 6.26972 19.9859 0.66041 9.37149 
0.081928 2.32276e-05 1.16632e-05 0.000116984 1.25064 5.25614 2.7804 1.77813e-05 1.7068e-05 0.0116218 0.00435847 1.1364 1.23521e-05 0.327245 2.70125 16.789 1.95447 7.90709 
0.000214444 1.58657e-05 0.000428359 0.152416 0.30492 8.54118 1.81123 0.391643 0.00723251 23.8118 2.06225 15.0444 0.360308 0.412848 3.18734 37.1164 2.54819 4.16263 
2.72405e-05 0.00238198 0.00409468 0.000721956 4.17127 3.12897 0.139243 0.048399 0.00231404 0.0103881 0.00142014 12.0983 1.60878 0.581103 6.44854 30.5876 1.97518 4.56314 
0.1712 8.68 0.0986163 0.0271883 0.00413154 0.0490697 0.0250293 0.178065 0.10517 8.63568 0.19123 183.278 0.00022158 0.577438 3.60987 49.3764 2.63187 8.23292 
1.54021e-05 1.90072 1.60051 9.12293e-05 0.000142827 144.688 1.11649e-05 7.00711e-05 0.00580219 11.1296 1.30649 0.995398 6.53352e-05 0.240364 1.69797 23.5586 1.72526 2.81575 
0.00274362 1.89659e-05 6.50112 2.59179e-05 0.00191734 1146.15 0.00840382 0.179261 0.00560262 0.578215 0.14771 227.185 0.000387675 0.000214389 0.519278 26.8931 1.72968 6.73726 
0.000233206 0.151687 0.000102922 1.86932 3.34942 115.489 0.177661 0.000837769 2.0823e-05 0.285335 0.000827781 0.849731 2.68765e-05 0.241032 1.80951 35.8841 1.44115 3.09609 
0.366171 1.51547 9.08581e-05 0.583193 4.07615e-05 910.284 0.000658992 0.062845 0.0305566 0.246413 0.578303 3.92696 0.00378035 0.00169618 0.853381 46.4083 1.99785 6.06793 
4.74771e-05 0.00218624 0.000228526 0.001593 0.0397873 0.0581884 0.0500772 0.0423148 0.0352448 0.043862 0.0155835 0.0262781 0.129899 0.228136 0.77639 48.4026 4.83909 9.43953 
0.041756 0.00043914 0.429318 0.0307527 2.95682 303.823 0.00518801 0.000403047 0.882992 85.8439 0.000244347 14.6333 1.41665 0.037954 2.71948 39.3768 3.30427 4.90158 
0.102795 4.5512e-05 0.0645138 1.24607 0.0145936 0.0765543 1.9728e-05 0.032362 0.000191964 0.687348 0.0177739 3.6003 0.000479591 0.317237 6.54631 25.6114 0.783344 6.15741 
9.68141e-05 0.0101778 0.0478333 9.46384 0.0018935 2.11334 0.023585 0.709065 0.00236796 31.6863 3.18009e-05 0.544569 5.91583 0.32289 3.43613 35.4718 1.02452 5.93081 
0.0942357 1.42048e-05 0.0121541 2.35134e-05 0.00147773 4.71869 0.964036 0.366114 0.015478 1.27841 8.97965 99.1812 0.0282542 0.0288585 1.13077 20.299 1.81562 2.52177 
5.81292e-05 0.0922672 0.0056708 2.60743 8.02848e-05 1134.95 7.30218 5.40771 0.0559129 0.0213772 0.000334561 453.477 0.0618027 0.000174691 0.59043 26.5049 2.40629 2.82732 
0.00345953 0.0532064 0.0210357 0.0253728 0.00171164 752.515 0.0205046 0.471752 0.21696 0.0160968 0.156166 115.139 0.000161687 0.000192009 7.03781 22.3223 2.5715 0.660698 
0.00219704 0.000101954 0.0277398 1.59031e-05 4.27173 3.11953 0.052803 1.66577e-05 0.0015202 22.6194 0.0651252 0.115461 3.25519 0.000198066 0.214681 38.4759 1.6211 8.2312 
1.20587e-05 0.0811178 7.92225e-05 0.000232742 0.0015126 3.47187 0.000433271 9.74955 0.000673004 48.282 0.207341 5.59053 0.000574724 0.29223 4.94687 16.8467 0.939509 9.35963 
2.36198e-05 0.00149416 1.44568e-05 3.83848e-05 0.000312187 25.219 0.000319367 0.407975 0.170038 0.0775011 0.00340111 28.5218 0.00188954 0.00469223 3.09095 42.2688 0.629134 4.64583 
2.21958 0.0106486 0.908684 0.0112741 0.346245 0.0433229 0.00168943 0.0145394 0.00049183 52.2934 0.000249554 20.2532 0.00820797 0.510034 3.48891 16.974 1.59967 3.82086 
0.0404247 0.00156381 2.53451e-05 0.145012 2.96881 0.0722285 8.45343 4.83557 0.000205807 0.200914 0.0116934 0.0252422 4.69472 0.00363894 5.49844 44.3021 1.25114 3.47015 
0.000361931 0.0156319 0.000396059 0.104446 1.77632e-05 1544.67 0.000369969 0.489309 0.00688474 0.297035 0.171836 424.631 0.000599317 0.101263 3.76462 10.2922 0.972924 3.09134 
0.97376 0.199702 0.796282 7.47166e-05 0.0635448 0.35742 0.623596 0.316508 0.000496256 255.902 6.34793 256.267 0.000429746 0.0429672 0.857211 31.912 0.851343 5.41979 
0.00527663 4.37017e-05 0.0279623 0.001062 2.31745 0.053161 0.000446795 0.00956323 0.00404861 62.5877 2.21445 5.39497 3.08586 4.96069e-05 1.89245 34.999 1.18725 6.0918 
5.09186e-05 9.48518 1.22535e-05 0.228841 0.000486539 0.0277888 1.61805e-05 0.320012 0.000495648 37.5106 0.000250508 0.183763 0.312015 0.231733 1.36001 13.5041 1.41971 9.3597 
0.138089 6.15894 0.00113805 2.4799 0.216317 8.08006 0.000101434 0.00508281 0.000903522 1.15916 0.000486667 18.3229 1.68489e-05 0.517732 7.36541 27.2834 1.20832 9.62049 
5.88609 0.00294501 0.587861 7.63382e-05 0.0422987 189.644 0.0309626 0.000117696 0.001478 87.2585 0.106196 0.0405689 0.0443317 0.494776 3.8585 24.0698 1.29272 5.46571 
0.673251 1.24953e-05 1.68758 0.000107608 0.00724565 0.0192577 0.000410685 0.0573446 0.960705 8.14572 0.151925 114.647 3.53229 2.43073e-05 1.79171 26.5211 1.6037 5.41853 
0.837809 0.0175847 0.00155075 3.78936 3.15533e-05 1.63669 0.852471 0.00448379 0.878451 15.4196 0.00467616 16.8721 2.25812 0.00461806 1.86093 45.237 4.80407 7.22659 
1.5485e-05 0.643625 0.168957 0.000480989 0.0426837 40.7397 0.0128581 0.00222548 0.430821 5.23477 0.000703914 110.383 0.450456 0.140511 0.818958 47.784 4.34829 5.16267 
0.00394257 2.45568e-05 9.6913e-05 0.0222806 0.00147321 88.3159 3.62908 0.0482257 0.0053356 11.3973 7.44502e-05 0.895905 0.215839 0.0895253 0.600015 30.4831 1.92508 7.30711 
0.00247981 0.000194792 0.000672763 0.0519585 0.00139822 0.572682 0.010758 0.0655649 0.000375051 0.102849 2.84023 168.742 1.50363e-05 0.0160692 2.19172 17.5035 2.45753 1.19035 
0.000814168 0.0508286 0.252452 9.19082e-05 0.00161158 0.37079 0.00214476 1.36785e-05 9.49585e-05 34.2333 8.79132e-05 0.0373169 0.00599391 0.457584 3.87072 27.3127 1.63702 7.72104 
2.18251e-05 0.0166404 0.0056813 0.655684 1.14324e-05 1824.76 0.0228034 0.00111634 6.31106e-05 0.709123 0.0251388 0.546546 0.00418008 0.86258 2.94477 38.675 3.80078 2.70131 
0.00108584 4.34412 0.00215158 0.00130075 1.01487 6.12229 0.000401967 0.123695 0.126239 7.01952 0.0551105 141.752 0.0314693 0.419738 3.16585 9.16629 2.7477 4.13668 
0.00277784 0.000598019 0.37475 0.000530171 0.00179903 409.55 1.85172e-05 3.47387 0.110458 0.0221715 0.0890458 485.834 0.00867984 0.000548286 2.75978 9.85279 1.25327 0.379151 
0.000805202 5.00212 8.59614 2.07831e-05 5.92234e-05 0.281998 0.000221628 0.482224 0.0381449 387.75 4.61744e-05 4.15361 0.0592646 0.123774 3.87401 23.0958 0.568069 5.7587 
6.32199e-05 0.00158876 0.00015606 0.0254953 0.00171583 0.025018 0.0058639 0.0348506 0.0160841 0.0255945 1.87963 50.9819 0.0224885 0.00184222 5.99537 21.5317 3.77001 4.00694 
0.00282603 1.7662e-05 0.00817622 0.0325184 5.67386 0.0506511 0.105013 0.000331442 0.00845176 41.6457 5.70964 31.608 0.000291454 1.36244e-05 3.00343 10.7827 2.75935 9.6184 
0.00106904 6.40267 0.000593963 2.37549e-05 0.0703647 2.29301 1.03763 0.000293939 0.000179846 2.29187 2.19573e-05 417.589 2.2096e-05 0.773875 6.94791 42.8508 2.73962 5.09125 
3.75577e-05 0.0286416 0.00235244 0.000177861 0.0792237 1323.79 0.00204036 0.00358617 0.00305335 0.0826403 0.142292 40.2474 1.14484 0.0159572 3.35604 18.2483 1.86932 9.05884 
2.0711e-05 1.6518e-05 0.305477 0.00159077 2.32025e-05 4.70637 0.183958 5.48532 0.569498 0.259203 0.00528654 21.3811 1.18874 0.0110128 0.895005 43.6287 0.883463 3.55675 
0.00156194 0.00388393 3.02802 0.115867 5.35421 135.899 8.35473e-05 0.00254595 1.02807e-05 0.128532 1.60247 174.222 0.545439 0.0521525 1.18522 21.8619 2.41079 5.27479 
0.000740543 1.32217 0.000750975 0.0047288 0.00269839 2049.2 0.0337371 0.100319 0.00127222 0.489993 0.125038 0.0130379 0.0173598 0.845351 3.18097 30.7073 4.52102 6.92156 
1.07207e-05 1.35848 0.421632 7.52715 0.889129 377.374 0.0041169 0.000657299 0.0918736 2.04444 0.120127 0.0916691 0.00125226 0.0318098 0.514817 46.2298 0.691679 5.626 
7.46963 0.0250708 0.045987 0.328802 0.788696 0.0134655 0.000290247 0.000590884 0.889096 25.8371 6.44374 0.432907 0.742448 1.5145e-05 2.74915 30.0772 0.871398 8.91683 
0.0616146 2.20728e-05 0.00607738 0.244031 1.30522e-05 21.9948 0.000283709 1.89166 0.0441317 22.1767 0.000158204 0.698633 0.408608 0.197518 4.43696 26.4614 0.864019 6.84872 
1.85291e-05 0.0665923 0.00271505 4.10236e-05 1.79302 13.6861 0.00693841 0.000128629 0.0284678 9.51931 3.0313e-05 98.842 8.22173 0.199167 2.0606 46.9816 1.78367 6.91585 
0.0185978 0.0203067 2.57012e-05 0.000447147 0.00095199 359.274 1.29802e-05 0.000245202 0.0957147 18.6607 0.00041012 50.6873 0.528603 0.0824275 1.15911 26.3751 1.11523 6.62876 
1.17836 0.0212471 0.347926 0.00173754 8.61134e-05 94.1539 1.02539 4.11967 0.000436305 0.351869 0.0510146 426.967 0.0165428 0.00980699 3.38406 12.9865 0.575377 4.48151 
0.0989731 2.27952e-05 0.000600987 0.00693711 0.398062 382.188 0.00289621 6.33799 7.69886e-05 12.2874 0.00483939 5.28325 2.79155e-05 0.0758274 1.6337 40.2065 1.46376 3.92836 
0.36695 0.213089 0.257288 0.0326008 0.00566488 25.7488 9.01731 0.00235514 0.0645794 47.1289 1.47854 0.0461277 4.51973e-05 0.207395 3.78776 38.8746 2.43048 4.99255 
4.16158e-05 0.00311677 7.03174e-05 0.279797 0.0281408 2.76776 0.00192762 6.61075 0.000211435 0.0108603 0.360172 3.17251 6.57332e-05 0.969253 3.7881 39.676 2.28634 4.1077 
0.000491878 5.22656e-05 0.0126668 7.65435e-05 0.000128863 231.637 0.0955246 0.0442388 0.171258 8.68732 0.0130055 103.956 0.001269 0.00034517 1.19025 9.48506 4.16098 7.32 
0.142247 0.000782619 2.0548 6.25767 0.0013947 27.2972 0.00057095 5.27282e-05 2.28528e-05 31.0267 2.88542 238.368 3.50348e-05 0.0681659 2.47286 45.381 0.492208 6.54619 
0.415803 7.85223 9.38306 0.0167929 0.00851918 0.0311174 0.000193569 0.111104 0.0159088 0.217572 0.313692 102.952 0.213817 0.000495632 0.858366 25.0511 2.83279 2.11749 
0.215465 0.0825508 2.74651e-05 2.37048 0.0458699 0.0209497 0.584597 0.743101 0.000603871 390.958 8.02351 1.03326 0.000683546 0.148951 1.54799 24.7775 1.16334 4.51999 
1.0236 0.0092615 9.95899 0.00144334 0.185146 3.64214 0.594227 0.0251087 0.0526005 0.0388106 5.22724 1.58006 0.391508 1.03614e-05 5.34548 25.3988 1.67951 4.15655 
1.83507e-05 0.0122592 0.0302378 0.000274019 0.00119557 5.31903 0.00126801 0.874826 0.00104296 0.0170632 0.00604297 2.92684 0.066008 0.266881 2.32403 24.1674 1.98818 6.96715 
0.00014948 8.18842 0.123209 0.000602429 0.000144106 143.308 6.34998e-05 2.46196 0.371419 15.1405 0.403072 79.7312 0.255166 0.103628 1.2485 15.7993 1.04763 1.58136 
8.18647 0.557253 4.19192 1.26231e-05 0.0670978 1034.82 3.41894e-05 0.187828 0.002246 0.0936022 0.174543 0.0215377 0.171529 0.451231 1.37998 35.2698 4.56193 5.30582 
0.293881 0.00241299 1.79735e-05 0.00346696 1.15472 0.336635 0.000796986 0.0324206 0.0156593 6.08436 0.257502 492.958 0.529464 0.0141722 0.527295 9.27019 3.83101 0.901814 
3.65719 0.000374295 4.50109e-05 0.000891876 0.0838385 0.018662 0.052145 0.0119273 0.160365 9.84688 0.552176 403.39 0.0215507 0.0543471 1.14823 8.16624 4.27037 5.55366 
0.646566 1.62633e-05 2.23859e-05 0.615055 0.0751083 2.34975 1.25112 0.227288 0.00581297 37.47 0.301279 0.0283178 0.0333448 0.0608667 0.38138 37.9362 1.47299 6.75473 
0.247052 5.06278 9.05975 6.24534 0.139668 613.596 0.00873638 2.3337 0.147317 0.0126603 1.09575 27.4313 0.00257972 0.806075 7.55358 43.1679 1.15689 4.139 
0.000640946 0.341281 4.94715e-05 0.0330198 1.89488 0.026035 4.18309 0.000499601 0.00361635 0.370936 4.68875e-05 71.99 0.000199325 0.238037 1.05298 42.4402 2.71084 2.55437 
0.100544 4.07175 0.0310416 0.000158367 0.0111646 6.43773 0.00500879 0.007729 0.00457473 0.0559089 0.428549 53.4814 0.0252666 0.258615 3.66416 23.4858 4.61698 9.45113 
0.0576171 0.100401 0.26284 0.358154 3.22026 408.21 0.0391069 4.507e-05 0.0527211 41.05 2.87504e-05 0.0259717 0.037333 0.170412 2.23204 42.8057 1.37005 2.862 
1.1402 0.0385022 0.0205388 0.00225823 0.000378742 0.0176241 0.00258861 0.0408479 0.104498 3.32397 0.0180513 107.072 0.000112812 0.564839 2.05356 48.1743 3.17364 0.604075 
5.78147e-05 0.00338814 0.00126005 0.00537405 0.756032 0.226811 4.30679e-05 0.848391 0.587733 200.495 0.000340799 3.03086 0.226381 0.056177 2.68379 38.9763 0.817972 3.40858 
0.000652462 0.000259502 1.39095 1.95854 1.77711 0.0299666 0.429721 0.0404523 6.63844e-05 0.0141216 5.95793 20.8112 0.00483077 0.00103538 1.80479 23.7842 3.68939 9.86244 
2.28307e-05 0.000582989 3.00166e-05 2.63044 5.73545 0.0597546 0.000665534 0.024781 0.111108 0.087472 0.00723138 47.6872 0.0393144 0.0003693 3.61311 27.6634 2.60044 2.54158 
0.00039527 2.62635e-05 0.162237 2.7309e-05 4.09163 0.0753223 2.66141e-05 0.129724 0.0686233 0.494287 0.0422059 306.635 0.0211996 0.00693351 0.340106 16.4426 8.63945 4.27466 
0.00029215 0.090553 0.000172318 9.53544 0.00242278 6.14799 0.00717935 0.274777 0.063517 333.389 1.0245 316.307 0.1969 0.00153841 0.596249 4.97184 4.1648 6.16886 
6.97819e-05 1.84672 1.05256 2.37393e-05 1.57356e-05 88.5065 0.00286291 5.68094 0.00395502 0.509163 4.66686 237.753 5.04073e-05 3.16385e-05 4.98946 23.3691 0.623357 1.26902 
0.0299614 5.49421e-05 0.0257897 2.86903e-05 0.000838891 709.673 0.400614 5.45504e-05 0.000146195 5.32992 0.0139048 1.43983 0.0924415 0.326929 4.34911 21.5713 1.4124 9.74711 
0.88982 3.96043e-05 0.000582519 0.00672438 0.00976907 563.292 0.0213112 0.219249 0.277934 19.0655 0.0657149 330.866 0.00429716 1.08876e-05 2.93709 7.62557 2.13561 1.86404 
2.50195e-05 0.000485643 1.03883 0.00645011 4.44658 27.0803 3.65144e-05 0.00651695 0.225176 0.0305748 0.0133084 0.0635532 5.27694 0.148849 1.06586 40.2748 4.03775 3.35093 
0.493003 0.882613 0.00662739 2.24144e-05 3.00308 3.75608 0.601112 0.0459387 0.00314731 107.568 0.999945 294.796 0.111815 0.469981 9.48138 39.1054 0.896648 4.98646 
0.280414 0.000726191 0.00198546 0.00804245 0.00835574 71.3077 0.00740666 0.636304 0.0547972 0.100636 5.77713 71.0151 0.00717884 0.000227631 0.830074 32.9619 3.12706 0.391563 
5.36295 0.0985904 0.00463011 0.0459341 2.77497 229.727 0.010036 0.000517351 2.77196e-05 0.716723 0.00161954 0.0185264 0.536299 0.354749 1.71313 34.3974 2.42683 4.4422 
0.000162827 6.27255e-05 0.0701014 0.00222303 0.0280392 701.861 0.00201541 0.298501 0.0051225 0.0506283 0.753048 244.21 0.0407584 0.00638511 1.89588 8.45681 1.43489 0.695169 
0.000136781 0.785033 0.000113243 2.42608e-05 0.0184665 0.115922 2.89277 1.8341 0.117851 1.16367 1.37995 104.258 0.000904526 0.0135085 2.29663 19.4321 0.474202 2.26895 
0.207872 0.478706 0.00114447 0.0597385 3.19022e-05 14.7873 1.62454 0.148798 0.768716 0.122973 0.000224599 0.0810643 0.149203 0.2341 0.930578 43.3672 3.53642 3.32388 
3.63121e-05 0.400678 0.000553596 0.00197764 0.0138704 0.126032 0.00265842 4.10153 0.228424 0.101502 9.09279 319.295 0.000725874 2.86782e-05 9.31076 12.5117 1.8515 1.06209 
0.000754613 1.71025e-05 0.489968 0.079102 0.000197657 0.0383988 4.04456e-05 0.0028746 0.0213203 0.0944136 0.00486786 229.996 0.751903 0.000954199 6.21489 4.87619 0.86708 5.98043 
0.384892 0.00710152 1.60333 0.453584 0.00393149 661.86 0.0909646 2.41123 0.285774 109.562 0.00637766 14.7108 0.108076 0.268546 1.8653 20.6302 1.17255 5.37273 
1.7248 4.73049e-05 0.000754594 1.50358e-05 0.0281374 118.6 0.000437577 0.000113386 0.00296642 94.4547 4.0113 2.82859 3.86293 0.000177509 3.46916 24.0103 0.636124 5.46799 
5.12225 0.00566595 0.533828 0.000675596 1.12837e-05 0.146664 7.70341 0.62415 4.50749e-05 0.304805 0.257427 3.10691 0.370145 0.000686824 1.00824 42.2448 2.24111 4.49126 
0.138702 0.0281939 0.000839757 0.000434341 0.000111946 14.8191 0.000789944 0.210459 0.000913981 102.719 0.922008 0.961421 4.90409 0.000101706 1.49955 22.2163 0.664877 9.56992 
0.143032 0.00252695 0.020839 7.32634e-05 0.000145134 0.0106014 1.91599e-05 0.66644 0.158974 2.95566 0.0967517 45.3774 0.000283002 4.92741e-05 3.1623 41.0271 4.325 5.10198 
1.64994e-05 0.00122788 0.00848839 0.0397765 0.0921295 1.10073 0.242407 2.74593 0.0258269 368.377 0.00353599 6.20986 0.00010877 0.167101 1.73326 42.0109 0.892223 4.10594 
0.000126194 0.504331 0.024477 0.0755801 0.0073511 0.798055 2.31416e-05 1.51289 0.00291296 0.022525 0.157371 490.548 0.00031768 0.0175713 4.45113 28.0868 2.62436 7.65774 
0.00897933 0.00164309 0.016461 0.00221938 0.005421 47.477 0.0405836 0.129304 0.991177 0.265531 1.64571e-05 57.8168 7.63089 0.195814 0.784954 26.6703 2.58272 6.86473 
1.25751e-05 0.000341352 0.000531819 0.290179 0.0240367 0.455724 7.04593e-05 0.0704197 0.0648484 0.313992 0.1721 95.371 1.45954 0.161311 1.26858 13.5857 2.28739 1.2416 
4.43481 0.0445269 1.04912 0.403015 2.28735e-05 0.767764 0.000932283 2.32019 0.00179877 0.0504752 3.06528 197.17 1.45569e-05 0.00487878 0.392317 22.9943 1.76076 8.61647 
1.96099e-05 0.000122928 0.00654297 0.00335371 9.74345 89.1364 0.0246035 0.00758751 0.115196 132.456 0.810312 125.243 0.266729 0.00658115 2.1933 11.5066 1.0476 6.89295 
0.54745 0.375074 0.016764 0.000728662 0.000781756 26.052 0.079379 0.0479615 2.29732e-05 112.613 0.0145982 0.0686842 8.67131 0.0587307 3.45849 49.2699 0.58274 7.42776 
1.35556 2.28527e-05 0.119923 2.10634 0.145278 45.4937 0.125083 0.833509 0.659898 0.0271939 0.000187586 75.3913 0.000165277 0.000106134 3.13943 10.1983 2.04988 5.73847 
6.37523e-05 3.36348e-05 0.613392 0.0910529 0.000819055 11.5054 0.000342426 0.0321423 0.00325824 15.4377 0.0953802 229.078 4.60419 0.0799934 8.93131 13.1676 1.08285 2.67743 
0.772973 3.61482 0.000385372 0.581119 0.169922 0.0869879 0.0349577 0.517558 0.128531 77.6514 0.678661 0.240127 0.00964369 0.0530853 3.82196 42.3734 0.495874 9.32805 
0.0141222 1.46458 5.39919 9.33615e-05 0.00221678 0.245372 0.00117021 0.00219201 2.11171e-05 0.0123044 0.248678 6.86614 0.506365 0.0317776 1.80791 24.9221 3.17733 9.24555 
0.000581253 0.264851 0.000116872 0.0230158 0.00230243 1.60656 9.85318 4.69778e-05 0.00677446 0.416474 0.539172 1.37805 0.0136113 0.578657 2.43939 13.2549 1.84196 9.73564 
0.000212945 1.88855 3.1219 5.98534e-05 0.000156986 9.54653 9.14684 0.00655019 0.00445963 266.045 0.892472 0.343437 0.125004 0.103714 1.82987 32.4206 0.626725 6.4945 
0.00173649 0.0522544 0.953737 0.142918 0.00693082 51.3461 0.000394465 8.26671 0.202474 0.0436724 0.0898209 0.59232 0.913858 0.466713 2.78493 31.113 4.52223 6.02226 
2.59277e-05 0.00564421 0.101666 0.031006 2.88276e-05 1761.36 0.0490408 0.00195623 7.68395e-05 76.8498 6.70822e-05 1.39835 5.31536e-05 0.0111973 0.389379 45.5796 0.537924 8.12937 
0.26903 0.000156576 0.232699 0.253173 0.00237996 0.0247821 5.16582e-05 1.60443 0.616879 0.351232 0.0210749 179.949 1.63016 0.390625 8.02066 17.015 0.990517 0.868084 
0.0018998 0.000328388 0.000224903 9.3881e-05 0.000976764 1.16369 8.23916e-05 7.86746e-05 0.00555201 0.245909 8.00571e-05 57.8869 0.237098 0.0967611 2.62665 44.1749 1.67836 4.05188 
0.0288231 0.0158079 5.30842 0.0131709 0.00370191 3.45473 0.0384206 2.66064 0.759297 0.0604098 0.377846 330.664 4.3792e-05 6.15619e-05 2.599 24.2303 1.6368 6.39842 
0.0425414 2.21e-05 0.00214627 0.201006 3.21826 0.052956 0.00315642 1.27675 0.0112879 0.102884 0.0225648 263.37 0.0386024 0.00170376 1.86796 3.90854 1.22595 4.57215 
4.5304 0.000333484 0.00779793 0.000430962 1.55398e-05 396.739 0.0696305 0.000392859 0.0885908 30.6697 0.00019533 0.117257 2.64843 0.039849 0.364498 33.5299 0.975991 3.24279 
0.000124914 0.0223445 1.50305 0.0509403 4.32033e-05 0.540378 0.467108 0.281131 0.122276 0.293224 4.51295 430.565 0.0175262 0.00184776 2.46854 20.9036 1.3051 0.315024 
0.0180256 5.07278e-05 3.06304e-05 0.00117817 0.0906898 1175.24 0.0003298 3.62068e-05 6.46119e-05 12.6476 0.00773131 37.825 0.367875 0.218029 3.69976 47.262 2.93146 7.34699 
0.0188504 0.000321682 1.13499 1.70903e-05 0.000732024 0.242218 0.0277283 2.75188 0.00955425 0.0566402 0.00197293 105.636 1.59902e-05 0.983279 3.20335 12.131 2.29468 9.58656 
0.00904659 2.41182 0.0984609 0.366425 0.566679 7.77171 1.2254 0.416356 0.00661021 0.255381 1.58334 0.0146347 0.253396 0.0226276 0.369894 35.9048 2.10049 9.14756 
5.32745e-05 0.000731496 0.0004162 0.00501317 0.0072745 85.7748 0.468009 3.14112 5.74941e-05 0.100374 0.381136 206.949 1.24801e-05 0.407514 6.92 30.8285 1.29269 7.88151 
0.00210845 7.56386 0.000106069 8.12124e-05 0.000234355 50.9276 7.17752 2.6489 0.247756 3.10411 0.0230724 5.79027 3.78735e-05 0.00436758 0.487456 36.0695 1.33633 9.05813 
0.257959 0.000235546 0.117125 0.162075 0.0573228 0.0212222 0.0147718 0.191395 2.20146e-05 16.1098 4.03354 11.171 0.372115 0.137545 3.88458 27.2146 0.900521 6.44073 
0.18493 0.042507 9.94683e-05 1.95198 0.00131016 132.865 0.337115 0.154019 0.000873285 0.0178957 0.000324757 4.19751 0.0389961 0.0601799 2.2207 34.9588 1.13766 8.64478 
2.03946e-05 0.00751836 0.147648 0.000824152 2.38936e-05 0.389892 0.000288848 0.0287528 0.00313943 0.068928 0.41041 125.713 0.0102357 0.0502945 3.04427 33.4991 2.53269 3.49508 
1.78607 1.04317e-05 1.19012e-05 8.54 1.2877 2.23329 0.000294874 8.77696e-05 6.25434e-05 0.499208 0.00397994 0.871858 3.72546e-05 0.0655941 0.800235 45.8484 0.596815 7.4818 
3.99365 1.4579 0.000136019 1.07201e-05 0.0638587 0.158335 0.0232596 0.000641312 0.00416609 99.0904 2.62003 0.0119283 0.000227493 0.23635 1.31595 27.6828 1.98201 6.40733 
0.00516023 0.133121 0.126542 5.62764 1.28864 1.9578 7.38792 0.000200046 1.50943e-05 0.0425243 0.0268573 1.17678 2.49381 0.000207422 6.09662 48.891 1.06095 3.46387 
0.0070012 0.0197109 2.44337 0.00694162 4.82355 24.8377 0.00627731 0.00100105 0.726528 0.0219739 2.70858e-05 0.0114182 1.87735e-05 0.360463 2.08694 36.0924 2.49848 9.63072 
1.42621 6.58596 0.158453 0.0329758 0.00903055 0.0223444 0.119154 0.0224466 0.0316731 0.352691 0.1608 0.0492344 0.404805 0.00692292 1.74972 43.1008 0.577375 8.25522 
0.00308977 0.0139694 4.04615e-05 3.50893 0.00902849 0.543047 0.431037 0.00959685 0.000100079 0.0151014 0.600956 1.19324 0.085381 0.0781178 1.75417 37.372 0.849168 4.01872 
9.13625 0.0150165 0.00805523 1.92199e-05 0.0115683 2285.7 2.03401 0.35013 0.0373948 3.04055 0.0079824 0.119026 0.0515574 0.0661502 1.22252 39.9363 1.70891 8.48586 
1.55101 0.973531 4.82025e-05 3.18205e-05 1.1289e-05 156.419 0.000214 0.00126211 2.42016e-05 282.846 0.00124757 0.121847 0.0011998 0.399517 5.25513 29.8197 1.0808 7.60756 
0.0254559 0.0899509 0.000181498 0.000197785 1.3797e-05 0.30419 0.0429726 0.00613011 0.0404955 0.0112669 0.0644719 46.8145 0.0956074 7.95568e-05 2.42512 49.0296 0.651385 2.77133 
3.01875 3.97255e-05 0.00333983 8.53287e-05 0.0133169 20.5754 0.000113595 0.0144745 0.189293 2.52748 0.013778 150.935 0.0002523 0.0750195 1.95163 10.8051 0.937967 4.20594 
0.000203173 0.0410057 9.73129 0.00297438 0.000157182 0.22962 1.17142 0.00334981 0.00639276 1.19975 0.00132887 1.57596 1.45027e-05 0.487695 6.02888 43.2869 2.59262 4.67972 
0.000716054 0.035867 8.05605e-05 0.087844 1.4953 0.0116595 0.136912 0.00331165 0.00237832 0.244831 0.0230648 26.9981 0.0697375 0.198728 2.11174 20.1757 1.99455 7.90738 
0.00059353 0.000665048 1.70808e-05 0.00187326 7.93711e-05 12.8856 0.00940426 0.140879 0.00399584 0.121686 1.66278 433.527 0.00671455 0.0334534 3.92731 12.8482 1.7207 8.9692 
8.97825e-05 0.211039 0.197597 0.329959 5.38407 0.385384 1.38286 0.000900467 0.000167473 1.81417 1.56412 45.1047 0.922681 0.000608753 1.30079 45.9459 1.86737 1.38714 
0.117956 0.00372935 0.0747586 0.000136837 3.96211 2.06584 0.0020837 3.84429e-05 0.00204504 258.694 9.1097 63.6994 4.98619 0.00903319 1.34711 23.8932 1.28343 4.62539 
2.71891 0.000417595 0.00299878 0.0102275 0.00191937 0.0155944 0.141523 0.00048523 0.000584513 0.0431914 0.083474 20.9791 4.24003 0.0186795 8.60001 19.8607 1.48768 5.47271 
8.63626e-05 4.12541 0.0173289 2.05426 4.52785 700.79 0.0404097 0.232259 0.000467042 0.0928262 0.00527064 169.995 2.42651 0.388292 8.78207 25.0444 1.18927 8.76187 
0.0504389 0.00034888 2.22727 0.00117144 8.54752 24.7621 0.00184728 1.44495 0.16806 2.25511 0.0221337 315.626 0.0832254 0.430139 2.65786 29.9524 2.42515 2.42354 
2.99537 2.06731e-05 0.378898 0.564382 1.1998e-05 1.27551 0.000634794 0.230753 0.00130044 377.201 0.00253875 0.0850907 1.56936 0.122217 0.899935 33.8897 2.57188 6.305 
2.07887 7.38056e-05 0.127718 0.000294366 9.33015 3.88022 0.0668053 0.0953599 0.352699 7.40477 0.00705629 218.286 9.78314e-05 0.284458 1.38131 47.8707 9.14162 2.70968 
0.121828 0.000234653 0.424241 0.2407 0.000116109 0.0168415 0.00928605 0.00336888 0.00141857 10.8292 3.11783 0.640244 0.000476826 0.990096 7.26459 35.5418 2.70529 8.76861 
0.236386 9.7696e-05 1.64608 0.00106645 0.46575 669.317 9.64717e-05 0.72635 0.00341937 0.0676489 0.631293 19.1711 2.18309e-05 1.17476e-05 4.02346 46.2377 1.34659 5.3927 
0.0332818 1.33707e-05 0.193496 0.0908508 0.00136999 0.0125076 0.345528 3.99565 0.000358839 54.2736 0.00816897 41.475 0.00216342 0.0678592 0.819604 38.6241 1.14525 4.98771 
2.18884 0.0118943 0.669064 0.000792669 0.484176 60.457 0.150673 4.69593e-05 0.00283447 0.282947 0.0265238 212.961 0.603293 0.0149637 1.7866 49.9244 1.08914 6.93277 
3.25166 5.19533e-05 8.9163e-05 5.82836e-05 0.261347 147.277 4.94572e-05 0.0882576 0.00786039 0.174343 0.348038 365.749 0.00024644 0.126259 1.69077 4.53505 1.29504 9.90512 
0.153229 0.0114604 4.7934e-05 0.0110666 0.0502131 2122.81 0.542172 0.360986 0.145234 0.313832 0.596268 167.891 0.380573 1.18671e-05 6.48762 9.31494 0.58847 3.79497 
0.00114508 0.0114829 0.186692 0.815925 5.12804 0.216729 0.00742563 1.4126 0.0115371 0.539825 0.0296671 459.618 0.0247958 2.76574e-05 1.37834 5.84392 2.88414 2.79902 
0.0223783 0.0363399 6.87538e-05 0.00122983 0.0160844 0.845834 0.0920704 0.203769 0.000135078 0.316672 0.00167069 0.630786 5.2762 0.00126177 0.240727 32.5399 0.905131 8.22059 
0.0133412 1.29118e-05 0.0732231 0.000741676 0.000592553 0.0129488 0.000200796 4.55941e-05 0.0149697 0.288399 0.00022776 0.0261003 0.00107298 0.116034 0.510941 48.6551 3.80892 7.60477 
1.9321 6.52579e-05 4.11614 0.0228519 0.000639126 159.443 0.170663 0.138323 0.0638885 0.0764463 0.0117015 323.602 0.00106806 0.00154978 7.18261 34.6669 4.26349 2.77905 
0.0922352 0.210488 0.0351447 0.000118417 0.422624 0.0267927 8.25435 0.00804315 0.000931486 9.34631 3.58778 0.0163506 0.5172 0.0857637 1.39349 37.0485 1.11111 8.80922 
0.00841205 0.000428476 2.904e-05 0.000209315 0.000512927 0.0159367 0.000194348 0.47769 0.263713 0.83443 0.0474867 1.67381 3.15807 0.00811391 2.65066 29.4018 1.53838 5.75942 
1.28649 0.00117694 0.063964 9.50702e-05 2.54192e-05 245.823 7.54152e-05 0.016664 0.165604 0.408455 6.21609e-05 0.0319885 1.08583 0.142492 1.47831 32.8053 2.53516 7.57392 
0.0142908 0.195799 3.8257 6.50121 3.66996e-05 565.526 0.00749306 2.62426 0.63096 0.261699 0.680821 0.520067 0.121976 0.00130632 1.5895 47.6916 0.719337 9.42679 
8.94313 3.47559 0.000829992 0.000276942 1.94212e-05 0.018732 0.000668899 0.156367 0.0705674 136.669 1.47036e-05 3.25115 6.02064 0.103443 2.35865 46.347 0.771972 2.23185 
0.000111497 0.0404911 0.0101471 0.000884715 1.21406 0.598058 0.000307536 2.1813e-05 0.000760957 35.7359 0.0813789 43.4469 0.818528 0.0616367 1.42441 37.2488 0.704158 4.49738 
0.0388204 0.0335362 0.00033377 0.018179 1.64337e-05 4.83409 8.63348e-05 2.8469 0.011229 0.133486 2.44043 70.1017 0.635281 1.30605e-05 2.12402 22.2854 6.40005 8.23521 
0.11139 2.80649 0.0217619 3.72981 0.180217 0.279506 0.2313 0.024997 2.363e-05 20.2225 2.30754 7.41427 1.13236 0.0176898 2.55007 49.6625 2.43006 8.12475 
0.00406939 0.799746 0.00254181 0.139789 0.601279 0.0354282 0.000386031 0.0194728 0.323517 0.171108 0.0278074 97.0117 0.151818 0.00731868 1.3311 42.1023 5.46502 9.27131 
0.717744 0.0509521 0.174496 0.0053857 1.77733e-05 3.07911 0.989838 2.03182 0.405724 21.1872 1.75972e-05 0.010839 0.000184271 0.0390113 0.828034 33.3052 0.690956 8.97091 
1.1649e-05 0.0130194 0.211084 0.00111322 0.000104502 0.944989 2.50376e-05 0.000136271 0.0766926 2.06306 3.22313e-05 3.68264 8.38684 0.0376598 0.832505 43.819 1.67328 6.1496 
0.0936505 2.91522 0.00125354 4.45008 8.10514 20.6602 0.404169 0.000212465 0.0746924 4.46336 4.08206 1.69327 0.221439 0.222783 3.79072 45.555 2.22421 3.06719 
2.64744e-05 0.00265952 1.54767 0.00456972 0.581965 3.7201 0.000364396 0.000201466 0.00051176 2.33068 1.36792 1.34421 0.00154229 0.352848 2.01305 23.2702 1.95228 7.01091 
0.12891 0.315372 0.19454 6.56838 3.62077 0.441942 0.00179886 0.00342918 0.000637847 0.0523787 0.0374712 17.8586 0.522036 0.00122654 0.489197 42.7923 1.37048 8.02632 
0.0419916 4.3868e-05 0.227248 0.000170019 0.509615 2.69234 0.178451 0.10376 0.000696881 1.05231 0.0020489 11.1112 0.49133 0.0779123 1.91403 39.8965 1.5896 3.15901 
5.13359 0.61526 0.533131 9.79531 0.108927 547.298 9.34166 3.73267 6.70756e-05 0.124731 0.0399478 0.0300001 0.915442 0.390453 4.56052 36.7612 2.78489 5.24144 
0.542986 0.0325856 5.02912e-05 0.0162987 0.00202282 0.0243014 0.00167794 0.0568515 0.0125333 7.02698 6.78058 0.0227852 1.14748 0.0282305 1.40731 27.4315 1.31138 9.09565 
0.000572239 0.000418125 0.00110401 9.55424e-05 4.09839 1523.87 0.00418299 0.0141331 0.0131709 1.76683 0.00547991 0.232288 0.037696 0.0395169 0.354188 39.2439 1.10602 7.07969 
5.41188e-05 0.000112809 5.72584 0.000290614 0.000850302 1.14882 5.22857 0.0371994 0.086717 0.0630718 0.00226356 92.5346 0.458085 8.58508e-05 3.14851 11.3965 0.608008 3.3453 
0.134169 0.96638 0.26996 1.81415 1.28896 0.106238 1.93694e-05 5.96656 0.0117647 1.05007 1.54677 123.425 0.122028 0.0233079 5.63967 24.3615 1.85487 7.01651 
0.0455633 0.00409384 5.96023 0.767648 0.000881407 558.608 0.902678 3.01589e-05 0.00324577 0.0124131 2.69436 0.652521 0.0018828 0.426456 2.89396 47.0981 0.762602 6.99286 
3.00575e-05 0.401323 1.90108 0.00151109 0.0170857 1441.76 0.0408127 0.00479929 0.0747919 0.359615 0.724078 0.384481 0.000147082 0.0117089 1.3061 31.9314 0.799653 8.30478 
0.000119167 0.979158 0.79874 0.00022473 0.000649181 0.851309 0.000881381 0.393392 2.09668e-05 4.94377 0.293847 0.668147 0.0247411 0.0706246 3.27278 36.1959 0.656437 3.85101 
0.157901 6.62387e-05 0.0118832 0.00350389 2.56083 2911.86 0.0219669 7.01174e-05 4.39252e-05 9.6911 0.0615477 6.42896 0.000579991 0.0942287 4.75972 45.0209 0.774816 6.00942 
0.151526 7.26754 0.422626 0.658427 0.012272 66.4363 0.0201944 0.121124 0.00171788 0.303613 0.773993 256.77 0.0627166 0.117569 9.47134 36.0231 2.84013 7.59749 
0.0360413 0.0102206 0.359263 0.00685413 4.94342e-05 0.23601 0.0666839 0.0116276 0.00468765 330.357 0.000434854 3.03878 0.00280009 0.297665 1.4098 37.4372 2.29188 4.51125 
0.00318945 0.00060022 9.66847e-05 0.000631186 0.0160985 161.41 0.00269802 0.013868 1.00215e-05 0.748845 0.00115668 71.3464 5.55817 0.0018631 0.719527 49.1375 1.00515 7.43059 
0.0986225 0.0123061 0.0151578 0.00063382 0.0471731 0.0388956 0.603401 0.145199 0.00750012 9.29675 0.0016019 3.01702 0.000430001 0.0652327 1.53988 47.8156 0.689597 6.84279 
0.000209765 2.65767e-05 0.0250062 0.0087033 0.00021576 9.03265 0.00140778 0.925031 0.753695 13.4099 0.000369635 2.36584 0.0837458 0.520402 3.57515 32.5627 3.40062 7.77768 
0.0032392 0.132546 0.0103117 0.00109245 4.38606e-05 0.251538 0.439808 0.000130143 0.964029 1.71052 0.010189 0.844448 3.1234 1.34402e-05 0.963733 38.121 0.465498 7.32868 
1.92084e-05 0.000208436 0.546699 0.0213148 1.90579 142.607 0.00783583 0.178264 0.0570203 8.34494 0.0133339 391.337 0.000150579 0.000359262 1.22461 8.36269 2.34975 4.96255 
0.00314448 0.000596968 0.000357299 5.60748e-05 3.74372e-05 0.0426348 0.0156031 3.2315 0.000757613 0.0307637 0.284462 4.28976 1.56339e-05 0.206791 1.64278 32.8157 2.12604 8.73411 
4.4257 5.17553e-05 9.37849e-05 0.000326128 3.14182e-05 564.784 0.113519 0.560298 0.00212842 40.5892 8.94198 32.9938 0.000158532 0.0703433 0.663369 40.9403 0.898493 7.42428 
0.0854685 0.521696 0.504364 0.0157132 0.00207292 30.2761 3.12124e-05 0.142252 0.208857 0.0183239 0.00327946 19.4835 0.1216 4.71484e-05 7.26557 47.0554 0.520857 6.08347 
0.0043978 0.00123958 0.526546 3.12555e-05 0.000719768 0.50383 0.645736 0.0675023 0.000867662 0.0736722 5.16254 135.666 0.776334 0.00686418 3.33994 10.3913 1.93016 9.24006 
0.00030869 0.000183302 3.36684 1.27556e-05 2.33582e-05 0.0176277 0.0127834 0.656547 0.0554417 1.14627 1.53212e-05 7.43966 1.8556e-05 0.237085 2.93072 28.1693 0.875549 7.07751 
0.0361719 1.23243e-05 6.32183 0.0041678 0.00317033 3.54546 0.0303223 0.000217109 0.000457255 0.0175621 0.00041495 5.8652 0.000147787 0.359788 4.49804 25.9457 1.53103 5.74653 
1.05293e-05 0.0215614 0.023778 6.70079 1.85183e-05 0.0144473 1.54323e-05 0.000733949 0.00949241 3.70401 0.003708 116.476 0.00888806 0.17832 3.31731 33.8582 1.18973 3.2186 
0.0996194 0.0517881 0.000779268 0.588589 0.0308384 0.0252002 0.248445 0.472663 0.000183994 11.2087 0.000631644 19.7984 2.15277 0.0705684 0.912972 32.8306 0.648991 7.13199 
2.05595 0.00120266 1.47351e-05 0.000241919 0.000954065 16.7365 0.000422061 0.37343 0.543638 0.811873 0.00639457 114.323 1.0487e-05 0.00333008 1.31648 3.45444 0.973341 4.42242 
0.00225984 0.00035452 0.552264 1.4206e-05 0.655116 2.85262 0.402805 1.58199 0.172625 0.342614 0.00296946 145.729 0.269694 0.0367344 2.55136 10.5858 1.11201 8.45163 
0.00888315 2.16139 0.446091 0.00112533 0.0104977 0.289221 1.16557 2.42522 0.0827794 12.4335 0.312478 103.978 0.279162 4.34024e-05 1.06948 18.8504 1.50024 4.71193 
1.36471e-05 0.00143367 0.00272655 4.44638e-05 3.68296e-05 0.0804735 0.00553664 9.93904 0.257057 0.0331427 0.0261908 164.908 0.318283 0.0367208 3.17581 19.8625 1.82553 0.999273 
0.000980449 2.49689 0.00876655 8.87299 0.00182718 1.70064 0.000221325 1.90296 0.563811 0.207906 2.15594 0.0597486 0.637191 0.0157102 5.13504 24.7063 1.31868 9.80023 
0.212627 1.23008e-05 0.00961382 0.000503978 0.00382423 0.114763 4.69989e-05 0.649249 0.0806799 0.015429 0.000762576 0.079272 0.146954 0.149561 2.28362 21.2961 1.15703 8.82359 
1.92691e-05 0.000106043 3.25576e-05 0.0360146 8.22698e-05 40.9937 0.0592585 0.193405 0.00118941 0.010269 1.45539 72.4804 0.00151278 0.190972 0.614089 10.6094 3.22166 4.65834 
0.0954224 8.53623 5.74752e-05 3.56985 0.00166095 500.497 8.3466e-05 0.905682 0.0711715 0.0924749 0.0176888 427.234 0.000275968 0.0109878 8.37036 17.0095 0.783103 0.584808 
1.71335 0.0758869 1.72739e-05 0.143314 0.104774 0.0252622 0.000154142 3.43967 0.436402 11.8946 2.77394 361.378 5.86321e-05 0.000526084 6.87204 18.4238 0.563607 1.94535 
0.000571687 6.03999 3.01726 0.00419404 2.64813 159.263 0.000303785 2.38682 0.00966606 0.0114603 9.45104 155.936 0.0101654 8.14973e-05 3.95593 7.27818 1.12986 1.3575 
4.17388 8.78909e-05 1.69927 0.0150519 0.00015699 0.0308317 0.143632 0.00606486 0.0725138 33.8812 1.12943 48.1733 0.0110384 0.0413541 5.0555 18.6903 1.11396 6.13813 
0.000680571 0.0590023 1.02202e-05 1.8997e-05 1.43414e-05 274.188 3.00304e-05 0.199523 0.0993754 0.651347 0.0464067 0.0617331 9.47834 0.0306352 0.788508 29.1602 1.67029 9.06035 
0.0105329 7.4784 0.00414364 0.497012 0.000373006 6.77613 0.14256 2.42977 0.125745 0.0395066 0.00683195 206.401 0.198908 4.02784e-05 2.11483 26.3055 0.927463 3.64689 
1.68668 0.00846444 0.150058 5.83442e-05 0.000193754 0.0978612 0.215777 0.206121 0.151645 5.856 1.99321 81.4559 1.53541 0.000109958 4.50186 4.12386 1.06308 8.90213 
0.454061 0.0836681 0.00413274 1.34579 0.001617 9.96396 0.00019234 2.80887 0.248202 0.0646396 2.14987 10.9587 0.0932916 5.02477e-05 3.61782 20.9313 1.03424 7.14786 
1.11233 7.9973e-05 0.000170594 3.34351 0.000425989 25.0644 0.310028 0.227904 0.031124 0.131751 0.0044558 148.965 2.90779e-05 0.00643371 2.088 9.29555 1.61764 5.03082 
0.100672 7.51466 2.5303 1.17116 4.39882 4.53832 0.0288961 3.0164 1.783e-05 0.0309366 0.000167002 116.813 0.0214199 0.0220296 0.189643 42.6912 1.63989 8.13795 
0.00521401 0.000727647 8.28024 0.000565647 0.00156531 1.03491 3.81915e-05 0.00476444 0.000362896 11.1659 0.140814 184.939 0.54119 0.195127 1.11574 22.4153 1.85267 5.16324 
0.000399969 0.00057078 1.45773e-05 0.024605 1.22508 20.2826 0.000410906 0.97647 0.000495743 28.3875 0.0556715 140.254 0.00284008 0.159853 1.36666 42.4593 1.03161 7.84852 
2.94919 2.2662e-05 6.54005e-05 0.0058738 0.17056 0.0235204 0.000145131 0.217779 0.105197 0.257425 0.725043 14.8305 0.0574385 0.00045848 4.3142 26.228 1.25984 4.40564 
0.00144553 0.00962937 0.00202852 6.15047 0.0130752 0.17892 0.0213312 0.0331187 0.0594919 69.7564 3.82397 213.687 0.0147997 0.00154745 3.90467 21.1487 4.85161 3.23614 
1.0344e-05 0.138777 0.000194262 1.23259e-05 0.0512556 0.0590097 0.000328311 1.61492 0.244696 23.5212 0.020036 14.5122 0.00267577 0.260379 4.85019 46.8492 1.00774 3.60269 
1.04917 0.031983 0.835219 0.000739874 1.02564 0.0641122 0.0284895 1.69521e-05 0.108152 1.73035 2.6731 54.7359 0.419053 0.000392912 2.39178 42.734 0.59567 8.72336 
0.593044 0.0213057 0.00214699 2.10222 0.000113636 524.135 0.681024 0.0198894 0.00205469 3.75058 8.44878 96.3488 0.21218 0.0024312 1.58876 31.8442 6.17783 2.17385 
0.3509 0.000987148 0.000514455 1.63127e-05 0.000628771 0.0451708 0.000209981 1.67706 0.0422173 0.0175852 0.288955 106.411 2.54239e-05 0.502138 2.71416 12.4533 4.6663 6.3796 
0.249093 0.00179104 0.0431072 0.000610351 0.150743 18.663 9.55834e-05 0.0227058 1.99762e-05 369.003 0.000147824 0.119012 0.116529 0.133434 2.28472 20.874 1.16026 8.88835 
0.000119045 0.0543183 0.103905 0.10718 0.18577 0.0722315 0.000350776 0.000112352 4.50234e-05 0.114734 0.655186 21.2643 0.156452 0.00916953 2.13074 46.0558 0.895804 6.14865 
7.35172e-05 0.842524 0.0498602 0.142851 0.00505402 194.086 0.0231129 0.57463 0.497783 49.7108 6.46241 6.32268 0.00554196 0.00183194 1.22439 39.4517 3.3652 8.33401 
0.0003942 0.0946026 6.86568 3.43411 0.00341241 533.307 3.68255 0.000524832 0.0101507 10.0104 0.540654 0.0403808 2.91157 1.71341e-05 1.12553 18.9933 0.718795 9.42543 
7.92017e-05 0.0067545 0.0343081 0.000904053 1.22517 0.0433234 1.17298 0.111841 0.000755318 35.0382 0.0830274 1.57121 6.45307 1.04762e-05 2.23619 49.7754 1.1156 6.00587 
8.4687 0.000161103 0.00136539 9.45068 5.62447 4.02492 0.000295041 0.000338455 0.0128953 3.17087 0.00311744 5.52066 0.000582078 0.110132 1.11884 42.8964 3.41149 8.93466 
0.00570279 0.197027 6.18802e-05 0.0022371 0.0529481 442.019 0.000164348 4.45447 0.000706486 0.145473 2.82955 14.3144 0.000558173 0.187975 5.04843 31.526 0.80027 9.6145 
2.75073 0.0493003 0.016743 0.00252495 0.422726 0.124625 6.43038e-05 2.68507 0.00456746 3.42463 0.0576487 0.02706 4.36859 3.3402e-05 2.95337 33.8588 2.507 9.13345 
0.00255752 3.8927 0.754681 0.069007 0.993519 2.17809 0.00515848 8.92347 0.130617 8.44959 0.064468 29.3693 7.99796 0.00220272 0.990106 17.0474 1.04765 9.4975 
3.20007e-05 0.0970446 0.000448752 3.51026 0.0405776 0.127627 0.00122744 0.000111778 0.000146357 0.664088 0.00206122 0.0193388 0.011495 0.087663 1.29599 39.9967 1.84035 6.93454 
0.304571 0.000328289 0.000186681 0.000229607 6.39024e-05 12.9388 3.0828e-05 2.26523 0.0306215 0.0567836 0.698871 11.8566 0.0303235 0.000214831 3.02052 38.9394 0.802497 6.8539 
0.0569975 2.31743e-05 0.000312093 2.02821 0.114152 896.319 1.15716 0.365985 0.1964 42.7271 4.43374 27.6045 3.44991 0.000414049 2.72303 21.6043 1.46078 3.25442 
0.842197 3.17393e-05 0.000236207 0.0156997 0.478465 0.970758 0.00177812 7.70436 0.000169162 25.7809 2.38332 6.19704 2.1958 0.0119757 1.27538 20.4021 1.60315 7.91131 
7.92709 0.239484 0.736129 0.0213738 0.000491504 0.609475 0.000576305 0.0567033 0.136529 0.238061 4.89557 166.962 0.0705126 0.00853985 3.05041 2.23406 2.77132 7.02803 
3.02783 0.000474985 1.88377 7.69662e-05 0.0431616 0.0157886 0.0684841 0.0167139 0.060327 1.27731 0.0445085 162.313 0.49084 0.124503 1.24585 21.0228 3.17702 2.41999 
0.00502394 0.138489 0.00114254 0.899951 0.000349309 0.0128864 0.0341177 0.00517444 0.00959101 0.467176 0.0146894 387.279 0.00189406 0.167434 1.48804 31.3125 2.24418 5.98377 
3.38603e-05 0.000918869 0.0525066 2.85328 0.0257988 16.2265 0.996121 0.813091 0.434724 21.9304 0.0164501 339.684 1.38739e-05 0.0498281 0.843971 5.63117 1.83989 5.51819 
0.0380509 0.0029698 1.73204 3.10151 1.08085 38.2643 0.000538528 7.47239 0.00124228 0.0205492 0.127118 90.1924 0.0330043 0.210296 0.768896 44.886 3.44991 4.96281 
2.7288 1.62217 1.38105 0.00130522 2.49112e-05 1999.68 0.00762562 0.000242584 0.0242929 25.8262 0.186231 0.422449 7.68944e-05 0.253009 1.98993 19.1502 2.00433 8.82732 
3.33433 1.44042 2.56529e-05 0.000483464 3.94553 0.209392 1.61422e-05 3.7456 0.401445 0.0662267 0.00543438 89.3904 0.161533 0.000792609 6.30643 16.5537 1.87593 3.11676 
0.000676335 0.000451124 3.25062 1.33718e-05 0.0160479 0.346568 3.73476e-05 6.27349 0.704547 5.94935 6.33037 227.315 0.298716 0.0631592 5.51452 5.9654 1.13153 1.23669 
0.408753 0.0476259 0.00122136 0.000194365 0.00266128 6.82548 0.000433567 1.10085e-05 0.0983833 421.799 0.0022525 3.65784 0.343209 0.224491 3.52206 21.222 1.22786 9.54373 
0.254651 0.000697455 0.000749218 0.00254392 0.20863 125.357 0.000117435 8.84028 8.10601e-05 0.0266092 0.114197 0.301855 0.25687 0.257559 1.09192 20.7871 3.21804 8.27517 
0.000615761 0.367932 0.0112319 0.00604731 0.319647 1.29271 0.00708896 0.000646644 0.138015 0.193243 1.79499 0.136807 0.000466049 0.28851 4.29005 33.0034 1.25872 6.99152 
0.00105348 0.174733 0.00456242 4.38266e-05 0.510353 0.823558 1.485 0.447853 0.00154251 54.8205 0.579241 9.30031 0.0053675 0.112644 0.462589 45.9194 2.70052 9.67781 
5.07058 0.014829 0.147127 3.6991 4.54242e-05 1.4677 0.00522279 0.120272 0.000601664 0.299742 0.000146725 219.312 5.42664 0.144978 1.22476 20.9108 1.07593 9.5206 
9.10228 0.179054 0.7803 0.000411219 0.000930944 417.558 3.20532e-05 0.000735905 0.0062693 32.0563 0.000178108 13.9699 0.0879519 0.50606 4.21302 26.3712 2.08967 9.67624 
0.137096 0.0572566 1.27032e-05 8.24782e-05 0.00897765 1721.68 0.0734708 0.0667009 1.69342e-05 7.9491 0.463653 1.72025 0.0182466 0.0861632 3.12383 47.8027 0.657805 4.32289 
0.16936 0.00102085 0.120353 1.01311 2.4531e-05 401.548 4.53208e-05 0.344888 0.0695103 0.0586537 0.00313424 241.394 0.706105 0.192857 1.00979 7.10015 2.79007 4.85095 
0.849896 0.844478 0.00248624 0.283928 4.82517e-05 0.0344667 0.0276184 0.032524 0.0292328 0.121357 4.37828 418.686 0.0552558 0.174264 1.58741 14.4411 3.18701 1.20435 
0.0870894 0.00116893 0.267062 0.502377 6.01595e-05 0.282144 9.92329e-05 0.00101332 0.00296746 0.922431 5.55756 3.47092 0.304615 6.02365e-05 4.31761 43.9023 0.890832 4.17473 
5.14316e-05 0.126099 0.0253114 0.00105351 0.00615648 222.62 0.365071 0.0775514 0.0042894 8.0606 0.0511118 347.235 0.00287235 0.00484483 0.499712 19.346 2.11309 1.5765 
0.000294766 1.57618 0.000831924 0.00184819 0.00241737 49.4665 0.000170671 1.10164 0.399687 22.3391 0.507679 77.285 0.000478355 0.00285779 4.56068 13.5467 0.569801 3.43739 
0.035318 7.3353e-05 0.0637418 0.0525876 7.40603e-05 54.9424 0.00747379 1.94768 0.00758094 0.0193551 0.401227 94.5351 0.194394 0.664658 2.14272 37.1125 4.7035 2.47434 
0.176432 2.34641 4.90734e-05 0.000355971 0.000356633 1.22758 0.0483486 0.188673 0.0731701 0.300355 6.88868 2.60164 5.34946e-05 0.000307945 2.98764 37.1294 0.723035 9.49339 
1.6666e-05 0.0017492 0.00237626 0.0137702 0.000251 8.5429 0.0589536 0.136926 0.0445301 1.13023 1.67169 113.034 0.00154693 0.00248915 2.66436 46.6083 8.40577 1.37514 
0.132666 3.47039e-05 4.5261e-05 0.00413069 5.41275 1.22988 0.00119183 0.564602 0.220542 4.94544 0.00065252 142.264 0.155361 0.00825327 0.790755 28.2935 5.07923 8.06112 
1.09978 0.119674 0.00609784 0.557069 7.90392e-05 0.408341 0.00236593 0.0149159 0.00164715 1.57076 4.53117e-05 0.0547747 1.07094e-05 0.146866 0.804478 49.7448 2.53137 9.93105 
0.244624 3.56417 0.000844374 0.64156 0.000228153 481.924 0.303653 0.00369106 0.935579 0.33409 0.0046761 0.431602 0.0608094 0.134452 0.91463 28.0668 2.2144 8.32308 
3.40198 0.0267953 0.26556 1.41341 0.00669131 2.12555 0.0986505 0.471739 0.212651 0.0368917 0.00390686 340.092 2.24913e-05 0.0216542 1.86717 48.6934 1.41388 0.769479 
2.63396 0.00420231 0.012432 0.069428 8.31561 1.84324 2.80788e-05 0.00469411 0.00118542 87.4107 2.20094 3.64453 0.0238621 0.438992 2.26749 33.1598 2.88686 5.54586 
0.000101273 0.000271534 7.99326 0.00191497 0.00025922 2157.82 0.731757 2.52596 0.00012922 0.257276 0.00952402 0.0288863 0.0733498 0.227236 6.81885 44.7903 0.741242 7.37221 
1.17222 0.000421601 0.00205802 0.000156376 0.000137421 6.91922 0.0128153 0.000145571 0.0114821 106.412 0.0016872 5.26037 0.00197337 0.102032 2.41488 46.5292 0.85617 6.07589 
2.695 2.65772e-05 1.85512e-05 1.5099 0.0453258 78.3486 0.220602 0.569141 0.00766195 0.02462 3.50929 64.0084 0.0209464 0.00213636 2.10824 7.36597 1.32073 8.61065 
0.000427571 0.00134937 0.000726347 0.702726 5.05663 1817.67 2.67883e-05 0.0182116 0.000621242 2.25129 1.01944 368.25 0.0212596 0.099945 1.68372 38.2558 1.11321 4.97139 
8.70914e-05 3.96437e-05 1.38907e-05 0.00623164 5.92889 0.36177 0.774807 0.000264656 0.175717 39.571 0.54957 49.0998 5.76478 0.157142 0.983081 44.4418 4.05184 7.59095 
3.07642 0.0254804 0.00101188 7.50976 0.148992 0.0431306 0.597194 9.92632 0.0252868 348.556 0.000828408 46.4629 6.52964e-05 0.0718703 0.874986 29.1601 1.27486 4.49926 
0.602865 0.000481376 0.0228736 0.00209734 6.10214 0.0779044 8.14884 0.0239703 0.0455359 3.12276 7.01892e-05 0.0155526 2.3686e-05 0.143069 2.65177 37.1544 0.836273 7.12172 
0.000926174 2.16853e-05 0.00200655 0.00978447 0.02113 119.207 0.0187207 1.07528 0.0326928 0.0100125 0.0174845 307.782 0.000172923 5.9415e-05 0.905558 2.92174 1.2554 2.96658 
0.012402 0.00052322 0.000439522 6.85443e-05 0.125304 3.00191 0.0268774 0.0018963 0.00454258 168.224 0.0303047 0.203118 0.54111 0.34137 2.12397 25.0007 2.6598 5.4346 
6.0953e-05 0.0614902 4.86323 1.01366e-05 1.0182e-05 0.303823 4.73932 0.108428 0.00749854 3.01447 0.827945 43.769 0.000237658 0.393515 5.09026 25.2709 1.26484 6.0448 
0.0226702 0.0398397 0.0559656 1.18885 0.0618222 3.24681 0.00204888 0.000925193 0.0263821 46.7084 5.51406e-05 0.973677 0.00161144 0.144468 1.8507 42.9023 1.57733 4.43073 
0.212013 0.0609507 1.83563e-05 0.00214232 0.0140204 5.92803 4.52003 0.0114599 0.00936608 4.14599 3.7286e-05 16.712 0.0823712 0.190021 2.07732 27.3414 1.0565 7.85756 
1.43348 7.52154e-05 0.919071 6.57741e-05 0.00165108 23.6903 0.0255085 0.00222838 0.00310217 2.06282 0.00013095 0.974479 0.0138568 0.414861 2.69672 43.4313 2.55103 3.01348 
0.0383736 0.000702813 0.000355865 6.814 2.20429e-05 14.8435 0.0728714 0.115879 0.0128701 0.257144 0.0487439 372.997 0.00628399 0.00226065 7.62211 18.191 2.49088 5.61778 
0.0290204 0.0922344 1.84457e-05 9.51686 0.444604 8.14108 0.0169728 0.000730421 3.8616e-05 76.8653 2.341 0.0139758 2.05531 0.0154832 1.08261 44.164 2.62897 8.65224 
5.83678 0.0393519 3.31966 0.0429353 3.79183 592.597 0.000401433 0.00057316 0.3251 30.4114 0.000876019 7.26509 0.0748698 0.286484 1.51079 43.4563 2.78722 3.19352 
0.905824 0.151134 2.45797e-05 0.000114801 2.90241e-05 3.06153 0.000109837 0.454606 0.151577 6.10106 0.683734 249.365 0.0089017 0.0138025 2.06967 34.7331 4.29033 1.03932 
1.09499e-05 9.44631e-05 2.10367e-05 2.0285 0.208815 9.64437 0.00106756 1.3166 0.453421 1.14211 1.80181e-05 221.518 0.000280163 0.0847915 0.42066 43.3556 2.22662 3.60373 
5.2798e-05 0.00322112 0.000557054 0.425925 1.63589e-05 1.913 0.704165 0.455627 0.00647809 8.62774 8.24501 129.45 0.000109121 0.0627212 6.5392 27.9337 1.32408 4.12598 
0.0317116 9.11141e-05 0.000342206 0.0313451 3.57046e-05 9.65156 0.323503 1.37854e-05 8.45822e-05 0.0164752 3.62218e-05 0.0177496 0.525557 0.141788 4.81088 32.8612 0.881553 7.14662 
1.32439 0.0220134 3.73414 0.532152 0.00465328 117.689 3.62875e-05 0.00132501 0.00158784 0.101947 0.00144096 0.277615 0.000106482 0.0361717 1.16202 44.7431 0.917324 4.4942 
0.0164994 0.418088 0.00862801 0.000137599 0.000459009 0.0146737 4.74643 1.34198 0.0481093 30.5684 0.0685734 77.1635 0.0082865 0.233954 2.1046 33.8591 1.96565 8.04649 
0.000347026 0.000594246 0.000614608 0.00559357 8.9475 0.0852231 0.427848 1.00921 3.7115e-05 0.0508356 0.217557 0.0691381 0.407358 0.00452291 0.812321 25.9703 1.70148 6.1228 
2.10761 5.86654 0.0031077 0.00568501 8.11855 0.0193104 5.31643e-05 1.75994 0.000764737 0.226145 0.0150555 62.8747 0.00568809 0.638374 3.40988 46.1269 5.1383 6.4698 
0.212887 0.000177251 0.0186323 0.000151502 0.000243137 2467.79 8.3756e-05 0.224535 0.00456217 0.841804 0.0203904 53.0991 0.000232146 3.98292e-05 1.73747 23.8492 2.28006 5.77589 
0.0470086 4.40066 0.00217308 0.00844957 1.40154e-05 519.152 0.000246269 9.97256e-05 0.00994808 0.0110795 0.0131792 0.347938 0.630022 0.00477137 3.38222 48.0283 0.612766 9.45903 
0.17635 0.814615 0.000111447 0.0192191 7.61527 0.276822 0.00073925 7.36467e-05 0.000549284 11.9652 4.89031 0.0920864 3.59389 4.34619e-05 4.67844 27.6583 1.95179 8.81386 
1.78045 3.23442 0.807982 0.00963264 0.00125819 143.827 3.55744 2.39245 0.314201 227.551 0.228812 217.898 0.788795 0.000236709 1.95739 23.6222 0.708789 5.74245 
0.470961 0.107231 0.000688314 0.0306932 2.78873 2027.34 0.00176334 0.00281898 0.0188011 0.880119 0.186615 51.8686 0.267019 0.0951091 2.99253 46.1171 1.93661 4.07697 
5.29565 0.067519 7.73614e-05 7.6025e-05 0.00532451 834.177 0.368033 8.85336 0.750661 0.0780535 0.867156 14.3552 0.00141181 0.000490696 3.65645 33.3623 2.70587 6.45635 
0.0154807 1.15208 1.08941 0.0226976 0.545732 0.769289 0.017803 9.99591 0.173664 228.031 2.78953 294.881 0.00454978 0.00911526 1.11477 27.4856 3.50411 3.58521 
0.00500854 0.00790645 0.0225599 0.0102788 0.242837 0.954867 0.000203806 0.00940242 0.400731 0.0211865 5.3468 0.0694647 0.0127311 0.000508586 0.745583 40.6188 1.45949 6.3903 
0.0106643 0.00333977 0.469704 0.0294971 0.464552 3.80627 0.000256605 3.53406 0.0135005 0.26472 2.91997 0.394648 0.0267201 0.0715078 1.08971 35.5291 0.853053 4.11857 
0.0759648 1.5328e-05 0.0029535 1.48505 2.90208e-05 598.187 1.01392 0.00471317 0.0434934 3.60866 0.0280477 0.699653 0.000894539 0.258514 3.47333 31.89 1.51237 4.33415 
0.327603 0.0194313 2.49831e-05 0.00259384 0.0163491 1690.49 0.0101802 0.0295106 0.000808963 7.14471 0.00139476 34.7254 0.0982937 0.11652 2.04763 30.9106 0.968366 4.12216 
0.0760595 4.33306 4.42377e-05 8.13439 0.0162089 0.0285357 9.81545 0.00680225 0.0015323 0.0377124 4.60543 2.53544 0.107827 0.0204799 0.688052 38.3285 3.10089 5.29196 
0.57775 2.14167 0.00128596 0.00487236 0.0723838 416.074 0.185666 0.513498 0.227246 0.231048 0.113499 59.3006 0.207722 0.0125845 1.79054 10.1741 0.992604 3.81531 
0.000407752 0.00722648 0.0249358 0.00013881 2.19988e-05 1.92637 1.10599e-05 0.000253246 3.67857e-05 59.9391 0.00350934 5.50573 0.0793696 0.333851 1.50699 44.7761 4.04911 6.72352 
0.0240628 0.732319 7.97443e-05 0.000288559 1.74837e-05 633.052 6.31825e-05 4.87314e-05 0.0246726 0.139839 0.0495788 245.806 6.50784e-05 0.355825 2.99165 37.5951 2.62581 6.36865 
0.000747065 0.056879 1.26232 1.86168e-05 0.00882085 0.878485 9.77654e-05 0.00141976 0.00881511 0.0259162 0.0208566 386.495 0.0200525 0.000170312 8.51131 10.8009 2.83306 3.6707 
1.81256 0.834071 0.00010703 0.0432496 0.0828035 33.673 0.45007 0.0140973 0.00262312 1.51888 0.87916 0.3698 1.11226 0.00562654 1.43777 46.3448 2.24286 5.41656 
0.0231872 3.10668e-05 0.387196 0.00459084 0.000129026 2.48356 0.123029 2.87812 0.00211936 9.24371 8.10931e-05 44.2308 0.000208286 0.244014 3.24941 28.8845 1.34621 4.09453 
0.001403 0.0401666 1.677e-05 3.59406e-05 0.0119144 61.0688 1.5008e-05 6.80018e-05 0.000711339 1.05563 0.0047287 0.218335 0.041135 0.16106 0.925934 41.1053 2.75316 3.16962 
0.138381 0.708146 0.0383662 0.000158775 0.000320953 0.0228988 0.0243648 0.101963 0.460229 10.4479 0.0371952 231.828 0.755779 0.000369361 0.387229 44.9408 9.21478 8.23625 
6.4211e-05 0.0485114 0.00204838 2.1555e-05 0.00141053 0.0551673 4.07523 4.10787 0.0509593 0.0147436 0.43993 285.399 0.00205955 0.481321 4.17104 13.4879 1.10728 4.13091 
4.85619 4.3685 0.00743744 0.00823847 0.123278 122.122 0.000120042 1.47307e-05 0.00018989 0.0780933 0.00409699 13.9678 0.227584 0.180062 0.809532 40.3524 3.64254 9.77879 
6.10817e-05 5.36087 1.08397e-05 1.08746e-05 0.327218 35.7635 0.0366984 8.88257e-05 1.01618e-05 0.587887 1.11114 5.16178 8.13851e-05 0.263931 1.27796 34.165 3.1578 8.23602 
4.13021e-05 0.000644066 0.0288224 0.000222613 2.03527 0.151587 0.430454 0.931873 0.00877155 0.26266 6.209 138.564 0.032854 0.000325788 2.53482 25.6159 1.20361 1.31545 
0.00128847 0.000985577 0.122995 0.00207704 1.41653 0.141657 1.13403e-05 0.969407 0.00810238 0.225512 0.0132936 0.45976 1.66002 0.0296787 1.79047 36.295 1.90586 7.14799 
0.00984991 0.000821789 0.270915 0.000471791 0.11609 0.725727 3.80155e-05 2.21838 0.045032 0.328273 0.000788909 148.481 0.00197203 0.00235768 1.96439 49.4213 3.13721 6.01936 
0.104681 0.00034691 0.000877521 0.591283 6.22699e-05 0.0240028 0.00150714 5.05347 0.85472 95.6388 0.397717 59.2058 9.43602 0.00147221 2.57065 32.0794 0.593573 5.54144 
0.000202187 1.28975 0.217691 4.08291e-05 0.398871 241.897 0.000134952 0.052031 0.131813 11.3336 0.453222 96.5111 1.1314e-05 0.000675502 1.18996 9.96808 1.55366 6.84499 
2.661 0.00536978 0.0937725 7.36593 5.54569e-05 0.275016 0.00104044 4.25212 0.00197355 6.84036 0.0318487 0.268436 5.89189 0.000594912 0.406605 35.742 1.2714 5.40643 
0.000335786 4.65854e-05 0.00447819 0.00463292 0.15129 0.0527459 0.000333161 1.89981e-05 7.97795e-05 28.9018 0.723806 0.0129364 5.77249 0.000915397 4.04898 48.6817 0.691175 4.12404 
0.000244414 0.0227146 0.242807 0.00167949 0.179112 96.568 5.94979 5.11783 0.0036179 0.0214575 5.24747 306.8 0.00486824 0.00922712 8.94252 26.9413 0.509718 5.52458 
1.528 0.0074477 0.00163042 1.08035e-05 0.000381844 0.0125919 0.000452122 1.39513 0.0341976 0.21389 0.33607 416.691 0.000133267 0.0305442 4.90816 16.2149 1.64687 8.4852 
0.000320056 0.0135597 0.000203215 0.00468657 1.23426 0.0221444 0.206751 3.05753 0.00165621 254.018 0.0136006 256.821 0.435421 0.152323 1.74442 39.4752 1.62221 5.93052 
0.0253251 0.0488687 9.56595e-05 4.5399 0.000131501 0.0169222 0.260305 0.000150198 8.50141e-05 14.9369 0.0026176 499.254 3.85921e-05 0.0765526 1.95211 36.849 1.52249 3.98818 
0.00681586 0.278983 0.00080899 1.35993 0.0898843 0.0765708 0.00600204 5.07788 2.47718e-05 127.002 0.0125798 0.708291 0.000891365 0.313827 1.10591 48.892 2.74517 2.47154 
0.0141361 0.307405 0.000106158 0.126336 0.00096069 0.0143596 1.75233 0.446244 0.087613 0.0236907 0.00318969 17.4266 0.00247151 0.0191419 1.71103 43.4426 1.60963 5.62386 
0.0349224 0.0251348 1.38491e-05 1.12307e-05 0.064803 0.0544511 5.1945 0.0500939 0.000546187 4.55309 0.000322816 0.607767 4.34119 0.193444 3.18464 47.0638 1.81728 7.32124 
0.000208116 6.47716 0.00310557 0.00961542 3.11678e-05 0.972389 0.00218859 0.0106385 0.539537 83.2047 0.00521439 0.339375 0.0657418 0.25504 2.71444 27.0505 2.44541 9.67089 
6.79927 0.167871 0.00713019 0.000570116 0.0037886 170.38 1.20406 4.53717 0.520119 31.383 1.27305 141.723 0.000382555 0.0476498 3.48692 41.3915 7.36684 6.10928 
1.02996 0.000463543 0.0896917 8.26276 0.000170255 0.367147 0.0772964 0.00789516 2.67347e-05 0.0715429 2.77632e-05 2.37404 0.487206 0.035731 1.09459 30.6236 0.685241 5.55276 
0.148401 0.000866068 0.0229721 1.71875 1.44931 1.06381 0.00269531 0.00479792 0.000867151 1.71302 0.235085 0.779649 1.66064 0.0108386 1.47621 32.3893 2.01476 7.38838 
2.02506e-05 0.00310305 0.0478014 1.70737 0.00452952 0.0321435 0.0316449 0.0156795 0.00260728 0.370685 0.0227514 52.8157 9.426 0.213524 2.05725 21.7111 2.10758 4.49607 
0.00132119 4.07263e-05 1.94702 0.00130298 0.00265627 0.267122 3.09025e-05 6.12655e-05 2.97053e-05 5.9331 0.00486451 16.3317 3.1464 0.0180531 0.731925 42.1697 0.75787 6.4298 
0.184422 1.58182e-05 0.00286794 0.000324685 0.000177764 53.6365 3.86668e-05 0.326792 0.0279523 77.1841 1.99522 458.031 0.0432223 0.00120032 3.93059 8.38249 5.12788 7.95427 
0.272913 0.301633 1.43826 0.0020388 0.00147256 1129.64 0.00490453 8.68803e-05 3.64e-05 0.516942 0.033439 59.0449 1.32945 0.138345 1.32915 45.3872 2.0761 4.49524 
0.000153359 0.0878172 0.730925 0.000123173 9.1446e-05 95.5502 5.89744e-05 0.276493 0.0257125 0.0213823 6.03676 486.051 0.126516 0.317787 3.03577 3.79399 4.95032 3.68618 
0.398221 0.959234 0.00265403 3.50298e-05 0.00112304 51.5458 6.57473 0.000698678 0.61792 0.114466 0.000848413 0.0420112 1.05407 0.166234 4.41065 35.2217 0.96251 6.72229 
0.00422095 0.0170642 2.81795e-05 0.43188 0.435586 11.566 0.00133717 0.383572 0.00850028 5.14567 8.50606 2.15004 0.0777457 0.124722 2.72438 35.7713 0.900212 7.67311 
0.0022195 2.64791 1.06374e-05 0.000247443 8.2866e-05 165.689 0.124393 0.000220463 0.00323516 38.8705 3.7027 0.912674 2.58763 0.0119772 4.4299 42.1151 1.06011 8.45878 
0.432827 0.104412 0.0115983 0.0661486 3.98063 12.8202 0.0298495 0.0846844 0.0214083 9.18092 2.15521 0.0112345 0.00195836 0.21733 1.2959 47.2573 2.99361 4.80884 
0.00199049 0.000382222 0.000169261 1.81711 9.51709e-05 0.0183642 0.0379474 0.835918 0.00613585 2.9832 2.83578 188.663 0.00884423 0.000732854 2.28277 4.15163 2.38428 8.0518 
0.845829 0.00230063 0.00122658 1.19524e-05 2.57884e-05 143.386 0.00476305 0.256433 0.173579 115.271 0.0713036 11.2968 0.00135971 3.77745e-05 0.687937 39.1694 1.03711 9.60504 
0.00239282 0.000888533 0.910628 0.0111048 0.000254998 1.41295 0.0281749 0.00631851 0.0658955 0.339464 0.143426 139.527 0.827887 0.00159966 8.95071 15.4219 0.6924 3.57724 
1.68968e-05 3.45919 5.95411 0.000356596 0.00194298 0.109984 5.32145e-05 1.90716 0.202446 0.0324048 0.257987 355.167 0.019187 0.00157445 1.53794 19.8754 1.17545 7.21002 
6.34049 0.00149645 2.16102e-05 1.55184 0.212316 202.523 0.00114179 0.993671 0.17004 4.70432 0.37859 0.756858 6.55473 0.000326102 1.07128 49.2264 4.07834 2.62109 
0.0103642 2.59017 1.35565e-05 8.39057e-05 0.286259 12.4077 1.52905 1.34217 0.127542 0.244018 0.543773 79.1044 0.00422253 0.000862871 1.43048 28.9434 0.610419 4.01888 
0.000530967 0.00244491 0.000310737 0.00116572 9.52967e-05 6.51731 0.000920751 6.83514e-05 0.000132316 1.23243 0.000621018 5.18267 5.62938 0.0290941 0.802751 43.1985 1.60235 7.50649 
0.000192503 4.52624e-05 0.0109286 0.00546031 1.44398 66.4577 0.0350516 0.150541 0.0115689 0.497778 0.10224 0.075711 3.63917 7.23898e-05 1.73158 20.1477 2.72071 7.74276 
1.02914e-05 0.00865697 3.51114 7.41043e-05 0.000141081 12.2749 0.562408 0.974406 0.0714198 0.0592804 0.0280036 261.084 0.0230261 3.44953e-05 2.89131 30.0574 4.37513 2.76504 
0.0632234 0.566161 4.35274 0.0860974 0.461849 212.39 0.000310159 0.000152406 0.318041 6.11636 0.935517 0.0169888 0.568663 0.0664731 0.402078 47.2457 2.50346 8.44626 
0.0011803 0.00816451 2.46286 0.0152163 0.0311628 302.106 0.0126757 0.137127 0.00118128 0.0102815 1.92074 181.768 0.0233216 0.0658933 2.33468 17.9666 3.01554 5.90781 
0.0109193 0.00293451 0.00227235 0.00368169 0.0388377 0.540044 0.000111522 0.379442 0.15104 0.0728501 0.0236517 120.048 0.0383676 0.352487 4.22024 5.62282 1.82439 9.85991 
0.0495303 5.00409 0.728369 8.70335 0.232053 19.2537 0.00375077 0.241413 0.00841607 66.5378 0.599663 131.669 0.107877 0.158029 1.23535 40.4579 6.56022 3.73577 
0.00018954 1.00813e-05 0.0296626 1.83436 0.000759415 0.0561713 0.11007 5.77043 0.221567 302.548 4.85167 2.61822 1.5305 0.0212359 0.87558 47.5227 0.793602 7.20664 
0.016484 0.100591 0.000172537 0.00166556 0.0588818 20.4175 7.57944e-05 5.36639 0.0141844 0.14749 0.121377 339.47 0.00027656 4.22382e-05 0.360204 13.0859 2.94643 5.49326 
2.77205e-05 0.269843 0.0051478 0.00104273 0.207483 21.165 0.000326252 0.00531509 0.0730394 2.22072 0.0723968 221.449 0.0033312 0.528056 2.47387 38.9674 4.87151 1.10488 
0.0129054 3.20526 0.0693989 7.65764e-05 0.00183348 2218.99 0.00827639 3.81933 0.000924621 0.0171493 1.83258 220.283 0.00144307 0.180301 1.92292 37.7073 1.48013 1.46359 
0.00118744 0.004926 0.0248781 1.92972e-05 0.074231 104.846 1.21859 1.32057 0.235698 0.784231 0.0028476 306.13 0.00145111 0.00336698 3.55366 39.093 7.8705 3.71414 
0.00259244 0.016661 1.42128e-05 0.00849586 0.0529924 1.18768 0.000637752 2.24674 0.00825141 98.8856 4.68765 10.3113 6.20523 2.51474e-05 5.89596 47.8106 1.38881 8.74487 
0.00139049 0.927502 0.486368 7.18512e-05 8.21143e-05 592.88 2.52721e-05 0.0255154 0.183969 0.0955117 0.132165 0.0693482 0.405119 0.000183442 0.719669 41.8245 1.74871 8.99156 
0.010503 0.253231 0.00543804 0.0166048 0.487712 0.0474251 0.236733 0.253603 0.0963996 4.63375 0.00875011 234.974 1.97161 0.00653964 1.00627 5.25595 1.33797 4.35885 
1.29203 0.132301 3.81741 0.57273 0.0279183 0.030912 0.0295792 0.0134139 0.0922663 2.55078 8.38648 194.462 3.09712 0.0797722 5.51482 4.88446 3.76433 3.85151 
0.000444172 0.251039 0.00105289 0.000914809 0.500543 2278.52 4.49366e-05 2.46793 0.023797 0.0978686 0.0146573 262.599 6.72427e-05 0.108677 6.45182 43.8468 3.19394 0.871229 
0.00304191 0.274714 2.48266 7.51924e-05 0.32739 1.59673 5.8119e-05 0.0571278 0.552178 83.7061 1.19206 102.925 4.94092 0.000494949 0.913153 36.6118 3.54486 0.707209 
0.00185122 0.191271 0.00193926 3.75737e-05 0.00533409 2309.56 0.000397988 4.44196 0.0468466 1.84218 1.72671 69.04 0.108586 0.0137927 1.47057 26.239 2.03008 5.20641 
2.83687e-05 3.42366 0.00918144 0.0709953 2.09722 49.5522 0.00896812 0.00306752 0.0989031 0.38251 1.29854e-05 0.228237 2.08284e-05 0.236353 4.45434 37.6145 1.59937 7.99825 
1.30079 0.00743554 0.00683313 0.00247438 0.0503239 0.82552 0.689317 0.0962229 0.222929 0.507475 0.00907169 58.8335 0.012697 0.0447886 7.1147 21.8361 0.996072 3.63132 
1.40458e-05 0.0829052 1.19045e-05 0.00171571 0.00533866 1031.29 1.87801e-05 3.55496 0.0156696 7.7158 1.08654 427.079 0.000108633 0.00724455 5.87484 47.732 1.25488 0.671069 
0.00728189 0.033238 0.0677818 0.270468 5.49413e-05 1281.44 0.174366 1.34556 0.572528 381.61 1.84494 346.845 0.00330825 0.0656345 6.04418 16.3971 3.12237 4.2498 
0.0797388 2.07269 3.42567e-05 0.239629 1.43597e-05 0.040263 0.0740533 1.25489 0.0327552 33.3177 0.390536 255.78 6.35053 0.0158592 0.741874 14.6369 4.40259 6.72108 
0.00313606 0.0678538 0.000876456 0.000458013 3.19012e-05 0.408324 2.23094 0.170426 0.00534838 0.023693 7.40848 50.7221 0.605035 0.000462762 6.91108 45.1057 6.84444 7.57049 
0.00691868 0.00369827 0.000970139 4.58018 1.70987 0.385943 0.151748 2.57757 0.962208 59.6174 0.0196376 14.8313 0.00110384 0.196767 1.5897 38.2702 1.94366 5.98005 
0.012297 7.81937 8.28409e-05 0.000443048 0.0006193 4.55495 0.000155124 6.64243e-05 0.000147808 2.0013 4.73787e-05 0.741483 1.79877e-05 0.108335 0.478284 48.5645 2.84241 8.53862 
0.0190013 0.0269661 3.13165 0.495646 0.614025 65.5544 2.01594 0.296571 0.118893 13.0288 0.891786 54.5832 0.117353 0.00397051 1.88603 37.0806 3.5792 9.29115 
0.0109183 0.00340788 4.97128 2.24445e-05 0.00039543 0.0556848 0.00537022 0.00987149 0.0043869 0.0419007 0.0749207 269.793 0.000789897 0.63085 5.15463 33.8765 5.35904 4.35273 
0.0223278 0.010543 0.439045 0.946319 2.65012e-05 0.089445 0.0372789 0.904143 0.00739632 0.0228712 0.234935 94.9395 0.000701992 0.438554 1.97846 34.8351 2.62035 3.11097 
0.828551 7.0781e-05 0.318765 0.00490414 0.00161366 2585.9 2.31534 7.29429 2.84833e-05 13.9172 0.00434426 13.4259 0.000708448 0.0357352 0.392702 41.0326 1.12879 7.78333 
0.000969506 9.71049e-05 0.000405312 5.17566e-05 0.0140087 0.0454331 1.20383 7.97406 0.148268 2.07652 0.607759 281.277 0.0276644 1.34608e-05 0.364077 29.8851 2.31216 5.70653 
0.00153999 0.0010651 0.480077 0.0134948 0.00305179 53.7766 2.52312 0.100541 0.012834 0.0835892 9.50352 6.42935 0.00938216 0.114166 1.97556 46.3156 1.49021 9.29436 
9.74109 8.06585e-05 0.000379312 0.0063742 0.000101061 50.122 0.322873 0.163762 0.00241219 0.0124609 0.3809 130.553 1.05369e-05 9.94353e-05 0.951577 40.1882 7.86203 6.26743 
0.0151404 0.94007 0.0161388 2.70172e-05 0.0218489 70.9999 9.75409e-05 0.254826 0.0262573 0.0114423 5.07958 0.0771211 0.0199762 0.370627 1.30123 34.3463 1.82653 9.14543 
7.65615e-05 0.172331 0.000419937 0.000177018 0.000401924 133.74 3.89013e-05 0.000512374 0.0481488 3.65991 0.00887349 51.4306 4.67126 0.000525802 0.269847 38.9066 0.958569 7.78049 
0.00207006 3.34927e-05 0.000107061 0.000948635 8.93518e-05 5.41024 4.44223 3.00276 0.0356757 0.736267 9.46223 206.122 0.255046 0.0278595 1.1762 46.3774 4.98354 4.40638 
9.92317e-05 0.00627633 2.28584 0.00369698 9.17523e-05 18.8072 0.0118839 1.26233e-05 0.290382 0.692328 0.0325273 0.134047 0.062349 0.0607426 0.569156 47.4941 1.02026 9.7703 
0.277994 2.75745e-05 7.35123e-05 0.0042686 0.00398171 2.04652 0.228426 0.0700135 0.120139 5.2164 0.135146 0.222486 2.89079 0.00129027 0.692552 35.9496 1.65082 8.2179 
0.007624 0.586709 0.000152438 0.00318204 0.0733539 5.43976 2.87629e-05 0.856318 0.658924 2.75606 0.293999 163.175 0.0665627 0.114317 4.72714 9.27565 1.22775 2.45133 
2.5972e-05 0.852163 0.00218673 0.000417351 5.25728e-05 4.32498 0.0420231 0.114918 0.673559 1.85982 0.000859187 4.88126 7.85217 0.141441 5.31665 48.2494 1.23263 9.2679 
1.36813e-05 1.21247 0.000545849 0.00279793 9.23462 47.4092 0.481382 2.80262 0.0739008 0.0697395 0.0100561 146.761 0.0380495 1.97418e-05 4.62991 12.088 2.36009 7.92391 
2.1306 0.00142686 0.830432 0.00396936 1.03681e-05 31.6835 0.00311956 0.366638 0.0107706 21.7382 0.00302257 40.9329 0.000863384 0.0340651 0.295407 45.7964 1.41607 9.16396 
0.164312 0.0103635 0.0158336 0.00113243 0.230138 28.0701 0.00013115 6.63833 0.19061 2.61596 0.548029 324.898 6.66448e-05 0.017837 3.00239 34.5632 0.698357 7.56546 
0.00171496 0.0824085 0.00422681 1.39704e-05 0.0532136 0.171457 0.069003 3.27358 0.488112 2.9923 8.27567 477.386 0.000111206 0.0689272 6.42793 32.3642 5.83244 1.9092 
0.000340136 0.204142 0.00246047 0.000158972 2.14859e-05 0.0413149 0.00716943 5.05496 0.430581 2.4953 0.0143883 82.7644 0.174278 0.000516643 1.50417 15.6143 0.882762 7.6984 
0.129132 0.922315 0.000363931 0.006555 0.403346 229.917 0.00154374 0.487508 0.00497064 0.0174448 0.448493 172.391 0.000226315 0.27672 4.48278 19.2817 1.28307 4.68856 
6.17347e-05 0.24495 0.000194534 0.0481226 1.91009 21.1589 0.061588 1.09203 0.00773441 0.010835 0.907879 142.664 0.00134294 0.565104 4.8576 24.9772 1.37522 5.03863 
0.000142545 2.21014 6.16123e-05 2.71884 1.02722 198.781 2.23829 1.03153 0.0440688 0.14198 0.0689633 144.385 0.000189428 0.00138466 8.18926 46.2922 1.28535 8.14204 
0.000137582 8.19918 0.0315551 0.0621077 2.07808e-05 1.37053 0.00256721 5.04571 0.281909 0.061058 0.394602 416.888 0.000280965 1.21301e-05 2.12653 7.14447 3.57244 5.81273 
0.000120026 0.234167 0.00140388 8.93716 0.0117815 0.0150887 3.23275e-05 0.0148587 1.99254e-05 0.984662 0.000205211 9.35986 0.0110032 0.0553419 1.24497 33.2492 1.01407 7.0706 
2.60158e-05 0.254214 2.61065 0.000409233 1.975e-05 2.73119 0.0212549 0.770456 0.265332 416.038 0.202537 97.6036 0.00295553 0.0709596 1.67433 45.1916 0.908285 6.70689 
0.0991645 0.0035591 0.000791462 0.000255771 0.128893 0.139426 0.000145544 0.283937 0.0375541 0.154677 2.62269 163.61 0.40686 0.0533557 5.76558 19.2173 1.9964 2.75276 
0.304738 0.000366139 0.376876 0.000279482 0.0791538 134.108 0.234382 0.0185894 0.00725165 45.2142 0.00968703 0.242038 0.018917 0.0846246 0.927567 39.6621 0.982408 8.6931 
3.7406 3.97496e-05 0.125327 0.058285 0.000160275 631.633 0.0169653 0.90519 0.185488 0.193949 0.464358 130.994 0.0272021 0.00013406 1.43453 9.13482 1.50167 6.49898 
0.0965689 0.245721 0.0171513 0.0234964 0.0113052 61.2572 0.000817815 0.485834 0.247418 30.8635 9.4016 21.239 0.0284248 0.0195925 2.19187 22.834 3.60192 7.862 
0.00108135 0.000270176 1.77658e-05 0.000115811 2.73742e-05 292.195 0.509658 0.146032 0.035009 1.63384 2.56427 284.333 1.76139e-05 0.247503 1.27636 3.0051 3.38326 5.71038 
0.0344125 0.639821 0.414267 6.26001e-05 0.000720297 128.349 0.0135548 0.111331 0.266447 0.225132 0.00833665 99.6523 3.85015e-05 0.038797 3.99433 20.9559 4.18968 9.7589 
1.92536 5.70867 0.0012326 1.83471e-05 0.200321 2.91867 0.0242093 3.1846e-05 0.000138372 3.58517 0.00135467 1.53686 0.156381 0.154161 2.66886 42.1568 1.81541 9.06799 
0.0011349 5.00134e-05 0.0126578 4.40158e-05 0.105364 2.22272 1.44688 0.166515 0.0718515 0.304903 0.00420221 130.196 0.082918 1.827e-05 1.55115 16.3272 9.04514 6.66812 
0.0888044 3.1473e-05 0.00492088 0.00317611 0.00410716 0.321902 0.521986 2.9549 0.790953 36.4841 0.230873 47.5941 0.000651453 0.00213381 1.40625 17.737 1.69549 4.27779 
0.00211279 0.125366 0.00417478 9.0134e-05 1.17077e-05 0.0925709 0.387097 0.314847 0.0884104 0.140765 0.175442 280.612 0.354055 0.000777638 0.891594 8.42618 7.77992 3.86478 
0.000849155 0.0020826 0.00494582 0.046364 1.41433 0.126058 0.246533 0.00113728 1.44041e-05 1.41166 0.00917413 0.249471 3.57901 0.00012624 1.90898 47.5366 1.22915 3.48785 
4.00415e-05 0.00151875 4.1199e-05 0.0202838 0.0435785 0.621939 1.5879e-05 0.934867 0.557904 0.200731 0.0929615 396.35 0.000397978 0.00114409 4.69119 9.32742 8.60889 6.7707 
1.33199 8.65375 0.564147 0.71946 0.00202353 1.9019 0.000144577 0.277372 0.151687 0.011138 0.0132687 86.0526 0.000213931 0.000856247 7.92618 31.1432 1.98977 7.61474 
0.0243168 0.333889 9.44389 3.03763e-05 0.00275993 1425.07 0.0197025 0.537342 0.620138 1.51366 0.00524504 200.854 0.00743006 0.0276037 1.74727 37.7586 1.13296 1.20795 
9.74226 0.429145 4.04856 0.00657723 2.08287 1.84413 0.00333 0.760578 0.0678215 0.0125522 0.278171 205.598 0.0002052 0.000475712 0.973698 22.2825 3.66967 2.58764 
0.587665 0.191093 2.16939 7.10671e-05 4.85111 337.683 0.00140718 0.264712 0.290572 0.0207475 0.0141107 106.387 0.00492033 0.305798 5.25769 13.0563 2.00107 3.46714 
0.000183332 2.28361e-05 0.000232289 0.000515995 0.000127596 0.0414717 0.00727497 6.38688 0.0759558 0.282249 1.65458 71.1727 6.95255e-05 0.00164344 6.10984 39.8152 0.797465 7.63893 
0.581337 0.000107826 0.132568 1.96193 0.273691 43.4081 0.000415288 0.83589 0.231643 15.1681 0.115608 51.6808 0.0591198 5.37796e-05 0.575544 34.3534 1.1082 1.83027 
2.23988e-05 0.00109154 1.71132e-05 1.19791e-05 0.440835 2922.6 4.30398 1.13284 0.753194 0.127072 0.00338494 310.775 0.000814166 0.000862814 1.32106 24.5647 4.64545 2.6646 
0.000129967 0.00167954 1.40434e-05 3.83375e-05 0.00241789 56.8345 5.63561e-05 2.83366 0.674723 4.47751 0.107775 263.009 7.9557e-05 5.839e-05 0.987619 35.556 0.991545 7.4005 
0.00393451 0.018415 0.00333189 0.218172 3.74445e-05 5.68081 0.00922042 0.74626 0.0387906 0.0888435 3.78304 193.716 0.000101064 0.052712 2.05198 10.4854 1.82238 8.39262 
0.0245525 0.000362479 9.26342e-05 0.0150412 0.00015635 0.131124 0.000175129 0.534623 0.473744 8.12695 0.43586 242.657 0.0677492 4.41645e-05 4.49774 4.52261 0.783398 2.02561 
0.0125782 0.00168611 3.00455 0.0315876 1.53374e-05 0.0437734 0.00179136 5.66909 0.259145 1.27471 0.0250422 177.136 0.513128 0.00302081 1.66494 30.2601 1.70993 0.880015 
0.00707661 0.0008276 0.00762666 1.09717e-05 1.16719 201.031 7.97524 4.17267 0.512867 8.67198 0.240052 16.5828 0.00203766 0.0105813 0.940566 49.6348 0.914649 7.95208 
2.36079 0.430949 0.042362 0.01131 2.89164e-05 0.0667461 1.91428 7.66918 0.0758901 0.237281 5.32352 64.8186 0.0197892 0.00761657 3.76798 41.5296 2.50822 1.63015 
2.67403 1.2367e-05 6.81117 0.935355 3.14635e-05 9.44439 0.612303 0.00704865 0.0669187 0.684042 0.0574482 75.8876 0.000711534 0.000273126 1.25711 10.0022 1.23788 4.03494 
0.126246 2.8227e-05 0.000636687 0.0156209 1.40617 781.199 0.871602 0.145917 0.285482 6.52824 0.0331056 322.363 0.012444 3.9163e-05 0.691024 16.4911 5.76794 1.72235 
0.000170491 0.0571 8.32679e-05 0.000354299 0.0248174 1.37981 0.012577 0.214112 0.00993515 0.0233158 9.52312 122.006 0.00550394 0.0240812 1.09713 11.6839 2.47939 4.51274 
0.000220672 0.659134 0.260621 0.0505276 0.245572 0.0867931 0.00354879 0.0972246 0.851051 109.588 0.243034 54.5222 0.147792 5.62169e-05 0.888539 15.6762 5.21381 8.96791 
0.0125927 7.54916 0.00137217 0.000104562 6.56718e-05 141.864 0.00263458 1.59537 0.0433984 87.3809 2.32527 92.7319 0.0139982 1.2623e-05 1.0508 13.2624 3.66183 9.33259 
