-2523.167986
-2514.586307
-2509.642771
-2507.588042
-2491.447788
-2484.364977
-2483.201608
-2480.588545
-2478.518618
-2471.325776
-2463.791061
-2460.980399
-2458.143127
-2457.58258
-2456.61172
-2453.326366
-2446.799533
-2442.770785
-2441.516334
-2435.767243
-2429.153037
-2424.221766
-2423.038486
-2418.513397
-2416.235368
-2414.148379
-2407.07709
-2403.067456
-2400.947397
-2399.837608
-2384.989998
-2382.751211
-2380.567249
-2365.355371
-2363.691404
-2362.735273
-2354.716191
-2353.735775
-2352.300141
-2349.36292
-2341.681601
-2340.447922
-2339.770697
-2332.163941
-2330.224945
-2330.224757
-2329.437133
-2314.422401
-2313.956389
-2308.859394
-2306.222879
-2300.576974
-2297.356482
-2296.344879
-2289.935407
-2271.321857
-2265.500118
-2255.790693
-2255.306597
-2253.595436
-2251.385577
-2243.135896
-2242.666984
-2238.173239
-2236.03848
-2232.378323
-2230.270239
-2225.780424
-2224.001727
-2222.710299
-2214.877394
-2211.667214
-2205.643573
-2189.432262
-2187.899174
-2184.723104
-2180.070384
-2169.610468
-2166.890037
-2157.691053
-2151.98558
-2151.553862
-2142.988346
-2139.093385
-2127.866636
-2125.707682
-2123.335486
-2120.680458
-2117.793818
-2113.035667
-2109.93406
-2106.394676
-2103.691475
-2102.493766
-2101.925603
-2100.905734
-2098.360884
-2097.027216
-2096.241151
-2089.639632
-2085.454046
-2079.349217
-2063.321911
-2059.872018
-2056.329505
-2045.521356
-2045.380316
-2031.774644
-2020.131929
-2018.036205
-2003.739195
-1996.329425
-1987.017944
-1975.781705
-1975.547644
-1967.740035
-1966.795731
-1953.366537
-1952.622819
-1951.682967
-1949.46406
-1946.599998
-1938.588255
-1926.545248
-1923.597481
-1921.968848
-1921.41109
-1920.229168
-1905.182967
-1897.219848
-1896.645029
-1894.329616
-1891.142638
-1883.96389
-1882.062643
-1875.933264
-1874.683271
-1873.131891
-1872.344266
-1868.074687
-1858.988985
-1853.786535
-1840.114224
-1838.992562
-1837.930904
-1827.799043
-1824.591562
-1819.501719
-1818.691822
-1811.785614
-1811.167542
-1809.235701
-1807.877262
-1804.628192
-1803.031398
-1794.392232
-1793.863475
-1791.772685
-1785.324009
-1781.779628
-1776.403179
-1772.200678
-1770.69657
-1765.138887
-1759.466127
-1758.745716
-1757.094742
-1755.425724
-1745.260121
-1745.16304
-1738.789818
-1736.483461
-1724.504354
-1717.060387
-1715.378936
-1709.25158
-1703.048254
-1702.743262
-1699.419911
-1695.904695
-1681.222186
-1676.109672
-1668.991988
-1660.845557
-1655.408242
-1631.069023
-1626.210464
-1625.457241
-1625.002647
-1621.283002
-1612.880864
-1612.721612
-1612.594597
-1603.788093
-1601.044358
-1599.294008
-1594.297877
-1592.759504
-1590.02659
-1583.259382
-1581.384403
-1581.338731
-1576.601337
-1572.984401
-1572.346625
-1557.411955
-1556.405872
-1548.045853
-1545.847981
-1539.362703
-1538.89078
-1532.299362
-1531.972183
-1523.981776
-1521.861819
-1518.845533
-1511.526164
-1509.91965
-1504.133902
-1502.008427
-1496.316708
-1481.623128
-1476.847025
-1475.540994
-1459.044892
-1458.094811
-1451.77746
-1451.004499
-1438.022662
-1433.650855
-1431.147981
-1427.45302
-1426.195903
-1424.372888
-1422.141689
-1420.734592
-1419.370525
-1407.875371
-1397.816003
-1395.197829
-1395.116401
-1394.803515
-1390.797893
-1385.708512
-1385.566879
-1380.542261
-1379.580139
-1361.742312
-1359.498865
-1353.254546
-1348.703407
-1342.410749
-1338.341526
-1337.291703
-1334.600077
-1330.456761
-1319.707782
-1318.697007
-1316.43141
-1311.89109
-1311.13738
-1306.435647
-1285.756266
-1283.136152
-1279.90027
-1279.204009
-1272.521922
-1264.006771
-1259.539387
-1257.779079
-1252.220814
-1251.045921
-1240.028552
-1231.013853
-1230.741557
-1226.448373
-1225.021811
-1222.906293
-1222.295249
-1221.808544
-1218.978565
-1215.041319
-1205.006916
-1199.113978
-1193.971953
-1190.47562
-1188.159948
-1178.130614
-1165.81447
-1161.477107
-1158.525346
-1154.398275
-1153.252181
-1144.671058
-1136.841456
-1133.903678
-1130.477535
-1121.997808
-1114.510003
-1113.722896
-1106.73709
-1102.710932
-1101.249347
-1095.550477
-1094.379644
-1092.010447
-1091.247082
-1090.860765
-1076.058556
-1061.989408
-1049.984141
-1049.534262
-1047.682807
-1018.623786
-1016.396882
-1014.247885
-998.5587452
-997.0896281
-988.5060753
-976.8964879
-974.1794243
-950.9933044
-926.4394184
-925.6404704
-924.7041267
-924.4527563
-923.6393464
-923.1253274
-914.1092909
-912.7430007
-910.5863344
-907.2290346
-906.8275341
-905.0916774
-899.1341025
-897.4353142
-892.3748669
-876.1849228
-874.7010687
-868.1199957
-866.3731382
-858.7092949
-848.7682293
-844.1862392
-839.0943163
-835.8226351
-833.7484332
-816.6501842
-815.1577631
-786.1110433
-782.7319006
-782.1807266
-773.8336746
-767.4566271
-763.9508095
-761.6209219
-754.7792897
-747.4101659
-743.4941367
-736.9278547
-736.1860794
-729.818593
-728.260901
-719.6211436
-712.5271497
-711.9471537
-707.088218
-703.4302349
-700.8961954
-683.4776042
-678.3272391
-672.517871
-671.110841
-656.3253421
-654.7385047
-650.6258953
-644.2655354
-643.4688027
-628.6844052
-626.1649103
-621.4514283
-612.5822386
-608.1337949
-607.0508711
-601.441571
-580.964647
-580.44554
-580.0365589
-569.9965738
-550.6723096
-547.0984977
-524.5055734
-521.1504275
-512.0323254
-510.8722506
-508.0270492
-506.2894103
-506.0426735
-505.3446501
-503.3037042
-502.8534474
-496.4141327
-490.1669498
-487.9432919
-486.7895813
-483.9308948
-481.4097675
-476.2473164
-470.1199158
-469.6221405
-456.5539482
-451.0365022
-449.8026281
-447.8113166
-431.624112
-427.5693143
-426.9429959
-424.9006525
-415.151655
-414.1255453
-404.289618
-397.4685417
-397.2470919
-394.2379024
-390.581616
-386.1040366
-375.6546585
-373.3424351
-368.4885745
-356.0824333
-355.9158103
-352.7272225
-345.7915102
-344.7673385
-342.1137663
-336.0576039
-332.8767376
-330.8726813
-327.9799979
-326.1197295
-323.20909
-322.946682
-318.3987183
-317.6714155
-316.5175157
-315.2185888
-314.5375646
-312.5130788
-302.4273911
-297.0030006
-287.0294157
-280.4139045
-268.1950417
-267.0167985
-265.7663954
-265.6709141
-258.8292023
-258.702822
-255.2475953
-253.9525237
-248.039908
-228.3247021
-227.52313
-225.1971327
-223.6760693
-214.1186438
-212.509413
-209.0529112
-208.7040571
-208.2781562
-207.9734964
-207.2181909
-204.5617584
-201.6183538
-200.048242
-199.9407036
-197.9290105
-197.4011221
-194.7841269
-194.3386619
-193.3070056
-192.5690064
-189.4176414
-188.1990308
-187.0349603
-186.7133296
-185.7598897
-185.706188
-184.4584993
-183.3453456
-181.7868229
-179.9022342
-178.900045
-175.5684594
-175.1853277
-174.8039035
-174.618671
-174.5700758
-171.7076555
-170.2550971
