2.47402e-05 6.05747 1.13083e-05 0.000232899 0.00217071 9.70314 0.031384 0.71407 0.0949625 0.713957 7.65251 244.901 0.00151537 0.00784972 1.32388 5.29141 1.64442 2.13155 
8.53237 0.1585 0.00209057 0.25188 2.68172e-05 15.7884 0.0175918 0.355586 0.146237 2.07429 0.527185 443.322 6.92425e-05 0.219604 3.49881 26.425 4.68854 0.722194 
3.16796 0.000148018 1.10452e-05 0.00106883 0.0149 29.3643 0.0331867 6.42271 0.213131 0.276417 0.0777128 192.312 0.116008 0.166117 6.87475 10.9023 0.891089 5.33703 
0.0057651 0.13185 4.20726e-05 0.964296 0.659482 0.271646 0.000167516 1.33601 0.00657343 0.104718 4.13669 66.3417 1.05506e-05 0.00444945 5.36162 40.766 2.78845 6.18 
1.64777e-05 0.000158984 0.000193772 0.0382036 1.90604 138.503 2.49289e-05 6.19967 0.402438 3.44959 0.0693172 437.141 0.000436517 0.00486827 8.31309 29.5355 0.850691 3.81262 
0.936857 0.839302 0.633935 0.0011633 0.244134 0.783367 7.51664e-05 0.564212 0.195157 0.0521551 0.0171822 283.864 0.000511663 0.73558 8.63107 7.47165 1.41708 6.12696 
0.00015895 0.28444 0.000576248 1.44555e-05 1.60423 0.0138941 1.57488e-05 5.21544 0.334508 0.489962 0.00465857 146.899 1.42018 5.34925e-05 4.60013 28.1797 2.6343 3.64467 
0.00119946 5.9956 0.128366 3.42348e-05 0.000506949 0.0874238 0.0231798 0.000211694 0.000525311 0.866537 0.0398038 1.56964 4.24754 0.000212294 0.795392 34.1055 2.12281 8.19972 
1.62925 0.778333 0.0302387 7.21428e-05 3.97656e-05 0.0255432 0.000152937 1.64202 0.494027 7.35974 0.841964 395.868 0.00145892 0.106377 3.73945 25.1351 5.67973 4.99867 
1.42292 1.32043e-05 0.88341 0.00239529 0.665432 4.06007 3.82531e-05 1.9639 0.732022 0.0411199 0.00381913 358.905 5.33834 0.0120452 1.65138 5.88684 3.02659 1.87493 
0.0210586 0.120645 0.00104981 0.00237947 4.33298 93.6068 0.000508947 0.00182202 0.0399071 0.491662 0.00741075 0.0736843 2.82097 3.24888e-05 0.45604 36.8878 1.8404 9.24446 
1.07058e-05 0.546685 0.0266645 7.1589 0.000460852 42.7623 0.454469 1.21862 0.505643 3.69609 2.31676 51.7488 0.158421 2.52926e-05 2.81418 38.6189 3.93156 5.07607 
1.33972e-05 0.141413 0.00794074 2.03145e-05 0.255658 0.136066 0.554092 1.84798 0.178668 6.17666 1.26324 452.081 6.99002 0.0547703 3.0104 5.14193 2.34133 7.16695 
0.253351 0.0256193 0.0404902 2.82194 0.0852684 0.0109191 0.000221758 4.61832 0.307898 13.6257 2.51331 228.605 0.0454095 0.00634955 7.48752 29.3642 0.975521 0.721778 
0.0153951 0.000727518 0.159967 2.83257e-05 0.435411 0.0287448 0.0322344 0.610507 0.392926 0.0852307 0.0760742 375.388 0.108087 1.30762e-05 3.51938 12.6562 7.25951 1.37371 
0.001961 0.000274149 0.0086622 0.000408653 1.70336 355.564 1.8988e-05 0.485621 0.0129395 0.16552 0.212628 157.15 0.000294328 0.000465017 1.45269 28.9799 6.05662 3.24942 
0.0849668 0.00479667 2.48332e-05 0.0024362 0.0636093 0.208983 0.000925342 5.3395 0.0266457 0.079994 1.81019 212.413 2.03709e-05 0.000568046 0.774192 22.6275 2.618 2.75101 
0.00153487 2.18984e-05 0.196938 0.000159065 1.37413e-05 4.75754 8.31218e-05 0.198158 0.157579 0.094738 0.140799 156.239 0.0512503 0.00484836 5.81449 14.0787 4.5036 6.69036 
0.00165185 2.00088 1.03612 8.89056e-05 3.52899e-05 46.6482 1.77947e-05 0.627653 0.213828 0.249676 1.60122 296.065 0.0120737 0.00102096 2.62957 12.2085 3.68137 0.809534 
0.00758727 0.000206754 3.12249 0.000769201 0.0112221 0.841097 0.0131219 0.00011374 0.00296758 1.8923 0.0247017 0.626785 4.36564 0.000579981 1.18977 37.8696 2.39881 9.32859 
1.27623 0.0218933 0.000124536 0.0222875 0.000689795 492.225 2.21828e-05 0.0572619 0.117262 2.18513 0.580332 38.959 0.090143 0.000274804 0.4624 27.1571 3.50458 6.37562 
0.00363791 3.45491e-05 0.0568037 0.000234201 3.09974 71.3785 0.00228723 0.314315 0.424492 0.724557 0.0079614 11.4759 3.43531 0.158266 2.52262 25.668 2.61917 7.67563 
0.000211793 2.64442e-05 0.0440951 0.054363 0.000846752 0.583973 1.6237e-05 0.150316 0.252746 135.328 3.68766 147.49 9.72356 0.00159192 2.90607 28.9152 4.9832 5.23001 
6.60443e-05 0.00790586 0.00155508 0.445765 6.28046 0.0164526 0.00010165 0.326083 0.812181 0.307623 0.00182192 216.547 1.66165 0.00119614 2.53426 16.0849 6.50787 5.42831 
7.94003e-05 0.143903 2.08472 0.00123328 0.000478159 0.0445268 1.76408e-05 0.302381 0.447158 0.482253 0.0992348 351.016 3.01524 1.9003e-05 2.8525 5.80905 1.91491 9.52478 
0.498084 0.00136331 0.0329084 1.28686 1.08593e-05 3.65777 0.0161565 0.0242027 0.202426 244.315 3.50444 322.083 0.121864 0.0113045 8.91569 27.442 1.25656 1.24554 
6.98491 0.0734171 0.00348902 0.0100758 0.000481562 0.026757 0.00202258 2.09293 0.0618351 0.343771 0.0443084 227.711 0.019124 7.04388e-05 1.66787 10.9342 6.6545 4.57728 
0.0147119 0.000899272 6.20216 0.000167605 0.0029049 4.25082 2.06202e-05 0.115801 0.045978 0.115345 4.25745 44.9772 0.00134394 0.000576209 0.973453 30.0983 1.03219 9.14202 
5.98787e-05 0.0248117 0.000806911 0.209515 3.45498e-05 11.6319 0.540113 6.97499 0.0938893 0.408574 4.41218 31.377 2.92129e-05 0.000478701 0.886938 22.848 1.00255 8.93153 
2.14246 1.68453 0.0143818 4.55504e-05 0.000222085 552.564 5.43315 1.5297 0.028576 0.042445 5.91734 325.414 6.6219e-05 0.000562883 6.13146 41.5187 1.55535 5.78247 
0.0186292 1.6197e-05 0.0194242 5.54046e-05 0.000519196 562.414 7.97527e-05 3.89663e-05 0.000109967 0.0681879 0.000631368 2.44851 0.00595992 0.0611932 1.10601 40.2939 1.11497 8.5956 
0.000624069 0.280415 9.48085e-05 0.00406969 5.58359e-05 0.415655 0.00278994 1.68534 0.388719 0.238483 0.0985922 419.488 0.169099 9.13991e-05 1.73331 18.3253 8.81363 9.11418 
8.44614e-05 0.385428 0.0142569 0.764942 3.81647e-05 1457.09 0.000103083 0.215499 0.55846 18.6658 2.73719 319.746 1.18064 0.00302021 1.63908 4.89593 1.91806 9.2125 
8.31037e-05 0.392572 0.0180668 3.98708 0.00541589 1.13593 4.18242e-05 0.142273 0.0833423 8.83059 1.00326 494.07 0.947257 0.0126989 8.13483 3.61126 1.33743 7.39472 
0.982083 0.872012 0.00219967 0.552885 4.92674e-05 2.28556 0.321753 1.12903 0.565849 14.1158 0.299783 369.703 0.05364 2.8738e-05 6.6055 28.4615 1.14776 6.08968 
1.71326 0.00353933 0.113017 0.000508235 0.000175699 0.666713 1.79175e-05 1.8668e-05 0.800055 0.0689851 0.0515789 0.130654 4.745 0.000187205 2.16447 39.2953 1.70424 9.0573 
0.0650234 0.012945 9.92028e-05 1.15704e-05 0.00128165 0.128611 0.0305908 0.202754 0.0268516 0.0429198 9.87014 44.6439 0.00017011 0.00799679 8.43758 36.2238 1.38613 4.80322 
0.131625 0.00583674 4.61351e-05 0.00036765 0.0304642 58.435 0.000933718 0.116977 0.0161048 0.0611331 3.09594 62.914 0.0235966 0.00401601 2.49759 37.4849 2.66862 6.19935 
0.000175777 0.00167124 0.00253341 0.000369228 7.81018e-05 0.490406 0.413889 0.547085 0.458977 0.0502093 0.0108598 66.026 0.0694308 0.000941395 4.60148 33.9124 0.804955 4.93356 
0.00477527 0.0314234 0.538233 5.22938e-05 0.0721242 1372.76 1.53197e-05 0.320802 0.164347 0.177586 0.0213959 185.666 0.00578083 0.00257226 4.94655 5.24359 0.882791 4.83248 
0.000336661 0.0920075 0.00638146 0.0102773 0.288329 0.0127003 0.0884427 1.79957 0.655267 0.0224607 0.00346316 41.8891 0.0301384 0.00169252 5.07125 37.01 3.4653 6.26568 
0.281219 0.00310665 0.00105302 0.00209403 0.0763228 126.089 0.0215396 5.34539 0.576142 0.0567531 0.00256846 168.497 5.9064 2.71823e-05 8.74404 34.5531 1.25251 9.96657 
1.7284 0.00456249 0.063747 2.60694e-05 2.20961e-05 0.269504 0.18765 0.140831 0.0204012 0.923912 8.7341 227.41 0.0807793 0.00718059 0.663789 37.2627 4.03547 0.684326 
0.0660392 1.89249e-05 0.000483292 0.0173535 0.53672 11.3433 0.00372089 3.35806 0.00254642 0.0117626 7.7093 19.6211 2.94243e-05 0.00090278 1.44822 40.8639 0.724138 9.68491 
4.00415e-05 0.00151875 4.1199e-05 0.0202838 0.0435785 0.621939 1.5879e-05 0.934867 0.557904 0.200731 0.0929615 396.35 0.000397978 0.00114409 4.69119 9.32742 8.60889 6.7707 
0.00460096 0.000623813 0.000361764 0.00615307 0.0139651 12.7827 1.50769 1.98158 0.0590897 1.08111 4.68157 35.358 0.01426 0.000488059 5.42219 48.6697 3.37682 8.48528 
0.160881 0.00747075 0.0041517 0.0845433 0.000183633 0.797392 0.00487738 4.38294 0.033897 0.226915 0.127101 255.849 2.63779e-05 6.89155e-05 0.71154 5.06574 1.36399 6.92826 
0.00295527 7.90455e-05 0.00185102 0.00165006 0.0627843 803.94 0.0229002 0.203827 0.0385463 4.78708 0.0634651 72.5132 1.69059 0.0011866 2.96982 35.041 2.33148 7.37425 
9.5462e-05 0.0230649 0.0146087 5.01463e-05 0.35759 0.0280627 0.05487 3.94853 0.485501 8.62708 0.456876 110.759 0.000267544 0.147885 1.3308 22.055 2.92228 5.46603 
0.0190524 0.0148666 0.461887 9.14176 7.49556e-05 807.845 0.000559783 0.0386519 0.886141 73.5746 0.232891 68.8282 0.0588797 0.191127 3.04467 12.043 2.65313 8.1034 
0.00283582 0.000781484 0.0248064 0.000745756 0.000599746 1.57046 0.000113012 3.12366 0.0312964 0.339369 0.12794 483.221 0.00265758 0.000604902 0.722055 32.6617 4.27549 2.13552 
1.22897 1.26203 0.0682542 0.00324933 0.00274213 19.0144 5.8239 0.125231 0.587725 102.171 2.48862 434.349 0.00190055 0.000254842 1.5511 4.67006 3.3586 5.46658 
0.000374245 0.00698953 0.000211872 0.000433892 0.000133884 5.30203 0.0937752 0.742001 0.895169 0.112475 0.033836 397.178 5.89163e-05 2.82324e-05 1.50217 31.1129 3.76966 0.220642 
1.17398 0.00515909 8.5346 0.0097065 0.000260155 0.756235 1.66111e-05 0.208107 0.122897 0.0158408 0.219047 266.964 0.0205983 0.00033392 3.19425 19.0524 1.22762 1.31011 
0.000281789 2.45586e-05 0.0315278 0.00020439 0.00135438 6.6114 0.0461649 0.244122 0.244304 0.404167 0.252419 99.2568 0.00500946 0.0015194 4.182 24.0235 8.03363 9.52953 
0.000121933 5.3866e-05 0.000103174 0.0087174 0.000118728 4.64996 0.0771596 0.0263387 0.258313 36.3102 0.425304 19.5939 6.02475 0.00191155 1.60721 31.8245 1.48598 4.78286 
2.25053 0.00735205 7.71927e-05 0.000710865 2.4664e-05 0.15381 0.000133447 0.121196 0.0221937 7.79778 0.0925645 61.2213 0.00635181 0.00150089 1.28432 24.423 3.36963 9.6121 
0.00286364 0.0476456 0.000669513 0.152297 0.0022729 0.0855341 0.000444178 2.25272 0.0436105 0.277145 0.15455 351.019 0.0511979 0.00213364 0.98081 11.0535 6.42055 5.30758 
9.43004e-05 0.884166 7.24667e-05 0.00155418 0.00195509 0.0324526 5.07154e-05 1.50901 0.857355 6.75213 0.65552 281.298 0.578964 0.0521742 2.21669 36.9015 5.91341 1.99761 
0.00913046 0.00193754 0.00519044 0.00373806 0.000131584 0.19987 3.97709 2.90883 0.240595 0.026648 0.0009017 252.371 0.000179266 0.00190455 4.48268 44.8752 3.29537 0.692992 
0.00152546 0.00190326 0.0442891 0.114396 2.64263 37.6828 0.00025034 0.290072 0.0575369 0.010688 0.0885795 164.422 0.0461694 0.000513387 3.63924 34.9759 3.88853 1.28466 
0.123087 1.6452 5.61307 0.0125183 0.116377 0.231418 0.000563854 5.41275 0.400397 0.447968 1.1991 41.3087 0.00135558 0.00254911 2.42715 24.7798 3.4053 7.45741 
0.00148752 8.32328 0.00525105 0.318003 0.00132685 193.314 0.0127206 3.24133 0.368105 66.1821 7.84691 104.782 0.000727854 0.000377912 1.75588 40.285 8.65268 9.60619 
0.202638 0.120981 6.0697e-05 6.09561 0.000211276 0.0505621 0.00145282 0.511272 0.218787 0.0234252 0.0238286 393.796 0.101005 0.0143912 8.89411 2.96676 1.02621 7.1068 
0.624166 0.00616048 0.00272647 0.00578444 0.019364 22.9369 0.0189239 0.437368 0.449454 0.0574595 0.000752968 499.396 5.79996 0.210831 6.65079 7.01722 2.21094 7.20637 
0.000578686 3.30916 0.112919 0.000104102 1.32595e-05 342.236 0.000108252 2.86307 0.138973 0.0103844 0.192802 261.398 0.00310703 0.00179266 2.94843 17.0014 1.92538 1.85667 
0.89481 6.52744 5.62968e-05 0.00253988 0.00316583 1.91276 0.00015502 0.461376 0.504902 0.446414 0.0153053 245.741 0.00196557 0.000448509 1.30789 5.13926 3.60418 8.42371 
0.0686447 1.53638 0.00957639 2.15137 1.01522 163.34 0.000446897 0.137489 0.0412659 1.35495 0.516637 382.885 0.000243787 0.00362762 4.38781 20.853 1.85783 0.701233 
2.93307e-05 2.52903 3.95288 0.00013876 3.0791e-05 0.296911 4.26366e-05 0.814393 0.143021 0.212941 0.389583 18.0386 0.00114783 1.14727e-05 6.05267 28.9204 0.765789 7.64822 
0.0114221 0.639458 0.169011 4.38306 0.0812068 24.0517 0.00224621 0.167538 0.321554 0.170838 0.0603094 156.767 0.00524592 2.48405e-05 2.28705 29.5799 9.05422 4.12515 
0.0726868 5.02581e-05 2.50193 0.00760595 0.00718213 150.785 6.49981e-05 0.595695 0.379772 0.24752 0.0549488 399.475 0.36941 0.000111027 0.624387 41.0193 1.60254 5.92194 
3.26719e-05 0.542829 0.0474962 0.000668355 0.0111606 0.481764 0.000179116 0.460701 0.303693 1.38077 0.293805 399.85 0.573658 1.36286e-05 2.13102 10.0889 7.6224 5.36704 
1.32225 0.000418213 0.00675646 0.00856183 0.000936095 0.756381 2.59369e-05 0.118996 0.312071 13.0212 0.164909 74.3972 0.000154477 7.83893e-05 2.43803 11.1475 0.766515 8.9089 
0.000454795 1.03055e-05 0.000472551 0.0014873 3.82354 1239.49 0.320199 4.05205 0.575299 0.0159214 0.0120813 11.5665 0.00450227 5.62588e-05 1.66261 30.5255 0.949739 6.32169 
0.118683 0.1646 5.38689 1.38615 0.00035791 0.993514 0.0693587 0.0315884 0.111015 1.15948 1.61052 401.484 0.000294848 0.0188891 2.28716 16.4838 6.25187 0.665379 
4.2125e-05 0.02 1.5849e-05 4.95794e-05 0.000193306 0.662386 0.117794 0.760024 0.0373327 0.0211519 0.514925 140.065 0.00012639 0.000120395 7.01702 12.6489 3.48398 8.64399 
0.000610818 0.326143 2.52715 0.211217 2.3576e-05 12.2544 0.00010255 2.21728 0.0349949 3.58853 0.724514 368.962 0.000137168 0.000111976 1.87999 15.7844 1.01642 4.33116 
0.856267 0.00324934 0.0020204 0.00010339 0.000664852 0.0572557 3.93602e-05 0.418209 0.0141629 0.0101122 2.87128 205.772 0.00683019 0.0147371 3.32179 36.7758 2.66195 0.39094 
0.0441161 0.086735 2.1559 0.00770089 1.40509e-05 276.23 1.46942e-05 0.311693 0.00545032 0.0431437 1.28681 316.905 9.81951e-05 0.00709385 0.772986 11.903 3.22389 9.05571 
0.82736 1.52878 5.70634e-05 0.244935 0.000412632 26.7097 0.0550518 0.639656 0.0348814 0.104669 0.235775 328.003 0.0299028 0.0219279 0.771894 25.7804 4.79402 2.12941 
0.000574148 9.11633e-05 0.0209814 2.89189 0.0418403 0.0732905 0.00214351 0.0976443 0.319096 14.0755 1.9462 63.4444 0.0145685 0.124119 4.594 21.9332 2.31217 4.41262 
3.01253 3.00313e-05 0.00148471 0.000243303 0.0246584 41.2668 1.72593e-05 0.219463 0.0750404 13.2788 0.583488 98.9013 0.0955113 0.00817505 1.43766 41.8822 9.61271 5.92863 
7.88228e-05 0.000279086 0.0010586 6.59532e-05 0.00537604 0.817616 1.21035 0.000101345 0.000215833 0.549692 0.0824015 8.5312 3.25331 0.00108952 2.15116 43.6048 2.40548 9.20095 
0.00283754 0.493336 0.00450227 0.000439804 9.77795 4.89105 0.00379057 0.234722 0.220878 7.79517 0.0225468 105.027 1.46537e-05 3.51614e-05 4.62794 17.8613 1.54542 9.25435 
7.60635e-05 0.121509 0.111049 0.28078 0.0496598 2.64746 0.0506344 0.156265 0.0228902 0.0609681 8.4862 93.2316 2.85867e-05 0.00128982 2.58492 11.161 2.89397 4.98073 
2.5163 0.000530469 0.00370308 0.00439198 0.930293 84.072 0.000159228 0.784535 0.00471575 0.0401199 2.35015 156.341 0.00809457 0.000229879 3.8696 15.027 2.72675 3.20008 
0.000943234 0.0142294 0.051377 0.00037847 0.000666861 59.6931 0.00307958 2.04371 0.595991 0.579195 0.00647099 415.598 0.00120126 0.00899089 8.26883 43.5674 2.70067 0.628971 
2.86787 1.87187e-05 0.000358698 0.00314971 0.338225 1.97108 0.00142735 0.158922 0.120122 0.587331 0.236666 132.524 0.000225506 0.0452854 2.77298 43.0613 2.94669 0.852706 
0.00059881 0.00221223 6.12524e-05 4.33229e-05 0.00213719 0.230249 0.0588619 0.948283 0.949555 46.0939 7.12768 144.559 0.000484492 0.000891501 1.03451 9.48513 6.61021 4.8832 
0.000172117 0.00960178 0.0026179 0.00418938 0.000968272 0.778501 0.00175895 0.173499 0.23895 4.147 0.152176 247.619 0.370623 3.87333e-05 2.84591 10.496 2.27802 2.97047 
0.00447898 3.75507 0.00307309 0.000218834 0.0100597 4.53813 0.0086973 2.95246 0.195494 0.193462 0.0251007 417.212 0.121632 0.0515827 4.06883 46.7581 1.07243 1.34051 
5.04904 1.54479e-05 0.0015839 2.04991 0.0108376 2700.14 0.00449711 1.8977 0.0488044 0.521976 5.93524 226.579 0.000178717 1.24781e-05 7.92122 17.9492 3.38811 3.83609 
0.00777225 0.616291 4.99576e-05 8.2298e-05 0.0215249 162.423 8.85138e-05 0.118731 0.395405 0.0142632 0.00148805 42.9769 0.230115 0.000104845 2.65314 19.189 2.49897 4.38266 
0.00028947 0.0175065 0.0210296 0.0017924 0.00285786 562.166 0.00159724 7.9046 0.0215011 0.113141 6.27461 259.599 0.000330507 0.333676 6.41196 14.1797 1.01056 9.26255 
0.0120555 0.00719442 0.000383321 0.151475 2.38954 71.1556 0.675328 4.17436 0.0580893 2.58818 0.56762 479.614 0.00181307 0.00458034 0.988166 16.5607 8.22518 7.19035 
2.55183 0.0030341 0.0419693 0.000186273 0.130411 118.395 9.88215e-05 5.02986 0.395897 0.0230522 0.0495612 192.676 9.02995e-05 5.19549e-05 0.95871 14.7304 4.36242 6.07364 
0.00106453 0.00157931 3.1921 0.000429387 0.00552493 4.98842 0.478218 1.19495 0.214141 0.429047 1.49844 199.332 0.0262399 1.37608e-05 5.631 27.4087 2.30211 5.44403 
1.33199 8.65375 0.564147 0.71946 0.00202353 1.9019 0.000144577 0.277372 0.151687 0.011138 0.0132687 86.0526 0.000213931 0.000856247 7.92618 31.1432 1.98977 7.61474 
0.0243168 0.333889 9.44389 3.03763e-05 0.00275993 1425.07 0.0197025 0.537342 0.620138 1.51366 0.00524504 200.854 0.00743006 0.0276037 1.74727 37.7586 1.13296 1.20795 
0.000405027 3.32842 2.0645e-05 0.00025146 0.0273642 11.7548 0.000121451 7.40826 0.846371 0.0274189 0.000413265 341.575 5.72296e-05 2.37673e-05 0.805419 5.59614 1.60241 7.48931 
0.238898 0.000164755 0.677139 3.10947 0.0989892 613.573 6.10781e-05 3.91831 0.0890209 0.0977755 0.48457 131.091 0.000278291 2.06626e-05 0.848093 28.7555 6.03341 3.59626 
0.941403 0.000434897 4.6449e-05 0.201494 1.13355 732.808 0.00013929 2.5181 0.0536199 0.0153151 1.05887 386.471 0.00864747 0.000159482 2.16576 17.6523 2.57892 4.77761 
1.28303e-05 1.17324e-05 0.0117684 2.47112 0.0029827 5.18566 0.016518 0.0258774 6.13438e-05 1.34594 0.588143 147.79 0.884255 0.000222512 0.975767 35.9395 1.74092 9.49306 
4.14616 1.86793e-05 0.100249 4.67377 0.00157415 8.04311 0.00181144 0.593472 0.120364 0.0786127 0.0291693 116.343 7.24646 3.08993e-05 4.89008 41.7134 6.41901 7.17834 
0.000520924 0.00327579 0.0348955 0.000105562 0.0494556 3.13436 0.000220848 6.6126 0.0113392 0.0654548 1.65372 293.032 0.0137095 0.0316531 2.8844 21.4899 1.79645 1.56619 
5.03308 2.77678 0.000210094 1.43967e-05 0.0442305 0.447697 4.12194e-05 3.58053 0.293974 6.02398 0.433746 306.112 0.073211 0.392021 4.97029 19.7474 4.17366 3.18687 
3.42863e-05 0.00774158 0.202042 5.91466 0.0987886 150.495 0.081521 0.353407 0.139063 0.0209847 0.185373 30.9988 0.0460678 0.00205338 2.87629 20.8113 2.78096 4.14122 
0.0267071 0.000788046 6.5303 0.000168524 0.0041883 1.17685 0.0425232 0.0664879 0.776214 0.289004 0.0651324 487.738 5.71965 0.562757 2.41141 2.49795 2.77569 8.91511 
0.313712 2.69581 0.00687925 0.000178614 0.0138613 378.916 0.841976 0.112304 0.669391 29.991 0.249027 68.585 2.11646e-05 0.0295542 0.757208 29.442 4.47249 1.91057 
1.11783e-05 0.632927 0.210145 0.000411096 0.0750587 145.644 1.91149 1.16863 0.00991965 0.526416 3.38439 366.548 1.07199e-05 0.00013277 1.32354 10.4801 2.46294 3.08247 
1.40363e-05 0.00100344 8.63699e-05 0.738679 5.79479 9.87079 0.0139903 0.826006 0.0650383 0.0434343 0.0232818 122.477 0.0286576 0.0419609 5.81445 18.8813 1.8032 5.56056 
0.00114224 9.87099e-05 0.000448814 1.81402 0.000384194 79.8603 0.000923153 0.511264 0.180672 0.0510263 0.0282364 79.6402 1.1132 0.00636561 4.18143 31.5715 4.73828 8.59176 
0.00128081 4.51224e-05 0.00013073 4.36577e-05 0.00336348 11.2227 0.034572 0.0733339 0.472121 0.0580439 0.00225676 212.157 1.18276e-05 0.000154521 8.94331 22.2596 1.27293 1.88727 
0.048905 1.4233e-05 0.000174938 1.28272e-05 0.0101599 2452.44 1.10477e-05 2.90831 0.211716 3.25267 0.0685206 273.796 2.39779 0.000711831 6.7083 13.4767 1.56999 4.84766 
0.711069 9.74238 0.064626 0.00423926 0.00348278 16.5802 0.000271974 0.00543628 0.00046933 1.02684 0.0442583 77.6906 8.28693 0.00731186 2.66407 39.509 3.30174 6.83382 
0.595076 0.220106 0.00359927 0.00398891 0.644397 997.761 0.085076 5.04122 0.154894 63.0368 1.43058 237.338 0.000258796 0.00223692 3.33577 44.9672 2.21516 1.08284 
0.0126132 4.57158 6.93045 2.17766 0.0119682 1301.67 0.00196077 0.158032 0.0675009 0.491 1.49496 72.1102 0.000106291 0.160875 3.17362 9.64321 2.47146 9.50638 
9.71064e-05 9.09239 0.00334529 0.00998721 0.0103221 1161.64 0.0976889 0.685099 0.964507 2.16596 0.133584 448.475 0.000307291 0.0194964 1.69551 17.2738 5.24659 0.391515 
0.000286615 7.29522e-05 1.88392e-05 0.170086 0.00380717 0.060591 0.074092 0.23384 0.0565826 0.0192106 0.176335 318.527 0.693156 0.0635182 4.40666 7.21072 2.33909 1.82168 
4.33749e-05 0.000170222 0.00275121 0.840777 0.0925873 1087.13 3.16787e-05 1.84012 0.0189166 0.461316 7.3285 222.36 0.000276003 0.00921021 1.53181 13.2934 3.82201 7.56187 
0.0939678 0.000199755 0.00776287 0.0254047 4.29298 90.8685 0.0044026 0.233079 0.451322 136.389 7.0526 305.523 0.00256872 0.00142256 1.5671 9.44573 3.14167 2.08883 
0.00597688 1.43521 0.000344872 0.000360866 2.50712e-05 1701.58 0.00513305 0.0893625 0.0451503 0.0415022 0.137063 18.0852 2.72441e-05 0.00819682 7.44424 47.1246 0.977574 6.52108 
5.81669e-05 0.00296928 0.102601 0.000448556 0.00569098 1629.64 0.241651 0.45096 0.0652211 0.789444 1.51765 156.876 0.000628587 0.377722 1.6533 13.0947 3.71761 0.869887 
2.00623e-05 0.171761 0.000488528 0.0231743 0.000126863 0.0500439 0.000685973 0.663245 0.307921 0.124456 0.00586122 48.3149 2.71957e-05 0.00106846 2.12617 36.9136 2.94095 9.79063 
0.00994518 0.00185527 0.0378461 0.0004078 0.614845 5.96904 0.000112239 1.64624 0.0193043 0.0309518 4.82264 294.641 0.486472 0.00265868 8.49465 11.3161 2.32303 5.31403 
0.0483802 0.223509 0.0788988 0.802507 0.0242826 2891.3 3.60799 3.65003 0.0392879 0.125275 0.400995 250.976 0.00170681 3.30087e-05 0.575978 14.8583 1.52737 3.61233 
2.19906e-05 0.000879664 0.000954763 0.00112821 0.519503 59.0638 0.00713583 7.55666 0.0125209 106.44 5.07979 426.138 0.000476642 0.000738763 1.75728 17.1348 0.915483 2.88923 
1.22905 4.94006e-05 0.00821492 8.94949e-05 0.00602406 49.5926 0.0756272 0.129582 0.141126 1.44598 2.95437 62.5162 0.00282619 0.00538794 3.77459 17.3216 2.06302 4.72235 
4.76663e-05 0.000136786 0.149078 0.197989 1.11625e-05 3.23587 2.15929e-05 2.00424 0.151006 0.608831 4.39741 300.897 0.000568068 0.000669761 1.18376 47.9933 6.19513 0.983246 
4.35215e-05 0.015226 0.000307993 0.0170906 4.34815 0.221262 0.0126303 0.768511 0.745075 0.0201655 0.00798373 47.5713 9.45034e-05 0.0313211 0.943863 21.74 2.182 8.05206 
0.39687 0.000745205 1.08383e-05 0.00355987 0.00215844 0.106574 0.101664 0.27572 0.301558 1.88875 0.195478 91.8284 0.00588096 0.149859 7.9596 47.5327 5.17048 3.62552 
1.60873e-05 1.45586 1.5821 0.196643 0.0153546 1652.48 7.2936e-05 1.04536 0.957599 0.480423 0.0191547 347.775 0.018753 2.49737e-05 1.52062 3.92306 1.33095 1.60615 
8.26579 0.183795 0.000244657 0.0744947 0.000312066 27.1312 0.114874 0.92462 0.2531 1.12337 1.07795 243.767 0.00185659 0.029435 1.83709 29.3678 3.80859 2.29617 
9.29962e-05 0.357219 0.182141 3.24172 4.81738 135.949 2.15282 6.06592 0.00258501 0.203133 0.020501 134.342 9.7903 0.00024328 5.43028 46.143 1.39421 5.04616 
0.000432666 1.38415e-05 0.00967727 1.03018 0.000891854 6.23361 0.00353271 0.0701682 0.0521412 0.126324 1.14162 167.408 0.499876 0.00020983 2.55982 13.081 5.50784 2.87688 
4.38137 0.0052812 0.00324989 1.0768 0.139997 2180.61 0.00960489 7.17664 0.324733 6.57021 4.27673 114.065 0.0460609 1.16832e-05 1.58297 33.4288 4.96039 5.83818 
6.75664e-05 2.07604e-05 8.13142e-05 0.0458732 0.0625538 801.191 1.40264 6.84718 0.629732 17.6351 2.32154 199.797 3.98921 0.000812931 2.94267 41.2392 3.78044 1.12222 
4.37188 0.00054425 0.000236742 2.6219 4.54693e-05 0.0118907 0.10547 0.862188 0.0879841 6.03673 0.316617 9.75053 0.0527967 0.000596114 1.19847 38.1622 2.01475 6.73543 
0.000612405 0.000576383 0.00200501 0.10111 1.35672 0.0622805 0.000217597 1.34812 0.0904648 4.00844 5.59502 441.355 0.00038041 0.245822 2.95456 24.772 5.7165 1.61816 
0.000163574 0.297792 1.0004 0.0997575 0.00327267 8.43699 0.000950386 1.03566 0.152254 0.44323 0.228326 494.474 0.105584 0.000362427 2.59806 11.0759 1.76859 2.43675 
3.82148e-05 0.0499813 0.143669 0.00405656 0.000133552 400.832 0.0177951 0.234159 6.30955e-05 23.3466 0.000709331 53.5039 0.14015 0.0455876 1.09109 43.544 1.27164 9.3199 
0.00237263 0.0894442 0.00703061 7.37994 6.66974 0.0132523 6.40935e-05 1.23286 0.406013 1.05402 0.0719438 416.176 0.00060915 3.37363e-05 0.952806 3.26492 2.38475 2.60228 
0.175998 0.000341384 0.000125014 0.100287 0.553691 0.12318 0.00568611 2.82899 0.591032 0.0408796 0.00940559 50.224 0.00318131 0.000147639 0.565786 16.4454 1.13194 6.14413 
0.000129013 4.58009 0.00113038 0.00744137 0.0030895 21.1905 0.00271716 0.762993 0.0935876 0.118493 1.37153 483.195 0.00768486 0.190126 4.95734 4.8459 2.44471 6.34917 
0.000914475 0.00274404 0.000334315 0.075085 0.304898 5.70568 0.000119836 0.0919752 0.153705 0.0936821 0.0121157 37.8081 0.0748318 1.27496e-05 2.88577 46.4716 3.75167 6.1207 
0.00013988 1.74465 0.000210073 0.000611294 6.21394e-05 2.41638 0.00335822 0.178575 0.0318737 0.21168 5.51272 65.822 0.0187333 0.00659471 3.42878 22.4702 2.21669 2.72785 
0.00034974 0.00143434 1.55652 0.000469575 0.000526263 2.47543 0.0672459 0.0620022 0.201473 0.296918 0.00924658 48.1391 0.0328041 0.192882 1.70651 43.7854 4.53033 6.24558 
2.49619 9.11009e-05 1.71749 0.0550843 1.68871 560.914 0.0220406 2.25723e-05 6.10026e-05 3.00978 0.0442153 0.242683 9.67486 0.00167538 0.515978 40.3687 2.56411 4.22228 
0.000109258 1.79778e-05 0.0031795 0.709578 0.152487 0.273473 5.44023e-05 0.00074039 2.12043e-05 0.41576 0.00304016 64.643 5.30442 0.000232961 0.447541 46.8814 1.2482 6.20868 
1.06411 5.23708e-05 0.000475026 0.000996869 0.0454731 2570.68 0.000240548 0.779205 0.264341 153.164 9.52631 351.821 0.000418765 0.00263703 3.19695 12.5873 5.68031 3.36556 
0.0476772 0.0805141 0.0169142 0.000144867 0.000514496 0.360806 0.200832 0.165382 0.00523529 0.0139416 5.25652 412.503 5.8002e-05 0.00128207 2.33016 8.70197 3.82213 1.0967 
0.00269047 8.62639 0.000216672 0.668574 0.801894 179.714 0.00731345 0.0911057 0.430843 0.172862 0.000858073 125.174 0.0232411 0.000312986 1.22078 9.28187 3.4746 5.56087 
0.005526 0.0535243 1.38393 1.25687e-05 0.00116518 0.564993 0.000114335 0.387954 0.213319 1.28057 0.363036 376.628 1.69244 3.15786e-05 2.16237 15.2752 8.44032 9.72443 
9.74226 0.429145 4.04856 0.00657723 2.08287 1.84413 0.00333 0.760578 0.0678215 0.0125522 0.278171 205.598 0.0002052 0.000475712 0.973698 22.2825 3.66967 2.58764 
0.000307645 0.17845 0.0373525 0.0120145 0.00575269 0.0367798 0.407676 0.289914 0.763316 3.44464 0.068179 266.188 0.00128682 0.0203804 0.699598 22.8771 6.31312 1.78191 
0.0607773 2.75498e-05 0.00357437 0.000220689 0.00154247 4.19178 0.00534228 0.403613 0.483279 53.579 2.68164 62.3749 0.0434327 0.000221218 2.18011 41.4098 1.80127 7.71083 
0.00154252 0.0229905 8.64518e-05 7.28695 0.00143296 5.65406 0.000378539 0.0330137 0.10305 3.67408 5.45564 50.7368 0.018788 9.29666e-05 1.37944 28.0741 2.78653 5.30237 
0.00247285 0.00132994 8.93223e-05 6.0003e-05 0.284211 1.73834 3.13433e-05 6.27295 0.432346 37.3428 0.398197 103.907 0.473474 4.30108e-05 5.18053 41.0069 0.698476 2.7082 
0.0071556 0.00112761 0.000835566 1.82861e-05 0.0118774 2.41052 0.100122 0.638603 0.0438627 2.03685 7.55706 251.077 5.34577e-05 4.30307e-05 4.6846 7.749 3.21688 1.96981 
2.29286e-05 0.00118958 1.48406 0.000417653 0.000219786 0.112156 0.0272569 0.0361601 0.667577 57.1822 1.24786 387.062 0.00191572 0.00935127 7.85361 2.8237 2.23092 5.59378 
0.015485 2.52948 0.406514 1.62163 1.41022 14.2427 0.554204 1.554 0.110044 0.0885178 0.0494155 227.205 1.60653e-05 0.0690915 4.22355 20.3718 1.1134 5.82487 
0.0389556 0.00503142 0.016204 0.0100018 5.38691e-05 0.410543 1.25771 3.09112 0.122032 0.0100494 0.114127 15.447 0.00239736 5.69134e-05 1.26862 34.0785 1.90117 9.73587 
0.000647239 8.84653e-05 6.05396e-05 5.78127 0.0008611 178.791 0.0328762 0.10991 0.0983794 0.629232 9.07761 322.779 0.0036547 3.83507e-05 9.07447 5.7509 2.00228 3.27198 
0.00293548 0.0759361 3.11029 0.016391 9.83684e-05 0.837662 0.042562 0.183308 0.215449 0.0435683 0.0207577 33.2787 0.00268849 6.19339e-05 1.44598 17.4475 1.68134 4.43192 
0.0183393 8.71983 0.233688 2.04791 0.128292 350.332 0.000543675 2.25232 0.145359 0.234807 1.44921 51.8059 0.0056078 0.00277626 0.605856 49.5942 3.55046 6.53082 
0.0252577 0.000203818 0.000403618 1.65244e-05 0.0230395 1930.78 2.17621e-05 0.154765 0.0581129 2.65321 0.432287 437.893 1.26125 0.000578053 3.05017 5.75445 1.77186 1.82201 
9.61606 0.000356192 0.763846 0.000374527 0.00543018 19.7717 0.0191219 0.189975 0.12202 0.83354 0.0546776 201.549 1.0891 0.00185223 0.867744 31.406 1.77958 2.58834 
0.00534615 0.00463821 0.00112889 2.08266e-05 0.0315771 171.299 0.612469 0.825606 0.00667417 0.0657744 2.74795 326.79 0.0295568 0.000602358 3.83368 7.67622 2.76551 3.10699 
5.06162 0.0110556 2.90988 1.04247e-05 0.00834528 0.122349 0.0163251 0.811156 0.174762 0.425701 0.0753529 73.5786 2.87173 0.00058863 2.93781 24.3455 1.16115 6.87556 
0.000393433 6.68923 2.21522e-05 0.0830264 0.22413 0.096021 0.00346497 1.03624 0.27192 4.24256 2.02526 85.1968 0.000228991 0.000245771 0.959622 14.2451 4.52846 7.59775 
0.627171 8.37589 0.0620014 0.0196922 5.22246 0.74848 0.000620161 5.92107 0.793325 0.705432 0.0257325 403.458 0.00479238 0.0266606 0.959422 10.7714 1.68988 1.65417 
0.000314404 0.141905 0.0122193 2.10722e-05 0.00730132 38.7179 0.162529 0.0567851 0.0470955 0.0214572 0.0661927 51.9935 0.000150387 0.000186272 1.94885 33.0879 2.63209 3.55217 
0.00137747 6.5259e-05 0.000113145 0.3026 0.000800217 1.70002 0.00415597 2.36302 0.0609672 0.0253909 2.71368 239.28 0.0348905 0.000648619 1.87737 13.2174 3.08478 3.07203 
0.0172365 0.00854942 6.14521 0.00797295 0.501985 280.277 0.384818 1.33571 0.026286 0.0159516 2.12766 34.8047 1.16495e-05 0.0408792 1.24266 31.9961 2.10864 1.5891 
0.000447063 7.60108 1.1429 0.126701 0.0154984 2044.6 0.000281795 0.581025 0.299488 0.559901 0.250413 183.796 0.379627 0.0997723 1.80301 8.7218 2.50038 4.06443 
0.000376412 3.49222 0.227123 2.12249 0.158449 0.0156209 0.00370491 0.21368 0.0859743 4.80091 0.230744 356.366 0.00188596 0.260354 2.03363 31.4497 3.19909 0.282668 
0.587665 0.191093 2.16939 7.10671e-05 4.85111 337.683 0.00140718 0.264712 0.290572 0.0207475 0.0141107 106.387 0.00492033 0.305798 5.25769 13.0563 2.00107 3.46714 
3.68052 1.68043e-05 1.66307e-05 0.00116473 0.000827365 14.3141 0.0930952 2.30602 0.0408804 10.8499 4.34912 183.11 0.00183137 0.00074689 2.51124 20.8752 2.46752 6.31189 
9.35064e-05 0.00135047 0.0402571 0.000975103 5.20643 0.294464 1.78179e-05 3.47566 0.808844 0.018157 0.00141937 235.993 0.349353 0.0163486 5.90273 27.2972 1.68873 3.75707 
0.00117258 0.0895779 0.000137267 0.00902321 0.0387364 5.12528 0.000737544 1.111 0.253155 142.752 2.36511 251.429 0.0271775 0.0079336 0.747372 21.4774 2.15347 1.68347 
0.00272416 0.503261 0.00296571 0.157057 0.00379397 550.788 4.2358 0.291102 0.000727552 0.673932 0.0319401 0.207494 8.9587 0.00918458 1.43351 22.0036 2.42337 8.28001 
0.854 0.000190484 0.343157 1.74401 0.00012103 0.464201 8.35382e-05 1.18586 0.797634 0.098193 0.000638817 156.912 2.96022e-05 0.00349765 5.03631 11.1081 2.18677 8.8499 
0.0106012 0.121532 0.146448 0.695381 0.000283912 1099.93 0.000891177 0.0834537 0.0755075 0.168609 0.131478 453.894 0.000200123 0.495629 9.27907 2.7599 0.998242 9.81135 
0.00149815 0.00784491 0.152039 0.00170313 0.0116064 6.91946 0.0548108 1.1334 0.202245 10.2401 2.93235 302.947 0.262524 0.000409582 5.94167 14.6049 0.766014 1.85675 
1.0906e-05 0.000523775 4.67009e-05 0.37342 0.000689977 0.937697 0.564822 3.19022 0.317309 15.6392 1.27778 325.915 0.00915837 0.000169645 3.24071 35.1294 3.04286 0.7204 
1.31794 0.125421 1.22417 9.86489e-05 0.000396282 9.86213 1.52617 0.406822 0.205819 0.278082 0.0701383 267.8 0.00337079 0.000195652 1.83312 30.4779 0.903959 1.84807 
0.00341945 0.0114251 0.0114328 0.00513764 1.85856e-05 0.517612 0.0019388 5.1356 0.466893 15.2636 2.23431 469.997 2.12971 8.25135e-05 1.22374 33.8105 6.9049 4.42984 
0.0294148 3.07205 0.0626514 0.00656382 0.000164899 0.979763 0.131654 0.0499296 0.5362 212.007 3.88194 38.3856 0.0430656 0.0037883 2.49373 30.9144 3.397 8.50365 
0.0484456 6.89407e-05 0.404647 0.000338332 0.000289024 0.050092 0.0234714 4.31371e-05 0.099217 2.50346 0.0583627 2.50555 5.8006 0.000255227 0.778057 45.6959 3.02742 8.76926 
0.00286762 0.00502471 1.40546e-05 0.00029036 0.0146915 38.078 2.88338 0.738676 0.247026 10.157 7.33748 447.175 1.26413e-05 0.00443742 2.40251 16.8748 1.28579 0.770951 
6.92339e-05 0.0477969 0.0218606 0.0547764 4.70425 0.0157597 0.0354355 0.513696 0.0694546 0.176882 0.808544 172.544 0.229353 0.00189631 1.57524 3.96568 3.27712 6.69652 
0.390634 0.00026977 0.00105664 4.89788e-05 0.0916577 611.781 0.00184635 0.532375 0.143557 1.75349 0.137116 287.816 0.584415 0.000283466 2.90179 18.3101 1.92476 1.31567 
0.28559 0.000102203 5.81528e-05 0.677765 0.284076 0.520157 0.0265646 4.62321 0.316463 5.21447 1.6196 447.029 0.969417 0.00340753 0.973373 23.4961 5.54115 4.1534 
9.01032 1.80627 0.00630724 0.000884269 0.0818355 0.0657054 5.88361e-05 1.16343 0.0450677 1.85863 0.128789 444.253 0.00193165 0.000151795 0.899327 16.4231 2.93605 3.58408 
0.000320581 7.50359e-05 0.208408 0.00413682 0.00035979 2.44054 0.000108616 4.5577 0.0230386 0.624854 0.413351 141.091 0.000826624 0.000174009 1.32758 29.1811 0.944142 8.86314 
1.4812e-05 0.000221065 0.0054991 1.67532 0.85378 0.0298584 0.000721009 0.455662 0.120544 0.0638603 0.166503 93.7616 0.541367 0.00937971 1.90494 15.3087 5.06874 8.68538 
0.231237 0.033075 0.163606 5.48337 4.71151e-05 0.0877481 0.00172605 0.122098 0.00578661 1.02935 0.0863274 92.2364 0.0224926 0.0361224 1.13981 17.0312 1.48802 2.98521 
1.67925e-05 0.000118072 0.132911 0.387679 0.375166 0.692982 0.00217521 3.21592 0.0634159 0.728193 0.124734 464.588 1.43781e-05 0.862734 6.36863 16.1904 2.12217 1.07267 
3.31767 0.0905833 9.25846 0.00873935 0.565537 20.8747 7.49282e-05 0.128911 0.0144686 0.0151221 3.76463 477.99 0.0191947 0.000296274 1.054 5.6027 2.4017 8.66826 
2.96485e-05 0.00130118 1.77153 0.646705 6.5746 9.85602 0.000428297 1.89814 0.283002 0.462377 0.0193817 373.601 0.00696693 0.00131179 1.72828 24.0482 2.49089 0.660824 
0.0519631 0.000796659 0.00730624 1.18738e-05 7.4142 161.562 0.00039133 2.99026 0.99753 0.75712 0.060208 352.471 0.08001 0.000383445 1.43236 6.18509 5.75971 5.56125 
0.00295991 7.19042 1.39062 0.039802 0.0010605 10.2088 3.05675e-05 5.93429 0.533278 2.20728 0.28685 498.682 1.23264e-05 0.0302285 3.84761 18.5452 3.15165 2.56976 
3.16458e-05 5.20389e-05 0.0233766 0.00026675 0.130835 23.401 1.00243e-05 0.2065 0.114606 1.73332 0.0475904 100.756 1.18869e-05 0.00247194 0.638165 14.2195 2.56136 6.01441 
1.6084 0.049207 0.000249658 0.0684925 0.000998536 0.472846 2.56391 2.09489 0.0079684 0.0105894 4.64116 47.7859 0.0131865 0.0667028 0.986637 37.99 5.133 4.86629 
1.35555e-05 0.000411009 0.0864559 0.00111848 0.111715 8.83296 0.00273533 0.604118 0.00707269 0.0120654 8.06531 35.6443 0.000754997 6.39908e-05 0.662768 19.7563 1.40272 8.92674 
0.313248 0.000281198 0.000576919 1.87469 3.16902 0.771974 0.0064246 0.375521 0.265985 0.0478986 0.0326664 58.3947 0.00141646 0.00857627 6.57942 21.4919 1.08373 4.49727 
0.0033112 0.0039978 0.983605 2.78432 8.93977 0.372223 0.000129202 4.22229 0.0102208 0.663033 8.75715 131.312 0.00858397 2.422e-05 2.25853 20.5521 0.800377 8.74152 
0.685989 0.000188727 4.48667 0.00349258 2.64187 5.27705 0.0113724 3.75065 0.0109817 0.0118904 5.31992 325.05 8.40143e-05 7.72371e-05 1.35689 19.9972 0.745367 2.07365 
0.0522605 0.10759 0.0204992 0.01426 0.0137326 7.7573 0.0220657 5.62908 0.277026 0.072697 0.290986 441.485 1.34929e-05 0.000214598 2.30012 5.86573 1.31848 5.97287 
3.84795e-05 0.00676666 0.0168601 0.0304208 0.00012767 8.08484 0.00333537 5.16025 0.0305011 0.0275118 1.62693 483.825 0.000267185 3.53152e-05 1.62188 17.4713 2.11465 4.04239 
1.05735 6.90947 0.000262652 0.385931 1.1378e-05 20.941 0.786156 0.63759 0.120977 40.8276 2.87059 109.192 2.03041 0.000224967 4.62939 14.5483 0.889359 5.17269 
0.00599281 0.000831732 0.00382188 0.0651058 0.793031 13.3365 4.1728e-05 2.17631 0.866584 3.62056 0.0830315 410.968 2.41099 0.00174314 0.739235 8.74995 5.0868 8.97282 
1.2221e-05 0.00168848 0.00408574 0.0339056 0.000108758 631.309 0.000436541 0.57564 0.0451787 2.64688 0.388212 284.693 4.59568 0.000145384 3.91561 8.2878 1.6753 5.19836 
3.31455e-05 0.000891385 0.0190625 0.00010554 0.0020541 3.06826 0.0988642 1.05785 0.549123 3.48613 0.111753 187.055 0.0164298 0.00230284 2.43201 23.6682 1.17416 1.63847 
6.95689 0.000509796 0.000158176 3.34587e-05 0.000279124 11.4743 2.40719 0.0760283 0.0295554 10.2525 0.541907 73.0745 3.12393e-05 0.00654766 0.639835 40.1254 5.10634 6.43298 
0.151068 0.00492738 0.789981 0.00575972 0.000425006 2385.39 6.11292 0.0593553 0.0716252 0.0156052 0.0484137 96.3459 0.000806099 9.60214e-05 1.31632 13.7719 6.99242 7.02827 
0.785467 0.011221 0.0396273 1.76976 0.000103473 0.0841572 0.000264355 2.21143 0.0235924 0.123311 2.61318 49.1194 0.0206309 0.172707 5.62101 22.5191 1.09848 3.33283 
0.00300372 0.000104262 0.310197 6.57585e-05 0.00322621 1785.82 0.670799 0.496503 0.0108912 0.0229085 1.69413 174.224 0.00612603 0.0083452 1.75146 21.9133 2.26422 5.53635 
0.321928 0.0010595 0.00258334 0.000507344 0.0107574 76.6482 1.01497 4.96589 0.016908 0.200021 8.9293 326.889 0.0143548 2.14252e-05 3.42348 27.1606 1.97747 5.85985 
0.00146937 0.0495578 3.43182e-05 7.14162e-05 0.506446 2619.36 0.00121954 2.08681 0.0370774 5.28442 1.10289 305.188 0.000184776 0.000166999 1.61836 16.072 4.64668 1.79185 
0.0136049 1.10775 0.303465 3.7043e-05 0.0938998 0.124907 0.000538699 3.88771 0.259988 0.0101879 0.00084429 203.723 4.95451e-05 0.00496535 3.3599 10.6034 1.64518 6.3341 
0.000183332 2.28361e-05 0.000232289 0.000515995 0.000127596 0.0414717 0.00727497 6.38688 0.0759558 0.282249 1.65458 71.1727 6.95255e-05 0.00164344 6.10984 39.8152 0.797465 7.63893 
0.00674409 0.00786125 0.000106937 2.36557e-05 1.041 0.0201366 0.0366313 7.93703 0.862439 0.240156 0.00699734 450.55 0.00870383 0.00267632 7.44936 11.4185 1.47777 2.20543 
0.000213167 5.82628e-05 6.01384 0.342455 2.45955 89.6494 0.758452 0.58291 0.0805877 0.0349161 0.0177358 167.82 1.33499 0.00239342 1.64249 11.1977 4.89106 9.3594 
0.012488 9.97436e-05 0.0490225 0.101657 0.00117315 0.121163 0.2313 0.652614 0.414997 0.0185493 0.000618296 308.185 1.02642 4.50728e-05 0.878578 24.3513 8.41556 3.03728 
6.26324 0.0194084 4.31471 0.000340634 1.98856e-05 0.0176375 0.00116544 0.0103108 0.201736 0.147175 0.0605828 7.2019 0.0342509 4.81265e-05 1.64566 40.244 2.09407 4.65546 
4.25857e-05 6.3188e-05 0.016123 0.00165745 0.000977431 828.414 0.0144956 1.15865 0.151187 0.271631 0.019644 17.3884 0.270195 0.0513853 1.54714 39.6357 1.12615 5.89636 
0.000649391 1.17688 0.000594356 3.29786e-05 0.00208295 1.94245 0.000262527 1.01309 0.0855849 0.0710451 0.0654796 337.021 0.00158601 4.20313e-05 1.18556 12.2102 7.12015 8.27038 
0.0505843 0.000116285 0.000250991 0.150979 0.451983 2.31871 0.000267131 0.149551 0.0361157 0.0741475 0.148575 241.344 1.81773e-05 1.5183e-05 3.1945 23.1476 1.778 0.409789 
0.0274361 0.0189041 0.000235994 0.00758154 0.000144296 0.135219 0.00147575 0.778011 0.0877118 0.0380939 2.90252 31.5488 6.75445e-05 0.000780691 3.03592 14.5667 1.69752 8.37792 
0.581337 0.000107826 0.132568 1.96193 0.273691 43.4081 0.000415288 0.83589 0.231643 15.1681 0.115608 51.6808 0.0591198 5.37796e-05 0.575544 34.3534 1.1082 1.83027 
0.0150181 0.000327357 0.0900968 0.026812 0.115268 0.0342417 0.0326174 5.08178 0.11317 0.311623 0.300297 344.553 3.83839e-05 0.0083151 0.960691 33.3196 7.51928 8.85045 
0.0115179 0.0771614 0.00388155 2.05487e-05 0.00543311 31.2632 3.40821e-05 0.671366 0.122964 0.331316 0.158838 132.601 0.790489 0.0301821 1.47067 17.8981 7.81645 9.65055 
0.00247478 0.0873505 0.134376 0.040695 1.50951 1.60991 0.0623887 0.591236 0.0287119 0.140759 0.357186 375.82 0.392161 0.000623208 1.95556 23.6998 6.1428 1.04252 
0.709433 0.00715768 2.72911 0.714007 0.00429721 0.69008 0.000253882 0.00673107 0.00888487 1.7152 1.62792 82.745 0.103617 0.0296791 1.67271 22.307 2.48932 6.65371 
0.244771 0.0881377 0.00312917 0.0384912 0.00217718 9.92966 0.0411186 0.698864 0.481946 0.624512 0.0674138 19.3778 2.85512e-05 5.68036e-05 1.17957 27.3921 2.2788 4.49682 
0.493478 0.000885753 0.0577191 0.0954118 0.0362982 971.974 0.000869313 0.0694257 0.278519 257.961 4.88114 73.1084 0.0121562 0.00475094 8.58165 26.6917 1.04459 4.90252 
1.36556e-05 0.802791 0.403333 0.000802065 0.00271748 0.0135294 1.05698e-05 0.357507 0.130074 0.131916 0.065806 124.877 0.116352 7.48186e-05 2.99934 25.393 2.74089 0.959608 
0.00202951 0.000343834 0.00115159 0.304175 0.0423831 0.113593 0.00644665 1.7532 0.354508 0.881496 0.0420598 107.106 0.00011016 0.00813939 1.70321 26.9119 1.74943 3.99277 
0.0949204 0.0243086 0.000722872 3.82805 0.00610914 1899.5 1.68338e-05 0.0463055 0.27913 7.23201 0.211797 308.502 7.42736e-05 0.000105962 1.24851 6.39003 4.97973 3.99167 
0.00904344 0.00281569 0.0638056 0.00982752 0.504666 0.209964 1.90756e-05 9.43587 0.00807224 0.140095 8.63338 99.4103 0.000649437 6.45157e-05 1.76552 31.6516 0.863883 7.76475 
0.00145 6.14311e-05 0.0197855 0.00272364 4.61429e-05 2117.03 0.793272 0.23894 0.647077 51.225 0.723942 57.9203 0.000213712 0.000267741 0.618581 28.9362 5.22445 4.66587 
7.62991 0.00270466 0.0132528 9.48824e-05 2.4191 5.56317 2.30051e-05 0.504903 0.211773 1.07336 0.539384 236.657 0.0123281 0.114564 7.30878 14.8189 3.08761 2.86641 
0.0389072 0.000394794 1.88202 0.134738 2.00817 255.399 0.000145372 0.401263 0.0898751 0.0108848 0.164987 393.805 0.00155537 0.00156501 1.57378 1.31587 2.42616 7.93023 
3.26516e-05 0.246279 0.453265 0.212961 0.0473615 62.6195 0.00269447 0.633236 0.0291132 0.651785 2.62738 203.905 0.00515245 3.28919e-05 3.05499 17.5617 1.22456 3.62124 
0.247268 0.0762562 0.168445 1.84291 0.297818 13.4778 0.000431382 0.278668 0.16511 34.9585 3.28911 450.574 0.00780254 1.10186e-05 0.876246 9.58056 5.96158 2.17533 
0.0492865 0.0200249 1.73219e-05 0.945227 0.00161814 847.933 0.00770961 0.645837 0.17466 6.16768 1.08673 232.729 0.000658161 0.108914 3.31323 11.1662 3.39686 5.84358 
2.41982e-05 0.000729059 0.0040511 0.0695 0.0389129 393.75 0.00157086 0.183762 0.0249813 0.0351788 0.897765 8.94558 0.0198877 0.000390003 1.12715 35.8004 1.48978 9.47528 
0.796651 0.000105155 0.0473354 0.0136662 0.149673 107.109 0.155658 4.37282 0.481572 0.106754 0.0777264 465.649 0.0946206 0.00952851 2.49943 4.03511 1.04373 2.70214 
1.03731 1.78519 0.199164 0.000469044 0.000112876 155.267 0.000394298 1.65886 0.222318 0.031337 0.00109664 248.874 4.14346 0.0179707 4.0024 15.7654 1.64605 1.93858 
0.0656975 0.0628734 0.00108335 0.099119 7.36755e-05 0.921634 0.00636084 0.0561612 0.0419278 0.0500198 0.61879 47.7289 0.00209339 7.20834e-05 1.14556 32.9859 3.92018 4.03015 
0.000126753 0.0141429 0.016979 0.00252196 0.0300912 33.9918 0.264288 1.33225 0.679995 27.7697 3.57495 179.879 0.0876876 0.000928134 1.47785 24.4441 1.82992 4.43873 
0.000313145 0.000130323 0.0375745 3.82761 0.0671889 542.217 9.24319 0.82999 0.036395 0.116588 4.09827 306.471 0.171693 0.0936729 1.76 8.13967 2.47055 3.92823 
0.000729953 0.0248346 0.0603619 0.00102059 1.23283 0.0279048 0.00146655 0.681276 0.116961 1.3506 0.0666686 160.742 7.99855e-05 6.30109e-05 1.19352 4.78024 1.42261 7.61544 
2.24764 1.34887e-05 0.000827732 0.000133382 1.57902e-05 0.149813 0.00118142 0.693116 0.0633269 0.0476518 0.00613542 365.557 0.00651042 0.0320104 5.03396 19.5214 1.73352 2.36979 
0.000532755 0.0768523 1.41907e-05 4.58061 1.71742 4.3774 2.52898e-05 1.6065 0.0297721 0.0252925 0.818545 350.046 0.00025783 0.0069795 2.40621 16.8049 0.943111 0.941188 
0.00235247 0.00223277 0.0255874 0.00119179 3.98308e-05 0.206516 0.0525206 3.40934 0.0991853 1.66886 1.70005 408.433 0.0293048 2.51783e-05 6.39465 32.8539 1.84709 6.49989 
0.0056026 0.000583943 0.000152344 0.0379521 1.60824e-05 31.3307 0.0005341 4.22752 0.196577 1.95331 0.985617 182.088 0.227743 5.33853e-05 4.71182 41.1064 0.852752 1.96191 
8.78325 0.000809664 2.22443 0.00037586 1.00351 6.68262 0.00581078 0.0151229 0.188571 0.368871 0.0585104 77.2496 0.0762136 0.0530288 5.42855 48.9498 2.89606 3.89926 
0.000799928 0.00809217 0.469945 0.000170718 0.0718839 791.89 0.735973 1.38075 0.0841103 0.0470995 0.16823 440.479 2.39094e-05 0.000864983 1.31611 14.1318 7.14726 7.56732 
3.5369 0.911868 2.76826 0.151433 6.63562 0.0110964 2.22957e-05 1.69108 0.197117 2.89381 5.15631 71.2784 0.00033907 0.00344761 0.853204 39.6122 5.63728 2.70937 
0.00113083 2.26902 0.0362968 0.102878 0.0302608 0.533563 1.50934 0.00226413 0.106631 11.2449 0.117109 7.35407 8.31486 0.000122818 2.83217 49.3047 1.72999 4.98647 
7.88737e-05 0.00179606 0.000239227 0.0155661 1.24264e-05 1.03146 8.8372 1.39829 0.284008 0.184184 0.432119 102.445 0.00202836 0.00908937 1.26835 13.0691 5.49663 6.11576 
8.39451e-05 0.0203983 5.38269e-05 3.67751 0.0587596 1.26315 0.225769 0.8124 0.97932 56.9618 1.33626 206.206 0.461965 0.000912378 1.49224 21.4475 1.37268 2.18035 
0.0109938 0.0264961 2.53827e-05 0.000245163 2.19693e-05 0.380221 0.111621 1.2865 0.00856452 0.0457313 1.24645 465.026 1.63198e-05 0.0888984 1.76857 13.1634 3.2791 3.66142 
1.94488 2.27483 0.0586757 0.10896 7.7213e-05 782.559 3.98555 2.38819 0.586199 0.972376 0.0179121 50.2779 0.0591904 0.125703 3.56195 42.5542 2.84859 4.02389 
2.23988e-05 0.00109154 1.71132e-05 1.19791e-05 0.440835 2922.6 4.30398 1.13284 0.753194 0.127072 0.00338494 310.775 0.000814166 0.000862814 1.32106 24.5647 4.64545 2.6646 
0.0138589 4.17935 0.000703479 2.27808e-05 0.0603527 331.147 0.00477138 4.76502 0.0245972 0.193765 1.93451 163.672 0.000477541 0.00436752 0.573082 41.3442 3.5514 4.88898 
0.000226554 0.000120458 8.13694 0.151745 3.76035e-05 237.122 0.0268033 1.94442 0.221411 8.44781 1.3862 69.6657 0.00150611 0.00142709 1.02904 16.1399 2.9161 8.06511 
0.0680426 1.51145e-05 0.448207 6.17029 0.0281996 0.421747 1.35923 2.60063 0.190098 5.60855 4.57453 59.7381 0.000256629 0.0188416 1.42333 30.923 4.11075 6.7963 
0.000129967 0.00167954 1.40434e-05 3.83375e-05 0.00241789 56.8345 5.63561e-05 2.83366 0.674723 4.47751 0.107775 263.009 7.9557e-05 5.839e-05 0.987619 35.556 0.991545 7.4005 
0.000217027 2.71527e-05 0.0206434 0.0366509 0.000124471 1.56383 2.46405 1.99029 0.0277316 0.273369 7.16697 95.5321 6.26986e-05 0.00822663 1.74898 26.7468 2.55592 1.1765 
0.000220034 0.914779 1.04628e-05 9.38495 0.0315945 208.042 0.00255911 1.94088 0.397869 7.79534 0.0701787 344.8 7.74967e-05 0.000830215 2.038 9.62363 3.05171 2.17492 
0.974462 0.484825 0.000127752 0.00066786 1.17975e-05 1112.67 0.0034696 0.276297 0.568862 18.6694 0.520196 55.3678 0.648345 0.000186971 1.82261 16.5469 1.00921 4.53592 
0.27397 0.00186678 0.000149854 1.14355 3.83432 0.0434924 0.00363766 2.19747 0.983103 0.946114 0.0123997 270.559 0.000918056 7.47362e-05 4.17896 9.65097 2.64507 3.15576 
4.62877e-05 0.000128682 0.014084 0.000138457 0.00129911 0.0621503 0.163704 1.50226 0.148671 0.0352101 0.0325177 251.146 0.000106003 6.17312e-05 3.25565 12.0446 1.09674 6.75901 
0.00063766 0.000109906 0.017546 0.0389042 9.26098e-05 8.32786 3.17154 4.90804 0.329487 4.19816 0.243588 250.406 0.0332387 0.00220553 1.40718 19.7097 0.937611 1.46457 
3.95786e-05 2.61902 0.00121341 2.6656 9.20098e-05 2747.06 0.42607 0.699669 0.18667 5.55991 0.952389 183.641 0.453756 0.0256596 1.52755 28.2264 2.99474 8.19552 
0.00046449 3.35279e-05 0.354776 0.00126736 0.00348587 259.109 0.0102516 0.20582 0.0752869 0.0542832 0.187242 99.9972 0.000607633 1.49844e-05 6.61184 18.2174 2.02333 4.02687 
0.0499321 0.00255045 0.0999418 5.8942 0.278142 308.189 0.000122038 3.91387 0.124199 0.339829 4.01865 53.9723 3.84499e-05 0.00420997 1.38659 42.7701 2.36931 8.37914 
0.0133726 9.88958 0.114612 0.00048811 0.485361 0.20269 0.367877 4.27311 0.0250791 13.6237 5.06581 239.067 0.680014 0.000329235 2.83519 34.5883 1.47462 0.796401 
7.70662e-05 0.150871 0.0274971 0.0138016 0.012677 157.829 0.000131478 1.36141 0.0930693 16.2537 7.90551 142.536 1.39661e-05 0.0017412 0.660126 49.7866 7.42637 2.4586 
0.00282872 0.589339 0.280389 0.0740006 0.0672687 1042.56 0.0607924 1.17681 0.884533 30.899 1.18896 417.488 0.170021 0.00363537 3.65054 3.64779 3.32605 8.45605 
0.0441626 2.17298 0.000247737 0.00695704 0.000216005 0.023791 0.0345694 2.63858 0.120639 6.13303 9.05669 206.721 0.00045915 0.278804 2.54737 44.4411 6.55865 1.72664 
3.46812e-05 0.0063776 0.527899 0.237045 0.000115923 2898.79 0.0259029 1.12083 0.255708 0.0451672 0.0555141 197.618 0.121413 0.000137235 8.34128 14.9221 1.90028 7.62992 
0.0355047 5.66207 1.63676e-05 2.38535 0.484043 26.8701 1.07305 1.4471 0.360757 392.155 8.61713 463.021 0.852444 0.968015 9.38577 18.209 2.52984 1.17843 
3.33832e-05 0.081104 0.323635 0.0242618 1.46736e-05 14.7922 1.88765e-05 0.103944 0.00957442 0.0186873 0.149448 26.8175 0.000367653 0.00214351 0.410949 44.9524 1.52417 5.23778 
0.157651 5.0578 0.872877 5.4062 2.64353 20.1797 0.000687911 1.55348 0.695745 7.81072 0.664856 98.4551 0.000486556 4.50261e-05 7.14412 12.0836 1.39011 7.98917 
2.59601e-05 8.08078 0.157533 0.000360818 3.64439e-05 1.0981 0.000697008 2.84022 0.0855603 2.08268 0.414393 304.654 0.476799 0.00113173 1.05886 36.059 4.63202 1.37826 
0.00625673 0.000489864 0.000130359 5.03241e-05 6.59881e-05 473.453 0.00724236 5.06533 0.429052 60.9516 2.68845 273.835 0.000166818 3.57458e-05 4.36643 19.3328 1.1091 3.40965 
7.26804e-05 0.00521154 0.00333188 0.000847847 2.78654e-05 348.763 0.793541 6.70394 0.00294997 1.20569 8.56302 276.905 2.72043e-05 0.000169353 1.09244 33.8826 1.97504 4.81734 
4.03635 0.00855238 0.000502278 0.0764886 0.0521773 30.8753 0.0676096 1.63456 0.132786 21.0409 2.31904 265.645 2.0458e-05 1.013e-05 1.18987 31.3717 5.12348 4.93933 
0.0259289 0.000189477 3.46947e-05 0.00157156 0.00324936 394.88 1.06307e-05 0.0380438 0.000179261 3.42212 0.0124923 1.0377 5.30452 0.0066795 0.720863 38.0104 1.40536 3.43024 
0.000645305 2.11026 4.38648e-05 0.000201365 0.00340744 2.97332 1.42892 0.910155 0.217197 0.730014 0.0816162 408.812 0.00394896 0.000252888 4.25857 6.58521 1.72552 4.68948 
0.00393451 0.018415 0.00333189 0.218172 3.74445e-05 5.68081 0.00922042 0.74626 0.0387906 0.0888435 3.78304 193.716 0.000101064 0.052712 2.05198 10.4854 1.82238 8.39262 
0.018754 5.15489 0.0011112 0.000891226 0.00064335 8.58242 7.0433 0.00676951 0.00538512 0.482546 0.0353142 79.8274 6.89814 0.0207701 3.8755 49.7298 2.63036 9.76828 
1.402 6.14592 0.032186 0.0237844 0.000153208 0.354006 0.0803202 3.81964 0.0102493 0.037215 0.603899 74.5384 0.00195865 8.93749e-05 0.932581 43.4185 0.907397 2.00735 
9.82479 0.00793093 0.00390216 0.000371341 0.25415 625.987 1.73863 2.31237 0.0766905 0.582396 3.83323 34.5422 0.000101543 8.44687e-05 2.28391 47.805 0.988927 6.17117 
5.10524e-05 0.00397128 0.28272 2.98348e-05 0.00900908 117.008 0.349198 1.37214 0.478894 0.0170832 0.0039015 273.851 0.00022397 0.000882065 2.58153 46.6889 2.19606 0.440565 
0.276884 0.000167881 0.417751 4.709e-05 0.0333238 7.82596 0.450737 2.48188 0.0577761 0.12159 1.73629 296.013 8.27539e-05 0.00194856 1.03722 8.44166 1.34555 8.06708 
0.0262263 0.000428938 0.673732 1.01098e-05 0.0153334 79.8651 0.000696642 0.29966 0.0214563 0.121071 0.144092 192.669 0.000242413 0.00116387 0.559044 12.4295 2.63118 4.52143 
1.54289 1.19304e-05 4.87318e-05 0.0536736 1.22019 2.81268 0.00768544 1.08385 0.289592 22.702 0.810283 49.7866 0.000104817 1.92842e-05 7.29315 42.9557 2.05887 3.72463 
0.240474 3.31806 0.129239 0.0795478 0.00234229 1845.78 0.000527733 0.59094 0.00583051 0.126769 0.808367 51.8365 0.0896078 0.0031222 4.01654 45.7479 1.97854 4.4997 
0.642677 2.23119 0.680409 0.029613 0.00190851 47.3798 0.132899 0.25427 0.201937 12.2185 4.7637 318.291 0.000119168 1.46416e-05 1.67861 11.7522 7.52686 3.97384 
0.000649779 0.00529095 0.308503 0.000315501 0.211929 0.264903 2.75157e-05 5.62645 0.00382209 0.0114676 1.2601 164.477 0.000695114 0.0003699 0.704309 24.9183 1.66033 4.8042 
0.00499547 0.0693394 0.175725 1.34307 0.000285841 868.422 0.000948811 0.601183 0.0392219 0.0108405 8.27184 27.1016 7.22836e-05 0.000442661 5.10515 42.5341 1.46299 7.86419 
0.0361561 0.640542 2.60073e-05 0.00180102 0.00344744 0.0169072 4.03766 5.65417 0.126543 0.0374674 0.120479 101.252 0.00493811 8.78526e-05 2.63521 18.5329 3.29709 4.43799 
4.92372 0.40673 0.0270783 0.139594 1.94876 909.075 3.79977e-05 1.09692 0.208788 0.509038 0.0617256 206.121 0.000295112 0.00451186 0.881068 6.27593 1.6403 4.21786 
3.9028e-05 2.45736e-05 0.461164 0.500823 0.167572 0.0394706 0.00042775 2.18042 0.359195 0.0941799 0.147373 69.9739 0.0157943 0.0644125 6.87452 33.7014 2.22174 4.05451 
0.101971 0.0704432 0.0576549 0.000106861 0.000617171 0.204431 4.70947 0.31913 0.282087 33.6318 1.06567 354.654 0.273336 2.9117e-05 1.03512 5.81726 4.79375 9.42338 
0.0128758 6.53187 4.67969e-05 0.0896067 0.00230957 33.7954 0.000206734 9.46949 0.0136374 0.0184998 2.13401 177.125 1.46005e-05 1.13584e-05 0.869832 48.6883 5.08983 6.96162 
6.51397 0.128216 1.05319e-05 1.83985 9.74363e-05 17.4262 1.0712e-05 1.27852 0.0505221 0.375457 5.26037 49.4978 0.119823 0.0121554 1.36311 28.4183 3.94299 8.29193 
8.64289e-05 0.00877585 6.70185e-05 2.35692e-05 0.0247016 3.73211 0.0565072 2.05401 0.718795 89.4356 9.69732 297.392 0.295756 2.10692e-05 9.0352 40.8593 1.23574 2.09205 
0.000411415 0.349491 2.18795e-05 1.56066e-05 0.000106789 208.289 0.000234193 6.58837 0.0479955 0.0384236 0.834539 121.404 0.0136942 0.00969352 3.73515 13.8505 1.25079 8.88443 
0.000136219 0.0095533 2.00253 0.220846 2.76381e-05 0.391876 0.54549 6.11836 0.0461002 0.20294 0.147329 156.361 1.07764e-05 7.28336e-05 5.34595 40.2637 1.11277 3.69978 
0.0104945 1.92927e-05 0.000122799 0.00195312 2.76843e-05 110.151 0.0359246 1.36695 0.354786 11.9782 4.36308 328.494 1.63171e-05 3.60346e-05 2.83338 9.68659 2.89677 1.67801 
0.000950269 0.000112415 0.0112281 0.0220527 6.95954e-05 40.2634 0.00201968 0.224121 0.520152 0.325954 0.00568914 156.927 0.0327969 0.00667917 5.90846 8.64438 0.827193 2.59515 
0.095958 0.000992568 0.934095 6.59748e-05 5.79521 0.11235 0.00754631 0.341448 0.0976317 0.0743455 0.0405167 23.4971 0.00171162 0.00289551 1.29297 26.9129 1.17228 4.07105 
0.0718138 3.00015e-05 7.53793 0.000535451 3.7743 2416.28 1.45828e-05 0.052357 0.218642 0.634598 0.0599762 114.619 2.49147e-05 0.00721925 1.4751 13.8604 4.28928 3.14405 
2.3205 0.0571762 0.0105821 0.743646 0.000184199 82.8283 1.84186 1.85823 0.0371936 0.161272 1.30046 483.478 0.00262439 0.000299548 1.49655 11.7734 1.91772 3.80928 
3.50679e-05 0.000135213 0.471369 0.0207684 0.000827628 1001.33 1.95935 0.0226503 0.00658663 0.089731 2.41519 26.5259 8.78079e-05 0.00107529 1.47254 28.9795 2.60819 7.67284 
0.00578011 0.00221344 0.000384973 0.0204571 5.59409e-05 0.510879 0.000163592 5.20809 0.0446284 0.38909 1.87614 401.306 0.00447587 0.0173181 0.800863 39.7543 9.51286 9.56695 
0.000525007 1.07931 0.912635 0.063434 0.00027204 0.0581869 0.084732 2.22501 0.434228 45.9872 0.115564 254.324 0.0030696 0.000188428 5.97276 22.9018 1.15195 3.15927 
2.22644 0.00215759 5.11322e-05 0.0018146 1.54e-05 128.437 2.61536e-05 1.10657 0.8177 0.120284 0.00122075 100.743 0.131265 0.00017182 1.36653 23.3226 2.53765 3.5876 
0.00250631 1.43478e-05 0.167963 1.58786 1.59277e-05 48.2558 0.0111362 4.5278 0.191784 7.59286 0.322917 422.027 0.000332028 5.42696e-05 2.36703 17.2758 0.821028 3.54224 
1.43877 0.0287356 0.00173099 0.0730462 0.00372177 0.254332 0.208327 2.66099 0.457027 18.9041 0.256118 78.9701 0.111692 0.0577986 8.21273 33.1158 1.90059 9.07363 
0.565827 0.0711158 0.23216 0.0255126 0.872167 17.6461 0.00460835 1.65713 0.0446312 0.092916 3.15175 419.795 1.04787e-05 1.28332e-05 1.02828 3.02894 1.74952 7.95021 
0.000117693 0.00111664 0.00161082 0.00010328 0.00183462 66.7666 0.000987589 0.224544 0.0238853 1.20866 4.81384 368.957 6.54204e-05 0.000424748 0.629801 8.44733 2.00252 2.11399 
5.39363e-05 2.87528 0.238696 3.03834e-05 6.71341e-05 294.167 0.0110456 3.57686 0.0878111 1.70165 9.10883 338.667 0.159707 0.00024764 3.9412 17.7389 1.32597 1.73765 
0.000580295 0.00210018 0.000387661 0.00272952 0.161553 2.74522 0.0599982 2.63268 0.122035 0.561388 3.09092 477.196 0.000213514 7.95314e-05 6.32485 7.27312 0.913118 8.82991 
0.000115535 8.87481 0.00231103 1.5456 4.85855 0.0652671 2.63495e-05 0.285287 0.0212957 1.68803 1.80261 346.466 1.01331 5.42286e-05 1.69951 7.18763 5.3537 4.94172 
0.971802 0.0557571 0.174951 7.20365e-05 0.0231493 484.151 6.59177e-05 0.34925 0.107752 2.78188 3.35415 41.4653 0.0238969 4.99627e-05 1.7748 40.3052 1.2992 9.42673 
0.0745451 0.00117714 1.44415 0.00092481 0.000389291 78.3247 0.083587 0.901072 0.104089 14.3738 3.0942 196.933 8.49554e-05 0.106554 3.25422 11.6017 1.85386 5.41498 
1.60532e-05 1.1188e-05 0.189094 0.00154948 3.68648 813.493 0.00158958 6.81536 0.026516 0.0343876 0.203977 109.854 1.29323e-05 0.00943606 0.582441 34.8027 1.08022 3.65898 
5.48109e-05 0.000319147 0.743512 0.000292001 0.000889284 0.0235546 1.27116 1.81196 0.0674098 0.0589245 1.28887 105.425 0.00322119 0.000932085 9.95851 23.7363 0.996984 7.79061 
4.69194e-05 2.43237e-05 0.179888 0.0155629 8.99821 3.13001 0.016336 1.54857 0.0765607 0.155088 2.36633 57.178 0.000187876 3.67051e-05 7.76675 20.8078 1.53271 2.8012 
0.000147184 1.13816e-05 0.000364237 0.000132237 0.000647751 2.722 0.0191177 1.94073 0.737017 1.50826 0.356591 63.4924 0.000455838 0.000731517 5.26655 30.9749 1.15199 4.72081 
3.6846e-05 1.50549 0.00106101 0.00522866 0.0191706 56.8795 0.0236142 0.649073 0.385414 21.5147 2.80881 324.608 0.00208167 0.0144894 3.05486 6.17089 2.53788 3.02476 
0.0258674 0.0919555 0.00462142 0.0113203 0.000115852 0.0723574 0.0108803 0.682579 0.0103379 1.39808 5.46332 24.5276 0.000888161 1.19642e-05 0.683758 27.018 1.61509 8.29256 
0.000283369 1.29271 0.000434764 0.000242131 0.17638 12.4958 0.0485597 1.27273 0.142393 0.0338307 0.00320731 47.9681 0.00701226 3.7318e-05 1.00202 44.9794 1.8475 8.57495 
0.0274212 0.000121139 0.0684466 0.183305 0.00699359 25.0186 0.00115373 0.111581 0.396273 19.8306 0.310308 205.17 0.0031147 0.00109806 1.01029 32.7816 8.47774 2.84549 
7.98898 0.00318028 0.000295355 0.00881842 0.633296 3.92369 1.15774e-05 0.602504 0.0906745 0.0736844 0.0476807 22.0151 0.00124891 0.0014744 0.694415 43.1424 2.15034 6.93347 
0.683056 0.00802583 0.0348772 0.000142076 2.42461 2.93897 8.63342e-05 2.55547 0.027045 0.072655 4.06265 494.176 2.39372e-05 0.00137249 0.971563 17.9473 2.63873 1.20993 
1.01467 0.00379012 1.34748e-05 7.89279e-05 0.13517 5.93517 1.25284 0.0523071 0.0752058 10.4145 0.356126 452 1.89298 7.63574e-05 2.46774 4.44537 1.31952 1.27703 
0.0083056 0.0133246 0.665037 0.00724401 0.00291345 1.17601 0.00785179 2.99981 0.424541 0.090729 0.0591429 178.859 0.00385304 0.000727055 5.89932 20.1017 1.49661 4.24231 
1.63186e-05 0.000176455 0.0151133 0.082896 0.0160922 2266.31 0.822397 3.16035 0.0241732 0.0173742 1.02551 301.986 4.67893e-05 0.000689291 1.31984 10.1842 3.23932 7.67575 
6.9876e-05 0.0798663 0.0102104 3.53144 0.0310503 500.032 5.84982e-05 1.22317 0.0263547 0.916996 1.33166 295.717 8.37136e-05 9.90067e-05 1.94844 4.69767 1.40927 3.56236 
0.00471935 5.04443e-05 0.00162237 0.00386943 8.94186e-05 1092.59 0.000226416 4.35426 0.0612569 47.6607 1.48235 50.8455 0.0126719 0.00243386 0.525742 33.8318 2.28272 6.47183 
0.0351444 0.0234643 0.780417 0.00901829 0.0202167 714.892 0.000196185 0.13279 0.156462 0.760575 0.0334215 272.391 0.226919 3.30938e-05 0.811599 8.87063 6.99732 9.98579 
0.000680368 0.0202342 0.223127 0.033764 0.0038438 128.365 0.87749 0.862027 0.890866 84.4998 0.273191 437.833 1.8244 0.000583686 0.909198 6.97013 8.33461 5.0915 
6.73284 6.40456e-05 0.00554208 0.00163436 0.277776 2.17828 0.000135473 1.61322 0.0436519 51.8144 7.3662 71.1152 3.52075 7.00133e-05 2.61875 26.0999 3.38779 3.49309 
0.14706 0.00379167 0.269804 0.0712198 0.0023779 0.363735 0.000977943 0.524347 0.512364 55.1064 0.28093 256.4 0.046747 0.0176443 4.82186 11.1226 2.32946 2.0515 
0.000259995 1.74521 0.0388334 0.00159093 0.000139565 24.8758 0.0417707 0.175744 0.455171 25.426 2.43422 14.1809 0.000108083 0.0068006 0.944648 36.1018 2.53533 8.37379 
0.0399212 2.27444 5.1958 0.241547 0.00804506 3.7073 2.47196e-05 1.31135 0.393572 7.1247 2.5097 85.2664 0.725241 0.000320813 1.67495 18.9218 4.73841 8.58953 
0.00466361 0.00378007 0.712149 2.2222e-05 2.68401 455.994 0.000812489 2.55307 0.583368 20.317 0.470844 402.441 0.151606 0.00225267 1.70612 8.54033 3.96912 5.94149 
0.103274 7.44613 1.41477e-05 0.000109227 0.0598143 2.41094 0.00239223 0.333188 0.127949 159.731 8.71838 53.0478 0.558519 0.000467156 8.39932 45.9888 0.906203 8.23694 
9.57582 0.924416 0.00604543 1.10042 0.0614184 580.417 0.303864 4.94903 0.279547 1.73432 0.494394 121.495 2.94743e-05 2.04934e-05 2.66912 19.951 1.82267 7.67142 
0.0027677 1.16962 0.00328902 1.76388 0.000413315 17.949 5.88087e-05 0.0622906 0.01489 1.04806 6.67119 298.059 0.073274 0.00182708 5.99417 10.6426 0.999364 3.78268 
0.0164908 0.449395 3.21036 1.10174e-05 0.00183597 473.891 1.94257e-05 0.215563 0.0834186 0.0472234 0.095347 35.4981 0.0577449 0.000308407 1.52626 21.5907 1.37634 3.37447 
0.000156494 0.000174375 1.0549e-05 0.258381 1.03388 0.879273 8.51349e-05 7.7704 0.222515 18.9735 2.04297 400.932 0.519657 0.000720985 3.11063 26.5838 2.10312 2.11491 
4.6385e-05 0.13083 7.99387e-05 0.0373606 0.00132597 615.396 0.000141496 0.39567 0.380646 2.77959 0.272542 471.424 0.183221 0.0138775 6.89465 20.2549 1.83696 0.562201 
0.00126026 0.0275204 0.0644599 8.37228e-05 3.94741 14.0188 0.000252052 5.67329 0.123881 0.124839 0.248344 425.271 0.206424 1.15952e-05 4.19259 11.9876 0.968695 1.76849 
2.09055e-05 0.0104505 0.0040751 0.138606 1.13189e-05 0.155093 5.36799e-05 4.23587 0.028607 1.10361 2.59712 144.98 0.000160766 4.01602e-05 0.813612 31.6156 3.44564 7.03454 
0.0565829 9.68699 0.000379229 0.687927 1.12176e-05 1147.97 0.000848545 1.91481 0.100616 6.25185 1.14099 240.786 0.0402504 0.000852086 0.665423 7.69656 2.9067 2.32722 
1.53855 0.042197 3.96273e-05 2.36073 0.0208391 28.7608 0.000171674 0.504156 0.142203 15.6563 0.504535 182.529 0.000880625 0.00022903 4.376 15.8792 1.25826 4.20155 
6.761e-05 0.00803283 1.46338e-05 0.000315358 0.000618438 1.42624 0.00888656 0.171447 0.813347 2.96566 0.137277 52.3333 0.0738399 0.00259456 7.55825 41.5842 1.15702 2.63272 
0.000154918 5.38761e-05 0.00151086 0.000100862 0.0019746 73.1753 0.0004093 1.13993 0.286917 0.018984 0.0143278 312.655 0.0016513 1.29419e-05 7.60959 16.0014 1.63956 1.79941 
0.000113071 1.85905e-05 0.00194389 3.69752e-05 5.16633 7.87625 0.445717 8.62637 0.102491 1.70701 0.160416 484.999 0.0740869 0.0017151 1.74951 9.80642 1.89988 7.33541 
0.000872333 0.0631106 0.0323381 0.0360134 0.000185472 5.09743 0.0154586 0.436928 0.00998171 0.021484 0.218202 102.46 0.00274328 0.00020876 2.41257 16.7434 0.85896 1.92832 
0.0163233 0.0341117 9.73627e-05 0.0703748 5.62762 1.40576 0.000959075 6.97551 0.352908 9.61324 0.871255 206.029 0.000580796 4.19772e-05 0.699983 33.9505 2.51704 3.57634 
8.82365e-05 7.52015e-05 0.000471153 0.00210539 0.00425141 0.513621 0.000204452 1.32741 0.999394 21.7513 0.18596 155.419 0.01921 0.139058 1.59344 7.75024 1.85004 4.36469 
0.000431308 0.0679186 4.00135 0.0214366 0.00682731 1.73315 0.00562396 0.630629 0.0193857 0.0124961 6.3116 248.572 0.00887052 8.86794e-05 8.30382 39.4811 1.22748 6.52078 
0.0245525 0.000362479 9.26342e-05 0.0150412 0.00015635 0.131124 0.000175129 0.534623 0.473744 8.12695 0.43586 242.657 0.0677492 4.41645e-05 4.49774 4.52261 0.783398 2.02561 
7.78895e-05 7.01563 0.0803197 0.000265238 0.0542641 2986.45 0.0026784 1.71672 0.669647 0.986162 0.0820682 242.554 2.63066e-05 0.0944598 1.54747 14.0947 5.16874 7.52836 
1.47245 0.00338677 7.34212e-05 0.431804 5.33992 2172.62 2.29456 5.46826 0.600879 1.96838 0.131187 181.843 0.334674 0.00557116 1.58693 23.9072 3.76941 3.12637 
0.121194 0.000107467 0.00697559 0.0739395 0.000106979 1.09704 0.00546223 0.0137611 0.047729 3.30265 3.01406 25.6656 0.000355417 8.59936e-05 1.25067 23.9241 2.5667 6.02768 
0.00185451 0.0283602 2.21331 0.000563038 0.381396 478.675 0.0362827 0.0426095 0.144803 6.49995 0.257763 12.7224 0.197229 1.60769e-05 0.655576 40.2547 1.86099 7.37411 
0.0125782 0.00168611 3.00455 0.0315876 1.53374e-05 0.0437734 0.00179136 5.66909 0.259145 1.27471 0.0250422 177.136 0.513128 0.00302081 1.66494 30.2601 1.70993 0.880015 
3.51936 7.96421e-05 0.00170567 1.7302e-05 2.56856e-05 0.395843 4.25089 2.21403 0.249275 4.0162 0.369304 202.597 0.00139229 0.3844 2.66026 49.1723 3.73236 0.613624 
0.0194678 1.24262e-05 0.000138511 0.00240106 7.07044e-05 8.09288 5.77482 0.991418 0.452837 31.0752 0.0641019 274.825 0.209658 1.2619e-05 4.27188 27.9736 1.212 1.71173 
1.27111e-05 0.000127662 2.20095e-05 6.46576e-05 0.0121937 0.270175 0.788115 6.91646 0.110921 11.6409 4.36752 26.1366 0.0336629 0.000116402 3.06731 39.9465 0.971296 8.45977 
7.82673 0.000844471 0.00360336 0.53889 0.00144753 56.4542 0.0495319 2.69575 0.419392 361.074 0.973098 365.267 1.56976e-05 1.87923e-05 1.29427 12.5737 5.20994 1.85608 
0.0163002 5.8665e-05 0.00372788 2.86293e-05 0.000251714 0.976419 0.00541982 1.94938 0.0467306 0.0199224 3.04367 103.154 3.88551e-05 0.0283243 4.3506 15.3806 1.94356 3.64898 
0.0172486 0.108692 0.0383452 6.87586 4.24859 0.0498198 0.0125614 2.7524 0.492658 11.2251 2.19463 101.738 0.156515 8.24607e-05 1.41132 45.7226 3.09405 1.09098 
0.00702525 1.06018e-05 0.00409353 2.0815e-05 0.740549 5.76788 0.1367 0.409476 0.068711 0.0675008 0.880034 173.058 1.7095e-05 0.0280496 1.97315 6.29128 1.57246 0.982187 
0.00707661 0.0008276 0.00762666 1.09717e-05 1.16719 201.031 7.97524 4.17267 0.512867 8.67198 0.240052 16.5828 0.00203766 0.0105813 0.940566 49.6348 0.914649 7.95208 
0.0141126 2.48385 9.33863 0.787812 0.00010185 2714.97 0.0484226 0.310907 0.108302 0.20381 0.194531 323.813 2.04143e-05 7.61428e-05 2.46083 3.89526 0.924146 5.89694 
0.00043886 0.00108233 0.000536094 0.754663 0.0601781 0.39913 0.0917336 2.69684 0.40252 87.8934 5.39496 33.0804 0.524589 0.026166 2.41722 29.2322 1.40748 9.76314 
0.000931283 0.00217664 0.0958201 0.0462263 0.00350763 0.0154124 0.0252519 1.50483 0.0595673 0.290632 2.66425 19.1831 0.000972451 1.81203e-05 1.91872 40.0856 1.29554 3.6418 
5.99539e-05 7.70719e-05 0.00306739 0.169629 1.39139e-05 473.153 0.846046 0.591274 0.375642 6.06454 0.245614 46.3395 0.00545029 0.00415153 3.01596 36.4997 0.885044 4.71719 
0.0875382 0.325943 0.111906 0.0402208 0.00261672 49.644 0.395989 0.0342698 0.0362643 12.2248 3.06048 203.442 0.0025682 0.0127022 2.90513 12.786 1.53531 1.76971 
1.75442 1.68142 5.39304e-05 0.147 3.6837 308.915 0.00072226 1.75587 0.776588 0.160181 0.0101984 112.253 0.000142045 0.000252884 3.45987 13.5562 1.14531 8.15491 
1.56753e-05 0.0156001 0.0001383 0.603992 0.861687 2637.12 0.975527 0.455172 0.110912 1.16917 1.1135 106.639 7.74658e-05 0.000287126 1.30923 19.6472 4.07633 2.96114 
0.00602154 1.17026e-05 0.249569 9.84397 0.00774984 24.3347 0.00750327 0.101523 0.661956 59.8675 0.764081 126.129 0.0965368 0.00355612 1.12192 7.68174 2.48103 5.6514 
0.00450582 2.29067e-05 6.09978e-05 2.31761e-05 0.00294609 2511.64 0.0296101 0.700671 0.136855 0.219671 0.290269 98.5539 2.76595e-05 0.000404576 4.88075 14.7896 0.918773 9.66122 
2.61647e-05 0.00846373 0.188287 9.19911e-05 0.0222537 199.929 0.00177432 0.0724149 0.0300215 0.222324 0.476343 119.885 0.00448329 0.00024082 1.24816 8.99668 1.27125 5.85114 
9.5099 0.01602 0.00105817 3.71024 0.490255 139.849 0.000373011 1.00816 0.450809 61.7255 5.72935 231.323 0.000169719 0.000262521 1.18616 3.58957 1.40719 9.39517 
0.000430965 2.90803e-05 0.00716664 0.000246788 0.0629077 10.7527 2.52047e-05 1.61262 0.221613 0.462118 0.118744 58.8748 0.0211235 4.62104e-05 1.76551 21.3833 3.15044 7.32537 
2.36079 0.430949 0.042362 0.01131 2.89164e-05 0.0667461 1.91428 7.66918 0.0758901 0.237281 5.32352 64.8186 0.0197892 0.00761657 3.76798 41.5296 2.50822 1.63015 
0.00216528 0.113578 0.000140437 0.0872133 0.000191765 0.0538714 1.39555e-05 1.39149 0.215894 35.6885 0.565386 394.745 3.79404 4.24358e-05 1.25276 14.4625 1.74441 3.84798 
0.183599 0.0015775 7.82142e-05 1.0662 0.545755 0.133969 0.182175 0.628091 0.0107962 0.0329651 0.12586 107.582 0.0631547 0.01182 1.32253 10.9041 2.13796 5.62213 
2.21632 6.8804 0.0193423 1.69247e-05 0.00102796 0.0485678 6.2721e-05 0.182249 0.0112996 0.138169 0.443723 27.1904 0.0832414 0.000542387 2.06131 27.1059 1.26217 7.44919 
6.79173 0.000610541 0.000285724 1.99189 0.0296834 1727.19 0.0114559 0.447683 0.0469865 0.0394997 0.27538 136.354 3.92154e-05 0.0646037 1.57958 8.91756 3.52057 8.46475 
0.632797 1.3175 0.00114279 0.0170278 8.07992e-05 0.28018 1.99584e-05 0.243902 0.0256923 0.108819 0.0335116 173.731 8.35619e-05 0.0500048 8.56045 12.3999 0.954097 7.20927 
0.715999 0.000120356 1.03001 0.349534 4.61145e-05 0.143437 2.37656e-05 2.62596 0.181923 0.678463 1.63335 34.9653 1.85043e-05 0.00361753 0.964408 20.7111 2.66958 6.92062 
2.67403 1.2367e-05 6.81117 0.935355 3.14635e-05 9.44439 0.612303 0.00704865 0.0669187 0.684042 0.0574482 75.8876 0.000711534 0.000273126 1.25711 10.0022 1.23788 4.03494 
0.0133589 1.39022 5.96442e-05 1.22186 0.0141294 814.055 0.0188347 0.140562 0.00236232 0.333856 8.41948 155.57 0.279153 0.0942941 7.64987 12.7782 1.72996 6.13566 
0.126246 2.8227e-05 0.000636687 0.0156209 1.40617 781.199 0.871602 0.145917 0.285482 6.52824 0.0331056 322.363 0.012444 3.9163e-05 0.691024 16.4911 5.76794 1.72235 
0.231101 0.0070699 3.51618 8.0514 0.033361 2734.78 4.87388 1.29105 0.878555 0.407517 0.0125433 22.9858 1.42599 1.39658e-05 1.43741 48.1537 1.41063 3.42978 
0.047126 0.000758576 0.000354281 0.00318156 0.242886 6.01187 1.08304e-05 0.606528 0.293017 41.3811 6.0288 407.032 0.000110336 0.0566995 1.81921 3.10986 2.56963 1.93944 
0.0253242 0.0924587 2.04538 0.0349011 0.00194108 584.853 7.54526e-05 2.95449 0.268727 0.587437 1.2139 220.423 2.58819e-05 0.00602905 5.14849 36.4168 1.27793 3.2235 
0.240818 0.00304325 0.158526 8.62019 0.000596167 141.117 3.82198 1.79995 0.223192 28.4679 0.200423 92.2097 0.0269209 5.6996e-05 1.11897 7.21485 0.890731 5.0783 
1.98591 1.52784e-05 0.0128723 0.837014 0.425614 0.517856 0.000512654 0.351647 0.264443 52.6044 0.817605 156.818 0.000777722 0.0262471 1.1765 14.7874 6.50714 5.49498 
0.0111909 0.0102456 0.00076876 0.00227821 7.93381e-05 812.399 2.87415e-05 6.35917 0.019497 0.0157061 6.5073 272.992 0.000175555 0.0100998 3.97684 11.6521 1.35639 4.30641 
0.00146365 0.00250549 0.0568401 5.48195e-05 2.59362 0.0447497 0.394565 7.94906 0.266466 3.67077 0.10505 269.248 1.5835 0.000162308 1.1203 10.0785 3.32993 9.14604 
0.0690339 0.00378408 0.384097 0.953909 0.227476 59.7293 0.00488889 7.17385 0.215899 4.3699 1.88667 419.312 1.43344e-05 0.000199709 1.54763 14.3373 2.37529 4.41579 
0.000737363 2.99683e-05 1.75789 0.00127357 0.000376018 6.84052 2.29264 1.07018 0.724468 190.291 3.50245 89.5252 0.0653715 1.34618e-05 2.62965 28.2493 1.44535 9.84884 
1.16584 4.78053e-05 0.00241619 0.580256 0.766821 25.9061 0.000169666 2.27997 0.0193766 0.0646292 2.2458 45.3878 0.000836733 0.000757973 1.35937 40.3742 0.925775 2.31736 
0.000580033 0.000766007 8.77369e-05 0.20614 0.000302137 16.4787 0.146926 4.84919 0.114256 56.6167 5.26696 186.142 0.01009 3.48487e-05 0.943919 15.4408 1.56609 2.18413 
0.0929884 2.91357 0.429844 0.120765 1.4535e-05 1162.16 0.0021132 3.67731 0.187495 105.562 0.456853 48.0549 0.0204339 0.000162739 3.19809 31.0744 1.37976 3.2304 
0.00725069 0.000317602 1.89861 1.2189e-05 0.000166097 0.291124 0.0013902 0.075424 0.288453 42.013 0.0704159 124.947 0.00621469 0.00417407 0.915427 23.175 3.05674 2.67863 
0.000495524 0.185629 2.60678e-05 0.000827268 0.000241707 0.0608564 7.99062 9.97098 0.0457797 0.199921 0.0718352 89.0302 0.000973038 0.0166542 0.782681 39.5792 8.82448 5.58013 
4.71552 0.1615 0.00024715 0.674616 0.000103475 6.18557 0.0121399 4.33926 0.0133192 0.082444 1.72796 81.7871 0.000616143 0.00304534 0.740717 46.6292 2.77872 1.73084 
0.0514516 0.0210346 3.88347e-05 0.00045958 8.73992e-05 26.4739 6.13263e-05 0.407416 0.656879 66.2154 0.691686 241.715 5.94934e-05 5.07559e-05 2.44007 2.77345 1.54359 7.20849 
0.000225826 2.93825e-05 7.15829e-05 0.000308743 0.00119164 374.25 0.0689996 0.392621 0.0987334 0.0328137 0.00489304 490.287 0.891185 0.0849595 1.73893 3.27322 3.32045 3.69689 
5.15807e-05 3.07648 1.5594 1.15705 3.4959 0.401562 6.09748e-05 0.112282 0.62909 5.5974 0.181754 38.6569 0.481245 2.36646e-05 1.06326 21.5018 2.15434 5.40798 
0.00579194 0.000128266 0.078734 2.061e-05 0.00028522 2.55191 0.110357 0.43064 0.0205876 0.0549658 0.324393 150.791 1.02082e-05 0.00120313 3.8921 31.0429 1.89754 0.940925 
0.00927436 7.99968e-05 9.5766e-05 0.000113202 3.71039 47.5566 1.30763e-05 0.224644 0.0179109 7.82592 2.77441 50.3055 0.00625648 0.000423741 2.44522 29.2585 2.05753 5.15672 
1.02828 0.987183 1.1974 0.00141211 1.65067e-05 0.843251 0.000154826 0.240902 0.301267 13.8752 3.31445 13.9053 0.00145264 0.00243017 1.50464 27.0113 3.00036 7.55918 
0.0297019 0.0132299 0.00015402 0.000420924 0.00252747 0.553067 3.20965 2.48229 0.979078 251.937 1.09916 109.509 0.000325308 1.51734e-05 0.460383 36.6046 2.30531 4.60676 
0.00012358 0.0534403 7.35225 0.895317 0.0564361 176.291 4.22351e-05 0.907703 0.0466508 1.7651 0.943243 331.523 0.0218856 0.0101478 2.79464 5.37725 1.22626 9.58414 
0.0045508 0.0154515 0.0105528 1.78072 0.290841 8.29497 0.000552744 1.92891 0.53805 0.0150999 0.0157251 190.339 0.000674833 0.0726229 1.186 6.21272 2.96923 8.49287 
0.00223852 0.00757227 0.00600877 0.0179056 0.0570865 13.7917 0.00069504 1.00436 0.116045 0.244712 0.00691005 116.909 2.48098e-05 2.18331e-05 1.37206 34.6348 1.15577 9.81511 
0.000572364 0.000297987 0.00547324 1.47674 1.61418e-05 2788.04 0.320491 2.22882 0.0465827 0.0262019 0.210065 339.408 1.09764e-05 0.0232924 0.984315 2.99609 1.83184 7.67441 
0.000653975 0.000351823 0.000547537 1.5843e-05 0.383954 3.72763 0.0219968 6.4375 0.0345466 0.209633 2.16557 307.535 0.0533668 0.000253048 2.025 19.0069 1.44044 6.52178 
0.00102416 3.7085 0.000660499 0.162514 0.0494104 120.337 3.63656e-05 1.12283 0.0199237 0.253525 0.139285 63.7341 0.217826 0.000252754 2.121 26.1339 3.05226 4.77638 
0.2303 2.97695 0.000112968 1.90666 0.0232824 15.4885 0.000301309 5.91577 0.426061 2.30755 0.309761 264.664 0.0040133 0.000826668 2.21064 11.3064 1.99432 4.00625 
0.35055 0.311914 0.000168696 0.44188 0.0582761 288.2 0.0100183 2.83579 0.0115598 0.0440562 1.30471 178.91 1.47178e-05 0.000127637 5.54712 16.1714 1.01479 3.5621 
7.95921e-05 1.15763e-05 4.38434 0.0012915 1.14276e-05 2.73302 1.50052e-05 0.333597 0.381084 0.568148 0.0181818 164.472 3.32255 0.100563 1.47724 8.60669 2.12805 2.78433 
0.129882 3.45999 0.0794712 0.0542255 8.32879e-05 0.142459 0.036419 5.78289 0.575374 78.5227 4.73191 343.045 0.107632 0.0594047 1.32319 42.6741 2.50975 0.478333 
7.30434e-05 0.921725 0.00015272 1.62512 0.371816 4.22114 1.9329e-05 3.80688 0.0204623 0.0114965 8.50528 100.476 0.001391 0.0016606 5.26624 10.3914 1.19704 6.99071 
0.000108674 2.37124e-05 1.14779e-05 0.0459819 9.08169e-05 0.0745994 0.000940708 0.299895 0.0050294 0.305593 6.79716 42.8192 0.00107926 0.00882271 3.06858 33.6915 1.58638 7.02773 
0.00316504 1.25161e-05 4.33904e-05 0.0825754 0.438574 0.286227 5.5778e-05 4.46995 0.0761139 0.0325839 0.0942573 482.12 0.232994 0.00133759 1.88114 33.8797 3.05629 0.354145 
0.325968 0.000457465 0.011607 0.0282896 0.537165 252.127 0.000256256 1.14037 0.491093 57.7984 4.94488 95.641 0.00526217 0.0245195 1.61605 41.2528 2.4135 0.963088 
0.943903 1.18587e-05 9.21795e-05 0.00215895 2.28407e-05 1750.98 3.06117e-05 0.111261 0.00818731 0.0402032 9.16037 74.3369 1.13236e-05 6.60218e-05 0.780414 8.12288 2.47811 8.58762 
0.0331623 0.489312 8.15281 0.0017927 0.000944424 998.875 0.0136579 5.7684 0.565244 1.65923 0.156741 222.259 0.00714664 4.18766e-05 1.08365 18.6872 2.36907 7.49006 
0.0168702 0.205295 0.000348702 0.635852 0.00032825 0.0288895 0.643689 0.493944 0.215417 1.06334 0.0366629 87.9935 0.0198514 0.0174895 0.762544 31.5553 2.1997 3.24103 
2.63302 0.00287527 2.80769 0.0107788 5.451 0.733759 9.5274 0.0188222 0.000171561 2.53712 0.00754249 1.07235 7.2918 0.000302162 1.41975 49.4007 1.84303 5.28955 
0.000126966 0.428346 0.00233249 0.129442 9.3017e-05 12.4798 0.000685394 0.3392 0.354144 3.81536 0.0717545 62.0205 0.000223195 2.16183e-05 1.05598 13.2204 2.32034 9.44439 
0.0493468 0.000172171 0.0922534 0.183649 2.8817 0.0371591 0.00096775 4.98136 0.0373102 0.0760769 1.55016 168.881 0.00370813 0.00951033 1.22843 7.27302 2.57557 6.63317 
0.000694718 0.00139839 2.19981 3.26024e-05 4.06996e-05 0.376957 1.94794e-05 0.0739939 0.0165832 0.0172512 0.824171 224.483 0.000247907 0.000303968 4.13145 47.2005 2.06854 0.2918 
0.653547 0.0856348 0.00143051 0.000105448 0.0485689 356.24 0.818166 0.10903 0.00988487 66.523 4.30126 60.2964 0.828132 6.49689e-05 2.58413 22.5417 1.40319 3.86184 
0.000324732 0.0515833 0.0176392 1.08793 0.456506 5.94756 0.0375093 2.2166 0.834694 20.0449 0.135116 201.12 0.00270518 0.000250695 1.83435 4.63582 2.50578 6.24739 
0.00805588 0.145134 0.00142915 0.00172141 0.000129954 1.49227 0.000306982 1.74078 0.200778 0.303165 0.0286338 333.56 0.072151 2.78547e-05 1.97864 2.24644 2.07015 8.64419 
0.000284698 0.000216231 0.0895102 0.00962114 0.627039 5.12259 0.000537619 0.909951 0.0695207 0.330837 0.0206001 147.184 0.000142177 0.0306576 2.46973 7.59525 1.18992 4.41186 
8.12165e-05 0.000554627 0.0604293 4.07354 0.122198 0.0272794 0.00550395 0.271164 0.342692 39.3709 0.165738 144.305 3.09509e-05 0.000289041 1.02589 27.6548 5.46805 1.43656 
1.68065e-05 4.16341e-05 0.0125573 0.340756 0.0480593 0.034524 2.60888e-05 3.22668 0.0295256 0.37353 1.05337 350.879 0.000121729 0.000957293 1.47796 11.7951 2.66613 3.14609 
1.13565 0.000542685 0.14056 0.03507 0.00264252 11.7722 0.0272578 4.3501 0.325779 0.892119 0.387213 132.58 0.00646389 0.000566451 0.926287 32.1234 1.78247 1.40378 
9.68199e-05 0.297162 6.37618 0.000304004 0.0833193 547.743 0.0241928 0.162129 0.0148902 0.0132394 1.5982 174.976 0.0091972 0.0168092 1.11392 9.30407 1.86214 4.2916 
0.0122627 0.152681 0.00108653 0.000518463 6.83039 3.27862 0.000114662 0.465541 0.72111 466.183 2.60537 121.336 0.00179044 0.0819946 2.51242 11.5404 1.9487 2.10977 
0.0143189 0.000122362 4.61163 0.00181979 0.00172469 280.176 0.0457162 0.0722859 0.108336 0.484849 0.396045 12.0989 0.000255182 0.0181626 1.30163 35.6225 1.39877 3.56227 
6.35205e-05 4.20403 8.16141 0.0247366 0.00672197 1221.85 0.28506 0.197884 0.186856 13.3915 0.431846 216.832 0.255023 3.49803e-05 1.10879 4.48005 1.2733 9.06921 
0.486785 0.620119 5.57896e-05 0.0078849 0.0133156 46.8336 0.194533 0.799665 0.0153742 0.077927 0.10838 429.18 4.38793e-05 0.0022063 0.964931 46.3921 2.97788 0.429391 
0.000350113 0.00383559 0.209292 5.71093e-05 0.82616 718.18 1.35096 0.799228 0.0831796 0.219451 0.549107 407.938 0.00140556 0.00359578 4.9163 2.5358 0.845286 6.84801 
0.000933266 0.106471 0.0580195 0.0017339 1.9661 0.541443 0.473018 0.00086008 0.0222584 4.69484 0.0568519 1.1005 9.0178 0.00469835 3.3093 38.3446 1.13167 6.00289 
0.0259884 0.000125653 0.0200173 0.116985 0.000116361 2.06487 0.100864 0.974096 0.123965 71.7928 2.74759 109.947 0.0106512 0.0441605 2.90895 37.378 1.61964 2.22566 
0.00408434 6.29803 0.000447677 1.77273e-05 0.000180594 149.041 0.0269019 0.535012 0.15145 127.901 6.55044 320.511 0.000276218 0.000300981 3.92766 27.5339 1.29247 0.594907 
0.000170491 0.0571 8.32679e-05 0.000354299 0.0248174 1.37981 0.012577 0.214112 0.00993515 0.0233158 9.52312 122.006 0.00550394 0.0240812 1.09713 11.6839 2.47939 4.51274 
0.00127925 1.14707 0.00547642 8.57133e-05 0.729125 981.838 4.57271 4.36158 0.130135 1.49281 0.207589 203.371 0.000145593 0.000695913 4.70741 22.0165 1.32936 2.00867 
0.15961 0.011252 0.0128068 8.31589 7.45316e-05 2.697 3.2808e-05 1.84553 0.418336 497.156 6.13685 163.311 5.44859e-05 0.0367821 8.9979 23.9102 1.53901 1.89765 
0.000248857 3.04572 0.0044204 0.0176373 0.000590423 2176.52 0.0092119 1.51563 0.0233107 0.0597587 0.13223 433.046 0.227903 1.91504e-05 2.2211 2.60689 1.46773 4.38392 
0.560047 0.623901 1.32615e-05 0.252079 0.000179968 166.195 1.88015e-05 1.07471 0.100124 0.697528 0.167967 284.449 0.00112131 0.00709054 3.46758 2.83046 1.20694 6.031 
0.000107431 0.00437113 0.000371717 1.52989 5.49104e-05 0.151324 0.00265237 0.367918 0.0535175 9.27784 8.64974 52.3033 0.000120131 0.000194806 9.63675 28.8803 0.761546 5.98026 
0.000499806 3.95058 0.430101 0.05283 0.000293601 312.348 0.144858 2.20872 0.0512245 3.16337 6.59289 166.905 0.0110267 0.00228996 2.59142 31.2447 1.4487 3.37379 
0.000220672 0.659134 0.260621 0.0505276 0.245572 0.0867931 0.00354879 0.0972246 0.851051 109.588 0.243034 54.5222 0.147792 5.62169e-05 0.888539 15.6762 5.21381 8.96791 
0.0103856 0.97904 1.73233 0.31896 0.000542756 0.141255 2.22915e-05 6.01789 0.689083 36.6418 0.415814 421.291 1.49376e-05 0.00176498 2.13791 20.8055 0.872807 2.44923 
1.06631 0.00117966 0.334141 0.00270136 4.82855 0.753927 0.000830578 0.350114 0.0107544 1.95158 1.80782 17.7741 0.000321771 0.000169631 1.40462 34.8035 1.61417 3.48687 
0.000263186 0.00312638 0.0384404 0.0142532 0.0237772 318.84 0.000436884 0.18444 0.0196166 0.0128728 0.269266 403.979 0.00537103 0.272795 1.95916 4.85414 2.24162 2.47138 
0.000855097 1.16485 0.00845482 0.00425711 0.249809 22.9028 0.222146 3.7211 0.0363718 0.0420989 0.070198 457.242 0.00113254 0.000398558 5.95105 30.9653 1.02148 2.03057 
0.00137076 0.0265882 0.272757 0.195419 0.00650133 53.5997 4.82034e-05 0.719278 0.00501722 0.705442 4.65844 81.5332 0.0167298 0.149303 9.04748 21.1473 1.22709 9.13263 
0.0233283 1.07757e-05 0.00246858 2.6253e-05 0.00026716 641.331 0.0252571 0.828362 0.108327 5.18367 0.557632 237.967 0.129176 3.67851e-05 6.13326 8.15133 0.976627 6.9931 
2.22751e-05 0.0156345 0.791884 9.60086e-05 0.0940279 647.734 6.35839e-05 0.380344 0.0275042 0.48819 0.425334 61.7735 0.0196279 0.0677212 2.42534 21.6963 1.2959 3.26572 
0.000142497 0.000534706 2.49866 0.000653066 0.0787362 2.36763 0.00411925 3.40075 0.631798 37.9878 1.47333 51.5304 0.000200149 0.0239453 3.38743 44.2754 1.57215 2.72111 
0.0055878 0.0300597 3.75172e-05 8.6351e-05 0.0732513 0.392672 0.0007067 0.897674 0.901314 117.089 0.619394 268.12 0.00373286 0.00017586 4.17191 43.7226 1.15462 0.446438 
0.0504337 0.899699 0.101287 0.4713 0.000253276 245.913 1.58547 0.701196 0.194558 118.452 7.06977 163.166 0.0253995 0.0391645 1.10162 11.9792 5.49838 7.45738 
0.0195121 9.23619 0.0114046 0.000271851 0.00012189 537.526 0.000420713 0.412572 0.119553 0.0119187 0.00380134 344.184 9.78398e-05 0.014878 3.9938 17.7216 1.56995 0.770773 
0.000524969 0.00122353 0.0273596 0.0623384 0.000530437 1831.06 4.91001 1.92411 0.140569 3.41848 0.82291 253.048 0.00684278 0.00222621 1.84635 19.8464 1.03974 8.29081 
0.0125927 7.54916 0.00137217 0.000104562 6.56718e-05 141.864 0.00263458 1.59537 0.0433984 87.3809 2.32527 92.7319 0.0139982 1.2623e-05 1.0508 13.2624 3.66183 9.33259 
8.34032e-05 0.23206 0.00830415 0.00380023 8.18808e-05 2283.52 4.12375 1.15362 0.00210081 0.0161915 1.96486 465.53 0.000120438 0.0977237 0.987406 29.3357 3.28474 2.92017 
2.228 0.000736712 0.000970341 0.0949594 0.000474934 2791.65 0.00217136 9.07056 0.592715 193.151 2.89067 172.586 0.30537 0.00062526 1.44195 39.9859 2.3934 0.937804 
0.0483579 2.20035e-05 0.00691461 0.0075189 0.000531008 2189.92 9.93931e-05 0.105953 0.00768679 0.0639461 0.343441 74.3686 0.00168326 0.0180343 1.06829 25.248 3.55123 2.05868 
0.00185094 3.55283 0.0945473 9.65075e-05 9.65182e-05 0.0285893 0.000246456 1.27945 0.189364 15.6843 1.91475 149.436 1.17621e-05 0.00348585 2.92765 9.33613 1.03565 2.05675 
1.00557 0.621167 0.000191742 0.361364 1.13326e-05 610.713 8.62643e-05 0.799735 0.0353475 0.100026 0.0354869 118.339 0.0119136 5.28627e-05 1.83998 28.8001 1.1397 0.991464 
0.214289 2.39978 0.00120145 3.17532e-05 1.60796 117.61 0.217568 1.0168 0.0842474 4.44728 5.59675 219.97 0.00882592 0.0018501 0.938751 17.2687 1.89812 3.52941 
0.00773659 0.000400896 5.02109 0.000297999 0.00189587 0.313444 0.675283 0.156363 0.0281155 0.232377 6.4696 183.94 0.0241152 2.89414e-05 4.04338 6.79266 1.14434 1.90445 
5.51887 0.000664241 0.00190821 7.96641e-05 0.236472 1.78623 0.000472186 1.31669 0.202749 0.123458 0.00250807 22.7625 0.000497548 1.21043e-05 2.05159 21.0049 0.97882 8.36688 
0.0014338 0.0177396 0.000208315 0.000103731 2.2548 0.0806199 0.00755084 6.90421 0.373859 1.26807 0.100873 493.056 0.159473 0.00304862 2.31562 3.33135 1.66034 6.61247 
8.66215 0.199388 0.000116471 0.978422 0.820206 363.098 0.00162532 0.809743 0.00178774 0.175954 4.04032 156.737 0.00146492 0.000852279 0.982045 18.6769 2.11165 1.20348 
2.28861e-05 0.635287 0.00475213 5.04771e-05 6.32923e-05 2.81091 0.000868424 3.45417 0.108336 0.0849671 0.0469253 401.392 3.85337e-05 0.0109036 2.1026 24.3354 1.14213 2.11357 
2.87211e-05 1.80754 1.03767e-05 0.0198902 0.363267 0.205327 1.92338e-05 2.30418 0.121069 2.23948 0.0796441 83.6359 1.26817e-05 3.47178e-05 1.30804 12.3016 1.53483 5.9222 
