-442296.1315
-441566.4256
-439703.5602
-439464.3099
-439451.2483
-439004.138
-438975.1392
-438624.5934
-438329.0871
-438137.8617
-435518.6719
-435274.6368
-433726.194
-432685.3976
-428970.2496
-427589.4529
-426713.0521
-425683.4631
-422767.0062
-419127.2796
-418327.6939
-418296.5971
-418236.7819
-416581.0901
-415838.392
-415833.558
-415794.6591
-414169.3225
-414000.6651
-413129.1534
-412494.9822
-412493.6692
-411927.2454
-410159.4823
-409720.7802
-404889.7863
-403050.8395
-402777.0889
-402470.8121
-402000.6449
-400148.8901
-399945.3819
-399320.2475
-399220.2365
-398234.1485
-397146.7653
-395985.2762
-395233.182
-395144.8743
-394223.9215
-393485.776
-392910.035
-392113.3583
-391448.4984
-391230.7474
-390822.3114
-383609.4329
-379295.396
-378269.7443
-373346.5733
-373133.6441
-373103.3207
-371317.3095
-371005.6669
-370656.4649
-370482.408
-369870.0633
-369075.2524
-368910.107
-367087.6893
-367042.9284
-366891.2608
-366469.5008
-363521.7459
-363179.8691
-363164.3909
-362388.1133
-361307.9079
-361220.2806
-360783.62
-360463.0712
-360101.0776
-359107.3323
-358859.2716
-358301.5741
-358285.0977
-358252.6823
-357936.7664
-357338.1377
-354293.5585
-353021.274
-352632.3529
-352378.543
-351003.6144
-350200.3741
-346986.6077
-346168.5876
-345177.66
-344119.4151
-342053.886
-339682.5123
-338570.5814
-338568.0526
-338521.2917
-338451.7601
-338422.4431
-338103.7041
-337336.4674
-337285.5299
-335479.8927
-335358.6723
-334801.6029
-333827.3674
-331093.2171
-331088.2229
-329244.3597
-327712.1283
-327147.2285
-326988.5773
-326935.9426
-326803.8084
-326333.6903
-326128.2668
-326078.4549
-323998.5122
-320374.9355
-318446.0122
-317614.2454
-315456.6495
-314904.2861
-314196.1347
-314148.385
-314125.8093
-314087.5801
-313773.5808
-311834.9683
-309874.0184
-307746.1587
-306721.1768
-305336.3483
-304923.0452
-304847.3051
-304419.1152
-304055.9705
-303565.64
-302075.8179
-302043.3247
-300058.53
-299705.9273
-299388.5137
-294909.8707
-294502.2457
-294041.4245
-291210.1698
-287652.3471
-286451.2388
-286287.2011
-286185.0313
-285917.8566
-285900.6796
-285799.1645
-284466.6395
-283965.1935
-282730.5093
-282417.232
-282214.0059
-281510.7503
-281357.7206
-280467.4655
-280447.368
-279833.6411
-279104.815
-278690.873
-277984.1045
-277539.538
-277398.0209
-276721.758
-276477.7495
-276288.9842
-276123.1295
-275378.6293
-275212.0386
-273817.9093
-271971.7437
-271962.6073
-271251.8091
-270856.3008
-269949.1783
-269676.21
-269595.0336
-269536.343
-268550.0425
-268529.9778
-268100.4621
-265879.5264
-265763.0086
-265420.3073
-265245.2017
-264117.1293
-260198.423
-259736.3696
-257762.4023
-257488.3909
-257090.3916
-257060.1961
-256773.8417
-256522.1053
-256475.1622
-255293.8485
-254807.1779
-254690.6456
-254249.5691
-253761.2506
-253026.194
-251386.217
-250432.9386
-249865.641
-249827.0294
-248812.6383
-248307.8698
-247996.8967
-244796.1517
-243900.1822
-243813.7644
-243757.0788
-243101.0415
-242639.2172
-242614.3921
-242196.1391
-242146.5704
-242012.4663
-241780.1943
-240713.5572
-240503.6401
-237642.7685
-236771.5689
-236541.8863
-235816.9785
-235486.1939
-235484.4415
-234054.6246
-233815.9576
-233648.8824
-233093.8789
-232690.3023
-231831.5073
-230914.0709
-228886.9634
-228639.054
-228545.2709
-228297.5999
-227173.4544
-226586.2639
-226415.7871
-226102.4319
-224387.0492
-222022.0865
-221796.2392
-218868.5014
-218813.9902
-217867.9893
-217821.4522
-217699.9587
-216880.5709
-215936.0891
-215045.7375
-212341.7358
-211589.1394
-211309.4319
-210145.531
-209733.7601
-209451.1913
-209331.1601
-209318.5753
-209298.4298
-208263.8772
-208121.2547
-207579.7169
-204523.2646
-204108.1524
-203017.3999
-202903.2353
-202686.7343
-201912.3758
-201473.5104
-200647.1888
-199020.1207
-198793.5741
-198287.1385
-198143.0523
-195694.3022
-195171.1442
-194541.0577
-193605.8557
-192986.5911
-191904.5879
-190697.4079
-186528.8964
-186312.9459
-185764.1334
-184181.5168
-184076.2938
-183578.4918
-182327.8741
-181748.1419
-181589.8012
-181267.5273
-181203.6532
-180486.9558
-179355.1758
-178776.9631
-177811.6453
-177618.5365
-177185.4296
-177071.3502
-174995.5289
-173831.2371
-172769.2467
-171030.1007
-171013.0143
-170239.3542
-167819.4649
-167377.2498
-165643.4589
-165505.8455
-164950.2671
-164314.4527
-163716.2612
-163400.9431
-163347.2157
-163086.4444
-162218.1764
-161805.9284
-160641.3595
-160276.2439
-159493.5304
-157877.7267
-157490.9668
-155949.6547
-155929.5657
-154510.8334
-153346.7658
-153314.3424
-153054.9431
-152330.6929
-151686.9844
-148918.953
-148479.3424
-148458.6591
-144379.3297
-144336.2291
-143845.4018
-143818.8477
-143303.5998
-140561.8223
-140131.2094
-139998.9947
-139887.2243
-139211.0181
-139199.9583
-138581.6482
-137710.671
-137060.0503
-136955.85
-136742.9536
-136738.3806
-135775.3639
-135648.7614
-135064.9147
-134185.6529
-131943.7231
-131341.4868
-131297.5382
-129885.3987
-129871.3872
-129191.3424
-128657.7228
-128544.3779
-128371.1686
-127870.4409
-127125.8919
-126997.9275
-126210.4826
-124099.1558
-123659.6588
-123556.3492
-122916.7746
-122510.7652
-122364.2754
-118494.9195
-117714.9773
-117655.1839
-116781.872
-114888.2039
-114446.2227
-114320.4495
-112674.0463
-110562.9914
-110270.7027
-108642.5447
-107066.7463
-106736.7661
-105860.3115
-105556.9091
-104726.7733
-104260.1917
-103401.5178
-101571.2582
-101339.5554
-100536.8559
-98815.24079
-97955.77802
-97557.15011
-96799.78681
-96326.67542
-95772.34208
-94889.20107
-94079.6173
-93938.48111
-93430.43301
-92697.69683
-92494.2831
-92316.06803
-92038.60856
-91306.86682
-89603.76755
-86220.59577
-85751.68506
-85232.28074
-84738.22292
-82474.08619
-80762.72021
-79780.29431
-79609.43998
-79494.42279
-79170.71857
-78810.93153
-77557.28732
-77094.9503
-74878.57699
-74769.95606
-73493.03157
-71773.35538
-70769.76255
-70182.86319
-69696.2042
-69519.50893
-69137.40866
-67824.37371
-66376.60652
-65588.77921
-65571.07873
-63951.02522
-61071.50073
-60041.18094
-59562.86556
-59288.50275
-59257.85456
-59033.27231
-58863.14282
-58483.72631
-58411.22849
-58095.05306
-56763.1298
-56392.61608
-55672.51392
-55665.54263
-55452.76219
-53747.12568
-51748.09668
-51592.86982
-51550.07332
-51433.79684
-50475.05217
-50247.13274
-49793.4876
-48201.38265
-48117.30437
-46349.64943
-45750.12668
-44226.07931
-44125.22132
-43661.3986
-41204.98085
-40143.84227
-39228.05297
-39138.26513
-38482.18319
-38419.52241
-35474.71605
-33974.60445
-32569.98692
-32272.00473
-30505.82817
-25249.44526
-24798.10276
-24492.40426
-22317.88227
-18546.93028
-16287.3644
