-168.3540801
-168.3510174
-168.3461691
-168.3421722
-168.3404157
-168.3343454
-168.3337022
-168.3322368
-168.329442
-168.3281446
-168.3279115
-168.3263727
-168.3239684
-168.3190693
-168.3083966
-168.3079379
-168.3071404
-168.3067163
-168.2960912
-168.2939024
-168.2882003
-168.2825637
-168.2794851
-168.2775621
-168.2750483
-168.2738226
-168.2715488
-168.2714736
-168.2710908
-168.2683968
-168.2651746
-168.262893
-168.2618153
-168.2613305
-168.2595741
-168.2571397
-168.2569762
-168.2550859
-168.2540069
-168.2536728
-168.250367
-168.2468423
-168.2398766
-168.2386007
-168.2372023
-168.234559
-168.233057
-168.2312486
-168.2281551
-168.2275982
-168.2253126
-168.2197664
-168.2166913
-168.2075957
-168.2060407
-168.2017513
-168.1992847
-168.1985983
-168.1981626
-168.1950462
-168.1781044
-168.177862
-168.1776955
-168.174977
-168.1707685
-168.1681658
-168.1645794
-168.1645489
-168.1641752
-168.1621249
-168.1605398
-168.1601717
-168.1598407
-168.1569759
-168.1559937
-168.154598
-168.1545415
-168.1452548
-168.1448485
-168.1432078
-168.1425958
-168.136378
-168.1330454
-168.1283253
-168.1267039
-168.1157269
-168.1142528
-168.1077481
-168.1046742
-168.1011984
-168.0990738
-168.0964479
-168.0940234
-168.0909299
-168.0887555
-168.0843927
-168.0829666
-168.0806971
-168.0759546
-168.0733945
-168.0687897
-168.0644048
-168.0624815
-168.0608548
-168.0603237
-168.0505544
-168.0446383
-168.0378452
-168.0324723
-168.0313803
-168.0304587
-168.0259486
-168.0250192
-168.0198354
-168.0192157
-168.0191459
-168.0178696
-168.0171257
-168.008914
-168.0061054
-168.0059316
-168.004656
-168.0014333
-168.0012183
-167.9995061
-167.997404
-167.9909184
-167.9847887
-167.9814677
-167.9784432
-167.9685686
-167.9660313
-167.9640426
-167.9602518
-167.9598064
-167.9554779
-167.9545325
-167.9520602
-167.9510266
-167.9487891
-167.9482993
-167.947966
-167.9362307
-167.9360692
-167.9290674
-167.9232011
-167.9205268
-167.9191825
-167.9175536
-167.9040373
-167.9024154
-167.9011894
-167.9004454
-167.8964493
-167.8932739
-167.8859587
-167.8842898
-167.8841808
-167.8734815
-167.8687002
-167.8623783
-167.8620601
-167.8549741
-167.8529586
-167.845405
-167.8427619
-167.8418849
-167.8400102
-167.8379213
-167.8371741
-167.8362134
-167.8292542
-167.8274334
-167.8229315
-167.8190872
-167.814828
-167.8127413
-167.8126446
-167.8113062
-167.7928919
-167.7905475
-167.7903287
-167.7892932
-167.788098
-167.7859552
-167.7825576
-167.7794409
-167.7778923
-167.7777958
-167.7777086
-167.7737327
-167.7673652
-167.7672781
-167.7664979
-167.7612999
-167.754915
-167.7533165
-167.7509843
-167.7488365
-167.7392422
-167.738108
-167.7181608
-167.7035909
-167.7006491
-167.697886
-167.6969207
-167.6935724
-167.6921105
-167.6892481
-167.6891598
-167.683205
-167.6517213
-167.6460124
-167.6458597
-167.6441851
-167.6419251
-167.6355898
-167.6346628
-167.6344522
-167.6255241
-167.6227287
-167.6153393
-167.6144334
-167.6098053
-167.6055051
-167.6043249
-167.5981466
-167.5960623
-167.5785236
-167.5766469
-167.5720583
-167.5584469
-167.5548833
-167.5486071
-167.5419736
-167.5402947
-167.5352606
-167.5289555
-167.5241084
-167.5202271
-167.5165245
-167.5154291
-167.5057198
-167.504989
-167.5002729
-167.4985819
-167.4983362
-167.493206
-167.4891216
-167.4887287
-167.4791356
-167.4634172
-167.4466977
-167.445616
-167.4397529
-167.4303624
-167.424164
-167.4197147
-167.4150614
-167.4118506
-167.4102975
-167.402794
-167.3950395
-167.3943566
-167.3927421
-167.3879133
-167.3840361
-167.3811596
-167.379197
-167.3725502
-167.3622641
-167.3604961
-167.3598746
-167.3592161
-167.3525937
-167.3515163
-167.351426
-167.3482603
-167.3349912
-167.3259204
-167.3191976
-167.3153656
-167.3113056
-167.3097614
-167.307847
-167.3027991
-167.3025328
-167.3017731
-167.2912547
-167.2899623
-167.2772502
-167.2659187
-167.2640916
-167.2629266
-167.2571412
-167.2542005
-167.2520849
-167.2429806
-167.2416681
-167.2367762
-167.2237833
-167.2194453
-167.2086602
-167.2074353
-167.2060376
-167.2052293
-167.2013333
-167.2009482
-167.1961388
-167.1946255
-167.1806738
-167.1721291
-167.1599013
-167.1502748
-167.1470551
-167.1469258
-167.1436931
-167.1400793
-167.1326802
-167.1286686
-167.1184637
-167.1120068
-167.110297
-167.102911
-167.0982927
-167.095467
-167.0953216
-167.0910201
-167.0883179
-167.0868353
-167.085122
-167.072451
-167.070805
-167.0662312
-167.0605372
-167.0549742
-167.0446583
-167.0438091
-167.0416119
-167.0389423
-167.0332483
-167.0327802
-167.029831
-167.0274312
-167.0224653
-167.0185504
-167.0125369
-166.9968018
-166.9905562
-166.9887913
-166.9828735
-166.9745601
-166.9685908
-166.9605104
-166.9344487
-166.9341322
-166.932558
-166.9128741
-166.9094292
-166.8946125
-166.8555204
-166.849184
-166.8472236
-166.8467493
-166.8439878
-166.8281922
-166.8142204
-166.8070862
-166.7948636
-166.7742758
-166.7592929
-166.7556385
-166.7455972
-166.7436066
-166.7428455
-166.7395131
-166.7135774
-166.6952074
-166.6912408
-166.6896048
-166.6805989
-166.6797949
-166.6749128
-166.670098
-166.6661327
-166.6559259
-166.6410846
-166.6366524
-166.6230038
-166.6227837
-166.6209576
-166.6153445
-166.6087629
-166.6047362
-166.6005393
-166.5583949
-166.5380345
-166.5275896
-166.5226904
-166.5163407
-166.5037124
-166.4974578
-166.4954149
-166.4951435
-166.4866751
-166.4717114
-166.4708328
-166.4676926
-166.4571057
-166.4549267
-166.4535639
-166.4529194
-166.4523993
-166.4406602
-166.4399363
-166.4176789
-166.3999738
-166.3844943
-166.3790372
-166.3681324
-166.3636911
-166.3514062
-166.3408195
-166.3185678
-166.3136563
-166.3114652
-166.3059564
-166.3007806
-166.2953348
-166.2817333
-166.2769656
-166.2729279
-166.2724426
-166.2716798
-166.2293529
-166.2163021
-166.2111384
-166.1989147
-166.1720652
-166.1372309
-166.1346669
-166.1075186
-166.1061379
-166.0915127
-166.0708887
-166.0576702
-166.036043
-166.0259952
-166.0103139
-165.9898592
-165.978391
-165.9694763
-165.940337
-165.9250981
-165.9146451
-165.9061279
-165.8859026
-165.8740886
-165.870324
-165.8649578
-165.8194125
-165.800132
-165.7745359
-165.7717538
-165.7660588
-165.7588336
-165.7420457
-165.7410367
-165.7066224
-165.6820095
-165.6288526
-165.5891602
-165.5879077
-165.5826132
-165.5566097
-165.5470275
-165.4513186
-165.4446694
-165.4056109
-165.3849643
-165.3596052
-165.3296747
-165.2258262
-165.174871
-165.1697288
-165.1271561
-165.048461
-165.000416
-164.9312974
-164.7605273
-164.722985
-164.637472
-164.5860044
-164.5414926
-164.4977549
-164.3872404
-163.5289082
-163.4607769
-162.9446124
-162.7973699
