-175.5630197
-175.562015
-175.5470858
-175.5413937
-175.5163402
-175.5000491
-175.4884478
-175.4883959
-175.4856376
-175.4693619
-175.4691687
-175.4410865
-175.4372886
-175.4358302
-175.4312841
-175.4224648
-175.4165347
-175.4125245
-175.4088722
-175.4069333
-175.3999228
-175.3908357
-175.3761206
-175.3583754
-175.3549188
-175.3291129
-175.3172704
-175.3141953
-175.3140849
-175.3116428
-175.2964688
-175.286328
-175.2792547
-175.2664721
-175.2652576
-175.2645847
-175.2488465
-175.2398496
-175.2383353
-175.23618
-175.2361209
-175.2331027
-175.2282002
-175.21806
-175.2154733
-175.2120467
-175.2092457
-175.2087781
-175.1949011
-175.1853277
-175.1843931
-175.1806501
-175.1609811
-175.1599219
-175.159667
-175.1550211
-175.1505886
-175.1435351
-175.1331454
-175.1325913
-175.1204807
-175.1005912
-175.0827186
-175.0821216
-175.0685204
-175.0589015
-175.0578368
-175.0417334
-175.036359
-175.028862
-175.0236883
-175.0185268
-175.0085724
-175.0011188
-174.9969486
-174.9921782
-174.9902636
-174.9666763
-174.9665937
-174.9501714
-174.9473678
-174.9364306
-174.9125778
-174.8995075
-174.8920628
-174.8817262
-174.8611378
-174.8558533
-174.8539311
-174.8524958
-174.849026
-174.8298251
-174.8293737
-174.8219688
-174.820567
-174.8085502
-174.8039035
-174.7912771
-174.7777456
-174.7766608
-174.7721881
-174.7654316
-174.7651073
-174.7570115
-174.75269
-174.741579
-174.7393081
-174.7381771
-174.7311233
-174.7078682
-174.694921
-174.6936077
-174.674407
-174.6732583
-174.6717061
-174.6700386
-174.6635537
-174.6596934
-174.6527516
-174.6511182
-174.6341241
-174.6329632
-174.6283566
-174.618671
-174.6149981
-174.6015912
-174.5700758
-174.5529556
-174.5338466
-174.5273991
-174.5230129
-174.519574
-174.4872281
-174.483068
-174.4749454
-174.4715859
-174.4503855
-174.4410596
-174.4356214
-174.4076205
-174.3971323
-174.3646075
-174.3563514
-174.3532947
-174.3483548
-174.3325586
-174.3324345
-174.3134643
-174.3133676
-174.3083676
-174.3047356
-174.2979194
-174.2828494
-174.2805161
-174.2799628
-174.2732925
-174.2700809
-174.2671769
-174.2450783
-174.2275249
-174.2181603
-174.2104475
-174.2021057
-174.1771194
-174.1743453
-174.1659926
-174.1617776
-174.1601514
-174.159267
-174.1260909
-174.1178031
-174.1102543
-174.0959125
-174.0947208
-174.0851996
-174.078638
-174.07251
-174.0544615
-174.0529592
-174.0504464
-174.0321575
-174.0272769
-174.0196898
-173.9811426
-173.9752343
-173.9691717
-173.9443192
-173.9411568
-173.937463
-173.9350164
-173.9339396
-173.9214363
-173.9194208
-173.8798655
-173.8696018
-173.8682833
-173.8581105
-173.8579106
-173.8501495
-173.8312725
-173.8267208
-173.8235671
-173.7969251
-173.7891184
-173.7850322
-173.7576806
-173.756976
-173.7562175
-173.7526437
-173.749377
-173.7437623
-173.7402135
-173.7386978
-173.7294929
-173.7001558
-173.6941288
-173.6927782
-173.6906138
-173.685289
-173.6766524
-173.6487881
-173.6393069
-173.6313388
-173.6214712
-173.6171539
-173.5945551
-173.5873959
-173.5763109
-173.5559
-173.5429844
-173.5270119
-173.5254059
-173.5094568
-173.4988653
-173.4888719
-173.488575
-173.4124189
-173.404739
-173.3941068
-173.3837606
-173.3824668
-173.3811512
-173.3804468
-173.3582212
-173.3439021
-173.3400399
-173.3392266
-173.3058196
-173.3018714
-173.2626337
-173.2544729
-173.2466899
-173.2463615
-173.2297381
-173.1993693
-173.1563753
-173.1548771
-173.1383424
-173.1379472
-173.1261015
-173.1162618
-173.1071469
-173.1040957
-173.1012137
-173.0703685
-173.0365421
-173.0146146
-173.0013256
-172.9780777
-172.960038
-172.9415058
-172.9394844
-172.9159805
-172.9152487
-172.8873602
-172.8844516
-172.8724771
-172.8696398
-172.8051657
-172.7489458
-172.744858
-172.7334311
-172.7286418
-172.7170794
-172.7155442
-172.7144916
-172.7111877
-172.6711051
-172.6426286
-172.628736
-172.5944934
-172.5854538
-172.5824535
-172.5700619
-172.5696867
-172.5641008
-172.5587592
-172.5545674
-172.5496072
-172.5330132
-172.5294028
-172.5288844
-172.5186109
-172.5120943
-172.5085233
-172.4940479
-172.4922011
-172.4884262
-172.4769345
-172.3638955
-172.3513717
-172.3480676
-172.3001016
-172.2859794
-172.2765309
-172.2691915
-172.2652797
-172.2643073
-172.2518762
-172.1932536
-172.1838628
-172.1766602
-172.1553126
-172.1396367
-172.1279987
-172.0940093
-172.0629703
-172.0397683
-172.0061231
-171.9886624
-171.9815326
-171.9655768
-171.9593289
-171.9499493
-171.908716
-171.8849043
-171.8628493
-171.8453775
-171.8435024
-171.8247046
-171.8204082
-171.8012472
-171.7968725
-171.7901585
-171.7777846
-171.7644907
-171.7599356
-171.7443547
-171.7076555
-171.6641833
-171.6579307
-171.6524036
-171.6418639
-171.6239407
-171.5956335
-171.5865502
-171.5706149
-171.5608726
-171.5592145
-171.5339169
-171.514127
-171.4648297
-171.4571825
-171.4569206
-171.406458
-171.3648248
-171.3563659
-171.3481318
-171.3251504
-171.2830314
-171.2632136
-171.2467796
-171.2369393
-171.214425
-171.2115572
-171.1896468
-171.1626242
-171.1491808
-171.1194407
-171.0933789
-171.092439
-171.0875498
-171.0844537
-171.0556278
-171.0176947
-171.017467
-171.0159776
-171.0154229
-171.0038531
-170.9993467
-170.9962192
-170.9589609
-170.9433561
-170.9425213
-170.9008662
-170.8964402
-170.8573326
-170.8334873
-170.8316227
-170.8125359
-170.8115508
-170.7978718
-170.7589329
-170.7309895
-170.7260639
-170.6893786
-170.6699535
-170.6687672
-170.6580743
-170.6331977
-170.6054036
-170.5789336
-170.544723
-170.5414383
-170.5412624
-170.5268166
-170.5193267
-170.4727317
-170.4642733
-170.4441816
-170.4384114
-170.4308173
-170.4188092
-170.4090182
-170.4041741
-170.3683413
-170.3657237
-170.3617246
-170.299278
-170.2714842
-170.2697378
-170.2550971
-170.2292128
-170.1984825
-170.109913
-170.0795791
-170.0657076
-170.0614538
-170.0096072
-170.0086111
-169.9650995
-169.9549427
-169.9377574
-169.9002676
-169.8993289
-169.8896051
-169.886841
-169.8736554
-169.8517937
-169.8468133
-169.8260764
-169.8259962
-169.8121343
-169.8105986
-169.6726683
-169.6486672
-169.5813112
-169.5694073
-169.5556176
-169.5465426
-169.541429
-169.5335719
-169.5204705
-169.484406
-169.3013285
-169.2876781
-169.1715381
-169.1473481
-169.1278044
-168.8506895
-168.8485746
-168.8384395
-168.8050468
-168.784005
-168.7142655
-168.5558052
-168.5218369
-168.5031131
-168.4920098
-168.1157269
-168.1077481
-168.0191459
-167.9602518
-167.7794409
-167.738108
-167.5289555
-167.4303624
-167.3943566
-167.3349912
-167.2640916
-167.1286686
-167.110297
-166.6410846
-166.4866751
-166.3844943
-166.3408195
-166.1061379
-166.0259952
-165.174871
-164.7605273
