-1875.933264
-1874.683271
-1873.131891
-1872.344266
-1870.090801
-1868.074687
-1858.988985
-1853.786535
-1849.522972
-1840.114224
-1838.992562
-1837.930904
-1827.799043
-1824.591562
-1819.501719
-1818.691822
-1815.74897
-1811.785614
-1811.167542
-1809.235701
-1808.837586
-1808.56914
-1807.877262
-1804.628192
-1803.031398
-1794.392232
-1793.863475
-1792.751637
-1791.772685
-1785.324009
-1781.779628
-1781.247019
-1778.504219
-1776.403179
-1773.727673
-1772.200678
-1770.69657
-1765.138887
-1761.174911
-1759.466127
-1758.745716
-1757.094742
-1755.425724
-1751.774997
-1745.260121
-1745.16304
-1738.789818
-1736.483461
-1734.688153
-1734.516513
-1724.504354
-1718.91121
-1717.060387
-1715.378936
-1709.25158
-1708.583112
-1703.048254
-1702.743262
-1699.419911
-1695.904695
-1681.222186
-1678.127252
-1676.109672
-1673.527136
-1668.991988
-1660.845557
-1655.408242
-1654.789007
-1646.351672
-1642.39845
-1637.802126
-1635.216357
-1631.069023
-1626.9259
-1626.210464
-1625.457241
-1625.002647
-1621.809345
-1621.283002
-1612.880864
-1612.721612
-1612.594597
-1603.788093
-1601.044358
-1599.294008
-1594.297877
-1592.759504
-1590.02659
-1583.259382
-1581.384403
-1581.338731
-1576.601337
-1572.984401
-1572.346625
-1570.073569
-1561.330625
-1557.411955
-1556.428555
-1556.405872
-1548.045853
-1545.847981
-1539.362703
-1538.89078
-1532.299362
-1531.972183
-1528.03938
-1523.981776
-1521.861819
-1519.665427
-1518.845533
-1511.526164
-1509.91965
-1504.133902
-1503.401554
-1502.008427
-1496.316708
-1489.083829
-1481.623128
-1476.847025
-1475.540994
-1464.841148
-1460.522106
-1459.044892
-1458.094811
-1451.77746
-1451.004499
-1438.022662
-1433.650855
-1431.147981
-1427.45302
-1426.195903
-1424.372888
-1422.141689
-1420.734592
-1419.370525
-1415.626717
-1407.886255
-1407.875371
-1404.871588
-1400.162215
-1397.816003
-1395.197829
-1395.116401
-1394.803515
-1390.797893
-1385.708512
-1385.566879
-1382.312799
-1380.542261
-1379.580139
-1375.440706
-1361.742312
-1361.194355
-1359.498865
-1355.042032
-1353.254546
-1349.247844
-1348.703407
-1342.410749
-1341.352988
-1338.341526
-1337.291703
-1334.600077
-1334.54843
-1330.456761
-1329.618855
-1321.368607
-1319.707782
-1318.697007
-1316.43141
-1311.89109
-1311.13738
-1306.435647
-1303.485153
-1299.025204
-1297.652291
-1287.969858
-1285.756266
-1283.136152
-1279.90027
-1279.861816
-1279.204009
-1272.521922
-1264.387678
-1264.006771
-1259.539387
-1257.779079
-1252.220814
-1251.045921
-1246.223058
-1240.028552
-1231.013853
-1230.741557
-1226.448373
-1225.021811
-1222.906293
-1222.295249
-1221.808544
-1218.978565
-1217.930454
-1215.041319
-1205.456966
-1205.006916
-1199.113978
-1196.996204
-1193.971953
-1190.47562
-1188.159948
-1178.755434
-1178.130614
-1165.81447
-1161.477107
-1158.525346
-1154.398275
-1153.252181
-1144.671058
-1140.213173
-1139.783318
-1136.841456
-1133.903678
-1130.477535
-1121.997808
-1114.510003
-1113.722896
-1106.73709
-1102.710932
-1101.249347
-1095.550477
-1094.379644
-1092.010447
-1091.247082
-1090.860765
-1076.071485
-1076.058556
-1065.243598
-1061.989408
-1059.418266
-1050.250671
-1049.984141
-1049.534262
-1047.682807
-1044.345825
-1043.949459
-1026.214847
-1018.623786
-1016.396882
-1016.286816
-1016.195909
-1014.669391
-1014.247885
-998.5587452
-997.0896281
-994.8660827
-992.7975321
-988.5060753
-985.4666917
-978.5146946
-976.8964879
-974.1794243
-972.0844755
-969.3040802
-969.2693028
-950.9933044
-926.4394184
-925.6404704
-924.7041267
-924.4527563
-923.6393464
-923.1253274
-918.5225482
-917.3510286
-914.1092909
-912.7430007
-910.5863344
-909.2185662
-907.2290346
-906.8275341
-905.0916774
-899.1341025
-897.4353142
-894.9298626
-894.6022164
-892.3748669
-876.5634579
-876.1849228
-874.7010687
-868.1199957
-866.3731382
-858.7092949
-848.7682293
-847.890018
-844.1862392
-839.0943163
-837.3514036
-835.8226351
-833.7484332
-818.4894566
-816.6501842
-815.1577631
-813.4976815
-807.3285453
-786.1110433
-782.7319006
-782.1807266
-773.8336746
-773.1016132
-767.4566271
-765.602507
-763.9508095
-761.6209219
-754.7792897
-747.4101659
-743.4941367
-736.9278547
-736.1860794
-734.5811507
-729.818593
-728.260901
-723.6751476
-719.6211436
-712.5271497
-711.9471537
-707.358566
-707.088218
-703.4302349
-700.8961954
-683.4776042
-678.3272391
-672.517871
-671.110841
-656.7433147
-656.3253421
-654.7385047
-650.6258953
-644.2655354
-643.4688027
-636.5918354
-634.5570034
-628.6844052
-626.1649103
-621.4514283
-616.0699081
-614.440454
-612.5822386
-610.69598
-608.1337949
-607.0508711
-606.0900337
-601.441571
-599.3618287
-597.0515083
-593.6089585
-580.964647
-580.44554
-580.0365589
-569.9965738
-565.2090364
-550.6723096
-547.0984977
-529.4470015
-524.5055734
-521.1504275
-512.0323254
-510.8722506
-508.0270492
-506.2894103
-506.0426735
-505.9594959
-505.3446501
-503.3037042
-502.8534474
-502.8290191
-502.4738199
-496.4141327
-490.1669498
-488.5380906
-487.9432919
-486.7895813
-483.9308948
-481.4097675
-476.2473164
-470.1199158
-469.6221405
-463.3123363
-456.5539482
-451.0365022
-449.8026281
-447.8113166
-435.4094306
-431.624112
-427.5693143
-426.9429959
-424.9006525
-418.442925
-415.151655
-414.1255453
-404.289618
-397.4685417
-397.2470919
-394.2379024
-390.581616
-389.6134367
-388.2490656
-386.1040366
-375.6546585
-373.3424351
-368.4885745
-356.0824333
-355.9158103
-352.7272225
-350.8413026
-345.7915102
-344.7673385
-342.1137663
-340.9120704
-336.0576039
-333.1254762
-332.8767376
-330.9794033
-330.8726813
-327.9799979
-326.1197295
-323.20909
-322.946682
-318.3987183
-318.3085921
-317.6714155
-316.5175157
-315.2185888
-314.5375646
-312.5130788
-302.4273911
-297.0030006
-287.0294157
-280.4139045
-269.6928239
-268.1950417
-267.0167985
-265.7663954
-265.6709141
-261.572989
-258.8292023
-258.702822
-258.3431395
-255.2475953
-253.9525237
-248.039908
-245.7071401
-228.3247021
-227.52313
-225.1971327
-223.6760693
-222.4939011
-222.3723905
-214.1186438
-212.509413
-209.0529112
-208.7238684
-208.7040571
-208.2781562
-207.9734964
-207.2181909
-204.5617584
-202.1994655
-201.6183538
-200.048242
-199.9407036
-197.9290105
-197.4011221
-194.7841269
-194.3386619
-193.3070056
-192.5690064
-191.5761304
-191.4046993
-189.8594153
-189.4176414
-188.9580249
-188.1990308
-187.0349603
-186.9618725
-186.7133296
-186.374037
-185.7598897
-185.706188
-184.4584993
-183.3453456
-181.7868229
-179.9022342
-178.9573447
-178.900045
-178.0631857
-175.5684594
-175.1853277
-174.8039035
-174.618671
-174.5700758
-171.7076555
-171.1491808
-170.2550971
