-281357.7206
-280671.3823
-280467.4655
-280447.368
-279833.6411
-279480.6713
-279104.815
-278943.8971
-278690.873
-278428.6929
-277984.1045
-277811.5185
-277539.538
-277398.0209
-276726.9993
-276721.758
-276477.7495
-276288.9842
-276123.1295
-275801.5148
-275761.5173
-275378.6293
-275212.0386
-273817.9093
-273803.0119
-271971.7437
-271962.6073
-271251.8091
-270856.3008
-270667.3391
-270373.1701
-269949.1783
-269676.21
-269595.0336
-269536.343
-269091.3925
-268550.0425
-268529.9778
-268100.4621
-267043.1455
-265879.5264
-265763.0086
-265674.1889
-265420.3073
-265245.2017
-264850.8861
-264771.2087
-264117.1293
-264036.4053
-261047.9133
-260198.423
-260030.2781
-259736.3696
-257762.4023
-257488.3909
-257090.3916
-257060.1961
-256773.8417
-256522.1053
-256475.1622
-255293.8485
-254807.1779
-254780.7399
-254690.6456
-254567.7619
-254378.3044
-254249.5691
-253761.2506
-253026.194
-251625.4584
-251386.217
-250432.9386
-249865.641
-249827.0294
-248812.6383
-248307.8698
-247996.8967
-247007.7473
-246219.1462
-244796.1517
-243900.1822
-243813.7644
-243757.0788
-243426.1229
-243101.0415
-242818.0609
-242639.2172
-242614.3921
-242269.0318
-242196.1391
-242146.5704
-242012.4663
-241780.1943
-240930.4648
-240713.5572
-240503.6401
-240375.845
-237642.7685
-236832.1778
-236771.5689
-236541.8863
-236483.409
-235816.9785
-235486.1939
-235484.4415
-235421.9162
-234445.6864
-234054.6246
-233815.9576
-233648.8824
-233448.9295
-233364.0108
-233093.8789
-232690.3023
-231831.5073
-231450.5052
-230914.0709
-228886.9634
-228639.054
-228545.2709
-228297.5999
-227413.6068
-227237.3257
-227173.4544
-226586.2639
-226415.7871
-226102.4319
-224387.0492
-222022.0865
-221796.2392
-221547.7433
-218868.5014
-218813.9902
-218667.2315
-217867.9893
-217821.4522
-217699.9587
-216880.5709
-216716.1905
-215936.0891
-215926.3025
-215045.7375
-213919.0799
-213750.0608
-212341.7358
-211716.5534
-211589.1394
-211309.4319
-210145.531
-209976.1887
-209733.7601
-209451.1913
-209331.1601
-209318.5753
-209298.4298
-208749.5166
-208263.8772
-208121.2547
-208020.3772
-207579.7169
-205639.6916
-205570.4564
-204523.2646
-204160.6873
-204108.1524
-203017.3999
-202903.2353
-202686.7343
-201912.3758
-201473.5104
-200647.1888
-199224.1965
-199020.1207
-198793.5741
-198485.8167
-198287.1385
-198143.0523
-197856.8358
-196964.5685
-196234.9768
-196139.0395
-195694.3022
-195171.1442
-194541.0577
-193605.8557
-192986.5911
-191904.5879
-190697.4079
-186528.8964
-186312.9459
-185764.1334
-184442.2973
-184181.5168
-184076.2938
-184031.5162
-183578.4918
-183502.8846
-183136.7807
-182327.8741
-181748.1419
-181589.8012
-181267.5273
-181203.6532
-180486.9558
-179427.4259
-179355.1758
-178776.9631
-177811.6453
-177618.5365
-177185.4296
-177071.3502
-176867.1042
-176695.8982
-176471.7194
-175425.5447
-174995.5289
-173831.2371
-172769.2467
-172416.3443
-171566.2073
-171030.1007
-171013.0143
-170239.3542
-168356.9332
-168261.2107
-167819.4649
-167773.2864
-167465.7959
-167377.2498
-165643.4589
-165505.8455
-165118.2346
-164950.2671
-164314.4527
-163716.2612
-163711.7618
-163664.702
-163400.9431
-163347.2157
-163214.5151
-163086.4444
-162218.1764
-162079.568
-161935.7134
-161805.9284
-161307.5024
-160641.3595
-160276.2439
-159493.5304
-157877.7267
-157490.9668
-156919.7224
-155949.6547
-155929.5657
-155423.0121
-154873.3155
-154510.8334
-153346.7658
-153314.3424
-153054.9431
-152330.6929
-152010.7198
-151913.9624
-151794.2195
-151686.9844
-151384.4344
-149868.9447
-148918.953
-148479.3424
-148458.6591
-147376.4184
-144417.3571
-144379.3297
-144336.2291
-144295.6093
-143845.4018
-143818.8477
-143303.5998
-143094.6354
-141400.0807
-140561.8223
-140131.2094
-139998.9947
-139887.2243
-139211.0181
-139199.9583
-138880.0884
-138581.6482
-137710.671
-137608.6796
-137293.5094
-137060.0503
-136955.85
-136742.9536
-136738.3806
-136296.3705
-135775.3639
-135648.7614
-135064.9147
-134885.3689
-134185.6529
-133778.3152
-133228.487
-132615.6598
-131943.7231
-131341.4868
-131297.5382
-131120.8169
-131011.7473
-130370.9331
-129885.3987
-129871.3872
-129191.3424
-128657.7228
-128544.3779
-128371.1686
-127870.4409
-127125.8919
-126997.9275
-126840.0178
-126210.4826
-124640.0478
-124099.1558
-123659.6588
-123556.3492
-122916.7746
-122510.7652
-122364.2754
-118776.9472
-118660.6975
-118494.9195
-118265.7009
-117714.9773
-117655.1839
-117402.5917
-117161.9205
-116781.872
-115847.224
-115371.2222
-114888.2039
-114740.9121
-114446.2227
-114320.4495
-112674.0463
-112446.5871
-110562.9914
-110270.7027
-110033.4055
-108941.8978
-108642.5447
-108245.5924
-107134.9443
-107066.7463
-106736.7661
-105860.3115
-105556.9091
-104726.7733
-104260.1917
-103479.3168
-103401.5178
-101571.2582
-101339.5554
-100536.8559
-100239.0453
-99396.02579
-98815.24079
-98039.2687
-97955.77802
-97557.15011
-96799.78681
-96326.67542
-95772.34208
-95324.95145
-94937.20157
-94889.20107
-94566.98091
-94079.6173
-93938.48111
-93546.49856
-93464.6802
-93430.43301
-92697.69683
-92494.2831
-92316.06803
-92044.47301
-92038.60856
-91306.86682
-90711.58561
-89603.76755
-87604.9277
-87246.82486
-87125.13653
-86818.34997
-86220.59577
-85751.68506
-85232.28074
-85031.18155
-84738.22292
-82474.08619
-81643.23933
-81583.44808
-81068.62568
-80762.72021
-79780.29431
-79609.43998
-79494.42279
-79170.71857
-78810.93153
-78785.2665
-77947.03839
-77557.28732
-77094.9503
-75382.0132
-74878.57699
-74769.95606
-73989.61723
-73493.03157
-72827.37457
-71773.35538
-71266.43366
-70787.22722
-70769.76255
-70605.81154
-70182.86319
-69696.2042
-69519.50893
-69187.44279
-69137.40866
-68590.68718
-67824.37371
-66376.60652
-66039.75125
-65588.77921
-65571.07873
-65389.6558
-64961.67836
-63951.02522
-62863.5394
-61071.50073
-60520.1667
-60041.18094
-59784.99603
-59562.86556
-59288.50275
-59257.85456
-59033.27231
-58863.14282
-58483.72631
-58411.22849
-58095.05306
-57186.41369
-56763.1298
-56392.61608
-55672.51392
-55665.54263
-55452.76219
-53747.12568
-52468.97203
-51748.09668
-51617.74094
-51592.86982
-51550.07332
-51433.79684
-51289.04642
-50475.05217
-50247.13274
-49793.4876
-48655.78575
-48201.38265
-48117.30437
-46349.64943
-45750.12668
-44886.17886
-44226.07931
-44125.22132
-43661.3986
-42140.11726
-41932.4909
-41204.98085
-40143.84227
-39228.05297
-39138.26513
-39019.92217
-38482.18319
-38419.52241
-35474.71605
-33974.60445
-32842.65698
-32569.98692
-32272.00473
-30505.82817
-26329.86411
-25249.44526
-24798.10276
-24771.60906
-24492.40426
-22317.88227
-21506.68054
-18546.93028
-16287.3644
