-50421.98462
-50396.4726
-50338.96029
-50273.97343
-50259.03755
-50247.13274
-50241.45649
-50176.61807
-50162.14611
-50087.20769
-50042.51652
-50011.323
-49921.90238
-49825.26766
-49793.4876
-49786.10725
-49773.85251
-49763.09017
-49727.25653
-49664.10174
-49659.92577
-49643.01154
-49516.08489
-49497.14657
-49490.70697
-49473.1627
-49437.28411
-49424.48707
-49396.24677
-49362.84525
-49315.93277
-49270.85171
-49221.74414
-49164.60317
-49099.70323
-49055.34224
-48833.93754
-48813.90037
-48798.96113
-48789.04027
-48772.58126
-48745.45741
-48674.37031
-48655.78575
-48642.35392
-48562.23377
-48418.90112
-48338.00725
-48263.78059
-48232.91563
-48221.8773
-48201.38265
-48197.68314
-48145.21491
-48129.33679
-48118.47677
-48117.30437
-48116.52491
-48088.72684
-48074.26371
-48022.50446
-47833.42698
-47832.28604
-47828.53518
-47820.7124
-47680.23261
-47633.92992
-47629.14854
-47623.74869
-47581.85233
-47564.74517
-47531.94944
-47518.68457
-47495.01365
-47490.81037
-47435.66291
-47340.75912
-47324.14494
-47207.96528
-47202.09614
-47150.06543
-47085.25737
-47068.21924
-47062.31475
-47038.15939
-46966.13209
-46888.35764
-46881.2252
-46855.75693
-46845.36036
-46828.95136
-46816.1566
-46758.05441
-46556.66639
-46552.54769
-46539.92651
-46523.96886
-46508.52316
-46489.7145
-46387.33995
-46349.64943
-46339.05221
-46285.92722
-46281.70303
-46264.97586
-46149.74652
-46038.73379
-46011.85485
-46007.69551
-45979.94584
-45862.16395
-45799.88687
-45753.18715
-45750.12668
-45736.67025
-45646.02696
-45640.5813
-45567.62376
-45563.39081
-45552.54781
-45513.28631
-45506.97979
-45477.39126
-45475.07787
-45467.68605
-45423.52596
-45365.41581
-45325.52236
-45320.59131
-45299.54944
-45296.13794
-45066.61719
-44982.6654
-44954.30372
-44941.1671
-44927.12739
-44924.85503
-44886.17886
-44804.29801
-44803.51092
-44801.21848
-44723.75688
-44586.98189
-44551.08104
-44547.94308
-44545.29199
-44533.32382
-44460.95147
-44448.50078
-44386.90831
-44313.19808
-44226.07931
-44199.04634
-44125.22132
-44109.4989
-44107.76236
-44027.25695
-43965.98469
-43936.54773
-43881.13987
-43806.18843
-43801.10213
-43704.11074
-43661.3986
-43649.22991
-43600.56625
-43575.04202
-43513.81386
-43491.45351
-43411.56668
-43383.55054
-43346.77529
-43216.4689
-43169.2541
-43117.31681
-43052.176
-43018.5792
-43003.85178
-42981.13488
-42817.00691
-42775.7579
-42735.36465
-42704.03477
-42692.125
-42533.42938
-42499.58108
-42477.57534
-42446.77532
-42419.44265
-42405.52323
-42399.87987
-42391.70773
-42374.53993
-42362.90825
-42259.14784
-42165.42834
-42152.05493
-42140.11726
-42128.81005
-42100.86199
-42062.37485
-42055.96531
-41987.53443
-41984.30897
-41963.9112
-41952.91752
-41932.4909
-41866.25483
-41818.20491
-41747.04177
-41721.60259
-41636.86223
-41616.64849
-41581.30148
-41521.01752
-41511.09718
-41449.08289
-41365.18053
-41319.8345
-41222.81127
-41204.98085
-41175.75889
-41174.97079
-41127.13663
-41113.2222
-41100.35813
-40999.83575
-40853.82123
-40840.89168
-40816.02283
-40770.73081
-40769.3677
-40734.44741
-40702.31358
-40632.27082
-40607.00844
-40597.50036
-40520.12033
-40459.37731
-40421.31162
-40405.55568
-40318.13391
-40286.46552
-40184.99594
-40177.48885
-40143.84227
-40056.44345
-40028.61927
-40027.86921
-39946.78002
-39869.09169
-39866.90741
-39865.79639
-39821.75548
-39757.11695
-39662.06418
-39496.03132
-39484.68881
-39439.72887
-39421.60675
-39339.24687
-39266.73889
-39264.09154
-39247.70914
-39228.05297
-39161.55261
-39140.47904
-39138.26513
-39103.35064
-39019.92217
-38858.69567
-38847.11314
-38836.80345
-38739.11662
-38686.55623
-38603.66524
-38599.27612
-38597.45824
-38557.52284
-38507.32253
-38482.18319
-38442.56944
-38419.52241
-38411.47498
-38205.85822
-38159.46107
-38068.90699
-37914.22441
-37858.54173
-37827.05814
-37711.11901
-37671.83112
-37627.27371
-37403.86818
-37377.82643
-37305.81402
-37303.98542
-37283.90232
-37267.38733
-37206.89312
-37173.17026
-37166.45963
-37158.01344
-37149.46866
-36995.74455
-36957.35364
-36884.44294
-36822.03711
-36772.53572
-36759.52174
-36582.56363
-36558.51777
-36476.17499
-36408.91834
-36381.86586
-36266.02776
-36254.55175
-36132.11172
-36087.23171
-36021.47967
-35948.83279
-35911.34087
-35803.52901
-35745.61049
-35607.23732
-35474.71605
-35406.9265
-35266.70331
-35111.92086
-35062.704
-34998.65568
-34997.86234
-34971.90566
-34965.75011
-34949.63838
-34645.89258
-34591.5179
-34545.20513
-34452.1051
-33974.60445
-33964.68118
-33936.59512
-33893.50457
-33853.00443
-33828.50785
-33784.44302
-33603.41737
-33416.37556
-33376.41253
-33374.32081
-33371.20403
-33265.76718
-33248.06173
-33159.21876
-33006.83645
-32969.24823
-32936.53324
-32842.65698
-32798.32859
-32773.84634
-32569.98692
-32533.932
-32406.48795
-32337.98581
-32272.00473
-31941.47784
-31925.19965
-31901.47354
-31897.45077
-31805.39839
-31795.13898
-31775.1965
-31741.87191
-31706.80434
-31685.98819
-31680.8304
-31623.8047
-31615.22228
-31518.23553
-31426.78754
-31214.69039
-31172.55938
-31145.88994
-31031.69156
-31014.4121
-30939.52903
-30924.99496
-30920.11788
-30842.34305
-30778.80231
-30665.39117
-30571.42464
-30505.82817
-30366.32988
-30297.36096
-30191.24945
-30049.84041
-29998.6304
-29852.80769
-29831.34964
-29664.95994
-29502.93867
-29337.79932
-29308.13025
-29216.86188
-29188.72638
-28916.20097
-28724.34445
-28231.03159
-28111.31918
-27891.84302
-27697.07901
-27692.89047
-27115.34188
-27085.13499
-26510.93103
-26347.55155
-26329.86411
-26317.55758
-26132.5013
-26054.97064
-26012.98086
-25916.46681
-25692.99928
-25644.31755
-25430.39676
-25249.44526
-25152.27666
-25125.98026
-25039.63542
-25022.46526
-24975.37903
-24839.84636
-24798.10276
-24771.60906
-24674.999
-24583.61871
-24572.11976
-24492.40426
-24481.62998
-24314.55849
-24256.91603
-24252.59309
-24234.46055
-24102.445
-23882.23124
-23470.00797
-23304.33384
-22675.67003
-22419.90899
-22357.40137
-22317.88227
-22087.83607
-21973.36148
-21774.9692
-21774.20919
-21654.23757
-21506.68054
-21496.73498
-21216.07874
-21189.73656
-20801.2136
-20565.28735
-20343.2569
-19862.67707
-19526.18204
-19418.60983
-19287.64238
-18973.66752
-18690.99011
-18639.10028
-18546.93028
-18435.48192
-18234.53629
-17747.35761
-17578.98037
-17432.8056
-17300.66179
-17176.13455
-16831.67303
-16287.3644
-16043.3191
-15052.4132
-14929.21812
-14392.52291
-14098.56893
-13488.37206
-13261.99152
-13207.85479
-13018.95338
-12690.64998
-11618.01182
-9345.917182
-8763.035124
-8156.075924
-7575.572953
-4833.892586
-3967.52395
-3398.478786
-1338.341526
