-4982.37321
-4969.314301
-4959.334676
-4957.467849
-4954.628196
-4942.957778
-4929.057375
-4928.043335
-4921.657149
-4919.793364
-4907.31381
-4874.181733
-4856.140564
-4852.010525
-4847.823
-4846.094376
-4841.501091
-4833.892586
-4831.708443
-4830.604263
-4818.583236
-4815.200595
-4810.641073
-4798.916604
-4796.504211
-4785.181483
-4780.613643
-4779.867518
-4778.775058
-4774.401647
-4766.869105
-4761.516139
-4753.275163
-4736.946598
-4729.561724
-4722.133278
-4716.614658
-4701.765469
-4690.52225
-4684.109434
-4674.425511
-4664.443852
-4642.901327
-4637.696052
-4624.555426
-4624.39404
-4619.196799
-4617.221125
-4615.986684
-4610.913953
-4597.903433
-4579.481902
-4569.865472
-4539.823941
-4516.364126
-4509.640334
-4506.59001
-4500.053312
-4483.920113
-4481.626823
-4480.941945
-4473.064792
-4452.817002
-4442.543407
-4432.406244
-4431.740262
-4427.148805
-4423.84747
-4423.311392
-4408.423733
-4375.760757
-4370.201933
-4332.479352
-4328.237906
-4324.379089
-4293.337425
-4292.582613
-4286.088122
-4257.267103
-4232.458569
-4228.383552
-4223.1723
-4204.667735
-4189.49263
-4175.979827
-4173.069677
-4169.359392
-4156.026555
-4155.845368
-4152.317762
-4137.974531
-4137.562161
-4132.999571
-4132.569197
-4129.898402
-4109.814215
-4090.738662
-4082.743448
-4068.99665
-4064.659602
-4054.332824
-4048.665872
-4031.52857
-4030.952566
-4028.690362
-3998.19924
-3994.640488
-3991.744738
-3982.176009
-3981.470976
-3967.52395
-3958.004045
-3955.003947
-3937.74441
-3935.556113
-3930.969328
-3923.964776
-3918.191519
-3896.449476
-3887.679101
-3873.283486
-3868.966529
-3858.505164
-3828.506336
-3818.717802
-3816.704755
-3811.122648
-3787.035697
-3773.904102
-3746.53521
-3744.908785
-3736.059346
-3731.548385
-3725.3222
-3714.06516
-3700.74776
-3698.289227
-3696.06356
-3695.067817
-3693.550899
-3691.379987
-3688.905484
-3688.175375
-3687.869434
-3665.164618
-3663.180704
-3659.542831
-3643.825993
-3633.902691
-3617.321908
-3599.155634
-3559.635655
-3546.685295
-3540.807236
-3540.607084
-3529.846074
-3522.040043
-3515.363541
-3506.284743
-3496.983492
-3496.715337
-3481.231348
-3443.857435
-3437.981803
-3432.744993
-3429.624395
-3398.478786
-3393.840681
-3386.564093
-3370.009628
-3359.914223
-3330.834454
-3325.038812
-3321.419241
-3317.061577
-3309.001895
-3295.518497
-3295.373278
-3282.767255
-3282.372891
-3281.343744
-3272.012859
-3264.468798
-3259.921609
-3241.602893
-3229.768257
-3226.348866
-3210.486322
-3206.280823
-3196.37783
-3187.762401
-3184.50949
-3164.583064
-3163.516715
-3158.446975
-3137.146382
-3130.30043
-3119.863536
-3117.431965
-3116.734538
-3113.905239
-3106.561393
-3105.42004
-3103.49334
-3096.664202
-3082.663932
-3066.517979
-3047.452644
-3044.48474
-3034.246049
-3022.246804
-3003.94233
-2993.555194
-2987.377869
-2981.961198
-2978.400674
-2974.145184
-2967.389396
-2954.58508
-2938.612747
-2922.185979
-2915.542571
-2913.043751
-2901.358114
-2883.161947
-2877.320757
-2855.381468
-2852.938314
-2846.75703
-2846.138572
-2838.118941
-2836.303258
-2833.518124
-2828.949068
-2808.061516
-2802.43309
-2798.305144
-2788.071026
-2773.690016
-2769.045443
-2754.242769
-2687.86332
-2682.279404
-2680.368542
-2670.670847
-2653.722256
-2631.822321
-2630.200287
-2629.949496
-2607.589449
-2599.566129
-2589.522581
-2581.388857
-2578.238447
-2561.507794
-2549.251497
-2540.534277
-2534.14135
-2527.599446
-2527.29186
-2514.586307
-2483.201608
-2463.791061
-2460.980399
-2456.61172
-2453.326366
-2442.770785
-2435.767243
-2423.038486
-2418.513397
-2407.07709
-2403.067456
-2384.989998
-2382.751211
-2365.355371
-2362.735273
-2353.735775
-2340.447922
-2332.163941
-2314.422401
-2308.859394
-2300.576974
-2296.344879
-2271.321857
-2255.790693
-2255.306597
-2253.595436
-2243.135896
-2238.173239
-2232.378323
-2230.270239
-2225.780424
-2222.710299
-2211.667214
-2205.643573
-2169.610468
-2166.890037
-2151.98558
-2151.553862
-2139.093385
-2123.335486
-2120.680458
-2117.793818
-2098.360884
-2097.027216
-2096.241151
-2089.639632
-2085.454046
-2079.349217
-2045.521356
-2031.774644
-2020.131929
-2018.036205
-1975.547644
-1953.366537
-1949.46406
-1946.599998
-1938.588255
-1926.545248
-1921.968848
-1896.645029
-1894.329616
-1891.142638
-1883.96389
-1872.344266
-1838.992562
-1837.930904
-1827.799043
-1819.501719
-1809.235701
-1807.877262
-1803.031398
-1791.772685
-1765.138887
-1759.466127
-1755.425724
-1745.260121
-1738.789818
-1736.483461
-1724.504354
-1703.048254
-1699.419911
-1695.904695
-1676.109672
-1668.991988
-1631.069023
-1626.210464
-1625.457241
-1625.002647
-1612.880864
-1612.594597
-1603.788093
-1601.044358
-1592.759504
-1590.02659
-1576.601337
-1572.346625
-1545.847981
-1532.299362
-1523.981776
-1521.861819
-1502.008427
-1496.316708
-1481.623128
-1475.540994
-1459.044892
-1458.094811
-1451.77746
-1451.004499
-1433.650855
-1424.372888
-1422.141689
-1419.370525
-1407.875371
-1395.116401
-1394.803515
-1385.566879
-1379.580139
-1359.498865
-1348.703407
-1338.341526
-1337.291703
-1330.456761
-1311.13738
-1306.435647
-1285.756266
-1279.204009
-1272.521922
-1264.006771
-1257.779079
-1251.045921
-1240.028552
-1231.013853
-1230.741557
-1225.021811
-1222.295249
-1221.808544
-1205.006916
-1199.113978
-1190.47562
-1188.159948
-1165.81447
-1161.477107
-1136.841456
-1121.997808
-1113.722896
-1101.249347
-1095.550477
-1092.010447
-1091.247082
-1090.860765
-1076.058556
-1049.534262
-998.5587452
-997.0896281
-988.5060753
-950.9933044
-924.4527563
-914.1092909
-907.2290346
-897.4353142
-892.3748669
-876.1849228
-844.1862392
-839.0943163
-815.1577631
-782.7319006
-773.8336746
-754.7792897
-747.4101659
-743.4941367
-728.260901
-719.6211436
-711.9471537
-700.8961954
-678.3272391
-656.3253421
-650.6258953
-644.2655354
-643.4688027
-626.1649103
-621.4514283
-612.5822386
-608.1337949
-601.441571
-580.44554
-580.0365589
-569.9965738
-524.5055734
-521.1504275
-512.0323254
-506.0426735
-505.3446501
-503.3037042
-487.9432919
-476.2473164
-470.1199158
-469.6221405
-456.5539482
-451.0365022
-447.8113166
-431.624112
-404.289618
-397.4685417
-394.2379024
-375.6546585
-373.3424351
-368.4885745
-356.0824333
-352.7272225
-344.7673385
-336.0576039
-332.8767376
-318.3987183
-315.2185888
-312.5130788
-302.4273911
-280.4139045
-267.0167985
-265.7663954
-265.6709141
-258.8292023
-255.2475953
-253.9525237
-208.7040571
-207.9734964
-207.2181909
-204.5617584
-199.9407036
-197.9290105
-197.4011221
-194.7841269
-193.3070056
-192.5690064
-187.0349603
-185.706188
-183.3453456
-181.7868229
-174.5700758
-170.2550971
