-308.1880635
-306.9913779
-305.7330196
-305.3484669
-304.912048
-304.8149249
-304.5186792
-304.3473843
-304.220137
-303.7747688
-303.1464377
-302.446853
-302.4273911
-302.1070958
-301.9159219
-300.9886264
-300.6704564
-299.17988
-298.7161162
-298.6320163
-298.5423977
-298.3907889
-298.0019245
-297.6013163
-297.4983094
-297.2667723
-297.0030006
-296.3282666
-295.206565
-294.4272144
-292.9594927
-292.6270841
-292.5613963
-292.5110007
-291.346984
-290.9650091
-290.5567357
-290.2965543
-289.8128478
-289.5178773
-289.1688002
-289.1415278
-288.0623749
-287.2136567
-287.1198814
-287.0294157
-286.8830507
-286.3107014
-285.5080904
-282.8251556
-281.8236196
-281.7947813
-280.8092819
-280.5787985
-280.5739034
-280.5475526
-280.4139045
-280.2509283
-278.6770282
-278.117412
-276.7188956
-276.6482366
-276.5718828
-276.4325912
-276.3280344
-275.498487
-275.0122791
-272.9618362
-272.4560063
-271.8300344
-271.6992008
-271.6388046
-271.5839503
-271.4949786
-271.0575071
-269.6928239
-268.8157816
-268.4398626
-268.1950417
-267.6463576
-267.1401745
-267.0167985
-266.7475219
-266.7142045
-266.2310793
-265.7663954
-265.6709141
-265.461441
-264.9170543
-264.5898695
-262.729681
-261.9308436
-261.572989
-261.479739
-261.3024557
-260.8978165
-259.9085752
-259.8997946
-259.3579691
-258.8292023
-258.702822
-258.3431395
-257.6485714
-257.2537095
-257.2374233
-256.846689
-256.6365909
-256.5690193
-255.9260252
-255.8169188
-255.6110751
-255.2475953
-255.1682809
-254.7863274
-254.5090979
-254.4779483
-254.0037888
-253.9525237
-253.8265056
-253.5483876
-253.3723343
-251.9470262
-251.8866132
-251.5645407
-250.9714623
-250.890814
-249.8066087
-249.4380439
-249.3746163
-249.1170632
-249.1148853
-248.960322
-248.7376043
-248.3406963
-248.1235647
-248.039908
-247.8975093
-247.5373846
-246.0500621
-246.0138218
-245.8302327
-245.7071401
-245.0907122
-245.0714433
-244.9710138
-244.366421
-244.0339892
-243.1710908
-240.6028617
-240.5150408
-239.4089435
-238.4191341
-238.3411892
-237.5603778
-236.5399262
-236.3033586
-236.0528582
-235.2164065
-235.020046
-234.103904
-233.9273891
-233.7026448
-233.6012104
-233.187695
-233.0544236
-232.8773138
-232.7904919
-232.7715058
-232.7022934
-232.6965114
-232.5486343
-232.232303
-232.1522043
-230.6611941
-230.3050398
-230.1068029
-229.9957329
-229.1963824
-228.9889022
-228.4168932
-228.3247021
-227.52313
-225.384551
-225.1971327
-224.4582111
-224.2142565
-224.0570699
-223.7075765
-223.6824728
-223.6760693
-223.3346793
-223.2649079
-222.4939011
-222.3723905
-222.2312497
-222.2120721
-222.1071118
-221.1462081
-220.6882789
-219.2578732
-218.080897
-217.946442
-216.7627491
-216.4328926
-215.5281445
-215.2843461
-214.9968195
-214.644936
-214.1186438
-213.4833886
-213.0399832
-212.9849839
-212.663394
-212.6162047
-212.509413
-212.4159659
-212.3003946
-211.9187921
-211.6500983
-210.5075286
-210.3456205
-209.1154337
-209.0529112
-208.7238684
-208.7089991
-208.7040571
-208.2781562
-208.1772018
-207.9734964
-207.7277728
-207.4923909
-207.4197348
-207.2181909
-207.0270838
-206.9344482
-206.8535269
-206.704831
-206.66594
-206.3445826
-205.9445367
-205.5084201
-205.4233429
-205.369171
-205.0499624
-204.8232073
-204.6456907
-204.5631271
-204.5617584
-203.8887027
-203.88235
-203.3446828
-203.1056474
-202.9099732
-202.2986009
-202.1994655
-201.7639411
-201.6262688
-201.6183538
-201.4174804
-201.1584433
-200.812598
-200.5735684
-200.5311623
-200.4436617
-200.4259914
-200.0873238
-200.048242
-199.9407036
-199.7788018
-199.7297456
-199.467948
-199.143813
-199.0602522
-198.8465291
-198.6028403
-198.5543165
-198.508234
-197.9290105
-197.8363136
-197.5689493
-197.4727138
-197.4491167
-197.4011221
-197.3753592
-197.3018146
-197.2659387
-196.9776204
-196.8236808
-196.7491092
-196.353281
-196.2531847
-196.0234896
-195.9407805
-195.9085295
-195.3619934
-195.2574798
-194.7846829
-194.7841269
-194.6453266
-194.5726615
-194.3386619
-194.2685977
-194.0661357
-193.9538466
-193.8586058
-193.7087315
-193.5882016
-193.5853936
-193.4834966
-193.3070056
-193.0112492
-192.9453509
-192.6407975
-192.615138
-192.5690064
-192.5089723
-192.3352834
-192.2103857
-191.6003189
-191.5761304
-191.4729569
-191.4046993
-191.3591375
-191.2979773
-191.2849444
-191.279111
-191.153204
-191.0739659
-191.0097777
-190.783236
-190.6200698
-190.5637859
-190.4057214
-190.3432152
-190.2984517
-189.8916955
-189.8708419
-189.8594153
-189.7395769
-189.5898857
-189.4176414
-189.3259648
-189.0727544
-188.9683607
-188.9580249
-188.8908164
-188.3864771
-188.3411525
-188.2755202
-188.1990308
-187.9330831
-187.8359931
-187.7736234
-187.6065319
-187.3714311
-187.2915616
-187.1557946
-187.1513201
-187.1244556
-187.080446
-187.0529881
-187.0349603
-186.9618725
-186.7948606
-186.7652065
-186.7133296
-186.374037
-186.253485
-186.035466
-185.8676776
-185.8549372
-185.8494942
-185.7598897
-185.7284668
-185.706188
-185.7033837
-185.5254982
-185.5033319
-185.3741769
-184.8975619
-184.8889657
-184.81797
-184.6687092
-184.6038071
-184.5293643
-184.4584993
-184.4473077
-184.388168
-183.9857155
-183.933738
-183.8371532
-183.6271776
-183.5963841
-183.5767774
-183.4430404
-183.346581
-183.3453456
-182.9906868
-182.6724293
-182.6402465
-182.5412297
-182.1413399
-182.1121354
-181.9958403
-181.9569161
-181.9457035
-181.8565224
-181.8479883
-181.7868229
-181.778459
-181.7222817
-181.6717124
-181.6528208
-181.5190597
-181.3465289
-181.3305257
-181.3247266
-181.0563425
-180.8542793
-180.8308529
-180.6815549
-180.5150691
-180.4777532
-180.2859805
-180.2424651
-180.2212083
-180.1737981
-179.9943861
-179.9744306
-179.9022342
-179.8333171
-179.7616928
-179.7498926
-179.7460322
-179.7376348
-179.5276784
-179.4410368
-179.3977938
-179.3125191
-179.088964
-178.9573447
-178.9205126
-178.900045
-178.8566127
-178.8347787
-178.6692343
-178.5166603
-178.4407112
-178.2134104
-178.0880855
-178.0631857
-178.0431735
-178.0270201
-178.0261428
-177.5597143
-177.5287756
-177.5075731
-177.4314173
-177.3605729
-177.22259
-177.1702865
-177.0949011
-176.7587415
-176.7475822
-176.515212
-175.9701809
-175.8670481
-175.8084194
-175.8017302
-175.5684594
-175.3140849
-175.1853277
-175.1005912
-174.9665937
-174.8539311
-174.8039035
-174.7766608
-174.75269
-174.7393081
-174.6732583
-174.618671
-174.5700758
-174.5338466
-174.3563514
-174.3532947
-174.2275249
-174.1617776
-173.8682833
-173.8579106
-173.7576806
-173.4988653
-173.3582212
-173.1162618
-172.9394844
-171.7076555
-171.1491808
-170.9962192
-170.2550971
-170.2292128
-166.3844943
