-58411.22849
-58332.16314
-58320.15048
-58314.56092
-58266.06247
-58263.56429
-58156.28505
-58095.05306
-58054.2396
-57982.11264
-57892.99244
-57752.34969
-57746.62708
-57699.24068
-57663.46685
-57663.22546
-57647.55121
-57633.7008
-57607.98497
-57543.86593
-57297.14815
-57249.77596
-57217.96609
-57186.41369
-57096.61645
-57004.0425
-56998.6302
-56981.65778
-56835.73306
-56763.1298
-56664.51151
-56590.75969
-56420.99486
-56392.61608
-56304.59772
-56196.10017
-56137.37624
-56125.49043
-56125.39158
-56055.65175
-55882.00512
-55807.76242
-55761.70536
-55729.10452
-55679.5461
-55672.51392
-55665.54263
-55651.64318
-55602.89972
-55557.08276
-55540.15867
-55496.86896
-55452.76219
-55446.84509
-55443.87024
-55361.50871
-55276.78396
-55251.18231
-55248.83845
-55185.79204
-55128.91312
-55084.40417
-54998.91505
-54867.19567
-54793.04123
-54636.35412
-54602.58184
-54551.20465
-54503.88639
-54489.42733
-54488.79473
-54360.67793
-54322.27433
-54321.53194
-54171.68921
-54149.57486
-54091.15803
-54084.9172
-54019.69042
-54009.79171
-53979.45903
-53776.96078
-53747.12568
-53625.80756
-53614.78231
-53559.31126
-53276.91746
-53257.1013
-53243.67898
-53097.91352
-53048.81888
-53000.54272
-52969.50766
-52909.26938
-52875.09344
-52829.23714
-52799.42159
-52713.46352
-52516.95286
-52468.97203
-52383.84057
-52371.22972
-52339.44779
-52261.76599
-52031.97561
-52029.59542
-51841.53035
-51767.9732
-51762.18836
-51748.09668
-51718.71908
-51705.98656
-51617.74094
-51592.86982
-51588.95179
-51550.07332
-51441.12884
-51433.79684
-51410.45719
-51326.37255
-51311.88832
-51289.04642
-51261.02265
-51231.41567
-51174.48528
-51121.54243
-51067.3049
-50945.07183
-50933.27803
-50886.95315
-50781.15418
-50683.75832
-50663.12797
-50638.28399
-50574.95506
-50498.79528
-50477.46076
-50475.05217
-50425.0788
-50396.4726
-50338.96029
-50259.03755
-50247.13274
-50241.45649
-50162.14611
-50087.20769
-50011.323
-49921.90238
-49825.26766
-49793.4876
-49786.10725
-49773.85251
-49763.09017
-49727.25653
-49664.10174
-49659.92577
-49490.70697
-49437.28411
-49424.48707
-49396.24677
-49362.84525
-49315.93277
-49270.85171
-49164.60317
-49099.70323
-49055.34224
-48833.93754
-48813.90037
-48798.96113
-48789.04027
-48772.58126
-48745.45741
-48655.78575
-48418.90112
-48338.00725
-48263.78059
-48232.91563
-48201.38265
-48145.21491
-48129.33679
-48117.30437
-48116.52491
-48088.72684
-48074.26371
-48022.50446
-47833.42698
-47832.28604
-47828.53518
-47820.7124
-47629.14854
-47564.74517
-47531.94944
-47518.68457
-47495.01365
-47340.75912
-47324.14494
-47207.96528
-47202.09614
-47150.06543
-47085.25737
-47068.21924
-47062.31475
-46966.13209
-46888.35764
-46881.2252
-46855.75693
-46828.95136
-46556.66639
-46539.92651
-46523.96886
-46508.52316
-46489.7145
-46349.64943
-46339.05221
-46264.97586
-46038.73379
-46011.85485
-46007.69551
-45979.94584
-45799.88687
-45750.12668
-45736.67025
-45646.02696
-45640.5813
-45552.54781
-45513.28631
-45477.39126
-45475.07787
-45467.68605
-45423.52596
-45365.41581
-45325.52236
-44954.30372
-44924.85503
-44886.17886
-44801.21848
-44723.75688
-44551.08104
-44547.94308
-44545.29199
-44533.32382
-44460.95147
-44448.50078
-44313.19808
-44226.07931
-44125.22132
-44109.4989
-44107.76236
-44027.25695
-43965.98469
-43881.13987
-43801.10213
-43704.11074
-43661.3986
-43649.22991
-43600.56625
-43575.04202
-43513.81386
-43491.45351
-43383.55054
-43346.77529
-43169.2541
-43052.176
-43018.5792
-43003.85178
-42981.13488
-42817.00691
-42775.7579
-42704.03477
-42692.125
-42533.42938
-42477.57534
-42446.77532
-42419.44265
-42405.52323
-42399.87987
-42391.70773
-42374.53993
-42362.90825
-42259.14784
-42165.42834
-42140.11726
-42128.81005
-42100.86199
-42062.37485
-42055.96531
-41987.53443
-41952.91752
-41932.4909
-41866.25483
-41818.20491
-41747.04177
-41721.60259
-41636.86223
-41616.64849
-41521.01752
-41511.09718
-41449.08289
-41365.18053
-41319.8345
-41204.98085
-41174.97079
-41127.13663
-41113.2222
-41100.35813
-40999.83575
-40853.82123
-40840.89168
-40816.02283
-40770.73081
-40769.3677
-40734.44741
-40702.31358
-40632.27082
-40597.50036
-40459.37731
-40421.31162
-40405.55568
-40184.99594
-40143.84227
-40028.61927
-40027.86921
-39869.09169
-39865.79639
-39821.75548
-39757.11695
-39662.06418
-39496.03132
-39484.68881
-39439.72887
-39339.24687
-39266.73889
-39264.09154
-39247.70914
-39228.05297
-39161.55261
-39140.47904
-39138.26513
-39019.92217
-38858.69567
-38836.80345
-38686.55623
-38603.66524
-38597.45824
-38557.52284
-38507.32253
-38482.18319
-38442.56944
-38419.52241
-38411.47498
-38205.85822
-38159.46107
-37827.05814
-37711.11901
-37627.27371
-37403.86818
-37377.82643
-37305.81402
-37303.98542
-37283.90232
-37267.38733
-37206.89312
-37166.45963
-37158.01344
-36995.74455
-36957.35364
-36884.44294
-36772.53572
-36408.91834
-36087.23171
-36021.47967
-35911.34087
-35803.52901
-35745.61049
-35607.23732
-35474.71605
-35406.9265
-35111.92086
-34998.65568
-34997.86234
-34971.90566
-34965.75011
-34949.63838
-34645.89258
-34545.20513
-33974.60445
-33964.68118
-33893.50457
-33853.00443
-33784.44302
-33603.41737
-33416.37556
-33376.41253
-33374.32081
-33371.20403
-33265.76718
-33248.06173
-33159.21876
-33006.83645
-32969.24823
-32936.53324
-32842.65698
-32773.84634
-32569.98692
-32533.932
-32272.00473
-31941.47784
-31901.47354
-31897.45077
-31805.39839
-31795.13898
-31706.80434
-31680.8304
-31623.8047
-31615.22228
-31518.23553
-31426.78754
-31214.69039
-31145.88994
-31031.69156
-31014.4121
-30939.52903
-30924.99496
-30842.34305
-30665.39117
-30571.42464
-30505.82817
-30366.32988
-30049.84041
-29852.80769
-29664.95994
-29502.93867
-29337.79932
-29308.13025
-29216.86188
-29188.72638
-28724.34445
-28231.03159
-27891.84302
-27697.07901
-27115.34188
-27085.13499
-26347.55155
-26329.86411
-26317.55758
-26132.5013
-25916.46681
-25692.99928
-25644.31755
-25249.44526
-25152.27666
-25125.98026
-25022.46526
-24798.10276
-24771.60906
-24583.61871
-24572.11976
-24492.40426
-24481.62998
-24314.55849
-24256.91603
-24252.59309
-24234.46055
-24102.445
-23882.23124
-23304.33384
-22675.67003
-22357.40137
-22317.88227
-21774.9692
-21774.20919
-21654.23757
-21506.68054
-21496.73498
-21189.73656
-20801.2136
-20343.2569
-19862.67707
-19287.64238
-18973.66752
-18639.10028
-18546.93028
-18234.53629
-17747.35761
-17578.98037
-17432.8056
-16287.3644
-16043.3191
-14392.52291
-14098.56893
-13261.99152
-13207.85479
-13018.95338
-12690.64998
-11618.01182
-9345.917182
-8156.075924
-4833.892586
-3967.52395
-1338.341526
