-172.8844516
-172.8820125
-172.8724771
-172.8713592
-172.8696398
-172.8589744
-172.8549288
-172.8539036
-172.8426713
-172.8421407
-172.8147323
-172.8127913
-172.81244
-172.812048
-172.807903
-172.8051657
-172.7902093
-172.7894313
-172.7872661
-172.7819871
-172.7501668
-172.7489458
-172.7454552
-172.744858
-172.7334311
-172.7316417
-172.7314227
-172.7286418
-172.7210163
-172.7170794
-172.7155442
-172.7145656
-172.7144916
-172.7111877
-172.7102397
-172.6992035
-172.6840781
-172.6756459
-172.6711051
-172.6660514
-172.6628057
-172.6430276
-172.6426286
-172.628736
-172.6202619
-172.6143561
-172.6118549
-172.6008467
-172.5944934
-172.5930265
-172.5854538
-172.5824535
-172.5700619
-172.5696867
-172.5641008
-172.5587592
-172.5545674
-172.5525137
-172.5496072
-172.5330132
-172.5294028
-172.5288844
-172.525304
-172.5186109
-172.5126686
-172.5120943
-172.5085233
-172.5010664
-172.4992784
-172.4985392
-172.498212
-172.4940479
-172.4922011
-172.4884262
-172.4849534
-172.4828838
-172.4778925
-172.4769345
-172.473728
-172.4670486
-172.4585181
-172.4327305
-172.4124443
-172.4086718
-172.396167
-172.3689956
-172.3638955
-172.3620829
-172.3513717
-172.3480676
-172.3473564
-172.3387623
-172.3329843
-172.3319141
-172.3225353
-172.3001016
-172.2859794
-172.2813496
-172.2765309
-172.2691915
-172.2670647
-172.2652797
-172.2643073
-172.2565775
-172.2555979
-172.2526317
-172.2518762
-172.2511706
-172.2271343
-172.2267555
-172.1932536
-172.1838628
-172.1766602
-172.1747926
-172.1733312
-172.1664805
-172.158576
-172.1553126
-172.1508661
-172.1396367
-172.1279987
-172.1265449
-172.1126354
-172.1010966
-172.0975223
-172.0940093
-172.0785427
-172.0629703
-172.0411452
-172.0397683
-172.0379556
-172.0316559
-172.0073388
-172.0061231
-171.9983992
-171.9896651
-171.9886624
-171.9838693
-171.9815326
-171.9800007
-171.9728546
-171.9655768
-171.9642014
-171.9593289
-171.9507468
-171.9499493
-171.9419895
-171.9329608
-171.9254478
-171.9169767
-171.9124951
-171.908716
-171.8849043
-171.8776986
-171.8628493
-171.8584379
-171.8453775
-171.8435024
-171.8381832
-171.8247046
-171.8244811
-171.8204082
-171.8033066
-171.8012472
-171.7968725
-171.7901585
-171.7777846
-171.7693091
-171.7644907
-171.7609698
-171.7599356
-171.754957
-171.7526376
-171.7510629
-171.7443547
-171.7423487
-171.7277163
-171.7134051
-171.7076555
-171.7059036
-171.7015089
-171.6972066
-171.6716107
-171.67052
-171.6641833
-171.6632965
-171.6579307
-171.6534724
-171.6524036
-171.6418639
-171.6407486
-171.6345272
-171.6239407
-171.6183142
-171.6156528
-171.6097529
-171.6051354
-171.5990677
-171.5956335
-171.5865502
-171.5706149
-171.5661944
-171.5608726
-171.5592145
-171.5359282
-171.5339169
-171.5205257
-171.5179202
-171.514127
-171.5135757
-171.4942059
-171.469386
-171.4660587
-171.4648297
-171.4571825
-171.4569206
-171.4443714
-171.4329559
-171.4251124
-171.4203995
-171.4148186
-171.406458
-171.3850995
-171.380574
-171.3648248
-171.3634043
-171.360636
-171.3563659
-171.3538871
-171.3481318
-171.3417278
-171.3353553
-171.3270238
-171.3251504
-171.3104998
-171.3014998
-171.295881
-171.2886975
-171.2830314
-171.2759389
-171.2675279
-171.2669007
-171.2651156
-171.2632136
-171.2617731
-171.2467796
-171.2369393
-171.2186511
-171.214425
-171.2115572
-171.1925409
-171.1896468
-171.1827419
-171.1643121
-171.1626242
-171.1609664
-171.1491808
-171.1257828
-171.1252053
-171.1241753
-171.1194407
-171.0933789
-171.092439
-171.0875498
-171.0844537
-171.0809738
-171.0659658
-171.0556278
-171.0176947
-171.017467
-171.0159776
-171.0154229
-171.0038531
-170.9993467
-170.9962192
-170.9841234
-170.9791794
-170.9589609
-170.9572883
-170.9433561
-170.9425213
-170.9392617
-170.9344339
-170.9335004
-170.9008662
-170.8964402
-170.8883072
-170.8573326
-170.8456606
-170.8429014
-170.8416747
-170.8334873
-170.8316227
-170.8125359
-170.8115508
-170.8017584
-170.7978718
-170.7960641
-170.7684019
-170.7606316
-170.7589329
-170.7527897
-170.7309895
-170.7260639
-170.6893786
-170.6879809
-170.6843135
-170.6824343
-170.6699535
-170.6687672
-170.6668343
-170.6628793
-170.6580743
-170.651129
-170.6458294
-170.6414382
-170.6331977
-170.6054036
-170.5789336
-170.5711664
-170.5686052
-170.5579188
-170.544723
-170.5414383
-170.5412624
-170.5389677
-170.5268166
-170.5193267
-170.5112266
-170.5018508
-170.4727317
-170.4705511
-170.4642733
-170.4453276
-170.4441816
-170.4384114
-170.4308173
-170.4188092
-170.4090182
-170.4041741
-170.3683413
-170.3657237
-170.3617246
-170.3614209
-170.3462682
-170.313417
-170.299278
-170.2990225
-170.2714842
-170.2697378
-170.2586877
-170.2550971
-170.2532537
-170.2292128
-170.1984825
-170.1953756
-170.163106
-170.1208616
-170.109913
-170.0989688
-170.0795791
-170.0657076
-170.0614538
-170.0566905
-170.0514965
-170.0331803
-170.0096072
-170.0086111
-170.0068293
-170.0053694
-169.989384
-169.9650995
-169.96143
-169.9549427
-169.9463597
-169.9377574
-169.9002676
-169.8993289
-169.8896051
-169.886841
-169.8736554
-169.8517937
-169.8468133
-169.8459331
-169.8260764
-169.8259962
-169.8121343
-169.8105986
-169.7521685
-169.7186347
-169.7134538
-169.6726683
-169.6486672
-169.639102
-169.6203649
-169.6160734
-169.5813112
-169.5694073
-169.5556176
-169.5465426
-169.541429
-169.5335719
-169.5204705
-169.511068
-169.484406
-169.4321087
-169.4265975
-169.4183241
-169.4139969
-169.329308
-169.3235095
-169.3076099
-169.3013285
-169.2876781
-169.1715381
-169.1473481
-169.1459189
-169.1278044
-169.1208992
-169.1126885
-169.0887866
-169.0233574
-168.9955192
-168.9940602
-168.9693631
-168.9417935
-168.915218
-168.9148435
-168.8805403
-168.8506895
-168.8485746
-168.8384395
-168.8050468
-168.784005
-168.7492123
-168.7142655
-168.7048534
-168.6979689
-168.6365262
-168.6107182
-168.6000118
-168.5674253
-168.5558052
-168.523468
-168.5218369
-168.5031131
-168.4920098
-168.3510174
-168.2715488
-168.234559
-168.2312486
-168.1645489
-168.1569759
-168.1545415
-168.136378
-168.1157269
-168.1077481
-168.0198354
-168.0191459
-168.0061054
-167.9602518
-167.8964493
-167.8841808
-167.7794409
-167.7673652
-167.7392422
-167.738108
-167.6517213
-167.5486071
-167.5289555
-167.5057198
-167.5002729
-167.4891216
-167.4303624
-167.3943566
-167.3349912
-167.307847
-167.2640916
-167.1286686
-167.110297
-167.0868353
-167.072451
-167.0605372
-167.0327802
-167.0224653
-166.6410846
-166.6087629
-166.4974578
-166.4866751
-166.4717114
-166.4529194
-166.3844943
-166.3408195
-166.3185678
-166.2724426
-166.1061379
-166.0259952
-165.174871
-165.048461
-164.7605273
