-76.07510443
-73.31327176
-72.81090378
-71.50639913
-70.26867083
-69.92986167
-69.38579938
-68.72700608
-67.94882533
-67.3721731
-67.28469296
-66.81525614
-66.42014745
-65.99606002
-65.70392947
-65.21293298
-65.03500252
-64.8718224
-64.68908359
-64.3442584
-64.08695983
-63.78509456
-63.63854863
-63.56297568
-63.53478052
-62.87235251
-62.78788607
-62.74429489
-62.56455457
-62.20069946
-62.10146056
-62.08470216
-61.79321664
-61.4374075
-61.09445354
-60.99168811
-60.88542048
-60.72178753
-60.6693824
-60.50604376
-60.44048825
-60.37789024
-60.28776194
-60.1754299
-59.73382561
-59.50486037
-59.44548255
-59.11025415
-58.97304192
-58.97016313
-58.95269426
-58.92192047
-58.72092821
-58.71195624
-58.68068556
-58.62849679
-58.62266622
-58.54774969
-58.45899862
-58.4476423
-58.35169121
-58.3491681
-58.33660808
-58.31976145
-58.20321171
-58.19904454
-58.1473155
-57.99714428
-57.98895206
-57.94898704
-57.90342926
-57.88444309
-57.86927502
-57.78482136
-57.78073723
-57.76137545
-57.75768922
-57.6471774
-57.63295502
-57.60884387
-57.60437966
-57.45144973
-57.4287002
-57.42314446
-57.29979503
-57.10372783
-57.05977581
-57.01766805
-57.00974652
-56.99666455
-56.91950053
-56.69526001
-56.61664063
-56.61491392
-56.32778149
-56.3135625
-56.29062345
-56.26641612
-56.20008898
-56.19900306
-56.19171516
-56.17525258
-56.14160667
-56.10159753
-56.08724804
-56.07992889
-56.06614069
-56.02269668
-56.0154822
-56.01540847
-55.99638739
-55.99407595
-55.95593907
-55.95198337
-55.94139754
-55.92679823
-55.92598449
-55.91935693
-55.90529132
-55.82154567
-55.80849488
-55.78814731
-55.76425219
-55.74663182
-55.72684396
-55.72306656
-55.6681097
-55.65290767
-55.64735197
-55.64138811
-55.62856704
-55.62121309
-55.59975499
-55.58955072
-55.58075724
-55.56120169
-55.54485414
-55.53584368
-55.53434685
-55.52914666
-55.50744015
-55.50725178
-55.48534882
-55.47115225
-55.45468705
-55.44402784
-55.43387467
-55.43249074
-55.41499315
-55.40157307
-55.39948652
-55.38747205
-55.37355759
-55.36728712
-55.33325937
-55.28248847
-55.28243311
-55.27415167
-55.26983529
-55.25727035
-55.24226392
-55.22960185
-55.22894899
-55.20667578
-55.20168116
-55.20129194
-55.20110148
-55.19667871
-55.18403177
-55.17733392
-55.17435238
-55.16635726
-55.15438029
-55.15416236
-55.15181604
-55.13965649
-55.12789282
-55.12188168
-55.11491953
-55.09584108
-55.08543554
-55.084372
-55.08304384
-55.07134085
-55.06626409
-55.03172448
-55.01356502
-55.01223479
-54.99927957
-54.99757719
-54.99672493
-54.99344867
-54.96806387
-54.95597268
-54.94596038
-54.94386251
-54.93441616
-54.9315916
-54.92833103
-54.921105
-54.91769461
-54.91025877
-54.90798919
-54.88297651
-54.87837266
-54.87240765
-54.87200105
-54.86883811
-54.86813758
-54.8500058
-54.84918405
-54.84715402
-54.84078398
-54.8319345
-54.81596862
-54.81033871
-54.80870497
-54.80659536
-54.80581531
-54.79969579
-54.79698569
-54.78679625
-54.78026389
-54.77414533
-54.77325293
-54.76778779
-54.76466719
-54.7575769
-54.75421743
-54.74639586
-54.74033061
-54.73972417
-54.7152928
-54.71297817
-54.71115862
-54.70631237
-54.70324191
-54.70179186
-54.69449052
-54.69356067
