-54.69261716
-54.69210662
-54.68953256
-54.68208536
-54.67834341
-54.67651662
-54.67264626
-54.67055297
-54.66101462
-54.66066999
-54.64712907
-54.64608544
-54.62969498
-54.62314593
-54.6180817
-54.61461076
-54.61276192
-54.60919533
-54.59681926
-54.59542448
-54.58430377
-54.57722437
-54.57305834
-54.57253535
-54.56657722
-54.5637347
-54.56181895
-54.54623151
-54.5458484
-54.54285909
-54.53948246
-54.53361017
-54.53166227
-54.53007666
-54.52708155
-54.52683185
-54.51925704
-54.51879965
-54.51794375
-54.51080775
-54.50184695
-54.50084176
-54.5001113
-54.49795943
-54.48934837
-54.48922985
-54.48754885
-54.48590244
-54.48202224
-54.47530931
-54.46777678
-54.46361074
-54.456279
-54.44958279
-54.44852267
-54.43911905
-54.42784346
-54.42086822
-54.41325506
-54.40459143
-54.40128134
-54.39167787
-54.38719785
-54.38718369
-54.3867665
-54.38323409
-54.35631556
-54.34660715
-54.34161417
-54.33975726
-54.32510048
-54.32030301
-54.3198607
-54.29696825
-54.27677317
-54.272319
-54.27127952
-54.25716787
-54.25101923
-54.21258514
-54.2053335
-54.17331513
-54.16225856
-54.14632307
-54.1170077
-54.10922356
-54.1064459
-54.08119772
-54.00902046
-53.97902581
-53.97165337
-53.95159374
-53.94607262
-53.93187713
-53.8110599
-53.7958537
-53.69782279
-53.69146746
-53.52408849
-53.37337751
