-76.0751
-73.3133
-72.8109
-71.5064
-70.2687
-69.9299
-69.3858
-68.727
-67.9488
-67.3722
-67.2847
-66.8153
-66.4201
-65.9961
-65.7039
-65.2129
-65.035
-64.8718
-64.6891
-64.3443
-64.087
-63.7851
-63.6385
-63.563
-63.5348
-62.8724
-62.7879
-62.7443
-62.5646
-62.2007
-62.1015
-62.0847
-61.7932
-61.4374
-61.0945
-60.9917
-60.8854
-60.7218
-60.6694
-60.506
-60.4405
-60.3779
-60.2878
-60.1754
-59.7338
-59.5049
-59.4455
-59.1103
-58.973
-58.9702
-58.9527
-58.9219
-58.7209
-58.712
-58.6807
-58.6285
-58.6227
-58.5477
-58.459
-58.4476
-58.3517
-58.3492
-58.3366
-58.3198
-58.2032
-58.199
-58.1473
-57.9971
-57.989
-57.949
-57.9034
-57.8844
-57.8693
-57.7848
-57.7807
-57.7614
-57.7577
-57.6472
-57.633
-57.6088
-57.6044
-57.4514
-57.4287
-57.4231
-57.2998
-57.1037
-57.0598
-57.0177
-57.0097
-56.9967
-56.9195
-56.6953
-56.6166
-56.6149
-56.3278
-56.3136
-56.2906
-56.2664
-56.2001
-56.199
-56.1917
-56.1753
-56.1416
-56.1016
-56.0872
-56.0799
-56.0661
-56.0227
-56.0155
-56.0154
-55.9964
-55.9941
-55.9559
-55.952
-55.9414
-55.9268
-55.926
-55.9194
-55.9053
-55.8215
-55.8085
-55.7881
-55.7643
-55.7466
-55.7268
-55.7231
-55.6681
-55.6529
-55.6474
-55.6414
-55.6286
-55.6212
-55.5998
-55.5896
-55.5808
-55.5612
-55.5449
-55.5358
-55.5343
-55.5291
-55.5074
-55.5073
-55.4853
-55.4712
-55.4547
-55.444
-55.4339
-55.4325
-55.415
-55.4016
-55.3995
-55.3875
-55.3736
-55.3673
-55.3333
-55.2825
-55.2824
-55.2742
-55.2698
-55.2573
-55.2423
-55.2296
-55.2289
-55.2067
-55.2017
-55.2013
-55.2011
-55.1967
-55.184
-55.1773
-55.1744
-55.1664
-55.1544
-55.1542
-55.1518
-55.1397
-55.1279
-55.1219
-55.1149
-55.0958
-55.0854
-55.0844
-55.083
-55.0713
-55.0663
-55.0317
-55.0136
-55.0122
-54.9993
-54.9976
-54.9967
-54.9934
-54.9681
-54.956
-54.946
-54.9439
-54.9344
-54.9316
-54.9283
-54.9211
-54.9177
-54.9103
-54.908
-54.883
-54.8784
-54.8724
-54.872
-54.8688
-54.8681
-54.85
-54.8492
-54.8472
-54.8408
-54.8319
-54.816
-54.8103
-54.8087
-54.8066
-54.8058
-54.7997
-54.797
-54.7868
-54.7803
-54.7741
-54.7733
-54.7678
-54.7647
-54.7576
-54.7542
-54.7464
-54.7403
-54.7397
-54.7153
-54.713
-54.7112
-54.7063
-54.7032
-54.7018
-54.6945
-54.6936
-54.6926
-54.6921
-54.6895
-54.6821
-54.6783
-54.6765
-54.6726
-54.6706
-54.661
-54.6607
-54.6471
-54.6461
-54.6297
-54.6231
-54.6181
-54.6146
-54.6128
-54.6092
-54.5968
-54.5954
-54.5843
-54.5772
-54.5731
-54.5725
-54.5666
-54.5637
-54.5618
-54.5462
-54.5458
-54.5429
-54.5395
-54.5336
-54.5317
-54.5301
-54.5271
-54.5268
-54.5193
-54.5188
-54.5179
-54.5108
-54.5018
-54.5008
-54.5001
-54.498
-54.4893
-54.4892
-54.4875
-54.4859
-54.482
-54.4753
-54.4678
-54.4636
-54.4563
-54.4496
-54.4485
-54.4391
-54.4278
-54.4209
-54.4133
-54.4046
-54.4013
-54.3917
-54.3872
-54.3872
-54.3868
-54.3832
-54.3563
-54.3466
-54.3416
-54.3398
-54.3251
-54.3203
-54.3199
-54.297
-54.2768
-54.2723
-54.2713
-54.2572
-54.251
-54.2126
-54.2053
-54.1733
-54.1623
-54.1463
-54.117
-54.1092
-54.1064
-54.0812
-54.009
-53.979
-53.9717
-53.9516
-53.9461
-53.9319
-53.8111
-53.7959
-53.6978
-53.6915
-53.5241
-53.3734
