1.44066 
1.36944 
1.50316 
1.21936 
1.26848 
1.36507 
1.42872 
1.28412 
1.47888 
1.10787 
1.02339 
1.04484 
1.40325 
1.17322 
1.01051 
1.5004 
1.27506 
1.27283 
1.05639 
1.43149 
1.18694 
1.08308 
1.48448 
1.10388 
1.51877 
1.14564 
1.06649 
1.36285 
1.06145 
1.38586 
1.32458 
1.17608 
1.21654 
1.40861 
1.12407 
1.32813 
1.19198 
1.33859 
1.34973 
1.259 
1.49902 
1.20078 
1.12713 
1.3539 
1.11913 
1.32931 
1.36126 
1.37216 
1.50682 
1.04416 
1.06055 
1.11848 
1.08566 
1.09041 
1.3424 
1.19045 
1.32232 
1.47006 
1.15842 
1.24393 
1.13095 
1.08747 
1.04156 
1.18244 
1.39248 
1.21981 
1.07847 
1.03459 
1.39422 
1.19341 
1.08417 
1.12109 
1.31623 
1.38074 
1.4917 
1.40206 
1.07813 
1.31888 
1.27733 
1.40188 
1.47274 
1.48791 
1.29924 
1.09461 
1.50322 
1.27051 
1.10863 
1.11558 
1.48203 
1.15103 
1.34083 
1.07092 
1.25027 
1.28864 
1.17805 
1.35003 
1.4896 
1.07565 
1.27327 
1.19594 
1.19611 
1.21499 
1.12009 
1.05007 
1.41508 
1.33847 
1.11514 
1.24314 
1.24905 
1.47282 
1.38297 
1.25308 
1.31646 
1.23863 
1.05215 
1.1938 
1.30963 
1.21178 
1.41255 
1.44413 
1.2262 
1.07656 
1.36664 
1.19954 
1.41295 
1.29716 
1.40038 
1.47883 
1.15052 
1.44297 
1.51051 
1.30558 
1.31536 
1.31536 
1.05357 
1.33932 
1.14081 
1.36517 
1.44438 
1.30454 
1.1581 
1.15015 
1.26114 
1.37483 
1.16516 
1.09735 
1.38765 
1.30965 
1.10474 
1.19833 
1.21872 
1.19365 
1.24318 
1.27649 
1.13945 
1.4421 
1.15141 
1.48191 
1.17316 
1.11486 
1.25732 
1.41553 
1.12292 
1.486 
1.16564 
1.20416 
1.21337 
1.49847 
1.31764 
1.35827 
1.03564 
1.09776 
1.12798 
1.12787 
1.35952 
1.35131 
1.41924 
1.14081 
1.16249 
1.40754 
1.44979 
1.16943 
1.43106 
1.29507 
1.47607 
1.31094 
1.47125 
1.31934 
1.01614 
1.4113 
1.38331 
1.14365 
1.12735 
1.21144 
1.296 
1.29623 
1.17848 
1.41248 
1.42704 
1.13389 
1.48592 
1.29014 
1.36857 
1.16813 
1.23636 
1.40933 
1.51072 
1.0573 
1.12451 
1.27024 
1.40249 
1.14404 
1.50043 
1.19932 
1.41438 
1.17927 
1.22858 
1.29396 
1.06785 
1.23246 
1.16986 
1.43841 
1.27832 
1.14914 
1.41824 
1.08674 
1.2941 
1.44201 
1.46277 
1.07294 
1.41323 
1.15241 
1.26116 
1.41218 
1.40985 
1.10718 
1.22589 
1.34005 
1.27122 
1.53806 
1.36539 
1.15739 
1.15871 
1.29621 
1.169 
1.37736 
1.1079 
1.14239 
1.35683 
1.15392 
1.27816 
1.17947 
1.23609 
1.37932 
1.16032 
0.98613 
1.38061 
1.16115 
1.48324 
1.16573 
1.37313 
1.29103 
1.17759 
1.08656 
1.12198 
1.29002 
1.15857 
1.33617 
1.3091 
1.1938 
1.11269 
1.28747 
1.12348 
1.31069 
1.40853 
1.11867 
1.21748 
1.38659 
1.34966 
1.03519 
1.27475 
1.43361 
1.21525 
1.0525 
1.29113 
1.05999 
1.13174 
1.26849 
1.24334 
1.37611 
1.22288 
1.34606 
1.08644 
1.10646 
1.33508 
1.21209 
1.2409 
1.2797 
1.41747 
1.21628 
1.30466 
1.25908 
1.15391 
1.10745 
1.33193 
1.40746 
1.18487 
1.33611 
1.34448 
1.14384 
1.42736 
1.23748 
1.04012 
1.14145 
1.34664 
1.20766 
1.50361 
1.39891 
1.11173 
1.23283 
1.16429 
1.36575 
1.43724 
1.2038 
1.32597 
1.27831 
1.14933 
1.05279 
1.06875 
1.19443 
1.42302 
1.40351 
1.34852 
1.09037 
1.28627 
1.07002 
1.14418 
1.12226 
1.44136 
1.34959 
1.34663 
1.30472 
1.18354 
1.07211 
1.15919 
1.48882 
1.45252 
1.35531 
1.14117 
1.15981 
1.54998 
1.41977 
1.22151 
1.27753 
1.25131 
1.36188 
1.13723 
1.45275 
1.10249 
1.11887 
1.0175 
1.35328 
1.31268 
1.35403 
1.251 
1.12361 
1.47869 
1.44797 
1.24279 
1.13421 
1.43044 
1.17354 
1.47553 
1.23298 
1.22966 
1.46115 
1.36924 
1.05503 
1.07514 
1.44686 
1.08026 
1.25872 
1.22136 
1.25629 
1.12685 
1.26115 
1.3451 
1.11093 
1.12469 
1.22048 
1.45588 
1.19266 
1.20982 
1.34224 
1.08433 
1.41316 
1.35634 
1.16481 
1.29044 
1.39999 
1.37559 
1.41639 
1.27212 
1.27445 
1.4417 
1.38021 
1.35053 
1.41687 
1.20309 
1.21615 
1.28308 
1.27195 
1.07472 
1.3423 
1.19976 
1.15211 
1.32781 
1.41071 
1.29227 
1.16969 
1.29558 
1.07695 
1.542 
1.20495 
1.11309 
1.33096 
1.22482 
1.10384 
1.14562 
1.45346 
1.10877 
1.4039 
1.28918 
1.12912 
1.21599 
1.26026 
1.24425 
1.28018 
1.31061 
1.20216 
1.34099 
1.44885 
1.35824 
1.40187 
1.19495 
1.16801 
1.11535 
1.2845 
1.32607 
1.31812 
1.25928 
1.22061 
1.31046 
1.19808 
1.19712 
1.17942 
1.27176 
1.3781 
1.27668 
1.1267 
1.30954 
1.21409 
1.00576 
1.11694 
1.21798 
1.22985 
1.14056 
1.30738 
1.16145 
1.40695 
1.28107 
1.31632 
1.25539 
1.44033 
1.36741 
1.48652 
1.32958 
1.26646 
1.0951 
1.13484 
1.2926 
1.39065 
1.07397 
1.15962 
1.20423 
1.43771 
1.12365 
1.37359 
1.42255 
1.33914 
1.46648 
1.15356 
1.27398 
1.34406 
1.40673 
1.18975 
1.08832 
1.1826 
1.24645 
1.41194 
1.14933 
1.18784 
1.23693 
1.24903 
1.28027 
1.24899 
1.22963 
1.25545 
1.44074 
1.27621 
1.47123 
1.21219 
1.49224 
1.23634 
1.29199 
1.24533 
1.22738 
1.27754 
1.22212 
1.11161 
1.45189 
1.14765 
1.10352 
1.21262 
1.42972 
1.42647 
1.34074 
1.07362 
1.2715 
1.4962 
1.4966 
1.23195 
1.32275 
1.22985 
1.37034 
1.33237 
1.34969 
1.42106 
1.25966 
1.21405 
1.11927 
1.37557 
1.22969 
1.38116 
1.49152 
1.12783 
1.40055 
1.27851 
1.30536 
1.24375 
1.30977 
1.32687 
1.43693 
1.35927 
1.17868 
1.41927 
1.35714 
1.2565 
1.40138 
1.31475 
1.21654 
1.25229 
1.37915 
1.36399 
1.26774 
1.29645 
1.16448 
1.18492 
1.26669 
1.17941 
1.38007 
1.17454 
1.30022 
1.31383 
1.32875 
1.181 
1.15952 
1.18721 
1.30458 
1.46452 
1.39927 
1.44709 
1.34285 
1.36824 
1.28303 
1.42564 
1.25098 
1.20611 
1.44322 
1.31634 
1.34314 
1.43813 
1.22909 
1.02939 
1.20033 
1.21787 
1.26841 
1.46645 
1.1728 
1.21996 
1.38715 
1.08812 
1.16494 
1.20727 
1.44956 
1.11846 
1.44115 
1.32101 
1.4019 
1.39146 
1.24551 
1.2365 
1.36495 
1.30206 
1.38027 
1.35091 
1.37352 
1.39506 
1.12297 
1.27363 
1.10674 
1.296 
1.29135 
1.16697 
1.19013 
1.17131 
1.42497 
1.1146 
1.1085 
1.12521 
1.32483 
1.10753 
1.20414 
1.35737 
1.34088 
1.32236 
1.41334 
1.0859 
1.17059 
1.30914 
1.24121 
1.1409 
1.3072 
1.20477 
1.30719 
1.22283 
1.28217 
1.23219 
1.37102 
1.42479 
1.11697 
1.1693 
1.4072 
1.47185 
1.05417 
1.12866 
1.08708 
1.35838 
1.34854 
1.16235 
1.22726 
1.44406 
1.17704 
1.13672 
1.0885 
1.26571 
1.33399 
1.15357 
1.18196 
1.28295 
1.39275 
1.19426 
1.12518 
1.35486 
1.23731 
1.07464 
1.43661 
1.38637 
1.28335 
1.19872 
1.36593 
1.3823 
1.09562 
1.24102 
1.31301 
1.45143 
1.17429 
1.2513 
1.07432 
1.29986 
1.42184 
1.40032 
1.41613 
1.15417 
1.41269 
1.23024 
1.15057 
1.22358 
1.2508 
1.44028 
1.33395 
1.21738 
1.1688 
1.25994 
1.16427 
1.25833 
1.18509 
1.24771 
1.20588 
1.40489 
1.30505 
1.14657 
1.24824 
1.19457 
1.21019 
1.18403 
1.36767 
1.26222 
1.24098 
1.14542 
1.40319 
1.27728 
1.34216 
1.42924 
1.33776 
1.22237 
1.42865 
1.20696 
1.13096 
1.23207 
1.45314 
1.29293 
1.47506 
1.33424 
1.1198 
1.16467 
1.33926 
1.11851 
1.42795 
1.12224 
1.30944 
1.26019 
1.38767 
1.31699 
1.11395 
1.1809 
1.18174 
1.36214 
1.16031 
1.11944 
1.2629 
1.26489 
1.50086 
1.32631 
1.23311 
1.18512 
1.23311 
1.14466 
1.2406 
1.47799 
1.33163 
1.31337 
1.18844 
1.464 
1.2597 
1.28478 
1.33608 
1.05965 
1.15459 
1.3196 
1.31373 
1.13568 
1.2818 
1.34652 
1.21753 
1.2441 
1.26127 
1.29677 
1.26404 
1.1951 
1.28743 
1.39214 
1.31265 
1.38316 
1.37355 
1.05165 
1.17057 
1.10783 
1.32305 
1.2655 
1.35145 
1.0872 
1.24835 
1.46043 
1.23936 
1.30574 
1.15138 
1.24586 
1.26609 
1.48225 
1.27117 
1.356 
1.34004 
1.28393 
1.27423 
1.29077 
1.25124 
1.24621 
1.24745 
1.45035 
1.34296 
1.19267 
1.34484 
1.23093 
1.29252 
1.27317 
1.31967 
1.44202 
1.28128 
1.11198 
1.27344 
1.3964 
1.13325 
1.16974 
1.46563 
1.27406 
1.25454 
1.24034 
1.05006 
1.12598 
1.23528 
1.19132 
1.3268 
1.23944 
1.21895 
1.22593 
1.16723 
1.40249 
1.28055 
1.31833 
1.3475 
1.28972 
1.20664 
1.44331 
1.18978 
1.1111 
1.31125 
1.3941 
1.31347 
1.27406 
1.41417 
1.23485 
1.24085 
1.16775 
1.18178 
1.16893 
1.38238 
1.35293 
1.24715 
1.11965 
1.17448 
1.31772 
1.38687 
1.25772 
1.19451 
1.21576 
1.16447 
1.18276 
1.17754 
1.24273 
1.32201 
1.30005 
1.37258 
1.1952 
1.27508 
1.19316 
1.31308 
1.25917 
1.18636 
1.2272 
1.19043 
1.16096 
1.11018 
1.37252 
1.23453 
1.2288 
1.28355 
1.14997 
1.11676 
1.2705 
1.24895 
1.46853 
1.22764 
1.22237 
1.07545 
1.16739 
1.1453 
1.14859 
1.33591 
1.27137 
1.32499 
1.23905 
1.23644 
1.1669 
1.27445 
1.40725 
1.22388 
1.38372 
1.29168 
1.20837 
1.09843 
1.42667 
1.32133 
1.22031 
1.31127 
1.31968 
1.50194 
1.13137 
1.2035 
1.3319 
1.33293 
1.35697 
1.31277 
1.18084 
1.11555 
1.32275 
1.314 
1.1701 
1.16858 
1.48303 
1.16431 
1.09156 
1.27486 
1.35482 
1.21854 
1.07339 
1.28556 
1.27365 
1.40131 
1.29777 
1.1752 
1.2257 
1.2161 
1.33606 
1.29665 
1.23171 
1.29504 
1.22171 
1.30476 
1.30614 
1.26001 
1.2554 
1.28249 
1.17598 
1.21313 
1.39158 
1.31794 
1.37015 
1.28093 
1.35324 
1.29937 
1.25079 
1.23764 
1.2512 
1.24374 
1.29654 
1.11741 
1.18752 
1.13615 
1.33455 
1.18855 
1.35179 
1.28273 
1.37501 
1.23051 
1.3148 
1.259 
1.28893 
1.27775 
1.14925 
1.3092 
1.30735 
1.2139 
1.20704 
1.23156 
1.2515 
1.39152 
1.19108 
1.35995 
1.39532 
1.36781 
1.24681 
1.22167 
1.29227 
1.12919 
1.26615 
1.31132 
1.29605 
1.31613 
1.2137 
