1.65123 
1.67481 
1.49998 
1.04048 
1.50027 
0.943319 
0.970456 
0.99689 
0.971444 
1.13731 
1.67548 
1.03672 
1.05681 
1.65893 
0.975221 
1.01257 
1.4975 
1.58588 
1.52783 
1.56029 
0.970527 
1.00848 
1.0175 
1.0348 
1.60167 
1.60107 
1.0592 
1.54041 
1.14024 
1.58132 
0.899813 
0.966678 
1.04414 
1.21705 
1.50134 
1.62504 
1.1405 
0.997407 
1.46405 
0.939751 
0.977384 
1.087 
1.53566 
1.18857 
1.03946 
1.54118 
0.997143 
1.03547 
1.6416 
0.967287 
1.39207 
1.37672 
1.0378 
1.01225 
1.00598 
1.52396 
1.04332 
1.47468 
0.990877 
1.03831 
1.10106 
0.973947 
1.53714 
1.06726 
1.56577 
1.06178 
1.56792 
1.48961 
1.54858 
1.08643 
1.45711 
1.62981 
0.959826 
1.52218 
0.969689 
1.18592 
1.52203 
1.0531 
1.51664 
1.00083 
1.00478 
1.53479 
1.52348 
1.07007 
1.53144 
1.54746 
0.939108 
1.01818 
1.19865 
1.09682 
1.60171 
1.52121 
1.4868 
1.5961 
1.51025 
1.58155 
1.05424 
1.5484 
1.59722 
1.05593 
1.49482 
1.02532 
1.61632 
1.49571 
1.11665 
1.54714 
1.02316 
1.03945 
1.00571 
1.52885 
1.011 
1.48736 
0.975475 
1.03748 
1.14663 
0.986039 
1.0836 
1.06349 
1.24731 
1.41635 
1.16919 
1.64666 
1.56197 
1.48445 
1.65026 
1.20413 
1.5158 
1.53211 
1.50433 
1.37876 
1.05232 
1.01179 
1.56413 
1.03152 
1.05541 
1.14424 
1.25446 
1.47458 
1.39442 
1.02682 
0.992096 
1.14002 
1.04699 
1.574 
1.55251 
1.01238 
1.41913 
1.53794 
1.5094 
1.62564 
0.969598 
1.53016 
1.04224 
1.49119 
1.42476 
1.34558 
1.098 
1.5102 
1.05371 
0.980075 
1.08074 
1.49167 
0.941103 
1.47555 
1.11201 
1.45508 
1.49075 
1.03897 
1.5881 
1.49501 
1.55924 
1.17605 
1.20097 
1.52933 
1.03651 
1.44467 
1.47689 
1.04908 
1.59395 
1.02862 
1.41633 
1.37478 
1.0773 
1.06771 
1.41733 
1.06378 
1.03097 
1.12277 
1.53552 
1.12768 
1.01258 
0.983626 
1.11783 
1.60267 
1.39787 
1.43801 
1.48475 
1.14836 
0.982731 
1.31865 
1.03013 
1.47628 
1.50933 
1.44887 
1.57686 
1.0447 
1.50624 
1.44274 
1.49588 
1.58182 
1.3415 
1.43897 
1.51394 
1.52218 
1.08856 
1.14534 
1.47219 
1.43247 
1.09983 
1.16345 
1.05165 
1.56861 
1.42537 
1.39739 
0.999119 
1.09209 
0.977197 
1.29527 
1.06935 
1.07347 
1.45104 
1.08229 
1.45451 
1.16267 
1.39157 
1.45705 
1.00766 
1.08712 
1.07677 
1.10799 
1.17651 
1.07617 
1.45864 
1.56164 
1.50252 
1.24443 
1.41806 
1.51037 
1.09111 
1.11601 
1.4567 
1.30129 
1.61218 
1.54381 
1.52597 
1.10297 
1.51109 
1.5758 
1.42874 
1.03211 
1.59779 
1.5069 
1.54393 
1.24675 
1.43071 
1.102 
1.07176 
1.21094 
1.54876 
1.42646 
1.49532 
1.1529 
1.4232 
0.991033 
1.41742 
1.06016 
1.05138 
1.49782 
1.11088 
1.09799 
1.21207 
1.23608 
1.1459 
1.16126 
1.54723 
1.25806 
1.08975 
1.38248 
1.05318 
1.52655 
1.26084 
1.50347 
1.1048 
1.14994 
1.1014 
1.0526 
0.995354 
1.14094 
1.06452 
1.10098 
1.07592 
1.36225 
1.55559 
1.5191 
1.36074 
1.12194 
1.12204 
1.51017 
1.35522 
1.44726 
1.2476 
1.16405 
1.09083 
1.52766 
1.32141 
1.33063 
1.53203 
1.14863 
1.50009 
1.4545 
1.27028 
1.24057 
1.39441 
1.20442 
1.26097 
1.10226 
1.12925 
1.14531 
1.04653 
1.04977 
1.33307 
1.45688 
1.44942 
1.30973 
1.14334 
1.54914 
1.17113 
1.06867 
1.06059 
0.997721 
1.41071 
1.18003 
1.36147 
1.07752 
1.20828 
1.03308 
1.47241 
1.05209 
1.03009 
1.09078 
1.46354 
1.29515 
1.55805 
1.15267 
1.11727 
1.24909 
1.02867 
1.49237 
1.11889 
1.3327 
1.57334 
1.37051 
1.17247 
1.13535 
1.10854 
1.11056 
1.50649 
1.51697 
1.07387 
1.17352 
1.20052 
1.09138 
1.13608 
1.22291 
1.4151 
1.4774 
1.06512 
1.45525 
1.13089 
1.49334 
1.45139 
1.39376 
1.39799 
1.18134 
1.1159 
1.60086 
1.20188 
1.24911 
1.10365 
1.10358 
1.37145 
1.1278 
1.55382 
1.24175 
1.06953 
1.08731 
1.08005 
1.42418 
1.19092 
1.13208 
1.15175 
1.03535 
1.48133 
1.16574 
1.18407 
1.29461 
1.10483 
1.43695 
1.15156 
1.47154 
1.09084 
1.19334 
1.2548 
1.40969 
1.2918 
1.14285 
1.44843 
1.22137 
1.21052 
1.21245 
1.04514 
1.22509 
1.45035 
1.09026 
1.08662 
1.45151 
1.14343 
1.24024 
0.97457 
1.32233 
1.18149 
1.0474 
1.17217 
1.47195 
1.47228 
1.45109 
1.4201 
1.09464 
1.55335 
1.1945 
1.25203 
1.45442 
1.26321 
1.05241 
1.27834 
1.20316 
1.08468 
1.05646 
1.07862 
1.35608 
1.15483 
1.38994 
1.1397 
1.36533 
1.20233 
1.36734 
1.34111 
1.41127 
1.4004 
1.19945 
1.08314 
1.36256 
1.07837 
1.14453 
1.06702 
1.16529 
1.42019 
1.36927 
1.1269 
1.40717 
1.03926 
1.41715 
1.44607 
1.45809 
1.28275 
1.38551 
1.08828 
1.38409 
1.10632 
1.44026 
1.42687 
1.46972 
1.11013 
1.27312 
1.23539 
1.44679 
1.46378 
1.08336 
1.12127 
1.38654 
1.42008 
1.48827 
1.33004 
1.4151 
1.26111 
1.44671 
1.07262 
1.36657 
1.07678 
1.21492 
1.16845 
1.24641 
1.43097 
1.45407 
1.44551 
1.17066 
1.5145 
1.19697 
1.39572 
1.34998 
1.56965 
1.05848 
1.1125 
1.31968 
1.14422 
1.09921 
1.20188 
1.3097 
1.50316 
1.21936 
1.47888 
1.17322 
1.5004 
1.27506 
1.05639 
1.43149 
1.18694 
1.51877 
1.14564 
1.06649 
1.36285 
1.38586 
1.32458 
1.17608 
1.40861 
1.259 
1.49902 
1.12713 
1.11913 
1.32931 
1.50682 
1.08566 
1.09041 
1.19045 
1.13095 
1.08747 
1.18244 
1.39248 
1.07847 
1.03459 
1.19341 
1.12109 
1.31623 
1.4917 
1.40206 
1.07813 
1.29924 
1.11558 
1.48203 
1.15103 
1.07092 
1.17805 
1.35003 
1.4896 
1.27327 
1.19594 
1.21499 
1.05007 
1.41508 
1.33847 
1.24314 
1.24905 
1.38297 
1.25308 
1.31646 
1.23863 
1.05215 
1.1938 
1.30963 
1.21178 
1.44413 
1.36664 
1.19954 
1.29716 
1.15052 
1.44297 
1.30558 
1.31536 
1.31536 
1.05357 
1.33932 
1.26114 
1.37483 
1.16516 
1.09735 
1.10474 
1.19833 
1.19365 
1.13945 
1.48191 
1.12292 
1.486 
1.16564 
1.20416 
1.21337 
1.31764 
1.35827 
1.12787 
1.35131 
1.41924 
1.40754 
1.44979 
1.16943 
1.29507 
1.31094 
1.47125 
1.01614 
1.12735 
1.296 
1.29623 
1.17848 
1.41248 
1.42704 
1.48592 
1.23636 
1.40933 
1.17927 
1.22858 
1.29396 
1.23246 
1.27832 
1.08674 
1.2941 
1.44201 
1.46277 
1.07294 
1.41323 
1.15241 
1.41218 
1.34005 
1.27122 
1.53806 
1.169 
1.37736 
1.1079 
1.14239 
1.27816 
1.23609 
1.37932 
0.98613 
1.16573 
1.37313 
1.29103 
1.15857 
1.33617 
1.28747 
1.21748 
1.27475 
1.43361 
1.0525 
1.05999 
1.26849 
1.37611 
1.10646 
1.33508 
1.2409 
1.2797 
1.21628 
1.33193 
1.18487 
1.33611 
1.23748 
1.34664 
1.20766 
1.50361 
1.11173 
1.23283 
1.16429 
1.32597 
1.19443 
1.42302 
1.40351 
1.28627 
1.34959 
1.34663 
1.30472 
1.18354 
1.45252 
1.35531 
1.22151 
1.27753 
1.25131 
1.36188 
1.13723 
1.45275 
1.10249 
1.11887 
1.47869 
1.47553 
1.23298 
1.22966 
1.46115 
1.05503 
1.25872 
1.22136 
1.25629 
1.12685 
1.3451 
1.12469 
1.20982 
1.41316 
1.16481 
1.29044 
1.41639 
1.27212 
1.4417 
1.38021 
1.41687 
1.20309 
1.28308 
1.27195 
1.07472 
1.3423 
1.32781 
1.29227 
1.07695 
1.542 
1.33096 
1.22482 
1.14562 
1.4039 
1.21599 
1.26026 
1.24425 
1.31061 
1.20216 
1.34099 
1.35824 
1.40187 
1.19495 
1.11535 
1.2845 
1.31812 
1.19712 
1.17942 
1.00576 
1.11694 
1.21798 
1.14056 
1.40695 
1.28107 
1.25539 
1.44033 
1.48652 
1.13484 
1.2926 
1.15962 
1.12365 
1.42255 
1.33914 
1.15356 
1.40673 
1.18975 
1.08832 
1.1826 
1.14933 
1.22963 
1.47123 
1.21219 
1.49224 
1.29199 
1.24533 
1.22738 
1.22212 
1.11161 
1.14765 
1.10352 
1.42972 
1.07362 
1.4962 
1.4966 
1.23195 
1.32275 
1.22985 
1.34969 
1.21405 
1.11927 
1.40055 
1.30536 
1.30977 
1.32687 
1.43693 
1.35927 
1.41927 
1.31475 
1.21654 
1.25229 
1.36399 
1.26774 
1.29645 
1.16448 
1.26669 
1.17454 
1.30022 
1.32875 
1.46452 
1.28303 
1.42564 
1.25098 
1.31634 
1.22909 
1.20033 
1.21787 
1.26841 
1.21996 
1.20727 
1.44956 
1.11846 
1.44115 
1.24551 
1.38027 
1.39506 
1.12297 
1.10674 
1.29135 
1.17131 
1.42497 
1.1085 
1.12521 
1.32483 
1.10753 
1.20414 
1.35737 
1.34088 
1.41334 
1.0859 
1.17059 
1.30914 
1.3072 
1.28217 
1.23219 
1.37102 
1.42479 
1.11697 
1.4072 
1.47185 
1.05417 
1.35838 
1.34854 
1.22726 
1.17704 
1.13672 
1.26571 
1.33399 
1.18196 
1.19426 
1.19872 
1.09562 
1.31301 
1.17429 
1.07432 
1.29986 
1.41613 
1.15417 
1.41269 
1.22358 
1.2508 
1.44028 
1.21738 
1.25833 
1.18509 
1.24771 
1.20588 
1.24824 
1.21019 
1.14542 
1.27728 
1.22237 
1.20696 
1.45314 
1.33424 
1.16467 
1.11851 
1.12224 
1.30944 
1.38767 
1.26489 
1.32631 
1.18512 
1.14466 
1.47799 
1.31337 
1.18844 
1.28478 
1.3196 
1.31373 
1.34652 
1.21753 
1.29677 
1.26404 
1.1951 
1.28743 
1.05165 
1.32305 
1.35145 
1.23936 
1.30574 
1.15138 
1.24586 
1.26609 
1.48225 
1.27117 
1.356 
1.25124 
1.34296 
1.34484 
1.29252 
1.27317 
1.31967 
1.44202 
1.28128 
1.3964 
1.27406 
1.25454 
1.24034 
1.12598 
1.3268 
1.23944 
1.21895 
1.28055 
1.31833 
1.20664 
1.18978 
1.1111 
1.31125 
1.41417 
1.23485 
1.24085 
1.16447 
1.30005 
1.1952 
1.27508 
1.18636 
1.37252 
1.23453 
1.14997 
1.11676 
1.2705 
1.46853 
1.22764 
1.22237 
1.07545 
1.16739 
1.1453 
1.14859 
1.33591 
1.1669 
1.40725 
1.22388 
1.38372 
1.29168 
1.20837 
1.09843 
1.32133 
1.22031 
1.31127 
1.3319 
1.31277 
1.11555 
1.32275 
1.48303 
1.16431 
1.09156 
1.35482 
1.07339 
1.27365 
1.40131 
1.2257 
1.29665 
1.23171 
1.2554 
1.17598 
1.29937 
1.23764 
1.33455 
1.18855 
1.35179 
1.28273 
1.23051 
1.259 
1.28893 
1.30735 
1.2139 
1.23156 
1.2515 
1.36781 
1.24681 
1.29227 
1.26615 
1.31613 
