-61.80342094
-61.80047595
-61.79549113
-61.78135358
-61.78056313
-61.75437709
-61.74703118
-61.742129
-61.70737174
-61.69676016
-61.67133292
-61.65946786
-61.65180969
-61.64495295
-61.63453247
-61.63335288
-61.62010251
-61.58632684
-61.56754994
-61.56170465
-61.52275722
-61.52212709
-61.51186665
-61.50479734
-61.49531943
-61.49283066
-61.48036136
-61.47962201
-61.43991533
-61.43748322
-61.4330155
-61.40850265
-61.39534839
-61.3868125
-61.38506645
-61.38090728
-61.37824865
-61.35741372
-61.35371959
-61.34997253
-61.34559777
-61.33881
-61.3330884
-61.3309148
-61.30654744
-61.29279442
-61.2787634
-61.25747342
-61.25603245
-61.25349853
-61.23941027
-61.20534778
-61.19956509
-61.18103421
-61.1713239
-61.16246575
-61.14213146
-61.08021637
-61.07296389
-61.03046909
-61.00714885
-61.00686818
-61.00238271
-61.00061863
-60.98164238
-60.97275338
-60.96576627
-60.94923468
-60.94454586
-60.9285498
-60.89159943
-60.87392899
-60.86887754
-60.86566212
-60.83957563
-60.80202593
-60.76532712
-60.75660606
-60.75459622
-60.7520744
-60.75111132
-60.73419805
-60.6928009
-60.62851574
-60.62754776
-60.61581063
-60.61341934
-60.5646547
-60.56322349
-60.54676583
-60.54463602
-60.52790862
-60.51965209
-60.51546714
-60.50808409
-60.49638947
-60.48003235
-60.46877159
-60.46694569
-60.46029931
-60.45461365
-60.44718327
-60.44704344
-60.44697336
-60.43651969
-60.42255079
-60.42043121
-60.39940573
-60.39549205
-60.38191595
-60.36843163
-60.28720503
-60.2839414
-60.27459733
-60.27382976
-60.25635366
-60.25607074
-60.22980589
-60.21157974
-60.2091262
-60.17128555
-60.16416081
-60.14933695
-60.14739363
-60.13786764
-60.1347813
-60.12055634
-60.11327055
-60.10590821
-60.06143961
-60.0584208
-60.03258328
-60.02173469
-60.01224887
-60.00528582
-60.00225366
-59.99723474
-59.99274535
-59.97972479
-59.97584666
-59.95489489
-59.94650153
-59.94317758
-59.92311936
-59.91990964
-59.91572729
-59.89710912
-59.87461306
-59.87319086
-59.8621687
-59.8593748
-59.84391091
-59.83653306
-59.81878876
-59.81200472
-59.80739042
-59.7845082
-59.7820826
-59.7502091
-59.74918822
-59.73788377
-59.71261407
-59.69196924
-59.65903149
-59.63656792
-59.62917156
-59.60060395
-59.59051808
-59.55409147
-59.54231883
-59.54213349
-59.54131085
-59.53787277
-59.5373176
-59.53671401
-59.53346507
-59.49050574
-59.48818476
-59.48091302
-59.47574597
-59.45857844
-59.44849074
-59.44720251
-59.44195183
-59.4280129
-59.39235157
-59.38916231
-59.36969919
-59.35582296
-59.34089568
-59.33905476
-59.28566992
-59.28470525
-59.27569265
-59.26481527
-59.26336894
-59.25573467
-59.1923609
-59.19160063
-59.19044118
-59.18877867
-59.18031226
-59.17925608
-59.15573212
-59.15572067
-59.12989204
-59.11760014
-59.10953781
-59.10657074
-59.09378074
-59.06880418
-59.04959319
-59.03766933
-58.99834548
-58.99305648
-58.96878677
-58.92921188
-58.92875882
-58.91700632
-58.91305311
-58.90995899
-58.90478966
-58.87287352
-58.85618682
-58.84788837
-58.83983037
-58.82451157
-58.82138728
-58.80228709
-58.79980129
-58.77372065
-58.76559769
-58.75744772
-58.73706006
-58.72251311
-58.72231963
-58.71365551
-58.69559174
-58.68888894
-58.68113081
-58.66786291
-58.66030252
-58.64185356
-58.62537117
-58.62011664
-58.61967233
-58.59617339
-58.56413463
-58.54605104
-58.51815523
-58.51293244
-58.49814222
-58.49366309
-58.48202404
-58.47459195
-58.46598491
-58.45374041
-58.45371688
-58.45300744
-58.44990166
-58.44333715
-58.42939414
-58.42841366
-58.4220551
-58.40937578
-58.40677077
-58.40256522
-58.39956518
-58.39807274
-58.38868579
-58.37382292
-58.35559429
-58.35465215
-58.34805186
-58.3454273
-58.33073336
-58.33059087
-58.31158297
-58.30066235
-58.29858661
-58.28920016
-58.27745921
-58.2573809
-58.25185167
-58.24279406
-58.20508603
-58.19856529
-58.17083087
-58.16331979
-58.15922179
-58.15617548
-58.15574416
-58.15441995
-58.14674918
-58.14548948
-58.13900801
-58.11894622
-58.11031288
-58.09483335
-58.07335386
-58.05751511
-58.0442892
-58.04219005
-58.03379506
-58.02870804
-58.01803413
-58.01179753
-58.00719433
-57.98983308
-57.98886661
-57.98220942
-57.97704414
-57.96280366
-57.9533592
-57.95090102
-57.95043049
-57.93723505
-57.93204252
-57.93084665
-57.92891263
-57.91945921
-57.91892141
-57.91660139
-57.91476765
-57.91175908
-57.90841401
-57.90130716
-57.90058122
-57.89908915
-57.89873732
-57.8951148
-57.84923634
-57.83872033
-57.83430157
-57.81863263
-57.8138009
-57.809449
-57.80148606
-57.79962504
-57.79417523
-57.78374095
-57.7794708
-57.7634246
-57.76175468
-57.76066752
-57.75909959
-57.75823286
-57.75783174
-57.7509655
-57.74928039
-57.7447025
-57.72921021
-57.72121525
-57.7113311
-57.70645337
-57.70457322
-57.70208961
-57.70197106
-57.68097306
-57.6692977
-57.66694762
-57.6590367
-57.64780841
-57.64629917
-57.64518912
-57.63510068
-57.62923316
-57.62537094
-57.6221772
-57.61109488
-57.59868418
-57.58507641
-57.58446372
-57.5693996
-57.5573537
-57.55441295
-57.54018862
-57.53989137
-57.53974347
-57.5359974
-57.52891412
-57.50887184
-57.49578715
-57.47801179
-57.47077802
-57.46790781
-57.46449932
-57.45401648
-57.43867713
-57.436272
-57.43417061
-57.39698537
-57.39604737
-57.39152724
-57.38269893
-57.36100935
-57.36045283
-57.35254839
-57.33252842
-57.31668593
-57.31103874
-57.31086466
-57.30874141
-57.29999265
-57.29693994
-57.28996292
-57.28390663
-57.27870496
-57.27258346
-57.26639999
-57.25854715
-57.24760419
-57.24640549
-57.24566982
-57.23819941
-57.23732549
-57.20989946
-57.19000107
-57.18879559
-57.16743584
-57.16140887
-57.15737095
-57.15117581
-57.15094875
-57.12364542
-57.11891248
-57.1111273
-57.11081134
-57.10531413
-57.10136826
-57.09995025
-57.08974211
-57.08439383
-57.0803286
-57.07740675
-57.07711951
-57.0709918
-57.06834293
-57.05904902
-57.05838974
-57.03758973
-57.02995874
-57.02886928
-57.01589985
-57.00882747
-56.99163772
-56.98897505
-56.98764249
-56.98143401
-56.9789889
-56.96311973
-56.95291354
-56.95089028
-56.92324578
-56.91697028
-56.899875
-56.89655439
-56.89528573
-56.89443972
-56.88596645
-56.88509844
-56.88134059
-56.87247424
-56.87208606
-56.85828735
-56.83816973
-56.82871383
-56.80669094
-56.80136959
-56.79997367
-56.78448833
-56.77466124
-56.77355114
-56.76895963
-56.75674358
-56.75493639
-56.75051994
-56.74626902
-56.74195513
-56.7359075
-56.73193868
-56.7227141
-56.71868942
-56.71090699
-56.70852029
-56.68708745
-56.68611449
-56.68381702
-56.66644839
-56.65408691
-56.64624927
-56.64128654
-56.63565958
-56.62390181
-56.60374659
-56.5968337
-56.59485435
-56.59078031
-56.58045124
-56.56411236
-56.55751852
-56.55409029
-56.55223201
-56.54336616
-56.53643999
-56.522751
-56.51712851
-56.50899986
-56.4913447
-56.48626131
-56.48061908
-56.47351634
-56.47240846
-56.47148582
-56.46524468
-56.45977534
-56.45840042
-56.45001284
-56.4446949
-56.43930128
-56.43160219
-56.43094932
-56.42301314
-56.41396076
-56.39905391
-56.38569275
-56.37742041
-56.3748739
-56.37144564
-56.35035817
-56.35027865
-56.33391695
-56.32897313
-56.32782259
-56.32339561
-56.31313034
-56.29611021
-56.29574111
-56.28365887
-56.28341506
-56.27970538
-56.27842733
-56.27064837
-56.2643739
-56.26068558
-56.25223383
-56.25001018
-56.24986669
-56.24477061
-56.24107001
-56.23809939
-56.22627505
-56.20888994
-56.20772059
-56.20750154
-56.20570279
-56.2039226
-56.19628561
-56.19066314
-56.18883437
-56.16846421
-56.16191438
-56.16114743
-56.1580376
-56.15749244
-56.15639415
-56.15053727
-56.14968348
-56.14308074
-56.14274295
-56.14273791
-56.13554239
-56.13327751
-56.12844571
-56.11389488
-56.10881834
-56.09985597
-56.09846454
-56.07313745
-56.07134286
-56.06932686
-56.0601194
-56.05970958
-56.05644805
-56.05061599
-56.04414993
-56.02536163
-56.02407867
-56.0143552
-56.01113958
-56.01085387
-56.00391687
-55.99775044
-55.99011435
-55.98539375
-55.98330052
-55.98062744
-55.98006903
-55.9765791
-55.97123717
-55.97004111
-55.96608676
-55.96604979
-55.96172036
-55.95561164
-55.94642741
-55.94093526
-55.93873279
-55.92160105
-55.91900177
-55.91564453
-55.89911971
-55.89741265
-55.89314766
-55.88961112
-55.88164557
-55.87831659
-55.87350621
-55.85973985
-55.85279437
-55.85257994
-55.85160663
-55.84477689
-55.84438465
-55.83727753
-55.83026169
-55.82987604
-55.82652056
-55.81622453
-55.81176123
-55.80975886
-55.80542906
-55.79837807
-55.78867273
-55.78568771
-55.78278678
-55.78143009
-55.77935376
-55.77906646
-55.77866726
-55.77514178
-55.76567173
-55.76285645
-55.75350861
-55.7413815
-55.73781696
-55.73323493
-55.73145732
-55.72799653
-55.72053943
-55.71603409
-55.71305545
-55.70294496
-55.70075844
-55.69889595
-55.69746226
-55.68595342
-55.67611183
-55.67437863
-55.65238978
-55.65216598
-55.65120567
-55.65110793
-55.64913874
-55.64799527
-55.64624629
-55.6443639
-55.64250727
-55.63930768
-55.63215868
-55.62199025
-55.61735323
-55.61733493
-55.61613233
-55.61578367
-55.6083531
-55.60732316
-55.5867126
-55.57343802
-55.57090209
-55.55271859
-55.54820016
-55.54373985
-55.54245657
-55.52954824
-55.52122431
-55.51665491
-55.50702555
-55.5029758
-55.4907466
-55.48852236
-55.48258448
-55.4716465
-55.45339227
-55.45316271
-55.44775958
-55.43722873
-55.42897957
-55.41951292
-55.41811026
-55.41786116
-55.41774577
-55.41730978
-55.41660985
-55.41509755
-55.4100915
-55.40064792
-55.39669846
-55.39335443
-55.39287227
-55.38575926
-55.38484013
-55.38170656
-55.37681374
-55.37666457
-55.37468257
-55.37294181
-55.37156013
-55.37108081
-55.36763465
-55.36442918
-55.35891279
-55.35370788
-55.33772755
-55.33450319
-55.32976885
-55.3185383
-55.31742352
-55.31322569
-55.30169946
-55.29716181
-55.29700904
-55.29085231
-55.28992723
-55.27285442
-55.26982173
-55.26796536
-55.26357389
-55.25806665
-55.25309262
-55.25082882
-55.2441701
-55.23824823
-55.23236878
-55.22880085
-55.22528924
-55.22080139
-55.21961452
-55.21936645
-55.21826797
-55.21707857
-55.2112444
-55.21081808
-55.20887528
-55.20868661
-55.20412317
-55.20245276
-55.20007923
-55.19245917
-55.19047798
-55.18872905
-55.18531448
-55.18317739
-55.18290874
-55.17984827
-55.17159576
-55.17135775
-55.16818879
-55.16773382
-55.16395734
-55.16175307
-55.15239852
-55.14921889
-55.14628889
-55.14569993
-55.14235454
-55.13311414
-55.13008773
-55.12442954
-55.11973138
-55.11551006
-55.10900325
-55.10449953
-55.10039932
-55.09502241
-55.09485852
-55.09442945
-55.09414057
-55.09231933
-55.08920842
-55.08375082
-55.08215452
-55.07383221
-55.07337198
-55.07291324
-55.06414283
-55.05169025
-55.05150957
-55.05010366
-55.047046
-55.0452739
-55.04501493
-55.04416013
-55.04383408
-55.0375855
-55.03253108
-55.02551261
-55.02313452
-55.02053187
-55.02035234
-55.01693858
-55.01108871
-55.01017741
-55.00432105
-55.00162935
-54.99290976
-54.99230901
-54.98544966
-54.97822291
-54.9761265
-54.97347233
-54.97326534
-54.97134337
-54.97107212
-54.9685645
-54.96561738
-54.96127757
-54.96046652
-54.96045117
-54.95158661
-54.95034212
-54.94458754
-54.93683203
-54.92833441
-54.92796838
-54.9272367
-54.92012769
-54.9043465
-54.89769391
-54.89271885
-54.8888003
-54.88860233
-54.88007772
-54.87880529
-54.87815384
-54.87700909
-54.87125252
-54.86727538
-54.86341514
-54.8617023
-54.85927082
-54.85926091
-54.85790514
-54.85569052
-54.85501763
-54.84845421
-54.84794687
-54.83586989
-54.8232347
-54.82166402
-54.81994471
-54.81671759
-54.81508068
-54.81027402
-54.80718685
-54.79615822
-54.79143405
-54.78488174
-54.78101101
-54.77904904
-54.77700675
-54.77101043
-54.76883738
-54.76423263
-54.76268954
-54.75639767
-54.75384475
-54.75361012
-54.75286086
-54.75159609
-54.75053732
-54.74880477
-54.74880308
-54.74673859
-54.74158663
-54.72620231
-54.71690701
-54.71171795
-54.71032411
-54.70816823
-54.69249828
-54.69240698
-54.68831433
-54.68716913
-54.68715032
-54.68624527
-54.67305988
-54.67082134
-54.6702401
-54.66392765
-54.66095188
-54.64794843
-54.6468041
-54.64209148
-54.63984525
-54.63763867
-54.62026388
-54.61895441
-54.61729594
-54.61698299
-54.61513496
-54.61247781
-54.61036187
-54.61030779
-54.60906015
-54.60779303
-54.60712266
-54.60555834
-54.60064061
-54.59654489
-54.59346285
-54.5900377
-54.58316211
-54.56410771
-54.56314517
-54.55868727
-54.54690566
-54.54616811
-54.545057
-54.54433517
-54.54122653
-54.53657153
-54.53143461
-54.52698783
-54.52161883
-54.51543238
-54.48602887
-54.48198176
-54.47904871
-54.47628617
-54.4760477
-54.47127355
-54.46550856
-54.4568538
-54.4334556
-54.43129062
-54.42397873
-54.41536586
-54.41497518
-54.4114814
-54.40930904
-54.38965771
-54.38058832
-54.37851906
-54.37614758
-54.36417055
-54.36090756
-54.34435166
-54.3270449
-54.32396258
-54.3239415
-54.31558016
-54.30639523
-54.29916135
-54.29301432
-54.28476241
-54.28313209
-54.27480618
-54.26088596
-54.26002914
-54.22509287
-54.21483038
-54.20668363
-54.19730142
-54.19476887
-54.1875055
-54.18743775
-54.18265971
-54.17100994
-54.1610541
-54.15583368
-54.14712708
-54.12662979
-54.11484402
-54.09340836
-54.09278779
-54.08237536
-54.08012206
-54.07738125
-54.07272505
-53.93245331
-53.83873498
-53.83369277
-53.8287371
-53.81740523
-53.77534971
-53.734445
-53.66823899
-53.59251098
-53.53402417
