-83.9692
-82.7039
-82.6656
-81.9862
-81.8815
-81.7085
-81.5
-81.3638
-81.3582
-80.9577
-80.4896
-80.2348
-80.0751
-80.0159
-79.9083
-79.5821
-79.5246
-79.3641
-79.3547
-79.2
-79.1892
-78.9681
-78.9326
-78.7973
-78.6355
-78.6252
-78.5474
-78.3674
-78.2153
-78.1521
-78.0742
-77.9295
-77.859
-77.8092
-77.6842
-77.625
-77.5966
-77.5615
-77.4029
-77.3496
-77.2217
-77.192
-77.1854
-77.0828
-76.9078
-76.9058
-76.8886
-76.6898
-76.6325
-76.6157
-76.4974
-76.4574
-76.2336
-76.1328
-76.02
-75.9873
-75.8451
-75.8386
-75.82
-75.7217
-75.6821
-75.4386
-75.3475
-74.7845
-74.7477
-74.6487
-74.6051
-74.6051
-74.5692
-74.5442
-74.4955
-74.4906
-74.3554
-74.2826
-74.1776
-74.1495
-74.1059
-73.995
-73.9659
-73.9034
-73.7627
-73.6767
-73.6049
-73.5687
-73.5492
-73.5474
-73.5341
-73.507
-73.4292
-73.3698
-73.3442
-73.331
-73.288
-73.1473
-73.0998
-73.0836
-72.9256
-72.9256
-72.9136
-72.8738
-72.7541
-72.6814
-72.662
-72.6449
-72.5873
-72.5344
-72.5049
-72.4973
-72.4847
-72.4764
-72.4416
-72.3915
-72.3888
-72.3886
-72.3471
-72.3354
-72.3333
-72.3302
-72.297
-72.2652
-72.2271
-72.1914
-72.1525
-72.1116
-72.092
-72.0652
-72.048
-72.0399
-72.0396
-72.0339
-71.9775
-71.9742
-71.9461
-71.9335
-71.8736
-71.8634
-71.8133
-71.8105
-71.7988
-71.7956
-71.7669
-71.7424
-71.7247
-71.7017
-71.681
-71.6804
-71.6742
-71.6702
-71.6475
-71.638
-71.6165
-71.6092
-71.5922
-71.5892
-71.5805
-71.5583
-71.5459
-71.5078
-71.4945
-71.4754
-71.4457
-71.4235
-71.3723
-71.3649
-71.3392
-71.326
-71.3181
-71.2762
-71.2682
-71.2243
-71.2112
-71.1848
-71.1717
-71.1497
-71.0933
-71.0682
-71.0673
-71.0506
-71.0458
-70.9991
-70.9879
-70.9251
-70.925
-70.9202
-70.897
-70.8929
-70.8906
-70.8734
-70.8464
-70.8308
-70.8114
-70.8064
-70.7913
-70.7728
-70.7256
-70.6781
-70.6666
-70.6554
-70.6326
-70.6026
-70.703
-70.6777
-70.6222
-70.6222
-70.6156
-70.6136
-70.5518
-70.5369
-70.5304
-70.5154
-70.4907
-70.4516
-70.4416
-70.4285
-70.4258
-70.4185
-70.346
-70.3236
-70.2959
-70.2609
-70.2546
-70.2443
-70.2205
-70.2159
-70.1934
-70.1774
-70.1462
-70.1434
-70.1228
-70.1082
-70.0901
-70.0866
-70.077
-70.0489
-70.02
-70.0084
-69.997
-69.9922
-69.975
-69.9165
-69.9045
-69.8667
-69.8608
-69.8132
-69.8025
-69.8023
-69.7956
-69.7942
-69.7906
-69.7614
-69.7612
-69.7375
-69.7247
-69.7103
-69.7067
-69.6951
-69.6947
-69.6864
-69.6758
-69.6686
-69.6341
-69.6058
-69.6044
-69.5706
-69.5466
-69.5456
-69.5261
-69.5036
-69.4688
-69.4433
-69.3947
-69.361
-69.3457
-69.3013
-69.2908
-69.2896
-69.2858
-69.2843
-69.2754
-69.2618
-69.2529
-69.1989
-69.1813
-69.1618
-69.1518
-69.1252
-69.1142
-69.1103
-69.0853
-69.0814
-69.0785
-69.0395
-69.0238
-69.0174
-69.0172
-68.9961
-68.9778
-68.9581
-68.9537
-68.949
-69.0279
-69.025
-69.02
-69.0059
-69.0051
-68.9789
-68.9715
-68.9666
-68.9319
-68.9213
-68.8958
-68.884
-68.8763
-68.8695
-68.859
-68.8579
-68.8446
-68.8108
-68.7921
-68.7862
-68.7473
-68.7466
-68.7364
-68.7293
-68.7198
-68.7173
-68.7049
-68.7041
-68.6644
-68.662
-68.6575
-68.633
-68.6199
-68.6113
-68.6096
-68.6054
-68.6028
-68.5819
-68.5782
-68.5745
-68.5701
-68.5633
-68.5576
-68.5554
-68.5311
-68.5173
-68.5033
-68.482
-68.4805
-68.478
-68.4639
-68.4299
-68.4241
-68.4055
-68.3958
-68.387
-68.3666
-68.3047
-68.2975
-68.255
-68.2317
-68.2314
-68.2269
-68.2251
-68.2061
-68.1973
-68.1903
-68.1737
-68.169
-68.1531
-68.1161
-68.0984
-68.0934
-68.0902
-68.0641
-68.0265
-67.9898
-67.9811
-67.9791
-67.9766
-67.9756
-67.9587
-67.9173
-67.853
-67.8521
-67.8403
-67.8379
-67.7892
-67.7877
-67.7713
-67.7691
-67.7524
-67.7442
-67.74
-67.7326
-67.7209
-67.7045
-67.6933
-67.6914
-67.6848
-67.7844
-67.7769
-67.7768
-67.7767
-67.7663
-67.7523
-67.7502
-67.7292
-67.7252
-67.7173
-67.7117
-67.6982
-67.688
-67.6372
-67.6191
-67.617
-67.6137
-67.6044
-67.6036
-67.5861
-67.5858
-67.5596
-67.5413
-67.5389
-67.5355
-67.501
-67.4939
-67.4791
-67.4771
-67.4676
-67.4645
-67.4503
-67.443
-67.4357
-67.4111
-67.3912
-67.3882
-67.374
-67.3671
-67.3623
-67.3515
-67.342
-67.335
-67.332
-67.327
-67.3225
-67.3095
-67.3056
-67.2846
-67.2763
-67.2729
-67.2529
-67.2497
-67.2455
-67.2413
-67.2269
-67.2044
-67.2029
-67.1919
-67.1891
-67.1737
-67.1663
-67.1485
-67.1418
-67.1371
-67.1143
-67.1118
-67.0884
-67.08
-67.0789
-67.0676
-67.0424
-67.0217
-67.011
-66.9888
-66.9663
-66.9589
-66.9304
-66.9203
-66.8838
-66.8721
-66.8719
-66.8711
-66.8676
-66.8671
-66.8665
-66.8632
-66.8203
-66.8179
-66.8107
-66.8055
-66.7883
-66.7782
-66.777
-66.7717
-66.7709
-66.7578
-66.7554
-66.7221
-66.7189
-66.8047
-66.7908
-66.7759
-66.7741
-66.7207
-66.7197
-66.7107
-66.6998
-66.6996
-66.6984
-66.6907
-66.6274
-66.6266
-66.6254
-66.6238
-66.6153
-66.6143
-66.5907
-66.5907
-66.5795
-66.5649
-66.5526
-66.5445
-66.5416
-66.5288
-66.5284
-66.5038
-66.4846
-66.4727
-66.4333
-66.4281
-66.4192
-66.4038
-66.3819
-66.3669
-66.3642
-66.3638
-66.3621
-66.352
-66.3481
-66.345
-66.3439
-66.3398
-66.3192
-66.315
-66.3079
-66.3068
-66.2965
-66.2912
-66.2829
-66.2748
-66.2595
-66.2564
-66.2373
-66.2348
-66.2297
-66.2239
-66.2154
-66.2087
-66.2042
-66.2006
-66.1925
-66.1721
-66.1596
-66.1575
-66.1573
-66.1487
-66.1306
-66.1239
-66.1161
-66.1029
-66.0953
-66.0813
-66.0769
-66.0604
-66.0551
-66.0547
-66.0312
-66.0138
-65.9991
-65.9938
-65.9907
-65.9811
-65.9802
-65.9552
-65.9532
-65.9479
-65.9331
-65.9329
-65.9287
-65.917
-65.9096
-65.901
-65.8887
-65.8887
-65.888
-65.8849
-65.8783
-65.8644
-65.8634
-65.9623
-65.9496
-65.947
-65.9428
-65.9398
-65.9383
-65.9289
-65.9141
-65.8958
-65.8949
-65.8883
-65.8857
-65.871
-65.8708
-65.8518
-65.8409
-65.8392
-65.8388
-65.8295
-65.8177
-65.8018
-65.7976
-65.7921
-65.7855
-65.783
-65.7737
-65.7453
-65.7388
-65.7294
-65.726
-65.7224
-65.7192
-65.7111
-65.7036
-65.6995
-65.6964
-65.696
-65.6947
-65.6932
-65.687
-65.6857
-65.6793
-65.6693
-65.6592
-65.6556
-65.6506
-65.6497
-65.6492
-65.6351
-65.6298
-65.6136
-65.5978
-65.5845
-65.5824
-65.574
-65.569
-65.5664
-65.5583
-65.552
-65.5474
-65.5301
-65.5291
-65.5225
-65.5207
-65.5173
-65.517
-65.5031
-65.4936
-65.4912
-65.4907
-65.4775
-65.4723
-65.4711
-65.4692
-65.4597
-65.4592
-65.4569
-65.455
-65.452
-65.4487
-65.4416
-65.4408
-65.4393
-65.439
-65.4354
-65.4354
-65.4248
-65.4128
-65.4066
-65.3991
-65.3895
-65.379
-65.3746
-65.359
-65.3589
-65.3554
-65.3541
-65.3497
-65.3417
-65.3405
-65.4451
-65.4397
-65.4292
-65.4264
-65.425
-65.4089
-65.4073
-65.4069
-65.4062
-65.4046
-65.4037
-65.4033
-65.3965
-65.3948
-65.3902
-65.3818
-65.3747
-65.3667
-65.3662
-65.3623
-65.3585
-65.3568
-65.352
-65.3501
-65.3476
-65.3475
-65.3441
-65.3265
-65.3148
-65.3124
-65.3089
-65.3045
-65.2944
-65.2933
-65.2918
-65.2907
-65.2806
-65.2747
-65.2709
-65.2677
-65.2566
-65.2519
-65.2442
-65.2387
-65.2306
-65.23
-65.2289
-65.2149
-65.2029
-65.2024
-65.1999
-65.1985
-65.1955
-65.1857
-65.1854
-65.1852
-65.1815
-65.1744
-65.1549
-65.1544
-65.1413
-65.1412
-65.135
-65.1235
-65.1229
-65.1163
-65.1134
-65.11
-65.0995
-65.0842
-65.0818
-65.0797
-65.0425
-65.0415
-65.0402
-65.037
-65.0282
-65.0065
-65.006
-64.998
-64.978
-64.978
-64.9622
-64.9615
-64.9613
-64.9565
-64.9564
-64.9542
-64.9533
-64.9455
-64.9441
-64.9424
-64.9355
-64.9294
-64.9286
-64.9242
-64.9181
-64.9119
-64.9102
-64.904
-64.9984
-64.9972
-64.9964
-64.989
-64.9881
-64.9872
-64.9799
-64.9739
-64.9679
-64.9609
-64.9609
-64.9607
-64.952
-64.944
-64.9419
-64.9408
-64.9395
-64.9394
-64.9182
-64.9177
-64.9162
-64.9126
-64.9122
-64.9081
-64.9037
-64.9027
-64.9019
-64.9017
-64.8983
-64.8813
-64.8746
-64.8744
-64.8697
-64.8662
-64.8619
-64.8616
-64.8561
-64.8539
-64.8521
-64.8507
-64.8434
-64.8405
-64.8381
-64.8351
-64.8311
-64.8282
-64.8279
-64.8276
-64.8217
-64.8191
-64.8173
-64.8098
-64.8091
-64.7883
-64.7807
-64.7805
-64.7796
-64.7794
-64.768
-64.7667
-64.7633
-64.7597
-64.7596
-64.747
-64.7424
-64.7397
-64.7384
-64.7322
-64.7297
-64.7175
-64.7139
-64.7037
-64.7016
-64.7013
-64.6957
-64.6949
-64.674
-64.668
-64.6677
-64.6668
-64.6628
-64.6506
-64.6473
-64.646
-64.6452
-64.6367
-64.6358
-64.6352
-64.6321
-64.6291
-64.6237
-64.6232
-64.6228
-64.6221
-64.609
-64.6033
-64.5932
-64.5893
-64.5889
-64.5849
-64.6879
-64.6847
-64.6817
-64.6768
-64.6706
-64.6662
-64.6627
-64.6574
-64.656
-64.6552
-64.653
-64.6513
-64.6503
-64.6405
-64.6331
-64.6307
-64.6296
-64.6277
-64.6268
-64.6257
-64.625
-64.6127
-64.6109
-64.6084
-64.6065
-64.6023
-64.5989
-64.598
-64.598
-64.5919
-64.5893
-64.5879
-64.5802
-64.5787
-64.5753
-64.5747
-64.5742
-64.5737
-64.5733
-64.5719
-64.5682
-64.5669
-64.5645
-64.5629
-64.5596
-64.5517
-64.5432
-64.5431
-64.5421
-64.5398
-64.5296
-64.5224
-64.5219
-64.5101
-64.5094
-64.5022
-64.4998
-64.4973
-64.4933
-64.4917
-64.4819
-64.4799
-64.4686
-64.4662
-64.4597
-64.4547
-64.4528
-64.4514
-64.4509
-64.4488
-64.4468
-64.4463
-64.4455
-64.4447
-64.4433
-64.4365
-64.4234
-64.4201
-64.4135
-64.4101
-64.4082
-64.4059
-64.3994
-64.3924
-64.3788
-64.3737
-64.3731
-64.3725
-64.3723
-64.3681
-64.3669
-64.3659
-64.365
-64.3634
-64.3625
-64.3473
-64.3433
-64.3423
-64.3366
-64.3348
-64.4348
-64.4337
-64.4327
-64.4265
-64.4247
-64.421
-64.4197
-64.4126
-64.4113
-64.4107
-64.4059
-64.4048
-64.4035
-64.4006
-64.3982
-64.3972
-64.3963
-64.3954
-64.3934
-64.3929
-64.3922
-64.3843
-64.3791
-64.3752
-64.3715
-64.368
-64.3651
-64.3639
-64.3603
-64.3564
-64.3541
-64.3469
-64.3399
-64.3387
-64.3361
-64.3327
-64.3276
-64.3217
-64.3173
-64.317
-64.3144
-64.3116
-64.3115
-64.3055
-64.3036
-64.2952
-64.2902
-64.2891
-64.2846
-64.2808
-64.2802
-64.2793
-64.2744
-64.2728
-64.2712
-64.2613
-64.2579
-64.2574
-64.257
-64.2552
-64.2551
-64.2543
-64.2449
-64.2447
-64.241
-64.2402
-64.2397
-64.2319
-64.2283
-64.226
-64.2256
-64.223
-64.2226
-64.2222
-64.2219
-64.2165
-64.2135
-64.2113
-64.2111
-64.2095
-64.206
-64.2047
-64.2023
-64.1993
-64.1935
-64.1875
-64.1826
-64.1701
-64.169
-64.1688
-64.167
-64.1652
-64.163
-64.1575
-64.1546
-64.1519
-64.1501
-64.1498
-64.1458
-64.1376
-64.235
-64.2286
-64.2284
-64.2276
-64.2249
-64.2245
-64.224
-64.2229
-64.2227
-64.2178
-64.217
-64.2162
-64.2139
-64.2113
-64.2103
-64.2096
-64.2092
-64.2092
-64.2055
-64.202
-64.2007
-64.1998
-64.1972
-64.1949
-64.1949
-64.1867
-64.1837
-64.1804
-64.176
-64.1753
-64.1745
-64.1698
-64.1664
-64.165
-64.1636
-64.1571
-64.1444
-64.1425
-64.1396
-64.1378
-64.1361
-64.1358
-64.1299
-64.1266
-64.1262
-64.1229
-64.1171
-64.1134
-64.1117
-64.1106
-64.0958
-64.095
-64.0925
-64.0919
-64.0906
-64.0889
-64.0865
-64.0848
-64.0814
-64.0809
-64.0776
-64.0774
-64.0765
-64.0719
-64.0708
-64.0704
-64.0702
-64.0695
-64.0642
-64.0581
-64.0566
-64.0519
-64.0498
-64.0487
-64.0471
-64.0466
-64.0452
-64.0444
-64.0431
-64.0416
-64.0401
-64.0377
-64.0365
-64.0363
-64.0362
-64.0326
-64.0325
-64.0312
-64.0282
-64.0221
-64.0211
-64.0188
-64.0129
-64.0074
-64.0052
-64.0044
-64.0033
-63.997
-63.9934
-63.9925
-64.0969
-64.0934
-64.0908
-64.0874
-64.0808
-64.0772
-64.0746
-64.0709
-64.0692
-64.0682
-64.0676
-64.0649
-64.0648
-64.0614
-64.0534
-64.0501
-64.0474
-64.0473
-64.0464
-64.0453
-64.0432
-64.0415
-64.0374
-64.0373
-64.0356
-64.0315
-64.0293
-64.0286
-64.0263
-64.0245
-64.0243
-64.0234
-64.0221
-64.0173
-64.0165
-64.0161
-64.0099
-64.0099
-64.009
-64.0077
-64.0074
-64.0042
-64.002
-64.0016
-64.0006
-63.9983
-63.9933
-63.9885
-63.9883
-63.988
-63.9848
-63.9835
-63.9826
-63.9823
-63.9815
-63.9801
-63.9772
-63.977
-63.9743
-63.9721
-63.9708
-63.9701
-63.9701
-63.9675
-63.967
-63.9663
-63.9604
-63.9574
-63.9545
-63.9538
-63.9532
-63.9514
-63.9511
-63.9508
-63.9504
-63.948
-63.9478
-63.9469
-63.9433
-63.942
-63.9374
-63.9363
-63.9346
-63.9344
-63.9307
-63.9296
-63.9253
-63.9213
-63.9153
-63.9131
-63.9096
-63.905
-63.9036
-63.9032
-63.8997
-63.8977
-63.8972
-63.896
-63.8923
-63.8907
-63.9952
-63.993
-63.9926
-63.9914
-63.9901
-63.9896
-63.9874
-63.9874
-63.9799
-63.9788
-63.9778
-63.9759
-63.9748
-63.9745
-63.9745
-63.974
-63.968
-63.9636
-63.963
-63.9574
-63.9571
-63.956
-63.9531
-63.9514
-63.9499
-63.9417
-63.9355
-63.9334
-63.9294
-63.9292
-63.9291
-63.9283
-63.9282
-63.9281
-63.9267
-63.9261
-63.9257
-63.925
-63.9232
-63.9214
-63.9206
-63.9195
-63.9193
-63.9163
-63.9103
-63.9097
-63.9092
-63.9058
-63.9025
-63.8993
-63.899
-63.8989
-63.8978
-63.8944
-63.8943
-63.8937
-63.8931
-63.8928
-63.8919
-63.8918
-63.8889
-63.888
-63.8854
-63.8843
-63.8764
-63.8702
-63.8698
-63.8649
-63.8646
-63.8637
-63.8604
-63.8604
-63.859
-63.8584
-63.8576
-63.8526
-63.851
-63.8504
-63.8502
-63.8498
-63.8479
-63.8451
-63.8427
-63.841
-63.841
-63.8408
-63.8401
-63.8397
-63.8361
-63.8336
-63.8297
-63.8272
-63.8252
-63.8239
-63.823
-63.8207
-63.8199
-63.8195
-63.8173
-63.8151
-63.9178
-63.9118
-63.9064
-63.9062
-63.9062
-63.9035
-63.9013
-63.8989
-63.8977
-63.8968
-63.8961
-63.8947
-63.8912
-63.8896
-63.8893
-63.8893
-63.887
-63.8852
-63.8834
-63.8828
-63.8827
-63.882
-63.879
-63.8767
-63.8743
-63.873
-63.871
-63.8708
-63.8688
-63.8684
-63.8675
-63.8661
-63.8656
-63.8654
-63.8654
-63.8648
-63.8579
-63.8545
-63.8539
-63.8524
-63.8519
-63.8515
-63.8515
-63.8503
-63.8499
-63.8462
-63.8431
-63.8389
-63.838
-63.838
-63.8371
-63.836
-63.836
-63.8356
-63.8354
-63.8353
-63.8346
-63.8344
-63.83
-63.8265
-63.8224
-63.8195
-63.8112
-63.8044
-63.8043
-63.8035
-63.8024
-63.8018
-63.8004
-63.8004
-63.8001
-63.8
-63.7996
-63.7989
-63.7989
-63.7973
-63.7943
-63.7923
-63.7923
-63.7923
-63.7916
-63.7915
-63.7904
-63.7867
-63.7863
-63.7856
-63.7845
-63.7837
-63.7833
-63.7831
-63.7829
-63.7823
-63.7815
-63.7813
-63.7789
-63.7762
-63.7757
-63.7756
-63.7751
-63.7734
-63.8773
-63.8761
-63.8745
-63.8736
-63.8733
-63.8733
-63.8725
-63.8723
-63.8704
-63.8701
-63.8692
-63.8688
-63.8665
-63.8659
-63.8643
-63.8642
-63.8639
-63.8634
-63.8622
-63.8609
-63.8604
-63.86
-63.8591
-63.8586
-63.8582
-63.8577
-63.8551
-63.8525
-63.8523
-63.8519
-63.8498
-63.8496
-63.8464
-63.8459
-63.8458
-63.8449
-63.8423
-63.8412
-63.8398
-63.8394
-63.8356
-63.8352
-63.8302
-63.8294
-63.8286
-63.8278
-63.8259
-63.8252
-63.8224
-63.822
-63.8173
-63.8162
-63.8151
-63.8145
-63.8136
-63.8136
-63.8135
-63.8125
-63.8105
-63.8098
-63.8089
-63.807
-63.8068
-63.806
-63.8056
-63.8049
-63.8044
-63.8018
-63.8014
-63.8007
-63.7913
-63.7892
-63.7885
-63.7862
-63.7847
-63.7845
-63.7835
-63.7818
-63.7815
-63.7801
-63.7801
-63.7789
-63.7783
-63.7776
-63.7774
-63.7771
-63.7756
-63.7748
-63.7745
-63.7743
-63.7743
-63.7705
-63.7701
-63.7699
-63.768
-63.7677
-63.7632
-63.7626
-63.7608
-63.7604
-63.8653
-63.8632
-63.8626
-63.862
-63.8612
-63.8607
-63.8604
-63.8598
-63.8589
-63.8563
-63.8527
-63.852
-63.8508
-63.8507
-63.8493
-63.8493
-63.8484
-63.8473
-63.8458
-63.8453
-63.845
-63.8436
-63.8434
-63.8382
-63.8378
-63.8374
-63.8369
-63.8343
-63.8332
-63.8326
-63.831
-63.8299
-63.8291
-63.8288
-63.8286
-63.8251
-63.8237
-63.8233
-63.8215
-63.8207
-63.8191
-63.8185
-63.818
-63.8179
-63.817
-63.8157
-63.8135
-63.8132
-63.8125
-63.8124
-63.8121
-63.8118
-63.811
-63.8101
-63.81
-63.8098
-63.8094
-63.8086
-63.8054
-63.8044
-63.8043
-63.804
-63.8037
-63.8036
-63.8016
-63.8014
-63.8008
-63.7978
-63.7969
-63.7956
-63.7952
-63.7951
-63.7945
-63.7928
-63.7924
-63.7921
-63.791
-63.7893
-63.7862
-63.7859
-63.7852
-63.7846
-63.7844
-63.7842
-63.7832
-63.7815
-63.7803
-63.7801
-63.7801
-63.78
-63.7795
-63.7795
-63.779
-63.7785
-63.7781
-63.778
-63.7759
-63.7757
-63.7752
-63.7751
-63.88
-63.8793
-63.8788
-63.8788
-63.8778
-63.8766
-63.8749
-63.8734
-63.8721
-63.8711
-63.8696
-63.8694
-63.8662
-63.8657
-63.8657
-63.8653
-63.8624
-63.862
-63.8617
-63.8597
-63.8584
-63.8572
-63.8558
-63.8555
-63.8548
-63.8545
-63.8506
-63.8504
-63.8472
-63.8472
-63.8458
-63.8457
-63.8445
-63.8443
-63.8437
-63.8421
-63.842
-63.8413
-63.8404
-63.8396
-63.8381
-63.8376
-63.8374
-63.8372
-63.8346
-63.8315
-63.8311
-63.8285
-63.8281
-63.828
-63.8271
-63.8265
-63.8264
-63.8256
-63.8252
-63.8235
-63.8228
-63.8225
-63.8224
-63.8222
-63.8207
-63.8198
-63.818
-63.8177
-63.8175
-63.8166
-63.8135
-63.8129
-63.8124
-63.8122
-63.8111
-63.8101
-63.8099
-63.807
-63.8065
-63.8061
-63.8057
-63.8039
-63.8035
-63.8025
-63.8018
-63.8018
-63.8008
-63.8004
-63.7997
-63.7984
-63.7983
-63.7968
-63.7968
-63.7952
-63.7952
-63.7942
-63.7939
-63.7934
-63.793
-63.7929
-63.7926
-63.7924
-63.7921
-63.792
-63.8962
-63.8961
-63.8946
-63.8944
-63.892
-63.8919
-63.8918
-63.8915
-63.8915
-63.891
-63.8907
-63.8899
-63.8896
-63.8879
-63.8878
-63.8863
-63.886
-63.8856
-63.8854
-63.8844
-63.884
-63.8813
-63.8813
-63.8808
-63.8761
-63.8756
-63.8754
-63.8752
-63.8728
-63.8721
-63.8719
-63.8714
-63.87
-63.8698
-63.8694
-63.8691
-63.869
-63.8679
-63.8669
-63.8664
-63.8656
-63.8634
-63.8633
-63.8632
-63.8613
-63.86
-63.8579
-63.8571
-63.8569
-63.8563
-63.8552
-63.8547
-63.8539
-63.8538
-63.8537
-63.8524
-63.8519
-63.8517
-63.8511
-63.8509
-63.8495
-63.8493
-63.8491
-63.8475
-63.8473
-63.8471
-63.8464
-63.8461
-63.845
-63.8436
-63.8426
-63.842
-63.8402
-63.8402
-63.8401
-63.8398
-63.8381
-63.8379
-63.8377
-63.8364
-63.8364
-63.8358
-63.8348
-63.8348
-63.8339
-63.8338
-63.8322
-63.8295
-63.828
-63.8278
-63.8277
-63.8254
-63.8241
-63.8228
-63.8228
-63.8226
-63.822
-63.8217
-63.8192
-63.818
-63.8175
-63.8146
-63.8143
-63.8133
-63.8124
-63.8116
-63.8116
-63.8115
-63.8098
-63.8087
-63.8087
-63.8086
-63.807
-63.8066
-63.8066
-63.8061
-63.8054
-63.8052
-63.805
-63.8039
-63.8038
-63.8033
-63.801
-63.7986
-63.7985
-63.7971
-63.797
-63.7963
-63.7954
-63.7952
-63.7951
-63.7948
-63.7946
-63.794
-63.7938
-63.7926
-63.7915
-63.7894
-63.7892
-63.7892
-63.7891
-63.7889
-63.7888
-63.7882
-63.7881
-63.7877
-63.7866
-63.7865
-63.7862
-63.7839
-63.7837
-63.783
-63.7828
-63.7818
-63.7807
-63.7807
-63.7806
-63.7805
-63.7795
-63.779
-63.7789
-63.7788
-63.7784
-63.7775
-63.7757
-63.7755
-63.7743
-63.7741
-63.7736
-63.7733
-63.7732
-63.7725
-63.7719
-63.7708
-63.7696
-63.7685
-63.7679
-63.7665
-63.7651
-63.7649
-63.7644
-63.7635
-63.7634
-63.763
-63.7629
-63.7627
-63.7627
-63.7625
-63.7619
-63.7618
-63.7613
-63.7606
-63.7603
-63.7595
-63.7585
-63.757
-63.7564
-63.7538
-63.7526
-63.7519
-63.7517
-63.7513
-63.7503
-63.7472
-63.747
-63.7468
-63.7466
-63.7458
-63.7451
-63.7447
-63.7445
-63.7444
-63.7443
-63.7434
-63.7414
-63.7413
-63.741
-63.7391
-63.7373
-63.7365
-63.7356
-63.7355
-63.733
-63.7322
-63.7315
-63.7314
-63.7309
-63.7306
-63.7305
-63.7302
-63.7295
-63.7282
-63.728
-63.7279
-63.7246
-63.7244
-63.7234
-63.7232
-63.7224
-63.7218
-63.7202
-63.7109
-63.7103
-63.709
-63.7072
-63.7071
-63.7066
-63.7055
-63.7048
-63.7042
-63.7038
-63.7029
-63.7027
-63.702
-63.7013
-63.6999
-63.6982
-63.6981
-63.6975
-63.697
-63.695
-63.6944
-63.6939
-63.6921
-63.6915
-63.6911
-63.691
-63.6908
-63.6894
-63.6881
-63.688
-63.6878
-63.6875
-63.6853
-63.6848
-63.6845
-63.6841
-63.684
-63.6835
-63.6833
-63.683
-63.6823
-63.6816
-63.6811
-63.6806
-63.6804
-63.68
-63.6793
-63.6782
-63.6771
-63.6769
-63.6751
-63.6744
-63.6735
-63.6723
-63.6722
-63.6711
-63.6701
-63.6701
-63.6695
-63.669
-63.6688
-63.6685
-63.6667
-63.6666
-63.6663
-63.6658
-63.6657
-63.6652
-63.6647
-63.6642
-63.6639
-63.6625
-63.6617
-63.6615
-63.6615
-63.6602
-63.6596
-63.6579
-63.6573
-63.6571
-63.657
-63.6566
-63.656
-63.6553
-63.6543
-63.6541
-63.6534
-63.6525
-63.6515
-63.6507
-63.6502
-63.6499
-63.6489
-63.6478
-63.6466
-63.646
-63.6455
-63.6454
-63.645
-63.6423
-63.6393
-63.6381
-63.6368
-63.636
-63.6348
-63.6346
-63.6331
-63.6297
-63.6278
-63.6272
-63.6263
-63.6255
-63.6239
-63.6225
-63.6222
-63.6207
-63.6194
-63.6192
-63.619
-63.6187
-63.6185
-63.6175
-63.6175
-63.6174
-63.6174
-63.6173
-63.6173
-63.6155
-63.6145
-63.6145
-63.6136
-63.6131
-63.6127
-63.6125
-63.6112
-63.6095
-63.6094
-63.6088
-63.6074
-63.6061
-63.6045
-63.6036
-63.599
-63.5984
-63.5966
-63.5963
-63.5948
-63.5937
-63.5931
-63.5926
-63.5926
-63.5921
-63.5921
-63.5918
-63.5916
-63.5884
-63.5879
-63.5871
-63.5843
-63.5834
-63.5833
-63.5813
-63.5794
-63.5793
-63.577
-63.5754
-63.5738
-63.5733
-63.573
-63.5711
-63.5676
-63.5673
-63.5665
-63.5657
-63.5651
-63.5649
-63.5643
-63.5639
-63.5621
-63.559
-63.5586
-63.5577
-63.5576
-63.5573
-63.5561
-63.5559
-63.5555
-63.5551
-63.5541
-63.5539
-63.5538
-63.5534
-63.5529
-63.5528
-63.5522
-63.5513
-63.5512
-63.5511
-63.551
-63.5505
-63.5503
-63.549
-63.5482
-63.5458
-63.5456
-63.5438
-63.5429
-63.5422
-63.5403
-63.5354
-63.5341
-63.533
-63.5321
-63.532
-63.5284
-63.5276
-63.5272
-63.5267
-63.5263
-63.5263
-63.5242
-63.5231
-63.5224
-63.5213
-63.5194
-63.5192
-63.5184
-63.5171
-63.5164
-63.514
-63.5139
-63.5126
-63.5122
-63.5107
-63.5104
-63.5077
-63.507
-63.5057
-63.5052
-63.5048
-63.503
-63.501
-63.4998
-63.4986
-63.4981
-63.4966
-63.4958
-63.4947
-63.4947
-63.4922
-63.4915
-63.4915
-63.4909
-63.4906
-63.4901
-63.4894
-63.4894
-63.4892
-63.489
-63.4885
-63.4873
-63.4863
-63.4859
-63.4854
-63.4828
-63.4822
-63.4812
-63.4774
-63.4766
-63.4753
-63.4743
-63.474
-63.4739
-63.4732
-63.4731
-63.4725
-63.472
-63.4719
-63.4716
-63.4698
-63.4695
-63.4662
-63.4644
-63.4632
-63.4626
-63.4599
-63.4597
-63.4564
-63.4553
-63.4502
-63.4491
-63.4458
-63.4443
-63.4437
-63.4432
-63.4421
-63.4419
-63.4402
-63.4399
-63.4392
-63.4344
-63.4297
-63.4285
-63.4284
-63.423
-63.4225
-63.4222
-63.4212
-63.421
-63.4195
-63.4195
-63.4192
-63.4174
-63.4172
-63.4168
-63.4163
-63.4154
-63.4149
-63.4147
-63.4147
-63.4136
-63.4129
-63.4126
-63.4126
-63.4113
-63.41
-63.4097
-63.4094
-63.4094
-63.409
-63.4078
-63.4064
-63.4062
-63.4046
-63.4044
-63.4033
-63.4032
-63.4031
-63.4029
-63.4022
-63.4017
-63.4013
-63.4012
-63.4012
-63.401
-63.4001
-63.399
-63.399
-63.3988
-63.3971
-63.3966
-63.3957
-63.3956
-63.394
-63.3939
-63.3923
-63.3915
-63.3913
-63.3905
-63.3903
-63.3896
-63.3857
-63.3855
-63.3854
-63.3819
-63.3787
-63.3781
-63.376
-63.3748
-63.3726
-63.3714
-63.3711
-63.3698
-63.3683
-63.3673
-63.3672
-63.3664
-63.3654
-63.3654
-63.3645
-63.3642
-63.3632
-63.3625
-63.3617
-63.3609
-63.36
-63.3596
-63.3582
-63.3572
-63.3553
-63.3541
-63.3505
-63.3492
-63.3484
-63.3475
-63.3473
-63.3468
-63.3468
-63.3466
-63.3455
-63.3453
-63.3435
-63.3407
-63.3406
-63.3404
-63.3394
-63.3393
-63.3388
-63.334
-63.3337
-63.3334
-63.3319
-63.3292
-63.328
-63.3272
-63.3261
-63.3247
-63.3239
-63.3223
-63.3223
-63.3188
-63.3177
-63.3171
-63.3162
-63.316
-63.3117
-63.3107
-63.309
-63.306
-63.306
-63.3058
-63.3029
-63.2988
-63.2967
-63.2965
-63.2955
-63.295
-63.2948
-63.2941
-63.2936
-63.2907
-63.2887
-63.2884
-63.2883
-63.2856
-63.2842
-63.2818
-63.2814
-63.2813
-63.2796
-63.2794
-63.2785
-63.2783
-63.2756
-63.2743
-63.2739
-63.2735
-63.2691
-63.2678
-63.2664
-63.2654
-63.2652
-63.265
-63.265
-63.2639
-63.2637
-63.2599
-63.2591
-63.2573
-63.2569
-63.256
-63.2556
-63.2522
-63.2486
-63.2476
-63.2475
-63.2451
-63.2441
-63.244
-63.2414
-63.2414
-63.2413
-63.2404
-63.2368
-63.2357
-63.2336
-63.2335
-63.2326
-63.2299
-63.2262
-63.2239
-63.2235
-63.2233
-63.2197
-63.2176
-63.2174
-63.2172
-63.2163
-63.2153
-63.2137
-63.2131
-63.2116
-63.2109
-63.2094
-63.2076
-63.2029
-63.2028
-63.2028
-63.2024
-63.2023
-63.1991
-63.1984
-63.1919
-63.1907
-63.1894
-63.1887
-63.1882
-63.1835
-63.1828
-63.1814
-63.1808
-63.1802
-63.1799
-63.1792
-63.1784
-63.1773
-63.1769
-63.1761
-63.1757
-63.1755
-63.1704
-63.1679
-63.1664
-63.1656
-63.1648
-63.1647
-63.1632
-63.1616
-63.1606
-63.1596
-63.1552
-63.1519
-63.1519
-63.1511
-63.149
-63.1469
-63.1468
-63.1466
-63.1412
-63.1391
-63.1363
-63.1324
-63.1321
-63.1311
-63.1293
-63.1263
-63.1262
-63.1262
-63.126
-63.1249
-63.1244
-63.1235
-63.1214
-63.1206
-63.1196
-63.1178
-63.1148
-63.1135
-63.1106
-63.1098
-63.1094
-63.1086
-63.1086
-63.1079
-63.106
-63.1048
-63.1014
-63.1013
-63.1012
-63.1
-63.0995
-63.0981
-63.0976
-63.0974
-63.0966
-63.0953
-63.0913
-63.0908
-63.0888
-63.0887
-63.088
-63.087
-63.0867
-63.0854
-63.0818
-63.0807
-63.0785
-63.0778
-63.0771
-63.0769
-63.0728
-63.0702
-63.0684
-63.0677
-63.0663
-63.0655
-63.0652
-63.065
-63.064
-63.0631
-63.0623
-63.0615
-63.0577
-63.055
-63.0545
-63.0532
-63.048
-63.0433
-63.0379
-63.0358
-63.0354
-63.035
-63.0348
-63.0341
-63.034
-63.0328
-63.0323
-63.0308
-63.0296
-63.0283
-63.0273
-63.0271
-63.0254
-63.0199
-63.0187
-63.0178
-63.0176
-63.0171
-63.0138
-63.0121
-63.0116
-63.0099
-63.0094
-63.0089
-63.0079
-63.0059
-63.0056
-63.004
-63.0034
-63.0009
-62.9995
-62.997
-62.9905
-62.9898
-62.9897
-62.9886
-62.9849
-62.9842
-62.9841
-62.9805
-62.9791
-62.9744
-62.9733
-62.9657
-62.9633
-62.9596
-62.9591
-62.9581
-62.9572
-62.9556
-62.9553
-62.9538
-62.9494
-62.9491
-62.9416
-62.939
-62.9389
-62.9379
-62.9335
-62.9329
-62.9317
-62.9289
-62.926
-62.9218
-62.9171
-62.9138
-62.9074
-62.9073
-62.8957
-62.895
-62.8945
-62.8932
-62.8907
-62.8868
-62.8846
-62.883
-62.8824
-62.8796
-62.8782
-62.8752
-62.875
-62.8636
-62.8594
-62.8587
-62.8431
-62.8417
-62.8403
-62.8304
-62.8123
-62.8034
-62.8019
-62.7783
-62.7673
-62.765
-62.7602
-62.7506
-62.7482
-62.7473
-62.7447
-62.7347
-62.7258
-62.6896
-62.6877
-62.6842
-62.666
-62.6659
-62.6638
-62.6624
-62.6572
-62.641
-62.6359
-62.6356
-62.632
-62.631
-62.6218
-62.6197
-62.5945
-62.5919
-62.5868
-62.5817
-62.5776
-62.5367
-62.5226
-62.4705
-62.4531
-62.4517
-62.4514
-62.4505
-62.412
-62.3948
-62.3936
-62.3726
-62.3627
-62.3432
-62.3363
-62.3142
-62.3034
-62.2791
-62.2452
