-837.5944282
-837.5925833
-837.5833981
-837.583194
-837.5751985
-837.5629679
-837.5517887
-837.5196607
-837.4779948
-837.4765654
-837.4661822
-837.4658413
-837.4531501
-837.4331802
-837.4247494
-837.4169536
-837.3946659
-837.3855275
-837.3460683
-837.340153
-837.3369563
-837.3347603
-837.3277851
-837.3247918
-837.2915411
-837.2884376
-837.2876967
-837.2847041
-837.2800389
-837.2774697
-837.2671443
-837.2418036
-837.2343909
-837.2291122
-837.2116054
-837.1904378
-837.1830656
-837.1680443
-837.1485999
-837.1444891
-837.0996235
-837.0827167
-837.0760864
-837.0746344
-837.0711575
-837.0663304
-837.0472281
-837.0376957
-837.0290779
-837.0288134
-836.9784066
-836.9769136
-836.9673995
-836.9551743
-836.9503955
-836.9495298
-836.9495105
-836.9463895
-836.9411514
-836.9410758
-836.8988429
-836.8836445
-836.8787772
-836.8775095
-836.8773621
-836.8544665
-836.8392054
-836.8323589
-836.8114121
-836.7590666
-836.7049123
-836.702124
-836.6958321
-836.6958184
-836.6890479
-836.6833196
-836.6781392
-836.6685468
-836.6268019
-836.5920218
-836.5794969
-836.5765073
-836.5691255
-836.5511524
-836.5015062
-836.4652953
-836.434592
-836.4279861
-836.422505
-836.4177061
-836.4109506
-836.4045518
-836.4021622
-836.3946441
-836.377288
-836.3615739
-836.3357771
-836.3356518
-836.3244842
-836.3233088
-836.3138286
-836.3072821
-836.2940088
-836.2927448
-836.2890198
-836.2884582
-836.2571244
-836.2561026
-836.2361363
-836.2108939
-836.1972166
-836.1582275
-836.154947
-836.1344005
-836.1236687
-836.1175715
-836.1133614
-836.1083672
-836.095144
-836.0807912
-836.0661715
-836.0557875
-836.0223422
-836.0155848
-835.9936576
-835.9902209
-835.9886095
-835.9583839
-835.9422356
-835.9226572
-835.9000166
-835.8883123
-835.8741428
-835.8562312
-835.8530776
-835.8434099
-835.839486
-835.8260474
-835.816896
-835.8126592
-835.7947103
-835.7682791
-835.7591015
-835.7503027
-835.7376782
-835.7340252
-835.7229004
-835.6934871
-835.6758121
-835.6738723
-835.6719456
-835.6686861
-835.6529851
-835.6170464
-835.6157603
-835.5905432
-835.5479183
-835.539185
-835.5261671
-835.517338
-835.5097138
-835.498994
-835.4926023
-835.4672537
-835.4624027
-835.456497
-835.443913
-835.4262236
-835.4257161
-835.4140524
-835.4051542
-835.4030709
-835.4015431
-835.4014357
-835.3809267
-835.3617849
-835.3446134
-835.3304693
-835.2924775
-835.2839605
-835.2572343
-835.2341423
-835.2251497
-835.2084159
-835.2012581
-835.2010742
-835.1957698
-835.1565228
-835.1555756
-835.1444372
-835.1368543
-835.1161496
-835.0969123
-835.0966297
-835.0946424
-835.0899036
-835.0773012
-835.0727746
-835.0475952
-835.0301084
-835.0267456
-834.9810169
-834.9671593
-834.9073105
-834.8905974
-834.8782364
-834.8457953
-834.8317235
-834.7867651
-834.759292
-834.7421399
-834.7397271
-834.7389838
-834.7346924
-834.7301301
-834.7248283
-834.7164196
-834.6730763
-834.6726186
-834.6668311
-834.6659062
-834.6261007
-834.6132859
-834.5787382
-834.5783687
-834.5469413
-834.5399441
-834.53375
-834.4890758
-834.4639123
-834.459939
-834.455556
-834.4305057
-834.4304767
-834.4178808
-834.4119481
-834.3582764
-834.3420134
-834.3337323
-834.3250578
-834.1905203
-834.1887637
-834.1805045
-834.1562847
-834.1345255
-834.0987741
-834.0853213
-834.0814939
-834.0636776
-834.061067
-834.0481927
-834.0337033
-834.0131153
-833.9983636
-833.9733648
-833.910209
-833.9052499
-833.9050012
-833.9009271
-833.8732467
-833.8536539
-833.840321
-833.7755317
-833.7747402
-833.7483216
-833.7447313
-833.6979391
-833.6532797
-833.6426488
-833.5781494
-833.5747685
-833.5698225
-833.5681732
-833.5654178
-833.565026
-833.5386882
-833.5346831
-833.5299256
-833.5256449
-833.4910224
-833.4742282
-833.4536139
-833.4366848
-833.4211204
-833.4109044
-833.3911098
-833.3887602
-833.3861943
-833.3800426
-833.34514
-833.3410243
-833.3391314
-833.3183034
-833.3171762
-833.3054432
-833.2591956
-833.2583944
-833.2359777
-833.2332519
-833.2212196
-833.2019215
-833.1611469
-833.1362358
-833.1274496
-833.1017149
-833.0802203
-833.053347
-833.0471057
-833.0406482
-832.984704
-832.9797649
-832.9766385
-832.9680947
-832.9605763
-832.9586006
-832.9532602
-832.8848386
-832.8590547
-832.8550265
-832.7953022
-832.7520845
-832.727435
-832.7186997
-832.7179051
-832.6161684
-832.605201
-832.5890728
-832.5866913
-832.5724835
-832.5479139
-832.4755361
-832.4719626
-832.4441776
-832.4383097
-832.4341718
-832.4258651
-832.4249425
-832.4064599
-832.2881765
-832.1593559
-832.1358691
-832.101811
-832.0868195
-832.0799042
-832.072697
-832.0441992
-832.0397189
-832.0299983
-832.0299897
-832.0214732
-832.0051614
-831.9840943
-831.978943
-831.963473
-831.9174002
-831.9014871
-831.8984006
-831.8611378
-831.8499075
-831.8414189
-831.8406954
-831.8347763
-831.825562
-831.8186089
-831.7815417
-831.7596433
-831.7567099
-831.7435272
-831.7345228
-831.731768
-831.7290745
-831.7235559
-831.7195371
-831.707984
-831.6994827
-831.6854353
-831.6837087
-831.5777048
-831.5568382
-831.5371868
-831.5312338
-831.5120095
-831.4975105
-831.4813118
-831.456471
-831.4275308
-831.3945287
-831.3890003
-831.3723041
-831.3654182
-831.3598353
-831.338212
-831.3365392
-831.3118735
-831.198755
-831.1793124
-831.1534906
-831.1345175
-831.0680673
-831.0676863
-831.0399021
-831.0356065
-830.9076232
-830.9043574
-830.8867502
-830.8862693
-830.8143395
-830.6732746
-830.6624961
-830.6608181
-830.6565648
-830.6101269
-830.5710583
-830.5535818
-830.4666961
-830.4612733
-830.4547302
-830.4532581
-830.4499007
-830.4275809
-830.4028301
-830.3699895
-830.2406172
-830.1254597
-830.118141
-830.0686145
-830.0661922
-830.0488435
-830.0443718
-830.0267131
-830.0146591
-829.9725833
-829.9539366
-829.9082202
-829.891768
-829.8656593
-829.6457698
-829.540934
-829.5057217
-829.4631793
-829.4571539
-829.4453337
-829.4048986
-829.4001766
-829.3863512
-829.3663879
-829.3506617
-829.3463436
-829.2983636
-829.2133956
-829.1654317
-829.1348746
-828.9796563
-828.9156561
-828.8592121
-828.7658174
-828.6917651
-828.6860386
-828.5249476
-828.4939276
-828.4326365
-828.4313915
-828.3995351
-828.3296508
-828.3171769
-828.3096523
-828.2838763
-828.2518976
-828.1581632
-828.0845566
-827.8899447
-827.8740251
-827.775887
-827.6960628
-827.6608745
-827.6321655
-827.5543297
-827.5146603
-827.4171572
-827.3610081
-827.280734
-827.2631262
-827.0749123
-827.0534318
-826.9946389
-826.9700175
-826.4884878
-826.4788526
-826.4579164
-826.4309664
-826.4286157
-826.4268475
-826.3466752
-826.0328498
-826.0184823
-825.9304
-825.7918206
-825.7592342
-825.5572044
-823.44516
