-830.488846
-830.4885069
-830.4732101
-830.4666961
-830.4612733
-830.4596726
-830.4547302
-830.453547
-830.4532581
-830.4526881
-830.4499007
-830.4366392
-830.4356763
-830.4275809
-830.4247393
-830.4238999
-830.4231595
-830.4218168
-830.4147519
-830.4028301
-830.3965873
-830.3788778
-830.3786975
-830.3729959
-830.3708064
-830.3699895
-830.3638025
-830.3395535
-830.3387097
-830.3268278
-830.3186249
-830.318432
-830.3098061
-830.3024436
-830.2976936
-830.2976642
-830.2950228
-830.2906434
-830.2870467
-830.2848368
-830.2841515
-830.2827184
-830.2754338
-830.2740112
-830.2725258
-830.2720012
-830.266823
-830.2558941
-830.2415818
-830.2406172
-830.2394007
-830.2343519
-830.233415
-830.2334096
-830.2329568
-830.2101689
-830.2059948
-830.1951017
-830.184466
-830.1818139
-830.1744464
-830.1654915
-830.1620628
-830.1536785
-830.1293861
-830.1269915
-830.1265756
-830.1254597
-830.1250297
-830.1211798
-830.1202859
-830.1188273
-830.118141
-830.1133418
-830.1070949
-830.0978344
-830.0948452
-830.0867669
-830.0849359
-830.0833026
-830.0802922
-830.0800659
-830.0781614
-830.0686145
-830.067519
-830.0661922
-830.0553082
-830.0515895
-830.0502881
-830.0488435
-830.0443718
-830.0420742
-830.0344505
-830.0332459
-830.0305305
-830.0267131
-830.0212523
-830.0210704
-830.0164779
-830.0146591
-830.0085442
-829.9947932
-829.9763735
-829.9762016
-829.9725833
-829.9723173
-829.9681282
-829.9674557
-829.9667841
-829.9633888
-829.9539366
-829.9455151
-829.9393885
-829.9364702
-829.9350892
-829.9082202
-829.8959857
-829.891768
-829.885415
-829.8846521
-829.8758634
-829.8677182
-829.8656593
-829.8568526
-829.8558832
-829.8512963
-829.8404912
-829.8334222
-829.8316071
-829.8314029
-829.8192797
-829.7943193
-829.794067
-829.7884856
-829.7818247
-829.7682803
-829.7602301
-829.7597314
-829.7508785
-829.7494261
-829.7305833
-829.7270793
-829.7236027
-829.7215033
-829.718784
-829.7175845
-829.7060237
-829.7039243
-829.6948808
-829.694564
-829.6930204
-829.6895788
-829.6758616
-829.6692851
-829.6653707
-829.661658
-829.6608808
-829.6489008
-829.6476681
-829.6457698
-829.639221
-829.6251916
-829.6177608
-829.6138429
-829.6009706
-829.583108
-829.5823412
-829.5665373
-829.5617342
-829.5612986
-829.5607465
-829.540934
-829.5157376
-829.5057217
-829.4901098
-829.4884415
-829.4872686
-829.4868876
-829.4818423
-829.4631793
-829.4571539
-829.4526812
-829.4511913
-829.4494683
-829.4453337
-829.4424049
-829.4407065
-829.4352772
-829.4338395
-829.4300666
-829.4291213
-829.4254733
-829.4133106
-829.4048986
-829.4028934
-829.4001766
-829.3959063
-829.3944408
-829.3863512
-829.3821228
-829.3663879
-829.3613514
-829.358731
-829.3553623
-829.3506617
-829.3463436
-829.3424817
-829.330642
-829.3208338
-829.3112514
-829.3032959
-829.2997331
-829.2983636
-829.2971762
-829.2777707
-829.2762281
-829.2746837
-829.2731009
-829.2385785
-829.2233172
-829.2175678
-829.2148546
-829.2133956
-829.2099229
-829.2056989
-829.1941784
-829.1654317
-829.1460305
-829.1416644
-829.1348746
-829.1342975
-829.1035435
-829.0992874
-829.0834134
-829.0721989
-829.0358667
-829.030308
-829.0265972
-829.0157533
-828.9901561
-828.985706
-828.9796563
-828.9785912
-828.9683771
-828.9648412
-828.9468486
-828.9466696
-828.9423338
-828.9348544
-828.9342694
-828.9156561
-828.889407
-828.8672229
-828.8592121
-828.846319
-828.8150671
-828.8103746
-828.7841634
-828.7720927
-828.7658174
-828.7424931
-828.7342671
-828.7242123
-828.7193368
-828.7107869
-828.706633
-828.7042366
-828.6917651
-828.6860386
-828.6516103
-828.6308485
-828.6109429
-828.5940088
-828.5714087
-828.5654756
-828.5618249
-828.5280964
-828.5249476
-828.5078125
-828.4939276
-828.4905511
-828.4848077
-828.446151
-828.4441907
-828.4354371
-828.4326365
-828.4313915
-828.4282585
-828.4102911
-828.4063075
-828.3995351
-828.3757984
-828.3754053
-828.3708623
-828.3595238
-828.3526124
-828.3518837
-828.3410963
-828.3296508
-828.3268408
-828.322145
-828.3171769
-828.3098082
-828.3096523
-828.2874944
-828.2874502
-828.2850138
-828.2838763
-828.2668528
-828.2611805
-828.259334
-828.2518976
-828.2309527
-828.2176942
-828.214077
-828.2080248
-828.1984877
-828.1905349
-828.1581632
-828.1503622
-828.1186754
-828.0955827
-828.0845566
-828.0599114
-828.0514319
-828.046017
-828.0422164
-828.0355888
-828.0191549
-828.016042
-828.0144754
-828.0026578
-827.9902783
-827.9872503
-827.9777839
-827.9663744
-827.9616008
-827.9426577
-827.9034762
-827.9029139
-827.8977113
-827.8947813
-827.8941437
-827.8899447
-827.8740251
-827.8663553
-827.8567976
-827.8410394
-827.8350178
-827.8249379
-827.8074076
-827.8036579
-827.7995156
-827.7921476
-827.7908399
-827.7759113
-827.775887
-827.7654681
-827.7574631
-827.7175067
-827.6960628
-827.6857699
-827.6840382
-827.6608745
-827.6321655
-827.6288329
-827.5582723
-827.5543297
-827.5461382
-827.5146603
-827.4989155
-827.4904747
-827.469096
-827.4686411
-827.4171572
-827.394455
-827.3610081
-827.3553025
-827.3526899
-827.327058
-827.322525
-827.3077224
-827.3037634
-827.2930301
-827.280734
-827.2766708
-827.2631262
-827.1925616
-827.1813764
-827.1640261
-827.1430143
-827.1374503
-827.1165989
-827.1156222
-827.083349
-827.0749123
-827.0534318
-827.0224624
-827.0196305
-827.0138535
-826.9946389
-826.9700175
-826.9429788
-826.920488
-826.9025151
-826.8613773
-826.8500927
-826.8364206
-826.8328951
-826.8231768
-826.8190784
-826.8086649
-826.7438678
-826.7433242
-826.6935917
-826.6860786
-826.6712333
-826.6686985
-826.6171973
-826.6140332
-826.5758205
-826.5463736
-826.5440173
-826.5337903
-826.5293148
-826.5217121
-826.505064
-826.4884878
-826.4788526
-826.4649159
-826.4579164
-826.4309664
-826.4286157
-826.4268475
-826.4089053
-826.39546
-826.3883889
-826.3752881
-826.3733045
-826.3466752
-826.3370125
-826.2960585
-826.2639492
-826.2442125
-826.1312112
-826.1284603
-826.1206641
-826.0449645
-826.0328498
-826.0225394
-826.0184823
-826.0018683
-825.9764779
-825.9618406
-825.9304
-825.9082179
-825.8813755
-825.8692301
-825.8204695
-825.7918206
-825.7760976
-825.7656512
-825.7592342
-825.7216272
-825.713106
-825.7096514
-825.6473289
-825.6375754
-825.587347
-825.5572044
-825.5307751
-825.3667159
-825.3582698
-825.3483322
-825.3331035
-825.263557
-825.2456871
-825.2358068
-825.1284499
-825.0403953
-825.008379
-824.9817332
-824.9812259
-824.9603133
-824.6457501
-824.456622
-824.4521934
-824.2111431
-824.1695255
-824.1423691
-824.0922702
-824.0279586
-823.9614113
-823.8720227
-823.6378867
-823.44516
-823.079279
-822.6472704
-821.9280634
-821.4296453
