0.0461704 2.65044 105.472 2.47949 
0.00956266 0.087605 34.5017 4.2041 
0.100686 2.63605 119.139 6.00144 
0.0878663 0.00631674 56.3259 7.3193 
0.0654973 0.374468 85.8393 3.6728 
0.0663943 1.03486 103.685 7.76018 
0.124053 0.845826 35.2713 2.05961 
0.331313 0.182806 38.7093 3.08481 
0.105243 4.53802 284.506 5.59422 
0.0228657 0.0822292 19.8356 3.0284 
0.113953 5.8626 358.055 2.09407 
0.0705035 0.054199 61.5857 5.81946 
0.0647901 3.9395 116.013 3.3889 
0.274492 4.86168 417.324 2.56479 
0.0682391 5.7637 322.969 3.79749 
0.0603524 7.74101 194.187 2.6996 
0.235899 0.028912 38.4706 4.77557 
0.129389 9.65126 359.098 4.701 
0.301875 0.101072 27.8367 3.12725 
0.303788 0.38959 45.6009 2.63299 
0.300171 4.60432 120.01 2.08669 
0.469878 0.389814 40.0115 3.36199 
0.0777661 1.31071 178.13 5.36603 
0.0246138 0.178281 60.2265 5.25291 
0.0794259 5.14364 488.307 2.43766 
0.0414913 1.59511 118.328 2.418 
0.0467613 3.45513 212.45 2.61704 
0.175986 0.0417778 34.5485 4.20702 
0.486286 5.17366 142.376 4.96123 
0.0300626 0.780498 67.956 3.53955 
0.101011 1.26414 73.1163 2.02586 
0.21686 0.268862 81.1827 5.11476 
0.513477 6.70354 185.259 4.87079 
0.218894 0.0239225 27.5725 3.75232 
0.340812 7.49366 436.007 6.70743 
0.0550964 0.24253 32.9391 2.41912 
0.0482596 0.0101577 32.3835 4.35845 
0.415309 0.672166 39.8804 5.45761 
0.0880321 0.68914 44.2193 2.09846 
0.00532403 0.16116 55.423 7.44067 
0.00500985 0.109128 32.104 4.77731 
0.105529 1.00851 34.5691 4.76016 
0.0171 0.254611 41.8718 3.98235 
0.450518 28.0329 413.617 3.53868 
0.0585374 0.236714 21.2817 2.56827 
0.200981 0.235789 76.0939 4.71966 
0.347313 4.11926 66.0272 2.40062 
0.0305559 0.0423484 44.9713 5.25316 
0.164784 1.77722 140.052 7.64327 
0.190063 6.74533 449.767 6.52941 
0.106707 0.774642 58.4764 2.09993 
0.439779 29.165 332.691 2.72409 
0.11392 0.344494 36.3107 2.26707 
0.00673457 0.0988332 32.9324 4.80419 
0.0133295 0.0173865 48.4138 7.9538 
0.0603325 1.529 158.33 2.38137 
0.0554335 0.901083 120.376 3.94697 
0.145327 0.284506 61.2855 2.55386 
0.0344397 1.47452 63.3326 2.67131 
0.112069 0.213729 34.176 5.88046 
0.48623 4.41414 68.5687 2.6656 
0.0763142 0.0371312 41.5358 4.17212 
0.079548 0.67409 118.973 5.86427 
0.0397371 1.22315 89.0364 3.3699 
0.117499 1.77589 246.748 3.01317 
0.404018 3.32361 58.1447 4.12245 
0.339798 4.01535 96.8704 5.45529 
0.0375407 0.0473832 57.1502 6.66675 
0.433873 3.87172 232.084 7.19764 
0.499526 2.5365 101.973 6.51994 
0.0865824 2.98698 329.161 3.99456 
0.114131 2.307 153.923 2.09944 
0.0551767 2.23274 58.2712 2.39528 
0.218655 0.0283805 26.0464 3.65428 
0.176281 7.34339 369.173 2.10688 
0.0224926 0.0147049 41.0754 5.48851 
0.116556 3.69947 62.6351 2.46079 
0.376711 30.9332 472.902 3.66463 
0.146738 16.7056 465.755 4.11129 
0.241049 6.53338 110.002 3.81253 
0.00941439 0.488389 48.824 5.47506 
0.047648 0.277547 66.5239 4.34303 
0.200286 0.262911 56.4921 2.9122 
0.394929 5.02891 209.435 7.50786 
0.0535206 1.46134 167.915 3.1382 
0.155022 9.0206 145.088 2.68817 
0.131439 0.0101708 47.9154 7.40848 
0.0902965 0.427521 78.293 2.71936 
0.308557 7.27125 388.766 7.59303 
0.0136408 0.00693384 36.8453 5.27719 
0.269922 4.1529 153.291 7.26573 
0.513755 3.08653 113.718 7.79292 
0.434085 0.714923 29.7097 3.84002 
0.0748333 0.154938 62.629 4.96017 
0.0551311 0.888241 116.723 2.71892 
0.116355 3.70102 324.149 3.74247 
0.0468267 1.47453 58.4802 4.62515 
0.158387 0.0554373 29.6785 5.14219 
0.210988 1.26571 128.6 2.45876 
0.0468988 1.47592 119.24 3.02514 
0.207949 3.102 90.3947 5.82727 
0.347823 0.733773 58.1445 2.67408 
0.0867683 4.09648 147.772 4.07747 
0.31106 0.0714118 34.3071 3.80185 
0.0397179 1.66673 64.0845 3.06217 
0.0839276 1.93446 223.492 2.99371 
0.210582 2.03858 76.3196 2.08 
0.110966 0.0661943 34.4288 3.37015 
0.0661121 7.4897 385.807 2.242 
0.0489563 0.165551 43.0938 7.57606 
0.265156 1.08729 84.1995 2.37787 
0.134385 5.81777 283.775 2.14084 
0.0726969 2.06818 196.57 4.26819 
0.446808 2.54028 76.8352 6.01288 
0.153428 2.33308 185.261 7.017 
0.449346 2.46187 105.546 3.06473 
0.0499984 0.0935876 39.8568 3.63045 
0.159209 0.393356 45.7038 2.25748 
0.153793 1.10053 187.558 4.89136 
0.299991 3.6719 311.538 4.13744 
0.00443258 0.151233 46.3578 6.74811 
0.352111 4.71646 90.2888 4.23302 
0.358351 0.267189 25.7055 2.87965 
0.530097 1.31318 65.1547 5.47506 
0.0848535 0.933432 54.858 2.05113 
0.0447444 0.0689646 22.8506 3.46655 
0.0628613 4.13133 151.456 3.47371 
0.453103 0.828857 57.5217 3.68816 
0.120664 0.0924647 25.4933 2.74519 
0.0474753 0.209929 48.9385 3.57772 
0.474713 1.80571 39.4591 3.42944 
0.0423612 0.71927 71.7615 3.11307 
0.248871 1.26272 136.542 3.15545 
0.0691293 0.0165121 56.1466 7.34268 
0.449603 4.27131 100.852 4.28506 
0.0647604 5.64109 410.267 2.45265 
0.286028 1.09831 142.395 5.02379 
0.454532 4.34471 105.852 4.6084 
0.0852781 5.78218 110.479 2.56397 
0.0800143 0.00688794 36.3293 5.28387 
0.0169665 0.0201036 26.1127 3.92173 
0.491763 0.741988 52.4369 6.59495 
0.102918 4.63713 309.74 2.16214 
0.0883393 1.0404 140.61 4.58992 
0.457754 0.420314 36.356 4.58331 
0.534358 1.39103 91.18 7.69168 
0.33975 0.972022 57.5559 2.48931 
0.0614046 0.592036 92.0896 5.23257 
0.399616 0.314979 77.7621 7.89087 
0.0388799 0.00829321 41.6653 5.99997 
0.44933 0.561142 40.6348 3.25673 
0.0942167 2.97412 392.049 3.0764 
0.192006 0.130805 41.4155 3.07893 
0.323776 4.13272 72.8713 3.99262 
0.45065 1.43408 85.6702 4.55686 
0.276849 2.04244 209.125 4.38547 
0.176939 1.03649 162.847 5.69026 
0.103131 3.59453 86.533 2.19288 
0.232288 0.157221 32.9219 5.05504 
0.188772 0.472856 65.2299 2.58152 
0.07412 1.87888 176.408 2.82464 
0.0160386 0.311354 42.042 4.33401 
0.189673 3.60348 107.665 4.98529 
0.128175 2.79332 49.7993 2.53034 
0.107442 0.0243191 42.9742 5.04706 
0.0821477 16.603 354.916 2.44942 
0.248045 0.367036 59.4575 3.25629 
0.340781 6.39815 346.387 3.61472 
0.0666451 1.80565 60.1955 3.67424 
0.328391 1.07463 114.007 5.499 
0.0608751 0.111197 20.0095 2.89832 
0.0974389 2.91813 249.368 3.48484 
0.0978888 1.20952 132.847 6.07316 
0.297387 6.49969 113.169 3.42592 
0.270746 1.38685 38.8535 2.24509 
0.141577 0.174044 43.5699 3.039 
0.0798803 1.50506 78.0625 6.07254 
0.0341529 1.55831 56.1626 3.30197 
0.0149122 0.227856 37.9517 4.54018 
0.272294 3.66024 275.799 4.01581 
0.250988 0.73759 40.6456 2.3544 
0.130747 0.0399021 36.9159 4.34646 
0.165753 8.28227 210.321 2.0487 
0.0608779 2.76761 220.667 3.13524 
0.275399 3.58796 85.4754 2.13734 
0.161695 0.26319 52.7079 2.90961 
0.0104573 0.134389 38.9641 5.23356 
0.247454 3.37011 255.326 6.20265 
0.116983 3.53078 77.7345 3.29279 
0.183836 2.69276 275.77 5.47612 
0.0445972 0.28255 63.3813 4.435 
0.0429009 1.0236 33.4335 3.11489 
0.0406316 0.509889 48.3485 2.78654 
0.0669943 1.74315 54.4958 3.44391 
0.244255 6.01972 84.8512 2.78243 
0.101049 2.89646 108.431 4.27037 
0.289172 0.763363 26.5021 3.41928 
0.262832 8.20754 404.463 5.60492 
0.373697 8.29898 331.186 3.50439 
0.21906 24.8373 417.688 2.31212 
0.126493 2.65262 170.985 5.57812 
0.0347495 0.0195478 25.5859 3.73616 
0.161527 0.730232 127.254 6.46454 
0.0559209 0.560908 78.9368 3.21059 
0.252175 0.488227 28.1294 2.3446 
0.33554 33.1539 465.238 2.36264 
0.343768 1.38427 122.628 5.05212 
0.0680017 3.62969 263.767 2.82194 
0.214023 8.7779 140.047 3.03664 
0.062717 2.05778 61.1745 3.42365 
0.0594196 0.0289812 61.0675 7.76455 
0.280959 1.35664 156.524 5.16893 
0.216995 4.03993 303.851 2.57336 
0.0897945 0.354068 24.7537 2.3974 
0.0101629 0.0317801 31.6168 4.61263 
0.00779205 0.0854202 26.1827 4.07364 
0.141624 0.133435 23.6639 3.12733 
0.186132 9.68047 157.161 3.00437 
0.12838 1.88924 175.415 5.81137 
0.0960473 6.11847 377.365 2.35529 
0.346518 0.374574 76.2564 6.84322 
0.190774 0.371333 37.9798 2.49025 
0.0989288 2.68216 260.894 3.12059 
0.158571 14.8592 292.953 3.29199 
0.10538 1.76212 115.075 5.73259 
0.363871 2.22123 121.408 3.43235 
0.0218829 0.145188 28.3068 4.34985 
0.338612 5.26502 249.882 2.81465 
0.0752902 1.28779 121.347 2.68302 
0.273326 0.0756427 32.008 4.2864 
0.346529 7.73932 154.26 3.93565 
0.28417 4.4364 245.204 5.93035 
0.153038 4.95376 426.878 4.10788 
0.134728 0.188204 85.6254 7.44934 
0.211699 1.84921 39.3841 2.25165 
0.463815 0.422033 53.5739 5.67655 
0.133431 8.4542 399.049 3.68477 
0.457027 0.375238 51.2684 5.43098 
0.0931654 0.182854 59.1341 4.27508 
0.035181 0.0701847 26.9452 4.34942 
0.0143245 0.0882703 45.5618 7.47353 
0.00470386 0.203944 46.2036 6.70484 
0.0759385 1.66323 131.658 4.91768 
0.067999 0.541517 38.8536 2.52913 
0.161336 1.29771 112.34 2.56139 
0.114558 3.83792 82.8464 2.26141 
0.336824 5.75378 281.588 4.12907 
0.226848 2.21554 202.99 3.19845 
0.178023 5.02683 320.127 5.17134 
0.0189362 0.144798 36.7078 4.03589 
0.135667 3.30112 190.017 2.22239 
0.0199669 0.0661112 48.406 6.11251 
0.370128 5.42874 88.3364 2.53222 
0.204896 0.83477 113.784 4.25781 
0.0546543 0.816264 30.0307 4.04732 
0.323358 0.887666 80.9039 3.70508 
0.0869942 0.575953 70.7367 2.76824 
0.339519 1.26247 44.8093 5.61115 
0.16945 0.830727 31.3912 2.19544 
0.266675 0.0845234 45.0313 5.02388 
0.0983256 0.0214266 27.283 3.75231 
0.120632 7.39853 394.964 3.90486 
0.208402 0.105265 55.3906 5.23922 
0.0579844 0.110446 28.1682 2.94175 
0.0459586 0.0528901 23.3769 3.79867 
0.0575599 1.32306 88.4069 4.43834 
0.190574 0.0359182 32.2792 4.73636 
0.202874 0.591521 92.3617 4.45801 
0.195667 1.9599 162.782 2.81882 
0.156961 0.457483 88.5731 5.17731 
0.0253106 0.161212 25.755 4.11037 
0.0830229 0.180527 60.1099 4.79758 
0.440265 1.09548 65.4024 4.68188 
0.0490347 1.05768 67.9354 4.07532 
0.273332 0.0856521 44.1938 5.55237 
0.453577 1.33216 64.6794 4.87357 
0.0431822 0.170728 36.2369 2.93923 
0.152261 1.71712 60.4873 5.98345 
0.212451 7.31601 445.454 3.66254 
0.253036 3.00002 114.096 5.51549 
0.0181654 0.349115 57.068 7.59684 
0.13484 0.501938 99.4587 7.85983 
0.406927 4.83253 101.311 3.02666 
0.114368 1.9397 128.335 2.34696 
0.159512 7.25177 222.415 2.2158 
0.0310642 0.462654 55.0605 5.59358 
0.076348 1.12707 72.9692 7.54546 
0.0516503 0.021076 35.6957 5.24848 
0.178995 0.184479 46.0404 7.40876 
0.0617181 2.42793 112.14 2.4682 
0.290495 1.35465 110.532 4.44751 
0.0227969 0.190681 35.5452 3.8502 
0.270461 11.5316 486.955 4.07132 
0.116764 0.581916 83.191 3.49434 
0.055559 0.953021 78.1558 3.00239 
0.217567 0.248082 32.7075 4.87001 
0.0493256 0.883202 31.6211 2.83107 
0.252204 1.66666 70.1776 7.51602 
0.235094 2.40938 167.654 3.56457 
0.389766 1.32729 72.4276 4.05364 
0.221261 2.8759 186.668 4.86182 
0.120526 2.93246 93.738 3.99473 
0.228905 1.35613 105.759 2.83065 
0.124359 1.33543 135.079 5.0126 
0.198642 2.4087 102.034 5.29089 
0.203101 1.82907 76.419 7.60911 
0.052895 1.21733 79.2066 2.82089 
0.0123248 0.0488011 48.7894 7.50753 
0.0882094 0.0161843 46.0488 6.69494 
0.0673766 0.116825 34.906 5.90212 
0.424909 0.564942 32.8266 3.70093 
0.0536542 0.0641091 27.4114 3.43087 
0.365331 6.41479 130.598 2.99864 
0.0266323 0.449619 62.4871 6.96324 
0.0305024 0.106515 23.3358 3.54203 
0.0621851 0.611397 62.8888 3.05322 
0.252646 0.266502 30.7985 2.73264 
0.0973558 4.00448 252.677 2.19571 
0.186712 0.837936 80.0788 2.63449 
0.186696 2.36469 205.171 4.21894 
0.0865273 4.70066 175.223 2.97916 
0.208624 2.2423 165.83 3.46839 
0.0663914 1.53773 48.3001 4.11782 
0.251382 1.00033 92.2349 5.30656 
0.166736 2.03624 52.6024 2.3157 
0.0163595 0.21023 33.4636 4.35201 
0.377831 0.470522 33.9981 3.01447 
0.126109 3.46349 106.872 2.5401 
0.180405 2.07695 44.3427 3.63028 
0.337742 1.16623 85.9518 5.4563 
0.0509 0.97389 36.2945 2.85879 
0.0577711 0.826618 52.2969 2.89399 
0.0154947 0.0292935 46.9228 6.96113 
0.0475891 0.021556 41.9824 5.94648 
0.0430097 1.02662 37.2832 3.5504 
0.393426 2.06911 72.8674 3.51581 
0.295121 5.90444 270.652 3.79655 
0.122392 0.537304 81.1391 4.35299 
0.204972 2.40447 182.611 3.8623 
0.374171 0.364118 56.8447 6.41436 
0.0857911 0.74393 83.4966 6.54874 
0.219327 19.827 390.316 3.10517 
0.15379 0.369707 67.6149 3.57794 
0.0203529 0.0651082 29.0732 4.72311 
0.0691979 0.987298 33.8641 2.87535 
0.394637 1.21585 60.3663 3.76183 
0.118108 0.570251 35.6324 2.30782 
0.0785339 8.77199 316.383 2.39007 
0.0209224 0.101051 29.2654 4.84253 
0.114968 0.407238 43.644 2.43994 
0.0272666 0.204756 35.0709 3.41484 
0.0755643 0.861858 31.7061 2.78185 
0.0605924 0.168879 23.7311 3.51595 
0.256503 7.57542 123.524 2.94856 
0.0820053 0.242228 48.7893 3.54863 
0.0988304 6.02463 295.361 3.14417 
0.268427 1.08551 38.9493 2.47007 
0.333346 0.91958 66.7925 4.36406 
0.0275581 0.0521331 29.7968 4.09892 
0.142584 0.0965271 58.8662 6.3682 
0.0851898 0.12604 44.0881 7.44335 
0.186232 0.0497237 30.1483 4.36073 
0.0980487 0.0599665 49.8366 7.84297 
0.125718 4.19428 200.696 3.17997 
0.139186 0.248084 54.276 3.92502 
0.348972 1.79352 53.1073 4.33833 
0.11168 0.164617 24.5502 2.96873 
0.219117 5.21204 192.02 2.3452 
0.0527386 0.908131 57.7046 3.33451 
0.155462 2.14567 181.317 3.88757 
0.0725879 2.01341 95.1111 2.8131 
0.199804 1.00636 29.0415 3.0645 
0.0926824 0.306841 85.3457 7.51113 
0.0480368 0.858598 48.3779 5.55042 
0.0722449 2.78159 113.824 3.15846 
0.0587313 0.866633 37.3122 2.69073 
0.0433345 0.061275 43.6006 5.49581 
0.266516 2.62749 122.958 2.80353 
0.188837 0.161287 60.2721 5.46685 
0.13742 0.0512309 40.7624 6.09221 
0.0172283 0.0400342 35.2525 5.04538 
0.406739 0.704115 42.1784 5.26286 
0.0406807 0.156438 23.4519 3.77098 
0.105158 1.99289 53.3727 3.34977 
0.0884736 2.25884 94.6107 2.49189 
0.0776544 0.0273812 32.3408 4.87561 
0.210162 3.92093 145.952 2.36112 
0.195253 5.66747 285.912 2.98239 
0.0928076 1.24937 72.6551 4.85687 
0.153036 0.451598 48.5701 2.72263 
0.0409994 0.0453804 39.9652 5.7995 
0.191798 7.96296 211.037 3.30898 
0.336186 0.363664 66.6245 6.74356 
0.239766 1.54975 104.132 4.7385 
0.0563739 0.302448 53.0882 4.07336 
0.245705 1.47328 108.073 4.54245 
0.238253 1.7847 47.4511 2.55489 
0.0859364 0.647421 52.6761 2.94633 
0.207168 5.50991 260.029 2.65057 
0.130533 2.66356 169.321 3.06704 
0.0889926 0.0415093 28.2021 3.79622 
0.135046 2.0361 52.3363 2.51169 
0.134359 0.0452645 35.9243 4.61891 
0.176251 0.116601 53.191 7.38089 
0.270242 4.1592 138.257 2.89315 
0.106785 1.64293 64.6491 4.71498 
0.133961 4.6993 141.693 2.63669 
0.23341 2.40471 127.859 4.60262 
0.191499 10.257 335.405 2.68473 
0.0342117 0.202933 37.7978 4.18173 
0.103796 2.34032 115.256 2.42947 
0.224078 2.64148 85.5656 4.27709 
0.105075 4.53855 200.434 2.72937 
0.150729 1.84697 101.838 3.9479 
0.152658 0.703609 80.8101 6.75383 
0.16317 8.55085 297.692 2.94452 
0.228306 12.7957 340.727 2.81271 
0.0181548 0.0795335 48.9325 7.00411 
0.0827047 1.27575 42.5099 3.3904 
0.212312 0.155639 32.5106 4.43831 
0.128755 2.2138 126.953 2.58329 
0.166338 1.75057 43.7749 3.04118 
0.343505 2.55099 71.4151 3.11783 
0.0378624 0.672046 48.4246 5.54303 
0.0624094 0.399813 38.0144 5.45263 
0.251899 0.318633 43.4123 5.9215 
0.112809 2.75318 105.282 2.51736 
0.173412 1.09109 35.0687 3.21915 
0.310385 1.15945 57.7758 3.9559 
0.277625 0.944912 63.7599 3.53928 
0.0924179 0.431882 29.8352 4.32356 
0.119802 0.158284 22.8833 3.17302 
0.12981 0.295262 50.2489 3.67713 
0.135251 0.0710057 33.2596 4.51723 
0.148519 2.8926 82.8382 2.99091 
0.250608 2.31764 66.9705 2.78645 
0.0481263 0.0468935 36.4679 4.88799 
0.0958146 0.281803 26.8796 3.10145 
0.186425 0.259233 59.7742 5.1437 
0.0208573 0.0400417 35.5306 5.48346 
0.0689199 0.189587 37.3377 3.3657 
0.170934 0.530843 73.8355 5.9413 
0.126803 1.18448 46.6957 2.52459 
0.0589881 0.0791242 44.0926 6.71496 
0.044498 0.226788 39.7515 4.60107 
0.138121 1.74344 47.6231 3.07726 
0.224082 0.175264 53.897 6.03826 
0.0552403 0.915759 50.0331 4.91938 
0.0622778 0.160212 57.1597 7.05867 
0.0559363 0.60456 47.6295 5.84897 
0.208161 0.762367 85.1891 7.42674 
0.0882767 1.74467 72.8309 3.48749 
0.170874 7.44472 197.662 2.63861 
0.147982 1.65522 84.7082 3.755 
0.233769 0.944934 31.1199 3.6654 
0.163863 0.108627 32.8985 4.02388 
0.258665 0.93068 65.6362 4.70534 
0.0514793 0.115947 24.8666 3.53919 
0.0314231 0.357717 50.5917 6.25378 
0.0879381 0.888121 60.2274 3.145 
0.134312 0.803001 61.5119 3.7876 
0.264745 0.488848 48.118 3.86628 
0.195369 0.486421 55.8937 7.62532 
0.134991 0.782562 62.4035 3.384 
0.236816 0.195689 42.9052 5.33834 
0.185829 1.46208 49.3277 3.61908 
0.111196 0.100681 48.4382 5.90888 
0.257257 0.21983 35.858 3.84336 
0.110783 0.16467 28.2596 4.11491 
0.109016 0.473055 27.7892 2.90579 
0.043518 0.314553 40.9149 4.64195 
0.165169 0.705021 76.5186 6.73423 
0.0672176 0.241871 58.434 7.00808 
0.198714 1.60261 62.1553 3.3242 
0.0558722 0.699687 35.2011 3.39565 
0.144391 1.22994 57.9872 2.99865 
0.0521868 0.248352 54.0919 6.79689 
0.141437 0.988778 64.7893 4.28265 
0.0671179 0.145393 40.9548 5.06327 
0.118939 0.830259 50.7343 3.47099 
0.122961 0.563219 32.789 3.00902 
0.150687 0.617493 64.2765 7.69936 
0.150847 1.0914 40.3507 3.62286 
0.129563 0.67877 46.6693 3.3944 
0.15928 0.985092 35.9863 3.06784 
0.203224 0.33743 37.9269 4.97973 
0.123493 0.58908 56.8509 4.61619 
0.258937 0.633448 40.5871 3.62497 
0.162862 0.181074 33.4476 3.95684 
0.0619434 0.364255 56.4875 7.86712 
0.137475 0.140961 41.428 4.78278 
0.0544816 0.389905 50.3845 5.17257 
0.118622 0.158328 36.759 3.7629 
0.0754196 0.426073 43.498 5.12276 
0.131186 0.897097 45.6163 4.80548 
0.128089 0.497397 54.7797 6.29547 
0.0749042 0.502476 37.6606 3.30156 
0.144896 0.477109 54.0154 6.00388 
0.0812169 0.554195 48.5374 5.05059 
0.0837983 0.325759 41.8105 5.00972 
