0.128089 0.497397 54.7797 6.29547 
0.170184 0.611255 62.5337 6.2398 
0.0852614 0.179955 35.9568 3.91274 
0.069855 0.163396 41.4483 4.59052 
0.0735365 0.290704 50.1829 5.57998 
0.0530641 0.437431 44.4111 4.94479 
0.128915 0.689906 45.9078 3.4304 
0.158468 0.497764 44.519 5.71037 
0.144633 0.368601 60.272 6.00631 
0.19507 0.287406 44.0577 4.30435 
0.151828 0.344017 34.1169 4.54202 
0.143204 0.223225 49.1905 5.9083 
0.192676 0.61607 61.2378 6.05995 
0.242441 0.590948 51.9608 5.59991 
0.0965965 0.435491 44.9103 5.84684 
0.112404 0.534921 32.846 3.34311 
0.192514 0.498356 58.9138 6.86067 
0.0481103 0.300855 43.7061 5.15619 
0.228273 0.633592 47.2455 4.25043 
0.0626808 0.334494 36.425 4.59479 
0.092434 0.343179 34.2132 3.50173 
0.184528 0.798203 56.0462 4.90466 
0.231584 0.395509 46.9331 4.63944 
0.0553335 0.392217 40.5986 4.95966 
0.113911 0.174149 30.4642 3.98228 
0.0624782 0.349013 35.0223 3.69712 
0.121581 0.153738 46.232 5.98945 
0.242591 0.593749 53.6611 5.46158 
0.109196 0.287723 59.3215 7.1485 
0.203863 0.874402 50.9735 5.30683 
0.185295 0.240082 45.7193 5.29141 
0.0789535 0.502576 45.9743 4.38801 
0.0952857 0.414585 29.6611 3.45124 
0.181979 0.325952 34.745 3.88667 
0.130972 0.794567 38.8796 4.1917 
0.131713 0.284619 31.2711 4.13067 
0.109318 0.3732 59.497 6.2711 
0.0989062 0.379421 32.3969 4.02375 
0.193006 0.295252 34.3926 3.60169 
0.234608 0.84428 46.7057 4.17764 
0.144065 0.22336 37.8997 4.80591 
0.200088 0.434804 53.3088 4.9904 
0.189628 0.426018 46.6548 4.18326 
0.154809 0.268077 50.6077 4.94765 
0.122557 0.751313 44.7021 4.16817 
0.121573 0.216991 29.8244 3.79712 
0.242153 0.361789 41.8817 4.60404 
0.0903287 0.634873 50.7677 4.58119 
0.258887 0.410022 48.7746 5.46643 
0.21718 0.315088 39.9954 4.32695 
0.0797716 0.229167 32.1925 3.995 
0.134002 0.917295 44.2363 3.55415 
0.0690279 0.376104 36.4073 3.73176 
0.154111 0.680728 32.2346 3.49584 
0.0609123 0.436404 60.1639 7.02213 
0.150734 0.262745 30.6326 3.65908 
0.111779 0.781033 55.0642 5.66512 
0.143825 0.739581 33.0764 3.73365 
0.0670274 0.601256 44.0116 4.23301 
0.0556219 0.292536 47.2475 4.93039 
0.162557 0.694795 35.1947 2.89985 
0.093278 0.466942 32.0003 3.54179 
0.185472 0.234603 36.5423 3.72636 
0.062002 0.261965 35.5271 4.40115 
0.0740652 0.11424 41.1291 5.85974 
0.0864789 0.772577 43.2971 4.30688 
0.112407 0.718401 56.5226 6.23682 
0.176482 0.588858 55.4024 4.86269 
0.206122 0.433159 35.916 3.76464 
0.15763 0.197258 33.3727 4.20228 
0.0952367 0.43099 63.3397 6.35354 
0.215512 0.29356 41.5964 4.35673 
0.0583081 0.462432 41.2764 4.13712 
0.129912 0.183273 42.8753 4.35233 
0.131931 0.677845 48.2946 4.12887 
0.0807804 0.621018 38.9198 3.83802 
0.15904 0.223707 44.7113 5.17608 
0.220379 0.647715 44.5818 5.32694 
0.0425525 0.292647 39.0556 4.64343 
0.160558 0.403589 51.0123 4.57332 
0.142263 0.156646 37.2351 4.12535 
0.1618 0.868396 45.3514 3.68283 
0.0644761 0.439206 38.4388 4.53169 
0.144561 0.206749 43.6273 5.10952 
0.0864457 0.527271 45.7915 5.5345 
0.0955936 0.171953 37.8518 4.85508 
0.0890902 0.250984 47.3081 6.02496 
0.101945 0.316277 36.8562 4.91817 
0.10785 0.647725 36.4498 3.17173 
0.158875 0.578279 62.0309 7.01664 
0.104779 0.28597 30.2865 3.76128 
0.149431 0.198178 44.9654 4.76175 
0.168507 0.288128 55.1431 5.80557 
0.130234 0.241466 52.9581 6.3556 
0.145696 0.302631 30.7006 3.24962 
0.164625 1.02864 39.5024 3.63593 
0.127608 0.841461 49.0732 4.03772 
0.252123 0.53411 43.969 4.50317 
0.160418 0.553846 62.2506 7.11132 
0.0877022 0.529574 47.172 4.52035 
0.136629 0.715297 54.3669 5.0632 
0.0937519 0.768024 37.2661 3.5725 
0.0710298 0.221582 28.5009 3.53605 
0.147325 0.709851 65.0329 7.37276 
0.147042 0.785153 38.2756 3.83348 
0.182375 0.512892 49.6247 4.30525 
0.154276 0.399525 62.1671 6.67189 
0.179997 0.618889 59.2329 5.74094 
0.061964 0.337024 46.5218 5.95768 
0.140668 0.222838 40.6977 5.35332 
0.194563 0.630135 60.0683 6.25829 
0.108283 0.620716 39.081 4.5636 
0.131107 0.503778 36.3464 3.23683 
0.0778536 0.618204 45.3788 4.95033 
0.111386 0.275516 58.5196 6.82892 
0.148873 0.319148 52.2076 5.39373 
0.0999364 0.319968 62.502 7.07843 
0.0924642 0.519334 36.0935 3.23214 
0.134965 0.699084 50.8393 4.4865 
0.157878 0.706972 39.059 3.13921 
0.178403 0.475472 43.7172 4.59258 
0.214719 0.923783 46.2658 4.42843 
0.136195 0.548916 63.1915 6.99561 
0.0649139 0.427374 39.6131 4.84409 
0.190047 0.266681 50.4536 6.11938 
0.0697309 0.339903 47.228 5.53695 
0.0796213 0.208058 36.7323 3.97812 
0.0921731 0.248723 58.7065 7.36975 
0.0809264 0.144729 39.4448 4.59701 
0.0819109 0.180464 35.5635 4.35703 
0.143119 0.261629 39.8074 5.3766 
0.169627 0.642489 60.0005 6.31673 
0.143002 0.744195 43.3924 3.64279 
0.180346 0.267096 46.9781 5.17682 
0.130686 0.666742 39.0169 4.64058 
0.120445 0.458335 32.8643 3.28448 
0.199875 0.526479 35.9802 3.20513 
0.0684368 0.371793 33.3641 4.14595 
0.1307 0.844417 38.1436 3.85406 
0.114916 0.498761 36.0574 4.61275 
0.0625034 0.238933 50.2663 5.42538 
0.0947987 0.600218 43.0405 3.75544 
0.129575 0.178185 48.8336 6.54591 
0.0868766 0.541055 32.3417 3.48673 
0.141769 0.173684 36.0072 4.58425 
0.0829295 0.487784 34.6437 3.38367 
0.151052 0.91029 48.207 3.90818 
0.142752 0.352315 66.2695 7.49222 
0.0900167 0.196502 39.1684 5.22794 
0.0778204 0.185238 39.635 4.14969 
0.118795 0.236175 38.4448 4.8194 
0.0845698 0.282482 35.885 4.38304 
0.0837525 0.276052 43.6029 4.20381 
0.188911 0.404416 43.5082 5.14615 
0.103202 0.5638 47.263 5.75178 
0.0664496 0.344939 41.4887 4.77375 
0.125157 0.268494 49.9256 6.48542 
0.0778571 0.429742 43.2767 5.14859 
0.175816 1.0089 42.8319 4.00482 
0.0880208 0.744015 45.9543 5.10553 
0.0957755 0.180832 42.5978 5.3284 
0.176925 0.537881 62.2376 6.57063 
0.0686395 0.345024 36.9355 3.71852 
0.239098 0.872034 48.7015 5.15128 
0.106261 0.414256 35.622 3.18652 
0.172876 0.583842 54.9804 6.11669 
0.125901 0.825384 41.5372 4.3519 
0.18623 0.40721 46.1936 4.38892 
0.220527 0.476868 37.3145 3.44286 
0.106564 0.582285 44.2938 4.02279 
0.119772 0.227307 59.8966 7.6326 
0.129614 0.531252 50.1237 4.37072 
0.103782 0.628249 37.4224 3.56708 
0.131753 0.489104 63.5163 6.92629 
0.202674 0.328144 48.8397 5.35561 
0.0758799 0.33362 38.8209 4.64813 
0.132712 0.215713 33.4702 3.77894 
0.139952 0.273125 34.4159 4.06858 
0.13496 0.444746 41.9064 3.6801 
0.244471 0.584067 44.8235 4.27637 
0.0901679 0.271453 34.1383 3.83711 
0.1621 0.590692 35.8477 4.29012 
0.190528 0.483722 55.2088 6.0416 
0.105316 0.239493 32.189 4.00705 
0.140026 0.265691 30.843 3.31286 
0.124558 0.498595 48.5085 5.96476 
0.0930742 0.633037 50.2772 5.31877 
0.143128 0.860849 39.1762 3.56365 
0.124642 0.301424 57.46 6.22728 
0.107372 0.160424 29.6497 4.34225 
0.18911 0.587827 59.9529 5.7907 
0.147154 0.30035 29.8824 3.54255 
0.119277 0.688366 36.3179 3.70127 
0.174344 0.658522 50.1001 5.83014 
0.113605 0.599884 50.329 5.62304 
0.120558 0.6742 55.3297 5.59396 
0.188879 0.443266 37.2248 3.46851 
0.157591 0.792154 52.0643 4.9757 
0.0821864 0.212498 37.6205 4.59544 
0.13185 0.415024 33.6359 4.46125 
0.124432 0.465977 60.1388 6.01131 
0.135556 0.601148 56.8778 6.49155 
0.211513 0.437409 47.6478 5.57067 
0.0926382 0.65708 38.2043 3.69648 
0.0929078 0.644425 38.2161 3.454 
0.14027 0.657085 53.7443 5.20003 
0.0736077 0.197714 41.6742 4.92866 
0.110465 0.683018 34.6271 3.41247 
0.0613639 0.40721 48.6969 5.5648 
0.113989 0.630901 44.4536 3.93208 
0.110362 0.254121 31.7072 4.08458 
0.0969188 0.511047 41.254 3.77728 
0.20363 0.715201 40.6927 3.70075 
0.0687991 0.391232 58.048 5.85019 
0.101942 0.226511 48.5708 5.83666 
0.161676 0.691845 35.119 3.69011 
0.132908 0.655033 45.3162 4.08095 
0.0752738 0.392187 46.947 5.1837 
0.100405 0.242923 44.1819 4.40345 
0.169114 0.498959 57.2741 5.33408 
0.142366 0.323347 38.3138 5.05306 
0.140886 0.575027 60.4389 6.77746 
0.162664 0.613116 63.2921 6.14 
0.13373 0.501232 46.6675 4.03783 
0.156767 0.242702 40.0549 4.82748 
0.153067 0.257629 49.5715 5.33662 
0.108024 0.153443 35.6532 4.23743 
0.132363 0.62712 34.0552 2.99714 
0.150356 0.270756 43.7946 5.37439 
0.114422 0.573329 52.4784 4.85197 
0.0858996 0.463659 29.9494 3.58401 
0.0752742 0.511631 47.7181 5.22544 
0.174148 0.274259 36.0976 3.75569 
0.0732162 0.319303 39.6126 4.27449 
0.0893509 0.30059 39.823 5.57212 
0.114751 0.258846 36.2091 5.12937 
0.220749 0.684263 37.4512 3.75802 
0.151181 0.614522 44.2639 3.80857 
0.120771 0.444042 56.9162 7.25528 
0.15542 0.496836 45.0341 3.74786 
0.0702806 0.374443 42.8942 4.60552 
0.118579 0.688287 49.4796 5.36415 
0.181206 0.27607 38.9005 4.40841 
0.186846 0.51165 59.6173 6.46796 
0.125321 0.411153 32.0582 3.11656 
0.116563 0.76367 45.5995 5.27855 
0.133237 0.325136 30.1586 3.37609 
0.134843 0.207861 46.0047 5.09613 
0.198176 0.632235 47.8925 4.38139 
0.0945641 0.407915 42.1299 4.03769 
0.173288 0.27664 42.3326 5.12973 
0.106875 0.375548 30.9563 3.44782 
0.215689 0.645585 37.8152 3.56122 
0.150403 0.577229 55.6927 5.37736 
0.154875 0.264643 36.3801 3.87623 
0.160992 0.766756 44.9723 3.92905 
0.101681 0.640459 33.8093 3.38817 
0.142949 0.410018 60.357 6.04075 
0.0974665 0.357611 50.3228 5.19138 
0.18238 0.682457 52.8404 5.82338 
0.0823425 0.468705 49.3725 4.93772 
0.0916696 0.553634 34.5186 4.07339 
0.145247 0.606032 31.3809 3.50993 
0.11852 0.550413 57.0494 6.65006 
0.120605 0.661392 33.6872 3.05093 
0.189497 0.274367 40.447 4.56847 
0.150873 0.596919 41.6956 3.67558 
0.0735308 0.591901 38.3966 4.0411 
0.218301 0.48972 46.1151 5.17403 
0.0807786 0.466893 48.4176 4.72259 
0.0996453 0.397474 44.3733 5.44 
0.137902 0.22118 36.8992 3.99214 
0.0810526 0.387071 59.1072 6.35153 
0.122221 0.505305 36.4498 3.48481 
0.0757689 0.407086 39.0598 4.9972 
0.189384 0.706717 48.3355 5.53864 
0.0749042 0.502476 37.6606 3.30156 
0.101743 0.3508 39.8245 4.93943 
0.152095 0.845158 39.4042 3.87297 
0.194065 0.428762 36.117 4.49309 
0.213575 0.410087 35.8561 4.20471 
0.141916 0.528894 35.1554 3.24539 
0.161572 0.420029 46.6432 4.43705 
0.189412 0.441737 56.4597 5.97284 
0.115817 0.436012 56.8176 5.80806 
0.148254 0.378683 38.8525 3.93367 
0.0765915 0.449886 45.3449 4.58804 
0.163928 0.733507 56.4708 5.98244 
0.158752 0.328362 47.0579 4.62359 
0.101733 0.597589 53.079 5.5324 
0.200753 0.623534 42.3248 3.66618 
0.138807 0.296479 31.9961 4.03352 
0.0844549 0.457338 44.3173 4.55975 
0.17119 0.580486 57.1312 5.6703 
0.115602 0.243805 41.9935 5.31729 
0.110724 0.522074 36.3147 3.41188 
0.104745 0.593567 43.2492 3.95888 
0.167737 0.585587 35.1429 3.736 
0.239349 0.484875 38.4057 4.30501 
0.0974552 0.285681 31.1051 3.4072 
0.0922418 0.807059 40.9952 4.4079 
0.0972367 0.300316 32.8413 3.86667 
0.0831109 0.284809 44.5047 4.38383 
0.0829162 0.345402 42.897 5.32613 
0.117182 0.68001 52.4541 5.51688 
0.132823 0.769436 45.0149 4.24415 
0.200867 0.520317 45.7926 4.37985 
0.119744 0.629298 33.0194 3.22519 
0.19434 0.563723 49.7784 4.62663 
0.195853 0.687513 51.1937 5.80451 
0.123073 0.444549 40.5157 4.81592 
0.102656 0.827052 39.2138 4.11576 
0.174106 0.402224 46.4526 4.44559 
0.104958 0.496622 53.1019 5.87764 
0.104308 0.504352 45.4772 4.18675 
0.0872619 0.633412 35.0344 3.39949 
0.216363 0.814614 52.9431 5.08488 
0.139102 0.713172 48.335 4.31226 
0.0737678 0.385719 44.5514 4.61888 
0.0807185 0.250435 40.9236 4.55539 
0.108858 0.233509 36.1017 3.63165 
0.0748245 0.322233 41.5289 4.21505 
0.0881851 0.442272 44.8088 5.24489 
0.137177 0.597754 47.6955 5.70154 
0.122496 0.554696 32.9068 3.12863 
0.0722038 0.348102 42.9584 4.72677 
0.0971096 0.211078 39.0854 4.12645 
0.182459 0.53311 53.3761 5.46072 
0.0811975 0.472439 48.1751 5.60531 
0.132101 0.442265 34.5488 3.80803 
0.144896 0.477109 54.0154 6.00388 
0.143961 0.507134 53.4152 4.93767 
0.107987 0.36199 50.8145 5.81979 
0.194841 0.423272 34.0977 3.37906 
0.178591 0.26302 32.4589 3.95151 
0.0855156 0.484119 48.22 4.94264 
0.182283 0.687469 50.6359 5.17632 
0.173344 0.829476 42.3023 4.10439 
0.113785 0.711753 49.3803 4.81662 
0.150593 0.299514 52.2496 6.00302 
0.126699 0.619344 46.5396 4.07717 
0.0659588 0.263865 42.5352 4.49704 
0.170921 0.330331 40.5947 4.32812 
0.194819 0.514239 50.7926 5.0371 
0.09346 0.357838 44.2837 5.30375 
0.142431 0.589784 33.0239 3.50009 
0.0907384 0.467692 56.5623 5.9102 
0.181593 0.509056 48.447 5.38128 
0.167235 0.533162 33.1559 3.47679 
0.0799924 0.399467 51.1657 5.85204 
0.11632 0.278155 40.0443 4.1179 
0.0731785 0.385979 37.6714 3.75047 
0.180877 0.599921 42.7807 3.81297 
0.132629 0.567973 34.4144 4.05356 
0.0732239 0.269845 48.0868 5.52892 
0.131256 0.681102 39.0652 3.59822 
0.133018 0.733958 34.985 3.30508 
0.117249 0.50224 51.7584 4.99646 
0.121167 0.281921 43.5929 4.96828 
0.10776 0.728244 38.1232 3.96987 
0.162126 0.615418 40.0821 4.49145 
0.192317 0.363025 41.5985 4.74215 
0.121052 0.630897 38.6323 4.58008 
0.051616 0.305582 35.7898 3.95667 
0.2206 0.514665 50.9952 5.42672 
0.0865563 0.620961 38.0088 4.01437 
0.137438 0.253897 33.1624 3.81372 
0.0930429 0.346586 35.5862 3.94398 
0.10062 0.485174 48.1903 5.64653 
0.142522 0.546023 52.1375 4.98718 
0.156926 0.251399 40.5508 4.6294 
0.12261 0.670647 48.2207 4.88638 
0.133337 0.313216 47.3306 4.67625 
0.223635 0.406533 37.7852 4.18606 
0.137754 0.577058 50.0463 5.91461 
0.142624 0.310763 53.5641 5.62796 
0.141709 0.67463 40.407 4.6739 
0.111944 0.303876 54.325 5.95316 
0.146211 0.648661 41.651 3.81661 
0.0833262 0.288439 44.5841 4.88263 
0.179338 0.519135 44.1385 4.09807 
0.112943 0.255226 46.0264 5.34972 
0.0812169 0.554195 48.5374 5.05059 
0.100867 0.644686 36.6429 3.54772 
0.088819 0.456079 53.3516 5.99457 
0.136516 0.457307 37.2883 4.69494 
0.158468 0.441794 54.2765 5.6417 
0.198495 0.399565 42.4959 4.1512 
0.0687531 0.284674 29.6553 3.70224 
0.199077 0.321091 40.2215 4.13478 
0.160062 0.315129 33.2942 4.00666 
0.103231 0.446279 46.8067 4.76176 
0.141669 0.313522 43.8198 4.71841 
0.183237 0.511429 38.6004 3.74055 
0.0967432 0.215241 39.3782 4.6194 
0.173146 0.724641 34.4948 3.87287 
0.171268 0.755226 39.3838 3.84578 
0.14486 0.392307 36.6624 4.71064 
0.20604 0.364858 38.906 4.39421 
0.147904 0.431229 56.2066 5.70909 
0.0571165 0.314185 45.2875 5.25462 
0.0677668 0.413756 38.6428 4.44496 
0.181336 0.335613 38.4425 3.90431 
0.10003 0.614065 38.9025 4.42534 
0.12125 0.306896 42.4042 4.79665 
0.135546 0.579656 43.269 4.33876 
0.164509 0.427377 57.1918 5.82593 
0.162538 0.797306 48.0085 4.56579 
0.184348 0.523733 38.4904 4.40239 
0.0891899 0.517942 39.3018 4.3757 
0.0827532 0.423193 41.2427 4.82961 
0.111501 0.302385 31.0951 3.25904 
0.111697 0.311716 51.3387 5.6111 
0.163181 0.645051 48.3461 5.41378 
0.12585 0.521707 36.9877 3.27062 
0.0974519 0.291993 39.0501 4.63301 
0.168718 0.356501 31.1693 3.44089 
0.209436 0.352721 43.7553 4.65232 
0.111727 0.463543 43.1735 5.2067 
0.091999 0.47821 33.7414 3.59271 
0.151217 0.27614 43.5767 5.41283 
0.177986 0.710186 38.6732 3.89937 
0.166239 0.610838 38.8159 3.85787 
0.103627 0.55372 43.0004 4.41659 
0.0808449 0.322233 30.9294 3.87171 
0.109352 0.399368 46.7162 5.57699 
0.0923729 0.408811 42.2892 5.15949 
0.147659 0.552184 42.1925 4.00396 
0.0906403 0.43206 35.0255 4.12971 
0.164737 0.300711 42.3066 5.0136 
0.138235 0.62183 40.5081 4.07886 
0.194011 0.64109 47.3634 5.04009 
0.169852 0.776652 44.0454 4.242 
0.101664 0.214372 34.134 4.43987 
0.0950878 0.276034 46.2735 4.90533 
0.100194 0.286273 40.0309 4.45368 
0.128959 0.695398 41.1475 4.10353 
0.0975543 0.408863 47.7781 5.0165 
0.0839128 0.440305 39.096 4.53208 
0.158919 0.315181 45.4114 4.6141 
0.0628837 0.34792 39.8497 4.51567 
0.127396 0.307653 44.2238 4.29596 
0.120479 0.368157 45.2499 4.34391 
0.150546 0.49415 49.3075 5.62814 
0.0818557 0.500243 40.8546 4.41755 
0.153169 0.298729 35.8243 3.89049 
0.0751193 0.349341 43.2641 4.80477 
0.100965 0.395152 34.532 4.26373 
0.0852862 0.299592 34.6679 3.90162 
0.113103 0.317731 47.6042 5.10819 
0.108195 0.333807 41.0476 4.7811 
0.0797824 0.360286 38.93 4.18304 
0.190479 0.449261 34.5261 4.04738 
0.13583 0.422581 50.5551 5.01865 
0.175994 0.624421 42.6353 4.47507 
0.0837983 0.325759 41.8105 5.00972 
0.150813 0.341289 34.6674 3.83369 
0.100458 0.424682 55.3613 5.76682 
0.151123 0.638324 46.9817 4.75625 
0.171985 0.440231 38.0472 3.80297 
0.171429 0.579423 38.0342 3.67921 
0.144769 0.424056 36.2692 3.86609 
0.1679 0.456504 42.599 4.80952 
0.111013 0.411996 35.1714 3.9142 
0.194284 0.505219 48.0508 5.12577 
0.180152 0.526579 39.1061 3.9403 
0.171381 0.29781 39.174 4.0731 
0.0955045 0.28304 34.0807 3.93165 
0.124639 0.426433 45.158 5.31948 
0.134894 0.495965 54.973 6.38322 
0.151424 0.367724 47.5424 4.83358 
0.175958 0.413936 45.4665 4.66639 
0.179287 0.313421 47.7038 5.10914 
0.152617 0.501074 52.4213 5.74069 
0.114242 0.557043 36.2964 4.15064 
0.186054 0.448572 44.2041 4.37034 
0.131797 0.371 41.8004 4.9686 
0.126884 0.217962 37.1379 4.2676 
0.14498 0.397237 38.4047 3.92236 
0.16378 0.566368 39.3593 4.08312 
0.107261 0.66044 37.3435 4.24122 
0.140835 0.35144 43.5845 4.80178 
0.150316 0.492989 46.5224 5.2784 
0.13696 0.445927 38.9686 4.44107 
0.0890906 0.4811 35.4665 4.22024 
0.108167 0.488771 37.95 3.9445 
0.131113 0.414494 48.6457 5.12299 
0.118272 0.544895 45.3043 4.88381 
0.153068 0.597112 36.5752 4.05776 
0.0849944 0.491136 38.9676 3.72858 
0.149202 0.558814 43.2035 4.42262 
0.183758 0.360758 37.0297 4.03786 
0.158849 0.401831 41.849 4.24511 
0.167131 0.42851 44.0135 4.39794 
0.150428 0.444491 41.8939 4.57097 
0.0852013 0.287566 37.2016 4.19788 
0.131245 0.417315 42.7392 4.41265 
0.127775 0.443276 44.5194 4.82286 
0.135114 0.413936 38.4702 4.2779 
0.107732 0.571995 44.6992 4.93891 
