-2632.549546
-2631.765808
-2628.69076
-2627.062277
-2625.783959
-2624.001278
-2618.943242
-2618.232131
-2613.986042
-2604.833059
-2601.27538
-2601.074751
-2598.660141
-2594.871748
-2588.367211
-2588.251177
-2587.615129
-2583.229225
-2579.245308
-2569.848395
-2564.785901
-2564.314351
-2563.970811
-2560.758816
-2554.81798
-2550.317405
-2547.80714
-2534.188468
-2531.925523
-2531.667391
-2528.976877
-2519.019654
-2516.57009
-2511.514679
-2508.983727
-2508.04887
-2505.722794
-2499.669831
-2491.532449
-2488.984695
-2488.883511
-2487.24313
-2483.158891
-2478.367235
-2473.743834
-2471.603671
-2469.132704
-2465.722651
-2464.427146
-2460.834864
-2457.111631
-2455.21598
-2454.338593
-2454.209938
-2453.867545
-2452.89048
-2444.375159
-2440.326507
-2436.370887
-2433.247293
-2432.620207
-2432.079154
-2429.109922
-2426.721889
-2425.514377
-2416.072196
-2404.821697
-2401.053249
-2400.12952
-2397.015724
-2392.557897
-2384.129191
-2383.714764
-2372.775645
-2369.958551
-2362.715397
-2358.354112
-2357.659851
-2356.558844
-2355.869594
-2355.189226
-2354.121086
-2348.449631
-2348.260924
-2336.155272
-2335.118074
-2334.792266
-2327.96337
-2319.887288
-2318.921547
-2315.846314
-2314.361328
-2312.173238
-2308.333421
-2306.997731
-2301.161347
-2298.871688
-2298.670976
-2297.289281
-2292.47546
-2279.184097
-2277.95029
-2276.819299
-2276.179524
-2275.283762
-2271.310872
-2268.505394
-2265.794718
-2263.241364
-2262.480108
-2259.838836
-2259.145203
-2250.973252
-2248.292331
-2242.833968
-2236.38585
-2232.809706
-2231.799849
-2231.222729
-2225.548655
-2207.47309
-2202.838956
-2197.709665
-2192.174829
-2185.005096
-2183.910929
-2179.259688
-2177.685218
-2160.239105
-2155.633481
-2153.854233
-2153.685389
-2149.733472
-2134.242099
-2133.819872
-2129.999148
-2129.154477
-2122.760882
-2117.178023
-2101.092292
-2098.668134
-2093.762878
-2079.7734
-2077.771437
-2073.758147
-2072.260196
-2067.299821
-2064.542302
-2062.495124
-2058.661097
-2057.592513
-2052.604072
-2049.531656
-2048.737253
-2047.126693
-2043.989938
-2043.620252
-2037.525109
-2023.22835
-2017.735515
-2017.517727
-2006.641087
-2003.415436
-2001.446323
-2001.256222
-1995.041267
-1988.710283
-1984.461946
-1975.98115
-1955.909523
-1952.629899
-1938.773568
-1936.841409
-1936.689524
-1934.918518
-1930.938775
-1927.757057
-1927.387905
-1924.366105
-1924.139819
-1918.335099
-1906.614236
-1903.541823
-1902.649018
-1899.693441
-1896.337019
-1895.164144
-1886.199323
-1884.603035
-1878.78761
-1875.197077
-1861.877565
-1851.855126
-1847.589692
-1842.425516
-1827.797321
-1825.308923
-1823.45157
-1823.28843
-1815.203209
-1814.304381
-1809.04035
-1808.170119
-1802.644516
-1802.502091
-1799.039052
-1798.28842
-1795.810079
-1775.094227
-1762.116846
-1759.880861
-1759.092212
-1758.826024
-1752.455703
-1751.472014
-1750.071813
-1748.910578
-1747.540184
-1736.484
-1723.92497
-1720.568714
-1718.944462
-1716.264181
-1695.202371
-1691.429343
-1682.347417
-1676.837746
-1670.89122
-1652.166631
-1643.69153
-1643.304981
-1641.744097
-1641.304058
-1634.542076
-1625.725105
-1621.315913
-1613.844002
-1613.53075
-1601.369091
-1590.814092
-1584.951611
-1578.188847
-1577.254191
-1557.714915
-1555.09268
-1548.221633
-1542.027376
-1532.704266
-1526.770007
-1524.960911
-1519.785959
-1513.226873
-1504.546659
-1504.326983
-1502.704166
-1501.759358
-1498.941305
-1494.32234
-1492.419855
-1490.892858
-1488.13361
-1487.682086
-1485.388607
-1481.286267
-1476.633982
-1476.182826
-1476.012287
-1471.913897
-1471.498959
-1471.188654
-1459.018413
-1456.800195
-1431.213618
-1424.89212
-1421.506454
-1419.091778
-1414.658275
-1412.511562
-1408.786867
-1396.467001
-1394.519203
-1392.12794
-1385.261441
-1382.893407
-1380.92226
-1379.895151
-1378.343838
-1377.022155
-1374.729023
-1371.345675
-1369.773812
-1360.611611
-1356.95825
-1355.012275
-1350.482983
-1345.956529
-1343.405996
-1339.581819
-1336.101099
-1335.304535
-1328.478062
-1326.513888
-1326.267049
-1325.531205
-1323.145736
-1320.746352
-1317.973748
-1309.102319
-1307.9289
-1304.406396
-1301.249849
-1300.185754
-1297.867128
-1295.634888
-1291.154503
-1288.091828
-1286.767851
-1284.839629
-1284.548598
-1284.324895
-1281.918604
-1279.062327
-1275.957034
-1274.698799
-1266.351344
-1264.489519
-1257.45776
-1249.224819
-1247.461137
-1244.279757
-1242.106992
-1236.805631
-1233.799519
-1229.33348
-1226.788444
-1222.838913
-1222.186355
-1221.046685
-1219.547612
-1219.306867
-1218.951454
-1217.68895
-1212.146347
-1210.65848
-1207.653455
-1196.992538
-1193.704691
-1186.146196
-1177.31129
-1172.128759
-1170.8956
-1169.108068
-1167.403608
-1162.912099
-1146.247045
-1141.095259
-1136.790358
-1132.549335
-1131.652719
-1125.341317
-1125.240094
-1121.675115
-1120.989413
-1115.985443
-1114.236856
-1114.008503
-1111.441757
-1108.67411
-1103.84974
-1103.364827
-1102.756467
-1097.803338
-1095.488958
-1094.161908
-1094.041809
-1085.886397
-1085.530256
-1084.667376
-1082.225483
-1074.547762
-1074.474982
-1074.024851
-1073.356726
-1071.680937
-1070.041386
-1060.635833
-1060.280242
-1058.252539
-1056.896716
-1055.279886
-1054.801388
-1054.705524
-1052.818391
-1050.830605
-1050.563086
-1049.191173
-1042.271691
-1041.700368
-1036.587799
-1034.96692
-1034.086373
-1031.59683
-1029.005996
-1027.189906
-1026.262043
-1022.410479
-1021.524386
-1018.267404
-1008.424451
-1004.676116
-1003.473507
-1002.187577
-1001.222352
-1001.081134
-998.2490565
-997.471115
-996.84509
-996.5930625
-995.7582654
-994.3419225
-993.4235878
-993.3866462
-983.2665395
-983.1324777
-981.7465293
-979.7922656
-978.6419699
-973.1365885
-971.0879611
-964.40604
-960.2356262
-958.7748792
-958.4267386
-957.2995719
-956.4776383
-954.6689
-954.2584619
-954.0881161
-950.8631011
-950.1455648
-949.7042998
-947.9631575
-947.7455419
-946.8146461
-943.3899443
-942.9398187
-941.1213458
-941.0246576
-939.137515
-935.7270463
-932.3060666
-931.9102043
-931.563056
-931.0116077
-930.4199148
-928.6772276
-928.5898639
-927.9707509
-927.0306374
-926.1421673
-922.8937692
-921.1658336
-919.8126146
-919.5267178
-917.4290917
-915.8004035
-912.6006706
-912.039994
-912.0113039
-910.2554603
-909.8025274
-909.6260116
-908.1883933
-907.596085
-907.1395385
-906.8357421
-906.5570751
-906.3205406
-900.0827404
-899.7873316
-897.950205
-897.8703213
-897.8535183
-896.9047708
-895.2333573
-892.0475688
-890.4194783
-890.0899235
-889.9200132
-889.2425074
-882.6006373
-880.9216105
-880.8394829
-873.2778804
-869.7573135
-868.54009
-867.5232597
-858.3854072
-857.5367391
-854.533664
