0.109944 0.918694 46.176 5.11525 
0.0443589 0.363062 42.6891 4.43483 
0.129563 0.67877 46.6693 3.3944 
0.0516239 0.162053 43.9931 5.56517 
0.106977 0.43603 51.3271 6.99026 
0.100999 0.138162 44.4507 6.4499 
0.063556 0.551533 41.5025 4.95371 
0.0961572 0.385699 45.5076 3.72324 
0.116891 0.202278 47.7251 4.51575 
0.19207 0.921089 37.9821 2.84647 
0.0696244 0.24875 38.5688 3.65771 
0.0593349 0.257499 43.5523 4.27794 
0.153092 1.01119 59.0137 4.93016 
0.166708 0.128047 47.2205 5.40996 
0.0484468 0.22299 33.2015 4.28694 
0.075094 0.738494 47.3836 5.42673 
0.0841721 0.659095 34.0901 3.45858 
0.0999656 0.487459 41.1018 5.46297 
0.199495 0.797248 44.1281 3.09431 
0.082152 0.177465 47.8026 5.11143 
0.0911932 0.180556 64.3389 7.87977 
0.0662723 0.196591 42.2379 5.4567 
0.0489316 0.260297 33.777 3.65758 
0.176068 0.183888 51.8363 6.304 
0.130716 0.723209 32.2906 3.39546 
0.100119 0.52353 68.8453 6.48919 
0.0453123 0.197743 44.3231 4.88519 
0.0517256 0.262548 46.9885 6.31348 
0.116405 0.887884 58.7668 6.02526 
0.15928 0.985092 35.9863 3.06784 
0.0906324 0.857513 33.2845 3.36495 
0.238756 0.44088 59.5815 6.37137 
0.217557 0.534506 38.7146 5.07842 
0.112488 0.88364 47.3942 5.14163 
0.059937 0.153524 34.6382 4.33296 
0.120681 0.211225 41.3008 3.9298 
0.117679 0.0887566 37.7146 5.59884 
0.0797076 0.277949 49.9269 4.50541 
0.155633 0.748562 54.8998 6.5722 
0.0787335 0.345311 67.0204 7.92774 
0.190618 1.02908 58.956 4.88428 
0.144711 0.334378 76.9492 7.92782 
0.200552 0.563174 39.6192 3.1267 
0.188214 0.479483 75.7618 7.93164 
0.0963242 0.845977 57.7111 4.86253 
0.0660047 0.405998 57.57 5.69857 
0.133839 0.364764 39.4575 3.2143 
0.203224 0.33743 37.9269 4.97973 
0.152974 0.836153 51.2061 3.7173 
0.18247 0.967873 55.8595 5.79789 
0.215264 0.312079 41.6571 3.66543 
0.151167 0.465371 56.2318 4.51961 
0.0669831 0.163 37.5138 4.02111 
0.136275 0.462235 36.8731 2.97232 
0.20489 0.402277 40.5393 3.48127 
0.252615 0.527367 32.9211 3.8939 
0.0610285 0.518893 54.1542 5.69772 
0.0589746 0.228678 50.4432 6.16335 
0.100538 0.633276 46.2052 3.7496 
0.194948 0.72748 60.2743 5.08161 
0.123493 0.58908 56.8509 4.61619 
0.0498482 0.274077 56.595 6.49382 
0.15402 0.553473 61.4269 7.5754 
0.077763 0.310971 29.2292 4.00171 
0.155864 0.327386 64.7385 7.99557 
0.165808 0.280245 33.6609 4.54191 
0.185345 0.942843 61.9911 5.73872 
0.0609579 0.395124 42.9169 5.59642 
0.0573839 0.139508 55.6868 7.69041 
0.0919167 0.385949 48.5321 6.78905 
0.0641743 0.156702 52.6806 6.63662 
0.0683818 0.145339 39.1408 4.31152 
0.16765 0.468829 34.3153 4.68657 
0.0519672 0.255486 54.183 6.19485 
0.0891864 0.937679 50.1299 5.1694 
0.103661 0.274947 36.114 4.51683 
0.154821 0.174324 31.5069 3.83501 
0.156626 0.497688 50.2814 3.7651 
0.0695709 0.305991 57.2354 6.39696 
0.0614033 0.469082 42.2626 5.4051 
0.0847302 0.36375 54.1258 7.04753 
0.258937 0.633448 40.5871 3.62497 
0.0734015 0.268182 53.3568 5.40938 
0.0907796 0.833059 47.771 5.00137 
0.135385 0.339012 34.0394 3.17192 
0.108337 0.899754 41.0042 3.70967 
0.184528 0.628091 67.1927 7.9201 
0.0700126 0.161304 50.7108 5.944 
0.176208 0.293099 52.0789 6.45916 
0.114357 0.547356 48.3095 3.48101 
0.120038 0.766019 29.0524 3.24157 
0.0748754 0.200525 46.9505 6.60082 
0.105229 0.910843 43.6597 4.99363 
0.269649 0.737946 34.7572 3.86883 
0.193148 0.239328 35.2644 4.1987 
0.0810689 0.67187 29.7126 3.55635 
0.0636553 0.54763 46.091 4.70308 
0.0423437 0.330897 49.7148 6.49444 
0.0674141 0.505039 43.6351 3.99978 
0.0934596 0.81194 55.2663 5.12223 
0.122837 0.476348 50.261 6.37322 
0.137934 1.03639 40.843 4.50744 
0.20294 0.580108 31.2853 2.89726 
0.162862 0.181074 33.4476 3.95684 
0.111093 0.268978 61.6397 6.10835 
0.0526997 0.151439 38.1341 4.31353 
0.204274 0.364632 42.7241 3.69617 
0.230049 1.00323 39.7923 3.13749 
0.0938449 0.390598 42.3005 5.47505 
0.0822571 0.159669 30.2229 4.22752 
0.0401681 0.313259 38.96 4.03475 
0.210607 1.11632 48.3367 3.0935 
0.203129 0.720157 34.0892 3.79006 
0.135718 1.17342 47.2224 3.5349 
0.142789 0.476294 41.7903 3.14401 
0.0889138 0.876582 47.051 4.01347 
0.0619434 0.364255 56.4875 7.86712 
0.222648 0.723372 66.002 7.33053 
0.108224 0.947024 44.9999 3.04021 
0.0716483 0.443581 38.265 5.01496 
0.0990414 0.203627 49.2233 5.9805 
0.0539628 0.436595 42.8677 5.31826 
0.122001 0.889843 35.1589 3.10363 
0.0784377 0.499248 52.5445 6.21535 
0.055758 0.211535 43.9753 6.11266 
0.150639 0.224414 38.9498 5.41983 
0.200062 1.16634 48.4997 4.11671 
0.137556 0.10712 39.3754 4.60338 
0.212607 0.618198 54.317 4.51794 
0.0887746 0.716215 56.2677 5.46549 
0.145246 0.173845 46.3772 4.77272 
0.126357 0.575184 70.0403 7.17903 
0.0550423 0.211894 46.0755 6.52129 
0.212841 0.660755 38.3936 4.57166 
0.133096 0.748117 44.6456 5.26523 
0.107328 0.875242 38.9613 3.50558 
0.243981 0.753237 65.966 7.14891 
0.106736 0.148471 37.1771 5.09302 
0.136273 0.250315 62.8735 6.62948 
0.0924714 0.129548 36.7221 4.90503 
0.0979376 0.287327 30.3569 3.73167 
0.212378 1.20977 48.8906 4.04439 
0.0599247 0.510762 35.6208 4.05608 
0.0865738 0.18992 30.8697 4.05714 
0.150977 0.169986 40.1355 5.13807 
0.230806 0.759773 44.1096 3.33668 
0.0649762 0.244761 59.0851 7.61611 
0.0727214 0.49894 30.923 3.66411 
0.0945989 0.664072 48.9967 4.47155 
0.269806 0.60283 46.12 4.2357 
0.16299 0.627961 43.4974 3.23104 
0.0807042 0.237629 39.1486 4.46126 
0.200059 0.232298 44.3342 4.59025 
0.0596981 0.340148 35.1482 4.15278 
0.0584128 0.0909661 47.9607 6.66866 
0.1827 0.773141 49.3926 3.54488 
0.102304 0.711738 63.0284 7.01021 
0.151437 1.07813 42.5136 3.85636 
0.169542 0.729641 52.4914 3.55725 
0.249204 0.720965 41.1792 3.55998 
0.235298 0.690995 33.0666 3.50482 
0.0875603 0.833699 49.1268 5.2518 
0.231989 0.424815 44.5462 3.9187 
0.0971925 0.565323 41.4308 3.51242 
0.143418 0.118404 34.8003 4.59452 
0.279599 0.665399 42.1635 3.80783 
0.130043 0.389928 71.5408 7.85646 
0.151486 0.190986 52.2132 6.28105 
0.157881 0.246542 52.9688 5.40626 
0.161909 0.243994 51.22 6.3141 
0.0721035 0.207701 34.7603 4.63409 
0.097086 0.864394 44.6394 3.57763 
0.0605584 0.415775 49.7134 4.80292 
0.11188 0.348804 29.8172 3.18754 
0.0820159 0.335361 42.2829 3.80286 
0.0657916 0.482793 44.3625 3.98214 
0.0762856 0.180352 47.311 5.57951 
0.0505051 0.223896 50.5647 5.60417 
0.0590606 0.179097 31.718 4.63483 
0.0941491 0.639049 56.3646 4.62724 
0.0465106 0.36512 41.5517 4.65593 
0.0506801 0.442792 33.4585 3.90255 
0.100502 0.754408 49.8045 4.30303 
0.0724796 0.197496 31.9257 3.7804 
0.0810235 0.260474 29.5232 3.46863 
0.137475 0.140961 41.428 4.78278 
0.280006 0.745595 41.3257 4.00056 
0.240306 0.667206 59.3916 5.89414 
0.0601827 0.248084 45.611 4.94707 
0.254374 0.41882 36.7504 4.37793 
0.201119 0.568438 57.6445 5.00877 
0.11484 0.818523 59.1097 6.25175 
0.264832 0.597405 54.9355 6.13847 
0.0544816 0.389905 50.3845 5.17257 
0.122168 0.529695 36.7404 3.05121 
0.10261 0.527581 39.1588 5.06756 
0.103238 0.209548 50.7886 5.22672 
0.113419 0.19577 43.9521 4.25061 
0.0628133 0.274433 35.0014 4.83743 
0.0656811 0.71461 44.0684 4.24304 
0.158469 0.241121 31.678 3.5026 
0.0768614 0.133669 41.666 5.0925 
0.118622 0.158328 36.759 3.7629 
0.0432619 0.393563 42.0965 4.36765 
0.0634415 0.165627 35.1608 4.26876 
0.0925321 0.769961 51.1849 5.383 
0.0549686 0.574443 41.7403 4.53476 
0.154349 0.425457 66.9909 6.91854 
0.129318 0.783601 60.1326 5.43647 
0.0705706 0.363894 31.5003 3.34849 
0.148193 0.767223 33.518 3.31931 
0.227055 0.91231 52.6529 4.9522 
0.122147 0.401072 56.6581 7.51623 
0.125603 0.525651 69.6021 7.24623 
0.184236 0.219915 37.3203 4.31352 
0.0755646 0.555924 38.4328 3.3835 
0.0546601 0.574502 37.357 3.76199 
0.09222 0.242885 31.239 3.46419 
0.202581 0.964854 42.8545 3.32025 
0.182729 0.630478 52.8765 6.33287 
0.125099 0.165203 28.6255 3.78408 
0.211577 0.49609 33.1031 3.25091 
0.156786 0.3242 34.4835 3.11899 
0.117057 0.841314 40.5431 4.60732 
0.0825131 0.171622 44.0602 5.72094 
0.213281 0.79786 55.5158 4.98942 
0.0942329 0.32358 31.6158 3.39862 
0.1005 0.460517 39.8028 5.28154 
0.163 0.53071 59.9846 5.42122 
0.0538776 0.218384 29.0624 3.83673 
0.0920348 0.21832 31.4496 3.40327 
0.141381 0.857552 61.9189 5.33855 
0.0881777 0.356631 32.5943 3.36152 
0.265254 0.727144 51.8219 5.07647 
0.0908057 0.820724 39.5416 3.39696 
0.0959496 0.191998 43.7272 4.53345 
0.154849 1.08141 48.5768 4.19306 
0.208911 0.441589 29.6589 3.2914 
0.102143 0.272601 31.9441 3.26119 
0.224073 0.412304 47.0817 5.50183 
0.115815 0.761854 53.0084 4.54621 
0.087673 0.386453 32.0848 3.52809 
0.225663 0.558013 58.6221 6.49936 
0.0777691 0.357875 34.1149 4.04742 
0.0784893 0.320959 37.5274 4.94074 
0.0742609 0.277535 33.122 4.17254 
0.0802273 0.550184 42.6617 3.74468 
0.0535258 0.188417 36.5005 4.45284 
0.174986 0.171596 39.3253 4.8162 
0.101298 0.441967 64.6376 6.54616 
0.136966 0.815295 37.0917 3.91897 
0.121883 0.449934 34.4468 3.09809 
0.0858271 0.134537 39.6683 4.48838 
0.0542734 0.428959 39.8508 4.24972 
0.163614 0.793978 48.7994 5.46268 
0.204929 0.570217 43.2304 3.56398 
0.232975 0.809455 42.3562 3.54008 
0.0769546 0.264492 57.3199 6.76464 
0.108873 0.589213 55.4964 6.44945 
0.128214 0.235486 56.3823 6.96172 
0.198132 0.426859 46.6564 5.88113 
0.085649 0.206436 52.6662 7.17462 
0.0784931 0.295577 46.1711 5.93044 
0.0663918 0.64341 48.6981 5.3794 
0.0378012 0.248213 37.133 4.25442 
0.164933 0.288305 57.1376 6.18868 
0.102193 0.251975 49.9622 6.71668 
0.0660086 0.417178 31.3252 3.37948 
0.0864128 0.320004 35.8647 3.83624 
0.114494 0.469749 49.9245 4.32429 
0.139918 0.261673 31.4326 3.59137 
0.118313 0.564522 57.5094 5.23874 
0.147533 0.683815 48.2858 3.87505 
0.127251 0.590064 30.7148 3.08658 
0.0567912 0.204913 34.4609 3.55903 
0.0818482 0.228271 38.4188 4.92331 
0.0754196 0.426073 43.498 5.12276 
0.207839 0.352402 55.8088 5.96378 
0.170357 0.792 32.9312 2.88134 
0.161157 0.830478 54.8404 5.09017 
0.187502 0.230682 45.651 5.41332 
0.257497 0.888971 40.0728 3.75556 
0.161974 0.232489 49.9222 6.01492 
0.131186 0.897097 45.6163 4.80548 
0.148398 0.217525 46.4324 4.80171 
0.106106 0.2236 44.3777 5.93528 
0.213535 0.571536 58.9383 6.79673 
0.12711 0.354033 36.7585 3.33481 
0.0875152 0.220228 29.7806 3.45219 
0.221486 0.480589 38.6659 4.26836 
0.210359 0.368128 57.7016 6.64586 
0.17714 0.189581 41.744 4.7987 
0.142035 1.12699 41.99 3.89715 
0.0520592 0.186423 37.6513 4.54268 
0.145612 0.262431 45.1913 6.34244 
0.149393 0.346482 43.9384 3.94094 
0.198402 0.220299 43.9212 4.95136 
0.128089 0.497397 54.7797 6.29547 
0.128915 0.689906 45.9078 3.4304 
0.158468 0.497764 44.519 5.71037 
0.19507 0.287406 44.0577 4.30435 
0.151828 0.344017 34.1169 4.54202 
0.192676 0.61607 61.2378 6.05995 
0.112404 0.534921 32.846 3.34311 
0.0624782 0.349013 35.0223 3.69712 
0.121581 0.153738 46.232 5.98945 
0.109196 0.287723 59.3215 7.1485 
0.203863 0.874402 50.9735 5.30683 
0.185295 0.240082 45.7193 5.29141 
0.130972 0.794567 38.8796 4.1917 
0.109318 0.3732 59.497 6.2711 
0.0989062 0.379421 32.3969 4.02375 
0.144065 0.22336 37.8997 4.80591 
0.189628 0.426018 46.6548 4.18326 
0.154809 0.268077 50.6077 4.94765 
0.242153 0.361789 41.8817 4.60404 
0.0903287 0.634873 50.7677 4.58119 
0.21718 0.315088 39.9954 4.32695 
0.0797716 0.229167 32.1925 3.995 
0.0690279 0.376104 36.4073 3.73176 
0.154111 0.680728 32.2346 3.49584 
0.150734 0.262745 30.6326 3.65908 
0.111779 0.781033 55.0642 5.66512 
0.143825 0.739581 33.0764 3.73365 
0.0670274 0.601256 44.0116 4.23301 
0.15763 0.197258 33.3727 4.20228 
0.0952367 0.43099 63.3397 6.35354 
0.131931 0.677845 48.2946 4.12887 
0.0807804 0.621018 38.9198 3.83802 
0.142263 0.156646 37.2351 4.12535 
0.0890902 0.250984 47.3081 6.02496 
0.104779 0.28597 30.2865 3.76128 
0.168507 0.288128 55.1431 5.80557 
0.145696 0.302631 30.7006 3.24962 
0.164625 1.02864 39.5024 3.63593 
0.127608 0.841461 49.0732 4.03772 
0.252123 0.53411 43.969 4.50317 
0.136629 0.715297 54.3669 5.0632 
0.0710298 0.221582 28.5009 3.53605 
0.147042 0.785153 38.2756 3.83348 
0.179997 0.618889 59.2329 5.74094 
0.061964 0.337024 46.5218 5.95768 
0.108283 0.620716 39.081 4.5636 
0.0778536 0.618204 45.3788 4.95033 
0.111386 0.275516 58.5196 6.82892 
0.148873 0.319148 52.2076 5.39373 
0.134965 0.699084 50.8393 4.4865 
0.214719 0.923783 46.2658 4.42843 
0.136195 0.548916 63.1915 6.99561 
0.0649139 0.427374 39.6131 4.84409 
0.0796213 0.208058 36.7323 3.97812 
0.0809264 0.144729 39.4448 4.59701 
0.143119 0.261629 39.8074 5.3766 
0.169627 0.642489 60.0005 6.31673 
0.143002 0.744195 43.3924 3.64279 
0.180346 0.267096 46.9781 5.17682 
0.130686 0.666742 39.0169 4.64058 
0.199875 0.526479 35.9802 3.20513 
0.0684368 0.371793 33.3641 4.14595 
0.1307 0.844417 38.1436 3.85406 
0.129575 0.178185 48.8336 6.54591 
0.0868766 0.541055 32.3417 3.48673 
0.142752 0.352315 66.2695 7.49222 
0.0900167 0.196502 39.1684 5.22794 
0.0778204 0.185238 39.635 4.14969 
0.125157 0.268494 49.9256 6.48542 
0.175816 1.0089 42.8319 4.00482 
0.0957755 0.180832 42.5978 5.3284 
0.0686395 0.345024 36.9355 3.71852 
0.239098 0.872034 48.7015 5.15128 
0.172876 0.583842 54.9804 6.11669 
0.106564 0.582285 44.2938 4.02279 
0.129614 0.531252 50.1237 4.37072 
0.202674 0.328144 48.8397 5.35561 
0.0758799 0.33362 38.8209 4.64813 
0.132712 0.215713 33.4702 3.77894 
0.244471 0.584067 44.8235 4.27637 
0.0901679 0.271453 34.1383 3.83711 
0.1621 0.590692 35.8477 4.29012 
0.190528 0.483722 55.2088 6.0416 
0.174344 0.658522 50.1001 5.83014 
0.113605 0.599884 50.329 5.62304 
0.188879 0.443266 37.2248 3.46851 
0.0821864 0.212498 37.6205 4.59544 
0.13185 0.415024 33.6359 4.46125 
0.0926382 0.65708 38.2043 3.69648 
0.0929078 0.644425 38.2161 3.454 
0.0613639 0.40721 48.6969 5.5648 
0.0687991 0.391232 58.048 5.85019 
0.101942 0.226511 48.5708 5.83666 
0.161676 0.691845 35.119 3.69011 
0.132908 0.655033 45.3162 4.08095 
0.100405 0.242923 44.1819 4.40345 
0.169114 0.498959 57.2741 5.33408 
0.0732162 0.319303 39.6126 4.27449 
0.0893509 0.30059 39.823 5.57212 
0.220749 0.684263 37.4512 3.75802 
0.151181 0.614522 44.2639 3.80857 
0.120771 0.444042 56.9162 7.25528 
0.118579 0.688287 49.4796 5.36415 
0.186846 0.51165 59.6173 6.46796 
0.125321 0.411153 32.0582 3.11656 
0.116563 0.76367 45.5995 5.27855 
0.134843 0.207861 46.0047 5.09613 
0.215689 0.645585 37.8152 3.56122 
0.101681 0.640459 33.8093 3.38817 
0.120605 0.661392 33.6872 3.05093 
0.150873 0.596919 41.6956 3.67558 
0.0807786 0.466893 48.4176 4.72259 
0.0996453 0.397474 44.3733 5.44 
0.0749042 0.502476 37.6606 3.30156 
0.101743 0.3508 39.8245 4.93943 
0.152095 0.845158 39.4042 3.87297 
0.161572 0.420029 46.6432 4.43705 
0.115817 0.436012 56.8176 5.80806 
0.148254 0.378683 38.8525 3.93367 
0.158752 0.328362 47.0579 4.62359 
0.17119 0.580486 57.1312 5.6703 
0.110724 0.522074 36.3147 3.41188 
0.167737 0.585587 35.1429 3.736 
0.0974552 0.285681 31.1051 3.4072 
0.0922418 0.807059 40.9952 4.4079 
0.0831109 0.284809 44.5047 4.38383 
0.0829162 0.345402 42.897 5.32613 
0.117182 0.68001 52.4541 5.51688 
0.132823 0.769436 45.0149 4.24415 
0.19434 0.563723 49.7784 4.62663 
0.123073 0.444549 40.5157 4.81592 
0.0737678 0.385719 44.5514 4.61888 
0.0807185 0.250435 40.9236 4.55539 
0.108858 0.233509 36.1017 3.63165 
0.0748245 0.322233 41.5289 4.21505 
0.0881851 0.442272 44.8088 5.24489 
0.122496 0.554696 32.9068 3.12863 
0.0971096 0.211078 39.0854 4.12645 
0.132101 0.442265 34.5488 3.80803 
0.144896 0.477109 54.0154 6.00388 
0.194841 0.423272 34.0977 3.37906 
0.126699 0.619344 46.5396 4.07717 
0.170921 0.330331 40.5947 4.32812 
0.167235 0.533162 33.1559 3.47679 
0.132629 0.567973 34.4144 4.05356 
0.0732239 0.269845 48.0868 5.52892 
0.133018 0.733958 34.985 3.30508 
0.10776 0.728244 38.1232 3.96987 
0.192317 0.363025 41.5985 4.74215 
0.121052 0.630897 38.6323 4.58008 
0.2206 0.514665 50.9952 5.42672 
0.137438 0.253897 33.1624 3.81372 
0.0930429 0.346586 35.5862 3.94398 
0.142522 0.546023 52.1375 4.98718 
0.133337 0.313216 47.3306 4.67625 
0.142624 0.310763 53.5641 5.62796 
0.146211 0.648661 41.651 3.81661 
0.0812169 0.554195 48.5374 5.05059 
0.088819 0.456079 53.3516 5.99457 
0.136516 0.457307 37.2883 4.69494 
0.160062 0.315129 33.2942 4.00666 
0.141669 0.313522 43.8198 4.71841 
0.171268 0.755226 39.3838 3.84578 
0.181336 0.335613 38.4425 3.90431 
0.164509 0.427377 57.1918 5.82593 
0.162538 0.797306 48.0085 4.56579 
0.184348 0.523733 38.4904 4.40239 
0.0891899 0.517942 39.3018 4.3757 
0.111501 0.302385 31.0951 3.25904 
0.111697 0.311716 51.3387 5.6111 
0.163181 0.645051 48.3461 5.41378 
0.151217 0.27614 43.5767 5.41283 
0.177986 0.710186 38.6732 3.89937 
0.166239 0.610838 38.8159 3.85787 
0.0808449 0.322233 30.9294 3.87171 
0.147659 0.552184 42.1925 4.00396 
0.0906403 0.43206 35.0255 4.12971 
0.138235 0.62183 40.5081 4.07886 
0.101664 0.214372 34.134 4.43987 
0.128959 0.695398 41.1475 4.10353 
0.158919 0.315181 45.4114 4.6141 
0.0818557 0.500243 40.8546 4.41755 
0.0751193 0.349341 43.2641 4.80477 
0.108195 0.333807 41.0476 4.7811 
0.13583 0.422581 50.5551 5.01865 
0.175994 0.624421 42.6353 4.47507 
0.0837983 0.325759 41.8105 5.00972 
0.150813 0.341289 34.6674 3.83369 
0.151123 0.638324 46.9817 4.75625 
0.171985 0.440231 38.0472 3.80297 
0.144769 0.424056 36.2692 3.86609 
0.1679 0.456504 42.599 4.80952 
0.194284 0.505219 48.0508 5.12577 
0.180152 0.526579 39.1061 3.9403 
0.0955045 0.28304 34.0807 3.93165 
0.186054 0.448572 44.2041 4.37034 
0.13696 0.445927 38.9686 4.44107 
0.0890906 0.4811 35.4665 4.22024 
0.108167 0.488771 37.95 3.9445 
0.118272 0.544895 45.3043 4.88381 
0.183758 0.360758 37.0297 4.03786 
0.158849 0.401831 41.849 4.24511 
0.107732 0.571995 44.6992 4.93891 
