-826.4917154
-826.4904955
-826.4894151
-826.4885532
-826.4884878
-826.4811718
-826.4788526
-826.4763891
-826.4717874
-826.4685698
-826.4678571
-826.4675716
-826.4649159
-826.4648965
-826.4619365
-826.4611529
-826.4579164
-826.4501533
-826.4482417
-826.4475251
-826.4353812
-826.4321969
-826.4309664
-826.4286157
-826.4268475
-826.4199187
-826.4192304
-826.4190135
-826.4176859
-826.4162076
-826.4130871
-826.4089053
-826.4051416
-826.3964308
-826.3964202
-826.39546
-826.394835
-826.3883889
-826.3882393
-826.3871608
-826.3807413
-826.3752881
-826.3748048
-826.3733045
-826.3719803
-826.3719188
-826.367553
-826.3648268
-826.3612658
-826.3607323
-826.3595592
-826.3590513
-826.3547612
-826.3466752
-826.3448916
-826.3445605
-826.3376601
-826.3370125
-826.3356931
-826.3282405
-826.3275468
-826.3249149
-826.3234799
-826.3202576
-826.3082017
-826.2962996
-826.2960585
-826.2956562
-826.2940817
-826.2860606
-826.2857495
-826.2747433
-826.2728198
-826.2667717
-826.2639492
-826.2631572
-826.2588933
-826.2580427
-826.255892
-826.2500634
-826.2454733
-826.2442125
-826.2405383
-826.2385764
-826.2370995
-826.2334793
-826.2293886
-826.2286577
-826.2217706
-826.2156007
-826.2104325
-826.2072196
-826.2043424
-826.1990162
-826.1970076
-826.1923731
-826.1908027
-826.1881963
-826.1876357
-826.1830054
-826.1817252
-826.181615
-826.1797187
-826.1749121
-826.1707912
-826.1567094
-826.150742
-826.14074
-826.1349807
-826.1312112
-826.1284603
-826.1227214
-826.1206641
-826.1200673
-826.1133317
-826.1105985
-826.1040423
-826.0943401
-826.0721366
-826.0698535
-826.069027
-826.0686466
-826.0602578
-826.0517205
-826.0475843
-826.046369
-826.0461096
-826.0449645
-826.0414337
-826.0364776
-826.0354675
-826.0342335
-826.0332503
-826.0328498
-826.0274049
-826.0233581
-826.0225394
-826.0212831
-826.0211796
-826.020696
-826.0184823
-826.018422
-826.0150291
-826.0018683
-825.9968779
-825.9931177
-825.9906155
-825.990541
-825.9850159
-825.9821251
-825.9768934
-825.9764779
-825.9745963
-825.9704312
-825.9629765
-825.9618406
-825.9582871
-825.9577439
-825.9516154
-825.9423664
-825.940996
-825.9368124
-825.9353603
-825.9304
-825.9253562
-825.9221768
-825.9173681
-825.9125012
-825.9107351
-825.9082179
-825.9058741
-825.9050147
-825.8969488
-825.8830133
-825.8813755
-825.8787062
-825.8715731
-825.8709442
-825.8692301
-825.8691863
-825.8593274
-825.8583757
-825.8559581
-825.8465345
-825.8461448
-825.8445608
-825.8406859
-825.8368352
-825.8352636
-825.8351122
-825.8286976
-825.8256394
-825.821162
-825.8204695
-825.8199107
-825.8129072
-825.8082144
-825.8063835
-825.8062371
-825.805788
-825.8040918
-825.8012994
-825.7984997
-825.7918206
-825.7916418
-825.7816118
-825.7815695
-825.7760976
-825.7658105
-825.7656512
-825.7654875
-825.7616545
-825.7592342
-825.7578331
-825.7541873
-825.7483012
-825.7392036
-825.732799
-825.7305806
-825.7303665
-825.7296797
-825.7287779
-825.7251766
-825.7216272
-825.7179175
-825.713106
-825.7120753
-825.7096514
-825.6948683
-825.6764366
-825.6727142
-825.6516675
-825.6473289
-825.6455684
-825.642405
-825.6375754
-825.6368023
-825.6345117
-825.6331752
-825.6323656
-825.628533
-825.6243411
-825.6242177
-825.6240344
-825.6237598
-825.6159857
-825.6137549
-825.6116307
-825.6113143
-825.598009
-825.5962518
-825.5908145
-825.587347
-825.5755534
-825.5753136
-825.5729138
-825.5625208
-825.5572737
-825.5572044
-825.5495518
-825.5463382
-825.5413892
-825.5402635
-825.5365142
-825.5333239
-825.5318974
-825.5307751
-825.5256452
-825.5130105
-825.5093539
-825.5040144
-825.5018428
-825.4872338
-825.4861256
-825.4838852
-825.4833664
-825.477481
-825.4693365
-825.4633746
-825.4622425
-825.4517216
-825.4431747
-825.4341619
-825.4198286
-825.4157103
-825.4151336
-825.4078232
-825.403189
-825.3882311
-825.3738235
-825.3690848
-825.3683881
-825.3667159
-825.3623787
-825.3618238
-825.3582698
-825.3506791
-825.3483322
-825.3478976
-825.3477638
-825.3461039
-825.3447942
-825.3331035
-825.3271776
-825.3144638
-825.2916956
-825.288111
-825.2868662
-825.2845602
-825.263557
-825.2582557
-825.2548442
-825.2533261
-825.2469257
-825.2456871
-825.2427382
-825.2358068
-825.219979
-825.1985224
-825.1906794
-825.1874799
-825.1775873
-825.1729186
-825.1698615
-825.1675156
-825.129112
-825.1284499
-825.1120378
-825.1092229
-825.0861936
-825.0483762
-825.0403953
-825.0332261
-825.0302243
-825.0202075
-825.0176499
-825.0169882
-825.008379
-825.0082944
-824.9817332
-824.9812259
-824.9725508
-824.9614771
-824.9603133
-824.9561672
-824.9492296
-824.9401314
-824.926411
-824.9120777
-824.8959076
-824.8815788
-824.8487919
-824.8472526
-824.8336039
-824.8243956
-824.8086831
-824.7947056
-824.7916645
-824.7657408
-824.7640597
-824.7479435
-824.743406
-824.7331667
-824.7246739
-824.7029318
-824.6949939
-824.6906826
-824.6755936
-824.6610094
-824.6567162
-824.6457501
-824.643924
-824.6364724
-824.6249138
-824.6209561
-824.6051649
-824.6010263
-824.5952229
-824.5937226
-824.5851561
-824.5759844
-824.5632157
-824.5590647
-824.5526956
-824.5446445
-824.5231981
-824.5035243
-824.4666641
-824.4664144
-824.462305
-824.456622
-824.4521934
-824.4515266
-824.4504512
-824.4259339
-824.4233883
-824.405694
-824.4042184
-824.4034821
-824.3848598
-824.3435015
-824.3398106
-824.3337456
-824.3208929
-824.2988387
-824.2980333
-824.2727756
-824.2584449
-824.2376693
-824.2343593
-824.226479
-824.2111431
-824.2106329
-824.204109
-824.1885218
-824.1695255
-824.1685757
-824.1660172
-824.1423691
-824.1341185
-824.1229535
-824.0922742
-824.0922702
-824.0789879
-824.056878
-824.0390116
-824.0336039
-824.0279586
-824.0240365
-824.0025526
-823.9946203
-823.986098
-823.9654607
-823.9643458
-823.9617091
-823.9614113
-823.9600206
-823.9578343
-823.9545666
-823.9375105
-823.9359622
-823.904086
-823.8859624
-823.8841327
-823.8822185
-823.8720227
-823.841162
-823.827111
-823.8196086
-823.8093917
-823.8093193
-823.785941
-823.7105406
-823.7019354
-823.6976324
-823.6702248
-823.6589239
-823.6378867
-823.6005355
-823.5755471
-823.5725555
-823.5442834
-823.4644142
-823.4503956
-823.4480456
-823.44516
-823.4171498
-823.3683742
-823.2444266
-823.2033019
-823.1521071
-823.1143307
-823.1045843
-823.0832002
-823.079279
-823.0643023
-823.057269
-822.9739938
-822.8747242
-822.8314221
-822.8257915
-822.7368272
-822.7193021
-822.6949323
-822.6472704
-822.6333441
-822.6137737
-822.5983704
-822.521659
-822.4881098
-822.4176471
-822.4139453
-822.3118354
-822.2943895
-822.1927659
-822.0881018
-821.9280634
-821.6459053
-821.4296453
-821.3407924
