-inf
-inf
-inf
-inf
-inf
-inf
-inf
-inf
-inf
-inf
-inf
-inf
-inf
-inf
-inf
-inf
-inf
-inf
-inf
-inf
-742379
-601745
-468330
-302256
-220890
-218223
-213951
-172392
-156604
-144954
-129995
-118766
-117576
-109779
-98124.1
-94016.6
-81526
-74743.6
-69354.2
-64830.6
-61339.9
-55281.8
-48844.2
-45665.8
-43610.9
-40350.9
-34020.5
-32106.6
-27327
-20979.2
-19882.5
-18514.6
-18425.3
-17861.9
-15970.9
-15409.9
-15140.6
-15112.3
-14463.1
-13614.5
-12957.7
-12254.9
-11332.4
-9682.68
-8898.17
-8490.92
-8164.97
-7670.62
-7618.43
-7366.44
-7361.99
-6992.39
-6969.87
-6779.27
-6779.26
-6779.21
-6779.2
-6779.19
-6779.19
-6779.19
-6779.19
-6779.19
-6779.18
-6779.18
-6779.18
-6779.18
-6779.18
-6779.18
-6779.18
-6779.18
-6779.18
-6779.18
-6779.18
-6779.18
-6779.18
-6779.18
-6779.18
-6779.18
-6779.18
-6779.18
-6779.28
-6779.28
-6779.28
-6779.28
-6779.28
-6779.27
-6779.26
-6779.22
-6779.01
-6779
-6778.87
-6778.74
-6778.25
-6778.1
-6777.9
-6777.87
-6777.64
-6777.44
-6777.23
-6776.25
-6775.43
-6774.45
-6773.44
-6772.38
-6771.74
-6770.23
-6769.03
-6765.43
-6764
-6752.25
-6751.2
-6750.36
-6749.22
-6745.67
-6743.96
-6743.59
-6743.37
-6743.36
-6743.24
-6741.49
-6738.73
-6731.77
-6727.84
-6727.29
-6726.97
-6726.45
-6710.65
-6709.47
-6701.27
-6700
-6692.15
-6684.71
-6677.34
-6675.73
-6673.3
-6663.43
-6661.99
-6648.11
-6643.81
-6643.01
-6633.04
-6623.72
-6621.22
-6610.33
-6603.58
-6597.92
-6595.78
-6595.24
-6589.78
-6586.16
-6577.22
-6573.76
-6569.26
-6563.59
-6561.92
-6553.45
-6548.52
-6547.58
-6546.87
-6544.57
-6544.12
-6542.61
-6532.66
-6531.78
-6525.28
-6523.54
-6522.19
-6519.04
-6519.01
-6517.93
-6510.45
-6506.64
-6501.21
-6498.95
-6495.1
-6481.25
-6468.19
-6466.95
-6462.19
-6462.11
-6460.2
-6459.82
-6452.59
-6451.9
-6450.52
-6446.27
-6444.31
-6443.71
-6437.98
-6435.64
-6430.1
-6427.29
-6414.97
-6411.68
-6408.27
-6395.91
-6394.82
-6390.56
-6385.99
-6380.5
-6375.99
-6367.36
-6358.5
-6356.99
-6355.09
-6354.86
-6354.7
-6354.45
-6352.55
-6350.37
-6345.08
-6344.29
-6343.92
-6340.88
-6324.46
-6323.74
-6323.55
-6322.81
-6321.49
-6315.15
-6312.54
-6303.21
-6303.12
-6288.54
-6274.78
-6267.05
-6262.64
-6260.61
-6256.63
-6256.22
-6254.46
-6253.76
-6252.69
-6249.08
-6244.47
-6242.13
-6242.03
-6239.7
-6237.07
-6223.91
-6222.13
-6220.23
-6218.38
-6214.85
-6206.64
-6205.02
-6191.38
-6190.58
-6190.57
-6187.4
-6174.28
-6171.28
-6169.03
-6165.04
-6157.02
-6156.45
-6153.07
-6146.75
-6144.21
-6139.03
-6138.7
-6137.77
-6137.29
-6126.08
-6112.57
-6111.15
-6110.91
-6108.68
-6097.24
-6095.48
-6094.29
-6091.91
-6091.07
-6073.52
-6072.66
-6072.37
-6066.73
-6048.78
-6046.75
-6045.39
-6043.61
-6042.85
-6041.56
-6037.49
-6029.49
-6028.68
-6025.27
-6023
-6018.13
-6012.33
-6005.31
-6003.26
-5996.22
-5993.15
-5991.08
-5985.91
-5985.29
-5984.94
-5983.03
-5981.45
-5981.28
-5980.8
-5977.44
-5970.66
-5970.23
-5968.41
-5965.18
-5957.83
-5952.91
-5942.06
-5928.54
-5925.79
-5925.59
-5923.39
-5922.27
-5916.92
-5912.63
-5910.95
-5903.06
-5894.3
-5885.44
-5878.89
-5874.78
-5866.34
-5861.69
-5855.35
-5854.75
-5849.94
-5845.48
-5839.88
-5839.92
-5838.98
-5832.22
-5828.47
-5826.14
-5822.61
-5820.8
-5812.72
-5811.21
-5805.24
-5805.07
-5798.95
-5794.86
-5790.21
-5783.75
-5763.11
-5762.71
-5759.39
-5752.19
-5750.65
-5742.4
-5742.04
-5741.3
-5729.1
-5726.9
-5722.23
-5717.57
-5707.21
-5705.45
-5702.5
-5697.8
-5695.95
-5693.64
-5692.99
-5683.63
-5681.52
-5681.05
-5677.74
-5677.65
-5675.95
-5674.95
-5666.61
-5651.57
-5642.39
-5640.8
-5633.9
-5632.37
-5629.83
-5626.12
-5617.98
-5610.19
-5606.31
-5606.11
-5596.88
-5596.47
-5589.6
-5589.05
-5585.63
-5573.31
-5568.89
-5568.62
-5567.72
-5562.65
-5559.94
-5552.33
-5552.23
-5551.55
-5547.07
-5545.43
-5534.94
-5511.39
-5506.79
-5501.66
-5497.55
-5490.01
-5488.21
-5488.18
-5486.69
-5481.82
-5478.69
-5476.99
-5476.73
-5473.27
-5467.23
-5428.16
-5424.16
-5419.6
-5417.12
-5386.4
-5380.65
-5380.27
-5375.99
-5375.61
-5352.7
-5343.51
-5340.86
-5328.13
-5319.5
-5314.41
-5295.19
-5286.18
-5278.2
-5266.04
-5256.1
-5252.76
-5244.41
-5244.33
-5243.22
-5239.46
-5235.53
-5235.37
-5230.41
-5227.78
-5222.42
-5215.03
-5214.57
-5214.54
-5204.14
-5204.1
-5196.56
-5192.76
-5188.05
-5181.74
-5171.78
-5167.72
-5166.7
-5161.35
-5158.82
-5152.37
-5130.92
-5127.53
-5119
-5107.65
-5107.55
-5105.27
-5104.45
-5096.53
-5084.62
-5083.98
-5081.89
-5077.53
-5077.03
-5061.82
-5059.78
-5053.03
-5050.76
-5043.84
-5042.07
-5032.6
-5027.43
-5018.33
-5004.47
-5004.3
-4999.19
-4985.3
-4971.25
-4970.64
-4965.13
-4964.92
-4962.82
-4960.39
-4955.42
-4948.19
-4946.12
-4942.25
-4940.64
-4937.86
-4933.24
-4928.36
-4926.11
-4920.76
-4911.65
-4897.2
-4863.13
-4863.05
-4862.09
-4855.56
-4854.4
-4848.25
-4835.47
-4810.02
-4799.94
-4796.74
-4790.44
-4789.27
-4786.91
-4778.76
-4768.67
-4768.09
-4759.47
-4755.73
-4748.94
-4745.41
-4744.6
-4730.3
-4725.99
-4724.66
-4720.37
-4707
-4703.09
-4692.22
-4688.56
-4664.77
-4661.76
-4657.14
-4642.26
-4636.72
-4629.88
-4619.96
-4615.69
-4614.82
-4610.13
-4605.09
-4586.56
-4581.96
-4576.6
-4565.87
-4564.77
-4558.03
-4548.47
-4545.83
-4530.38
-4522.36
-4522.34
-4522.07
-4487.6
-4464.4
-4463.03
-4444.65
-4442.57
-4429.04
-4421.8
-4399.65
-4397.83
-4393.63
-4378.33
-4363.73
-4357.25
-4353.85
-4353.57
-4351.7
-4347.48
-4336.78
-4333.03
-4332.76
-4330.51
-4325.86
-4324.6
-4324.21
-4315.33
-4307.54
-4285.49
-4276.51
-4276.38
-4275.68
-4265.58
-4264.81
-4245.82
-4245.72
-4242.11
-4239.02
-4238.94
-4238.67
-4238.59
-4226.2
-4214.18
-4210.97
-4203.73
-4195.14
-4192.41
-4191.85
-4189.64
-4186.5
-4183.64
-4181.88
-4177.66
-4175.2
-4170.17
-4158.86
-4152.49
-4151.89
-4148.95
-4125.07
-4121.4
-4101.77
-4089.29
-4088.45
-4083.33
-4077.64
-4071.97
-4069.97
-4068.68
-4065.31
-4061.58
-4055.39
-4044.03
-4042.87
-4033.49
-4026.97
-4023.22
-4020.12
-4006.94
-4004.94
-4003.25
-4001.46
-4000.27
-3988.66
-3988.44
-3985.04
-3972.02
-3961.62
-3955.82
-3948.75
-3943.7
-3928.3
-3924.64
-3908.99
-3901.04
-3897.04
-3894.65
-3882.15
-3875.53
-3873.87
-3873.46
-3848.84
-3844.84
-3840.38
-3836.74
-3836.22
-3825.06
-3816.07
-3811.26
-3807.52
-3799.07
-3796.06
-3793.72
-3780.57
-3779.59
-3774.51
-3770.19
-3765.26
-3763.14
-3747.82
-3743.52
-3719.93
-3715.27
-3698.51
-3683.69
-3675.75
-3674.26
-3656.67
-3646.66
-3644.88
-3641.96
-3640.71
-3633.48
-3610.63
-3608.63
-3603.85
-3598.45
-3593.91
-3584.47
-3583.06
-3574.9
-3569.98
-3560.6
-3554.85
-3553.12
-3551.47
-3548.26
-3542.13
-3535.29
-3516.73
-3492.07
-3484.23
-3479.7
-3457.29
-3454.28
-3453.34
-3446.13
-3443.08
-3432.96
-3429.78
-3411.7
-3410.41
-3407.59
-3406.2
-3405.48
-3399.16
-3388.07
-3380.58
-3374.51
-3366.4
-3361.53
-3357.96
-3352.02
-3351.12
-3347.11
-3339.14
-3337.25
-3328
-3324.29
-3323.49
-3322.56
-3322.01
-3321.99
-3319.52
-3318.46
-3313.51
-3304.06
-3302.03
-3293.79
-3285.23
-3283.54
-3280.74
-3272.88
-3256.93
-3255.87
-3251.85
-3248.37
-3240.41
-3231.3
-3224.62
-3198.15
-3193.96
-3193.76
-3184.81
-3184.81
-3182.12
-3179.98
-3175.57
-3170.89
-3170.48
-3164.5
-3158.17
-3157.88
-3156.86
-3153.29
-3150.29
-3147.45
-3142.36
-3140.02
-3137.49
-3137.46
-3130.17
-3128.69
-3125.19
-3112.83
-3106.86
-3101.3
-3099.81
-3097.1
-3095.36
-3092.52
-3083.68
-3081.91
-3072.59
-3072.24
-3072.04
-3068.8
-3067.15
-3064.49
-3058.31
-3057.5
-3056.58
-3054.79
-3051.64
-3044.47
-3043.76
-3023.14
-3003.85
-3000.39
-2983.81
-2978.84
-2971.54
-2970.98
-2947.91
-2945.9
-2942.47
-2938.76
-2932.27
-2928.57
-2921.78
-2920.51
-2916.81
-2915.46
-2914.4
-2910.47
-2905.07
-2901.84
-2901.16
-2895.2
-2890.73
-2879.14
-2875.99
-2874.97
-2863.91
-2862.66
-2862
-2856
-2854.41
-2850.19
-2847.7
-2847.35
-2836.18
-2836.11
-2834.96
-2824.77
-2823.08
-2822.96
-2814.7
-2804.48
-2799.16
-2797.41
-2796.86
-2795.34
-2793.21
-2792.25
-2786.31
-2775.98
-2771.57
-2768.99
-2762.85
-2762.21
-2759.06
-2758.25
-2756.44
-2753.72
-2753.5
-2752.91
-2752.72
-2751.53
-2745.42
-2739.39
-2735.19
-2731.33
-2724.14
-2723.66
-2705.18
-2695.1
-2692.56
-2684.57
-2684.48
-2672.46
-2670.13
-2662.79
-2661.13
-2657.39
-2656.65
-2654.25
-2640.66
-2639.87
-2636.8
-2635.17
-2633.89
-2632.11
-2627.05
-2626.34
-2622.1
-2612.94
-2609.38
-2609.18
-2606.77
-2602.98
-2596.48
-2596.36
-2595.72
-2591.34
-2587.35
-2577.96
-2572.9
-2572.42
-2572.08
-2568.87
-2562.93
-2558.43
-2555.92
-2542.3
-2540.03
-2539.78
-2537.09
-2527.13
-2524.68
-2519.62
-2517.09
-2516.16
-2513.83
-2507.78
-2499.64
-2497.09
-2496.99
-2495.35
-2491.27
-2486.48
-2481.85
-2479.71
-2477.24
-2473.83
-2472.54
-2468.94
-2465.33
-2463.43
-2462.55
-2462.42
-2462.08
-2461.49
-2461.1
-2457.1
-2452.59
-2448.73
-2448.54
-2444.59
-2441.46
-2440.83
-2440.29
-2437.32
-2434.94
-2433.73
-2424.29
-2413.04
-2409.27
-2408.34
-2405.23
-2400.77
-2392.34
-2391.93
-2388.19
-2380.99
-2378.17
-2370.93
-2366.57
-2365.87
-2364.77
-2364.08
-2363.4
-2362.34
-2358.84
-2356.66
-2356.48
-2344.37
-2343.33
-2343.01
-2336.18
-2334.47
-2328.1
-2327.14
-2324.06
-2322.58
-2320.39
-2316.55
-2315.32
-2311.31
-2309.48
-2307.19
-2306.99
-2305.61
-2300.79
-2295.74
-2292.95
-2289.18
-2288.29
-2287.63
-2287.5
-2286.27
-2285.14
-2284.5
-2283.6
-2279.63
-2276.82
-2274.11
-2271.56
-2270.8
-2269.71
-2268.16
-2267.46
-2260.76
-2259.29
-2256.61
-2251.15
-2250.13
-2244.71
-2244.63
-2241.13
-2240.12
-2239.54
-2236.64
-2233.87
-2231.01
-2226.32
-2215.86
-2215.79
-2211.16
-2206.03
-2202.88
-2200.49
-2193.32
-2192.61
-2192.23
-2187.58
-2186.34
-2186.11
-2172.67
-2168.66
-2164.06
-2162.28
-2162.11
-2158.16
-2142.67
-2142.24
-2138.42
-2137.58
-2131.19
-2125.6
-2113.01
-2109.52
-2107.09
-2102.19
-2101.73
-2099.76
-2095.07
-2092.94
-2089.88
-2088.6
-2088.2
-2086.2
-2082.18
-2080.68
-2075.72
-2072.97
-2070.92
-2067.09
-2066.02
-2064.49
-2061.89
-2061.03
-2057.96
-2057.16
-2055.55
-2052.41
-2052.04
-2051.28
-2045.95
-2043.24
-2031.65
-2026.16
-2025.94
-2015.07
-2011.84
-2009.87
-2009.68
-2009.43
-2003.57
-2000.39
-1997.24
-1992.99
-1991.93
-1989.43
-1984.51
-1982.36
-1980.41
-1979.71
-1978.75
-1978.35
-1964.44
-1964.35
-1961.16
-1955.55
-1947.3
-1945.37
-1945.22
-1943.45
-1939.47
-1938.87
-1938.55
-1937.04
-1936.29
-1935.92
-1934.14
-1932.9
-1932.67
-1931.66
-1926.86
-1924.6
-1924.07
-1917.61
-1915.14
-1912.07
-1911.18
-1908.22
-1907.8
-1904.87
-1903.69
-1900.04
-1894.73
-1894.66
-1893.13
-1892.83
-1887.32
-1883.73
-1870.41
-1868.44
-1866.36
-1866.31
-1860.49
-1856.22
-1851.06
-1848.29
-1848.28
-1842.17
-1836.43
-1834.61
-1833.94
-1832.09
-1831.92
-1826.84
-1824.17
-1823.84
-1822.94
-1817.68
-1816.8
-1812.92
-1811.28
-1811.14
-1807.67
-1806.92
-1804.44
-1799.81
-1797.08
-1792.07
-1789.77
-1786.88
-1783.73
-1778.41
-1777.29
-1776.25
-1771.43
-1770.75
-1768.52
-1767.73
-1767.46
-1767.05
-1766.36
-1764
-1763.9
-1761.09
-1760.11
-1758.71
-1757.55
-1756.17
-1746.07
-1745.22
-1739.35
-1732.66
-1731
-1729.31
-1727.68
-1725
-1718.52
-1718.25
-1710.89
-1709.54
-1705.14
-1703.94
-1700.17
-1698.67
-1691.09
-1688.28
-1687.54
-1685.58
-1679.63
-1679.48
-1675.79
-1663.08
-1660.91
-1652.43
-1652.04
-1651.86
-1650.74
-1650.48
-1650.04
-1646.23
-1645.45
-1643.28
-1636.2
-1634.47
-1630.06
-1629.51
-1629.49
-1626.24
-1625.72
-1622.58
-1622.27
-1615.01
-1611.5
-1610.48
-1610.11
-1605.36
-1601.26
-1599.55
-1598.11
-1593.8
-1592.39
-1590.23
-1589.73
-1587.03
-1586.1
-1574.07
-1566.56
-1564.64
-1563.97
-1563.94
-1557.07
-1553.96
-1550.87
-1545.67
-1541.55
-1540.08
-1539.53
-1538.41
-1537.45
-1536.47
-1535.94
-1535.62
-1533.81
-1528.63
-1528.05
-1527.27
-1523.76
-1523.11
-1522.07
-1513.39
-1513.17
-1511.55
-1511.31
-1510.6
-1507.79
-1505.94
-1503.17
-1501.26
-1499.78
-1499.74
-1496.98
-1496.53
-1494.23
-1491.53
-1490.13
-1489.06
-1487.8
-1487.07
-1485.48
-1485.13
-1484.96
-1484.11
-1483.08
-1480.86
-1480.45
-1480.43
-1480.14
-1479.57
-1478.83
-1476.47
-1473.31
-1473.11
-1467.97
-1467.39
-1467.07
-1465.75
-1455.61
-1454.48
-1450.84
-1444.11
-1444.11
-1440.16
-1439.21
-1435.17
-1433.84
-1432.27
-1430.46
-1428.04
-1427.4
-1427.17
-1424.59
-1423.61
-1423.1
-1421.46
-1419.68
-1417.74
-1416.35
-1412.94
-1409.33
-1405.42
-1405.41
-1405.37
-1403.47
-1401.08
-1396.36
-1394.38
-1394.21
-1393.84
-1392.99
-1391.95
-1391.18
-1390.73
-1389.98
-1388.95
-1387.4
-1386.08
-1383.78
-1380.4
-1378.83
-1376.05
-1369.67
-1367.65
-1367.28
-1366.01
-1364.07
-1361.07
-1359.54
-1359.52
-1355.01
-1354.56
-1352.46
-1349.16
-1348.64
-1348.04
-1345.22
-1345.16
-1344.36
-1339.84
-1337.53
-1335.57
-1335.32
-1335.22
-1334.65
-1334.59
-1332.2
-1329.8
-1327.03
-1326.94
-1326.16
-1326.11
-1322.28
-1321.64
-1320.12
-1319.14
-1318.16
-1316.98
-1313.46
-1311.48
-1310.85
-1310.41
-1309.35
-1308.12
-1307.39
-1307.03
-1305.68
-1304.8
-1303.5
-1303.02
-1301.25
-1300.31
-1299.81
-1299.46
-1299.28
-1299.28
-1299.25
-1297.83
-1297.25
-1295.93
-1295.59
-1294.56
-1294
-1293.71
-1293.49
-1291.08
-1289.04
-1288.43
-1288.22
-1287.19
-1286.81
-1285.12
-1283.86
-1283.63
-1282.91
-1277.28
-1275.96
-1275.51
-1274.76
-1274.09
-1273.65
-1269.85
-1266.62
-1262.49
-1259.54
-1258.39
-1256.62
-1255.47
-1253.44
-1251.27
-1247.84
-1246.53
-1246.29
-1246.07
-1245.24
-1244.4
-1243.07
-1241.85
-1241.45
-1241.02
-1240.48
-1238.6
-1238.11
-1237.64
-1237.04
-1236.44
-1236.05
-1235.98
-1233.71
-1233.58
-1232.79
-1232.54
-1232.1
-1231.45
-1230.79
-1230.31
-1229.72
-1228.81
-1228.57
-1228.22
-1228.16
-1226.95
-1221.41
-1219.92
-1219.44
-1218.6
-1216.92
-1216.09
-1215.84
-1215.52
-1214.55
-1214.23
-1212.37
-1211.81
-1209.48
-1209.42
-1207.29
-1206.26
-1206
-1203.77
-1203.49
-1203.18
-1203.08
-1203.01
-1197.48
-1195.88
-1195.7
-1195.52
-1192.2
-1191.46
-1190.95
-1189.22
-1188.98
-1187.22
-1186.68
-1182.54
-1181.51
-1181.5
-1180.27
-1179.32
-1178.48
-1177.77
-1176.77
-1176.75
-1176.07
-1175.7
-1174.83
-1173.79
-1173.22
-1173.2
-1173.1
-1172.28
-1172.28
-1171.47
-1170.1
-1168.72
-1168.06
-1165.15
-1164.09
-1159.19
-1157.74
-1157.49
-1156.57
-1155.62
-1155.54
-1153.58
-1152.37
-1150.47
-1150.05
-1147.94
-1146.62
-1146.43
-1146.27
-1145.67
-1145.12
-1144.66
-1144.21
-1144.04
-1143.96
-1143.02
-1142.04
-1142.03
-1141.13
-1139.47
-1138.66
-1136.58
-1136.53
-1136.49
-1135.79
-1135.63
-1134.82
-1134.72
-1133.87
-1133.85
-1133.23
-1133.02
-1131.15
-1130.47
-1129.82
-1128.78
-1128.56
-1127.8
-1127.42
-1126.09
-1125.46
-1124.2
-1123.71
-1123.48
-1122.87
-1121.73
-1121.36
-1121.24
-1120.92
-1120.8
-1120.72
-1120.44
-1118.79
-1118.15
-1116.91
-1114.9
-1114.56
-1113.43
-1113.18
-1113.04
-1112.95
-1112.34
-1111.47
-1111.44
-1109.44
-1109.28
-1108.55
-1107.99
-1107.71
-1107.38
-1107.26
-1106.03
-1105.07
-1104.52
-1103.74
-1103.62
-1102.26
-1101.96
-1101.82
-1099.04
-1098.96
-1098.51
-1097.88
-1097.17
-1096.85
-1095.47
-1095.11
-1094.25
-1092.88
-1092.64
-1092.51
-1091.81
-1091.46
-1089.67
-1086.96
-1086.56
-1084.62
-1084.39
-1084.13
-1084.06
-1083.61
-1082.94
-1082.68
-1082.07
-1081.28
-1081.26
-1081.2
-1079.73
-1079.54
-1078.8
-1078.72
-1078.44
-1078.44
-1074.66
-1074.12
-1073.36
-1072.88
-1072.2
-1071.99
-1071.49
-1070.92
-1070.32
-1069.97
-1069.22
-1068.96
-1068.43
-1067.94
-1067.92
-1067.31
-1067.23
-1066.58
-1065.49
-1065.1
-1064.97
-1064.49
-1064.39
-1064.22
-1063.02
-1062.5
-1060.52
-1060.5
-1060.25
-1059.32
-1059.13
-1058.88
-1058.57
-1056.31
-1054.63
-1054.12
-1053.94
-1053.12
-1052.75
-1051.96
-1051.51
-1051.39
-1049.91
-1049.86
-1048.46
-1047.68
-1046.97
-1046.68
-1046.38
-1046.14
-1046.13
-1045.84
-1045.19
-1044.76
-1044.6
-1043.97
-1043.88
-1043.76
-1043.22
-1043.18
-1042.78
-1041.63
-1041.39
-1040.85
-1040.11
-1039.51
-1039.44
-1039.18
-1038.89
-1038.8
-1037.88
-1037.5
-1036.98
-1036.92
-1036.58
-1036.49
-1036.35
-1036.05
-1035.9
-1035.72
-1035.54
-1035.3
-1035.26
-1034.73
-1034.48
-1034.33
-1033.96
-1033.74
-1033.18
-1032.61
-1032.2
-1031.33
-1031.32
-1030.54
-1029.92
-1029.57
-1029.39
-1029.23
-1029.08
-1028.24
-1028.16
-1028.02
-1027.77
-1027.59
-1027.25
-1026.82
-1026.71
-1026.27
-1025.46
-1025.36
-1024.91
-1023.57
-1022.4
-1022.29
-1022.19
-1022.14
-1020.93
-1020.75
-1020.68
-1020.64
-1019.79
-1018.7
-1018.37
-1018.32
-1018.07
-1018.03
-1015.39
-1014.93
-1014.57
-1014.56
-1013.64
-1013.37
-1012.16
-1012.08
-1012.08
-1011.9
-1011.55
-1011.12
-1010.98
-1009.22
-1008.15
-1007.95
-1007.58
-1007.37
-1007.4
-1007.18
-1007.17
-1006.85
-1006.59
-1006.47
-1006.19
-1006.1
-1006.09
-1006.05
-1005.84
-1005.76
-1005.55
-1004.75
-1004.34
-1004.06
-1003.67
-1003.53
-1003.43
-1003.39
-1003.36
-1003.11
-1002.73
-1002.56
-1002.45
-1001.96
-1001.37
-1001.31
-1001.14
-1001.09
-1001.02
-1000.35
-1000.27
-999.517
-999.439
-998.621
-998.329
-997.093
-996.465
-996.185
-994.765
-994.668
-993.647
-993.268
-993.134
-992.569
-992.349
-991.892
-991.822
-991.748
-989.947
-989.928
-989.899
-989.389
-989.187
-989.066
-988.979
-988.749
-988.654
-988.096
-987.779
-987.777
-987.606
-987.508
-987.266
-987.2
-986.554
-986.515
-986.462
-986.337
-986.125
-985.158
-984.539
-984.116
-983.534
-983.243
-982.546
-981.809
-981.741
-981.603
-981.252
-981.195
-981.167
-980.937
-980.43
-979.95
-979.895
-979.477
-979.269
-978.638
-978.568
-978.146
-977.075
-976.929
-976.786
-975.946
-975.407
-975.228
-975.134
-974.527
-974.618
-974.255
-973.573
-973.391
-973.199
-972.609
-972.513
-972.447
-972.384
-972.23
-972.008
-971.989
-971.861
-971.699
-971.531
-971.498
-971.401
-971.295
-971.242
-970.925
-970.596
-970.448
-970.307
-970.292
-970.02
-969.863
-969.61
-969.099
-969.058
-969.014
-968.987
-968.653
-968.639
-968.005
-967.749
-967.511
-967.359
-967.118
-967.036
-966.69
-966.584
-965.806
-965.183
-964.881
-964.821
-964.739
-964.618
-964.47
-964.35
-964.3
-964.303
-964.029
-963.714
-963.713
-963.534
-963.099
-963.033
-963.028
-962.896
-962.651
-962.586
-962.482
-962.115
-961.984
-961.907
-961.18
-960.877
-960.633
-960.558
-960.463
-960.374
-960.167
-960.126
-960.021
-958.948
-958.814
-958.686
-958.377
-958.28
-958.161
-958.063
-958.039
-957.986
-957.955
-957.288
-957.132
-956.746
-956.149
-955.647
-955.58
-955.455
-955.446
-955.182
-955.117
-955.081
-955.079
-955.055
-954.949
-954.822
-954.422
-954.516
-954.326
-954.127
-954.047
-954.02
-953.855
-953.812
-953.391
-953.362
-952.887
-952.882
-952.696
-952.494
-952.406
-952.361
-952.272
-951.986
-951.923
-951.619
-951.544
-951.447
-951.305
-951.254
-951.067
-950.882
-950.827
-950.772
-950.767
-950.654
-950.634
-950.479
-950.47
-950.315
-950.08
-949.898
-949.813
-949.56
-949.558
-949.436
-949.154
-949.071
-948.859
-948.583
-948.551
-948.396
-948.293
-947.957
-947.699
-947.587
-947.395
-947.271
-947.2
-947.062
-946.654
-946.532
-946.254
-946.104
-945.822
-945.67
-945.585
-945.419
-945.32
-945.213
-945.027
-944.975
-944.905
-944.758
-944.271
-944.145
-944.128
-943.877
-943.505
-943.381
-943.36
-943.339
-943.295
-943.218
-943.133
-942.849
-942.833
-942.437
-942.412
-942.186
-942.09
-941.839
-941.837
-941.651
-941.616
-941.539
-940.947
-940.902
-940.676
-940.438
-940.023
-939.939
-939.822
-939.634
-939.488
-939.33
-939.205
-939.222
-939.028
-938.926
-938.808
-938.673
-938.603
-938.588
-938.031
-937.896
-937.692
-937.663
-937.586
-937.537
-937.417
-937.412
-937.364
-937.249
-936.775
-936.599
-936.573
-936.48
-936.295
-936.153
-935.972
-935.853
-935.742
-935.575
-935.449
-935.333
-935.333
-935.225
-935.116
-934.838
-934.832
-934.553
-934.504
-934.023
-933.724
-933.586
-933.526
-933.37
-933.203
-933.13
-932.835
-932.597
-932.511
-932.493
-932.463
-932.333
-932.164
-932.215
-931.903
-931.724
-931.42
-931.411
-931.307
-930.645
-930.55
-930.542
-930.469
-930.264
-930.235
-930.232
-930.153
-930.139
-930.054
-930.007
-929.794
-929.681
-929.676
-929.611
-929.493
-929.067
-928.954
-928.934
-928.389
-928.222
-928.19
-928.167
-928.04
-927.733
-927.383
-927.382
-927.169
-927.12
-926.972
-926.784
-926.641
-926.589
-926.538
-926.487
-926.356
-926.331
-926.331
-926.122
-926.111
-926.014
-925.841
-925.608
-925.339
-925.369
-925.326
-924.998
-924.809
-924.805
-924.598
-924.417
-924.409
-924.103
-923.9
-923.81
-923.62
-923.443
-923.374
-923.3
-923.28
-923.217
-923.203
-923.19
-923.146
-923.132
-923.115
-923.05
-923.012
-922.994
-922.957
-922.883
-922.854
-922.785
-922.465
-922.33
-922.319
-922.251
-921.819
-921.779
-921.665
-921.64
-921.606
-921.602
-921.561
-921.367
-921.228
-921.2
-921.124
-921.098
-920.899
-920.768
-920.645
-920.477
-920.469
-920.368
-920.284
-920.282
-920.009
-919.633
-919.621
-919.566
-919.561
-919.531
-919.494
-919.261
-919.257
-919.212
-919.183
-919.136
-919.064
-918.996
-918.896
-918.614
-918.557
-918.544
-918.263
-918.261
-918.213
-918.195
-918.176
-918.087
-918.084
-917.947
-917.784
-917.749
-917.689
-917.619
-917.505
-917.268
-917.138
-916.998
-916.837
-916.726
-916.673
-916.619
-916.527
-916.396
-916.237
-916.068
-915.991
-915.901
-915.898
-915.597
-915.559
-915.394
-915.332
-915.299
-915.236
-915.015
-914.904
-914.899
-914.892
-914.794
-914.567
-914.54
-914.491
-914.258
-914.227
-914.206
-913.918
-913.876
-913.768
-913.706
-913.543
-913.525
-913.454
-913.335
-913.203
-913.097
-913.027
-912.936
-912.873
-912.778
-912.737
-912.727
-912.694
-912.692
-912.646
-912.549
-912.541
-912.45
-912.284
-912.261
-912.191
-912.16
-912.112
-912.038
-911.842
-911.758
-911.725
-911.61
-911.59
-911.468
-911.347
-911.405
-911.364
-911.359
-911.341
-911.32
-911.241
-911.175
-911.149
-910.976
-910.967
-910.945
-910.92
-910.834
-910.804
-910.674
-910.667
-910.646
-910.636
-910.604
-910.556
-910.503
-910.396
-910.155
-910.077
-910.021
-909.977
-909.956
-909.797
-909.768
-909.768
-909.741
-909.62
-909.424
-909.41
-909.385
-909.355
-909.108
-909.028
-909.012
-908.951
-908.875
-908.833
-908.772
-908.699
-908.622
-908.613
-908.587
-908.442
-908.439
-908.424
-908.466
-908.34
-908.31
-908.303
-908.168
-908.164
-908.049
-907.886
-907.828
-907.816
-907.67
-907.583
-907.479
-907.415
-907.369
-907.367
-907.24
-907.093
-906.977
-906.954
-906.865
-906.83
-906.734
-906.701
-906.601
-906.543
-906.531
-906.521
-906.497
-906.395
-906.37
-906.315
-906.19
-906.143
-906.108
-906.053
-906.024
-905.902
-905.639
-905.611
-905.585
-905.501
-905.381
-905.373
-905.161
-904.793
-904.787
-904.751
-904.732
-904.687
-904.752
-904.637
-904.536
-904.453
-904.32
-904.319
-904.316
-904.219
-904.11
-904.054
-903.961
-903.91
-903.841
-903.834
-903.816
-903.672
-903.576
-903.491
-903.416
-903.413
-903.411
-903.266
-903.082
-902.71
-902.694
-902.651
-902.649
-902.62
-902.602
-902.546
-902.494
-902.476
-902.47
-902.469
-902.468
-902.464
-902.411
-902.329
-902.209
-902.201
-902.134
-902.072
-901.929
-901.844
-901.788
-901.679
-901.633
-901.622
-901.599
-901.458
-901.548
-901.403
-901.394
-901.38
-901.31
-901.262
-901.188
-901.187
-901.186
-901.122
-901.114
-901.089
-901.029
-900.959
-900.875
-900.716
-900.601
-900.511
-900.392
-900.312
-900.125
-900.06
-899.983
-899.9
-899.896
-899.846
-899.823
-899.82
-899.673
-899.617
-899.613
-899.608
-899.56
-899.255
-899.222
-899.126
-899.101
-899.028
-899.016
-899.005
-898.9
-898.875
-898.717
-898.709
-898.692
-898.674
-898.659
-898.636
-898.506
-898.492
-898.478
-898.446
-898.333
-898.206
-898.201
-898.183
-898.163
-898.115
-898.082
-898.004
-897.909
-897.84
-897.726
-897.646
-897.44
-897.36
-897.357
-897.303
-897.28
-897.223
-897.214
-897.182
-897.162
-897.137
-897.121
-897.075
-897.002
-896.853
-896.679
-896.596
-896.589
-896.578
-896.577
-896.406
-896.3
-896.223
-896.223
-896.115
-896.044
-895.896
-895.841
-895.661
-895.627
-895.626
-895.605
-895.605
-895.556
-895.541
-895.459
-895.447
-895.499
-895.468
-895.328
-895.289
-895.248
-895.219
-895.192
-895.176
-895.112
-894.962
-894.807
-894.612
-894.562
-894.562
-894.542
-894.477
-894.464
-894.354
-894.321
-894.284
-894.265
-894.264
-894.209
-894.057
-893.933
-893.856
-893.821
-893.786
-893.609
-893.591
-893.582
-893.54
-893.489
-893.478
-893.477
-893.469
-893.43
-893.328
-893.152
-893.134
-893.116
-893.069
-893.059
-893.051
-892.97
-892.907
-892.9
-892.883
-892.788
-892.773
-892.823
-892.787
-892.711
-892.701
-892.649
-892.648
-892.628
-892.605
-892.581
-892.56
-892.484
-892.396
-892.383
-892.357
-892.353
-892.333
-892.272
-892.261
-892.033
-892.018
-892.013
-892.003
-891.933
-891.781
-891.558
-891.53
-891.435
-891.43
-891.36
-891.359
-891.342
-891.339
-891.338
-891.303
-891.254
-891.223
-891.068
-891.021
-890.993
-890.851
-890.827
-890.82
-890.771
-890.696
-890.636
-890.607
-890.559
-890.458
-890.456
-890.447
-890.381
-890.368
-890.327
-890.194
-890.192
-890.156
-890.153
-890.12
-890.119
-890.089
-890.082
-890.061
-890.055
-890.036
-889.997
-889.987
-889.851
-889.821
-889.817
-889.805
-889.762
-889.712
-889.707
-889.688
-889.664
-889.653
-889.643
-889.642
-889.624
-889.611
-889.539
-889.499
-889.407
-889.394
-889.316
-889.236
-889.218
-889.192
-889.181
-889.156
-889.139
-889.067
-889.032
-888.924
-888.862
-888.846
-888.843
-888.839
-888.769
-888.754
-888.822
-888.798
-888.525
-888.511
-888.487
-888.452
-888.402
-888.357
-888.251
-888.239
-888.213
-888.19
-888.141
-888.097
-888.086
-888.03
-888.013
-887.925
-887.89
-887.838
-887.829
-887.764
-887.756
-887.743
-887.737
-887.714
-887.664
-887.602
-887.596
-887.591
-887.554
-887.549
-887.486
-887.464
-887.295
-887.107
-887.107
-887.046
-887.015
-886.948
-886.72
-886.713
-886.544
-886.519
-886.5
-886.49
-886.485
-886.396
-886.317
-886.306
-886.397
-886.392
-886.388
-886.377
-886.107
-886.089
-886.053
-886.045
-885.958
-885.933
-885.912
-885.879
-885.716
-885.61
-885.559
-885.536
-885.449
-885.388
-885.387
-885.382
-885.368
-885.276
-885.259
-885.209
-885.208
-885.206
-885.188
-885.15
-885.076
-885.044
-885.024
-884.835
-884.806
-884.768
-884.742
-884.716
-884.709
-884.702
-884.675
-884.603
-884.512
-884.449
-884.402
-884.383
-884.366
-884.296
-884.273
-884.23
-884.202
-884.172
-884.207
-884.005
-883.999
-883.899
-883.896
-883.896
-883.866
-883.843
-883.841
-883.841
-883.741
-883.719
-883.667
-883.639
-883.57
-883.57
-883.527
-883.44
-883.4
-883.327
-883.317
-883.269
-883.251
-883.244
-883.123
-883.106
-883.095
-883.072
-882.973
-882.97
-882.908
-882.895
-882.881
-882.829
-882.81
-882.801
-882.669
-882.653
-882.637
-882.506
-882.504
-882.492
-882.457
-882.424
-882.357
-882.341
-882.333
-882.311
-882.253
-882.241
-882.329
-882.326
-882.265
-882.259
-882.242
-882.21
-882.174
-882.139
-882.119
-882.1
-882.092
-882.073
-882.072
-882.046
-882.007
-881.999
-881.989
-881.938
-881.901
-881.816
-881.783
-881.714
-881.664
-881.484
-881.447
-881.442
-881.416
-881.404
-881.363
-881.284
-881.21
-881.178
-881.161
-881.156
-881.133
-881.037
-881.022
-880.985
-880.927
-880.855
-880.852
-880.747
-880.703
-880.648
-880.644
-880.592
-880.553
-880.553
-880.416
-880.358
-880.436
-880.395
-880.394
-880.384
-880.381
-880.345
-880.332
-880.326
-880.319
-880.284
-880.262
-880.257
-880.214
-880.208
-880.194
-880.173
-880.172
-880.116
-880.113
-880.084
-880.053
-880.003
-879.951
-879.943
-879.938
-879.902
-879.758
-879.744
-879.729
-879.724
-879.709
-879.698
-879.675
-879.674
-879.571
-879.564
-879.562
-879.484
-879.351
-879.342
-879.337
-879.294
-879.215
-879.212
-879.15
-879.12
-879.107
-879.062
-878.98
-878.924
-879.007
-879.007
-878.98
-878.963
-878.853
-878.842
-878.833
-878.825
-878.811
-878.793
-878.642
-878.634
-878.619
-878.581
-878.541
-878.537
-878.482
-878.473
-878.448
-878.416
-878.361
-878.341
-878.323
-878.306
-878.283
-878.226
-878.204
-878.191
-878.184
-878.138
-878.128
-878.04
-877.997
-877.991
-877.974
-877.946
-877.919
-877.918
-877.897
-877.89
-877.833
-877.741
-877.726
-877.657
-877.628
-877.583
-877.554
-877.49
-877.489
-877.433
-877.536
-877.505
-877.491
-877.436
-877.413
-877.407
-877.399
-877.351
-877.328
-877.318
-877.306
-877.258
-877.234
-877.233
-877.087
-876.997
-876.977
-876.966
-876.94
-876.911
-876.871
-876.823
-876.813
-876.756
-876.745
-876.709
-876.674
-876.665
-876.658
-876.648
-876.602
-876.546
-876.542
-876.517
-876.507
-876.503
-876.496
-876.442
-876.408
-876.392
-876.37
-876.283
-876.264
-876.229
-876.215
-876.194
-876.187
-876.067
-875.927
-875.891
-875.994
-875.975
-875.955
-875.922
-875.904
-875.862
-875.861
-875.848
-875.802
-875.731
-875.727
-875.721
-875.715
-875.696
-875.674
-875.625
-875.575
-875.566
-875.543
-875.54
-875.51
-875.417
-875.398
-875.369
-875.307
-875.285
-875.269
-875.253
-875.24
-875.211
-875.181
-875.162
-875.112
-875.081
-875.071
-875.063
-875.053
-875.033
-875.03
-875.021
-875.019
-874.996
-874.946
-874.94
-874.892
-874.846
-874.805
-874.798
-874.786
-874.773
-874.853
-874.852
-874.792
-874.786
-874.772
-874.77
-874.766
-874.729
-874.699
-874.697
-874.693
-874.679
-874.676
-874.656
-874.582
-874.569
-874.498
-874.479
-874.463
-874.428
-874.39
-874.359
-874.355
-874.335
-874.332
-874.239
-874.23
-874.225
-874.22
-874.183
-874.143
-874.124
-874.118
-873.986
-873.952
-873.916
-873.904
-873.889
-873.853
-873.849
-873.844
-873.828
-873.814
-873.811
-873.756
-873.743
-873.727
-873.717
-873.697
-873.662
-873.69
-873.656
-873.652
-873.595
-873.543
-873.537
-873.516
-873.515
-873.499
-873.445
-873.422
-873.415
-873.399
-873.397
-873.364
-873.355
-873.332
-873.311
-873.309
-873.3
-873.285
-873.259
-873.243
-873.242
-873.214
-873.176
-873.171
-873.074
-873.069
-873.06
-872.974
-872.948
-872.938
-872.927
-872.915
-872.907
-872.905
-872.812
-872.802
-872.798
-872.789
-872.782
-872.716
-872.694
-872.693
-872.663
-872.607
-872.587
-872.572
-872.57
-872.656
-872.647
-872.631
-872.624
-872.551
-872.548
-872.53
-872.491
-872.485
-872.461
-872.46
-872.422
-872.416
-872.359
-872.344
-872.291
-872.288
-872.263
-872.191
-872.155
-872.154
-872.12
-872.119
-872.119
-872.037
-872.035
-872.022
-872.01
-871.999
-871.963
-871.918
-871.91
-871.904
-871.856
-871.798
-871.796
-871.781
-871.718
-871.714
-871.698
-871.636
-871.617
-871.556
-871.539
-871.521
-871.517
-871.442
-871.436
-871.43
-871.423
-871.5
-871.489
-871.474
-871.46
-871.441
-871.417
-871.367
-871.36
-871.346
-871.316
-871.306
-871.276
-871.255
-871.234
-871.229
-871.198
-871.149
-871.127
-871.102
-871.082
-871.082
-871.039
-871.024
-870.96
-870.917
-870.91
-870.881
-870.867
-870.859
-870.852
-870.848
-870.837
-870.754
-870.744
-870.727
-870.694
-870.693
-870.652
-870.616
-870.59
-870.578
-870.518
-870.493
-870.481
-870.454
-870.443
-870.432
-870.425
-870.399
-870.375
-870.469
-870.442
-870.433
-870.4
-870.398
-870.376
-870.371
-870.37
-870.348
-870.307
-870.291
-870.197
-870.149
-870.147
-870.127
-870.109
-870.069
-870.059
-870.056
-870.024
-870.024
-870.008
-869.97
-869.951
-869.945
-869.913
-869.91
-869.895
-869.858
-869.837
-869.825
-869.797
-869.683
-869.678
-869.63
-869.593
-869.591
-869.523
-869.511
-869.509
-869.48
-869.465
-869.451
-869.445
-869.344
-869.343
-869.286
-869.268
-869.255
-869.254
-869.357
-869.353
-869.34
-869.238
-869.236
-869.224
-869.218
-869.216
-869.211
-869.21
-869.208
-869.184
-869.15
-869.119
-869.041
-869.021
-869.009
-868.991
-868.941
-868.913
-868.911
-868.907
-868.905
-868.897
-868.869
-868.856
-868.824
-868.787
-868.733
-868.729
-868.723
-868.689
-868.609
-868.567
-868.556
-868.54
-868.536
-868.511
-868.418
-868.415
-868.373
-868.336
-868.331
-868.331
-868.238
-868.204
-868.187
-868.146
-868.133
-868.113
-868.167
-868.158
-868.091
-868.066
-868.048
-868.027
-868.005
-867.986
-867.972
-867.967
-867.921
-867.889
-867.87
-867.857
-867.835
-867.798
-867.751
-867.73
-867.709
-867.693
-867.693
-867.62
-867.594
-867.592
-867.586
-867.583
-867.582
-867.558
-867.552
-867.55
-867.536
-867.523
-867.499
-867.494
-867.469
-867.461
-867.41
-867.379
-867.368
-867.329
-867.29
-867.241
-867.207
-867.184
-867.177
-867.147
-867.145
-867.138
-867.12
-867.114
-867.127
-867.109
-867.106
-867.089
-867.084
-867.065
-867.038
-866.991
-866.979
-866.949
-866.932
-866.868
-866.865
-866.842
-866.832
-866.832
-866.804
-866.762
-866.75
-866.7
-866.663
-866.663
-866.649
-866.629
-866.617
-866.604
-866.603
-866.574
-866.556
-866.53
-866.5
-866.477
-866.466
-866.442
-866.388
-866.375
-866.361
-866.359
-866.341
-866.301
-866.292
-866.282
-866.281
-866.279
-866.242
-866.22
-866.204
-866.185
-866.057
-866.019
-866.094
-866.093
-866.055
-866.051
-866.037
-866.014
-866.011
-866.011
-866
-865.93
-865.922
-865.883
-865.881
-865.841
-865.755
-865.735
-865.734
-865.728
-865.707
-865.69
-865.674
-865.672
-865.666
-865.656
-865.642
-865.626
-865.586
-865.581
-865.571
-865.561
-865.549
-865.545
-865.535
-865.531
-865.528
-865.524
-865.511
-865.502
-865.479
-865.434
-865.432
-865.415
-865.397
-865.388
-865.382
-865.365
-865.348
-865.282
-865.184
-865.174
-865.258
-865.239
-865.173
-865.146
-865.1
-865.079
-865.066
-865.056
-865.022
-865.02
-864.963
-864.936
-864.92
-864.919
-864.909
-864.867
-864.837
-864.819
-864.818
-864.76
-864.757
-864.73
-864.716
-864.683
-864.681
-864.654
-864.65
-864.644
-864.639
-864.579
-864.567
-864.556
-864.538
-864.523
-864.51
-864.485
-864.483
-864.475
-864.455
-864.441
-864.439
-864.438
-864.421
-864.398
-864.395
-864.34
-864.335
-864.311
-864.302
-864.278
-864.358
-864.307
-864.296
-864.268
-864.251
-864.244
-864.17
-864.151
-864.117
-864.105
-864.052
-864.019
-864.01
-863.989
-863.934
-863.894
-863.887
-863.878
-863.843
-863.829
-863.808
-863.786
-863.776
-863.717
-863.693
-863.637
-863.614
-863.591
-863.58
-863.532
-863.527
-863.521
-863.476
-863.441
-863.383
-863.382
-863.342
-863.321
-863.313
-863.289
-863.282
-863.274
-863.272
-863.241
-863.239
-863.222
-863.209
-863.184
-863.18
-863.178
-863.281
-863.269
-863.26
-863.231
-863.205
-863.194
-863.158
-863.143
-863.118
-863.114
-863.056
-863.034
-863.025
-862.954
-862.925
-862.919
-862.918
-862.917
-862.915
-862.893
-862.89
-862.882
-862.879
-862.871
-862.833
-862.805
-862.78
-862.735
-862.721
-862.68
-862.677
-862.644
-862.635
-862.614
-862.612
-862.6
-862.6
-862.57
-862.534
-862.516
-862.444
-862.436
-862.427
-862.369
-862.342
-862.337
-862.304
-862.275
-862.264
-862.213
-862.275
-862.265
-862.215
-862.21
-862.208
-862.204
-862.178
-862.173
-862.161
-862.132
-862.128
-862.108
-862.101
-862.096
-862.087
-862.07
-862.066
-862.06
-862.05
-862.043
-862.039
-862.038
-862.032
-861.97
-861.97
-861.943
-861.939
-861.918
-861.903
-861.859
-861.827
-861.809
-861.781
-861.761
-861.76
-861.74
-861.704
-861.656
-861.643
-861.618
-861.608
-861.593
-861.593
-861.583
-861.494
-861.407
-861.401
-861.398
-861.389
-861.367
-861.457
-861.456
-861.453
-861.423
-861.387
-861.387
-861.346
-861.341
-861.327
-861.327
-861.303
-861.275
-861.245
-861.237
-861.234
-861.203
-861.185
-861.152
-861.136
-861.13
-861.113
-861.108
-861.106
-861.094
-861.079
-861.077
-861.068
-861.059
-860.996
-860.978
-860.965
-860.962
-860.945
-860.918
-860.898
-860.888
-860.882
-860.867
-860.866
-860.866
-860.824
-860.795
-860.793
-860.759
-860.749
-860.742
-860.74
-860.732
-860.721
-860.708
-860.809
-860.775
-860.772
-860.764
-860.757
-860.756
-860.749
-860.699
-860.679
-860.662
-860.659
-860.657
-860.656
-860.637
-860.576
-860.567
-860.504
-860.463
-860.429
-860.406
-860.38
-860.373
-860.368
-860.351
-860.332
-860.31
-860.302
-860.243
-860.225
-860.224
-860.212
-860.124
-860.123
-860.117
-860.115
-860.096
-860.09
-860.06
-860.057
-860.045
-859.986
-859.985
-859.953
-859.933
-859.842
-859.832
-859.821
-859.801
-859.76
-859.757
-859.859
-859.844
-859.808
-859.762
-859.738
-859.72
-859.698
-859.648
-859.644
-859.582
-859.575
-859.536
-859.524
-859.522
-859.515
-859.46
-859.457
-859.388
-859.367
-859.309
-859.285
-859.283
-859.267
-859.242
-859.241
-859.24
-859.224
-859.224
-859.202
-859.194
-859.165
-859.133
-859.128
-859.086
-859.082
-859.048
-859.047
-859.027
-859.018
-859.001
-858.97
-858.958
-858.945
-858.901
-858.894
-858.875
-858.864
-858.832
-858.8
-858.774
-858.867
-858.859
-858.855
-858.854
-858.846
-858.844
-858.844
-858.843
-858.803
-858.793
-858.779
-858.755
-858.734
-858.729
-858.716
-858.668
-858.653
-858.642
-858.64
-858.637
-858.635
-858.597
-858.593
-858.589
-858.569
-858.56
-858.543
-858.542
-858.537
-858.519
-858.516
-858.482
-858.395
-858.383
-858.34
-858.331
-858.321
-858.316
-858.312
-858.308
-858.288
-858.217
-858.18
-858.157
-858.131
-858.116
-858.095
-858.089
-858.069
-858.055
-858.146
-858.144
-858.134
-858.117
-858.024
-857.985
-857.957
-857.946
-857.918
-857.884
-857.878
-857.872
-857.872
-857.862
-857.837
-857.812
-857.798
-857.78
-857.76
-857.738
-857.71
-857.702
-857.686
-857.682
-857.672
-857.647
-857.632
-857.617
-857.608
-857.606
-857.597
-857.597
-857.579
-857.576
-857.553
-857.539
-857.528
-857.524
-857.516
-857.499
-857.473
-857.458
-857.457
-857.428
-857.385
-857.345
-857.329
-857.307
-857.301
-857.249
-857.348
-857.345
-857.323
-857.32
-857.318
-857.299
-857.259
-857.246
-857.175
-857.145
-857.12
-857.112
-857.084
-857.079
-857.078
-857.073
-857.046
-857.039
-857.027
-857.025
-857.018
-857.012
-856.993
-856.954
-856.945
-856.944
-856.939
-856.915
-856.913
-856.908
-856.904
-856.901
-856.9
-856.879
-856.868
-856.865
-856.852
-856.84
-856.832
-856.802
-856.765
-856.753
-856.733
-856.727
-856.725
-856.706
-856.705
-856.615
-856.59
-856.574
-856.674
-856.664
-856.637
-856.622
-856.579
-856.564
-856.552
-856.551
-856.545
-856.519
-856.518
-856.511
-856.48
-856.472
-856.466
-856.456
-856.444
-856.44
-856.436
-856.416
-856.381
-856.38
-856.364
-856.323
-856.302
-856.295
-856.239
-856.23
-856.225
-856.216
-856.181
-856.167
-856.167
-856.165
-856.151
-856.137
-856.135
-856.132
-856.125
-856.083
-856.07
-856.023
-855.997
-855.974
-855.969
-855.952
-855.912
-855.892
-855.865
-855.86
-855.958
-855.943
-855.936
-855.932
-855.931
-855.899
-855.889
-855.88
-855.857
-855.853
-855.834
-855.808
-855.79
-855.765
-855.741
-855.732
-855.723
-855.676
-855.675
-855.671
-855.631
-855.626
-855.622
-855.61
-855.604
-855.583
-855.583
-855.579
-855.577
-855.555
-855.544
-855.508
-855.494
-855.474
-855.466
-855.463
-855.444
-855.442
-855.426
-855.406
-855.403
-855.388
-855.384
-855.38
-855.378
-855.364
-855.348
-855.347
-855.319
-855.299
-855.402
-855.362
-855.356
-855.347
-855.336
-855.324
-855.319
-855.31
-855.3
-855.283
-855.28
-855.279
-855.273
-855.246
-855.244
-855.226
-855.215
-855.195
-855.185
-855.178
-855.12
-855.106
-855.098
-855.092
-855.032
-855.011
-855.001
-854.977
-854.963
-854.95
-854.901
-854.889
-854.872
-854.864
-854.857
-854.85
-854.831
-854.818
-854.813
-854.791
-854.788
-854.76
-854.756
-854.742
-854.738
-854.722
-854.715
-854.681
-854.675
-854.673
-854.777
-854.77
-854.763
-854.745
-854.741
-854.731
-854.724
-854.707
-854.698
-854.697
-854.664
-854.63
-854.62
-854.615
-854.609
-854.593
-854.586
-854.573
-854.562
-854.556
-854.541
-854.533
-854.528
-854.506
-854.477
-854.466
-854.456
-854.445
-854.443
-854.427
-854.421
-854.392
-854.382
-854.371
-854.338
-854.335
-854.334
-854.315
-854.305
-854.293
-854.272
-854.271
-854.268
-854.203
-854.186
-854.179
-854.131
-854.121
-854.11
-854.089
-854.165
-854.157
-854.152
-854.118
-854.114
-854.073
-854.061
-854.032
-854.031
-854.014
-854.012
-854.011
-853.999
-853.984
-853.957
-853.948
-853.926
-853.926
-853.918
-853.916
-853.869
-853.865
-853.841
-853.837
-853.825
-853.765
-853.76
-853.746
-853.73
-853.723
-853.722
-853.714
-853.711
-853.707
-853.693
-853.68
-853.666
-853.655
-853.651
-853.645
-853.617
-853.608
-853.595
-853.592
-853.59
-853.587
-853.58
-853.562
-853.532
-853.499
-853.6
-853.6
-853.598
-853.589
-853.583
-853.557
-853.538
-853.538
-853.532
-853.52
-853.51
-853.509
-853.5
-853.475
-853.428
-853.425
-853.424
-853.417
-853.411
-853.409
-853.365
-853.357
-853.337
-853.33
-853.326
-853.321
-853.313
-853.312
-853.304
-853.302
-853.254
-853.251
-853.251
-853.25
-853.247
-853.236
-853.226
-853.212
-853.188
-853.174
-853.158
-853.158
-853.132
-853.131
-853.117
-853.104
-853.103
-853.054
-853.04
-853.013
-853.063
-853.061
-853.052
-853.052
-853.044
-853.032
-853.021
-852.988
-852.947
-852.945
-852.935
-852.935
-852.922
-852.902
-852.894
-852.886
-852.863
-852.854
-852.815
-852.809
-852.806
-852.804
-852.797
-852.794
-852.76
-852.757
-852.757
-852.754
-852.749
-852.746
-852.736
-852.711
-852.703
-852.698
-852.68
-852.659
-852.652
-852.637
-852.617
-852.613
-852.568
-852.552
-852.545
-852.543
-852.54
-852.535
-852.516
-852.507
-852.498
-852.498
-852.552
-852.551
-852.541
-852.529
-852.524
-852.523
-852.523
-852.52
-852.515
-852.515
-852.503
-852.473
-852.458
-852.453
-852.451
-852.451
-852.428
-852.413
-852.406
-852.385
-852.333
-852.279
-852.278
-852.276
-852.27
-852.27
-852.263
-852.257
-852.252
-852.243
-852.201
-852.166
-852.153
-852.15
-852.143
-852.125
-852.083
-852.077
-852.075
-852.039
-852.009
-852.002
-851.996
-851.992
-851.985
-851.979
-851.976
-851.969
-851.959
-851.951
-852.041
-852.015
-852.015
-852.012
-852.004
-852.002
-851.993
-851.986
-851.975
-851.973
-851.972
-851.968
-851.968
-851.943
-851.936
-851.935
-851.915
-851.89
-851.876
-851.861
-851.837
-851.834
-851.813
-851.803
-851.797
-851.792
-851.787
-851.775
-851.774
-851.76
-851.745
-851.735
-851.719
-851.701
-851.695
-851.673
-851.669
-851.668
-851.637
-851.621
-851.602
-851.597
-851.579
-851.567
-851.567
-851.561
-851.553
-851.535
-851.532
-851.523
-851.624
-851.61
-851.601
-851.597
-851.579
-851.557
-851.553
-851.543
-851.535
-851.522
-851.518
-851.515
-851.507
-851.478
-851.471
-851.46
-851.458
-851.456
-851.453
-851.437
-851.404
-851.401
-851.4
-851.399
-851.375
-851.336
-851.332
-851.323
-851.31
-851.303
-851.302
-851.295
-851.294
-851.283
-851.277
-851.251
-851.247
-851.244
-851.241
-851.228
-851.214
-851.21
-851.21
-851.203
-851.198
-851.189
-851.187
-851.186
-851.186
-851.171
-851.27
-851.263
-851.251
-851.251
-851.234
-851.22
-851.197
-851.193
-851.187
-851.182
-851.181
-851.173
-851.165
-851.153
-851.147
-851.124
-851.115
-851.1
-851.098
-851.091
-851.09
-851.085
-851.046
-851.045
-851.034
-851.026
-851.022
-851.006
-851.004
-850.986
-850.986
-850.984
-850.979
-850.967
-850.962
-850.937
-850.936
-850.919
-850.916
-850.884
-850.874
-850.87
-850.857
-850.824
-850.816
-850.797
-850.78
-850.768
-850.735
-850.727
-850.826
-850.801
-850.793
-850.781
-850.754
-850.747
-850.737
-850.734
-850.733
-850.729
-850.725
-850.722
-850.719
-850.711
-850.711
-850.706
-850.668
-850.667
-850.661
-850.66
-850.654
-850.653
-850.621
-850.62
-850.618
-850.608
-850.589
-850.573
-850.573
-850.541
-850.539
-850.537
-850.534
-850.528
-850.501
-850.484
-850.458
-850.454
-850.45
-850.447
-850.434
-850.434
-850.432
-850.425
-850.425
-850.412
-850.406
-850.389
-850.353
-850.337
-850.433
-850.425
-850.375
-850.373
-850.357
-850.341
-850.301
-850.29
-850.288
-850.288
-850.286
-850.28
-850.273
-850.256
-850.234
-850.198
-850.185
-850.185
-850.181
-850.163
-850.161
-850.15
-850.148
-850.148
-850.133
-850.113
-850.11
-850.098
-850.093
-850.079
-850.073
-850.056
-850.01
-850.005
-850.005
-850.001
-849.973
-849.971
-849.953
-849.95
-849.946
-849.94
-849.875
-849.874
-849.848
-849.844
-849.81
-849.798
-849.753
-849.742
-849.847
-849.842
-849.842
-849.818
-849.783
-849.78
-849.775
-849.773
-849.77
-849.77
-849.749
-849.746
-849.743
-849.743
-849.739
-849.735
-849.73
-849.725
-849.707
-849.696
-849.684
-849.679
-849.661
-849.658
-849.641
-849.626
-849.616
-849.612
-849.609
-849.596
-849.594
-849.591
-849.585
-849.579
-849.569
-849.567
-849.55
-849.546
-849.544
-849.541
-849.523
-849.522
-849.516
-849.512
-849.51
-849.501
-849.501
-849.49
-849.481
-849.464
-849.568
-849.55
-849.546
-849.546
-849.543
-849.531
-849.53
-849.517
-849.513
-849.512
-849.5
-849.471
-849.463
-849.463
-849.456
-849.447
-849.446
-849.442
-849.437
-849.433
-849.416
-849.416
-849.412
-849.407
-849.39
-849.389
-849.368
-849.366
-849.363
-849.357
-849.351
-849.337
-849.318
-849.299
-849.298
-849.295
-849.29
-849.29
-849.287
-849.278
-849.275
-849.271
-849.269
-849.263
-849.262
-849.234
-849.225
-849.219
-849.217
-849.197
-849.3
-849.282
-849.274
-849.27
-849.237
-849.227
-849.21
-849.192
-849.191
-849.175
-849.167
-849.156
-849.154
-849.146
-849.143
-849.134
-849.133
-849.125
-849.114
-849.08
-849.073
-849.07
-849.069
-849.068
-849.058
-849.048
-849.032
-849.031
-849.02
-849.018
-849.015
-849.012
-849.004
-849.002
-848.988
-848.983
-848.979
-848.963
-848.954
-848.938
-848.905
-848.897
-848.891
-848.887
-848.859
-848.858
-848.853
-848.849
-848.849
-848.841
-848.945
-848.927
-848.912
-848.906
-848.899
-848.895
-848.878
-848.85
-848.844
-848.829
-848.827
-848.826
-848.825
-848.808
-848.761
-848.753
-848.75
-848.691
-848.684
-848.68
-848.676
-848.656
-848.629
-848.622
-848.607
-848.607
-848.6
-848.595
-848.593
-848.582
-848.574
-848.564
-848.562
-848.56
-848.55
-848.55
-848.549
-848.547
-848.542
-848.539
-848.533
-848.527
-848.525
-848.523
-848.504
-848.504
-848.499
-848.484
-848.462
-848.459
-848.561
-848.544
-848.543
-848.529
-848.527
-848.524
-848.509
-848.507
-848.503
-848.5
-848.493
-848.486
-848.475
-848.475
-848.469
-848.467
-848.466
-848.462
-848.46
-848.451
-848.447
-848.444
-848.441
-848.429
-848.407
-848.396
-848.387
-848.385
-848.382
-848.38
-848.376
-848.369
-848.366
-848.362
-848.36
-848.358
-848.357
-848.354
-848.351
-848.349
-848.345
-848.341
-848.34
-848.338
-848.333
-848.329
-848.328
-848.325
-848.318
-848.316
-848.416
-848.416
-848.416
-848.414
-848.406
-848.405
-848.404
-848.4
-848.395
-848.386
-848.38
-848.375
-848.338
-848.336
-848.328
-848.308
-848.292
-848.287
-848.287
-848.285
-848.281
-848.28
-848.28
-848.278
-848.275
-848.271
-848.268
-848.262
-848.259
-848.242
-848.228
-848.218
-848.214
-848.213
-848.212
-848.211
-848.205
-848.203
-848.191
-848.187
-848.183
-848.177
-848.171
-848.163
-848.163
-848.158
-848.135
-848.128
-848.125
-848.119
-848.22
-848.217
-848.208
-848.207
-848.201
-848.197
-848.195
-848.185
-848.179
-848.178
-848.178
-848.177
-848.175
-848.174
-848.172
-848.172
-848.15
-848.147
-848.145
-848.144
-848.143
-848.142
-848.132
-848.129
-848.129
-848.112
-848.11
-848.099
-848.093
-848.088
-848.067
-848.065
-848.056
-848.055
-848.05
-848.034
-848.03
-848.016
-848.015
-848.014
-848.011
-848.01
-848.005
-848.003
-848.002
-847.989
-847.988
-847.987
-847.972
-847.97
-848.071
-848.059
-848.055
-848.055
-848.055
-848.051
-848.04
-848.035
-848.033
-848.029
-848.023
-848.022
-848.011
-848.009
-848.008
-848.001
-847.997
-847.981
-847.979
-847.976
-847.972
-847.968
-847.955
-847.951
-847.928
-847.928
-847.919
-847.917
-847.915
-847.907
-847.904
-847.892
-847.888
-847.884
-847.874
-847.85
-847.848
-847.848
-847.845
-847.843
-847.828
-847.827
-847.816
-847.804
-847.803
-847.801
-847.8
-847.781
-847.772
-847.765
-847.868
-847.86
-847.852
-847.85
-847.844
-847.841
-847.821
-847.806
-847.805
-847.798
-847.795
-847.778
-847.768
-847.767
-847.76
-847.749
-847.745
-847.743
-847.731
-847.728
-847.719
-847.717
-847.715
-847.708
-847.707
-847.703
-847.702
-847.692
-847.684
-847.677
-847.677
-847.664
-847.656
-847.655
-847.65
-847.633
-847.619
-847.617
-847.599
-847.589
-847.585
-847.583
-847.566
-847.558
-847.555
-847.549
-847.549
-847.547
-847.544
-847.54
-847.64
-847.64
-847.624
-847.618
-847.612
-847.611
-847.606
-847.605
-847.604
-847.604
-847.601
-847.588
-847.587
-847.579
-847.576
-847.575
-847.574
-847.573
-847.566
-847.554
-847.548
-847.53
-847.53
-847.524
-847.522
-847.521
-847.515
-847.491
-847.49
-847.478
-847.47
-847.469
-847.461
-847.453
-847.449
-847.449
-847.446
-847.442
-847.438
-847.436
-847.435
-847.434
-847.426
-847.425
-847.424
-847.423
-847.418
-847.407
-847.393
-847.392
-847.496
-847.491
-847.49
-847.49
-847.489
-847.481
-847.466
-847.462
-847.451
-847.441
-847.438
-847.431
-847.422
-847.418
-847.41
-847.406
-847.386
-847.383
-847.383
-847.382
-847.381
-847.377
-847.376
-847.375
-847.374
-847.37
-847.363
-847.354
-847.351
-847.343
-847.341
-847.339
-847.336
-847.336
-847.334
-847.325
-847.324
-847.322
-847.317
-847.311
-847.308
-847.306
-847.305
-847.301
-847.298
-847.291
-847.289
-847.287
-847.283
-847.277
-847.382
-847.378
-847.376
-847.37
-847.367
-847.365
-847.356
-847.338
-847.338
-847.334
-847.334
-847.329
-847.329
-847.328
-847.325
-847.315
-847.307
-847.301
-847.298
-847.296
-847.27
-847.257
-847.253
-847.252
-847.249
-847.247
-847.246
-847.24
-847.237
-847.235
-847.229
-847.227
-847.225
-847.218
-847.217
-847.213
-847.202
-847.195
-847.193
-847.193
-847.181
-847.156
-847.155
-847.15
-847.143
-847.138
-847.137
-847.13
-847.122
-847.121
-847.225
-847.221
-847.217
-847.216
-847.206
-847.197
-847.197
-847.197
-847.194
-847.19
-847.188
-847.185
-847.184
-847.172
-847.17
-847.161
-847.161
-847.159
-847.156
-847.142
-847.14
-847.14
-847.139
-847.136
-847.132
-847.132
-847.128
-847.127
-847.126
-847.115
-847.114
-847.112
-847.109
-847.106
-847.102
-847.096
-847.092
-847.084
-847.08
-847.067
-847.061
-847.056
-847.05
-847.049
-847.042
-847.033
-847.028
-847.028
-847.027
-847.007
-847.105
-847.104
-847.089
-847.087
-847.077
-847.062
-847.06
-847.059
-847.058
-847.053
-847.035
-847.029
-847.024
-847.023
-847.021
-847.017
-847.014
-847.012
-847.007
-847.005
-847.002
-847.001
-846.997
-846.985
-846.976
-846.975
-846.974
-846.972
-846.97
-846.967
-846.966
-846.963
-846.958
-846.954
-846.951
-846.943
-846.938
-846.935
-846.935
-846.933
-846.93
-846.929
-846.927
-846.922
-846.918
-846.914
-846.909
-846.902
-846.902
-846.897
-846.998
-846.991
-846.988
-846.98
-846.976
-846.975
-846.974
-846.955
-846.953
-846.951
-846.951
-846.95
-846.949
-846.939
-846.938
-846.922
-846.915
-846.9
-846.894
-846.892
-846.89
-846.887
-846.882
-846.871
-846.848
-846.845
-846.842
-846.842
-846.823
-846.818
-846.818
-846.815
-846.812
-846.811
-846.797
-846.78
-846.776
-846.77
-846.76
-846.76
-846.757
-846.75
-846.749
-846.743
-846.742
-846.713
-846.713
-846.707
-846.703
-846.692
-846.796
-846.788
-846.776
-846.774
-846.772
-846.768
-846.764
-846.762
-846.76
-846.757
-846.75
-846.747
-846.746
-846.733
-846.73
-846.729
-846.729
-846.729
-846.724
-846.724
-846.717
-846.716
-846.716
-846.709
-846.698
-846.693
-846.689
-846.684
-846.676
-846.675
-846.671
-846.659
-846.655
-846.649
-846.642
-846.641
-846.628
-846.615
-846.607
-846.601
-846.6
-846.597
-846.596
-846.592
-846.566
-846.554
-846.548
-846.548
-846.541
-846.536
-846.641
-846.638
-846.63
-846.621
-846.619
-846.611
-846.611
-846.607
-846.606
-846.598
-846.594
-846.591
-846.579
-846.579
-846.573
-846.573
-846.567
-846.559
-846.559
-846.554
-846.553
-846.539
-846.531
-846.518
-846.514
-846.51
-846.499
-846.498
-846.481
-846.475
-846.458
-846.452
-846.452
-846.449
-846.447
-846.445
-846.421
-846.415
-846.412
-846.403
-846.395
-846.39
-846.388
-846.381
-846.378
-846.372
-846.372
-846.349
-846.346
-846.333
-846.436
-846.435
-846.43
-846.428
-846.425
-846.424
-846.422
-846.42
-846.414
-846.405
-846.402
-846.4
-846.398
-846.395
-846.394
-846.392
-846.39
-846.369
-846.368
-846.368
-846.365
-846.363
-846.354
-846.352
-846.348
-846.345
-846.344
-846.339
-846.337
-846.334
-846.333
-846.332
-846.324
-846.322
-846.319
-846.318
-846.314
-846.314
-846.311
-846.309
-846.302
-846.302
-846.299
-846.289
-846.288
-846.281
-846.28
-846.28
-846.277
-846.276
-846.367
-846.365
-846.364
-846.358
-846.357
-846.355
-846.355
-846.349
-846.328
-846.327
-846.321
-846.319
-846.318
-846.315
-846.311
-846.305
-846.303
-846.301
-846.297
-846.296
-846.292
-846.288
-846.282
-846.281
-846.281
-846.28
-846.273
-846.27
-846.261
-846.261
-846.261
-846.258
-846.256
-846.255
-846.252
-846.248
-846.246
-846.242
-846.239
-846.239
-846.234
-846.23
-846.227
-846.227
-846.22
-846.216
-846.216
-846.204
-846.201
-846.194
-846.298
-846.287
-846.283
-846.281
-846.278
-846.277
-846.262
-846.258
-846.257
-846.254
-846.252
-846.251
-846.251
-846.248
-846.245
-846.24
-846.238
-846.222
-846.221
-846.219
-846.218
-846.217
-846.216
-846.21
-846.205
-846.2
-846.193
-846.193
-846.19
-846.189
-846.18
-846.18
-846.169
-846.167
-846.164
-846.161
-846.15
-846.145
-846.138
-846.133
-846.128
-846.123
-846.119
-846.111
-846.109
-846.106
-846.105
-846.101
-846.1
-846.099
-846.202
-846.202
-846.198
-846.196
-846.194
-846.191
-846.185
-846.182
-846.179
-846.176
-846.174
-846.166
-846.164
-846.157
-846.149
-846.146
-846.143
-846.139
-846.137
-846.135
-846.133
-846.131
-846.124
-846.117
-846.115
-846.112
-846.111
-846.111
-846.107
-846.102
-846.1
-846.1
-846.098
-846.097
-846.096
-846.085
-846.083
-846.083
-846.08
-846.073
-846.072
-846.07
-846.068
-846.067
-846.065
-846.048
-846.036
-846.035
-846.031
-846.025
-846.124
-846.116
-846.11
-846.109
-846.109
-846.108
-846.098
-846.098
-846.098
-846.097
-846.089
-846.081
-846.074
-846.067
-846.067
-846.054
-846.053
-846.053
-846.045
-846.042
-846.037
-846.033
-846.024
-846.017
-846.017
-846.016
-846.015
-846.014
-846.009
-846.006
-845.998
-845.99
-845.989
-845.981
-845.98
-845.977
-845.972
-845.971
-845.967
-845.959
-845.948
-845.943
-845.927
-845.926
-845.918
-845.918
-845.912
-845.91
-845.909
-845.903
-846.005
-846.004
-845.987
-845.986
-845.983
-845.97
-845.97
-845.965
-845.963
-845.962
-845.953
-845.946
-845.939
-845.938
-845.935
-845.922
-845.915
-845.913
-845.912
-845.912
-845.912
-845.905
-845.902
-845.901
-845.897
-845.897
-845.894
-845.892
-845.884
-845.879
-845.878
-845.875
-845.873
-845.872
-845.871
-845.87
-845.868
-845.868
-845.862
-845.851
-845.85
-845.846
-845.845
-845.84
-845.84
-845.837
-845.826
-845.825
-845.824
-845.822
-845.927
-845.925
-845.923
-845.921
-845.916
-845.916
-845.913
-845.912
-845.911
-845.904
-845.902
-845.902
-845.9
-845.898
-845.891
-845.889
-845.888
-845.887
-845.886
-845.881
-845.878
-845.87
-845.868
-845.868
-845.861
-845.857
-845.856
-845.846
-845.841
-845.84
-845.835
-845.835
-845.832
-845.831
-845.83
-845.825
-845.816
-845.812
-845.808
-845.806
-845.804
-845.803
-845.802
-845.8
-845.796
-845.793
-845.787
-845.787
-845.787
-845.782
-845.885
-845.879
-845.878
-845.872
-845.871
-845.87
-845.866
-845.863
-845.862
-845.862
-845.848
-845.845
-845.845
-845.844
-845.84
-845.839
-845.833
-845.832
-845.83
-845.83
-845.826
-845.82
-845.815
-845.811
-845.81
-845.809
-845.805
-845.803
-845.798
-845.782
-845.771
-845.769
-845.763
-845.761
-845.757
-845.755
-845.751
-845.75
-845.749
-845.748
-845.748
-845.748
-845.742
-845.732
-845.726
-845.725
-845.723
-845.714
-845.701
-845.698
-845.803
-845.8
-845.799
-845.798
-845.795
-845.789
-845.78
-845.779
-845.776
-845.776
-845.774
-845.771
-845.771
-845.766
-845.764
-845.759
-845.757
-845.754
-845.746
-845.738
-845.738
-845.737
-845.736
-845.73
-845.73
-845.729
-845.717
-845.712
-845.71
-845.709
-845.709
-845.708
-845.706
-845.699
-845.699
-845.695
-845.69
-845.683
-845.672
-845.67
-845.67
-845.669
-845.666
-845.661
-845.658
-845.657
-845.656
-845.654
-845.652
-845.649
-845.751
-845.75
-845.747
-845.745
-845.744
-845.737
-845.731
-845.723
-845.718
-845.712
-845.704
-845.704
-845.703
-845.703
-845.697
-845.693
-845.69
-845.689
-845.689
-845.682
-845.682
-845.681
-845.679
-845.679
-845.672
-845.671
-845.666
-845.663
-845.662
-845.661
-845.659
-845.657
-845.657
-845.653
-845.642
-845.634
-845.633
-845.632
-845.624
-845.62
-845.616
-845.61
-845.609
-845.607
-845.605
-845.602
-845.597
-845.594
-845.59
-845.584
-845.686
-845.681
-845.681
-845.678
-845.676
-845.676
-845.675
-845.672
-845.665
-845.663
-845.661
-845.66
-845.66
-845.658
-845.654
-845.651
-845.647
-845.641
-845.635
-845.634
-845.629
-845.62
-845.62
-845.619
-845.61
-845.608
-845.605
-845.602
-845.592
-845.59
-845.59
-845.588
-845.583
-845.579
-845.579
-845.577
-845.576
-845.573
-845.571
-845.57
-845.569
-845.565
-845.561
-845.552
-845.549
-845.548
-845.546
-845.543
-845.542
-845.54
-845.64
-845.639
-845.638
-845.637
-845.637
-845.63
-845.628
-845.625
-845.62
-845.617
-845.617
-845.616
-845.614
-845.614
-845.611
-845.61
-845.607
-845.599
-845.597
-845.596
-845.584
-845.581
-845.58
-845.577
-845.576
-845.569
-845.568
-845.568
-845.566
-845.565
-845.562
-845.558
-845.554
-845.545
-845.545
-845.544
-845.544
-845.537
-845.537
-845.536
-845.529
-845.524
-845.523
-845.522
-845.521
-845.521
-845.516
-845.514
-845.51
-845.509
-845.613
-845.613
-845.609
-845.6
-845.599
-845.599
-845.598
-845.591
-845.591
-845.59
-845.582
-845.581
-845.579
-845.577
-845.574
-845.562
-845.55
-845.55
-845.549
-845.549
-845.548
-845.545
-845.54
-845.54
-845.534
-845.529
-845.528
-845.527
-845.521
-845.518
-845.517
-845.517
-845.513
-845.512
-845.51
-845.504
-845.499
-845.498
-845.496
-845.494
-845.492
-845.491
-845.487
-845.483
-845.482
-845.476
-845.469
-845.464
-845.461
-845.458
-845.558
-845.556
-845.551
-845.551
-845.55
-845.547
-845.547
-845.547
-845.542
-845.541
-845.541
-845.539
-845.534
-845.53
-845.517
-845.516
-845.51
-845.5
-845.494
-845.491
-845.49
-845.487
-845.482
-845.48
-845.479
-845.472
-845.47
-845.464
-845.463
-845.459
-845.459
-845.454
-845.453
-845.445
-845.431
-845.429
-845.428
-845.428
-845.424
-845.419
-845.411
-845.407
-845.405
-845.405
-845.404
-845.4
-845.399
-845.395
-845.394
-845.393
-845.497
-845.497
-845.491
-845.487
-845.487
-845.485
-845.485
-845.485
-845.483
-845.483
-845.479
-845.479
-845.466
-845.461
-845.459
-845.457
-845.455
-845.455
-845.45
-845.449
-845.447
-845.446
-845.441
-845.441
-845.439
-845.437
-845.435
-845.43
-845.427
-845.427
-845.426
-845.423
-845.422
-845.422
-845.417
-845.416
-845.406
-845.405
-845.401
-845.399
-845.398
-845.394
-845.391
-845.389
-845.386
-845.381
-845.377
-845.375
-845.372
-845.37
-845.474
-845.472
-845.466
-845.462
-845.461
-845.459
-845.454
-845.452
-845.452
-845.451
-845.448
-845.441
-845.44
-845.438
-845.438
-845.438
-845.429
-845.428
-845.425
-845.424
-845.423
-845.421
-845.42
-845.419
-845.416
-845.415
-845.414
-845.414
-845.413
-845.41
-845.406
-845.404
-845.404
-845.398
-845.395
-845.39
-845.39
-845.389
-845.382
-845.38
-845.377
-845.376
-845.375
-845.375
-845.373
-845.371
-845.369
-845.368
-845.361
-845.361
-845.456
-845.456
-845.454
-845.451
-845.45
-845.447
-845.44
-845.44
-845.44
-845.439
-845.436
-845.435
-845.434
-845.434
-845.432
-845.429
-845.423
-845.419
-845.417
-845.416
-845.414
-845.408
-845.407
-845.407
-845.407
-845.405
-845.405
-845.404
-845.403
-845.401
-845.4
-845.396
-845.396
-845.392
-845.387
-845.386
-845.384
-845.381
-845.376
-845.369
-845.36
-845.355
-845.351
-845.347
-845.339
-845.33
-845.326
-845.322
-845.32
-845.32
-845.422
-845.418
-845.417
-845.416
-845.414
-845.414
-845.413
-845.412
-845.409
-845.408
-845.404
-845.404
-845.404
-845.403
-845.396
-845.395
-845.395
-845.393
-845.392
-845.392
-845.391
-845.391
-845.389
-845.379
-845.378
-845.376
-845.376
-845.37
-845.367
-845.358
-845.355
-845.355
-845.353
-845.352
-845.349
-845.342
-845.338
-845.337
-845.337
-845.336
-845.332
-845.329
-845.327
-845.326
-845.321
-845.32
-845.318
-845.316
-845.313
-845.311
-845.415
-845.413
-845.41
-845.404
-845.404
-845.4
-845.398
-845.394
-845.392
-845.389
-845.388
-845.386
-845.372
-845.371
-845.37
-845.369
-845.368
-845.366
-845.365
-845.364
-845.362
-845.362
-845.354
-845.351
-845.348
-845.347
-845.346
-845.342
-845.341
-845.339
-845.338
-845.336
-845.33
-845.329
-845.328
-845.319
-845.318
-845.304
-845.3
-845.3
-845.296
-845.292
-845.288
-845.277
-845.276
-845.273
-845.272
-845.266
-845.258
-845.254
-845.359
-845.358
-845.356
-845.356
-845.356
-845.352
-845.352
-845.352
-845.348
-845.345
-845.342
-845.34
-845.338
-845.338
-845.338
-845.338
-845.336
-845.336
-845.335
-845.333
-845.325
-845.323
-845.321
-845.317
-845.317
-845.308
-845.306
-845.304
-845.299
-845.298
-845.292
-845.281
-845.281
-845.278
-845.277
-845.274
-845.274
-845.266
-845.261
-845.253
-845.248
-845.246
-845.245
-845.244
-845.243
-845.243
-845.237
-845.235
-845.235
-845.233
-845.331
-845.331
-845.327
-845.322
-845.32
-845.317
-845.315
-845.314
-845.313
-845.306
-845.302
-845.296
-845.294
-845.293
-845.286
-845.286
-845.282
-845.282
-845.278
-845.278
-845.275
-845.274
-845.273
-845.268
-845.266
-845.265
-845.262
-845.257
-845.254
-845.243
-845.242
-845.241
-845.239
-845.237
-845.233
-845.224
-845.223
-845.219
-845.218
-845.218
-845.213
-845.208
-845.207
-845.204
-845.201
-845.187
-845.186
-845.185
-845.183
-845.181
-845.285
-845.28
-845.274
-845.268
-845.264
-845.255
-845.248
-845.248
-845.24
-845.24
-845.239
-845.237
-845.233
-845.233
-845.232
-845.231
-845.231
-845.23
-845.22
-845.218
-845.217
-845.216
-845.208
-845.208
-845.203
-845.202
-845.201
-845.2
-845.195
-845.186
-845.185
-845.183
-845.182
-845.181
-845.181
-845.18
-845.178
-845.177
-845.173
-845.169
-845.165
-845.162
-845.16
-845.156
-845.155
-845.155
-845.149
-845.145
-845.145
-845.14
-845.243
-845.241
-845.233
-845.232
-845.229
-845.225
-845.224
-845.224
-845.222
-845.221
-845.217
-845.212
-845.207
-845.201
-845.195
-845.192
-845.187
-845.187
-845.18
-845.178
-845.17
-845.163
-845.158
-845.158
-845.158
-845.158
-845.155
-845.155
-845.154
-845.152
-845.151
-845.148
-845.148
-845.148
-845.147
-845.139
-845.132
-845.131
-845.131
-845.13
-845.127
-845.123
-845.117
-845.116
-845.114
-845.101
-845.1
-845.098
-845.097
-845.096
-845.194
-845.185
-845.185
-845.182
-845.182
-845.179
-845.178
-845.177
-845.176
-845.174
-845.168
-845.168
-845.166
-845.165
-845.162
-845.158
-845.157
-845.157
-845.155
-845.154
-845.154
-845.153
-845.144
-845.135
-845.135
-845.132
-845.131
-845.131
-845.13
-845.129
-845.128
-845.125
-845.125
-845.113
-845.108
-845.107
-845.106
-845.106
-845.105
-845.104
-845.103
-845.103
-845.101
-845.101
-845.097
-845.096
-845.086
-845.085
-845.08
-845.08
-845.182
-845.182
-845.178
-845.177
-845.176
-845.175
-845.172
-845.171
-845.171
-845.165
-845.162
-845.161
-845.159
-845.156
-845.152
-845.151
-845.15
-845.145
-845.14
-845.136
-845.136
-845.136
-845.129
-845.128
-845.127
-845.122
-845.121
-845.12
-845.119
-845.117
-845.115
-845.111
-845.109
-845.102
-845.101
-845.1
-845.099
-845.091
-845.086
-845.083
-845.083
-845.079
-845.077
-845.076
-845.076
-845.075
-845.075
-845.07
-845.068
-845.066
-845.17
-845.165
-845.164
-845.16
-845.159
-845.152
-845.151
-845.147
-845.145
-845.144
-845.139
-845.139
-845.129
-845.124
-845.123
-845.12
-845.108
-845.107
-845.107
-845.105
-845.104
-845.102
-845.102
-845.1
-845.095
-845.093
-845.093
-845.092
-845.091
-845.088
-845.087
-845.087
-845.087
-845.086
-845.085
-845.083
-845.083
-845.082
-845.079
-845.077
-845.077
-845.073
-845.072
-845.071
-845.071
-845.07
-845.069
-845.064
-845.054
-845.053
-845.156
-845.155
-845.152
-845.15
-845.149
-845.149
-845.147
-845.147
-845.147
-845.143
-845.142
-845.138
-845.137
-845.133
-845.129
-845.129
-845.128
-845.127
-845.127
-845.118
-845.116
-845.11
-845.109
-845.106
-845.106
-845.102
-845.099
-845.098
-845.094
-845.093
-845.093
-845.083
-845.082
-845.08
-845.077
-845.074
-845.073
-845.072
-845.072
-845.067
-845.064
-845.064
-845.063
-845.063
-845.058
-845.058
-845.055
-845.047
-845.045
-845.04
-845.04
-845.039
-845.037
-845.026
-845.024
-845.023
-845.022
-845.022
-845.019
-845.019
-845.017
-845.015
-845.002
-844.997
-844.995
-844.988
-844.982
-844.982
-844.982
-844.979
-844.974
-844.973
-844.973
-844.97
-844.967
-844.966
-844.965
-844.961
-844.959
-844.958
-844.954
-844.95
-844.949
-844.949
-844.948
-844.946
-844.942
-844.94
-844.938
-844.935
-844.934
-844.934
-844.933
-844.932
-844.931
-844.93
-844.928
-844.928
-844.926
-844.922
-844.92
-844.918
-844.914
-844.912
-844.902
-844.893
-844.892
-844.892
-844.892
-844.89
-844.885
-844.879
-844.877
-844.873
-844.869
-844.866
-844.864
-844.861
-844.859
-844.859
-844.858
-844.858
-844.857
-844.851
-844.851
-844.847
-844.846
-844.843
-844.841
-844.84
-844.838
-844.832
-844.823
-844.823
-844.823
-844.816
-844.816
-844.814
-844.813
-844.81
-844.81
-844.804
-844.803
-844.799
-844.797
-844.794
-844.793
-844.793
-844.789
-844.786
-844.785
-844.783
-844.781
-844.78
-844.767
-844.766
-844.766
-844.763
-844.757
-844.756
-844.756
-844.754
-844.752
-844.752
-844.749
-844.748
-844.745
-844.742
-844.735
-844.732
-844.73
-844.728
-844.727
-844.726
-844.725
-844.721
-844.718
-844.717
-844.716
-844.71
-844.705
-844.702
-844.699
-844.689
-844.688
-844.685
-844.685
-844.684
-844.682
-844.681
-844.678
-844.672
-844.672
-844.671
-844.666
-844.661
-844.66
-844.653
-844.652
-844.652
-844.65
-844.645
-844.638
-844.631
-844.628
-844.624
-844.623
-844.622
-844.62
-844.618
-844.615
-844.613
-844.61
-844.609
-844.608
-844.606
-844.605
-844.603
-844.603
-844.596
-844.591
-844.585
-844.575
-844.569
-844.567
-844.565
-844.564
-844.551
-844.55
-844.549
-844.546
-844.543
-844.54
-844.538
-844.536
-844.533
-844.533
-844.531
-844.518
-844.517
-844.511
-844.51
-844.506
-844.49
-844.48
-844.479
-844.473
-844.467
-844.46
-844.456
-844.453
-844.439
-844.438
-844.438
-844.436
-844.435
-844.434
-844.43
-844.428
-844.427
-844.426
-844.426
-844.425
-844.423
-844.421
-844.421
-844.421
-844.419
-844.419
-844.411
-844.411
-844.409
-844.405
-844.404
-844.403
-844.403
-844.402
-844.401
-844.394
-844.391
-844.39
-844.388
-844.383
-844.371
-844.367
-844.362
-844.347
-844.335
-844.335
-844.332
-844.329
-844.326
-844.324
-844.322
-844.322
-844.319
-844.317
-844.316
-844.309
-844.307
-844.306
-844.299
-844.296
-844.295
-844.294
-844.291
-844.283
-844.28
-844.273
-844.272
-844.27
-844.268
-844.266
-844.264
-844.242
-844.228
-844.222
-844.217
-844.21
-844.205
-844.197
-844.196
-844.188
-844.181
-844.174
-844.172
-844.172
-844.169
-844.145
-844.141
-844.141
-844.134
-844.133
-844.132
-844.128
-844.127
-844.119
-844.109
-844.093
-844.092
-844.085
-844.073
-844.067
-844.066
-844.065
-844.065
-844.062
-844.047
-844.037
-843.998
-843.991
-843.985
-843.981
-843.98
-843.977
-843.971
-843.968
-843.967
-843.957
-843.953
-843.945
-843.937
-843.936
-843.93
-843.927
-843.919
-843.911
-843.908
-843.904
-843.894
-843.892
-843.887
-843.887
-843.887
-843.876
-843.86
-843.856
-843.853
-843.851
-843.848
-843.838
-843.828
-843.821
-843.819
-843.818
-843.807
-843.805
-843.803
-843.788
-843.785
-843.785
-843.781
-843.781
-843.774
-843.77
-843.76
-843.747
-843.733
-843.728
-843.707
-843.699
-843.698
-843.695
-843.682
-843.677
-843.668
-843.664
-843.653
-843.652
-843.615
-843.613
-843.598
-843.579
-843.576
-843.569
-843.56
-843.56
-843.555
-843.55
-843.534
-843.532
-843.526
-843.513
-843.485
-843.482
-843.462
-843.461
-843.458
-843.45
-843.443
-843.438
-843.438
-843.436
-843.431
-843.419
-843.41
-843.371
-843.365
-843.357
-843.352
-843.347
-843.338
-843.322
-843.313
-843.305
-843.286
-843.277
-843.254
-843.245
-843.238
-843.237
-843.212
-843.205
-843.173
-843.171
-843.159
-843.141
-843.138
-843.122
-843.12
-843.108
-843.079
-843.075
-843.036
-843.025
-843.018
-843.008
-842.994
-842.985
-842.974
-842.971
-842.95
-842.94
-842.917
-842.892
-842.873
-842.854
-842.812
-842.764
-842.682
-842.677
-842.652
-842.614
-842.601
-842.533
-842.532
-842.459
-842.389
-842.37
-842.302
-842.289
-842.153
-842.072
-842.065
-841.944
-841.901
-841.704
-841.298
-841.174
-840.406
