8.76694 3.67343 2.10558 4.59177 
0.496847 0.0926091 1.9989 5.36705 
3.28693 0.0198937 1.76615 4.97018 
3.05542 2.23565e-05 41.8935 6.38025 
7.72231e-05 0.00129763 1.68202 3.02831 
0.00118294 0.00163092 3.24292 7.69226 
0.000141981 0.0289118 46.2963 2.80175 
23.3836 0.354176 1.46663 4.16648 
83.9943 0.0213198 2.60707 6.83061 
1.35644 0.000127697 0.466878 2.08889 
3.28111 0.0730195 2.45859 5.9695 
0.0912097 15.1954 32.2743 7.45696 
0.0765375 0.006096 1.25606 3.61281 
0.0737861 0.00703856 1.46269 4.16888 
0.018383 0.00027638 0.961091 3.10547 
0.000281928 0.0046751 2.95607 5.63241 
3.88911 9.35706e-05 1.48284 4.16744 
7.26025 0.418141 56.0108 5.8935 
6.1813 41.3691 7.28425 3.62088 
0.000150279 0.0138848 21.1411 3.34566 
0.000934153 0.000107966 0.653171 2.12011 
6.21653 0.271466 3.34989 7.66348 
2.82581e-05 1.34675e-05 7.97841 3.77769 
6.5226e-05 4.79116e-05 1.52723 3.12099 
0.00297 0.00256016 3.0946 6.92901 
11.3166 64.6186 3.84046 2.40338 
0.00859929 0.0573118 1.17687 3.28972 
0.0121793 0.16599 0.605512 2.06999 
2.09503 0.0262013 2.66357 5.94743 
3.59313e-05 0.00246996 79.3633 5.03174 
2.05687 0.0433085 3.05995 6.44042 
0.378765 4.01438 3.2431 3.00191 
0.0139894 0.00282233 3.51557 7.60443 
0.000148901 2.28008e-05 1.86379 4.33959 
20.129 2.24969 1.26113 3.26157 
0.00481994 26.4834 219.667 6.48712 
0.0102951 6.55414e-05 31.6051 3.19954 
0.000971116 0.36908 107.312 3.01972 
0.0100785 0.000716865 1.33805 3.52518 
0.321567 0.00280992 2.20545 5.01911 
0.000313068 0.0033251 1.00458 2.46003 
48.385 0.0679785 0.915906 2.63445 
0.000148018 0.831728 4.95017 3.17425 
4.35316e-05 0.40792 5.4763 3.51513 
96.0512 0.0783256 1.28213 3.3206 
0.133839 6.30629e-05 71.23 6.71957 
0.000892729 0.0790371 288.61 2.65187 
7.08136e-05 0.860603 28.9734 4.28343 
7.96977 8.05764e-05 3.34498 6.65846 
0.0360672 0.17486 1.67069 3.81862 
0.268138 1.15433e-05 3.97545 7.9665 
0.000457189 1.89989 11.3035 3.58978 
3.17751 0.000119089 0.664968 2.18857 
0.00413741 6.30363 56.4647 6.9439 
0.0509653 0.00241049 83.6845 2.09131 
1.46846e-05 0.000207407 22.2718 5.8942 
0.0267392 1.05267e-05 0.723241 2.18343 
0.000202104 0.00812444 1.33294 2.65159 
0.115186 0.001517 3.37752 6.43403 
0.0267226 0.0136326 4.03942 7.6324 
0.0148159 0.00695265 3.249 5.92174 
1.40751 3.13587e-05 1.76624 3.72779 
9.06247 3.68586 1.19161 2.4481 
0.360884 0.00841726 2.22902 4.41257 
0.00194492 35.3264 423.59 4.06032 
0.00200777 0.135421 1.74187 3.32486 
0.000229994 0.00166293 7.28191 2.3385 
0.000781761 15.2982 437.995 4.1139 
0.479223 1.85415e-05 3.06588 5.50768 
8.13147e-05 0.00387321 25.9452 4.03051 
0.00090808 2.42334 158.809 3.88571 
0.103228 2.72945e-05 51.2483 5.78068 
8.78098 0.705044 4.36689 7.02454 
0.290752 0.00356069 157.126 4.23523 
19.6891 1.3776 20.7726 2.86474 
0.520231 3.32052e-05 2.17781 3.97956 
0.00155663 0.0820878 4.72711 6.74092 
5.12764e-05 0.00124805 22.0469 2.27912 
7.96158 0.00623876 0.784159 2.05119 
0.184722 0.741022 2.68441 3.92904 
0.0374506 0.000318011 3.88992 6.27109 
0.508462 2.5556 4.84534 4.67954 
7.33908e-05 1.61713e-05 25.6531 5.40573 
0.000648272 0.00251765 126.972 6.58485 
0.000930687 0.000452565 3.08564 4.75912 
0.201244 0.43662 1.32244 2.44837 
0.000780111 0.0110466 0.916666 2.05673 
0.0224844 0.0174603 3.50936 5.55759 
0.0222166 0.938775 4.19848 4.9066 
0.00101544 0.0192971 168.165 4.54806 
0.281397 0.160329 3.07578 4.9079 
0.976147 0.122798 1.4402 2.80428 
0.00362423 0.614576 4.63598 5.32322 
0.00246559 0.000365412 1.30047 2.54792 
0.806337 1.12507 2.56774 3.36563 
0.720853 5.16635e-05 1.04423 2.22257 
18.0927 0.302002 0.947953 2.04146 
5.75825e-05 0.112695 6.16715 5.7259 
75.1007 3.49457e-05 17.1418 2.60122 
0.000572496 1.97698e-05 4.69065 5.49593 
99.3094 0.844517 3.79916 5.25707 
0.00370035 0.587568 5.16995 5.84552 
8.01542e-05 0.00685298 18.5193 4.86469 
0.415588 0.398706 2.98888 4.25504 
4.63312 0.00869093 1.49059 2.82067 
6.5605e-05 0.000150651 36.5389 5.35792 
0.000110806 0.000579639 5.47181 6.69008 
12.0336 0.00411282 22.7907 3.82586 
10.9093 7.04735e-05 3.33905 4.75954 
6.18996e-05 0.000387528 55.7152 5.4435 
0.808788 0.000935971 3.97317 5.51746 
2.18256 0.0362604 3.65931 5.19355 
0.000221266 2.87465e-05 19.9558 6.25578 
3.30055 6.71447 7.639 5.43018 
57.6749 0.00604397 1.91864 3.18999 
0.882207 0.00294445 1.79626 3.03537 
2.31839 0.00329447 1.32271 2.44547 
0.00162351 0.00311535 3.97739 5.31143 
0.116537 0.00309976 2.72418 3.98021 
0.0031682 0.353905 2.16707 2.81489 
0.0462311 0.000171299 1.46746 2.52257 
15.5011 0.00136537 2.90389 4.11877 
68.0956 8.52712e-05 0.988087 2.03533 
12.2174 0.00153119 3.23045 4.40844 
6.19357e-05 3.22926e-05 28.8985 3.96726 
0.0639552 55.6962 204.333 6.63901 
0.000449275 0.10215 2.72722 2.9524 
0.000238178 9.96741e-05 29.1215 7.43796 
0.0793155 0.000135075 1.34347 2.29025 
4.25701e-05 0.00651412 94.2612 7.79312 
4.58543 0.000566455 14.0176 2.06102 
0.0026139 0.0016503 5.23083 6.33077 
21.7811 0.00478443 6.07053 7.27431 
0.0340709 0.00203061 213.048 7.17335 
0.00227365 0.000746472 4.77279 5.73157 
0.0145988 0.675743 1.63453 2.13191 
0.000105957 1.27386e-05 25.1451 5.00563 
0.0916367 0.013495 4.95379 5.8592 
31.6686 0.157552 2.69865 3.62106 
0.673018 4.61607e-05 2.25574 3.20647 
0.000163645 0.840752 52.7871 3.99005 
0.00223861 6.22076e-05 24.3767 2.78362 
0.00369571 3.15925e-05 1.78275 2.6737 
66.5935 8.19917e-05 5.27788 6.02112 
8.17259 0.00024921 2.73338 3.53818 
52.0166 1.35364 1.42168 2.24306 
0.00143352 2.46283 54.1669 6.92779 
6.15576e-05 0.0468434 11.1275 3.3001 
1.8615 0.00914016 1.94543 2.7676 
0.00163228 0.209961 332.252 2.51903 
0.00318492 0.0351239 1.46372 2.12347 
1.5702 0.000228291 38.3293 4.97781 
15.5782 0.00198219 1.96073 2.61286 
0.187002 0.000100514 5.18159 5.71888 
0.00012747 0.00209374 34.4886 2.34305 
63.8395 0.000972881 1.55413 2.25353 
63.4488 1.79086 30.2532 5.55797 
6.22704 0.000590969 6.32768 6.75228 
0.0124437 84.018 485.983 4.79175 
0.00333043 2.60479e-05 3.89127 4.39907 
68.4624 5.45998 4.03212 4.12861 
0.110941 0.0780705 2.15279 2.7453 
0.00626034 0.000371533 1.54929 2.18277 
2.43069e-05 0.000530401 13.6913 2.33372 
97.5566 6.60894e-05 27.26 5.19454 
3.8137 5.08976 9.24848 5.93359 
0.00045979 0.823609 26.4088 2.70079 
9.01477e-05 0.000639469 6.42927 5.71026 
0.89502 0.018778 157.218 2.54542 
0.00464559 0.00167778 1.72805 2.31934 
1.45508 0.03629 1.73683 2.22562 
1.09506 0.0505653 3.01772 3.38037 
19.7995 0.197101 1.84996 2.27991 
0.000144273 0.447161 7.28197 3.80588 
0.0140725 10.0994 51.0946 3.72595 
0.409076 1.15257 3.5418 3.01857 
0.00171488 1.76309e-05 1.63994 2.04887 
8.169 0.591099 38.3521 5.40504 
0.000458812 0.000578428 3.82113 2.34664 
0.00166177 1.72579e-05 8.70729 7.38478 
0.0001188 3.66018e-05 6.91068 3.14886 
1.08538 0.00898886 236.076 6.54506 
0.0048615 0.0137684 476.494 2.87734 
0.0168099 0.0133583 8.67025 7.79217 
0.00221871 0.119101 271.527 3.79324 
0.0386096 15.0553 40.5522 2.60182 
0.000190129 0.0217935 6.92132 2.80334 
0.0465454 26.739 72.1806 2.72299 
0.023294 0.00051624 2.22744 2.47187 
0.000433711 0.359692 14.3029 5.21126 
5.3467 0.000332015 8.86359 6.85675 
0.00147053 6.2336 194.089 4.86436 
1.6448 0.0003937 3.19703 3.03081 
0.473933 6.29122 21.2102 7.29486 
1.71512 0.116244 2.6525 2.66937 
1.25035 0.978272 2.65875 2.33649 
0.00658618 0.000221326 5.73383 4.93537 
1.85325 0.00042638 8.70852 6.51939 
29.3816 8.6005 10.1644 6.14314 
0.00162244 5.5189 299.148 4.26116 
84.5859 4.02415 2.03169 2.06519 
86.2629 18.6577 2.19934 2.00804 
11.2313 0.0151638 34.0007 7.26893 
1.80156 31.3167 18.9507 2.29361 
0.000836566 3.99151e-05 4.77121 3.82872 
4.37284 0.369759 5.53837 4.307 
0.0126447 8.24861e-05 5.32422 4.53587 
0.188172 0.0252355 5.61683 4.77744 
1.47817 0.00130504 4.20924 3.51419 
0.0102105 0.00507069 288.082 6.42147 
0.000158113 0.00380831 40.6387 5.35131 
0.0859315 0.000138812 4.06377 3.54358 
0.000429237 0.366913 47.3236 6.97139 
7.96215e-05 0.00232464 42.9054 5.97101 
0.0228597 0.409587 6.24109 4.5834 
7.89186 0.479941 4.89104 3.78799 
0.311442 0.00033058 33.3917 2.95189 
8.69131 0.00118478 3.43647 2.79704 
0.000202648 7.95886e-05 9.42326 2.18598 
0.00732513 0.0365952 2.36516 2.18858 
73.2414 3.81839 5.69299 3.98064 
0.0874309 0.00272772 5.13215 4.16336 
0.000533529 0.00097118 5.94553 2.34566 
1.1991 0.00227739 39.2383 3.36512 
0.00962718 0.000144001 2.9185 2.53546 
0.00253983 0.319253 306.486 4.52769 
7.85975 5.53955e-05 34.3649 7.96765 
0.000141339 0.000129669 8.78599 3.45113 
0.00284291 0.0201052 4.69013 3.70372 
0.354796 0.00103521 5.49797 4.24161 
3.9099 0.00603663 3.69352 2.8801 
0.0016638 2.68885 64.6702 3.00296 
1.46402 0.378376 3.98842 3.01328 
69.9151 3.67651 14.0301 2.52644 
17.2528 13.2128 6.69307 3.23138 
0.0029025 0.0122543 2.47242 2.09363 
3.09486 0.125185 44.2299 3.35261 
0.00198792 0.801696 6.11203 3.00097 
0.013334 5.98013 20.4648 2.17086 
0.00414392 0.146484 221.76 2.93639 
1.34985 3.06628e-05 4.92997 3.43177 
0.000314134 0.000230932 6.03395 3.24006 
0.0104981 1.13179e-05 2.48803 2.23863 
0.0393318 8.09773 63.8621 7.63972 
46.8201 0.000294197 2.72345 2.179 
4.11039 5.30633 10.1322 4.30932 
0.0748072 0.000296668 2.38659 2.10668 
1.3453 0.0911527 10.2679 6.0401 
19.6179 18.262 38.0709 3.32116 
0.000964417 1.26499 16.9545 2.74456 
34.869 0.0320036 3.73145 2.58595 
0.025357 1.21655 6.2295 2.97776 
0.0260672 0.120525 7.12758 4.67296 
0.0583694 0.101354 2.67943 2.10963 
1.01402 2.72666e-05 16.9688 2.47803 
0.0029941 0.47808 6.80895 3.91127 
0.00495703 0.0409904 375.279 5.21605 
0.0485639 0.0385578 3.32957 2.63188 
0.00563391 6.78012e-05 11.9438 6.97115 
2.41179 49.9313 71.6236 4.91471 
2.89563 0.0608286 16.4238 7.92536 
0.000131154 1.69132e-05 5.58553 2.25896 
0.265338 0.513573 13.1205 7.62347 
0.0576645 4.66991e-05 2.90986 2.16818 
0.00252403 0.084314 3.29212 2.00133 
0.0428456 1.17759 9.91033 4.87482 
0.502152 0.00215562 42.9201 3.31619 
0.469401 2.60976 8.07981 3.1273 
4.9474 8.84874 166.744 3.28876 
28.6353 15.3297 51.3594 6.96276 
0.0947491 0.000391707 2.67707 2.05744 
9.29572 0.000686046 4.06805 2.54366 
0.032811 5.12472e-05 7.25154 4.26749 
0.616801 9.15828e-05 5.54038 3.30182 
0.00136422 0.0224599 9.78373 5.56975 
27.1565 23.8799 13.2216 3.97489 
2.40111 0.600557 9.05727 4.50351 
13.4432 2.96997e-05 15.7792 5.38095 
0.0360999 3.85724 13.2563 2.16811 
0.00124889 2.21625e-05 5.4462 3.09066 
4.11023 0.0619047 5.35811 2.81879 
0.0513514 2.17001e-05 6.77251 3.90827 
0.00180228 8.89145e-05 5.85615 3.31456 
9.61054 0.380679 23.1041 6.32831 
93.1207 66.7208 27.0056 5.63989 
17.4536 0.21127 5.56648 2.85302 
0.017123 0.000268604 27.1967 3.15226 
0.000563599 0.0959623 50.6598 4.06272 
0.00762538 27.1254 312.96 3.82955 
0.0140633 2.57915e-05 5.44789 3.03517 
0.000684486 0.000370893 6.84949 3.37833 
0.000694163 0.00540452 18.4198 7.40809 
4.30225 0.00298956 5.52402 2.76709 
80.2854 0.0265562 10.2707 3.87484 
0.00129183 0.00373068 9.33212 3.77649 
0.0302492 0.000266716 6.56963 3.4739 
0.00105809 0.250549 42.4788 3.42285 
13.4339 0.000469373 4.62396 2.39771 
0.000884791 0.0377377 21.1156 4.3006 
0.00540725 2.473e-05 3.57873 2.03924 
2.76382 2.70227 12.482 4.66496 
30.577 0.0151809 10.7857 3.73999 
0.565698 0.000167583 9.06686 4.38474 
0.00341941 0.148771 5.66231 2.93722 
0.000255627 0.00137655 9.38774 3.17051 
0.00339148 1.505 10.3024 2.30466 
0.0434058 3.18894 19.9464 4.10555 
30.5603 0.000993942 8.15481 3.07759 
0.000668564 0.242244 6.99631 2.87517 
0.0100089 1.13366e-05 14.2542 2.27845 
0.000449813 2.99888e-05 20.0134 4.52303 
0.225092 4.09535e-05 28.5578 4.736 
0.125773 0.000146283 14.1007 6.38654 
0.0116901 0.021002 216.623 2.08798 
0.000789522 0.0157562 38.7097 2.95803 
20.9682 0.00857496 7.51433 2.58225 
0.222399 0.00364923 3.97484 2.27585 
0.0324862 7.41592e-05 17.3696 7.13443 
16.3641 0.124472 4.67939 2.11554 
0.000352929 0.000187768 18.867 6.63337 
0.0512624 5.08087e-05 7.51683 3.52259 
0.000250892 0.00522423 30.2155 3.33497 
0.000256791 4.30028e-05 9.01311 2.98927 
1.21558 0.469949 7.07212 3.18134 
88.6293 2.10783e-05 6.68304 2.34896 
0.393284 4.525 12.3992 2.41157 
0.242148 3.9842e-05 39.348 6.63857 
0.00834113 1.05381e-05 9.71742 4.02696 
0.00427144 0.0348272 16.5892 6.91545 
0.424651 2.64721e-05 12.1957 2.08459 
0.00191825 3.69501e-05 28.5175 5.19016 
0.00142744 0.0168317 15.6607 6.36505 
0.0120831 0.0117868 4.19327 2.05908 
0.551596 1.97857e-05 22.3893 7.62121 
0.212873 0.469633 14.9045 6.19786 
0.0503739 0.258377 12.443 5.24956 
0.0297444 0.00523721 14.9452 6.27627 
0.323972 0.000116175 35.2816 6.4757 
2.00397 0.00617995 19.5976 6.20713 
0.0017627 0.00174964 79.6304 6.71726 
5.82959 28.6867 257.493 4.06866 
1.74823 1.45287 16.7568 5.69272 
0.275834 2.03675 20.482 6.51237 
0.146479 1.37295 6.61526 2.27071 
0.000721147 0.000317711 31.6206 5.9384 
0.0129182 0.00201439 10.9936 4.58047 
0.0539362 0.00686173 5.66007 2.5314 
0.010755 2.24346e-05 15.4821 4.74576 
9.38717 3.48843 41.5483 7.17173 
0.00282104 0.280438 139.12 7.88506 
0.0179495 28.1781 289.076 4.10431 
0.000471096 0.0208184 29.6058 3.71016 
0.0258903 0.34803 7.81014 3.02536 
0.243759 0.00104964 13.8124 5.08533 
1.11196 0.132374 322.915 2.36803 
0.00825919 7.12905e-05 11.0497 3.56646 
1.07854 0.00206197 16.8524 2.12816 
0.886635 2.61069e-05 10.5132 2.77739 
0.158076 0.000163854 9.14148 3.42262 
0.0136368 0.076423 245.318 2.34037 
3.4701 63.065 76.5603 2.95289 
0.00710574 0.000125979 12.218 2.12466 
0.00238876 0.000299904 6.35767 2.19169 
0.00422466 0.65344 217.817 4.94815 
0.0239915 2.84628 26.5022 4.08143 
1.49195 0.00205709 15.261 2.76772 
0.0069857 0.000107664 15.3045 3.91853 
0.344813 17.0862 110.528 5.6003 
0.000702138 0.00108069 14.7025 2.3234 
0.055049 0.408715 22.7808 7.60848 
0.220363 0.000375251 7.69431 2.31986 
0.731164 14.4338 36.5379 2.28223 
0.06852 0.000376956 18.5564 3.20204 
0.00910623 7.55946 98.0283 3.14383 
0.00180111 0.0189606 49.676 4.70675 
0.752989 0.643488 27.1282 7.96768 
0.00740014 0.00125421 25.1047 7.5227 
0.0201677 0.00687852 178.552 4.92942 
0.000988692 0.0608903 39.9408 5.747 
0.0934049 0.000428479 26.3889 7.60905 
0.00709738 0.0645264 158.935 3.02828 
0.0133534 0.000327051 14.4439 3.59176 
0.0042534 0.00222921 24.9744 7.64521 
8.11525 42.2127 112.62 6.63794 
0.0113975 0.0503453 255.151 5.98307 
0.0139311 0.0590565 7.98077 2.501 
0.0418748 0.000894592 31.397 3.32341 
0.00901971 0.00711801 77.0844 3.42027 
0.980892 0.0433523 28.6021 7.80842 
0.00114871 0.00100441 37.719 7.33612 
1.9353 2.81687 336.904 2.83413 
0.00496444 1.50753 167.854 4.38675 
0.00581415 9.35457 444.905 2.72522 
0.00739081 3.88202 348.205 7.24697 
0.0950528 0.0235787 15.1446 4.56265 
0.0276333 0.00976952 19.1991 5.55881 
3.15289 13.9097 157.21 3.31319 
0.0832361 0.000726516 20.0175 4.95525 
2.01385 0.0630349 38.3969 6.28873 
0.00101103 0.0148981 41.8644 5.62709 
0.0263299 0.858123 15.5588 3.76048 
0.0133647 0.168497 15.8346 4.29533 
0.406852 0.0280292 306.565 4.48663 
0.0364289 0.00544969 63.1751 2.74392 
0.00775496 1.21659 297.143 2.19325 
0.0110842 0.0186367 142.091 3.86544 
0.649577 0.0179168 94.887 3.27608 
0.52281 0.0697141 17.7708 4.52144 
0.330213 0.00909925 9.27611 2.52175 
0.047252 22.422 380.698 6.69549 
0.00970689 0.00145783 44.5487 4.93518 
0.457782 0.103155 25.1888 6.63206 
0.237201 0.0124571 162.634 5.01626 
0.808792 0.0491644 10.553 2.39308 
0.396221 0.00121464 12.7029 2.29324 
3.90457 10.4786 69.7213 6.16139 
1.38977 0.549682 337.076 7.2352 
0.138485 0.000894296 15.0225 3.23516 
2.38461 6.69521 364.274 7.77618 
0.665438 0.081622 185.314 3.4409 
0.0179038 0.0380565 162.188 3.21425 
0.00498205 0.174901 113.512 7.74149 
0.00208784 0.0857235 21.9422 2.42195 
0.398285 0.169527 18.6407 4.48686 
0.0811524 0.00123348 32.9648 4.45257 
0.0269813 0.00313817 20.0499 2.10711 
0.0253111 0.0027337 26.3398 6.62734 
1.1302 0.930506 268.351 3.13606 
0.178296 0.0016275 35.636 3.90525 
0.00411305 0.0990016 30.5475 7.19758 
0.542353 46.932 190.845 2.41439 
0.00659558 0.224285 10.556 2.00982 
0.0152951 0.0223518 51.905 2.02126 
0.525508 0.0127432 104.009 6.57858 
0.0117351 0.0234772 104.207 7.31594 
0.633065 0.0125115 18.7368 2.17184 
0.778922 0.00415324 38.3808 5.85026 
0.203195 2.73509 47.3002 6.68097 
0.0180904 0.182425 189.72 6.0001 
0.0988333 0.0450731 149.683 2.68857 
0.230451 0.166938 294.227 2.49129 
0.236701 0.037928 305.24 5.94147 
0.11408 0.0152585 233.657 7.22651 
0.0941753 0.0630412 169.96 2.24851 
0.0447828 0.0300617 311.124 6.69999 
0.00686095 0.0184554 41.3559 3.4612 
0.986769 0.183552 18.5162 2.75943 
1.97712 13.0493 87.0835 3.12942 
0.394009 0.142136 207.244 2.41839 
0.394186 0.00248851 32.3293 4.50087 
0.0173046 0.298542 168.076 6.19407 
0.62508 0.373266 20.3317 3.83269 
0.0325895 2.0632 30.8121 2.02273 
0.444354 5.82514 66.2106 5.36314 
0.697457 0.252956 92.9394 3.05366 
0.0291715 0.0148941 27.1606 5.88619 
0.00817031 1.20031 98.1988 5.18256 
0.012844 6.20008 199.044 3.27353 
1.38457 6.38546 147.052 4.09582 
0.736919 0.14779 18.8383 2.78887 
0.00292083 0.181713 60.8849 5.83434 
0.24141 0.076557 131.903 2.33041 
0.00666524 0.0734286 22.9792 4.83086 
0.0694727 0.151866 375.044 6.13768 
0.211662 0.0959307 198.763 4.01235 
0.0683659 0.0470324 109.651 5.72741 
0.0456178 0.0473248 106.731 5.74052 
0.0856725 0.002653 24.6972 4.68255 
0.3172 27.517 185.194 2.00788 
0.201131 0.0253678 14.9067 2.61078 
0.00984085 0.0882706 59.5776 4.77744 
0.0165752 0.544965 133.293 2.43616 
0.334018 0.0123241 64.9637 7.46064 
0.0182405 2.39618 216.224 4.17693 
0.0511318 1.68991 50.2246 6.56157 
0.304846 0.177657 118.011 4.05405 
0.0362812 0.0380386 17.6452 3.32354 
0.0397803 0.93911 245.396 7.75841 
0.204135 0.105813 72.632 2.39409 
0.0900188 9.14784 146.001 3.63498 
0.0124675 1.29452 60.0678 5.95823 
0.119555 0.0061784 32.2931 3.76933 
0.399978 0.0874337 19.4075 2.97686 
0.0250794 0.0247289 20.8827 2.79196 
0.0459779 15.3908 399.447 2.91178 
0.537225 6.45283 329.276 2.67984 
0.647152 0.816502 61.5731 4.04967 
0.379019 1.41537 32.7453 4.56646 
0.0629625 2.58513 449.551 2.85085 
0.341351 13.8922 269.989 6.97174 
0.103487 7.22499 197.738 5.12176 
0.08892 0.395576 48.8938 2.02507 
0.729032 6.42045 143.997 5.64319 
0.0398674 2.10197 169.391 2.46627 
0.00723118 0.0766013 24.7291 3.95766 
0.216171 0.225339 26.6551 2.15434 
0.0166513 0.483432 62.2491 5.14449 
0.00245782 0.0179111 48.0868 7.03591 
0.195667 1.9599 162.782 2.81882 
0.0827047 1.27575 42.5099 3.3904 
