-864.9057622
-864.8746339
-864.8606669
-864.8057913
-864.7826576
-864.7773979
-864.7691986
-864.7212483
-864.6976462
-864.6883194
-864.6758241
-864.6277143
-864.6041456
-864.6028925
-864.4569973
-864.3672105
-864.3470807
-864.3359711
-864.3096602
-864.2810822
-864.2406103
-864.1925843
-864.1832605
-864.1257133
-864.1154005
-864.0788583
-864.0436421
-864.0345049
-864.0282806
-864.0174623
-863.9717822
-863.9158485
-863.9120076
-863.8866961
-863.8773688
-863.872458
-863.8661336
-863.8122401
-863.77768
-863.7623948
-863.7399454
-863.6530502
-863.6335167
-863.5984695
-863.5851693
-863.5638614
-863.5566251
-863.4368174
-863.2968737
-863.2611062
-863.2587078
-863.2398059
-863.2198095
-863.1871669
-863.1685488
-863.1265801
-863.1258044
-863.1126712
-863.0669971
-862.9913248
-862.9857833
-862.9799775
-862.9612447
-862.9390843
-862.8897696
-862.8398773
-862.8306545
-862.8078857
-862.8047658
-862.775221
-862.6822019
-862.6625001
-862.6339035
-862.5712923
-862.5501185
-862.5340616
-862.5177833
-862.5046869
-862.445711
-862.377165
-862.3460416
-862.3352961
-862.3276546
-862.2976153
-862.2952721
-862.2854519
-862.2839602
-862.2603909
-862.210464
-862.2047327
-862.1568701
-862.1109275
-862.069971
-862.062348
-862.0506117
-862.0380828
-862.0123897
-862.0121091
-861.9513948
-861.9314493
-861.9300315
-861.9253044
-861.8882829
-861.8583015
-861.8570458
-861.852329
-861.8356169
-861.8152626
-861.7413453
-861.6576029
-861.6385447
-861.6224613
-861.5872182
-861.5188871
-861.5141961
-861.49474
-861.4919667
-861.3988438
-861.3895694
-861.3795195
-861.3428134
-861.3029069
-861.2836508
-861.1456351
-861.1119434
-861.075768
-861.0638401
-861.0484031
-861.0128944
-861.0085763
-861.0033772
-860.9876582
-860.9710836
-860.9153569
-860.9026875
-860.8869134
-860.8769594
-860.8568646
-860.8215232
-860.7446159
-860.7100437
-860.7062838
-860.649338
-860.5972858
-860.5532053
-860.4762573
-860.4696675
-860.4533628
-860.4515367
-860.4182062
-860.4096742
-860.3860904
-860.3545326
-860.3399959
-860.3130338
-860.296939
-860.2684232
-860.2251464
-860.1285323
-860.114757
-859.9922774
-859.9690433
-859.8665058
-859.8523676
-859.7701184
-859.7489481
-859.7476231
-859.7179559
-859.6612259
-859.6241741
-859.5807366
-859.5729693
-859.5000867
-859.4971162
-859.479834
-859.4408659
-859.4344394
-859.4105645
-859.371482
-859.3656084
-859.3081375
-859.2935699
-859.237315
-859.1398955
-859.1046433
-859.1029655
-859.068766
-859.0682065
-858.9865226
-858.9488345
-858.9126437
-858.8672357
-858.8596222
-858.8534958
-858.8051372
-858.7468753
-858.7454485
-858.5667847
-858.5050064
-858.4884304
-858.4662135
-858.3854072
-858.3724883
-858.3439356
-858.3187214
-858.2854841
-858.261499
-858.2112451
-858.204154
-858.160054
-858.1500278
-858.0997289
-858.0418287
-857.9463437
-857.9261632
-857.8680742
-857.7539979
-857.703141
-857.6958339
-857.6918108
-857.680764
-857.5983001
-857.5712575
-857.5385354
-857.5367391
-857.4962666
-857.4603771
-857.4341634
-857.4221872
-857.2690543
-857.2194016
-857.2080516
-857.1725731
-857.1394237
-857.1366721
-857.0871725
-857.0299869
-856.9358739
-856.8878656
-856.7946672
-856.709312
-856.6900273
-856.6487299
-856.5757456
-856.5364114
-856.4224634
-856.3687741
-856.2620683
-856.2503497
-856.2481813
-856.2195628
-856.2042994
-856.1903354
-855.9932939
-855.9914229
-855.8514873
-855.8499273
-855.8437058
-855.8414826
-855.7844579
-855.6754106
-855.5750012
-855.546485
-855.5446116
-855.5406434
-855.4211176
-855.362839
-855.3571218
-855.1699867
-855.0522244
-855.0493707
-854.7804283
-854.7669667
-854.7469079
-854.6956622
-854.595291
-854.5767647
-854.5560501
-854.533664
-854.5013047
-854.4179061
-854.2584021
-854.1106832
-854.0519105
-854.0278818
-853.9387271
-853.8964055
-853.8579887
-853.7700947
-853.713097
-853.6758221
-853.6491743
-853.6426597
-853.5502863
-853.5330528
-853.5130246
-853.4030588
-853.3556784
-853.288434
-853.2652132
-853.1739763
-853.0863218
-853.073018
-853.0404467
-852.9534646
-852.9009677
-852.78232
-852.724601
-852.7159815
-852.7055188
-852.7044579
-852.6658844
-852.6439188
-852.4811132
-852.3730549
-852.3323137
-852.329485
-852.2483452
-852.2403284
-852.0735125
-851.9607496
-851.944246
-851.8892608
-851.8637997
-851.8498729
-851.8429043
-851.8208197
-851.7529361
-851.7005041
-851.4713882
-851.4524464
-851.3861568
-851.3131341
-851.2926421
-851.2349088
-851.1762425
-851.1496057
-851.1333743
-851.0804785
-851.0327527
-851.0311337
-850.9730721
-850.9708533
-850.9438042
-850.8963766
-850.7513675
-850.7238989
-850.6528346
-850.6341406
-850.6087262
-850.5530281
-850.5157601
-850.491702
-850.4661204
-850.4040463
-850.3589942
-850.2252807
-850.1273473
-850.0968551
-849.9953032
-849.9508873
-849.9159658
-849.8257021
-849.8014882
-849.745103
-849.6991706
-849.6886212
-849.6397843
-849.5490126
-849.3900572
-849.2862807
-848.9226077
-848.9208369
-848.918222
-848.8822917
-848.8364891
-848.783317
-848.7240496
-848.6826526
-848.6147172
-848.5187742
-848.4303123
-848.3405089
-848.2777702
-848.2672082
-848.1731721
-848.1630052
-847.9680586
-847.8009914
-847.7254022
-847.6375037
-847.516417
-847.4810918
-847.264741
-847.0963296
-846.9223798
-846.8520585
-846.7891948
-846.7706962
-846.7583316
-846.7376407
-846.6583999
-846.4964345
-846.3669329
-846.0389434
-846.0200456
-845.912264
-845.8113916
-845.7327553
-845.673319
-845.6405161
-845.2803717
-845.230829
-845.2267546
-845.1188305
-845.0428584
-844.8675012
-844.8249932
-844.8064411
-844.7846641
-844.7107905
-844.6650257
-844.6008175
-844.4577452
-844.3561385
-844.3233072
-844.1457088
-844.0203885
-843.9933843
-843.5186327
-843.395831
-843.1700772
-843.0578025
-843.0196197
-842.9782988
-842.969252
-842.8000021
-842.7177691
-842.6735701
-842.5897016
-842.1752199
-842.132284
-841.8821891
-841.7994714
-841.7071577
-841.6798042
-841.5432234
-841.296779
-841.1593794
-841.1309644
-840.9885131
-840.9365742
-840.8216335
-840.7283433
-840.639824
-840.2759894
-840.2307586
-840.1974491
-840.166762
-839.5432388
-839.4324272
-839.3880492
-839.3024744
-839.2920238
-839.2675317
-839.1518804
-839.0494778
-838.8930848
-838.7735093
-838.6985725
-838.566279
-837.949463
-837.8877068
-837.8875042
-837.8725076
-837.5925833
-837.1485999
-836.9673995
-836.6958321
-836.5920218
-836.5015062
-836.3615739
-836.2561026
-835.8126592
-835.7376782
-834.6726186
-833.6532797
-833.2359777
-832.7186997
-832.5890728
-832.5724835
-831.7195371
-831.338212
-830.6565648
-830.0661922
-829.3463436
-828.2838763
-828.0845566
-827.8740251
-827.775887
