0.561505 1.85406 133.997 5.37167 
0.0256791 0.568912 54.2233 2.35175 
0.570387 0.688543 53.8643 3.57891 
0.233512 0.284611 101.372 3.91716 
0.712879 4.25072 101.194 6.64955 
0.121782 2.8007 416.384 7.54125 
0.187474 0.0345148 19.4927 2.78342 
0.0386362 0.508918 89.9055 2.35317 
0.31782 11.316 173.384 4.43252 
0.00950921 0.0274938 31.0867 3.89623 
0.107052 0.424631 153.25 3.98058 
0.0491249 5.30123 351.967 3.75743 
0.0398674 2.10197 169.391 2.46627 
0.0318489 2.2594 102.077 3.98162 
0.0405012 0.1282 22.1843 2.66242 
0.6775 6.08952 122.005 4.18633 
0.00303268 0.0820319 44.8068 6.86862 
0.304164 1.80614 44.1458 2.01385 
0.113218 26.5188 443.148 2.21165 
0.0938816 15.0535 459.824 4.54718 
0.341596 1.20562 191.068 4.13678 
0.195562 2.89824 86.1863 7.93339 
0.112949 1.64615 56.5438 7.13831 
0.500616 0.987892 81.2878 3.44261 
0.0285524 0.337457 56.3164 3.06978 
0.464193 0.581749 29.0574 2.42293 
0.157158 0.46014 169.794 4.61576 
0.0087863 0.0254433 51.07 6.23641 
0.0800815 0.189043 82.2666 4.7625 
0.0578503 2.76225 340.169 2.49071 
0.0890281 0.271718 123.082 5.42391 
0.105152 0.014656 55.6814 6.08422 
0.110239 0.0200916 32.524 5.76267 
0.0710423 0.406889 128.901 6.22618 
0.0670819 1.95303 325.97 4.463 
0.0664468 0.0210527 31.9619 5.78601 
0.0402855 1.11208 39.0652 2.43784 
0.0972243 0.198849 96.2891 6.2811 
0.0384973 0.471712 102.464 5.6102 
0.115781 1.49367 254.295 2.15036 
0.332132 0.0388764 55.7635 6.99061 
0.0982781 0.0229299 21.0148 3.7366 
0.102139 0.146125 22.4213 4.14945 
0.138543 2.65408 395.532 2.17811 
0.0217399 0.671552 63.55 4.11427 
0.0454386 3.16095 92.9642 3.26446 
0.275384 1.87519 395.169 6.95324 
0.0353101 0.0325815 60.9746 6.20816 
0.0423986 0.04551 43.5328 4.05235 
0.0339751 0.0913489 58.1489 4.94897 
0.601936 4.23056 72.8726 4.11018 
0.0341607 1.41898 96.0247 3.85501 
0.150857 1.931 29.7257 2.53807 
0.0911915 2.95268 347.141 2.06188 
0.287081 3.43626 488.575 4.0989 
0.176137 0.198266 97.5475 6.96444 
0.22056 3.77997 50.2633 2.55734 
0.0282391 0.644524 68.7549 3.65272 
0.0480705 0.0416129 59.566 5.3832 
0.097139 7.70259 410.953 5.60529 
0.0264342 0.642475 55.7744 2.29654 
0.0667866 2.80123 72.1292 4.52629 
0.0156771 0.0539865 57.2447 6.24651 
0.00723118 0.0766013 24.7291 3.95766 
0.0348863 0.645643 27.9911 3.81843 
0.598885 12.9304 268.569 5.45903 
0.0148361 0.0347367 24.5989 3.12451 
0.117535 0.0368191 26.8134 3.1083 
0.132126 0.219676 105.746 5.08885 
0.0318126 1.98718 177.929 3.11809 
0.0275464 0.0114788 55.0948 6.86802 
0.03763 2.01494 156.493 4.03195 
0.0126088 0.0841261 20.0751 2.83706 
0.00535098 0.0450082 42.8886 6.91666 
0.122587 1.05518 245.202 3.79423 
0.216171 0.225339 26.6551 2.15434 
0.19419 0.0796077 47.3371 3.43915 
0.22919 2.86423 70.4195 6.12096 
0.539434 5.54435 168.568 2.70799 
0.0885469 4.18926 282.482 5.97225 
0.0830897 1.30219 239.675 6.08412 
0.0166513 0.483432 62.2491 5.14449 
0.108285 2.23009 275.483 7.15772 
0.196164 0.374015 39.2142 2.03159 
0.0537308 0.366052 38.0507 2.1532 
0.101244 1.68511 345.031 3.12955 
0.0145964 0.775233 46.7945 5.62205 
0.0613584 0.207282 59.676 2.66021 
0.131528 12.9356 477.314 6.13056 
0.22009 1.85504 347.297 4.40923 
0.0656301 1.54741 43.2914 5.11777 
0.0863283 22.2735 297.868 2.3057 
0.0413625 1.27985 155.286 4.72552 
0.0389337 0.340467 27.5185 2.45912 
0.0540882 3.959 207.398 3.91838 
0.508796 11.536 196.077 4.58225 
0.0650228 3.21422 306.178 2.40837 
0.192775 0.0104476 34.5098 5.80546 
0.162804 0.546121 132.939 3.50145 
0.0452024 0.556876 32.3728 2.19598 
0.157162 2.28362 484.504 6.12709 
0.0142086 0.00557429 50.0136 7.01471 
0.0767343 1.5349 236.777 4.60319 
0.588827 29.5832 457.488 3.89366 
0.616235 4.27431 113.875 5.34282 
0.0543668 0.0241813 25.792 3.28257 
0.0395017 0.0448781 23.7484 3.10122 
0.0239177 1.36403 88.1984 3.29249 
0.143834 0.612154 173.944 6.0311 
0.139593 2.04869 391.495 4.35052 
0.0668746 5.10814 187.877 4.00244 
0.448639 5.25266 275.427 2.89839 
0.257895 0.0188357 31.8836 4.65777 
0.321564 19.0518 296.547 4.02935 
0.102293 5.25589 457.08 2.15046 
0.0190018 0.0153816 42.5387 5.35391 
0.194249 0.0162862 22.0508 3.45945 
0.243264 0.268256 98.4741 6.57087 
0.381342 3.21458 294.503 4.9539 
0.0514247 0.229269 85.3859 6.32278 
0.0962715 0.040473 71.9912 7.41813 
0.533709 1.21173 107.384 6.96887 
0.0777291 5.71744 368.298 4.92164 
0.426528 20.4931 301.105 3.94858 
0.0719344 6.99595 192.883 3.6725 
0.122164 3.19503 477.538 3.54072 
0.0383415 0.508332 52.0238 2.29996 
0.161282 11.167 251.08 4.71693 
0.0946129 0.0444626 26.8991 3.00719 
0.0410736 0.00759092 35.0224 5.84517 
0.206632 0.633659 73.7123 2.24256 
0.313811 0.0452303 51.0525 6.38884 
0.141448 0.109091 41.8862 2.68631 
0.22404 1.19296 238.618 5.93225 
0.117074 1.50556 268.856 6.09349 
0.21359 1.67366 148.708 2.08355 
0.215047 3.02289 57.155 3.93989 
0.00702479 0.0205111 34.8772 4.68324 
0.0370264 0.00390139 51.4296 7.3936 
0.00245782 0.0179111 48.0868 7.03591 
0.0597678 0.542289 115.455 3.87959 
0.166876 2.74435 265.251 2.13367 
0.093811 18.3466 272.005 2.42157 
0.50329 5.13739 174.777 2.69556 
0.0932761 0.690636 23.9394 2.15075 
0.297227 1.8668 44.5965 5.39353 
0.165461 0.71648 190.13 6.23504 
0.0293027 1.30349 56.129 3.34014 
0.0342832 0.0222353 33.3915 5.7624 
0.331687 0.282372 47.7998 7.31907 
0.371113 0.760469 96.9752 3.85369 
0.0393474 0.0850655 27.9254 4.91701 
0.204336 1.92492 45.6029 5.18392 
0.0848347 0.044145 27.4331 2.9901 
0.209876 0.923247 183.135 7.78134 
0.230288 3.04533 404.258 3.65267 
0.110476 0.856088 188.725 6.71358 
0.0735866 2.83202 84.6321 4.57567 
0.0466703 3.18899 206.853 3.45112 
0.207591 1.43293 57.6013 7.63362 
0.0533463 3.68937 171.137 4.11512 
0.0210006 0.280402 48.5516 3.78423 
0.131415 0.00555157 31.4785 4.60862 
0.0605828 4.73361 403.362 3.40827 
0.268015 3.4936 186.31 2.12562 
0.302695 3.07866 340.149 4.9522 
0.0531214 2.55073 309.161 2.50485 
0.367953 0.617464 115.338 7.98841 
0.21576 0.512003 21.7113 3.20195 
0.221608 3.96512 419.136 7.89753 
0.0488732 4.11938 250.747 2.37034 
0.0682466 0.247045 56.6735 2.67517 
0.175498 0.0383448 42.1117 3.96267 
0.131279 0.637193 31.5199 2.13043 
0.0504292 0.123185 29.0202 3.04223 
0.0548013 1.5082 77.775 5.75663 
0.119239 0.00418456 36.9375 5.40121 
0.0248756 0.0975518 40.541 3.6456 
0.380981 10.4038 243.796 5.76388 
0.59417 2.33483 71.117 3.32843 
0.228729 2.85998 58.5861 4.74719 
0.314984 0.97198 24.9784 2.24301 
0.0161194 0.0482386 43.9903 4.988 
0.519042 9.39814 163.65 2.54579 
0.0219819 0.00818896 38.1471 6.28201 
0.106345 8.93658 342.295 4.80851 
0.0774436 2.78502 52.4278 2.74731 
0.121422 10.0933 412.558 4.68947 
0.305116 1.21916 144.925 3.07909 
0.28658 16.9433 215.306 3.0313 
0.545322 8.76636 237.854 4.88771 
0.111639 0.240211 23.3986 3.88275 
0.0718509 2.2907 265.753 3.67361 
0.0424915 1.59143 131.982 3.98306 
0.103413 2.11055 209.972 2.13181 
0.0710663 0.566558 42.9481 6.77321 
0.116651 3.29441 107.756 5.20983 
0.13965 0.816188 167.873 3.49437 
0.184751 4.93295 455.898 7.00996 
0.103057 3.96046 251.869 5.49966 
0.285793 4.14953 442.813 5.04667 
0.0687399 6.55844 213.342 3.60326 
0.147216 5.61042 415.659 2.1499 
0.335862 5.28174 336.965 2.70292 
0.0214214 0.0143991 24.6812 4.04115 
0.229645 0.227676 61.0114 3.33907 
0.0461704 2.65044 105.472 2.47949 
0.0878663 0.00631674 56.3259 7.3193 
0.0654973 0.374468 85.8393 3.6728 
0.124053 0.845826 35.2713 2.05961 
0.331313 0.182806 38.7093 3.08481 
0.105243 4.53802 284.506 5.59422 
0.0228657 0.0822292 19.8356 3.0284 
0.113953 5.8626 358.055 2.09407 
0.0682391 5.7637 322.969 3.79749 
0.235899 0.028912 38.4706 4.77557 
0.129389 9.65126 359.098 4.701 
0.301875 0.101072 27.8367 3.12725 
0.303788 0.38959 45.6009 2.63299 
0.300171 4.60432 120.01 2.08669 
0.0777661 1.31071 178.13 5.36603 
0.0246138 0.178281 60.2265 5.25291 
0.0794259 5.14364 488.307 2.43766 
0.0414913 1.59511 118.328 2.418 
0.0467613 3.45513 212.45 2.61704 
0.21686 0.268862 81.1827 5.11476 
0.340812 7.49366 436.007 6.70743 
0.450518 28.0329 413.617 3.53868 
0.0585374 0.236714 21.2817 2.56827 
0.347313 4.11926 66.0272 2.40062 
0.190063 6.74533 449.767 6.52941 
0.106707 0.774642 58.4764 2.09993 
0.439779 29.165 332.691 2.72409 
0.11392 0.344494 36.3107 2.26707 
0.00673457 0.0988332 32.9324 4.80419 
0.0603325 1.529 158.33 2.38137 
0.0344397 1.47452 63.3326 2.67131 
0.112069 0.213729 34.176 5.88046 
0.48623 4.41414 68.5687 2.6656 
0.0763142 0.0371312 41.5358 4.17212 
0.079548 0.67409 118.973 5.86427 
0.0397371 1.22315 89.0364 3.3699 
0.117499 1.77589 246.748 3.01317 
0.0375407 0.0473832 57.1502 6.66675 
0.433873 3.87172 232.084 7.19764 
0.499526 2.5365 101.973 6.51994 
0.0224926 0.0147049 41.0754 5.48851 
0.376711 30.9332 472.902 3.66463 
0.146738 16.7056 465.755 4.11129 
0.00941439 0.488389 48.824 5.47506 
0.394929 5.02891 209.435 7.50786 
0.0535206 1.46134 167.915 3.1382 
0.155022 9.0206 145.088 2.68817 
0.131439 0.0101708 47.9154 7.40848 
0.0902965 0.427521 78.293 2.71936 
0.269922 4.1529 153.291 7.26573 
0.513755 3.08653 113.718 7.79292 
0.434085 0.714923 29.7097 3.84002 
0.0748333 0.154938 62.629 4.96017 
0.0551311 0.888241 116.723 2.71892 
0.0468267 1.47453 58.4802 4.62515 
0.158387 0.0554373 29.6785 5.14219 
0.0468988 1.47592 119.24 3.02514 
0.207949 3.102 90.3947 5.82727 
0.347823 0.733773 58.1445 2.67408 
0.0867683 4.09648 147.772 4.07747 
0.0839276 1.93446 223.492 2.99371 
0.0661121 7.4897 385.807 2.242 
0.0489563 0.165551 43.0938 7.57606 
0.134385 5.81777 283.775 2.14084 
0.0726969 2.06818 196.57 4.26819 
0.446808 2.54028 76.8352 6.01288 
0.153428 2.33308 185.261 7.017 
0.159209 0.393356 45.7038 2.25748 
0.153793 1.10053 187.558 4.89136 
0.299991 3.6719 311.538 4.13744 
0.00443258 0.151233 46.3578 6.74811 
0.352111 4.71646 90.2888 4.23302 
0.0848535 0.933432 54.858 2.05113 
0.0447444 0.0689646 22.8506 3.46655 
0.120664 0.0924647 25.4933 2.74519 
0.0474753 0.209929 48.9385 3.57772 
0.474713 1.80571 39.4591 3.42944 
0.449603 4.27131 100.852 4.28506 
0.286028 1.09831 142.395 5.02379 
0.454532 4.34471 105.852 4.6084 
0.0169665 0.0201036 26.1127 3.92173 
0.102918 4.63713 309.74 2.16214 
0.0883393 1.0404 140.61 4.58992 
0.534358 1.39103 91.18 7.69168 
0.33975 0.972022 57.5559 2.48931 
0.0614046 0.592036 92.0896 5.23257 
0.44933 0.561142 40.6348 3.25673 
0.192006 0.130805 41.4155 3.07893 
0.323776 4.13272 72.8713 3.99262 
0.45065 1.43408 85.6702 4.55686 
0.176939 1.03649 162.847 5.69026 
0.188772 0.472856 65.2299 2.58152 
0.07412 1.87888 176.408 2.82464 
0.0160386 0.311354 42.042 4.33401 
0.189673 3.60348 107.665 4.98529 
0.128175 2.79332 49.7993 2.53034 
0.0821477 16.603 354.916 2.44942 
0.248045 0.367036 59.4575 3.25629 
0.340781 6.39815 346.387 3.61472 
0.0666451 1.80565 60.1955 3.67424 
0.328391 1.07463 114.007 5.499 
0.0608751 0.111197 20.0095 2.89832 
0.0974389 2.91813 249.368 3.48484 
0.0978888 1.20952 132.847 6.07316 
0.297387 6.49969 113.169 3.42592 
0.270746 1.38685 38.8535 2.24509 
0.141577 0.174044 43.5699 3.039 
0.0341529 1.55831 56.1626 3.30197 
0.0149122 0.227856 37.9517 4.54018 
0.272294 3.66024 275.799 4.01581 
0.130747 0.0399021 36.9159 4.34646 
0.0608779 2.76761 220.667 3.13524 
0.275399 3.58796 85.4754 2.13734 
0.161695 0.26319 52.7079 2.90961 
0.0104573 0.134389 38.9641 5.23356 
0.116983 3.53078 77.7345 3.29279 
0.0406316 0.509889 48.3485 2.78654 
0.0669943 1.74315 54.4958 3.44391 
0.101049 2.89646 108.431 4.27037 
0.373697 8.29898 331.186 3.50439 
0.21906 24.8373 417.688 2.31212 
0.126493 2.65262 170.985 5.57812 
0.0347495 0.0195478 25.5859 3.73616 
0.252175 0.488227 28.1294 2.3446 
0.33554 33.1539 465.238 2.36264 
0.214023 8.7779 140.047 3.03664 
0.062717 2.05778 61.1745 3.42365 
0.0594196 0.0289812 61.0675 7.76455 
0.280959 1.35664 156.524 5.16893 
0.216995 4.03993 303.851 2.57336 
0.0897945 0.354068 24.7537 2.3974 
0.0101629 0.0317801 31.6168 4.61263 
0.141624 0.133435 23.6639 3.12733 
0.186132 9.68047 157.161 3.00437 
0.346518 0.374574 76.2564 6.84322 
0.190774 0.371333 37.9798 2.49025 
0.0989288 2.68216 260.894 3.12059 
0.10538 1.76212 115.075 5.73259 
0.338612 5.26502 249.882 2.81465 
0.346529 7.73932 154.26 3.93565 
0.28417 4.4364 245.204 5.93035 
0.134728 0.188204 85.6254 7.44934 
0.211699 1.84921 39.3841 2.25165 
0.457027 0.375238 51.2684 5.43098 
0.0931654 0.182854 59.1341 4.27508 
0.0143245 0.0882703 45.5618 7.47353 
0.0759385 1.66323 131.658 4.91768 
0.161336 1.29771 112.34 2.56139 
0.114558 3.83792 82.8464 2.26141 
0.226848 2.21554 202.99 3.19845 
0.178023 5.02683 320.127 5.17134 
0.0189362 0.144798 36.7078 4.03589 
0.370128 5.42874 88.3364 2.53222 
0.204896 0.83477 113.784 4.25781 
0.323358 0.887666 80.9039 3.70508 
0.0869942 0.575953 70.7367 2.76824 
0.339519 1.26247 44.8093 5.61115 
0.16945 0.830727 31.3912 2.19544 
0.120632 7.39853 394.964 3.90486 
0.0579844 0.110446 28.1682 2.94175 
0.0459586 0.0528901 23.3769 3.79867 
0.0575599 1.32306 88.4069 4.43834 
0.202874 0.591521 92.3617 4.45801 
0.195667 1.9599 162.782 2.81882 
0.0253106 0.161212 25.755 4.11037 
0.0830229 0.180527 60.1099 4.79758 
0.273332 0.0856521 44.1938 5.55237 
0.0431822 0.170728 36.2369 2.93923 
0.152261 1.71712 60.4873 5.98345 
0.253036 3.00002 114.096 5.51549 
0.0181654 0.349115 57.068 7.59684 
0.114368 1.9397 128.335 2.34696 
0.159512 7.25177 222.415 2.2158 
0.0516503 0.021076 35.6957 5.24848 
0.290495 1.35465 110.532 4.44751 
0.270461 11.5316 486.955 4.07132 
0.116764 0.581916 83.191 3.49434 
0.055559 0.953021 78.1558 3.00239 
0.252204 1.66666 70.1776 7.51602 
0.235094 2.40938 167.654 3.56457 
0.221261 2.8759 186.668 4.86182 
0.228905 1.35613 105.759 2.83065 
0.203101 1.82907 76.419 7.60911 
0.052895 1.21733 79.2066 2.82089 
0.0882094 0.0161843 46.0488 6.69494 
0.0673766 0.116825 34.906 5.90212 
0.424909 0.564942 32.8266 3.70093 
0.0536542 0.0641091 27.4114 3.43087 
0.365331 6.41479 130.598 2.99864 
0.0266323 0.449619 62.4871 6.96324 
0.0305024 0.106515 23.3358 3.54203 
0.0973558 4.00448 252.677 2.19571 
0.186696 2.36469 205.171 4.21894 
0.208624 2.2423 165.83 3.46839 
0.0663914 1.53773 48.3001 4.11782 
0.0163595 0.21023 33.4636 4.35201 
0.126109 3.46349 106.872 2.5401 
0.180405 2.07695 44.3427 3.63028 
0.0577711 0.826618 52.2969 2.89399 
0.0154947 0.0292935 46.9228 6.96113 
0.0430097 1.02662 37.2832 3.5504 
0.393426 2.06911 72.8674 3.51581 
0.295121 5.90444 270.652 3.79655 
0.374171 0.364118 56.8447 6.41436 
0.15379 0.369707 67.6149 3.57794 
0.0691979 0.987298 33.8641 2.87535 
0.394637 1.21585 60.3663 3.76183 
0.0209224 0.101051 29.2654 4.84253 
0.0272666 0.204756 35.0709 3.41484 
0.0755643 0.861858 31.7061 2.78185 
0.0605924 0.168879 23.7311 3.51595 
0.0820053 0.242228 48.7893 3.54863 
0.0988304 6.02463 295.361 3.14417 
0.268427 1.08551 38.9493 2.47007 
0.0275581 0.0521331 29.7968 4.09892 
0.0851898 0.12604 44.0881 7.44335 
0.348972 1.79352 53.1073 4.33833 
0.219117 5.21204 192.02 2.3452 
0.155462 2.14567 181.317 3.88757 
0.0725879 2.01341 95.1111 2.8131 
0.0722449 2.78159 113.824 3.15846 
0.0433345 0.061275 43.6006 5.49581 
0.13742 0.0512309 40.7624 6.09221 
0.0172283 0.0400342 35.2525 5.04538 
0.406739 0.704115 42.1784 5.26286 
0.0406807 0.156438 23.4519 3.77098 
0.0884736 2.25884 94.6107 2.49189 
0.0776544 0.0273812 32.3408 4.87561 
0.195253 5.66747 285.912 2.98239 
0.0928076 1.24937 72.6551 4.85687 
0.153036 0.451598 48.5701 2.72263 
0.191798 7.96296 211.037 3.30898 
0.336186 0.363664 66.6245 6.74356 
0.239766 1.54975 104.132 4.7385 
0.0563739 0.302448 53.0882 4.07336 
0.245705 1.47328 108.073 4.54245 
0.130533 2.66356 169.321 3.06704 
0.176251 0.116601 53.191 7.38089 
0.106785 1.64293 64.6491 4.71498 
0.0342117 0.202933 37.7978 4.18173 
0.103796 2.34032 115.256 2.42947 
0.224078 2.64148 85.5656 4.27709 
0.150729 1.84697 101.838 3.9479 
0.152658 0.703609 80.8101 6.75383 
0.16317 8.55085 297.692 2.94452 
0.0827047 1.27575 42.5099 3.3904 
0.166338 1.75057 43.7749 3.04118 
0.251899 0.318633 43.4123 5.9215 
0.112809 2.75318 105.282 2.51736 
0.277625 0.944912 63.7599 3.53928 
0.119802 0.158284 22.8833 3.17302 
0.250608 2.31764 66.9705 2.78645 
0.0481263 0.0468935 36.4679 4.88799 
0.186425 0.259233 59.7742 5.1437 
0.170934 0.530843 73.8355 5.9413 
0.126803 1.18448 46.6957 2.52459 
0.044498 0.226788 39.7515 4.60107 
0.138121 1.74344 47.6231 3.07726 
0.0622778 0.160212 57.1597 7.05867 
0.0559363 0.60456 47.6295 5.84897 
0.170874 7.44472 197.662 2.63861 
0.233769 0.944934 31.1199 3.6654 
0.258665 0.93068 65.6362 4.70534 
0.0879381 0.888121 60.2274 3.145 
0.264745 0.488848 48.118 3.86628 
0.195369 0.486421 55.8937 7.62532 
0.134991 0.782562 62.4035 3.384 
0.236816 0.195689 42.9052 5.33834 
0.111196 0.100681 48.4382 5.90888 
0.109016 0.473055 27.7892 2.90579 
0.043518 0.314553 40.9149 4.64195 
0.165169 0.705021 76.5186 6.73423 
0.0672176 0.241871 58.434 7.00808 
0.0558722 0.699687 35.2011 3.39565 
0.144391 1.22994 57.9872 2.99865 
0.0521868 0.248352 54.0919 6.79689 
0.141437 0.988778 64.7893 4.28265 
0.0671179 0.145393 40.9548 5.06327 
0.118939 0.830259 50.7343 3.47099 
0.122961 0.563219 32.789 3.00902 
0.150687 0.617493 64.2765 7.69936 
0.150847 1.0914 40.3507 3.62286 
0.15928 0.985092 35.9863 3.06784 
0.203224 0.33743 37.9269 4.97973 
0.123493 0.58908 56.8509 4.61619 
0.258937 0.633448 40.5871 3.62497 
0.162862 0.181074 33.4476 3.95684 
0.137475 0.140961 41.428 4.78278 
0.0544816 0.389905 50.3845 5.17257 
0.0754196 0.426073 43.498 5.12276 
0.128089 0.497397 54.7797 6.29547 
0.0749042 0.502476 37.6606 3.30156 
0.144896 0.477109 54.0154 6.00388 
0.0812169 0.554195 48.5374 5.05059 
