  i	        epsilon	     Acceptance rate	     seconds	       log(Z_tot)	     log(Var(Z_tot))	            log(Z_D)	       log(Var(Z_D))	            log(Z_L)	       log(Var(Z_L))	        log(Var_min)	           Delta_max	          Delta_LFNS
  1	       -19876.2	            0.943396	        0.15	         -879.598	             -1759.2	            -20979.2	            -41953.8	            -879.598	             -1759.2	            -1767.61	             20105.8	          -0.0148603
  2	       -6772.86	            0.847458	        0.22	         -879.703	            -1759.41	            -6775.89	            -13554.2	            -879.703	            -1759.41	            -1767.13	             5902.41	          -0.0210161
  3	       -6685.62	            0.746269	        1.29	         -879.808	            -1759.62	            -6699.75	            -13395.7	            -879.808	            -1759.62	            -1766.94	             5826.16	          -0.0257398
  4	       -6453.56	            0.649351	        0.17	         -879.913	            -1759.83	            -6461.45	            -12919.8	            -879.913	            -1759.83	            -1766.86	             5587.75	          -0.0297223
  5	       -6247.72	            0.549451	        0.13	         -880.018	            -1760.04	            -6255.71	            -12508.2	            -880.018	            -1760.04	            -1766.84	              5381.9	          -0.0332312
  6	       -6036.77	            0.581395	        0.14	         -880.123	            -1760.25	            -6045.13	            -12086.5	            -880.123	            -1760.25	            -1766.87	             5171.22	          -0.0364036
  7	       -5832.97	            0.520833	        0.14	         -880.228	            -1760.46	            -5839.88	            -11675.3	            -880.228	            -1760.46	            -1766.93	             4965.86	          -0.0393211
  8	       -5603.14	            0.543478	        0.14	         -864.592	            -1729.18	            -5617.98	            -11231.5	            -864.592	            -1729.18	            -1735.52	              4759.6	           -0.042037
  9	       -5279.02	            0.454545	        0.12	         -864.698	            -1729.39	            -5295.19	            -10585.9	            -864.698	            -1729.39	            -1735.62	             4436.71	          -0.0445878
 10	       -5011.06	            0.431034	        0.11	         -864.803	             -1729.6	            -5027.42	            -10050.4	            -864.803	             -1729.6	            -1735.72	             4168.83	          -0.0470005
 11	       -4684.84	             0.27027	        3.94	         -864.908	            -1729.81	            -4703.07	            -9401.72	            -864.908	            -1729.81	            -1735.83	             3844.38	          -0.0492954
 12	       -4300.06	            0.274725	      492.85	         -865.013	            -1730.02	            -4315.33	            -8626.17	            -865.013	            -1730.02	            -1735.96	             3456.53	          -0.0514935
 13	       -4012.53	            0.434783	        2.07	         -865.118	            -1730.23	             -4023.2	            -8041.98	            -865.118	            -1730.23	            -1736.09	              3164.3	          -0.0535969
 14	       -3648.98	             0.45045	         0.5	         -865.223	            -1730.44	            -3674.06	            -7344.22	            -865.223	            -1730.44	            -1736.22	             2815.05	           -0.055621
 15	        -3320.2	            0.384615	        0.47	         -865.328	            -1730.65	            -3337.11	            -6670.14	            -865.328	            -1730.65	            -1736.37	             2477.99	          -0.0575741
 16	       -3091.91	            0.301205	        0.27	         -865.077	            -1730.69	            -3101.29	            -6198.11	            -865.077	            -1730.69	             -1735.8	             2242.07	           -0.350974
 17	       -2846.41	            0.342466	        0.32	         -862.467	            -1725.06	               -2856	            -5707.51	            -862.467	            -1725.06	            -1730.52	             1999.68	            -0.13271
 18	       -2632.55	            0.273224	      160.38	         -862.572	            -1725.27	            -2654.12	            -5304.08	            -862.572	            -1725.27	            -1730.67	             1797.69	           -0.134612
 19	       -2457.11	            0.357143	        2.93	         -862.677	            -1725.48	            -2468.91	            -4933.42	            -862.677	            -1725.48	            -1730.83	             1612.38	           -0.137077
 20	          -2307	             0.19305	      466.43	         -862.782	            -1725.69	            -2316.52	            -4628.62	            -862.782	            -1725.69	            -1730.98	             1459.89	           -0.138879
 21	       -2177.69	            0.347222	         3.5	         -862.887	             -1725.9	            -2186.08	            -4368.42	            -862.887	             -1725.9	            -1731.15	             1329.34	           -0.140637
 22	        -2000.9	            0.344828	        0.24	         -862.344	            -1725.44	            -2009.01	            -4015.13	            -862.344	            -1725.44	            -1730.01	             1152.17	           -0.484539
 23	        -1859.8	             0.33557	        0.25	         -850.808	            -1701.61	            -1870.41	            -3736.32	            -850.808	            -1701.61	             -1706.9	             1025.81	          -0.0713062
 24	       -1736.48	            0.203252	      564.33	         -850.913	            -1701.82	            -1746.07	            -3487.65	            -850.913	            -1701.82	            -1707.06	             901.372	          -0.0729059
 25	       -1584.95	             0.33557	         0.3	         -840.563	            -1681.12	            -1597.87	            -3191.94	            -840.563	            -1681.12	            -1686.32	             763.518	          -0.0743655
 26	       -1476.18	            0.251256	        0.19	         -840.668	            -1681.33	            -1485.19	            -2966.65	            -840.668	            -1681.33	            -1686.49	             650.733	          -0.0758391
 27	       -1382.89	            0.235849	        0.29	         -840.773	            -1681.54	             -1392.3	            -2781.85	            -840.773	            -1681.54	            -1686.67	             557.738	          -0.0772846
 28	       -1301.25	            0.214592	      182.33	         -840.878	            -1681.75	            -1310.37	            -2617.53	            -840.878	            -1681.75	            -1686.84	             475.711	          -0.0787786
 29	       -1237.26	            0.322581	        1.81	         -840.983	            -1681.96	             -1247.8	            -2491.21	            -840.983	            -1681.96	            -1687.01	             413.032	          -0.0801728
 30	        -1193.8	            0.236967	         319	         -841.088	            -1682.17	            -1202.83	            -2402.76	            -841.088	            -1682.17	            -1687.19	             367.959	          -0.0815432
 31	       -1136.95	            0.390625	        0.57	         -841.193	            -1682.38	            -1146.34	            -2288.98	            -841.193	            -1682.38	            -1687.37	             311.364	           -0.082891
 32	       -1103.85	            0.420168	        0.41	         -841.298	            -1682.59	            -1113.94	            -2224.94	            -841.298	            -1682.59	            -1687.55	             278.855	          -0.0842173
 33	       -1070.04	            0.182482	      299.56	         -841.403	             -1682.8	            -1079.82	            -2158.33	            -841.403	             -1682.8	            -1687.72	             244.632	          -0.0867226
 34	       -1038.67	            0.208333	        0.29	         -841.508	            -1683.01	             -1048.9	            -2095.48	            -841.508	            -1683.01	             -1687.9	             213.603	          -0.0880105
 35	       -1020.02	            0.167785	      195.72	         -840.254	            -1680.98	            -1029.63	            -2056.96	            -840.254	            -1680.98	            -1685.37	             195.294	           -0.353169
 36	       -997.397	            0.318471	        4.05	         -840.359	            -1681.19	            -1006.24	            -2010.73	            -840.359	            -1681.19	            -1685.55	             171.796	           -0.354759
 37	       -979.841	            0.243902	         0.5	         -840.464	             -1681.4	            -990.236	            -1979.53	            -840.464	             -1681.4	            -1685.73	              155.69	           -0.356356
 38	       -964.406	            0.234742	       179.1	         -840.567	            -1681.61	            -973.406	            -1945.01	            -840.567	            -1681.61	            -1685.91	             138.754	           -0.360664
 39	       -953.986	            0.403226	         0.3	         -840.672	            -1681.82	            -962.427	            -1924.69	            -840.672	            -1681.82	            -1686.09	              127.67	           -0.362202
 40	       -944.094	            0.179856	        98.5	         -840.777	            -1682.03	            -952.512	            -1904.89	            -840.777	            -1682.03	            -1686.28	              117.65	            -0.36371
 41	       -936.744	            0.215517	      126.17	         -840.882	            -1682.24	             -945.56	            -1890.87	            -840.882	            -1682.24	            -1686.46	             110.592	           -0.365201
 42	        -928.59	            0.195312	      128.23	         -840.886	            -1682.43	            -937.339	            -1874.51	            -840.886	            -1682.43	            -1686.45	             102.267	           -0.471576
 43	       -921.477	            0.183824	       82.02	         -840.989	            -1682.64	            -930.101	            -1860.42	            -840.989	            -1682.64	            -1686.63	             94.9239	           -0.474553
 44	       -914.527	             0.27933	        4.89	         -841.095	            -1682.85	            -923.295	            -1846.75	            -841.095	            -1682.85	            -1686.82	             88.0124	           -0.476129
 45	        -909.42	            0.241546	      126.22	         -841.198	            -1683.06	             -918.08	            -1837.03	            -841.198	            -1683.06	               -1687	             82.6925	           -0.479505
 46	       -904.341	            0.265957	       45.42	         -841.303	            -1683.27	            -913.291	             -1827.2	            -841.303	            -1683.27	            -1687.19	             77.7984	           -0.481048
 47	       -900.247	             0.19685	      111.13	         -841.408	            -1683.48	            -908.789	             -1818.8	            -841.408	            -1683.48	            -1687.38	             73.1906	           -0.482575
 48	       -897.203	            0.169492	      113.25	         -839.414	            -1679.07	            -905.599	            -1812.93	            -839.414	            -1679.07	            -1683.37	             72.2681	           -0.242967
 49	       -893.383	            0.164474	      123.88	          -839.52	            -1679.28	            -902.139	            -1805.43	             -839.52	            -1679.28	            -1683.56	             68.7034	           -0.244179
 50	       -890.074	            0.177305	      128.51	         -839.487	            -1679.46	            -898.675	               -1799	            -839.487	            -1679.46	            -1683.47	             65.1345	           -0.385722
 51	       -886.899	            0.229358	       49.34	         -839.592	            -1679.67	            -895.593	            -1793.05	            -839.592	            -1679.67	            -1683.66	             61.9472	           -0.387065
 52	       -883.815	             0.13587	      178.39	         -839.697	            -1679.88	            -892.556	            -1786.96	            -839.697	            -1679.88	            -1683.85	             58.8047	           -0.388497
 53	       -881.034	            0.170068	       77.92	         -839.802	            -1680.09	            -889.734	             -1781.6	            -839.802	            -1680.09	            -1684.05	             55.8782	           -0.389818
 54	       -878.487	            0.193798	      115.63	         -839.141	            -1679.13	            -887.393	            -1776.94	            -839.141	            -1679.13	             -1682.7	             53.8419	           -0.607302
 55	       -876.822	            0.154799	      134.51	         -839.241	            -1679.34	            -885.433	            -1773.48	            -839.241	            -1679.34	            -1682.89	             51.7764	           -0.614492
 56	       -874.293	            0.140449	      126.25	         -838.884	            -1678.93	            -883.306	            -1768.65	            -838.884	            -1678.93	            -1682.15	             49.6422	           -0.805119
 57	       -871.997	            0.168919	      110.54	         -838.989	            -1679.14	            -880.993	            -1764.36	            -838.989	            -1679.14	            -1682.35	              47.224	           -0.807069
 58	       -870.014	            0.162338	      108.92	         -839.094	            -1679.35	            -878.947	            -1760.46	            -839.094	            -1679.35	            -1682.54	              45.073	           -0.808848
 59	       -868.017	            0.103306	      189.23	         -839.198	            -1679.56	            -877.193	            -1756.72	            -839.198	            -1679.56	            -1682.73	             43.2142	           -0.811913
 60	       -866.482	            0.138504	      130.96	           -839.3	            -1679.77	            -875.584	            -1753.78	              -839.3	            -1679.77	            -1682.92	             41.4999	            -0.81749
 61	       -864.906	            0.161812	      110.37	         -839.099	            -1679.73	            -874.009	            -1750.77	            -839.099	            -1679.73	             -1682.5	             39.8199	            -1.05376
 62	       -863.259	            0.135135	       143.6	           -838.5	            -1678.16	            -872.514	             -1747.7	              -838.5	            -1678.16	            -1681.28	             39.5379	           -0.815753
 63	       -862.012	             0.14245	      131.17	         -838.604	            -1678.37	            -871.103	             -1745.3	            -838.604	            -1678.37	            -1681.48	             38.0216	           -0.818126
 64	       -860.745	            0.120773	      140.42	         -838.697	            -1678.58	            -869.922	            -1743.03	            -838.697	            -1678.58	            -1681.65	             36.7356	           -0.835198
 65	       -859.605	            0.135501	      126.43	         -838.766	            -1678.78	            -868.782	            -1740.81	            -838.766	            -1678.78	            -1681.77	             35.4897	           -0.878875
 66	       -858.344	            0.116822	      158.18	         -838.868	            -1678.99	             -867.67	            -1738.54	            -838.868	            -1678.99	            -1681.96	              34.273	           -0.883686
 67	       -857.208	            0.129199	      138.93	          -838.97	             -1679.2	             -866.57	            -1736.39	             -838.97	             -1679.2	            -1682.15	             33.0673	           -0.889992
 68	       -855.991	            0.105485	      179.67	         -839.066	            -1679.41	            -865.491	            -1734.18	            -839.066	            -1679.41	            -1682.32	             31.8839	           -0.902755
 69	       -854.696	            0.124378	      131.28	         -839.039	            -1679.54	              -864.4	            -1731.92	            -839.039	            -1679.54	            -1682.25	             30.6874	            -1.02784
 70	        -853.55	            0.115207	       181.4	         -836.864	            -1674.01	            -863.267	            -1729.82	            -836.864	            -1674.01	            -1677.89	              32.462	           -0.298306
 71	       -852.413	            0.131234	      137.43	         -836.968	            -1674.22	            -862.225	            -1727.66	            -836.968	            -1674.22	            -1678.08	             31.3145	           -0.299941
 72	       -851.471	            0.157729	      124.18	         -837.054	            -1674.43	            -861.246	            -1725.83	            -837.054	            -1674.43	            -1678.24	             30.2305	           -0.323347
 73	       -850.466	            0.112867	      163.92	         -837.109	            -1674.64	             -860.28	            -1723.98	            -837.109	            -1674.64	            -1678.34	             29.1594	           -0.381264
 74	       -849.284	            0.128866	      146.53	         -837.211	            -1674.85	            -859.265	            -1721.88	            -837.211	            -1674.85	            -1678.53	             28.0396	           -0.385424
 75	       -848.173	            0.128205	      151.87	         -837.304	            -1675.06	            -858.327	            -1719.95	            -837.304	            -1675.06	             -1678.7	             26.9962	           -0.400706
 76	        -847.25	             0.16835	      108.04	         -837.398	            -1675.27	            -857.424	            -1718.18	            -837.398	            -1675.27	            -1678.88	             25.9878	           -0.414116
 77	       -846.496	            0.134048	      156.57	         -837.457	            -1675.47	            -856.572	            -1716.64	            -837.457	            -1675.47	            -1678.98	             25.0312	           -0.468564
 78	       -845.442	            0.144509	       131.9	         -837.539	            -1675.68	            -855.763	            -1714.91	            -837.539	            -1675.68	            -1679.13	             24.1175	           -0.497066
 79	       -844.344	            0.139276	      140.22	         -837.575	            -1675.88	            -854.825	            -1712.99	            -837.575	            -1675.88	            -1679.19	              23.074	           -0.575564
 80	       -843.519	            0.188679	       83.43	         -837.622	            -1676.08	            -854.001	            -1711.41	            -837.622	            -1676.08	            -1679.27	             22.1448	           -0.643087
 81	       -842.615	            0.204082	       93.51	         -837.723	            -1676.29	            -853.173	            -1709.78	            -837.723	            -1676.29	            -1679.46	             21.2113	           -0.649394
 82	       -841.836	            0.226244	       85.67	         -837.807	             -1676.5	             -852.41	            -1708.31	            -837.807	             -1676.5	            -1679.62	             20.3436	           -0.676349
 83	       -841.015	            0.175439	      106.08	         -837.846	             -1676.7	            -851.686	            -1706.87	            -837.846	             -1676.7	            -1679.68	             19.5148	           -0.755691
 84	       -840.354	           0.0891266	      209.12	         -837.835	            -1676.88	            -850.992	            -1705.56	            -837.835	            -1676.88	            -1679.65	              18.715	           -0.890893
 85	       -839.623	            0.107296	      180.31	         -837.858	            -1677.06	             -850.35	            -1704.28	            -837.858	            -1677.06	            -1679.68	             17.9676	           -0.987671
 86	       -838.906	            0.119048	      158.41	         -837.946	            -1677.27	            -849.746	            -1703.08	            -837.946	            -1677.27	            -1679.85	             17.2593	            -1.01083
 87	       -838.236	           0.0994036	      184.36	         -837.982	            -1677.46	            -849.123	            -1701.85	            -837.982	            -1677.46	            -1679.91	              16.531	            -1.09718
 88	       -837.594	            0.108225	      179.54	         -838.023	            -1677.66	            -848.563	            -1700.75	            -838.023	            -1677.66	            -1679.98	             15.8653	            -1.18034
 89	       -836.978	            0.114679	      173.78	         -837.757	            -1677.34	            -848.002	            -1699.65	            -837.757	            -1677.34	            -1679.43	             15.1996	            -1.34349
 90	       -836.362	             0.15015	      129.66	         -837.734	            -1677.45	            -847.462	            -1698.57	            -837.734	            -1677.45	            -1679.38	             14.5547	            -1.47168
 91	       -835.839	           0.0689655	      293.11	         -837.822	            -1677.65	            -846.952	            -1697.57	            -837.822	            -1677.65	            -1679.54	             13.9394	            -1.49767
 92	       -835.381	           0.0583431	      342.71	         -837.741	            -1677.68	            -846.478	            -1696.66	            -837.741	            -1677.68	            -1679.37	               13.36	            -1.66538
 93	       -834.832	            0.154799	      119.67	         -837.777	            -1677.86	             -846.05	             -1695.8	            -837.777	            -1677.86	            -1679.43	             12.8272	            -1.75876
 94	       -834.334	           0.0714286	      274.95	         -837.723	            -1677.85	             -845.62	            -1694.94	            -837.723	            -1677.85	            -1679.31	             12.2919	            -1.86237
 95	       -833.643	           0.0897666	      229.68	         -837.717	            -1677.93	            -845.168	            -1693.99	            -837.718	            -1677.93	            -1679.29	             11.7345	            -1.95087
 96	       -833.258	           0.0775194	      261.57	         -837.748	            -1678.09	            -844.717	            -1693.12	            -837.749	            -1678.09	            -1679.34	             11.1781	            -2.05936
 97	       -832.885	           0.0687758	      294.96	         -837.105	            -1675.55	             -844.33	            -1692.37	            -837.106	            -1675.55	            -1678.04	              12.702	            -1.00954
 98	       -832.425	           0.0974659	      202.26	         -837.151	            -1675.75	             -843.96	            -1691.64	            -837.152	            -1675.75	            -1678.12	              12.227	            -1.08668
 99	       -831.936	           0.0976562	      194.86	         -837.198	            -1675.94	            -843.583	            -1690.88	            -837.199	            -1675.94	            -1678.21	             11.7451	            -1.16244
100	       -831.685	            0.095057	      194.94	         -837.227	            -1676.13	            -843.248	            -1690.24	            -837.229	            -1676.13	            -1678.26	             11.3049	            -1.25955
101	       -831.384	           0.0922509	      205.81	         -837.188	            -1676.27	            -842.963	            -1689.68	            -837.191	            -1676.27	            -1678.17	             10.9141	            -1.43432
102	       -831.131	           0.0615006	      323.34	         -837.252	            -1676.46	            -842.705	            -1689.17	            -837.257	            -1676.46	            -1678.29	             10.5514	            -1.49159
103	       -830.822	           0.0840336	       235.2	         -837.237	            -1676.57	            -842.466	             -1688.7	            -837.243	            -1676.57	            -1678.25	             10.2072	            -1.61243
104	       -830.489	           0.0469484	      417.13	         -837.144	            -1676.49	            -842.228	            -1688.22	             -837.15	            -1676.49	            -1678.05	             9.86412	            -1.70963
105	       -830.239	           0.0782473	      246.13	         -837.156	            -1676.62	            -842.002	            -1687.77	            -837.164	            -1676.63	            -1678.07	             9.53303	             -1.8222
106	       -830.021	           0.0822368	      232.56	         -837.189	            -1676.79	            -841.793	            -1687.36	            -837.199	            -1676.79	            -1678.12	             9.21866	            -1.92619
107	       -829.759	           0.0408831	      487.35	         -837.187	            -1676.92	              -841.6	            -1686.97	              -837.2	            -1676.93	            -1678.11	             8.92066	            -2.07546
108	       -829.534	           0.0535906	      363.13	         -837.233	            -1677.09	            -841.419	            -1686.61	            -837.248	             -1677.1	            -1678.19	             8.63396	             -2.1682
109	       -829.321	           0.0515464	       389.4	         -837.277	            -1677.25	            -841.244	            -1686.26	            -837.297	            -1677.26	            -1678.28	             8.35403	            -2.26328
110	       -829.014	            0.075643	      255.04	         -837.315	             -1677.4	            -841.075	            -1685.92	            -837.338	            -1677.42	            -1678.34	              8.0802	             -2.3663
111	       -828.754	           0.0353857	      566.21	         -837.339	            -1677.54	            -840.906	            -1685.58	            -837.368	            -1677.56	            -1678.38	             7.80597	            -2.49431
112	       -828.444	           0.0701262	       279.1	          -837.35	            -1677.65	            -840.735	            -1685.23	            -837.385	            -1677.68	             -1678.4	             7.52985	            -2.63806
113	        -828.27	            0.070922	      280.16	         -837.404	             -1677.8	            -840.568	            -1684.89	            -837.447	            -1677.84	             -1678.5	              7.2577	            -2.72742
114	       -828.096	           0.0338753	      580.95	          -837.38	            -1677.83	            -840.415	            -1684.58	             -837.43	            -1677.87	            -1678.44	             6.99954	            -2.86209
115	       -827.895	           0.0480769	      410.51	         -837.347	            -1677.83	            -840.271	            -1684.29	            -837.402	            -1677.89	            -1678.37	              6.7508	            -3.01993
116	       -827.711	            0.074184	      260.71	          -837.29	            -1677.73	            -840.137	            -1684.02	             -837.35	            -1677.79	            -1678.25	             6.51077	            -3.05289
117	       -827.487	            0.059453	      326.56	         -837.337	            -1677.87	            -840.006	            -1683.76	            -837.409	            -1677.94	            -1678.34	             6.27469	            -3.15986
118	       -827.304	           0.0517598	      375.61	          -837.35	            -1677.94	            -839.877	            -1683.49	            -837.433	            -1678.04	            -1678.36	             6.04056	            -3.29849
119	       -827.157	           0.0249377	      797.16	         -837.255	            -1677.74	            -839.757	            -1683.25	             -837.34	            -1677.83	            -1678.16	             5.90513	             -3.2738
120	        -826.97	           0.0429185	      444.47	         -837.269	            -1677.81	            -839.645	            -1683.02	            -837.367	            -1677.93	            -1678.18	             5.68761	            -3.42118
121	       -826.812	           0.0329381	      585.35	         -837.261	            -1677.84	            -839.537	             -1682.8	             -837.37	            -1677.97	            -1678.16	             5.47407	            -3.56954
122	       -826.643	           0.0431034	      441.18	         -837.293	            -1677.94	            -839.433	            -1682.59	            -837.418	             -1678.1	            -1678.22	             5.26575	             -3.7071
123	       -826.492	           0.0302115	      639.39	         -837.271	            -1677.93	            -839.335	            -1682.39	            -837.406	            -1678.12	            -1678.17	             5.06196	            -3.89523
124	        -826.36	           0.0404531	      472.25	         -837.303	            -1678.02	            -839.242	             -1682.2	            -837.458	            -1678.24	            -1678.23	             4.86378	            -4.03762
125	       -826.199	           0.0246914	      792.73	         -837.313	            -1678.07	            -839.153	            -1682.02	            -837.486	            -1678.32	            -1678.25	             4.67024	            -4.20271
126	       -826.033	           0.0217486	      887.28	          -837.33	            -1678.12	            -839.067	            -1681.85	            -837.523	            -1678.41	            -1678.28	               4.479	            -4.34467
127	       -825.905	           0.0316456	      618.85	         -837.213	             -1677.8	            -838.985	            -1681.68	              -837.4	            -1678.05	            -1678.03	             5.18259	            -3.88331
128	       -825.782	            0.020475	      936.43	         -837.221	            -1677.84	            -838.907	            -1681.52	            -837.425	            -1678.12	            -1678.05	              4.9999	            -4.03213
129	       -825.642	           0.0198886	      972.89	         -837.218	            -1677.86	            -838.834	            -1681.37	             -837.44	            -1678.18	            -1678.04	             4.82177	            -4.20798
130	       -825.531	           0.0162285	      1206.3	         -837.229	            -1677.91	            -838.764	            -1681.23	            -837.471	            -1678.26	            -1678.05	             4.64663	            -4.38746
131	       -825.369	           0.0179662	     1068.06	         -837.128	            -1677.55	            -838.697	            -1681.09	            -837.361	            -1677.84	            -1677.84	             5.24161	            -3.64557
132	       -825.236	           0.0162127	     1206.21	         -837.149	            -1677.63	            -838.632	            -1680.96	            -837.406	            -1677.96	            -1677.88	               5.071	            -3.80563
133	       -825.085	           0.0269397	      711.87	         -837.146	            -1677.65	            -838.568	            -1680.82	            -837.422	            -1678.01	            -1677.88	             4.90172	            -3.92011
134	       -824.938	           0.0184638	     1044.38	          -837.16	            -1677.71	            -838.504	            -1680.69	            -837.462	            -1678.12	             -1677.9	             4.73308	            -4.08518
135	       -824.784	          0.00976753	     1984.03	         -837.174	            -1677.76	            -838.442	            -1680.56	            -837.504	            -1678.23	            -1677.93	             4.56594	              -4.257
136	       -824.667	           0.0128932	     1497.13	         -837.184	            -1677.81	            -838.382	            -1680.44	            -837.543	            -1678.33	            -1677.95	             4.40075	            -4.42292
137	       -824.549	           0.0145222	     1334.11	         -837.201	            -1677.86	            -838.325	            -1680.32	            -837.594	            -1678.45	            -1677.98	             4.23829	            -4.57611
138	       -824.433	          0.00847027	     2260.48	         -837.219	            -1677.91	            -838.269	            -1680.21	             -837.65	            -1678.57	            -1678.02	             4.07786	            -4.74497
