-904.3406165
-904.279199
-904.2457037
-904.1834
-903.9615199
-903.8511218
-903.8458933
-903.8388491
-903.7413684
-903.5145017
-903.4872784
-903.4377317
-903.2050861
-903.1742246
-903.1528206
-902.865294
-902.8225129
-902.7154826
-902.6531463
-902.4898798
-902.4716031
-902.4013742
-902.2824021
-902.1495924
-902.04431
-901.9737418
-901.8827321
-901.8197063
-901.7245248
-901.6836468
-901.6742862
-901.6413989
-901.6385982
-901.5929372
-901.4962599
-901.4881111
-901.396986
-901.230726
-901.2081254
-901.1376302
-901.1073468
-901.0587287
-900.9854449
-900.7885464
-900.7045337
-900.6721538
-900.5566542
-900.5369934
-900.4146696
-900.2940698
-900.2465521
-900.2057586
-900.2008655
-900.1824369
-900.161981
-900.0827404
-900.0173289
-899.9913318
-899.8177673
-899.8087333
-899.7873316
-899.7615094
-899.676133
-899.6454883
-899.5159815
-899.5086468
-899.4874922
-899.4774842
-899.4456143
-899.3977657
-899.3443726
-899.2380822
-898.9965517
-898.8625343
-898.8185527
-898.7975075
-898.6389817
-898.610356
-898.6096542
-898.5829953
-898.4616101
-898.2662971
-898.252367
-898.227111
-897.950205
-897.8703213
-897.8535183
-897.7928057
-897.7168758
-897.6747357
-897.6141548
-897.5405482
-897.4636411
-897.4545639
-897.2837511
-897.2659954
-897.2027872
-897.0469167
-896.9047708
-896.9004169
-896.7862041
-896.5645399
-896.4063772
-896.3197638
-896.2154403
-896.1521283
-896.1037146
-895.9763048
-895.8292588
-895.6906172
-895.6018798
-895.4377434
-895.2801704
-895.2581035
-895.2333573
-895.1316076
-895.1070289
-895.0521261
-894.9265094
-894.8796705
-894.789996
-894.7609501
-894.6390758
-894.3473854
-894.321479
-894.2379887
-894.1094355
-893.8973807
-893.5295378
-893.4882147
-893.469211
-893.3830986
-893.0849076
-892.9515991
-892.9503853
-892.9472789
-892.8504822
-892.7413556
-892.6851599
-892.5922743
-892.4478815
-892.207937
-892.1230417
-892.0475688
-892.0445138
-892.0429764
-891.7138246
-891.3419216
-891.3253297
-891.2829957
-891.2807101
-891.2519028
-891.2331284
-891.1777649
-891.1079294
-891.1010147
-891.0993074
-891.0959338
-890.8403574
-890.7659355
-890.7037683
-890.5609042
-890.4758958
-890.4194783
-890.2648668
-890.230147
-890.0899235
-890.0740533
-889.9296122
-889.9200132
-889.9064224
-889.7882399
-889.7140836
-889.7138877
-889.7120743
-889.6485834
-889.6404165
-889.6152424
-889.555672
-889.401045
-889.2425074
-888.9184367
-888.6513171
-888.5860574
-888.5095401
-888.422723
-888.3726087
-888.3499505
-888.1998775
-888.134591
-888.0864129
-887.7485457
-887.6524688
-887.5426999
-887.5310661
-887.4014126
-887.2436981
-887.2351335
-887.2179765
-887.200418
-887.1853541
-887.1628496
-887.0323548
-887.0182075
-886.8994821
-886.627032
-886.5843338
-886.5363481
-886.5028204
-886.4250262
-886.3299527
-886.2617305
-885.8608214
-885.7787231
-885.724386
-885.7011245
-885.6033184
-885.583357
-885.5583338
-885.541938
-885.4967643
-885.2748135
-885.0172371
-885.0102448
-884.9986657
-884.8274976
-884.7214288
-884.6443469
-884.5367341
-884.4653233
-884.3170986
-884.2620787
-884.0821413
-884.0478219
-883.8799435
-883.8687955
-883.6444698
-883.5637473
-883.5352526
-883.4918408
-883.2786088
-883.1229499
-882.8583108
-882.7933734
-882.7799385
-882.670505
-882.6006373
-882.5798208
-882.3731454
-882.2487821
-881.8562932
-881.7943672
-881.7933003
-881.7853592
-881.7457276
-881.6440591
-881.4684407
-881.3851785
-881.3752908
-881.3667714
-881.2866025
-881.2236326
-881.2162195
-881.1046393
-881.0894631
-881.0344555
-880.9985132
-880.9216105
-880.8590821
-880.8394829
-880.8157867
-880.6955078
-880.5939261
-880.5436166
-880.4831983
-880.4718795
-880.2442244
-880.2141731
-879.641511
-879.5704277
-879.5530955
-879.5488074
-879.4336186
-879.279276
-879.0620298
-878.9823444
-878.7705125
-878.6687961
-878.4324341
-878.2254322
-878.2247448
-878.1877122
-878.1607527
-878.1025336
-878.0924668
-877.9564133
-877.9269654
-877.9104701
-877.7588869
-877.7492634
-877.7480427
-877.7164271
-877.6444749
-877.6045723
-877.5000485
-877.4216243
-877.3419672
-877.323519
-877.2615977
-877.2450906
-877.1377698
-877.0299836
-876.952197
-876.8750968
-876.8597906
-876.7983051
-876.5262325
-876.4873281
-876.4523431
-876.239488
-876.214192
-876.1415283
-876.0864096
-876.0305427
-875.8388962
-875.8302368
-875.757016
-875.5972138
-875.5913379
-875.5544701
-875.0471164
-874.7141508
-874.5450409
-874.5007968
-874.2839351
-873.9848446
-873.8536195
-873.8076492
-873.5054352
-873.3447284
-873.2778804
-873.1543696
-873.1046802
-873.1020843
-872.9717543
-872.6041615
-872.4981988
-872.2976398
-872.0978219
-871.6318561
-871.5318191
-871.4572363
-871.0594318
-870.8850609
-870.7633584
-870.6982526
-870.6850096
-870.2825593
-870.2473857
-870.1471822
-870.1317435
-870.1232924
-870.0432918
-870.0316416
-870.01449
-869.9506939
-869.9276014
-869.785784
-869.7769804
-869.7573135
-869.6847482
-869.5859132
-869.3992755
-868.9689788
-868.8413156
-868.6127402
-868.54009
-868.1014979
-867.9614859
-867.7527861
-867.6644692
-867.5316584
-867.5232597
-867.324574
-867.3096627
-867.1422612
-867.0643404
-866.8739299
-866.7953295
-866.6423998
-866.3167011
-866.1169633
-865.7984849
-865.7578764
-865.6792262
-865.658933
-865.6030409
-865.4718294
-865.4665648
-865.3927634
-865.2011753
-865.0292334
-864.9649631
-864.8057913
-864.6277143
-864.6028925
-864.3359711
-864.0788583
-863.9717822
-863.6530502
-863.2968737
-863.1126712
-862.9612447
-862.9390843
-862.8398773
-862.445711
-862.0123897
-861.9300315
-861.9253044
-861.8583015
-861.6576029
-861.5188871
-861.5141961
-861.3029069
-861.2836508
-861.0033772
-860.8769594
-860.4696675
-859.9922774
-859.6612259
-859.6241741
-859.2935699
-858.9488345
-858.8051372
-858.3854072
-858.3187214
-858.261499
-857.9463437
-857.8680742
-857.703141
-857.5367391
-857.4221872
-857.2080516
-857.1366721
-857.0299869
-856.7946672
-856.2620683
-856.2481813
-855.9914229
-855.8414826
-854.5767647
-854.5560501
-854.533664
-854.0278818
-853.073018
-853.0404467
-852.78232
-852.6658844
-852.329485
-852.2403284
-851.944246
-851.8892608
-851.4713882
-851.0804785
-851.0311337
-850.9730721
-850.7513675
-850.7238989
-850.2252807
-850.1273473
-849.5490126
-848.8822917
-848.6826526
-848.1630052
-847.264741
-846.9223798
-846.7706962
-846.7376407
-846.6583999
-845.912264
-845.673319
-845.2803717
-844.7107905
-844.0203885
-843.1700772
-843.0578025
-842.9782988
-842.1752199
-841.8821891
-841.6798042
-841.296779
-840.8216335
-839.3024744
-839.1518804
-836.9673995
-836.6958321
-836.3615739
-832.5890728
-831.7195371
-830.6565648
