0.085264 0.27658 39.5768 4.88182 
0.139519 0.761498 47.4646 4.60522 
0.195853 0.687513 51.1937 5.80451 
0.154146 0.4249 52.1454 5.01139 
0.123073 0.444549 40.5157 4.81592 
0.102656 0.827052 39.2138 4.11576 
0.105841 0.440146 61.3524 6.43698 
0.0907185 0.279005 33.3221 4.03522 
0.07727 0.357526 36.0316 3.89306 
0.174106 0.402224 46.4526 4.44559 
0.147251 0.40113 59.6826 6.37714 
0.104958 0.496622 53.1019 5.87764 
0.104308 0.504352 45.4772 4.18675 
0.0872619 0.633412 35.0344 3.39949 
0.216363 0.814614 52.9431 5.08488 
0.139102 0.713172 48.335 4.31226 
0.0737678 0.385719 44.5514 4.61888 
0.199671 0.52106 49.3027 5.07584 
0.0807185 0.250435 40.9236 4.55539 
0.108858 0.233509 36.1017 3.63165 
0.0735093 0.330744 40.2601 4.59081 
0.0748245 0.322233 41.5289 4.21505 
0.194714 0.773885 40.368 4.26491 
0.213819 0.41253 48.8636 5.18023 
0.0881851 0.442272 44.8088 5.24489 
0.159575 0.724125 47.0331 5.24844 
0.0675842 0.206382 37.3429 4.58862 
0.137177 0.597754 47.6955 5.70154 
0.122496 0.554696 32.9068 3.12863 
0.085214 0.270873 37.1028 3.7512 
0.169586 0.611323 42.1413 4.63302 
0.0722038 0.348102 42.9584 4.72677 
0.13355 0.294125 52.6579 5.83529 
0.108302 0.44217 51.6409 5.70489 
0.0971096 0.211078 39.0854 4.12645 
0.134912 0.457398 55.283 5.65115 
0.182459 0.53311 53.3761 5.46072 
0.0811975 0.472439 48.1751 5.60531 
0.102308 0.660496 39.9093 4.51169 
0.132101 0.442265 34.5488 3.80803 
0.144896 0.477109 54.0154 6.00388 
0.13144 0.187589 40.3022 4.55153 
0.189977 0.443344 56.1345 5.9654 
0.143961 0.507134 53.4152 4.93767 
0.107987 0.36199 50.8145 5.81979 
0.0691035 0.522894 42.232 4.71664 
0.0751316 0.499955 40.4615 3.90464 
0.194841 0.423272 34.0977 3.37906 
0.178591 0.26302 32.4589 3.95151 
0.0608806 0.371614 38.7816 4.1619 
0.0855156 0.484119 48.22 4.94264 
0.111721 0.435539 32.8306 3.74979 
0.182283 0.687469 50.6359 5.17632 
0.107508 0.562395 43.1936 4.25517 
0.118401 0.370305 38.1493 3.73885 
0.154482 0.717728 47.2506 5.36367 
0.0872364 0.502846 36.8817 4.08505 
0.173344 0.829476 42.3023 4.10439 
0.0605459 0.323368 34.5922 3.74039 
0.113785 0.711753 49.3803 4.81662 
0.236238 0.506928 38.1888 4.13493 
0.102469 0.41296 48.9847 5.033 
0.187204 0.573981 44.9739 3.99721 
0.150593 0.299514 52.2496 6.00302 
0.134608 0.578273 41.7849 4.00656 
0.126699 0.619344 46.5396 4.07717 
0.0886177 0.195023 40.8746 5.46744 
0.198777 0.433742 50.1284 5.78847 
0.0659588 0.263865 42.5352 4.49704 
0.164841 0.789579 40.8118 3.89566 
0.14217 0.363886 32.117 3.34473 
0.0826362 0.490248 42.303 4.16591 
0.13126 0.309507 40.8632 3.86095 
0.170921 0.330331 40.5947 4.32812 
0.194819 0.514239 50.7926 5.0371 
0.09346 0.357838 44.2837 5.30375 
0.142431 0.589784 33.0239 3.50009 
0.131909 0.710772 39.2559 3.48797 
0.0867797 0.397198 47.3079 5.02073 
0.0907384 0.467692 56.5623 5.9102 
0.181593 0.509056 48.447 5.38128 
0.148982 0.479595 33.9638 3.30264 
0.0996832 0.1903 37.5304 4.97855 
0.0680198 0.495419 41.3376 4.14873 
0.167235 0.533162 33.1559 3.47679 
0.185508 0.582274 41.8184 4.77939 
0.108992 0.294502 52.3424 5.71657 
0.0661035 0.409849 32.6767 3.69371 
0.0901101 0.371426 48.3405 5.1956 
0.071456 0.494914 47.1158 5.11667 
0.0799924 0.399467 51.1657 5.85204 
0.109181 0.385722 50.7498 5.07242 
0.11632 0.278155 40.0443 4.1179 
0.0731785 0.385979 37.6714 3.75047 
0.180877 0.599921 42.7807 3.81297 
0.197005 0.355347 43.8338 4.86489 
0.132629 0.567973 34.4144 4.05356 
0.0732239 0.269845 48.0868 5.52892 
0.131256 0.681102 39.0652 3.59822 
0.0803832 0.35532 29.6373 3.06455 
0.176923 0.331152 34.9477 3.90341 
0.108756 0.298787 41.9965 5.19611 
0.130751 0.49052 41.2572 3.74821 
0.107193 0.443299 34.6038 4.22724 
0.125403 0.235664 43.4302 4.49425 
0.133018 0.733958 34.985 3.30508 
0.117349 0.314638 48.9213 5.67526 
0.117249 0.50224 51.7584 4.99646 
0.121167 0.281921 43.5929 4.96828 
0.10776 0.728244 38.1232 3.96987 
0.0792826 0.378278 46.8304 5.42535 
0.108588 0.294325 31.113 3.52533 
0.124145 0.206706 32.0481 3.77988 
0.145857 0.666191 39.416 3.65152 
0.152974 0.762442 46.402 4.4077 
0.185032 0.411774 59.7888 6.70841 
0.0967039 0.345533 53.4606 6.22186 
0.12132 0.222301 49.9779 5.78168 
0.198738 0.322767 42.826 4.70499 
0.203464 0.697215 40.8458 4.03813 
0.0652671 0.428331 42.7676 4.92445 
0.163296 0.514637 55.5149 5.54993 
0.100081 0.23312 36.6173 4.21526 
0.162126 0.615418 40.0821 4.49145 
0.192317 0.363025 41.5985 4.74215 
0.147603 0.635608 32.039 3.17896 
0.0783213 0.307222 44.2545 4.73954 
0.121052 0.630897 38.6323 4.58008 
0.186266 0.50694 48.3159 4.8916 
0.109026 0.643656 34.5718 3.51735 
0.0899526 0.513356 35.3815 3.70789 
0.124307 0.515801 54.3521 6.28118 
0.0992879 0.44663 53.8644 6.15801 
0.051616 0.305582 35.7898 3.95667 
0.0759693 0.586415 46.5586 4.66588 
0.2206 0.514665 50.9952 5.42672 
0.130027 0.392636 39.0033 5.01049 
0.115252 0.431007 41.6438 5.10223 
0.159406 0.434902 50.78 4.71048 
0.121625 0.700652 49.8688 5.36818 
0.109109 0.242946 46.8715 5.07255 
0.0865563 0.620961 38.0088 4.01437 
0.156861 0.785153 39.2813 3.58835 
0.090452 0.391824 35.4555 4.18024 
0.0764445 0.330202 38.4927 4.53552 
0.138931 0.918494 45.0691 4.08605 
0.0990161 0.22133 37.4963 3.92539 
0.13752 0.425625 39.1494 3.46078 
0.137438 0.253897 33.1624 3.81372 
0.0930429 0.346586 35.5862 3.94398 
0.10062 0.485174 48.1903 5.64653 
0.154032 0.650148 42.023 4.9257 
0.142522 0.546023 52.1375 4.98718 
0.156926 0.251399 40.5508 4.6294 
0.0886842 0.518821 48.2381 4.55674 
0.177413 0.633353 41.0435 4.00256 
0.17666 0.672215 36.46 3.85492 
0.0804708 0.321132 37.2158 4.49663 
0.128199 0.285805 46.2105 4.9022 
0.0713809 0.333169 42.3637 4.16952 
0.161056 0.482005 39.1042 4.4708 
0.12261 0.670647 48.2207 4.88638 
0.168553 0.783893 53.2198 5.53034 
0.187268 0.667164 38.4676 4.1723 
0.1593 0.403106 33.7822 4.069 
0.152508 0.219047 37.7538 4.31801 
0.11317 0.687619 41.7479 3.98111 
0.133337 0.313216 47.3306 4.67625 
0.197665 0.568861 45.5322 4.59505 
0.223635 0.406533 37.7852 4.18606 
0.137754 0.577058 50.0463 5.91461 
0.142624 0.310763 53.5641 5.62796 
0.204145 0.330159 41.1125 4.58961 
0.122619 0.489042 38.5696 3.67466 
0.0886554 0.41223 46.6408 4.77437 
0.173898 0.446324 34.5271 3.51209 
0.141709 0.67463 40.407 4.6739 
0.0857234 0.421409 38.2764 3.88096 
0.173363 0.494308 32.6413 3.68901 
0.0915336 0.203742 41.694 5.07293 
0.0960063 0.570275 49.9246 5.20096 
0.109048 0.346338 45.9609 4.5846 
0.0908111 0.370399 35.388 3.79591 
0.111944 0.303876 54.325 5.95316 
0.0977739 0.224736 33.2718 3.77146 
0.102955 0.248039 43.6535 4.83061 
0.08769 0.584782 37.6044 3.62393 
0.14341 0.33432 45.6343 4.48481 
0.142604 0.510225 46.4262 4.48397 
0.146211 0.648661 41.651 3.81661 
0.0833262 0.288439 44.5841 4.88263 
0.179338 0.519135 44.1385 4.09807 
0.112943 0.255226 46.0264 5.34972 
0.132463 0.349795 47.8306 5.05571 
0.0812169 0.554195 48.5374 5.05059 
0.100867 0.644686 36.6429 3.54772 
0.10651 0.394488 44.7666 5.06795 
0.181115 0.775859 40.284 3.69724 
0.088819 0.456079 53.3516 5.99457 
0.108973 0.689444 38.0337 3.65256 
0.0950886 0.283492 40.1163 3.98288 
0.134355 0.405532 49.8884 4.61285 
0.136516 0.457307 37.2883 4.69494 
0.158468 0.441794 54.2765 5.6417 
0.156213 0.657188 38.2548 3.70063 
0.153755 0.497404 48.6982 4.40737 
0.0822744 0.238981 37.7209 4.95244 
0.0994882 0.202958 32.4214 4.14 
0.0727136 0.399422 40.44 4.03485 
0.160126 0.561546 39.189 4.49568 
0.133288 0.398486 53.2205 5.26354 
0.198495 0.399565 42.4959 4.1512 
0.0687531 0.284674 29.6553 3.70224 
0.199077 0.321091 40.2215 4.13478 
0.160062 0.315129 33.2942 4.00666 
0.103231 0.446279 46.8067 4.76176 
0.141669 0.313522 43.8198 4.71841 
0.140044 0.559733 38.1513 3.94285 
0.183237 0.511429 38.6004 3.74055 
0.104691 0.557669 33.0806 3.79453 
0.154188 0.468314 37.098 4.59039 
0.147497 0.358454 35.2167 3.7122 
0.0967432 0.215241 39.3782 4.6194 
0.095705 0.320901 43.2953 4.08998 
0.173146 0.724641 34.4948 3.87287 
0.107132 0.215038 40.5473 4.17613 
0.122966 0.525871 50.575 5.31837 
0.171268 0.755226 39.3838 3.84578 
0.140648 0.736232 38.5195 4.20639 
0.14486 0.392307 36.6624 4.71064 
0.0780928 0.442498 31.2619 3.37001 
0.20604 0.364858 38.906 4.39421 
0.147904 0.431229 56.2066 5.70909 
0.108344 0.301054 49.6926 5.41949 
0.195884 0.509208 34.3255 3.71354 
0.0848395 0.328019 38.6317 4.14336 
0.0691638 0.309682 36.2276 3.7624 
0.201711 0.680954 41.4837 4.26914 
0.0571165 0.314185 45.2875 5.25462 
0.107054 0.420321 34.203 3.85317 
0.0677668 0.413756 38.6428 4.44496 
0.0953859 0.651972 48.5653 4.76291 
0.0870576 0.245927 47.3077 5.66541 
0.168976 0.593402 40.6878 4.02653 
0.086901 0.315222 37.0511 4.016 
0.127757 0.323314 44.1274 4.64966 
0.123059 0.180296 30.5456 4.15617 
0.204243 0.425621 45.4123 4.47637 
0.110095 0.348967 34.1084 3.64626 
0.181336 0.335613 38.4425 3.90431 
0.123131 0.387216 53.6523 6.02466 
0.10173 0.362956 44.161 5.16367 
0.077324 0.677911 45.8282 4.63598 
0.128099 0.431678 49.6809 4.71734 
0.10003 0.614065 38.9025 4.42534 
0.12125 0.306896 42.4042 4.79665 
0.105344 0.335882 33.0122 3.58386 
0.145173 0.390955 33.4858 3.25058 
0.122524 0.431236 41.6646 3.97989 
0.135546 0.579656 43.269 4.33876 
0.18609 0.348844 39.5014 4.31872 
0.164509 0.427377 57.1918 5.82593 
0.0615594 0.300107 39.7798 4.38343 
0.105372 0.500229 32.5541 3.48266 
0.162538 0.797306 48.0085 4.56579 
0.184348 0.523733 38.4904 4.40239 
0.0891899 0.517942 39.3018 4.3757 
0.149984 0.410663 47.0513 4.89951 
0.0827532 0.423193 41.2427 4.82961 
0.18111 0.668362 44.0787 4.67631 
0.109387 0.289836 42.0062 4.38178 
0.163363 0.410766 47.0558 5.46827 
0.111501 0.302385 31.0951 3.25904 
0.138794 0.617323 44.7027 4.07133 
0.115063 0.359085 49.6346 6.14999 
0.119492 0.429189 32.9983 3.32792 
0.0836606 0.286479 34.8279 3.67523 
0.111697 0.311716 51.3387 5.6111 
0.117568 0.219425 35.7703 4.18399 
0.163181 0.645051 48.3461 5.41378 
0.0847074 0.330153 37.0417 4.3513 
0.12585 0.521707 36.9877 3.27062 
0.148905 0.484502 48.6577 4.52638 
0.132543 0.298823 43.5496 4.27849 
0.0974519 0.291993 39.0501 4.63301 
0.168718 0.356501 31.1693 3.44089 
0.209436 0.352721 43.7553 4.65232 
0.131872 0.911793 41.7791 4.2223 
0.0757558 0.394898 32.0951 3.70849 
0.111727 0.463543 43.1735 5.2067 
0.100105 0.296531 46.9072 5.78969 
0.0880726 0.331114 48.6399 6.0109 
0.173429 0.502988 38.2654 4.65581 
0.117594 0.517622 40.0994 4.15977 
0.0886392 0.340447 49.4317 5.58889 
0.19598 0.341743 35.8759 4.06848 
0.091999 0.47821 33.7414 3.59271 
0.091933 0.411124 36.5252 3.81018 
0.130161 0.485237 40.309 4.22777 
0.0706475 0.329051 35.7546 3.95613 
0.171561 0.561195 48.7826 5.54392 
0.122022 0.618139 33.409 3.66006 
0.111689 0.476707 52.2257 5.10046 
0.151217 0.27614 43.5767 5.41283 
0.106833 0.455017 44.7034 4.67221 
0.127985 0.32733 43.1734 4.31784 
0.145067 0.403938 45.899 4.38075 
0.173917 0.320446 46.0757 5.09243 
0.133693 0.28358 44.3348 4.65483 
0.177986 0.710186 38.6732 3.89937 
0.166239 0.610838 38.8159 3.85787 
0.139798 0.437005 48.2835 5.32243 
0.117375 0.322528 49.7004 5.84874 
0.103627 0.55372 43.0004 4.41659 
0.0808449 0.322233 30.9294 3.87171 
0.0639445 0.23561 38.7114 4.69667 
0.109352 0.399368 46.7162 5.57699 
0.0923729 0.408811 42.2892 5.15949 
0.0940389 0.468579 34.9407 3.73382 
0.0869105 0.404453 38.5233 4.46153 
0.147659 0.552184 42.1925 4.00396 
0.146072 0.378748 47.4573 4.897 
0.0906403 0.43206 35.0255 4.12971 
0.0819199 0.363163 41.5779 4.58233 
0.120524 0.341063 51.2165 5.71001 
0.164737 0.300711 42.3066 5.0136 
0.138235 0.62183 40.5081 4.07886 
0.194011 0.64109 47.3634 5.04009 
0.0895889 0.288808 36.666 3.75443 
0.169852 0.776652 44.0454 4.242 
0.101664 0.214372 34.134 4.43987 
0.0989811 0.36032 42.6039 4.7473 
0.151718 0.461421 42.3057 4.7674 
0.0950878 0.276034 46.2735 4.90533 
0.0954382 0.459073 44.3796 4.86802 
0.18245 0.580562 35.1983 3.91818 
0.133706 0.356929 39.6318 3.88656 
0.196991 0.415956 37.5368 4.28917 
0.160634 0.721667 38.6749 3.75052 
0.129336 0.463992 50.7799 5.85655 
0.100194 0.286273 40.0309 4.45368 
0.128959 0.695398 41.1475 4.10353 
0.170092 0.627299 42.79 4.78896 
0.0975543 0.408863 47.7781 5.0165 
0.193887 0.687494 37.9442 3.59329 
0.122534 0.280011 33.6343 3.95246 
0.118579 0.488121 44.8374 4.24553 
0.0988622 0.251997 44.585 5.23995 
0.103289 0.211338 42.1061 4.6212 
0.0839128 0.440305 39.096 4.53208 
0.158919 0.315181 45.4114 4.6141 
0.0799602 0.360814 43.9028 4.59512 
0.111873 0.264109 35.1028 3.72052 
0.151602 0.26919 38.0511 4.80081 
0.154198 0.280861 39.2758 4.2448 
0.0628837 0.34792 39.8497 4.51567 
0.129996 0.389321 39.6304 4.68248 
0.127396 0.307653 44.2238 4.29596 
0.129686 0.57655 38.7692 4.12106 
0.0975967 0.34531 44.5831 4.71331 
0.120479 0.368157 45.2499 4.34391 
0.123404 0.359214 47.1244 5.56453 
0.147086 0.385702 56.6034 5.8019 
0.0995858 0.243829 33.7186 4.30394 
0.124021 0.705632 43.1801 4.93076 
0.150546 0.49415 49.3075 5.62814 
0.0818557 0.500243 40.8546 4.41755 
0.153169 0.298729 35.8243 3.89049 
0.147932 0.302979 43.0353 5.05616 
0.0751193 0.349341 43.2641 4.80477 
0.0987812 0.301657 41.3682 4.24267 
0.100965 0.395152 34.532 4.26373 
0.0852862 0.299592 34.6679 3.90162 
0.108213 0.526246 44.9235 4.07425 
0.113103 0.317731 47.6042 5.10819 
0.108195 0.333807 41.0476 4.7811 
0.200603 0.412585 45.5097 4.83517 
0.115221 0.344668 47.9098 5.51642 
0.0797824 0.360286 38.93 4.18304 
0.0911465 0.391735 35.3821 3.95067 
0.124443 0.28955 41.3555 4.46789 
0.124337 0.384319 32.9374 3.42643 
0.190479 0.449261 34.5261 4.04738 
0.103666 0.44846 35.8658 3.8544 
0.13583 0.422581 50.5551 5.01865 
0.175994 0.624421 42.6353 4.47507 
0.0837983 0.325759 41.8105 5.00972 
0.144179 0.267998 39.9052 4.24719 
0.161907 0.410336 45.7953 4.86451 
0.150813 0.341289 34.6674 3.83369 
0.100458 0.424682 55.3613 5.76682 
0.140528 0.419675 37.1326 4.49644 
0.0773097 0.31629 49.014 5.45602 
0.151123 0.638324 46.9817 4.75625 
0.171985 0.440231 38.0472 3.80297 
0.141046 0.501031 54.1661 5.41018 
0.171429 0.579423 38.0342 3.67921 
0.118355 0.335997 43.3929 4.7351 
0.17585 0.473497 35.8677 3.62338 
0.156373 0.50213 51.7683 5.74012 
0.0986664 0.479633 32.0444 3.819 
0.147994 0.478737 47.2752 5.12452 
0.0931886 0.212454 36.4705 4.54679 
0.136115 0.367581 40.8612 4.07449 
0.144769 0.424056 36.2692 3.86609 
0.1679 0.456504 42.599 4.80952 
0.110172 0.351988 45.4471 4.67279 
0.111013 0.411996 35.1714 3.9142 
0.104636 0.308393 45.3162 4.826 
0.111359 0.52611 41.1923 3.8683 
0.0823183 0.373527 39.7156 4.27443 
0.194284 0.505219 48.0508 5.12577 
0.128297 0.441106 44.8031 5.17364 
0.120756 0.498336 35.2405 3.51276 
0.180152 0.526579 39.1061 3.9403 
0.0716416 0.375019 38.2688 3.89937 
0.171381 0.29781 39.174 4.0731 
0.0955045 0.28304 34.0807 3.93165 
0.173622 0.467699 39.535 4.20288 
0.124639 0.426433 45.158 5.31948 
0.134894 0.495965 54.973 6.38322 
0.110895 0.710725 44.969 4.58461 
0.0840947 0.497018 41.8562 4.33327 
0.125399 0.537645 34.3519 4.04979 
0.151424 0.367724 47.5424 4.83358 
0.122617 0.420371 35.0784 4.20814 
0.175958 0.413936 45.4665 4.66639 
0.156617 0.315457 42.1018 4.5375 
0.179287 0.313421 47.7038 5.10914 
0.152617 0.501074 52.4213 5.74069 
0.152576 0.389318 46.2003 4.61247 
0.114242 0.557043 36.2964 4.15064 
0.186054 0.448572 44.2041 4.37034 
0.11117 0.412838 36.6146 4.45023 
0.131797 0.371 41.8004 4.9686 
0.120132 0.338381 41.1831 4.72637 
0.186531 0.317821 47.4029 4.97615 
0.126884 0.217962 37.1379 4.2676 
0.122353 0.521923 53.0438 5.44791 
0.14498 0.397237 38.4047 3.92236 
0.16378 0.566368 39.3593 4.08312 
0.107261 0.66044 37.3435 4.24122 
0.140835 0.35144 43.5845 4.80178 
0.086025 0.475524 35.6669 4.06612 
0.072404 0.288995 41.3986 4.82024 
0.120057 0.225064 38.6148 4.20503 
0.108829 0.330027 48.0177 5.08592 
0.137635 0.358021 48.6438 5.24388 
0.0783914 0.38612 42.4765 4.5161 
0.111077 0.400205 42.0052 4.84918 
0.097356 0.39268 37.4913 4.24451 
0.130213 0.583434 37.6724 3.79743 
0.179585 0.579528 40.6159 4.34918 
0.159591 0.441142 37.9361 4.24865 
0.150316 0.492989 46.5224 5.2784 
0.13696 0.445927 38.9686 4.44107 
0.0890906 0.4811 35.4665 4.22024 
0.108167 0.488771 37.95 3.9445 
0.131113 0.414494 48.6457 5.12299 
0.118272 0.544895 45.3043 4.88381 
0.122369 0.413265 41.4976 4.34394 
0.153068 0.597112 36.5752 4.05776 
0.0829234 0.387651 42.769 4.73116 
0.161347 0.544992 50.9936 5.61349 
0.112815 0.408282 38.1485 4.32617 
0.123745 0.590138 38.6056 3.96879 
0.150006 0.528775 43.0041 4.74428 
0.0849944 0.491136 38.9676 3.72858 
0.149202 0.558814 43.2035 4.42262 
0.183758 0.360758 37.0297 4.03786 
0.102705 0.528151 34.7344 3.77222 
0.158849 0.401831 41.849 4.24511 
0.0877169 0.461723 43.2064 4.59299 
0.147196 0.384512 40.4848 4.15871 
0.100533 0.216007 44.3051 5.35782 
0.127307 0.323654 44.0523 5.0447 
0.167131 0.42851 44.0135 4.39794 
0.105742 0.509573 42.9447 4.36129 
0.150428 0.444491 41.8939 4.57097 
0.132694 0.453829 37.8341 3.88749 
0.159328 0.429834 34.6492 3.98343 
0.118525 0.415062 37.0519 4.49726 
0.153292 0.580131 41.6006 4.2042 
0.0852013 0.287566 37.2016 4.19788 
0.1743 0.396816 40.132 4.34692 
0.131245 0.417315 42.7392 4.41265 
0.111619 0.326457 37.178 4.12327 
0.148824 0.560579 37.8487 3.63831 
0.117895 0.375975 42.6298 4.93449 
0.176596 0.530922 38.1455 3.97733 
0.178759 0.461464 42.88 4.24321 
0.115566 0.31937 41.2755 4.92572 
0.127775 0.443276 44.5194 4.82286 
0.158604 0.517266 38.195 4.40032 
0.128837 0.546654 36.7391 3.81923 
0.155068 0.493112 39.647 4.39814 
0.121363 0.391348 42.4439 4.82978 
0.135114 0.413936 38.4702 4.2779 
0.107732 0.571995 44.6992 4.93891 
0.10847 0.354032 40.4251 4.3546 
