-inf
-inf
-inf
-inf
-inf
-inf
-inf
-inf
-inf
-inf
-inf
-inf
-inf
-inf
-inf
-inf
-inf
-inf
-inf
-inf
-742372
-601739
-468323
-302250
-220884
-218217
-213945
-172386
-156598
-144948
-129989
-118759
-117570
-109773
-98117.8
-94010.3
-81519.8
-74737.4
-69348
-64824.3
-61333.6
-55275.6
-48838
-45659.6
-43604.6
-40344.7
-34014.3
-32100.4
-27320.8
-20972.9
-19876.2
-18508.3
-18419
-17855.6
-15964.5
-15403.6
-15134.3
-15105.9
-14456.8
-13608.2
-12951.4
-12248.6
-11326.1
-9676.36
-8891.85
-8484.6
-8158.65
-7664.3
-7612.11
-7360.12
-7355.67
-6986.07
-6963.55
-6772.95
-6772.94
-6772.89
-6772.87
-6772.87
-6772.87
-6772.86
-6772.86
-6772.86
-6772.86
-6772.86
-6772.86
-6772.86
-6772.86
-6772.86
-6772.86
-6772.86
-6772.86
-6772.86
-6772.86
-6772.86
-6772.86
-6772.86
-6772.86
-6772.86
-6772.86
-6772.86
-6772.86
-6772.86
-6772.86
-6772.86
-6772.86
-6772.84
-6772.83
-6772.79
-6772.58
-6772.58
-6772.44
-6772.32
-6771.82
-6771.68
-6771.47
-6771.44
-6771.21
-6771.02
-6770.8
-6769.82
-6769
-6768.02
-6767.01
-6765.95
-6765.31
-6763.81
-6762.6
-6759.01
-6757.58
-6745.82
-6744.78
-6743.94
-6742.8
-6739.24
-6737.53
-6737.17
-6736.95
-6736.93
-6736.81
-6735.06
-6732.3
-6725.34
-6721.41
-6720.86
-6720.54
-6720.03
-6704.22
-6703.04
-6694.84
-6693.57
-6685.62
-6678.18
-6670.81
-6669.19
-6666.77
-6656.9
-6655.45
-6641.58
-6637.28
-6636.48
-6626.51
-6617.19
-6614.69
-6603.8
-6597.04
-6591.38
-6589.25
-6588.7
-6583.24
-6579.63
-6570.69
-6567.23
-6562.73
-6557.05
-6555.39
-6546.92
-6541.99
-6541.05
-6540.34
-6538.04
-6537.59
-6536.08
-6526.13
-6525.25
-6518.74
-6517.01
-6515.65
-6512.51
-6512.48
-6511.4
-6503.92
-6500.1
-6494.67
-6492.42
-6488.56
-6474.71
-6461.66
-6460.42
-6455.65
-6455.58
-6453.56
-6453.18
-6445.95
-6445.26
-6443.88
-6439.63
-6437.67
-6437.07
-6431.34
-6429
-6423.46
-6420.65
-6408.33
-6405.05
-6401.64
-6389.28
-6388.19
-6383.92
-6379.36
-6373.86
-6369.35
-6360.72
-6351.87
-6350.35
-6348.46
-6348.22
-6348.06
-6347.81
-6345.91
-6343.73
-6338.45
-6337.66
-6337.28
-6334.24
-6317.83
-6317.1
-6316.92
-6316.17
-6314.85
-6308.51
-6305.9
-6296.57
-6296.48
-6281.91
-6268.14
-6260.41
-6256
-6253.98
-6250
-6249.59
-6247.72
-6247.01
-6245.95
-6242.34
-6237.73
-6235.39
-6235.29
-6232.96
-6230.33
-6217.17
-6215.38
-6213.48
-6211.64
-6208.11
-6199.9
-6198.28
-6184.64
-6183.83
-6183.83
-6180.66
-6167.54
-6164.54
-6162.28
-6158.3
-6150.27
-6149.7
-6146.33
-6140.01
-6137.46
-6132.28
-6131.96
-6131.03
-6130.54
-6119.34
-6105.83
-6104.4
-6104.17
-6101.94
-6090.5
-6088.74
-6087.55
-6085.17
-6084.33
-6066.78
-6065.92
-6065.63
-6059.98
-6042.03
-6040
-6038.65
-6036.77
-6036.01
-6034.71
-6030.65
-6022.64
-6021.83
-6018.42
-6016.16
-6011.28
-6005.49
-5998.47
-5996.41
-5989.38
-5986.3
-5984.23
-5979.07
-5978.44
-5978.09
-5976.18
-5974.6
-5974.44
-5973.95
-5970.59
-5963.81
-5963.39
-5961.57
-5958.33
-5950.98
-5946.07
-5935.21
-5921.7
-5918.94
-5918.74
-5916.54
-5915.42
-5910.07
-5905.79
-5904.1
-5896.21
-5887.46
-5878.59
-5872.04
-5867.94
-5859.5
-5854.84
-5848.5
-5847.91
-5843.09
-5838.63
-5833.03
-5832.97
-5832.02
-5825.27
-5821.52
-5819.19
-5815.66
-5813.85
-5805.76
-5804.25
-5798.29
-5798.12
-5792
-5787.91
-5783.25
-5776.8
-5756.16
-5755.76
-5752.43
-5745.24
-5743.69
-5735.45
-5735.09
-5734.35
-5722.14
-5719.94
-5715.28
-5710.62
-5700.26
-5698.5
-5695.55
-5690.85
-5689
-5686.69
-5686.04
-5676.68
-5674.57
-5674.1
-5670.79
-5670.7
-5669
-5668
-5659.66
-5644.62
-5635.44
-5633.84
-5626.95
-5625.42
-5622.88
-5619.17
-5611.03
-5603.14
-5599.25
-5599.05
-5589.83
-5589.41
-5582.54
-5582
-5578.58
-5566.25
-5561.84
-5561.56
-5560.66
-5555.59
-5552.89
-5545.27
-5545.17
-5544.49
-5540.01
-5538.38
-5527.88
-5504.33
-5499.73
-5494.61
-5490.5
-5482.95
-5481.15
-5481.13
-5479.64
-5474.76
-5471.64
-5469.93
-5469.67
-5466.21
-5460.17
-5421.11
-5417.1
-5412.54
-5410.06
-5379.34
-5373.59
-5373.21
-5368.94
-5368.55
-5345.64
-5336.45
-5333.8
-5321.07
-5312.45
-5307.35
-5288.14
-5279.02
-5271.04
-5258.88
-5248.94
-5245.6
-5237.24
-5237.17
-5236.06
-5232.3
-5228.36
-5228.2
-5223.24
-5220.62
-5215.26
-5207.87
-5207.4
-5207.38
-5196.98
-5196.94
-5189.39
-5185.6
-5180.89
-5174.58
-5164.62
-5160.56
-5159.53
-5154.18
-5151.66
-5145.21
-5123.75
-5120.36
-5111.84
-5100.48
-5100.38
-5098.11
-5097.29
-5089.36
-5077.46
-5076.82
-5074.73
-5070.37
-5069.87
-5054.65
-5052.61
-5045.87
-5043.6
-5036.68
-5034.91
-5025.43
-5020.26
-5011.06
-4997.2
-4997.03
-4991.93
-4978.03
-4963.98
-4963.37
-4957.86
-4957.65
-4955.55
-4953.12
-4948.15
-4940.92
-4938.85
-4934.98
-4933.37
-4930.59
-4925.97
-4921.09
-4918.84
-4913.5
-4904.38
-4889.93
-4855.86
-4855.78
-4854.83
-4848.29
-4847.13
-4840.98
-4828.2
-4802.76
-4792.67
-4789.47
-4783.17
-4782
-4779.64
-4771.5
-4761.4
-4760.83
-4752.2
-4748.47
-4741.67
-4738.14
-4737.34
-4723.03
-4718.73
-4717.39
-4713.1
-4699.73
-4695.83
-4684.84
-4681.19
-4657.4
-4654.38
-4649.77
-4634.89
-4629.35
-4622.51
-4612.59
-4608.31
-4607.44
-4602.76
-4597.72
-4579.19
-4574.58
-4569.22
-4558.5
-4557.4
-4550.66
-4541.1
-4538.46
-4523.01
-4514.98
-4514.97
-4514.7
-4480.23
-4457.03
-4455.65
-4437.27
-4435.2
-4421.67
-4414.43
-4392.28
-4390.46
-4386.26
-4370.96
-4356.36
-4349.88
-4346.47
-4346.2
-4344.33
-4340.11
-4329.41
-4325.65
-4325.39
-4323.13
-4318.49
-4317.22
-4316.84
-4307.96
-4300.06
-4278.02
-4269.04
-4268.9
-4268.2
-4258.1
-4257.33
-4238.34
-4238.24
-4234.64
-4231.54
-4231.46
-4231.19
-4231.12
-4218.72
-4206.7
-4203.49
-4196.26
-4187.66
-4184.93
-4184.37
-4182.17
-4179.03
-4176.17
-4174.41
-4170.18
-4167.72
-4162.7
-4151.38
-4145.01
-4144.42
-4141.47
-4117.59
-4113.92
-4094.29
-4081.82
-4080.97
-4075.85
-4070.16
-4064.49
-4062.5
-4061.2
-4057.83
-4054.1
-4047.92
-4036.55
-4035.4
-4026.01
-4019.49
-4015.75
-4012.53
-3999.35
-3997.35
-3995.66
-3993.88
-3992.68
-3981.08
-3980.85
-3977.45
-3964.44
-3954.03
-3948.24
-3941.17
-3936.12
-3920.71
-3917.05
-3901.41
-3893.45
-3889.45
-3887.07
-3874.57
-3867.95
-3866.29
-3865.88
-3841.25
-3837.26
-3832.8
-3829.15
-3828.64
-3817.48
-3808.49
-3803.67
-3799.93
-3791.49
-3788.48
-3786.14
-3772.98
-3772.01
-3766.93
-3762.6
-3757.68
-3755.55
-3740.24
-3735.93
-3712.34
-3707.68
-3690.92
-3676.11
-3668.16
-3666.68
-3648.98
-3638.97
-3637.19
-3634.27
-3633.02
-3625.79
-3602.94
-3600.95
-3596.17
-3590.76
-3586.22
-3576.79
-3575.37
-3567.21
-3562.29
-3552.91
-3547.16
-3545.44
-3543.78
-3540.57
-3534.44
-3527.6
-3509.04
-3484.38
-3476.54
-3472.01
-3449.6
-3446.59
-3445.65
-3438.44
-3435.4
-3425.27
-3422.09
-3404.02
-3402.72
-3399.91
-3398.51
-3397.79
-3391.47
-3380.38
-3372.89
-3366.82
-3358.72
-3353.84
-3350.27
-3344.33
-3343.43
-3339.42
-3331.45
-3329.56
-3320.2
-3316.49
-3315.7
-3314.77
-3314.22
-3314.2
-3311.73
-3310.66
-3305.72
-3296.27
-3294.24
-3286
-3277.44
-3275.74
-3272.94
-3265.09
-3249.14
-3248.08
-3244.06
-3240.58
-3232.61
-3223.51
-3216.83
-3190.35
-3186.16
-3185.96
-3177.01
-3177.01
-3174.33
-3172.19
-3167.78
-3163.1
-3162.69
-3156.71
-3150.37
-3150.09
-3149.07
-3145.49
-3142.49
-3139.66
-3134.57
-3132.22
-3129.69
-3129.67
-3122.38
-3120.9
-3117.39
-3105.04
-3099.06
-3093.5
-3091.91
-3089.2
-3087.46
-3084.63
-3075.78
-3074.01
-3064.69
-3064.34
-3064.14
-3060.91
-3059.25
-3056.59
-3050.41
-3049.6
-3048.68
-3046.89
-3043.74
-3036.58
-3035.86
-3015.24
-2995.95
-2992.49
-2975.91
-2970.95
-2963.64
-2963.08
-2940.01
-2938
-2934.57
-2930.86
-2924.37
-2920.67
-2913.88
-2912.61
-2908.91
-2907.56
-2906.5
-2902.58
-2897.17
-2893.94
-2893.26
-2887.3
-2882.83
-2871.24
-2868.09
-2867.07
-2856.01
-2854.76
-2854.1
-2848.1
-2846.41
-2842.18
-2839.69
-2839.35
-2828.17
-2828.1
-2826.95
-2816.77
-2815.08
-2814.95
-2806.69
-2796.48
-2791.16
-2789.41
-2788.86
-2787.34
-2785.21
-2784.25
-2778.3
-2767.98
-2763.57
-2760.99
-2754.84
-2754.21
-2751.06
-2750.24
-2748.43
-2745.72
-2745.5
-2744.91
-2744.71
-2743.53
-2737.41
-2731.38
-2727.18
-2723.32
-2716.14
-2715.66
-2697.17
-2687.09
-2684.56
-2676.57
-2676.47
-2664.46
-2662.12
-2654.79
-2653.13
-2649.39
-2648.64
-2646.24
-2632.55
-2631.77
-2628.69
-2627.06
-2625.78
-2624
-2618.94
-2618.23
-2613.99
-2604.83
-2601.28
-2601.07
-2598.66
-2594.87
-2588.37
-2588.25
-2587.62
-2583.23
-2579.25
-2569.85
-2564.79
-2564.31
-2563.97
-2560.76
-2554.82
-2550.32
-2547.81
-2534.19
-2531.93
-2531.67
-2528.98
-2519.02
-2516.57
-2511.51
-2508.98
-2508.05
-2505.72
-2499.67
-2491.53
-2488.98
-2488.88
-2487.24
-2483.16
-2478.37
-2473.74
-2471.6
-2469.13
-2465.72
-2464.43
-2460.83
-2457.11
-2455.22
-2454.34
-2454.21
-2453.87
-2453.28
-2452.89
-2448.89
-2444.38
-2440.52
-2440.33
-2436.37
-2433.25
-2432.62
-2432.08
-2429.11
-2426.72
-2425.51
-2416.07
-2404.82
-2401.05
-2400.13
-2397.02
-2392.56
-2384.13
-2383.71
-2379.98
-2372.78
-2369.96
-2362.72
-2358.35
-2357.66
-2356.56
-2355.87
-2355.19
-2354.12
-2350.62
-2348.45
-2348.26
-2336.16
-2335.12
-2334.79
-2327.96
-2326.25
-2319.89
-2318.92
-2315.85
-2314.36
-2312.17
-2308.33
-2307
-2302.99
-2301.16
-2298.87
-2298.67
-2297.29
-2292.48
-2287.43
-2284.64
-2280.87
-2279.97
-2279.31
-2279.18
-2277.95
-2276.82
-2276.18
-2275.28
-2271.31
-2268.51
-2265.79
-2263.24
-2262.48
-2261.39
-2259.84
-2259.15
-2252.44
-2250.97
-2248.29
-2242.83
-2241.81
-2236.39
-2236.31
-2232.81
-2231.8
-2231.22
-2228.33
-2225.55
-2222.69
-2218.01
-2207.54
-2207.47
-2202.84
-2197.71
-2194.56
-2192.17
-2185.01
-2184.29
-2183.91
-2179.26
-2178.02
-2177.69
-2164.25
-2160.24
-2155.63
-2153.85
-2153.69
-2149.73
-2134.24
-2133.82
-2130
-2129.15
-2122.76
-2117.18
-2104.59
-2101.09
-2098.67
-2093.76
-2093.3
-2091.33
-2086.65
-2084.51
-2081.46
-2080.18
-2079.77
-2077.77
-2073.76
-2072.26
-2067.3
-2064.54
-2062.5
-2058.66
-2057.59
-2056.06
-2053.47
-2052.6
-2049.53
-2048.74
-2047.13
-2043.99
-2043.62
-2042.85
-2037.53
-2034.82
-2023.23
-2017.74
-2017.52
-2006.64
-2003.42
-2001.45
-2001.26
-2000.9
-1995.04
-1991.86
-1988.71
-1984.46
-1983.4
-1980.9
-1975.98
-1973.83
-1971.88
-1971.18
-1970.22
-1969.82
-1955.91
-1955.82
-1952.63
-1947.02
-1938.77
-1936.84
-1936.69
-1934.92
-1930.94
-1930.34
-1930.02
-1928.51
-1927.76
-1927.39
-1925.61
-1924.37
-1924.14
-1923.13
-1918.34
-1916.07
-1915.54
-1909.08
-1906.61
-1903.54
-1902.65
-1899.69
-1899.27
-1896.34
-1895.16
-1891.51
-1886.2
-1886.13
-1884.6
-1884.3
-1878.79
-1875.2
-1861.88
-1859.8
-1857.72
-1857.67
-1851.86
-1847.59
-1842.43
-1839.65
-1839.65
-1833.53
-1827.8
-1825.98
-1825.31
-1823.45
-1823.29
-1818.21
-1815.54
-1815.2
-1814.3
-1809.04
-1808.17
-1804.28
-1802.64
-1802.5
-1799.04
-1798.29
-1795.81
-1791.18
-1788.45
-1783.43
-1781.14
-1778.24
-1775.09
-1769.78
-1768.66
-1767.62
-1762.79
-1762.12
-1759.88
-1759.09
-1758.83
-1758.41
-1757.73
-1755.37
-1755.27
-1752.46
-1751.47
-1750.07
-1748.91
-1747.54
-1737.44
-1736.48
-1730.61
-1723.92
-1722.26
-1720.57
-1718.94
-1716.26
-1709.78
-1709.51
-1702.15
-1700.8
-1696.4
-1695.2
-1691.43
-1689.93
-1682.35
-1679.54
-1678.8
-1676.84
-1670.89
-1670.74
-1667.05
-1654.34
-1652.17
-1643.69
-1643.3
-1643.12
-1642
-1641.74
-1641.3
-1637.49
-1636.71
-1634.54
-1627.46
-1625.73
-1621.32
-1620.77
-1620.75
-1617.5
-1616.98
-1613.84
-1613.53
-1606.27
-1602.76
-1601.74
-1601.37
-1596.62
-1592.52
-1590.81
-1589.37
-1584.95
-1583.55
-1581.38
-1580.89
-1578.19
-1577.25
-1565.23
-1557.71
-1555.8
-1555.12
-1555.09
-1548.22
-1545.12
-1542.03
-1536.83
-1532.7
-1531.23
-1530.69
-1529.56
-1528.61
-1527.62
-1527.1
-1526.77
-1524.96
-1519.79
-1519.21
-1518.42
-1514.92
-1514.26
-1513.23
-1504.55
-1504.33
-1502.7
-1502.46
-1501.76
-1498.94
-1497.09
-1494.32
-1492.42
-1490.93
-1490.89
-1488.13
-1487.68
-1485.39
-1482.69
-1481.29
-1480.22
-1478.96
-1478.23
-1476.63
-1476.18
-1476.01
-1475.16
-1474.13
-1471.91
-1471.5
-1471.48
-1471.19
-1470.62
-1469.88
-1467.52
-1464.36
-1464.16
-1459.02
-1458.44
-1458.12
-1456.8
-1446.66
-1445.53
-1441.89
-1435.16
-1435.16
-1431.21
-1430.26
-1426.22
-1424.89
-1423.32
-1421.51
-1419.09
-1418.45
-1418.22
-1415.64
-1414.66
-1414.15
-1412.51
-1410.73
-1408.79
-1407.4
-1403.99
-1400.38
-1396.47
-1396.46
-1396.42
-1394.52
-1392.13
-1387.41
-1385.43
-1385.26
-1384.89
-1384.04
-1382.89
-1382.13
-1381.68
-1380.92
-1379.9
-1378.34
-1377.02
-1374.73
-1371.35
-1369.77
-1366.99
-1360.61
-1358.6
-1358.22
-1356.96
-1355.01
-1352.01
-1350.48
-1350.47
-1345.96
-1345.5
-1343.41
-1340.1
-1339.58
-1338.99
-1336.16
-1336.1
-1335.3
-1330.78
-1328.48
-1326.51
-1326.27
-1326.16
-1325.6
-1325.53
-1323.15
-1320.75
-1317.97
-1317.88
-1317.1
-1317.06
-1313.22
-1312.59
-1311.07
-1310.09
-1309.1
-1307.93
-1304.41
-1302.43
-1301.79
-1301.25
-1300.19
-1298.96
-1298.23
-1297.87
-1296.52
-1295.63
-1294.34
-1293.85
-1292.09
-1291.15
-1290.65
-1290.3
-1290.12
-1290.12
-1290.09
-1288.67
-1288.09
-1286.77
-1286.43
-1285.4
-1284.84
-1284.55
-1284.32
-1281.92
-1279.88
-1279.27
-1279.06
-1278.03
-1277.65
-1275.96
-1274.7
-1274.47
-1273.75
-1268.12
-1266.79
-1266.35
-1265.6
-1264.93
-1264.49
-1260.69
-1257.46
-1253.33
-1250.38
-1249.22
-1247.46
-1246.31
-1244.28
-1242.11
-1238.68
-1237.26
-1237.02
-1236.81
-1235.98
-1235.13
-1233.8
-1232.59
-1232.19
-1231.75
-1231.22
-1229.33
-1228.84
-1228.37
-1227.77
-1227.18
-1226.79
-1226.71
-1224.44
-1224.31
-1223.52
-1223.27
-1222.84
-1222.19
-1221.53
-1221.05
-1220.46
-1219.55
-1219.31
-1218.95
-1218.89
-1217.69
-1212.15
-1210.66
-1210.18
-1209.33
-1207.65
-1206.82
-1206.58
-1206.25
-1205.28
-1204.97
-1203.11
-1202.54
-1200.22
-1200.15
-1198.02
-1196.99
-1196.73
-1194.51
-1194.22
-1193.8
-1193.7
-1193.64
-1188.11
-1186.51
-1186.33
-1186.15
-1182.82
-1182.09
-1181.58
-1179.84
-1179.61
-1177.85
-1177.31
-1173.17
-1172.14
-1172.13
-1170.9
-1169.95
-1169.11
-1168.39
-1167.4
-1167.38
-1166.7
-1166.32
-1165.46
-1164.42
-1163.85
-1163.83
-1163.73
-1162.91
-1162.91
-1162.1
-1160.73
-1159.35
-1158.68
-1155.78
-1154.72
-1149.82
-1148.37
-1148.12
-1147.2
-1146.25
-1146.17
-1144.21
-1143
-1141.1
-1140.68
-1138.57
-1137.25
-1136.95
-1136.79
-1136.19
-1135.65
-1135.19
-1134.73
-1134.57
-1134.48
-1133.54
-1132.56
-1132.55
-1131.65
-1130
-1129.18
-1127.1
-1127.05
-1127.02
-1126.31
-1126.15
-1125.34
-1125.24
-1124.39
-1124.37
-1123.75
-1123.54
-1121.68
-1120.99
-1120.34
-1119.3
-1119.09
-1118.32
-1117.94
-1116.61
-1115.99
-1114.72
-1114.24
-1114.01
-1113.39
-1112.25
-1111.88
-1111.76
-1111.44
-1111.32
-1111.25
-1110.96
-1109.31
-1108.67
-1107.44
-1105.42
-1105.09
-1103.85
-1103.6
-1103.46
-1103.36
-1102.76
-1101.89
-1101.86
-1099.86
-1099.7
-1098.97
-1098.41
-1098.13
-1097.8
-1097.68
-1096.45
-1095.49
-1094.94
-1094.16
-1094.04
-1092.68
-1092.38
-1092.24
-1089.46
-1089.38
-1088.93
-1088.3
-1087.59
-1087.27
-1085.89
-1085.53
-1084.67
-1083.3
-1083.06
-1082.93
-1082.23
-1081.88
-1080.09
-1077.38
-1076.98
-1075.03
-1074.81
-1074.55
-1074.47
-1074.02
-1073.36
-1073.1
-1072.49
-1071.7
-1071.68
-1071.62
-1070.04
-1069.85
-1069.12
-1069.04
-1068.76
-1068.75
-1064.98
-1064.44
-1063.67
-1063.19
-1062.52
-1062.31
-1061.8
-1061.23
-1060.64
-1060.28
-1059.53
-1059.28
-1058.75
-1058.25
-1058.24
-1057.63
-1057.55
-1056.9
-1055.81
-1055.42
-1055.28
-1054.8
-1054.71
-1054.54
-1053.33
-1052.82
-1050.83
-1050.82
-1050.56
-1049.64
-1049.44
-1049.19
-1048.89
-1046.62
-1044.94
-1044.44
-1044.25
-1043.43
-1043.07
-1042.27
-1041.82
-1041.7
-1040.22
-1040.18
-1038.67
-1037.89
-1037.18
-1036.89
-1036.59
-1036.35
-1036.34
-1036.04
-1035.4
-1034.97
-1034.8
-1034.18
-1034.09
-1033.97
-1033.43
-1033.39
-1032.99
-1031.84
-1031.6
-1031.06
-1030.32
-1029.72
-1029.65
-1029.39
-1029.1
-1029.01
-1028.09
-1027.71
-1027.19
-1027.13
-1026.79
-1026.7
-1026.56
-1026.26
-1026.1
-1025.93
-1025.75
-1025.51
-1025.47
-1024.94
-1024.69
-1024.54
-1024.17
-1023.95
-1023.39
-1022.82
-1022.41
-1021.54
-1021.52
-1020.75
-1020.02
-1019.67
-1019.5
-1019.34
-1019.18
-1018.34
-1018.27
-1018.12
-1017.87
-1017.7
-1017.35
-1016.92
-1016.81
-1016.38
-1015.56
-1015.47
-1015.01
-1013.67
-1012.51
-1012.4
-1012.29
-1012.25
-1011.04
-1010.85
-1010.78
-1010.74
-1009.89
-1008.8
-1008.47
-1008.42
-1008.17
-1008.13
-1005.5
-1005.03
-1004.68
-1004.67
-1003.75
-1003.47
-1002.27
-1002.19
-1002.18
-1002
-1001.65
-1001.22
-1001.08
-999.326
-998.249
-998.049
-997.681
-997.471
-997.397
-997.176
-997.168
-996.845
-996.593
-996.47
-996.185
-996.096
-996.092
-996.046
-995.842
-995.758
-995.544
-994.744
-994.342
-994.055
-993.664
-993.532
-993.424
-993.387
-993.36
-993.109
-992.733
-992.556
-992.444
-991.958
-991.369
-991.312
-991.143
-991.091
-991.02
-990.344
-990.266
-989.516
-989.438
-988.619
-988.327
-987.091
-986.464
-986.184
-984.764
-984.666
-983.645
-983.267
-983.132
-982.568
-982.347
-981.89
-981.821
-981.747
-979.841
-979.821
-979.792
-979.283
-979.081
-978.96
-978.872
-978.642
-978.547
-977.989
-977.673
-977.67
-977.499
-977.401
-977.159
-977.093
-976.447
-976.409
-976.355
-976.231
-976.018
-975.051
-974.433
-974.009
-973.427
-973.137
-972.44
-971.703
-971.634
-971.496
-971.145
-971.088
-971.06
-970.83
-970.323
-969.844
-969.788
-969.37
-969.162
-968.531
-968.462
-968.039
-966.969
-966.823
-966.68
-965.839
-965.3
-965.121
-965.027
-964.42
-964.406
-964.043
-963.361
-963.179
-962.987
-962.397
-962.301
-962.235
-962.172
-962.018
-961.797
-961.778
-961.649
-961.487
-961.319
-961.286
-961.189
-961.083
-961.03
-960.713
-960.384
-960.236
-960.095
-960.08
-959.808
-959.651
-959.398
-958.887
-958.846
-958.803
-958.775
-958.441
-958.427
-957.794
-957.537
-957.3
-957.147
-956.906
-956.824
-956.478
-956.372
-955.594
-954.971
-954.669
-954.609
-954.527
-954.406
-954.258
-954.138
-954.088
-953.986
-953.712
-953.397
-953.396
-953.217
-952.782
-952.716
-952.711
-952.579
-952.334
-952.269
-952.165
-951.798
-951.667
-951.59
-950.863
-950.56
-950.316
-950.241
-950.146
-950.057
-949.85
-949.809
-949.704
-948.631
-948.497
-948.369
-948.06
-947.963
-947.844
-947.746
-947.722
-947.669
-947.638
-946.971
-946.815
-946.429
-945.832
-945.33
-945.263
-945.138
-945.129
-944.865
-944.8
-944.764
-944.762
-944.738
-944.632
-944.505
-944.105
-944.094
-943.903
-943.705
-943.624
-943.598
-943.433
-943.39
-942.969
-942.94
-942.464
-942.46
-942.274
-942.072
-941.984
-941.939
-941.85
-941.564
-941.501
-941.197
-941.121
-941.025
-940.883
-940.832
-940.645
-940.46
-940.404
-940.349
-940.344
-940.232
-940.212
-940.057
-940.048
-939.893
-939.658
-939.476
-939.39
-939.138
-939.136
-939.014
-938.732
-938.649
-938.437
-938.161
-938.129
-937.974
-937.871
-937.535
-937.277
-937.165
-936.972
-936.744
-936.673
-936.535
-936.126
-936.005
-935.727
-935.577
-935.295
-935.143
-935.057
-934.892
-934.793
-934.686
-934.5
-934.448
-934.377
-934.23
-933.743
-933.618
-933.601
-933.349
-932.978
-932.854
-932.832
-932.812
-932.768
-932.69
-932.606
-932.322
-932.306
-931.91
-931.884
-931.659
-931.563
-931.312
-931.31
-931.124
-931.089
-931.012
-930.42
-930.374
-930.148
-929.911
-929.496
-929.412
-929.295
-929.106
-928.96
-928.803
-928.677
-928.59
-928.396
-928.293
-928.176
-928.041
-927.971
-927.955
-927.399
-927.263
-927.06
-927.031
-926.954
-926.905
-926.785
-926.779
-926.732
-926.616
-926.142
-925.967
-925.941
-925.848
-925.663
-925.52
-925.34
-925.221
-925.109
-924.942
-924.817
-924.701
-924.7
-924.592
-924.483
-924.205
-924.2
-923.921
-923.871
-923.391
-923.092
-922.954
-922.894
-922.737
-922.571
-922.497
-922.202
-921.965
-921.879
-921.86
-921.831
-921.701
-921.531
-921.477
-921.166
-920.987
-920.682
-920.674
-920.57
-919.907
-919.813
-919.805
-919.732
-919.527
-919.498
-919.495
-919.415
-919.401
-919.316
-919.27
-919.056
-918.943
-918.938
-918.873
-918.755
-918.33
-918.216
-918.196
-917.652
-917.485
-917.452
-917.429
-917.302
-916.996
-916.645
-916.645
-916.432
-916.382
-916.234
-916.047
-915.903
-915.851
-915.8
-915.749
-915.619
-915.594
-915.593
-915.384
-915.373
-915.277
-915.103
-914.87
-914.601
-914.527
-914.484
-914.155
-913.966
-913.962
-913.755
-913.575
-913.566
-913.26
-913.057
-912.967
-912.777
-912.601
-912.531
-912.457
-912.437
-912.374
-912.36
-912.347
-912.303
-912.289
-912.272
-912.207
-912.169
-912.151
-912.114
-912.04
-912.011
-911.942
-911.623
-911.487
-911.476
-911.409
-910.976
-910.936
-910.822
-910.797
-910.763
-910.759
-910.718
-910.524
-910.386
-910.358
-910.281
-910.255
-910.056
-909.926
-909.803
-909.634
-909.626
-909.42
-909.336
-909.334
-909.061
-908.685
-908.673
-908.618
-908.613
-908.584
-908.546
-908.313
-908.31
-908.264
-908.235
-908.188
-908.116
-908.049
-907.948
-907.666
-907.61
-907.596
-907.315
-907.313
-907.265
-907.248
-907.228
-907.14
-907.136
-906.999
-906.836
-906.801
-906.742
-906.671
-906.557
-906.321
-906.19
-906.05
-905.889
-905.778
-905.725
-905.671
-905.58
-905.449
-905.289
-905.12
-905.043
-904.953
-904.95
-904.649
-904.611
-904.341
-904.279
-904.246
-904.183
-903.962
-903.851
-903.846
-903.839
-903.741
-903.515
-903.487
-903.438
-903.205
-903.174
-903.153
-902.865
-902.823
-902.715
-902.653
-902.49
-902.472
-902.401
-902.282
-902.15
-902.044
-901.974
-901.883
-901.82
-901.725
-901.684
-901.674
-901.641
-901.639
-901.593
-901.496
-901.488
-901.397
-901.231
-901.208
-901.138
-901.107
-901.059
-900.985
-900.789
-900.705
-900.672
-900.557
-900.537
-900.415
-900.294
-900.247
-900.206
-900.201
-900.182
-900.162
-900.083
-900.017
-899.991
-899.818
-899.809
-899.787
-899.762
-899.676
-899.645
-899.516
-899.509
-899.487
-899.477
-899.446
-899.398
-899.344
-899.238
-898.997
-898.919
-898.863
-898.819
-898.798
-898.639
-898.61
-898.61
-898.583
-898.462
-898.266
-898.252
-898.227
-898.197
-897.95
-897.87
-897.854
-897.793
-897.717
-897.675
-897.614
-897.541
-897.464
-897.455
-897.429
-897.284
-897.281
-897.266
-897.203
-897.076
-897.047
-897.04
-896.905
-896.9
-896.786
-896.623
-896.565
-896.552
-896.406
-896.32
-896.215
-896.152
-896.105
-896.104
-895.976
-895.829
-895.714
-895.691
-895.602
-895.567
-895.47
-895.438
-895.337
-895.28
-895.268
-895.258
-895.233
-895.132
-895.107
-895.052
-894.927
-894.88
-894.845
-894.79
-894.761
-894.639
-894.376
-894.347
-894.321
-894.238
-894.118
-894.109
-893.897
-893.53
-893.524
-893.488
-893.469
-893.423
-893.383
-893.269
-893.167
-893.085
-892.952
-892.95
-892.947
-892.85
-892.741
-892.685
-892.592
-892.541
-892.472
-892.466
-892.448
-892.304
-892.208
-892.123
-892.048
-892.045
-892.043
-891.898
-891.714
-891.342
-891.325
-891.283
-891.281
-891.252
-891.233
-891.178
-891.126
-891.108
-891.102
-891.101
-891.099
-891.096
-891.042
-890.961
-890.84
-890.833
-890.766
-890.704
-890.561
-890.476
-890.419
-890.311
-890.265
-890.253
-890.23
-890.09
-890.074
-889.93
-889.92
-889.906
-889.836
-889.788
-889.714
-889.714
-889.712
-889.649
-889.64
-889.615
-889.556
-889.485
-889.401
-889.243
-889.128
-889.037
-888.918
-888.838
-888.651
-888.586
-888.51
-888.427
-888.423
-888.373
-888.35
-888.347
-888.2
-888.143
-888.139
-888.135
-888.086
-887.782
-887.749
-887.652
-887.627
-887.554
-887.543
-887.531
-887.427
-887.401
-887.244
-887.235
-887.218
-887.2
-887.185
-887.163
-887.032
-887.018
-886.899
-886.867
-886.754
-886.627
-886.622
-886.604
-886.584
-886.536
-886.503
-886.425
-886.33
-886.262
-886.148
-886.068
-885.861
-885.781
-885.779
-885.724
-885.701
-885.645
-885.635
-885.603
-885.583
-885.558
-885.542
-885.497
-885.424
-885.275
-885.1
-885.017
-885.01
-884.999
-884.999
-884.827
-884.721
-884.645
-884.644
-884.537
-884.465
-884.317
-884.262
-884.082
-884.048
-884.047
-884.027
-884.026
-883.978
-883.963
-883.88
-883.869
-883.815
-883.784
-883.644
-883.605
-883.564
-883.535
-883.508
-883.492
-883.428
-883.279
-883.123
-882.928
-882.878
-882.878
-882.858
-882.793
-882.78
-882.671
-882.637
-882.601
-882.581
-882.58
-882.525
-882.373
-882.249
-882.172
-882.138
-882.102
-881.925
-881.907
-881.899
-881.856
-881.805
-881.794
-881.793
-881.785
-881.746
-881.644
-881.468
-881.45
-881.432
-881.385
-881.375
-881.367
-881.287
-881.224
-881.216
-881.2
-881.105
-881.089
-881.034
-880.999
-880.922
-880.912
-880.86
-880.859
-880.839
-880.816
-880.792
-880.771
-880.696
-880.608
-880.594
-880.568
-880.564
-880.544
-880.483
-880.472
-880.244
-880.229
-880.224
-880.214
-880.144
-879.992
-879.769
-879.741
-879.646
-879.642
-879.571
-879.57
-879.553
-879.55
-879.549
-879.514
-879.465
-879.434
-879.279
-879.232
-879.204
-879.062
-879.038
-879.031
-878.982
-878.907
-878.847
-878.818
-878.771
-878.669
-878.667
-878.658
-878.487
-878.474
-878.432
-878.3
-878.298
-878.261
-878.259
-878.225
-878.225
-878.195
-878.188
-878.167
-878.161
-878.142
-878.103
-878.092
-877.956
-877.927
-877.923
-877.91
-877.868
-877.818
-877.813
-877.794
-877.77
-877.759
-877.749
-877.748
-877.729
-877.716
-877.644
-877.605
-877.513
-877.5
-877.422
-877.342
-877.324
-877.298
-877.287
-877.262
-877.245
-877.172
-877.138
-877.03
-876.968
-876.952
-876.949
-876.945
-876.875
-876.86
-876.822
-876.798
-876.526
-876.512
-876.487
-876.452
-876.403
-876.357
-876.252
-876.239
-876.214
-876.191
-876.142
-876.097
-876.086
-876.031
-876.014
-875.926
-875.89
-875.839
-875.83
-875.764
-875.757
-875.744
-875.738
-875.715
-875.665
-875.603
-875.597
-875.591
-875.554
-875.55
-875.487
-875.465
-875.296
-875.108
-875.108
-875.047
-875.016
-874.949
-874.721
-874.714
-874.545
-874.52
-874.501
-874.491
-874.486
-874.397
-874.318
-874.307
-874.293
-874.287
-874.284
-874.273
-874.003
-873.985
-873.949
-873.94
-873.854
-873.829
-873.808
-873.775
-873.612
-873.505
-873.455
-873.432
-873.345
-873.283
-873.282
-873.278
-873.264
-873.172
-873.154
-873.105
-873.103
-873.102
-873.083
-873.045
-872.972
-872.939
-872.919
-872.731
-872.701
-872.664
-872.638
-872.612
-872.604
-872.598
-872.571
-872.498
-872.408
-872.345
-872.298
-872.278
-872.262
-872.192
-872.169
-872.126
-872.098
-872.067
-871.997
-871.795
-871.789
-871.69
-871.687
-871.686
-871.657
-871.634
-871.632
-871.631
-871.532
-871.509
-871.457
-871.43
-871.361
-871.36
-871.318
-871.23
-871.19
-871.118
-871.107
-871.059
-871.041
-871.035
-870.914
-870.897
-870.885
-870.863
-870.763
-870.76
-870.698
-870.685
-870.671
-870.62
-870.601
-870.591
-870.459
-870.443
-870.427
-870.297
-870.295
-870.283
-870.247
-870.215
-870.147
-870.132
-870.123
-870.101
-870.043
-870.032
-870.014
-870.012
-869.951
-869.944
-869.928
-869.896
-869.859
-869.824
-869.804
-869.786
-869.777
-869.758
-869.757
-869.731
-869.693
-869.685
-869.675
-869.623
-869.586
-869.502
-869.468
-869.399
-869.349
-869.17
-869.133
-869.127
-869.102
-869.09
-869.048
-868.969
-868.895
-868.864
-868.846
-868.841
-868.819
-868.722
-868.707
-868.67
-868.613
-868.54
-868.538
-868.433
-868.388
-868.333
-868.329
-868.277
-868.239
-868.238
-868.101
-868.043
-868.017
-867.975
-867.974
-867.964
-867.961
-867.925
-867.912
-867.906
-867.899
-867.864
-867.842
-867.837
-867.794
-867.788
-867.774
-867.753
-867.752
-867.697
-867.694
-867.664
-867.633
-867.583
-867.532
-867.523
-867.518
-867.483
-867.338
-867.325
-867.31
-867.304
-867.289
-867.278
-867.255
-867.254
-867.151
-867.144
-867.142
-867.064
-866.931
-866.923
-866.918
-866.874
-866.795
-866.793
-866.73
-866.7
-866.687
-866.642
-866.56
-866.504
-866.482
-866.482
-866.455
-866.438
-866.328
-866.317
-866.308
-866.301
-866.286
-866.268
-866.117
-866.109
-866.094
-866.056
-866.016
-866.012
-865.957
-865.948
-865.923
-865.891
-865.836
-865.816
-865.798
-865.781
-865.758
-865.701
-865.679
-865.666
-865.659
-865.613
-865.603
-865.515
-865.472
-865.467
-865.449
-865.421
-865.394
-865.393
-865.372
-865.365
-865.308
-865.216
-865.201
-865.132
-865.103
-865.058
-865.029
-864.965
-864.964
-864.908
-864.906
-864.875
-864.861
-864.806
-864.783
-864.777
-864.769
-864.721
-864.698
-864.688
-864.676
-864.628
-864.604
-864.603
-864.457
-864.367
-864.347
-864.336
-864.31
-864.281
-864.241
-864.193
-864.183
-864.126
-864.115
-864.079
-864.044
-864.035
-864.028
-864.017
-863.972
-863.916
-863.912
-863.887
-863.877
-863.872
-863.866
-863.812
-863.778
-863.762
-863.74
-863.653
-863.634
-863.598
-863.585
-863.564
-863.557
-863.437
-863.297
-863.261
-863.259
-863.24
-863.22
-863.187
-863.169
-863.127
-863.126
-863.113
-863.067
-862.996
-862.991
-862.986
-862.98
-862.961
-862.939
-862.89
-862.84
-862.831
-862.808
-862.805
-862.775
-862.682
-862.663
-862.634
-862.571
-862.55
-862.534
-862.518
-862.505
-862.476
-862.446
-862.427
-862.377
-862.346
-862.335
-862.328
-862.318
-862.298
-862.295
-862.285
-862.284
-862.26
-862.21
-862.205
-862.157
-862.111
-862.07
-862.062
-862.051
-862.038
-862.012
-862.012
-861.951
-861.945
-861.931
-861.93
-861.925
-861.888
-861.858
-861.857
-861.852
-861.839
-861.836
-861.815
-861.741
-861.729
-861.658
-861.639
-861.622
-861.587
-861.55
-861.519
-861.514
-861.495
-861.492
-861.399
-861.39
-861.384
-861.38
-861.343
-861.303
-861.284
-861.278
-861.146
-861.112
-861.076
-861.064
-861.048
-861.013
-861.009
-861.003
-860.988
-860.974
-860.971
-860.915
-860.903
-860.887
-860.877
-860.857
-860.822
-860.745
-860.71
-860.706
-860.649
-860.597
-860.591
-860.571
-860.569
-860.553
-860.5
-860.476
-860.47
-860.453
-860.452
-860.418
-860.41
-860.386
-860.366
-860.363
-860.355
-860.34
-860.313
-860.297
-860.297
-860.268
-860.231
-860.225
-860.129
-860.123
-860.115
-860.029
-860.002
-859.992
-859.981
-859.969
-859.961
-859.959
-859.867
-859.857
-859.852
-859.843
-859.837
-859.77
-859.749
-859.748
-859.718
-859.661
-859.641
-859.626
-859.624
-859.605
-859.596
-859.581
-859.573
-859.5
-859.497
-859.48
-859.441
-859.434
-859.411
-859.409
-859.371
-859.366
-859.308
-859.294
-859.24
-859.237
-859.212
-859.14
-859.105
-859.103
-859.069
-859.069
-859.068
-858.987
-858.985
-858.972
-858.959
-858.949
-858.913
-858.867
-858.86
-858.853
-858.805
-858.747
-858.745
-858.73
-858.667
-858.663
-858.647
-858.585
-858.567
-858.505
-858.488
-858.47
-858.466
-858.391
-858.385
-858.379
-858.372
-858.344
-858.333
-858.319
-858.305
-858.285
-858.261
-858.211
-858.204
-858.19
-858.16
-858.15
-858.12
-858.1
-858.079
-858.073
-858.042
-857.994
-857.971
-857.946
-857.926
-857.926
-857.884
-857.868
-857.804
-857.762
-857.754
-857.725
-857.711
-857.703
-857.696
-857.692
-857.681
-857.598
-857.588
-857.571
-857.539
-857.537
-857.496
-857.46
-857.434
-857.422
-857.363
-857.337
-857.325
-857.298
-857.287
-857.276
-857.269
-857.243
-857.219
-857.208
-857.181
-857.173
-857.139
-857.137
-857.115
-857.11
-857.109
-857.087
-857.046
-857.03
-856.936
-856.888
-856.886
-856.866
-856.848
-856.808
-856.798
-856.795
-856.763
-856.763
-856.748
-856.709
-856.69
-856.684
-856.652
-856.649
-856.634
-856.597
-856.576
-856.564
-856.536
-856.422
-856.417
-856.369
-856.332
-856.33
-856.262
-856.25
-856.248
-856.22
-856.204
-856.19
-856.184
-856.083
-856.083
-856.025
-856.007
-855.994
-855.993
-855.991
-855.987
-855.974
-855.872
-855.87
-855.858
-855.851
-855.85
-855.845
-855.844
-855.841
-855.818
-855.784
-855.753
-855.675
-855.655
-855.643
-855.625
-855.575
-855.546
-855.545
-855.541
-855.539
-855.531
-855.503
-855.49
-855.458
-855.421
-855.367
-855.363
-855.357
-855.323
-855.243
-855.201
-855.19
-855.174
-855.17
-855.145
-855.052
-855.049
-855.007
-854.97
-854.965
-854.965
-854.872
-854.838
-854.821
-854.78
-854.767
-854.747
-854.696
-854.687
-854.62
-854.595
-854.577
-854.556
-854.534
-854.515
-854.501
-854.496
-854.45
-854.418
-854.399
-854.386
-854.363
-854.327
-854.28
-854.258
-854.238
-854.222
-854.221
-854.149
-854.123
-854.121
-854.115
-854.112
-854.111
-854.087
-854.081
-854.079
-854.065
-854.052
-854.028
-854.022
-853.998
-853.989
-853.939
-853.907
-853.896
-853.858
-853.819
-853.77
-853.735
-853.713
-853.705
-853.676
-853.674
-853.667
-853.649
-853.643
-853.55
-853.533
-853.53
-853.513
-853.507
-853.489
-853.462
-853.415
-853.403
-853.372
-853.356
-853.292
-853.288
-853.265
-853.256
-853.256
-853.228
-853.185
-853.174
-853.124
-853.086
-853.086
-853.073
-853.053
-853.04
-853.028
-853.026
-852.997
-852.98
-852.953
-852.924
-852.901
-852.89
-852.866
-852.812
-852.798
-852.784
-852.782
-852.765
-852.725
-852.716
-852.706
-852.704
-852.703
-852.666
-852.644
-852.628
-852.609
-852.481
-852.442
-852.413
-852.412
-852.373
-852.37
-852.355
-852.332
-852.33
-852.329
-852.319
-852.248
-852.24
-852.202
-852.2
-852.16
-852.074
-852.053
-852.053
-852.047
-852.025
-852.009
-851.992
-851.991
-851.984
-851.975
-851.961
-851.944
-851.905
-851.899
-851.889
-851.88
-851.868
-851.864
-851.853
-851.85
-851.847
-851.843
-851.829
-851.821
-851.798
-851.753
-851.75
-851.733
-851.716
-851.707
-851.701
-851.683
-851.666
-851.6
-851.502
-851.492
-851.471
-851.452
-851.386
-851.359
-851.313
-851.293
-851.279
-851.27
-851.235
-851.233
-851.176
-851.15
-851.133
-851.132
-851.123
-851.08
-851.051
-851.033
-851.031
-850.973
-850.971
-850.944
-850.929
-850.896
-850.894
-850.867
-850.863
-850.858
-850.853
-850.792
-850.78
-850.769
-850.751
-850.737
-850.724
-850.698
-850.696
-850.689
-850.668
-850.655
-850.653
-850.651
-850.634
-850.612
-850.609
-850.553
-850.548
-850.524
-850.516
-850.492
-850.466
-850.415
-850.404
-850.376
-850.359
-850.353
-850.278
-850.26
-850.225
-850.213
-850.16
-850.127
-850.118
-850.097
-850.042
-850.002
-849.995
-849.986
-849.951
-849.937
-849.916
-849.894
-849.885
-849.826
-849.801
-849.745
-849.722
-849.699
-849.689
-849.64
-849.636
-849.629
-849.584
-849.549
-849.491
-849.49
-849.45
-849.429
-849.421
-849.397
-849.39
-849.382
-849.38
-849.35
-849.347
-849.33
-849.318
-849.293
-849.288
-849.286
-849.284
-849.272
-849.263
-849.234
-849.208
-849.198
-849.161
-849.147
-849.121
-849.117
-849.059
-849.037
-849.028
-848.957
-848.928
-848.923
-848.921
-848.92
-848.918
-848.896
-848.893
-848.885
-848.882
-848.874
-848.836
-848.808
-848.783
-848.738
-848.724
-848.683
-848.68
-848.647
-848.638
-848.617
-848.615
-848.604
-848.603
-848.573
-848.538
-848.519
-848.447
-848.439
-848.43
-848.372
-848.345
-848.341
-848.308
-848.278
-848.267
-848.216
-848.173
-848.163
-848.113
-848.108
-848.106
-848.102
-848.076
-848.071
-848.059
-848.03
-848.026
-848.006
-847.999
-847.994
-847.985
-847.968
-847.964
-847.958
-847.948
-847.941
-847.937
-847.936
-847.93
-847.868
-847.868
-847.841
-847.837
-847.816
-847.801
-847.757
-847.725
-847.707
-847.679
-847.659
-847.658
-847.638
-847.602
-847.554
-847.541
-847.516
-847.506
-847.491
-847.491
-847.481
-847.392
-847.305
-847.299
-847.296
-847.287
-847.265
-847.25
-847.249
-847.246
-847.216
-847.18
-847.18
-847.139
-847.134
-847.12
-847.12
-847.096
-847.068
-847.038
-847.03
-847.026
-846.996
-846.977
-846.945
-846.929
-846.922
-846.906
-846.901
-846.899
-846.887
-846.872
-846.87
-846.861
-846.852
-846.789
-846.771
-846.758
-846.755
-846.738
-846.711
-846.691
-846.681
-846.675
-846.66
-846.659
-846.658
-846.617
-846.588
-846.586
-846.552
-846.542
-846.535
-846.533
-846.525
-846.514
-846.5
-846.496
-846.463
-846.46
-846.452
-846.445
-846.444
-846.437
-846.387
-846.367
-846.349
-846.347
-846.345
-846.344
-846.324
-846.263
-846.254
-846.191
-846.151
-846.116
-846.094
-846.068
-846.061
-846.056
-846.039
-846.02
-845.998
-845.989
-845.93
-845.912
-845.912
-845.9
-845.811
-845.81
-845.805
-845.803
-845.784
-845.777
-845.748
-845.745
-845.733
-845.673
-845.673
-845.641
-845.621
-845.53
-845.52
-845.509
-845.489
-845.448
-845.445
-845.442
-845.427
-845.39
-845.345
-845.32
-845.303
-845.28
-845.231
-845.227
-845.164
-845.158
-845.119
-845.106
-845.105
-845.097
-845.043
-845.039
-844.97
-844.949
-844.891
-844.868
-844.865
-844.85
-844.825
-844.823
-844.823
-844.806
-844.806
-844.785
-844.777
-844.748
-844.715
-844.711
-844.669
-844.665
-844.631
-844.629
-844.61
-844.601
-844.584
-844.553
-844.54
-844.528
-844.484
-844.477
-844.458
-844.447
-844.415
-844.382
-844.356
-844.344
-844.337
-844.332
-844.331
-844.323
-844.322
-844.322
-844.321
-844.281
-844.27
-844.257
-844.233
-844.211
-844.206
-844.193
-844.146
-844.131
-844.12
-844.117
-844.115
-844.112
-844.074
-844.071
-844.067
-844.047
-844.037
-844.02
-844.019
-844.014
-843.997
-843.993
-843.959
-843.872
-843.86
-843.818
-843.809
-843.799
-843.794
-843.789
-843.786
-843.766
-843.694
-843.657
-843.634
-843.608
-843.593
-843.573
-843.566
-843.546
-843.532
-843.519
-843.516
-843.506
-843.489
-843.396
-843.358
-843.329
-843.318
-843.29
-843.256
-843.25
-843.245
-843.244
-843.235
-843.209
-843.184
-843.17
-843.153
-843.132
-843.11
-843.082
-843.074
-843.058
-843.054
-843.045
-843.02
-843.005
-842.989
-842.98
-842.978
-842.969
-842.969
-842.951
-842.948
-842.926
-842.912
-842.901
-842.896
-842.888
-842.871
-842.845
-842.831
-842.829
-842.8
-842.758
-842.718
-842.701
-842.679
-842.674
-842.621
-842.615
-842.612
-842.59
-842.587
-842.585
-842.566
-842.526
-842.513
-842.443
-842.412
-842.387
-842.379
-842.351
-842.347
-842.345
-842.34
-842.313
-842.307
-842.294
-842.293
-842.285
-842.279
-842.261
-842.221
-842.212
-842.211
-842.206
-842.183
-842.18
-842.175
-842.171
-842.168
-842.167
-842.146
-842.136
-842.132
-842.119
-842.107
-842.099
-842.07
-842.032
-842.02
-842.001
-841.994
-841.993
-841.973
-841.972
-841.882
-841.857
-841.842
-841.836
-841.826
-841.799
-841.784
-841.741
-841.726
-841.714
-841.713
-841.707
-841.681
-841.68
-841.673
-841.642
-841.634
-841.628
-841.618
-841.606
-841.602
-841.598
-841.578
-841.543
-841.542
-841.526
-841.485
-841.464
-841.457
-841.401
-841.392
-841.387
-841.378
-841.343
-841.329
-841.329
-841.327
-841.313
-841.299
-841.297
-841.294
-841.287
-841.245
-841.232
-841.185
-841.159
-841.136
-841.131
-841.114
-841.074
-841.054
-841.027
-841.022
-841.015
-841
-840.993
-840.989
-840.988
-840.956
-840.946
-840.937
-840.914
-840.91
-840.891
-840.865
-840.847
-840.822
-840.798
-840.789
-840.78
-840.733
-840.732
-840.728
-840.688
-840.683
-840.679
-840.667
-840.661
-840.64
-840.64
-840.636
-840.634
-840.612
-840.601
-840.565
-840.551
-840.531
-840.522
-840.52
-840.501
-840.499
-840.483
-840.463
-840.459
-840.444
-840.441
-840.437
-840.435
-840.42
-840.405
-840.403
-840.375
-840.356
-840.354
-840.314
-840.307
-840.299
-840.288
-840.276
-840.27
-840.262
-840.252
-840.234
-840.232
-840.231
-840.225
-840.197
-840.196
-840.177
-840.167
-840.147
-840.137
-840.13
-840.072
-840.058
-840.049
-840.044
-839.984
-839.963
-839.953
-839.928
-839.914
-839.902
-839.852
-839.841
-839.824
-839.816
-839.809
-839.802
-839.783
-839.77
-839.765
-839.742
-839.74
-839.712
-839.708
-839.693
-839.69
-839.674
-839.666
-839.633
-839.627
-839.625
-839.623
-839.617
-839.61
-839.592
-839.588
-839.578
-839.57
-839.554
-839.545
-839.543
-839.511
-839.477
-839.467
-839.461
-839.456
-839.439
-839.432
-839.42
-839.408
-839.403
-839.388
-839.38
-839.375
-839.352
-839.324
-839.313
-839.302
-839.292
-839.29
-839.274
-839.268
-839.239
-839.228
-839.217
-839.185
-839.181
-839.181
-839.161
-839.152
-839.14
-839.119
-839.118
-839.115
-839.049
-839.032
-839.026
-838.977
-838.968
-838.957
-838.936
-838.906
-838.899
-838.893
-838.859
-838.855
-838.815
-838.803
-838.774
-838.772
-838.755
-838.754
-838.753
-838.74
-838.726
-838.699
-838.689
-838.667
-838.667
-838.66
-838.657
-838.611
-838.607
-838.583
-838.578
-838.566
-838.506
-838.502
-838.488
-838.472
-838.464
-838.464
-838.455
-838.453
-838.448
-838.434
-838.422
-838.407
-838.396
-838.392
-838.387
-838.359
-838.349
-838.337
-838.333
-838.331
-838.328
-838.321
-838.303
-838.273
-838.24
-838.236
-838.236
-838.235
-838.226
-838.219
-838.193
-838.175
-838.174
-838.168
-838.156
-838.146
-838.145
-838.136
-838.111
-838.064
-838.061
-838.06
-838.053
-838.048
-838.045
-838.002
-837.993
-837.973
-837.967
-837.962
-837.958
-837.949
-837.948
-837.94
-837.938
-837.891
-837.888
-837.888
-837.886
-837.883
-837.873
-837.862
-837.848
-837.825
-837.81
-837.795
-837.794
-837.768
-837.767
-837.754
-837.74
-837.74
-837.69
-837.676
-837.649
-837.594
-837.593
-837.583
-837.583
-837.575
-837.563
-837.552
-837.52
-837.478
-837.477
-837.466
-837.466
-837.453
-837.433
-837.425
-837.417
-837.395
-837.386
-837.346
-837.34
-837.337
-837.335
-837.328
-837.325
-837.292
-837.288
-837.288
-837.285
-837.28
-837.277
-837.267
-837.242
-837.234
-837.229
-837.212
-837.19
-837.183
-837.168
-837.149
-837.144
-837.1
-837.083
-837.076
-837.075
-837.071
-837.066
-837.047
-837.038
-837.029
-837.029
-836.978
-836.977
-836.967
-836.955
-836.95
-836.95
-836.95
-836.946
-836.941
-836.941
-836.929
-836.899
-836.884
-836.879
-836.878
-836.877
-836.854
-836.839
-836.832
-836.811
-836.759
-836.705
-836.704
-836.702
-836.696
-836.696
-836.689
-836.683
-836.678
-836.669
-836.627
-836.592
-836.579
-836.577
-836.569
-836.551
-836.509
-836.503
-836.502
-836.465
-836.435
-836.428
-836.423
-836.418
-836.411
-836.405
-836.402
-836.395
-836.385
-836.377
-836.362
-836.336
-836.336
-836.333
-836.324
-836.323
-836.314
-836.307
-836.296
-836.294
-836.293
-836.289
-836.288
-836.264
-836.257
-836.256
-836.236
-836.211
-836.197
-836.182
-836.158
-836.155
-836.134
-836.124
-836.118
-836.113
-836.108
-836.095
-836.095
-836.081
-836.066
-836.056
-836.04
-836.022
-836.016
-835.994
-835.99
-835.989
-835.958
-835.942
-835.923
-835.918
-835.9
-835.888
-835.887
-835.882
-835.874
-835.856
-835.853
-835.843
-835.839
-835.826
-835.817
-835.813
-835.795
-835.772
-835.768
-835.759
-835.75
-835.738
-835.734
-835.731
-835.723
-835.693
-835.687
-835.676
-835.674
-835.672
-835.669
-835.653
-835.619
-835.617
-835.616
-835.615
-835.591
-835.552
-835.548
-835.539
-835.526
-835.519
-835.517
-835.511
-835.51
-835.499
-835.493
-835.467
-835.462
-835.46
-835.456
-835.444
-835.43
-835.426
-835.426
-835.418
-835.414
-835.405
-835.403
-835.402
-835.401
-835.387
-835.381
-835.373
-835.362
-835.362
-835.345
-835.33
-835.307
-835.304
-835.298
-835.292
-835.292
-835.284
-835.276
-835.264
-835.257
-835.234
-835.225
-835.211
-835.208
-835.201
-835.201
-835.196
-835.157
-835.156
-835.144
-835.137
-835.133
-835.116
-835.115
-835.097
-835.097
-835.095
-835.09
-835.077
-835.073
-835.048
-835.046
-835.03
-835.027
-834.995
-834.985
-834.981
-834.967
-834.934
-834.927
-834.907
-834.891
-834.878
-834.846
-834.838
-834.832
-834.806
-834.798
-834.787
-834.759
-834.753
-834.742
-834.74
-834.739
-834.735
-834.73
-834.728
-834.725
-834.717
-834.716
-834.712
-834.673
-834.673
-834.667
-834.666
-834.66
-834.659
-834.626
-834.625
-834.623
-834.613
-834.594
-834.579
-834.578
-834.547
-834.545
-834.542
-834.54
-834.534
-834.506
-834.489
-834.464
-834.46
-834.456
-834.452
-834.44
-834.439
-834.437
-834.431
-834.43
-834.418
-834.412
-834.395
-834.358
-834.342
-834.334
-834.325
-834.275
-834.273
-834.257
-834.241
-834.201
-834.191
-834.189
-834.188
-834.186
-834.181
-834.173
-834.156
-834.135
-834.099
-834.085
-834.085
-834.081
-834.064
-834.061
-834.05
-834.049
-834.048
-834.034
-834.013
-834.01
-833.998
-833.993
-833.98
-833.973
-833.956
-833.91
-833.905
-833.905
-833.901
-833.873
-833.871
-833.854
-833.851
-833.846
-833.84
-833.776
-833.775
-833.748
-833.745
-833.711
-833.698
-833.653
-833.643
-833.643
-833.637
-833.637
-833.614
-833.578
-833.575
-833.57
-833.568
-833.565
-833.565
-833.545
-833.541
-833.539
-833.539
-833.535
-833.53
-833.526
-833.52
-833.502
-833.491
-833.48
-833.474
-833.456
-833.454
-833.437
-833.421
-833.411
-833.407
-833.405
-833.391
-833.389
-833.386
-833.38
-833.374
-833.364
-833.362
-833.345
-833.341
-833.339
-833.336
-833.318
-833.317
-833.311
-833.307
-833.305
-833.296
-833.296
-833.285
-833.276
-833.259
-833.258
-833.24
-833.236
-833.236
-833.233
-833.221
-833.221
-833.208
-833.203
-833.202
-833.19
-833.161
-833.153
-833.153
-833.146
-833.138
-833.136
-833.132
-833.127
-833.123
-833.106
-833.106
-833.102
-833.097
-833.08
-833.079
-833.059
-833.056
-833.053
-833.047
-833.041
-833.027
-833.008
-832.989
-832.988
-832.985
-832.98
-832.98
-832.977
-832.968
-832.965
-832.961
-832.959
-832.953
-832.952
-832.924
-832.916
-832.909
-832.907
-832.887
-832.885
-832.867
-832.859
-832.855
-832.822
-832.812
-832.795
-832.777
-832.776
-832.76
-832.752
-832.741
-832.739
-832.731
-832.727
-832.719
-832.718
-832.71
-832.699
-832.665
-832.658
-832.655
-832.654
-832.653
-832.643
-832.633
-832.616
-832.616
-832.605
-832.603
-832.6
-832.597
-832.589
-832.587
-832.572
-832.568
-832.564
-832.548
-832.539
-832.523
-832.49
-832.482
-832.476
-832.472
-832.444
-832.443
-832.438
-832.434
-832.434
-832.426
-832.425
-832.406
-832.392
-832.386
-832.379
-832.375
-832.358
-832.33
-832.324
-832.309
-832.306
-832.306
-832.305
-832.288
-832.241
-832.232
-832.23
-832.171
-832.164
-832.159
-832.156
-832.136
-832.108
-832.102
-832.087
-832.087
-832.08
-832.075
-832.073
-832.062
-832.054
-832.044
-832.042
-832.04
-832.03
-832.03
-832.029
-832.027
-832.021
-832.019
-832.012
-832.007
-832.005
-832.003
-831.984
-831.984
-831.979
-831.963
-831.942
-831.939
-831.936
-831.918
-831.917
-831.904
-831.901
-831.898
-831.884
-831.882
-831.877
-831.874
-831.867
-831.861
-831.85
-831.85
-831.843
-831.841
-831.841
-831.836
-831.835
-831.826
-831.821
-831.819
-831.816
-831.803
-831.782
-831.77
-831.762
-831.76
-831.757
-831.754
-831.751
-831.744
-831.741
-831.736
-831.735
-831.733
-831.732
-831.729
-831.726
-831.724
-831.72
-831.716
-831.715
-831.713
-831.708
-831.704
-831.703
-831.699
-831.693
-831.691
-831.685
-831.685
-831.685
-831.684
-831.676
-831.674
-831.673
-831.67
-831.664
-831.656
-831.649
-831.644
-831.608
-831.605
-831.598
-831.578
-831.561
-831.557
-831.556
-831.554
-831.551
-831.55
-831.549
-831.548
-831.544
-831.541
-831.537
-831.531
-831.529
-831.512
-831.498
-831.488
-831.484
-831.483
-831.481
-831.481
-831.475
-831.473
-831.46
-831.456
-831.452
-831.446
-831.441
-831.432
-831.432
-831.428
-831.405
-831.397
-831.395
-831.389
-831.384
-831.381
-831.372
-831.372
-831.365
-831.362
-831.36
-831.35
-831.343
-831.343
-831.342
-831.341
-831.34
-831.338
-831.337
-831.337
-831.314
-831.312
-831.309
-831.308
-831.307
-831.306
-831.296
-831.294
-831.293
-831.276
-831.274
-831.263
-831.258
-831.252
-831.231
-831.229
-831.22
-831.219
-831.214
-831.199
-831.194
-831.181
-831.179
-831.179
-831.175
-831.175
-831.17
-831.167
-831.166
-831.153
-831.153
-831.151
-831.136
-831.135
-831.131
-831.118
-831.114
-831.114
-831.114
-831.111
-831.099
-831.094
-831.092
-831.088
-831.082
-831.081
-831.07
-831.068
-831.068
-831.06
-831.056
-831.04
-831.039
-831.036
-831.031
-831.027
-831.015
-831.01
-830.987
-830.987
-830.978
-830.977
-830.974
-830.967
-830.963
-830.951
-830.947
-830.943
-830.933
-830.909
-830.908
-830.907
-830.904
-830.902
-830.887
-830.886
-830.876
-830.863
-830.862
-830.86
-830.859
-830.84
-830.831
-830.824
-830.822
-830.814
-830.806
-830.804
-830.798
-830.795
-830.775
-830.761
-830.759
-830.752
-830.749
-830.732
-830.722
-830.721
-830.714
-830.704
-830.699
-830.697
-830.685
-830.682
-830.673
-830.672
-830.669
-830.662
-830.661
-830.657
-830.657
-830.646
-830.639
-830.631
-830.631
-830.618
-830.61
-830.609
-830.604
-830.587
-830.573
-830.571
-830.554
-830.543
-830.54
-830.537
-830.52
-830.512
-830.509
-830.503
-830.503
-830.502
-830.498
-830.494
-830.489
-830.489
-830.473
-830.467
-830.461
-830.46
-830.455
-830.454
-830.453
-830.453
-830.45
-830.437
-830.436
-830.428
-830.425
-830.424
-830.423
-830.422
-830.415
-830.403
-830.397
-830.379
-830.379
-830.373
-830.371
-830.37
-830.364
-830.34
-830.339
-830.327
-830.319
-830.318
-830.31
-830.302
-830.298
-830.298
-830.295
-830.291
-830.287
-830.285
-830.284
-830.283
-830.275
-830.274
-830.273
-830.272
-830.267
-830.256
-830.242
-830.241
-830.239
-830.234
-830.233
-830.233
-830.233
-830.225
-830.21
-830.206
-830.195
-830.184
-830.182
-830.174
-830.165
-830.162
-830.154
-830.149
-830.129
-830.127
-830.127
-830.125
-830.125
-830.121
-830.12
-830.119
-830.118
-830.113
-830.107
-830.098
-830.095
-830.087
-830.085
-830.083
-830.08
-830.08
-830.078
-830.069
-830.068
-830.066
-830.061
-830.055
-830.052
-830.05
-830.049
-830.044
-830.042
-830.034
-830.033
-830.031
-830.027
-830.021
-830.021
-830.016
-830.015
-830.009
-830.005
-830.004
-829.995
-829.976
-829.976
-829.973
-829.972
-829.968
-829.967
-829.967
-829.963
-829.954
-829.946
-829.939
-829.936
-829.935
-829.908
-829.896
-829.892
-829.891
-829.888
-829.885
-829.885
-829.879
-829.876
-829.873
-829.868
-829.866
-829.864
-829.857
-829.856
-829.851
-829.84
-829.833
-829.832
-829.831
-829.819
-829.794
-829.794
-829.788
-829.782
-829.777
-829.776
-829.768
-829.76
-829.76
-829.759
-829.755
-829.751
-829.749
-829.739
-829.731
-829.731
-829.73
-829.727
-829.724
-829.722
-829.719
-829.718
-829.706
-829.704
-829.695
-829.695
-829.693
-829.69
-829.676
-829.674
-829.673
-829.673
-829.669
-829.665
-829.665
-829.662
-829.661
-829.66
-829.649
-829.648
-829.646
-829.642
-829.639
-829.636
-829.63
-829.625
-829.618
-829.614
-829.601
-829.594
-829.589
-829.583
-829.582
-829.576
-829.567
-829.562
-829.561
-829.561
-829.541
-829.534
-829.533
-829.517
-829.516
-829.506
-829.49
-829.488
-829.487
-829.487
-829.482
-829.463
-829.457
-829.453
-829.451
-829.449
-829.445
-829.442
-829.441
-829.435
-829.434
-829.43
-829.429
-829.425
-829.413
-829.405
-829.403
-829.403
-829.4
-829.399
-829.396
-829.394
-829.391
-829.386
-829.382
-829.379
-829.371
-829.366
-829.363
-829.363
-829.361
-829.359
-829.358
-829.355
-829.351
-829.346
-829.342
-829.338
-829.331
-829.33
-829.325
-829.321
-829.315
-829.311
-829.303
-829.3
-829.298
-829.297
-829.278
-829.276
-829.275
-829.275
-829.273
-829.272
-829.262
-829.261
-829.245
-829.239
-829.223
-829.218
-829.215
-829.213
-829.21
-829.206
-829.194
-829.171
-829.168
-829.166
-829.165
-829.146
-829.142
-829.141
-829.139
-829.135
-829.134
-829.12
-829.104
-829.099
-829.093
-829.083
-829.083
-829.081
-829.073
-829.072
-829.066
-829.065
-829.037
-829.036
-829.03
-829.027
-829.016
-829.014
-829.006
-828.994
-828.992
-828.99
-828.986
-828.982
-828.98
-828.979
-828.975
-828.968
-828.965
-828.964
-828.951
-828.948
-828.947
-828.947
-828.947
-828.942
-828.942
-828.935
-828.935
-828.934
-828.927
-828.916
-828.911
-828.907
-828.902
-828.894
-828.893
-828.889
-828.877
-828.873
-828.867
-828.86
-828.859
-828.846
-828.833
-828.825
-828.819
-828.818
-828.815
-828.814
-828.81
-828.784
-828.772
-828.766
-828.766
-828.759
-828.754
-828.754
-828.751
-828.742
-828.734
-828.732
-828.724
-828.724
-828.72
-828.719
-828.711
-828.707
-828.704
-828.692
-828.692
-828.686
-828.686
-828.68
-828.672
-828.672
-828.667
-828.666
-828.652
-828.644
-828.631
-828.627
-828.623
-828.612
-828.611
-828.594
-828.588
-828.571
-828.565
-828.565
-828.562
-828.56
-828.558
-828.534
-828.528
-828.525
-828.516
-828.508
-828.503
-828.501
-828.494
-828.491
-828.485
-828.485
-828.462
-828.459
-828.446
-828.444
-828.443
-828.438
-828.435
-828.433
-828.431
-828.43
-828.428
-828.422
-828.412
-828.41
-828.408
-828.406
-828.403
-828.402
-828.4
-828.398
-828.377
-828.376
-828.375
-828.373
-828.371
-828.362
-828.36
-828.356
-828.353
-828.352
-828.347
-828.345
-828.342
-828.341
-828.339
-828.332
-828.33
-828.327
-828.326
-828.322
-828.322
-828.319
-828.317
-828.31
-828.31
-828.307
-828.297
-828.296
-828.289
-828.287
-828.287
-828.285
-828.284
-828.27
-828.267
-828.267
-828.261
-828.259
-828.258
-828.257
-828.252
-828.231
-828.23
-828.224
-828.221
-828.22
-828.218
-828.214
-828.208
-828.206
-828.204
-828.2
-828.198
-828.195
-828.191
-828.185
-828.184
-828.184
-828.182
-828.176
-828.173
-828.164
-828.164
-828.164
-828.161
-828.158
-828.158
-828.154
-828.15
-828.149
-828.145
-828.142
-828.142
-828.137
-828.133
-828.129
-828.129
-828.123
-828.119
-828.119
-828.107
-828.104
-828.096
-828.096
-828.085
-828.081
-828.078
-828.076
-828.075
-828.06
-828.056
-828.055
-828.051
-828.049
-828.048
-828.048
-828.046
-828.042
-828.038
-828.036
-828.019
-828.019
-828.017
-828.016
-828.014
-828.014
-828.008
-828.003
-827.998
-827.99
-827.99
-827.987
-827.987
-827.978
-827.977
-827.966
-827.964
-827.962
-827.958
-827.948
-827.943
-827.935
-827.931
-827.925
-827.921
-827.916
-827.908
-827.906
-827.903
-827.903
-827.899
-827.898
-827.897
-827.895
-827.894
-827.89
-827.888
-827.886
-827.883
-827.877
-827.874
-827.871
-827.868
-827.866
-827.859
-827.857
-827.849
-827.841
-827.838
-827.835
-827.831
-827.83
-827.827
-827.825
-827.823
-827.817
-827.809
-827.807
-827.804
-827.804
-827.803
-827.8
-827.795
-827.793
-827.792
-827.791
-827.79
-827.788
-827.777
-827.776
-827.776
-827.772
-827.765
-827.764
-827.763
-827.76
-827.76
-827.757
-827.74
-827.729
-827.727
-827.723
-827.718
-827.711
-827.703
-827.697
-827.696
-827.696
-827.695
-827.686
-827.685
-827.685
-827.684
-827.676
-827.668
-827.661
-827.655
-827.654
-827.642
-827.641
-827.64
-827.632
-827.629
-827.625
-827.621
-827.611
-827.604
-827.604
-827.603
-827.602
-827.601
-827.597
-827.593
-827.585
-827.578
-827.576
-827.568
-827.568
-827.564
-827.559
-827.558
-827.554
-827.546
-827.535
-827.53
-827.515
-827.513
-827.506
-827.505
-827.499
-827.497
-827.497
-827.49
-827.487
-827.486
-827.469
-827.469
-827.465
-827.452
-827.452
-827.447
-827.446
-827.444
-827.435
-827.428
-827.421
-827.42
-827.417
-827.404
-827.397
-827.395
-827.394
-827.394
-827.394
-827.387
-827.384
-827.383
-827.379
-827.379
-827.376
-827.374
-827.366
-827.361
-827.36
-827.357
-827.355
-827.354
-827.353
-827.353
-827.35
-827.35
-827.344
-827.333
-827.332
-827.328
-827.327
-827.323
-827.323
-827.319
-827.308
-827.307
-827.306
-827.304
-827.304
-827.302
-827.3
-827.298
-827.293
-827.293
-827.29
-827.289
-827.288
-827.281
-827.28
-827.279
-827.277
-827.275
-827.268
-827.266
-827.265
-827.264
-827.263
-827.258
-827.255
-827.247
-827.245
-827.245
-827.238
-827.234
-827.233
-827.223
-827.218
-827.217
-827.212
-827.212
-827.209
-827.208
-827.207
-827.202
-827.193
-827.189
-827.185
-827.183
-827.181
-827.18
-827.179
-827.177
-827.173
-827.17
-827.164
-827.164
-827.164
-827.159
-827.157
-827.151
-827.15
-827.144
-827.143
-827.142
-827.137
-827.135
-827.134
-827.134
-827.119
-827.117
-827.117
-827.116
-827.112
-827.111
-827.105
-827.103
-827.102
-827.101
-827.097
-827.092
-827.087
-827.083
-827.082
-827.081
-827.077
-827.075
-827.07
-827.053
-827.043
-827.041
-827.035
-827.033
-827.029
-827.027
-827.022
-827.022
-827.021
-827.02
-827.02
-827.02
-827.014
-827.004
-826.998
-826.997
-826.995
-826.985
-826.973
-826.97
-826.97
-826.966
-826.965
-826.964
-826.962
-826.956
-826.947
-826.946
-826.943
-826.943
-826.941
-826.938
-826.938
-826.933
-826.931
-826.925
-826.924
-826.92
-826.913
-826.905
-826.905
-826.903
-826.903
-826.897
-826.897
-826.896
-826.884
-826.879
-826.877
-826.876
-826.876
-826.875
-826.872
-826.866
-826.866
-826.861
-826.857
-826.85
-826.838
-826.837
-826.836
-826.836
-826.833
-826.827
-826.825
-826.823
-826.823
-826.821
-826.819
-826.816
-826.812
-826.812
-826.809
-826.806
-826.806
-826.798
-826.792
-826.784
-826.78
-826.773
-826.766
-826.766
-826.764
-826.764
-826.758
-826.755
-826.752
-826.751
-826.751
-826.744
-826.743
-826.743
-826.741
-826.74
-826.734
-826.733
-826.727
-826.724
-826.723
-826.722
-826.72
-826.718
-826.718
-826.714
-826.704
-826.695
-826.695
-826.694
-826.686
-826.681
-826.677
-826.671
-826.671
-826.669
-826.666
-826.664
-826.659
-826.656
-826.652
-826.646
-826.643
-826.638
-826.637
-826.635
-826.633
-826.632
-826.631
-826.628
-826.621
-826.62
-826.617
-826.617
-826.616
-826.614
-826.61
-826.608
-826.604
-826.597
-826.591
-826.59
-826.585
-826.577
-826.576
-826.576
-826.567
-826.564
-826.562
-826.558
-826.549
-826.547
-826.546
-826.544
-826.54
-826.535
-826.535
-826.534
-826.532
-826.529
-826.527
-826.526
-826.525
-826.522
-826.517
-826.509
-826.505
-826.505
-826.503
-826.5
-826.499
-826.497
-826.492
-826.49
-826.489
-826.489
-826.488
-826.481
-826.479
-826.476
-826.472
-826.469
-826.468
-826.468
-826.465
-826.465
-826.462
-826.461
-826.458
-826.45
-826.448
-826.448
-826.435
-826.432
-826.431
-826.429
-826.427
-826.42
-826.419
-826.419
-826.418
-826.416
-826.413
-826.409
-826.405
-826.396
-826.396
-826.395
-826.395
-826.388
-826.388
-826.387
-826.381
-826.375
-826.375
-826.373
-826.372
-826.372
-826.368
-826.365
-826.361
-826.361
-826.36
-826.359
-826.355
-826.347
-826.345
-826.345
-826.345
-826.338
-826.337
-826.336
-826.328
-826.328
-826.325
-826.323
-826.32
-826.308
-826.296
-826.296
-826.296
-826.295
-826.294
-826.291
-826.286
-826.286
-826.281
-826.275
-826.274
-826.273
-826.267
-826.264
-826.263
-826.263
-826.259
-826.258
-826.256
-826.25
-826.245
-826.244
-826.242
-826.241
-826.239
-826.237
-826.233
-826.229
-826.229
-826.222
-826.216
-826.21
-826.207
-826.204
-826.199
-826.197
-826.192
-826.192
-826.191
-826.188
-826.188
-826.188
-826.183
-826.182
-826.182
-826.18
-826.175
-826.171
-826.158
-826.157
-826.151
-826.141
-826.135
-826.132
-826.131
-826.128
-826.123
-826.121
-826.12
-826.113
-826.111
-826.105
-826.104
-826.1
-826.1
-826.096
-826.094
-826.086
-826.072
-826.07
-826.069
-826.069
-826.065
-826.06
-826.052
-826.048
-826.046
-826.046
-826.045
-826.041
-826.04
-826.036
-826.035
-826.034
-826.033
-826.033
-826.027
-826.023
-826.023
-826.021
-826.021
-826.021
-826.018
-826.018
-826.015
-826.015
-826.002
-825.997
-825.995
-825.993
-825.991
-825.991
-825.986
-825.985
-825.983
-825.982
-825.977
-825.976
-825.975
-825.973
-825.97
-825.966
-825.963
-825.963
-825.962
-825.959
-825.958
-825.958
-825.953
-825.952
-825.942
-825.941
-825.937
-825.935
-825.934
-825.93
-825.927
-825.925
-825.922
-825.917
-825.913
-825.911
-825.908
-825.906
-825.905
-825.903
-825.897
-825.893
-825.892
-825.89
-825.884
-825.883
-825.883
-825.881
-825.879
-825.872
-825.871
-825.869
-825.869
-825.869
-825.859
-825.858
-825.856
-825.855
-825.854
-825.852
-825.851
-825.85
-825.847
-825.846
-825.845
-825.844
-825.844
-825.841
-825.837
-825.835
-825.835
-825.829
-825.826
-825.821
-825.82
-825.82
-825.813
-825.811
-825.808
-825.806
-825.806
-825.806
-825.804
-825.801
-825.8
-825.798
-825.792
-825.792
-825.782
-825.782
-825.779
-825.777
-825.776
-825.772
-825.766
-825.766
-825.765
-825.764
-825.762
-825.76
-825.76
-825.759
-825.758
-825.754
-825.748
-825.744
-825.743
-825.742
-825.739
-825.734
-825.733
-825.733
-825.733
-825.731
-825.73
-825.73
-825.729
-825.727
-825.725
-825.722
-825.722
-825.718
-825.713
-825.712
-825.71
-825.707
-825.702
-825.695
-825.686
-825.681
-825.676
-825.673
-825.664
-825.656
-825.652
-825.647
-825.646
-825.646
-825.642
-825.638
-825.638
-825.637
-825.635
-825.635
-825.633
-825.632
-825.63
-825.629
-825.624
-825.624
-825.624
-825.624
-825.616
-825.616
-825.615
-825.614
-825.613
-825.613
-825.612
-825.611
-825.609
-825.599
-825.598
-825.596
-825.596
-825.591
-825.587
-825.578
-825.576
-825.575
-825.574
-825.573
-825.569
-825.563
-825.559
-825.557
-825.557
-825.557
-825.552
-825.55
-825.547
-825.546
-825.541
-825.54
-825.539
-825.537
-825.533
-825.532
-825.531
-825.528
-825.526
-825.519
-825.519
-825.516
-825.513
-825.509
-825.507
-825.504
-825.503
-825.502
-825.487
-825.486
-825.485
-825.484
-825.483
-825.481
-825.481
-825.479
-825.477
-825.477
-825.469
-825.466
-825.463
-825.462
-825.461
-825.458
-825.456
-825.455
-825.453
-825.452
-825.445
-825.445
-825.443
-825.434
-825.433
-825.42
-825.416
-825.415
-825.412
-825.408
-825.403
-825.393
-825.391
-825.388
-825.388
-825.381
-825.374
-825.369
-825.369
-825.368
-825.367
-825.367
-825.366
-825.362
-825.362
-825.362
-825.358
-825.355
-825.352
-825.351
-825.348
-825.348
-825.348
-825.348
-825.346
-825.346
-825.345
-825.343
-825.335
-825.333
-825.331
-825.327
-825.327
-825.318
-825.316
-825.314
-825.309
-825.309
-825.302
-825.292
-825.291
-825.288
-825.287
-825.285
-825.285
-825.276
-825.271
-825.264
-825.258
-825.257
-825.255
-825.254
-825.253
-825.253
-825.247
-825.246
-825.245
-825.243
-825.236
-825.236
-825.232
-825.227
-825.225
-825.222
-825.22
-825.219
-825.218
-825.211
-825.207
-825.201
-825.199
-825.199
-825.191
-825.191
-825.187
-825.187
-825.183
-825.183
-825.18
-825.179
-825.178
-825.173
-825.171
-825.17
-825.168
-825.162
-825.159
-825.148
-825.147
-825.146
-825.144
-825.142
-825.139
-825.129
-825.128
-825.124
-825.123
-825.123
-825.118
-825.113
-825.112
-825.109
-825.106
-825.092
-825.091
-825.09
-825.088
-825.086
-825.085
-825.08
-825.074
-825.068
-825.064
-825.055
-825.048
-825.048
-825.04
-825.04
-825.039
-825.037
-825.033
-825.033
-825.032
-825.031
-825.03
-825.03
-825.02
-825.018
-825.017
-825.016
-825.008
-825.008
-825.003
-825.002
-825.001
-825
-824.995
-824.986
-824.985
-824.983
-824.982
-824.981
-824.981
-824.98
-824.977
-824.977
-824.973
-824.969
-824.965
-824.961
-824.96
-824.956
-824.955
-824.954
-824.949
-824.945
-824.945
-824.94
-824.938
-824.935
-824.928
-824.926
-824.924
-824.92
-824.919
-824.919
-824.916
-824.915
-824.912
-824.907
-824.902
-824.896
-824.889
-824.886
-824.882
-824.882
-824.875
-824.873
-824.865
-824.858
-824.853
-824.853
-824.853
-824.853
-824.85
-824.85
-824.849
-824.847
-824.845
-824.843
-824.843
-824.843
-824.842
-824.834
-824.827
-824.826
-824.826
-824.824
-824.822
-824.817
-824.811
-824.811
-824.809
-824.796
-824.795
-824.793
-824.792
-824.791
-824.784
-824.775
-824.774
-824.771
-824.771
-824.769
-824.768
-824.766
-824.766
-824.764
-824.757
-824.757
-824.756
-824.755
-824.752
-824.748
-824.746
-824.746
-824.745
-824.743
-824.743
-824.743
-824.733
-824.725
-824.724
-824.721
-824.721
-824.72
-824.72
-824.718
-824.718
-824.715
-824.714
-824.703
-824.697
-824.697
-824.696
-824.695
-824.695
-824.694
-824.693
-824.692
-824.691
-824.691
-824.686
-824.686
-824.676
-824.674
-824.67
-824.669
-824.667
-824.666
-824.662
-824.661
-824.661
-824.659
-824.657
-824.656
-824.655
-824.65
-824.647
-824.646
-824.644
-824.641
-824.636
-824.635
-824.635
-824.63
-824.625
-824.621
-824.621
-824.621
-824.614
-824.612
-824.611
-824.606
-824.605
-824.604
-824.604
-824.601
-824.6
-824.595
-824.594
-824.587
-824.585
-824.584
-824.583
-824.576
-824.57
-824.568
-824.568
-824.563
-824.562
-824.56
-824.56
-824.56
-824.559
-824.555
-824.553
-824.551
-824.549
-824.545
-824.543
-824.539
-824.539
-824.532
-824.53
-824.526
-824.524
-824.523
-824.518
-824.518
-824.509
-824.504
-824.502
-824.5
-824.487
-824.486
-824.486
-824.484
-824.483
-824.481
-824.481
-824.479
-824.474
-824.473
-824.472
-824.471
-824.47
-824.467
-824.467
-824.466
-824.466
-824.465
-824.464
-824.463
-824.462
-824.461
-824.458
-824.457
-824.457
-824.452
-824.452
-824.45
-824.45
-824.449
-824.448
-824.444
-824.433
-824.433
-824.433
-824.431
-824.428
-824.426
-824.426
-824.425
-824.424
-824.423
-824.423
-824.42
-824.418
-824.414
-824.414
-824.409
-824.406
-824.405
-824.404
-824.403
-824.403
-824.394
-824.392
-824.386
-824.385
-824.383
-824.382
-824.378
-824.375
-824.375
-824.37
-824.37
-824.37
-824.36
-824.358
-824.356
-824.353
-824.35
-824.349
-824.348
-824.348
-824.344
-824.34
-824.34
-824.34
-824.339
-824.335
-824.334
-824.332
-824.323
-824.321
-824.317
-824.316
-824.316
-824.314
-824.302
-824.3
-824.299
-824.298
-824.298
-824.296
-824.295
-824.293
-824.291
-824.278
-824.273
-824.271
-824.264
-824.258
-824.258
-824.258
-824.255
-824.25
-824.249
-824.249
-824.246
-824.244
-824.242
-824.241
-824.238
-824.235
-824.234
-824.23
-824.226
-824.226
-824.225
-824.224
-824.222
-824.218
-824.216
-824.214
-824.211
-824.211
-824.21
-824.209
-824.208
-824.207
-824.206
-824.204
-824.204
-824.202
-824.199
-824.197
-824.194
-824.19
-824.189
-824.178
-824.17
-824.169
-824.169
-824.168
-824.166
-824.161
-824.155
-824.153
-824.149
-824.145
-824.142
-824.14
-824.137
-824.135
-824.135
-824.134
-824.134
-824.134
-824.127
-824.127
-824.123
-824.123
-824.119
-824.117
-824.116
-824.114
-824.108
-824.099
-824.099
-824.099
-824.092
-824.092
-824.091
-824.089
-824.086
-824.086
-824.08
-824.079
-824.075
-824.073
-824.07
-824.069
-824.069
-824.066
-824.062
-824.061
-824.059
-824.057
-824.057
-824.044
-824.043
-824.042
-824.039
-824.034
-824.032
-824.032
-824.03
-824.028
-824.028
-824.025
-824.024
-824.021
-824.018
-824.011
-824.008
-824.006
-824.005
-824.004
-824.003
-824.001
-823.998
-823.995
-823.993
-823.992
-823.986
-823.982
-823.978
-823.975
-823.965
-823.964
-823.962
-823.961
-823.96
-823.958
-823.957
-823.955
-823.949
-823.948
-823.947
-823.942
-823.938
-823.936
-823.929
-823.929
-823.929
-823.926
-823.921
-823.914
-823.907
-823.904
-823.9
-823.899
-823.898
-823.896
-823.894
-823.891
-823.89
-823.886
-823.886
-823.884
-823.882
-823.882
-823.879
-823.879
-823.872
-823.867
-823.861
-823.851
-823.845
-823.843
-823.841
-823.84
-823.827
-823.826
-823.825
-823.823
-823.82
-823.816
-823.814
-823.812
-823.809
-823.809
-823.808
-823.795
-823.793
-823.787
-823.786
-823.782
-823.766
-823.756
-823.755
-823.749
-823.743
-823.736
-823.733
-823.729
-823.716
-823.714
-823.714
-823.712
-823.711
-823.711
-823.706
-823.704
-823.704
-823.702
-823.702
-823.701
-823.699
-823.698
-823.697
-823.697
-823.695
-823.695
-823.687
-823.687
-823.685
-823.681
-823.68
-823.679
-823.679
-823.678
-823.677
-823.67
-823.667
-823.666
-823.664
-823.659
-823.647
-823.644
-823.638
-823.623
-823.612
-823.611
-823.609
-823.605
-823.603
-823.601
-823.598
-823.598
-823.595
-823.594
-823.592
-823.585
-823.583
-823.582
-823.576
-823.573
-823.571
-823.571
-823.567
-823.559
-823.556
-823.549
-823.549
-823.546
-823.544
-823.542
-823.541
-823.518
-823.504
-823.498
-823.493
-823.486
-823.481
-823.473
-823.472
-823.464
-823.458
-823.45
-823.448
-823.448
-823.445
-823.421
-823.417
-823.417
-823.41
-823.409
-823.409
-823.404
-823.403
-823.395
-823.385
-823.369
-823.368
-823.362
-823.349
-823.343
-823.342
-823.342
-823.341
-823.339
-823.323
-823.314
-823.274
-823.267
-823.261
-823.257
-823.257
-823.253
-823.247
-823.244
-823.244
-823.233
-823.229
-823.221
-823.213
-823.212
-823.206
-823.203
-823.196
-823.187
-823.184
-823.18
-823.17
-823.168
-823.164
-823.163
-823.163
-823.152
-823.136
-823.132
-823.129
-823.127
-823.124
-823.114
-823.105
-823.097
-823.095
-823.094
-823.083
-823.081
-823.079
-823.064
-823.061
-823.061
-823.058
-823.057
-823.05
-823.047
-823.037
-823.023
-823.009
-823.004
-822.983
-822.975
-822.974
-822.972
-822.959
-822.953
-822.944
-822.94
-822.93
-822.928
-822.892
-822.89
-822.875
-822.856
-822.852
-822.845
-822.837
-822.836
-822.831
-822.826
-822.81
-822.808
-822.803
-822.789
-822.761
-822.758
-822.738
-822.737
-822.734
-822.726
-822.719
-822.715
-822.714
-822.712
-822.708
-822.695
-822.686
-822.647
-822.641
-822.633
-822.628
-822.623
-822.614
-822.598
-822.589
-822.581
-822.562
-822.553
-822.531
-822.522
-822.514
-822.514
-822.488
-822.481
-822.449
-822.447
-822.435
-822.418
-822.414
-822.399
-822.396
-822.384
-822.356
-822.351
-822.312
-822.301
-822.294
-822.284
-822.271
-822.261
-822.25
-822.248
-822.226
-822.216
-822.193
-822.168
-822.149
-822.131
-822.088
-822.041
-821.958
-821.953
-821.928
-821.89
-821.877
-821.809
-821.809
-821.735
-821.666
-821.646
-821.578
-821.566
-821.43
-821.348
-821.341
-821.221
-821.177
-820.98
-820.574
-820.45
-819.682
