-1301.249849
-1300.185754
-1298.955254
-1298.225601
-1297.867128
-1296.517004
-1295.634888
-1294.340879
-1293.854796
-1292.093335
-1291.154503
-1290.654121
-1290.300693
-1290.12209
-1290.121935
-1290.090419
-1288.674136
-1288.091828
-1286.767851
-1286.431868
-1285.400455
-1284.839629
-1284.548598
-1284.324895
-1281.918604
-1279.880991
-1279.272126
-1279.062327
-1278.032558
-1277.654023
-1275.957034
-1274.698799
-1274.470037
-1273.753157
-1268.123058
-1266.794644
-1266.351344
-1265.602846
-1264.926618
-1264.489519
-1260.691217
-1257.45776
-1253.332552
-1250.378586
-1249.224819
-1247.461137
-1246.309708
-1244.279757
-1242.106992
-1238.675875
-1237.263395
-1237.0231
-1236.805631
-1235.97548
-1235.133271
-1233.799519
-1232.587737
-1232.188497
-1231.750591
-1231.218402
-1229.33348
-1228.842779
-1228.372101
-1227.772656
-1227.175384
-1226.788444
-1224.31468
-1223.272059
-1222.838913
-1222.186355
-1221.525884
-1221.046685
-1219.547612
-1219.306867
-1218.951454
-1218.89057
-1217.68895
-1212.146347
-1210.65848
-1210.177432
-1209.332239
-1207.653455
-1206.8214
-1206.250384
-1205.282668
-1204.965377
-1202.543553
-1200.152012
-1198.023882
-1196.992538
-1196.731014
-1194.221162
-1193.804572
-1193.704691
-1193.638803
-1188.113811
-1186.507783
-1186.146196
-1182.824599
-1182.090329
-1179.844706
-1179.607661
-1177.31129
-1173.169638
-1172.136379
-1172.128759
-1170.8956
-1169.108068
-1168.394394
-1167.403608
-1167.382296
-1166.324889
-1165.455426
-1164.42073
-1163.845318
-1163.828343
-1163.725252
-1162.912099
-1162.907559
-1162.102934
-1160.729265
-1159.352669
-1155.777042
-1154.720057
-1148.367741
-1147.199747
-1146.247045
-1146.167029
-1144.209789
-1142.997493
-1141.095259
-1140.683518
-1137.25366
-1136.9513
-1136.790358
-1136.191952
-1135.646155
-1135.188003
-1134.731853
-1134.567987
-1134.484706
-1133.54311
-1132.562665
-1132.549335
-1131.652719
-1129.9987
-1129.180171
-1127.104865
-1127.051333
-1127.016227
-1126.311861
-1125.341317
-1125.240094
-1124.394716
-1124.373162
-1123.752493
-1121.675115
-1120.989413
-1119.302527
-1118.323179
-1117.94284
-1116.614036
-1115.985443
-1114.236856
-1114.008503
-1112.254412
-1111.882135
-1111.762514
-1111.441757
-1109.310049
-1108.67411
-1105.420211
-1105.087477
-1103.84974
-1103.364827
-1102.756467
-1101.855305
-1099.859408
-1099.696403
-1098.132297
-1097.803338
-1097.679463
-1096.452573
-1095.488958
-1094.161908
-1094.041809
-1092.678661
-1092.381429
-1089.458753
-1088.931958
-1088.297603
-1087.58791
-1087.265314
-1085.886397
-1085.530256
-1084.667376
-1083.296511
-1082.225483
-1080.093096
-1077.375853
-1076.975393
-1074.547762
-1074.474982
-1074.024851
-1073.356726
-1071.680937
-1071.615213
-1070.041386
-1069.116434
-1068.758215
-1068.754626
-1063.672037
-1063.1921
-1061.8013
-1060.635833
-1060.280242
-1058.748704
-1058.252539
-1058.237273
-1057.545613
-1056.896716
-1055.417364
-1055.279886
-1054.801388
-1054.705524
-1054.538522
-1053.331729
-1052.818391
-1050.830605
-1050.563086
-1049.191173
-1048.888225
-1044.939959
-1044.254088
-1043.430613
-1042.271691
-1041.700368
-1040.178472
-1037.176444
-1036.89356
-1036.587799
-1036.351479
-1036.341783
-1035.402339
-1034.96692
-1034.803901
-1034.180928
-1034.086373
-1033.970364
-1033.42755
-1031.59683
-1030.32138
-1029.720516
-1029.005996
-1027.713638
-1027.189906
-1027.132331
-1026.791565
-1026.703165
-1026.556746
-1026.262043
-1026.103977
-1023.946918
-1023.390916
-1022.410479
-1021.524386
-1020.749923
-1019.668616
-1019.335284
-1018.267404
-1018.121494
-1017.696249
-1016.919452
-1015.009358
-1013.669828
-1012.506931
-1012.396163
-1012.291848
-1012.247528
-1010.738705
-1008.424451
-1004.676116
-1003.747798
-1003.473507
-1002.187577
-1001.648832
-1001.222352
-1001.081134
-998.2490565
-998.0491089
-997.6813277
-997.471115
-997.3974754
-997.1676214
-996.84509
-996.5930625
-995.7582654
-994.3419225
-994.0551522
-993.6637779
-993.4235878
-993.3866462
-993.1085342
-992.5558912
-991.3690344
-991.1430061
-991.0905914
-989.5158664
-989.4376081
-988.6191399
-983.2665395
-983.1324777
-981.7465293
-979.7922656
-979.0806302
-978.9595104
-978.6419699
-978.5472516
-977.1588072
-976.4468723
-976.408547
-976.354912
-976.2306672
-974.0091144
-973.1365885
-972.4395303
-971.0879611
-964.40604
-963.3611579
-962.2346941
-961.7775536
-961.3192799
-961.083403
-960.3841668
-960.2356262
-959.6508438
-958.7748792
-958.4267386
-957.5370034
-957.2995719
-956.4776383
-954.9712664
-954.6689
-954.2584619
-954.1383314
-954.0881161
-952.7163734
-952.3343888
-950.8631011
-950.316042
-950.1455648
-949.8501965
-949.7042998
-948.3686134
-947.9631575
-947.8441733
-947.7455419
-946.8146461
-945.2628072
-944.7635789
-944.7616542
-944.7383007
-943.3899443
-942.9689647
-942.9398187
-942.4600084
-941.9839721
-941.1213458
-941.0246576
-940.8318627
-940.3493447
-939.4758853
-939.137515
-938.6488212
-937.9736845
-936.6725484
-936.1262817
-935.7270463
-935.0573699
-932.9780366
-932.853688
-932.8117663
-932.3060666
-931.9102043
-931.563056
-931.0889818
-931.0116077
-930.4199148
-930.3742108
-930.1482142
-929.4119876
-928.9602772
-928.6772276
-928.5898639
-927.9707509
-927.0306374
-926.7794789
-926.1421673
-923.9208734
-922.8937692
-922.4974732
-921.9646507
-921.4774927
-921.1658336
-919.8126146
-919.7317121
-919.5267178
-918.8733054
-918.1962288
-917.4290917
-915.8004035
-915.5929819
-914.8702345
-914.5266907
-912.6006706
-912.039994
-912.0113039
-910.2554603
-910.0564924
-909.8025274
-909.6260116
-909.0609701
-908.1883933
-907.596085
-907.1395385
-906.8357421
-906.5570751
-906.3205406
-905.8893101
-905.7780149
-905.7251531
-904.9534438
-904.6107844
-904.1834
-901.4962599
-901.230726
-901.1073468
-900.7045337
-900.4146696
-900.0827404
-899.7873316
-899.5086468
-898.227111
-897.950205
-897.8703213
-897.8535183
-896.9047708
-896.9004169
-896.1521283
-895.2333573
-894.9265094
-894.8796705
-894.7609501
-892.4478815
-892.0475688
-890.4194783
-890.0899235
-889.9200132
-889.9064224
-889.6485834
-889.2425074
-887.1628496
-887.0323548
-886.5843338
-885.7011245
-883.2786088
-883.1229499
-882.6006373
-881.3752908
-881.0894631
-880.9216105
-880.8394829
-880.5436166
-879.279276
-878.2247448
-877.7164271
-876.8750968
-876.0305427
-873.2778804
-872.2976398
-871.0594318
-870.8850609
-870.2825593
-870.0316416
-869.7573135
-868.54009
-867.5232597
-865.4718294
-861.9253044
-860.8769594
-858.3854072
-857.703141
-857.5367391
-854.5560501
-854.533664
-851.8892608
-849.5490126
-842.1752199
-841.296779
-831.7195371
