0.119141 0.416199 46.7398 5.42695 
0.0984093 0.354018 37.8077 3.62607 
0.138833 0.500139 44.8592 5.19781 
0.125399 0.537645 34.3519 4.04979 
0.0721336 0.261663 36.7656 4.64454 
0.143691 0.388805 43.9642 4.47694 
0.102533 0.302711 42.2489 4.75732 
0.0812177 0.389777 38.4353 4.23813 
0.0849635 0.41414 35.7303 3.9318 
0.13055 0.55775 46.3051 4.94831 
0.150954 0.467236 39.6156 4.08334 
0.125831 0.379439 36.2687 4.05492 
0.0891295 0.333806 46.0337 5.28763 
0.0818211 0.247902 37.6408 4.69773 
0.151424 0.367724 47.5424 4.83358 
0.119813 0.307005 36.7911 4.11048 
0.159207 0.452341 46.3846 4.62944 
0.088897 0.2987 37.6264 4.34698 
0.122617 0.420371 35.0784 4.20814 
0.172069 0.608311 46.3272 4.92909 
0.16297 0.450124 36.9498 3.68398 
0.138845 0.505966 51.39 5.50138 
0.138073 0.507947 50.8604 5.46779 
0.0946585 0.498134 38.7718 4.27451 
0.122995 0.298874 39.3632 4.53787 
0.175717 0.542729 39.1556 3.87014 
0.127057 0.385807 44.8995 5.08435 
0.112893 0.568524 42.4619 4.38879 
0.183563 0.409307 39.6328 4.15967 
0.175958 0.413936 45.4665 4.66639 
0.155895 0.46042 38.9683 4.5153 
0.177494 0.395575 38.6916 3.91511 
0.115715 0.337801 32.4314 3.67845 
0.194464 0.565172 38.0718 4.21603 
0.156617 0.315457 42.1018 4.5375 
0.121588 0.409165 50.5548 5.7537 
0.164049 0.528742 42.4004 4.70758 
0.132637 0.318652 37.114 4.30079 
0.100261 0.554192 43.8948 4.05933 
0.113219 0.359837 39.8495 4.42968 
0.100083 0.462785 37.7974 4.3868 
0.150271 0.492753 44.406 5.03977 
0.179287 0.313421 47.7038 5.10914 
0.144151 0.775833 42.4176 4.16634 
0.152617 0.501074 52.4213 5.74069 
0.114878 0.548528 50.9932 5.44879 
0.152576 0.389318 46.2003 4.61247 
0.176171 0.404432 39.8333 4.53493 
0.127731 0.299198 36.4044 4.04109 
0.137337 0.322678 45.417 5.2172 
0.138814 0.391626 45.3 4.67307 
0.117258 0.406323 53.2712 5.87715 
0.109277 0.329355 47.8192 5.66891 
0.0802738 0.381426 40.9745 4.5246 
0.114242 0.557043 36.2964 4.15064 
0.104849 0.501763 41.8307 4.70027 
0.171981 0.543279 47.4787 5.09663 
0.105381 0.59096 41.6582 4.4084 
0.186054 0.448572 44.2041 4.37034 
0.124732 0.426628 39.2339 4.36671 
0.152008 0.398698 52.0408 5.43772 
0.11117 0.412838 36.6146 4.45023 
0.119504 0.599228 41.9738 4.0651 
0.0875131 0.567723 43.5931 4.80018 
0.105195 0.564209 36.254 3.71291 
0.136058 0.262051 37.8656 3.96713 
0.0713369 0.375352 42.248 4.95249 
0.131797 0.371 41.8004 4.9686 
0.112333 0.559696 41.9157 4.00469 
0.137947 0.501948 41.4089 4.46033 
0.143393 0.456222 47.3055 5.10168 
0.173877 0.381851 47.5592 5.31079 
0.111397 0.235038 42.1255 5.50219 
0.0805033 0.339278 40.8387 4.95541 
0.151483 0.408055 38.5608 4.56726 
0.12213 0.315774 44.6357 5.34812 
0.151829 0.565891 41.3987 4.14199 
0.148106 0.25049 41.6878 4.71884 
0.164792 0.564877 38.462 4.22838 
0.14149 0.590086 43.1124 4.35945 
0.110455 0.33157 41.7246 4.09067 
0.121437 0.540391 43.563 5.06494 
0.124097 0.514895 46.8849 5.34061 
0.120132 0.338381 41.1831 4.72637 
0.125064 0.417177 44.9429 4.7746 
0.0891723 0.538246 38.6292 4.37837 
0.122505 0.506315 40.8947 3.82381 
0.207049 0.40032 43.844 4.84272 
0.186531 0.317821 47.4029 4.97615 
0.11241 0.452258 47.7454 5.04893 
0.123312 0.461699 37.2855 3.93935 
0.135698 0.371293 35.5213 3.7299 
0.164753 0.425104 37.9299 4.30933 
0.125682 0.48581 40.0526 3.97231 
0.134861 0.332781 42.2914 4.5137 
0.190352 0.607233 47.5281 5.19934 
0.152246 0.285032 36.8273 4.12279 
0.139862 0.343154 36.7929 4.29123 
0.0963632 0.46805 49.9766 5.40441 
0.126884 0.217962 37.1379 4.2676 
0.122353 0.521923 53.0438 5.44791 
0.13721 0.414461 39.1653 3.74109 
0.135376 0.589472 39.1645 4.27741 
0.092372 0.469382 37.9665 3.83421 
0.129101 0.637063 36.0898 3.97184 
0.186166 0.504855 40.7829 4.44611 
0.161916 0.554238 43.4857 4.13389 
0.0991856 0.42139 34.9092 4.17747 
0.105855 0.396443 39.9765 4.12048 
0.146935 0.43774 47.8852 5.10893 
0.154522 0.295403 47.7352 5.34515 
0.158142 0.32493 46.3078 4.69027 
0.14498 0.397237 38.4047 3.92236 
0.13922 0.721758 42.6607 4.506 
0.16378 0.566368 39.3593 4.08312 
0.0927215 0.412497 49.3367 4.98803 
0.1526 0.417961 41.4881 4.29913 
0.1346 0.471258 46.9699 5.19243 
0.119123 0.528411 40.6224 4.82851 
0.101411 0.416314 44.7316 4.61044 
0.104384 0.281282 37.09 4.33285 
0.12576 0.560903 43.5566 4.89539 
0.131797 0.482168 39.3122 4.82995 
0.136871 0.383266 33.5657 4.07579 
0.116569 0.655495 42.5181 4.20383 
0.0864644 0.453958 39.9561 4.25729 
0.138285 0.454419 48.0146 5.2467 
0.107261 0.66044 37.3435 4.24122 
0.182683 0.264046 36.7139 4.20998 
0.162285 0.473933 45.0162 5.20002 
0.0968254 0.48566 41.7528 4.50487 
0.140835 0.35144 43.5845 4.80178 
0.135465 0.600415 43.6294 5.05057 
0.121188 0.590218 49.7239 4.99818 
0.125684 0.33461 44.7498 5.26948 
0.112788 0.542332 46.7028 5.19553 
0.122762 0.553012 44.6923 4.57643 
0.086025 0.475524 35.6669 4.06612 
0.120107 0.648162 41.2011 3.75563 
0.0955888 0.454725 38.1473 4.28621 
0.178042 0.427447 39.7331 4.17461 
0.146282 0.376076 36.1602 4.04786 
0.117821 0.497751 49.7428 4.8263 
0.072404 0.288995 41.3986 4.82024 
0.124742 0.389562 38.9187 4.03526 
0.120838 0.368329 48.6352 4.88124 
0.109879 0.548858 42.7966 4.58628 
0.120057 0.225064 38.6148 4.20503 
0.150202 0.341531 36.4593 4.11582 
0.139408 0.52454 40.2944 4.31496 
0.12363 0.305269 39.7306 4.28627 
0.0850513 0.438189 44.7107 4.83118 
0.168599 0.378694 35.1408 3.73407 
0.135758 0.374041 43.006 4.59639 
0.152664 0.449441 42.2457 3.96452 
0.115519 0.511541 36.3621 4.05861 
0.0847227 0.399966 39.2735 4.16436 
0.0976511 0.634565 41.5513 3.98758 
0.108829 0.330027 48.0177 5.08592 
0.18128 0.504561 38.4127 4.27947 
0.123606 0.68787 39.5202 4.36127 
0.142205 0.445685 40.4513 4.19071 
0.115294 0.512078 48.1294 5.47161 
0.137635 0.358021 48.6438 5.24388 
0.138752 0.569328 41.2211 4.65793 
0.102173 0.56483 44.9781 4.604 
0.136478 0.393119 48.5447 5.70029 
0.0783914 0.38612 42.4765 4.5161 
0.0841899 0.512186 36.4623 3.80197 
0.156394 0.437398 31.3069 3.76533 
0.119889 0.586078 41.2235 4.15069 
0.161856 0.467249 47.349 5.08086 
0.107758 0.38175 48.8075 5.46784 
0.140665 0.349498 35.6572 4.18061 
0.118748 0.332924 37.3279 4.38592 
0.122323 0.385646 37.9187 4.67355 
0.125792 0.34386 42.1561 5.34075 
0.136594 0.509757 39.9085 4.47802 
0.112712 0.605246 37.8148 4.06146 
0.121921 0.605859 40.292 4.44099 
0.111077 0.400205 42.0052 4.84918 
0.118815 0.412568 41.5657 4.21577 
0.129349 0.262125 44.057 4.73587 
0.117804 0.480248 41.6947 5.01831 
0.166521 0.399402 41.3672 4.5 
0.183325 0.477577 39.6771 4.26426 
0.144249 0.618603 37.3132 4.0662 
0.108239 0.263695 40.0183 4.41726 
0.181898 0.465666 45.4781 5.4183 
0.185564 0.349269 36.2911 4.32471 
0.173913 0.602629 40.5057 4.41412 
0.134358 0.525537 36.4329 3.74812 
0.110511 0.483272 48.6683 5.37254 
0.097356 0.39268 37.4913 4.24451 
0.165092 0.423677 38.5549 4.52775 
0.130213 0.583434 37.6724 3.79743 
0.141381 0.489168 48.0506 5.17116 
0.124666 0.50068 46.2841 5.15299 
0.113204 0.268451 42.7757 4.99901 
0.0760386 0.313338 35.3271 3.91311 
0.132702 0.609598 40.2457 4.58634 
0.139021 0.48102 37.3096 4.08121 
0.149559 0.280552 38.7837 4.20821 
0.127472 0.496512 47.1261 5.40456 
0.1674 0.340726 39.0002 4.39182 
0.093954 0.4883 40.7234 4.47133 
0.133036 0.320702 33.7518 3.53408 
0.140039 0.266763 41.3724 4.64297 
0.105127 0.432243 47.2667 4.90136 
0.177411 0.574536 44.8873 4.72076 
0.185601 0.71791 43.3363 4.38098 
0.151254 0.495198 42.7772 4.24512 
0.135152 0.316732 44.9605 4.78232 
0.188283 0.382714 39.5394 4.26712 
0.11951 0.408495 43.9651 4.39201 
0.148756 0.437254 40.8173 4.33041 
0.12023 0.540992 35.29 4.1247 
0.134713 0.551357 42.8642 4.97775 
0.0957092 0.465752 38.638 4.55675 
0.126526 0.246699 37.5576 4.46247 
0.154921 0.579346 45.0076 4.85081 
0.179585 0.579528 40.6159 4.34918 
0.145427 0.456489 46.0596 5.15468 
0.108029 0.29741 35.7496 4.15877 
0.159591 0.441142 37.9361 4.24865 
0.142294 0.582415 52.8191 5.57222 
0.149963 0.352669 43.9315 4.8833 
0.119014 0.432164 41.8983 4.47174 
0.144025 0.365178 38.0108 4.32761 
0.138121 0.474629 34.3945 3.94445 
0.10599 0.484729 41.916 4.15525 
0.127139 0.376128 39.5278 3.91811 
0.127474 0.294625 38.2691 4.45626 
0.149341 0.332462 34.6793 4.02257 
0.127563 0.505278 41.4105 3.84603 
0.0787193 0.480396 41.1181 4.68872 
0.150316 0.492989 46.5224 5.2784 
0.125715 0.305793 37.7459 4.23397 
0.13696 0.445927 38.9686 4.44107 
0.159214 0.377729 40.8176 4.62134 
0.114519 0.363889 35.1709 3.7175 
0.19241 0.383773 39.4576 4.29154 
0.0886591 0.42502 36.5583 3.86713 
0.0752129 0.306919 41.2338 4.39408 
0.0890906 0.4811 35.4665 4.22024 
0.122364 0.486168 44.7141 4.45059 
0.108167 0.488771 37.95 3.9445 
0.131113 0.414494 48.6457 5.12299 
0.118272 0.544895 45.3043 4.88381 
0.119109 0.655588 54.5113 5.49242 
0.105964 0.35561 34.7164 3.70907 
0.118255 0.444238 35.5255 3.66085 
0.152193 0.453018 34.9738 4.14977 
0.15992 0.511741 38.0877 3.95777 
0.096325 0.494191 40.6066 4.06702 
0.15152 0.276894 39.971 4.34848 
0.147477 0.345464 38.7147 4.1825 
0.116256 0.317846 38.7029 4.16547 
0.0946996 0.50541 41.8791 4.80421 
0.122369 0.413265 41.4976 4.34394 
0.107734 0.452117 42.6529 5.0667 
0.0969432 0.252614 40.9859 4.54871 
0.103131 0.328828 40.497 4.23659 
0.164752 0.583187 45.1223 4.54659 
0.171362 0.509679 41.5417 4.5024 
0.163072 0.581073 34.2277 3.89119 
0.153068 0.597112 36.5752 4.05776 
0.157286 0.59808 38.91 3.78156 
0.175773 0.440568 41.7857 4.5231 
0.125943 0.362076 40.7887 4.70188 
0.124703 0.580756 35.4984 3.93867 
0.131742 0.292631 40.9479 4.79251 
0.188374 0.475966 45.0339 5.10514 
0.154516 0.290714 41.6245 4.80965 
0.173504 0.434719 46.9245 5.15606 
0.0829234 0.387651 42.769 4.73116 
0.158355 0.479646 42.7985 4.28507 
0.146491 0.40327 51.9762 5.8805 
0.161347 0.544992 50.9936 5.61349 
0.109831 0.580785 37.1485 3.77382 
0.121771 0.492089 41.5522 4.02638 
0.176934 0.5241 46.631 4.69253 
0.132584 0.543219 39.8666 4.30697 
0.169904 0.614036 42.7911 4.35267 
0.124389 0.620725 38.5851 4.00213 
0.145081 0.407423 43.8795 4.32137 
0.128681 0.604376 39.1346 4.20331 
0.0926377 0.421922 43.9416 4.99128 
0.133626 0.406022 46.6347 4.67192 
0.106913 0.422337 49.9601 4.85045 
0.164678 0.650641 40.6752 4.25088 
0.144769 0.305268 39.3118 4.98199 
0.134721 0.531213 47.5476 4.915 
0.113489 0.586931 38.7277 4.07531 
0.141002 0.379786 40.2948 4.2226 
0.112815 0.408282 38.1485 4.32617 
0.123745 0.590138 38.6056 3.96879 
0.150006 0.528775 43.0041 4.74428 
0.0877087 0.385844 38.1785 3.77773 
0.158463 0.406565 40.6149 4.27296 
0.169278 0.430208 39.8641 4.07041 
0.195102 0.52019 45.7173 4.9619 
0.174208 0.488435 38.869 4.02729 
0.105309 0.404021 48.5683 5.25053 
0.124587 0.572453 43.1496 5.05376 
0.0933044 0.445771 40.9004 4.46825 
0.0895795 0.342789 39.8089 4.81054 
0.0908436 0.27891 33.6798 4.05918 
0.0849944 0.491136 38.9676 3.72858 
0.106123 0.336898 39.3299 4.47988 
0.149202 0.558814 43.2035 4.42262 
0.183772 0.372636 36.7804 3.78751 
0.0754424 0.290607 37.3586 4.25298 
0.183758 0.360758 37.0297 4.03786 
0.118774 0.498945 48.7096 4.86205 
0.102705 0.528151 34.7344 3.77222 
0.118132 0.352021 37.5942 3.7546 
0.140124 0.475054 49.212 5.44126 
0.155723 0.375373 40.8813 4.69768 
0.0948553 0.311075 37.7076 4.32879 
0.11356 0.349652 47.9825 5.13172 
0.107825 0.629464 40.4849 4.30155 
0.147589 0.557513 40.7019 4.55799 
0.18781 0.429362 40.7563 4.2007 
0.110235 0.436849 40.6427 4.75695 
0.158849 0.401831 41.849 4.24511 
0.108198 0.478968 38.7373 3.91594 
0.148964 0.471755 40.3221 4.16881 
0.137556 0.307324 43.6965 4.68845 
0.156792 0.474308 40.8803 4.69642 
0.0877169 0.461723 43.2064 4.59299 
0.165272 0.562238 44.4969 4.65616 
0.164528 0.423075 35.6685 3.87568 
0.147196 0.384512 40.4848 4.15871 
0.162109 0.401244 37.5125 4.15083 
0.139924 0.300311 44.106 4.8736 
0.100533 0.216007 44.3051 5.35782 
0.143733 0.543762 34.9022 3.56746 
0.154206 0.673501 41.9572 4.55771 
0.135446 0.368172 49.0866 5.74107 
0.0987058 0.457086 40.0596 4.00216 
0.0815101 0.421817 42.6429 5.24147 
0.0861656 0.481747 49.4901 5.26163 
0.141065 0.512549 45.9292 4.97113 
0.127307 0.323654 44.0523 5.0447 
0.0937817 0.531254 45.596 4.88292 
0.168507 0.539056 44.3311 4.29338 
0.104826 0.336602 36.5644 4.01259 
0.177585 0.574551 40.2973 4.31301 
0.1364 0.530042 40.5659 4.33329 
0.167131 0.42851 44.0135 4.39794 
0.11677 0.53657 40.9066 4.45818 
0.105108 0.531765 37.4938 3.93083 
0.105742 0.509573 42.9447 4.36129 
0.104739 0.30017 39.7132 4.64371 
0.0991667 0.265794 36.2728 4.03332 
0.0940197 0.297837 44.0526 4.7974 
0.150428 0.444491 41.8939 4.57097 
0.12539 0.365301 43.4267 4.92827 
0.100897 0.533727 39.2118 3.93988 
0.169225 0.50696 43.2511 4.63969 
0.129413 0.4512 39.7108 4.14694 
0.132694 0.453829 37.8341 3.88749 
0.0986032 0.442667 41.3225 4.4817 
0.159328 0.429834 34.6492 3.98343 
0.126638 0.362728 41.0512 4.26864 
0.107315 0.323417 42.4223 4.90567 
0.157856 0.445599 40.717 4.34151 
0.134987 0.523469 45.7452 5.40051 
0.107837 0.23483 44.7752 5.11628 
0.118525 0.415062 37.0519 4.49726 
0.119882 0.44398 44.4618 4.7928 
0.153292 0.580131 41.6006 4.2042 
0.139572 0.507032 45.8866 4.99665 
0.158192 0.670866 41.6569 4.04805 
0.119387 0.493518 34.9561 3.72064 
0.148996 0.585925 38.143 4.05043 
0.149115 0.633881 39.1825 3.91291 
0.0924125 0.361988 41.1545 4.42773 
0.132945 0.495953 34.9023 4.00481 
0.141508 0.47471 37.0848 4.09777 
0.0995767 0.595031 50.8376 5.07301 
0.0852013 0.287566 37.2016 4.19788 
0.141775 0.549451 39.3261 4.3349 
0.114294 0.473613 43.5758 4.93447 
0.115021 0.337647 34.2062 3.87684 
0.1743 0.396816 40.132 4.34692 
0.128622 0.2953 41.9212 4.96818 
0.117328 0.258387 40.1091 4.44115 
0.118643 0.386036 39.9269 4.71145 
0.131681 0.351268 38.2718 4.72182 
0.151764 0.56096 40.3594 4.11532 
0.165587 0.65074 43.3896 4.44834 
0.0943715 0.387164 44.7494 4.69757 
0.120154 0.479311 40.0235 3.95966 
0.127786 0.537554 44.3994 4.25005 
0.131245 0.417315 42.7392 4.41265 
0.111619 0.326457 37.178 4.12327 
0.0883263 0.276622 37.1284 4.32084 
0.111145 0.406172 44.9323 4.62264 
0.0965364 0.391488 41.0666 4.73573 
0.134775 0.616679 36.4019 3.58875 
0.148824 0.560579 37.8487 3.63831 
0.0931627 0.367884 37.8718 4.18008 
0.12745 0.468833 46.4093 5.2041 
0.124129 0.527872 47.4643 5.15961 
0.144099 0.431911 38.8 4.01302 
0.11046 0.250307 36.8648 4.16898 
0.14329 0.359407 39.4994 4.08356 
0.13393 0.487236 41.0879 4.17341 
0.144585 0.675171 39.272 4.21538 
0.123985 0.299615 34.876 3.7883 
0.14785 0.420858 43.6527 4.50923 
0.117895 0.375975 42.6298 4.93449 
0.105976 0.44157 37.4348 4.38181 
0.176596 0.530922 38.1455 3.97733 
0.121967 0.457075 37.1663 3.72294 
0.178759 0.461464 42.88 4.24321 
0.167671 0.565761 39.7466 3.8658 
0.138745 0.460427 42.3938 4.53318 
0.143027 0.440044 43.658 4.90643 
0.119214 0.547617 39.9385 4.35054 
0.0788504 0.363377 38.1169 4.14764 
0.148399 0.387798 36.485 3.98661 
0.12609 0.484998 47.2832 4.95563 
0.0792804 0.29959 35.8197 4.05359 
0.150668 0.486804 40.4564 4.03697 
0.102816 0.302012 39.1504 4.53795 
0.138934 0.440171 41.5216 4.28312 
0.155264 0.442211 35.2531 3.83918 
0.106852 0.637015 45.6466 4.83684 
0.0912265 0.257122 41.8005 4.4166 
0.129644 0.494733 32.6822 3.67425 
0.122947 0.318738 42.3226 4.94816 
0.11106 0.37223 38.3007 3.92898 
0.136684 0.484657 45.7392 4.54121 
0.0991469 0.418391 36.4721 4.08359 
0.12679 0.434427 40.8395 4.51104 
0.147334 0.669851 39.4895 4.29858 
0.114481 0.391873 37.1881 4.18712 
0.129155 0.537344 48.2684 4.67282 
0.12897 0.460958 38.5941 4.47275 
0.115566 0.31937 41.2755 4.92572 
0.127775 0.443276 44.5194 4.82286 
0.11447 0.373438 38.7905 4.22522 
0.105515 0.366696 46.2349 4.92584 
0.0993673 0.405622 39.905 4.83477 
0.161143 0.52451 42.1649 4.14619 
0.135025 0.390741 39.4981 3.95819 
0.182376 0.574431 45.9091 4.81573 
0.147109 0.302379 39.71 4.46834 
0.123869 0.36242 44.7543 5.02316 
0.119124 0.549039 39.8866 4.08981 
0.144984 0.376585 40.4406 4.34959 
0.0991785 0.312621 33.3207 3.8148 
0.156145 0.592182 39.297 4.01681 
0.126621 0.538489 40.1932 3.98721 
0.158604 0.517266 38.195 4.40032 
0.101594 0.288884 40.187 4.45666 
0.123589 0.473339 47.0952 5.07501 
0.111706 0.444539 40.9928 4.09985 
0.168148 0.465488 44.5795 4.40141 
0.109355 0.650608 41.351 4.25032 
0.128837 0.546654 36.7391 3.81923 
0.114906 0.388949 40.9341 4.71042 
0.146446 0.365907 47.1145 5.06914 
0.155068 0.493112 39.647 4.39814 
0.122924 0.402423 43.3298 4.99981 
0.168475 0.435421 43.225 4.79913 
0.14094 0.418171 46.1127 4.77517 
0.144407 0.368729 39.1655 4.47535 
0.113273 0.35054 39.3951 4.40699 
0.137701 0.479228 42.6364 4.0312 
0.130661 0.526855 36.915 3.69096 
0.121363 0.391348 42.4439 4.82978 
0.16563 0.472402 45.9959 4.88483 
0.109251 0.463433 38.9272 3.97141 
0.162404 0.513167 46.966 4.8884 
0.104429 0.395444 48.8329 5.37418 
0.111739 0.399279 33.8647 3.66206 
0.158553 0.459423 41.2573 4.45174 
0.137015 0.317622 41.7663 4.73051 
0.135114 0.413936 38.4702 4.2779 
0.0910195 0.552336 41.7616 4.46308 
0.107732 0.571995 44.6992 4.93891 
0.178939 0.427322 40.8009 4.36858 
0.0964526 0.487121 37.237 3.84618 
0.145023 0.379647 39.4001 4.4934 
0.135236 0.523634 37.0542 4.09044 
0.121077 0.612221 34.9548 3.55062 
0.105473 0.399541 40.9519 4.53236 
0.113442 0.355056 36.6264 3.92997 
0.129355 0.436385 37.4183 3.95022 
0.149702 0.465385 36.7875 3.7195 
0.114005 0.484712 47.0452 4.81642 
0.131496 0.44738 45.0996 4.77901 
0.129572 0.322575 37.5163 4.56195 
0.148412 0.397026 40.9956 4.20921 
0.162774 0.475369 43.7363 4.41947 
0.10847 0.354032 40.4251 4.3546 
