-2000.904879
-1995.041267
-1991.86
-1988.710283
-1984.461946
-1983.397782
-1980.899675
-1975.98115
-1973.827212
-1971.878085
-1971.176401
-1970.215514
-1969.815947
-1955.909523
-1955.820236
-1952.629899
-1947.02275
-1938.773568
-1936.841409
-1936.689524
-1934.918518
-1930.938775
-1930.343251
-1930.018357
-1928.508533
-1927.757057
-1927.387905
-1925.605973
-1924.366105
-1924.139819
-1923.129979
-1918.335099
-1916.069146
-1915.543866
-1909.080108
-1906.614236
-1903.541823
-1902.649018
-1899.693441
-1899.272959
-1896.337019
-1895.164144
-1891.51054
-1886.199323
-1886.128447
-1884.603035
-1884.297966
-1878.78761
-1875.197077
-1861.877565
-1859.801014
-1857.722413
-1857.674473
-1851.855126
-1847.589692
-1842.425516
-1839.65323
-1839.649441
-1833.530307
-1827.797321
-1825.976788
-1825.308923
-1823.45157
-1823.28843
-1818.208517
-1815.539538
-1815.203209
-1814.304381
-1809.04035
-1808.170119
-1804.28428
-1802.644516
-1802.502091
-1799.039052
-1798.28842
-1795.810079
-1791.177666
-1788.448876
-1783.433351
-1781.138294
-1775.094227
-1768.65729
-1767.618919
-1762.791303
-1762.116846
-1759.880861
-1759.092212
-1758.826024
-1758.4126
-1757.727264
-1755.367049
-1752.455703
-1751.472014
-1750.071813
-1748.910578
-1747.540184
-1737.436015
-1736.484
-1730.613661
-1723.92497
-1720.568714
-1718.944462
-1716.264181
-1702.150222
-1695.202371
-1691.429343
-1689.934795
-1682.347417
-1678.796138
-1676.837746
-1670.89122
-1654.33819
-1652.166631
-1643.69153
-1643.304981
-1641.744097
-1641.304058
-1636.711385
-1634.542076
-1627.459309
-1625.725105
-1621.315913
-1620.752902
-1617.50449
-1616.980399
-1613.844002
-1613.53075
-1606.269322
-1602.762579
-1601.737587
-1601.369091
-1596.615455
-1590.814092
-1589.372598
-1584.951611
-1583.548456
-1580.886023
-1578.188847
-1577.254191
-1565.225312
-1557.714915
-1555.120494
-1555.09268
-1548.221633
-1542.027376
-1532.704266
-1531.234835
-1528.606399
-1526.770007
-1524.960911
-1519.785959
-1519.205462
-1518.421533
-1513.226873
-1504.546659
-1504.326983
-1502.704166
-1502.462283
-1501.759358
-1498.941305
-1494.32234
-1492.419855
-1490.932539
-1490.892858
-1488.13361
-1487.682086
-1485.388607
-1482.689571
-1481.286267
-1476.633982
-1476.182826
-1476.012287
-1474.133785
-1471.913897
-1471.498959
-1471.48074
-1471.188654
-1470.616011
-1459.018413
-1458.117029
-1456.800195
-1435.156832
-1431.213618
-1424.89212
-1421.506454
-1419.091778
-1418.450733
-1414.658275
-1412.511562
-1408.786867
-1407.404212
-1396.467001
-1394.519203
-1392.12794
-1385.261441
-1384.893551
-1382.893407
-1382.129208
-1381.675567
-1380.92226
-1379.895151
-1378.343838
-1377.022155
-1374.729023
-1371.345675
-1369.773812
-1360.611611
-1358.599268
-1358.221171
-1356.95825
-1355.012275
-1352.01141
-1350.482983
-1345.956529
-1343.405996
-1339.581819
-1336.101099
-1335.304535
-1330.781517
-1328.478062
-1326.513888
-1326.267049
-1325.531205
-1323.145736
-1320.746352
-1317.973748
-1312.587607
-1311.065998
-1309.102319
-1307.9289
-1304.406396
-1301.249849
-1300.185754
-1297.867128
-1296.517004
-1295.634888
-1294.340879
-1291.154503
-1290.654121
-1290.300693
-1288.674136
-1288.091828
-1286.767851
-1284.839629
-1284.548598
-1284.324895
-1281.918604
-1279.880991
-1279.062327
-1278.032558
-1275.957034
-1274.698799
-1273.753157
-1266.351344
-1264.489519
-1260.691217
-1257.45776
-1249.224819
-1247.461137
-1244.279757
-1242.106992
-1236.805631
-1233.799519
-1229.33348
-1227.772656
-1227.175384
-1226.788444
-1223.272059
-1222.838913
-1222.186355
-1221.046685
-1219.547612
-1219.306867
-1218.951454
-1217.68895
-1212.146347
-1210.65848
-1207.653455
-1200.152012
-1196.992538
-1193.804572
-1193.704691
-1193.638803
-1186.146196
-1182.824599
-1177.31129
-1173.169638
-1172.128759
-1170.8956
-1169.108068
-1167.403608
-1163.845318
-1163.828343
-1163.725252
-1162.912099
-1146.247045
-1141.095259
-1140.683518
-1136.790358
-1135.646155
-1134.484706
-1132.562665
-1132.549335
-1131.652719
-1129.180171
-1127.104865
-1127.051333
-1125.341317
-1125.240094
-1124.394716
-1121.675115
-1120.989413
-1115.985443
-1114.236856
-1114.008503
-1111.441757
-1108.67411
-1103.84974
-1103.364827
-1102.756467
-1099.859408
-1097.803338
-1097.679463
-1095.488958
-1094.161908
-1094.041809
-1092.678661
-1085.886397
-1085.530256
-1084.667376
-1083.296511
-1082.225483
-1080.093096
-1074.547762
-1074.474982
-1074.024851
-1073.356726
-1071.680937
-1070.041386
-1063.1921
-1061.8013
-1060.635833
-1060.280242
-1058.252539
-1058.237273
-1057.545613
-1056.896716
-1055.279886
-1054.801388
-1054.705524
-1052.818391
-1050.830605
-1050.563086
-1049.191173
-1048.888225
-1044.254088
-1042.271691
-1041.700368
-1037.176444
-1036.587799
-1034.96692
-1034.086373
-1031.59683
-1029.005996
-1027.713638
-1027.189906
-1026.703165
-1026.556746
-1026.262043
-1023.946918
-1022.410479
-1021.524386
-1020.749923
-1018.267404
-1012.247528
-1008.424451
-1004.676116
-1003.473507
-1002.187577
-1001.222352
-1001.081134
-998.2490565
-997.471115
-997.1676214
-996.84509
-996.5930625
-995.7582654
-994.3419225
-993.4235878
-993.3866462
-992.5558912
-991.1430061
-989.5158664
-983.2665395
-983.1324777
-981.7465293
-979.7922656
-979.0806302
-978.6419699
-976.4468723
-974.0091144
-973.1365885
-972.4395303
-971.0879611
-964.40604
-963.3611579
-962.2346941
-961.3192799
-961.083403
-960.2356262
-958.7748792
-958.4267386
-957.2995719
-956.4776383
-954.6689
-954.2584619
-954.0881161
-950.8631011
-950.1455648
-949.7042998
-948.3686134
-947.9631575
-947.7455419
-946.8146461
-943.3899443
-942.9689647
-942.9398187
-941.1213458
-941.0246576
-939.137515
-935.7270463
-932.9780366
-932.3060666
-931.9102043
-931.563056
-931.0116077
-930.4199148
-930.3742108
-928.9602772
-928.6772276
-928.5898639
-927.9707509
-927.0306374
-926.7794789
-926.1421673
-923.9208734
-922.8937692
-922.4974732
-921.9646507
-921.4774927
-921.1658336
-919.8126146
-919.5267178
-917.4290917
-915.8004035
-914.8702345
-912.6006706
-912.039994
-912.0113039
-910.2554603
-910.0564924
-909.8025274
-909.6260116
-909.0609701
-908.1883933
-907.596085
-907.1395385
-906.8357421
-906.5570751
-906.3205406
-900.0827404
-899.7873316
-897.950205
-897.8703213
-897.8535183
-896.9047708
-896.1521283
-895.2333573
-892.0475688
-890.4194783
-890.0899235
-889.9200132
-889.2425074
-886.5843338
-882.6006373
-880.9216105
-880.8394829
-880.5436166
-879.279276
-873.2778804
-872.2976398
-870.8850609
-869.7573135
-868.54009
-867.5232597
-861.9253044
-858.3854072
-857.5367391
-854.5560501
-854.533664
