-827.7108008
-827.703143
-827.6970282
-827.6960628
-827.6959714
-827.6952599
-827.6857699
-827.685031
-827.6848215
-827.6840382
-827.6759755
-827.6678963
-827.6608745
-827.6546194
-827.6542291
-827.6415672
-827.6407844
-827.6398977
-827.6321655
-827.6288329
-827.6247647
-827.620542
-827.6114304
-827.6044967
-827.6043993
-827.603353
-827.6021296
-827.601127
-827.5965599
-827.5934242
-827.5851421
-827.5775328
-827.5761296
-827.5681691
-827.5675198
-827.5642331
-827.5592114
-827.5582723
-827.5543297
-827.5461382
-827.5354687
-827.5304092
-827.5146603
-827.5129019
-827.5057947
-827.5054279
-827.4989155
-827.4969737
-827.4966751
-827.4904747
-827.4871352
-827.4856916
-827.469096
-827.4686411
-827.4653433
-827.4518437
-827.4518074
-827.4472493
-827.445656
-827.4442959
-827.4348949
-827.4282017
-827.4207293
-827.420128
-827.4171572
-827.4040679
-827.3953925
-827.394455
-827.3943578
-827.3939222
-827.3870162
-827.383677
-827.3829631
-827.3794549
-827.3789187
-827.3760821
-827.3744512
-827.3660524
-827.3610081
-827.3599035
-827.3573202
-827.3553025
-827.3526899
-827.3498063
-827.344417
-827.332928
-827.3318494
-827.3276939
-827.327058
-827.3225497
-827.322525
-827.3191102
-827.3077224
-827.3071138
-827.3064983
-827.3038469
-827.3037634
-827.3017236
-827.2999712
-827.2976989
-827.2930301
-827.2928156
-827.2902344
-827.280734
-827.2795041
-827.2788019
-827.2766708
-827.2749216
-827.267716
-827.2661279
-827.2638666
-827.2631262
-827.2577678
-827.2553037
-827.2474074
-827.2446177
-827.2381823
-827.2337358
-827.2226576
-827.2115363
-827.1925616
-827.1887967
-827.185096
-827.183473
-827.1813764
-827.1804814
-827.1793806
-827.1765507
-827.1700275
-827.1640261
-827.16375
-827.1592095
-827.1572897
-827.1506717
-827.1497962
-827.1430143
-827.1374503
-827.1353424
-827.1335366
-827.1193967
-827.1165989
-827.1156222
-827.112202
-827.1112336
-827.1049037
-827.1034912
-827.102078
-827.0974525
-827.0920809
-827.0870074
-827.083349
-827.0765074
-827.0749123
-827.0703208
-827.0534318
-827.042618
-827.0407809
-827.0350041
-827.0291332
-827.0224624
-827.0223397
-827.0206022
-827.0198053
-827.0197928
-827.0196305
-827.0138535
-827.0036384
-826.9946389
-826.9854602
-826.9728931
-826.9702851
-826.9700175
-826.9664945
-826.9653983
-826.9642809
-826.9621441
-826.9429788
-826.940769
-826.9379274
-826.9330482
-826.9253881
-826.920488
-826.9127816
-826.9052134
-826.9034576
-826.9025151
-826.89697
-826.8958703
-826.8766255
-826.8756902
-826.8747899
-826.8661166
-826.8658135
-826.8613773
-826.856729
-826.8500927
-826.8369126
-826.8364206
-826.8328951
-826.8273861
-826.8250785
-826.8231768
-826.8190784
-826.8160175
-826.8118997
-826.8086649
-826.8055833
-826.7922774
-826.7798063
-826.7731662
-826.7507409
-826.7505787
-826.7438678
-826.7433242
-826.7426791
-826.7410824
-826.7404868
-826.7339579
-826.7232763
-826.7203277
-826.7184138
-826.7181786
-826.7143357
-826.6935917
-826.6860786
-826.6771742
-826.6712333
-826.671015
-826.6686985
-826.658966
-826.6374122
-826.6325558
-826.6319817
-826.6310753
-826.6280647
-826.6196842
-826.6171973
-826.6140332
-826.6104618
-826.607685
-826.5971079
-826.5901868
-826.585457
-826.5768092
-826.5760643
-826.5758205
-826.5668732
-826.5463736
-826.5440173
-826.5353587
-826.5352002
-826.5337903
-826.5293148
-826.5217121
-826.5171504
-826.5087353
-826.505064
-826.5048036
-826.4998879
-826.4965676
-826.4917154
-826.4904955
-826.4885532
-826.4884878
-826.4788526
-826.4717874
-826.4685698
-826.4649159
-826.4619365
-826.4579164
-826.4475251
-826.4309664
-826.4286157
-826.4268475
-826.4190135
-826.4162076
-826.4130871
-826.4089053
-826.4051416
-826.3964202
-826.39546
-826.3883889
-826.3882393
-826.3752881
-826.3748048
-826.3733045
-826.3719803
-826.3719188
-826.3648268
-826.3607323
-826.3466752
-826.3448916
-826.3445605
-826.3370125
-826.3282405
-826.3275468
-826.3249149
-826.3234799
-826.3082017
-826.2960585
-826.2747433
-826.2639492
-826.2588933
-826.2454733
-826.2442125
-826.2405383
-826.2385764
-826.2370995
-826.2293886
-826.2286577
-826.2217706
-826.2104325
-826.2043424
-826.1908027
-826.1876357
-826.1749121
-826.1567094
-826.1312112
-826.1284603
-826.1206641
-826.1040423
-826.0943401
-826.0721366
-826.069027
-826.0686466
-826.0602578
-826.0461096
-826.0449645
-826.0414337
-826.0328498
-826.0233581
-826.0225394
-826.0211796
-826.0184823
-826.018422
-826.0018683
-825.9764779
-825.9745963
-825.9618406
-825.9582871
-825.9516154
-825.9368124
-825.9304
-825.9253562
-825.9173681
-825.9125012
-825.9082179
-825.9058741
-825.9050147
-825.8813755
-825.8709442
-825.8692301
-825.8593274
-825.8465345
-825.8406859
-825.8286976
-825.821162
-825.8204695
-825.8199107
-825.8063835
-825.8062371
-825.8012994
-825.7984997
-825.7918206
-825.7916418
-825.7760976
-825.7656512
-825.7654875
-825.7616545
-825.7592342
-825.7578331
-825.7541873
-825.7216272
-825.7179175
-825.713106
-825.7096514
-825.6948683
-825.6764366
-825.6727142
-825.6516675
-825.6473289
-825.642405
-825.6375754
-825.6345117
-825.6331752
-825.6240344
-825.6116307
-825.5962518
-825.5908145
-825.587347
-825.5625208
-825.5572044
-825.5413892
-825.5365142
-825.5307751
-825.5130105
-825.4861256
-825.477481
-825.4517216
-825.4431747
-825.4341619
-825.4198286
-825.4078232
-825.3667159
-825.3582698
-825.3506791
-825.3483322
-825.3331035
-825.263557
-825.2582557
-825.2548442
-825.2469257
-825.2456871
-825.2358068
-825.1985224
-825.1906794
-825.1729186
-825.129112
-825.1284499
-825.1092229
-825.0403953
-825.0202075
-825.008379
-825.0082944
-824.9817332
-824.9812259
-824.9603133
-824.9561672
-824.9401314
-824.926411
-824.8472526
-824.8243956
-824.7640597
-824.7331667
-824.7029318
-824.6906826
-824.6755936
-824.6567162
-824.6457501
-824.5952229
-824.5937226
-824.5759844
-824.5590647
-824.5526956
-824.5446445
-824.5231981
-824.456622
-824.4521934
-824.4042184
-824.4034821
-824.3848598
-824.3435015
-824.3398106
-824.2980333
-824.2727756
-824.226479
-824.2111431
-824.2106329
-824.1885218
-824.1695255
-824.1685757
-824.1423691
-824.1341185
-824.1229535
-824.0922702
-824.056878
-824.0390116
-824.0279586
-823.986098
-823.9614113
-823.9600206
-823.9578343
-823.8859624
-823.8841327
-823.8720227
-823.827111
-823.8196086
-823.8093917
-823.8093193
-823.7105406
-823.7019354
-823.6589239
-823.6378867
-823.4503956
-823.44516
-823.4171498
-823.2033019
-823.1521071
-823.1143307
-823.1045843
-823.079279
-822.8257915
-822.7368272
-822.7193021
-822.6472704
-822.4176471
-822.2943895
-821.9280634
-821.6459053
-821.4296453
