2.50523 
2.44479 
0.658085 
2.26249 
0.666872 
0.667262 
0.65532 
0.692426 
0.701936 
2.11129 
0.68194 
0.751489 
0.774532 
1.99523 
2.03481 
0.715879 
0.678074 
0.702091 
0.728437 
0.648984 
0.733897 
0.785761 
0.772882 
0.71393 
0.706649 
1.89471 
0.788822 
0.872657 
1.83553 
1.90447 
0.859491 
1.88052 
1.88366 
1.78538 
0.861072 
0.832559 
1.70779 
1.77437 
0.927067 
1.72791 
0.897411 
0.875815 
1.70707 
0.901312 
0.917172 
0.845672 
1.68709 
0.8769 
1.71431 
1.60958 
0.987524 
1.04322 
0.911198 
1.00353 
1.56363 
1.62647 
0.976295 
1.54516 
1.18312 
0.989683 
1.60573 
1.01284 
1.05224 
0.961048 
1.01912 
1.28604 
1.02817 
1.22602 
0.972739 
0.903852 
1.62074 
1.4414 
1.52778 
1.49071 
1.12638 
1.46767 
1.07058 
1.1971 
1.08246 
0.917999 
1.4981 
1.03269 
1.10459 
1.30186 
1.22182 
1.12893 
1.1403 
1.14571 
1.29058 
1.13238 
1.13829 
1.1689 
1.31118 
1.00232 
1.03808 
1.26907 
1.06848 
1.38609 
1.42854 
1.21182 
1.1329 
1.18913 
1.16757 
1.34787 
1.19685 
1.27594 
1.38496 
1.11575 
1.16699 
1.12067 
1.31983 
1.3886 
1.46642 
1.21701 
1.35051 
1.28507 
1.06309 
1.30704 
1.11645 
1.26548 
1.12719 
1.15279 
1.31182 
1.35734 
1.2878 
1.12907 
1.30341 
1.26347 
1.46929 
1.28037 
