-59.61497798
-59.52848852
-59.4983621
-59.22489465
-59.18106457
-59.11079621
-58.997864
-58.74484623
-58.53310691
-58.28497098
-58.22031237
-57.93259252
-57.89987662
-57.67967851
-57.35842555
-57.2651734
-56.94704168
-56.59218061
-56.56996198
-56.47474383
-56.32469997
-56.2304563
-56.19099194
-56.14370595
-56.140092
-56.04629326
-56.03437829
-55.75660314
-55.71165632
-55.67954593
-55.67005793
-55.63799454
-55.5921333
-55.55598
-55.23952915
-55.23257501
-55.16090152
-55.09177137
-54.96813747
-54.92568267
-54.86178731
-54.85241995
-54.74710697
-54.55730783
-54.3681497
-54.22206155
-54.14619385
-54.06790734
-53.84427337
-53.7807443
