-54.97951568
-54.97536848
-54.96813747
-54.95003459
-54.92568267
-54.9141913
-54.86855894
-54.86320492
-54.86178731
-54.85792995
-54.85345842
-54.85241995
-54.79547082
-54.76199734
-54.74710697
-54.746331
-54.7427552
-54.71003297
-54.65422039
-54.64401394
-54.63681938
-54.63383209
-54.59400231
-54.59058051
-54.58345579
-54.56772928
-54.55730783
-54.55530082
-54.52878823
-54.50994744
-54.50571514
-54.4815952
-54.4705084
-54.46250949
-54.43413442
-54.42308354
-54.38684013
-54.3681497
-54.27732555
-54.24990786
-54.22206155
-54.16658719
-54.14619385
-54.06790734
-54.02699372
-54.008728
-53.94870717
-53.84427337
-53.7807443
-53.54317667
