-56.19099194
-56.17561106
-56.14370595
-56.140092
-56.09557606
-56.04629326
-56.03437829
-55.82440465
-55.81884414
-55.75660314
-55.71165632
-55.67954593
-55.67005793
-55.63799454
-55.61510224
-55.5921333
-55.55598
-55.54102868
-55.39753651
-55.390684
-55.32942634
-55.23952915
-55.23257501
-55.16686934
-55.16090152
-55.13174173
-55.1132787
-55.09177137
-54.97951568
-54.97536848
-54.96813747
-54.95003459
-54.92568267
-54.86855894
-54.86178731
-54.85241995
-54.74710697
-54.746331
-54.59400231
-54.58345579
-54.55730783
-54.4705084
-54.3681497
-54.27732555
-54.22206155
-54.16658719
-54.14619385
-54.06790734
-53.84427337
-53.7807443
