1.20828 
1.03308 
1.47241 
1.26394 
1.29096 
1.05209 
1.03009 
1.09078 
1.46354 
1.20115 
1.29515 
1.55805 
1.15267 
1.52369 
1.11727 
1.24909 
1.16605 
1.03985 
1.02867 
1.49237 
1.11889 
1.3327 
1.57334 
1.37051 
1.17247 
1.13535 
1.10854 
1.11056 
1.37694 
1.50649 
1.31136 
1.51697 
1.07387 
1.17352 
1.1396 
1.20052 
1.42539 
1.09138 
1.37969 
1.13608 
1.53975 
1.22291 
1.08417 
1.4151 
1.29134 
1.4774 
1.05769 
1.06512 
1.45525 
1.13089 
1.49334 
1.46247 
1.45139 
1.46455 
1.39376 
1.07603 
1.12025 
1.39799 
1.18134 
1.1159 
1.60086 
1.20188 
1.08927 
1.24911 
1.07051 
1.10365 
1.11355 
1.41644 
1.46669 
1.10358 
1.32198 
1.37145 
1.1278 
1.39413 
1.55382 
1.24175 
1.06953 
1.08731 
1.43846 
1.46386 
1.4151 
1.50944 
1.08005 
1.42418 
1.19092 
1.17276 
1.13208 
1.07341 
1.46031 
1.15175 
1.03535 
1.28329 
1.40076 
1.48133 
1.43172 
1.16574 
1.18407 
1.29461 
1.10483 
1.43695 
1.15156 
1.47154 
1.09084 
1.19334 
1.19275 
1.2548 
1.40969 
1.2918 
1.45373 
1.14285 
1.44843 
1.47491 
1.22137 
1.13453 
1.14071 
1.21052 
1.17274 
1.42023 
1.21245 
1.04514 
1.22509 
1.45035 
1.09026 
1.08662 
1.45151 
1.2632 
1.14343 
1.24024 
0.97457 
1.32233 
1.2539 
1.18149 
1.0474 
1.17217 
1.47195 
1.47228 
1.45109 
1.4201 
1.11106 
1.09464 
1.55335 
1.09023 
1.1945 
1.3692 
1.07073 
1.25203 
1.33152 
1.35327 
1.45442 
1.26321 
1.36456 
1.05241 
1.17436 
1.27834 
1.20316 
1.08468 
1.05646 
1.07862 
1.35608 
1.32479 
1.50602 
1.15483 
1.38994 
1.1397 
1.3448 
1.36533 
1.38994 
1.20233 
1.36734 
1.13165 
1.34111 
1.12005 
1.41127 
1.4004 
1.18394 
1.49315 
1.12502 
1.19945 
1.08314 
1.36256 
1.3698 
1.07837 
1.14453 
1.06702 
1.16529 
1.14226 
1.42019 
1.21233 
1.30592 
1.36927 
1.1269 
1.40129 
1.07703 
1.40717 
1.03926 
1.41715 
1.44607 
1.45809 
1.28275 
1.2865 
1.05807 
1.38551 
1.42044 
1.08828 
1.09435 
1.38409 
1.10632 
1.44026 
1.3222 
1.18669 
1.02781 
1.42687 
1.04218 
1.46972 
1.20374 
1.11013 
1.27312 
1.23539 
1.10153 
1.44679 
1.46378 
1.20292 
1.19906 
1.03388 
1.08336 
1.05265 
1.12127 
1.38654 
1.42423 
1.42008 
1.04698 
1.48827 
1.33004 
1.15713 
1.22869 
1.4151 
1.26111 
1.44671 
1.07262 
1.36657 
1.07678 
1.53127 
1.21492 
1.19376 
1.16845 
1.24641 
1.43097 
1.45407 
1.44551 
1.17066 
1.5145 
1.19697 
1.39572 
1.35489 
1.34998 
1.56965 
1.05848 
1.1125 
1.16689 
1.05258 
1.15741 
1.31968 
1.14422 
1.09921 
1.20188 
1.3097 
1.44066 
1.36944 
1.50316 
1.21936 
1.26848 
1.36507 
1.47888 
1.17322 
1.5004 
1.27506 
1.27283 
1.05639 
1.43149 
1.18694 
1.51877 
1.14564 
1.06649 
1.36285 
1.06145 
1.38586 
1.32458 
1.17608 
1.40861 
1.12407 
1.32813 
1.19198 
1.33859 
1.34973 
1.259 
1.49902 
1.20078 
1.12713 
1.11913 
1.32931 
1.50682 
1.04416 
1.06055 
1.11848 
1.08566 
1.09041 
1.3424 
1.19045 
1.32232 
1.13095 
1.08747 
1.04156 
1.18244 
1.39248 
1.21981 
1.07847 
1.03459 
1.19341 
1.08417 
1.12109 
1.31623 
1.38074 
1.4917 
1.40206 
1.07813 
1.31888 
1.27733 
1.29924 
1.11558 
1.48203 
1.15103 
1.07092 
1.17805 
1.35003 
1.4896 
1.07565 
1.27327 
1.19594 
1.21499 
1.05007 
1.41508 
1.33847 
1.24314 
1.24905 
1.47282 
1.38297 
1.25308 
1.31646 
1.23863 
1.05215 
1.1938 
1.30963 
1.21178 
1.44413 
1.36664 
1.19954 
1.41295 
1.29716 
1.47883 
1.15052 
1.44297 
1.30558 
1.31536 
1.31536 
1.05357 
1.33932 
1.14081 
1.36517 
1.30454 
1.1581 
1.26114 
1.37483 
1.16516 
1.09735 
1.10474 
1.19833 
1.21872 
1.19365 
1.27649 
1.13945 
1.4421 
1.48191 
1.12292 
1.486 
1.16564 
1.20416 
1.21337 
1.49847 
1.31764 
1.35827 
1.03564 
1.09776 
1.12787 
1.35952 
1.35131 
1.41924 
1.16249 
1.40754 
1.44979 
1.16943 
1.43106 
1.29507 
1.47607 
1.31094 
1.47125 
1.01614 
1.14365 
1.12735 
1.21144 
1.296 
1.29623 
1.17848 
1.41248 
1.42704 
1.13389 
1.48592 
1.29014 
1.36857 
1.23636 
1.40933 
1.51072 
1.0573 
1.12451 
1.40249 
1.50043 
1.41438 
1.17927 
1.22858 
1.29396 
1.06785 
1.23246 
1.16986 
1.43841 
1.27832 
1.41824 
1.08674 
1.2941 
1.44201 
1.46277 
1.07294 
1.41323 
1.15241 
1.26116 
1.41218 
1.22589 
1.34005 
1.27122 
1.53806 
1.36539 
1.15871 
1.29621 
1.169 
1.37736 
1.1079 
1.14239 
1.35683 
1.15392 
1.27816 
1.23609 
1.37932 
0.98613 
1.38061 
1.48324 
1.16573 
1.37313 
1.29103 
1.17759 
1.12198 
1.29002 
1.15857 
1.33617 
1.28747 
1.31069 
1.11867 
1.21748 
1.03519 
1.27475 
1.43361 
1.21525 
1.0525 
1.05999 
1.26849 
1.37611 
1.34606 
1.10646 
1.33508 
1.21209 
1.2409 
1.2797 
1.41747 
1.21628 
1.30466 
1.15391 
1.10745 
1.33193 
1.40746 
1.18487 
1.33611 
1.42736 
1.23748 
1.04012 
1.34664 
1.20766 
1.50361 
1.11173 
1.23283 
1.16429 
1.36575 
1.2038 
1.32597 
1.19443 
1.42302 
1.40351 
1.09037 
1.28627 
1.14418 
1.12226 
1.44136 
1.34959 
1.34663 
1.30472 
1.18354 
1.45252 
1.35531 
1.54998 
1.22151 
1.27753 
1.25131 
1.36188 
1.13723 
1.45275 
1.10249 
1.11887 
1.35328 
1.31268 
1.251 
1.12361 
1.47869 
1.24279 
1.13421 
1.43044 
1.47553 
1.23298 
1.22966 
1.46115 
1.36924 
1.05503 
1.08026 
1.25872 
1.22136 
1.25629 
1.12685 
1.3451 
1.12469 
1.22048 
1.45588 
1.19266 
1.20982 
1.34224 
1.08433 
1.41316 
1.16481 
1.29044 
1.41639 
1.27212 
1.4417 
1.38021 
1.41687 
1.20309 
1.28308 
1.27195 
1.07472 
1.3423 
1.15211 
1.32781 
1.29227 
1.07695 
1.542 
1.20495 
1.33096 
1.22482 
1.10384 
1.14562 
1.45346 
1.4039 
1.21599 
1.26026 
1.24425 
1.31061 
1.20216 
1.34099 
1.35824 
1.40187 
1.19495 
1.11535 
1.2845 
1.32607 
1.31812 
1.22061 
1.19808 
1.19712 
1.17942 
1.3781 
1.27668 
1.1267 
1.00576 
1.11694 
1.21798 
1.14056 
1.16145 
1.40695 
1.28107 
1.31632 
1.25539 
1.44033 
1.48652 
1.26646 
1.13484 
1.2926 
1.39065 
1.15962 
1.12365 
1.37359 
1.42255 
1.33914 
1.46648 
1.15356 
1.27398 
1.40673 
1.18975 
1.08832 
1.1826 
1.24645 
1.41194 
1.14933 
1.23693 
1.24903 
1.22963 
1.27621 
1.47123 
1.21219 
1.49224 
1.29199 
1.24533 
1.22738 
1.27754 
1.22212 
1.11161 
1.14765 
1.10352 
1.42972 
1.42647 
1.07362 
1.4962 
1.4966 
1.23195 
1.32275 
1.22985 
1.37034 
1.33237 
1.34969 
1.42106 
1.25966 
1.21405 
1.11927 
1.38116 
1.40055 
1.30536 
1.30977 
1.32687 
1.43693 
1.35927 
1.17868 
1.41927 
1.31475 
1.21654 
1.25229 
1.36399 
1.26774 
1.29645 
1.16448 
1.18492 
1.26669 
1.17941 
1.17454 
1.30022 
1.31383 
1.32875 
1.181 
1.30458 
1.46452 
1.39927 
1.36824 
1.28303 
1.42564 
1.25098 
1.44322 
1.31634 
1.22909 
1.20033 
1.21787 
1.26841 
1.21996 
1.38715 
1.16494 
1.20727 
1.44956 
1.11846 
1.44115 
1.32101 
1.24551 
1.2365 
1.38027 
1.39506 
1.12297 
1.10674 
1.296 
1.29135 
1.19013 
1.17131 
1.42497 
1.1146 
1.1085 
1.12521 
1.32483 
1.10753 
1.20414 
1.35737 
1.34088 
1.41334 
1.0859 
1.17059 
1.30914 
1.24121 
1.3072 
1.30719 
1.28217 
1.23219 
1.37102 
1.42479 
1.11697 
1.1693 
1.4072 
1.47185 
1.05417 
1.12866 
1.35838 
1.34854 
1.16235 
1.22726 
1.44406 
1.17704 
1.13672 
1.0885 
1.26571 
1.33399 
1.18196 
1.28295 
1.19426 
1.12518 
1.07464 
1.38637 
1.19872 
1.36593 
1.3823 
1.09562 
1.31301 
1.45143 
1.17429 
1.07432 
1.29986 
1.42184 
1.41613 
1.15417 
1.41269 
1.15057 
1.22358 
1.2508 
1.44028 
1.33395 
1.21738 
1.25994 
1.25833 
1.18509 
1.24771 
1.20588 
1.30505 
1.24824 
1.19457 
1.21019 
1.18403 
1.26222 
1.14542 
1.40319 
1.27728 
1.42924 
1.33776 
1.22237 
1.42865 
1.20696 
1.45314 
1.29293 
1.33424 
1.1198 
1.16467 
1.11851 
1.12224 
1.30944 
1.26019 
1.38767 
1.31699 
1.11395 
1.1809 
1.18174 
1.36214 
1.16031 
1.11944 
1.2629 
1.26489 
1.32631 
1.18512 
1.23311 
1.14466 
1.47799 
1.31337 
1.18844 
1.28478 
1.33608 
1.15459 
1.3196 
1.31373 
1.13568 
1.2818 
1.34652 
1.21753 
1.2441 
1.29677 
1.26404 
1.1951 
1.28743 
1.37355 
1.05165 
1.17057 
1.10783 
1.32305 
1.2655 
1.35145 
1.24835 
1.23936 
1.30574 
1.15138 
1.24586 
1.26609 
1.48225 
1.27117 
1.356 
1.27423 
1.29077 
1.25124 
1.34296 
1.34484 
1.23093 
1.29252 
1.27317 
1.31967 
1.44202 
1.28128 
1.3964 
1.13325 
1.16974 
1.46563 
1.27406 
1.25454 
1.24034 
1.12598 
1.19132 
1.3268 
1.23944 
1.21895 
1.16723 
1.28055 
1.31833 
1.3475 
1.20664 
1.44331 
1.18978 
1.1111 
1.31125 
1.27406 
1.41417 
1.23485 
1.24085 
1.16775 
1.38238 
1.24715 
1.25772 
1.19451 
1.21576 
1.16447 
1.18276 
1.24273 
1.32201 
1.30005 
1.37258 
1.1952 
1.27508 
1.25917 
1.18636 
1.19043 
1.37252 
1.23453 
1.2288 
1.14997 
1.11676 
1.2705 
1.46853 
1.22764 
1.22237 
1.07545 
1.16739 
1.1453 
1.14859 
1.33591 
1.32499 
1.23644 
1.1669 
1.27445 
1.40725 
1.22388 
1.38372 
1.29168 
1.20837 
1.09843 
1.42667 
1.32133 
1.22031 
1.31127 
1.31968 
1.2035 
1.3319 
1.35697 
1.31277 
1.11555 
1.32275 
1.314 
1.1701 
1.16858 
1.48303 
1.16431 
1.09156 
1.27486 
1.35482 
1.21854 
1.07339 
1.28556 
1.27365 
1.40131 
1.2257 
1.2161 
1.33606 
1.29665 
1.23171 
1.30476 
1.30614 
1.2554 
1.28249 
1.17598 
1.21313 
1.31794 
1.37015 
1.35324 
1.29937 
1.25079 
1.23764 
1.11741 
1.18752 
1.33455 
1.18855 
1.35179 
1.28273 
1.23051 
1.3148 
1.259 
1.28893 
1.27775 
1.14925 
1.3092 
1.30735 
1.2139 
1.23156 
1.2515 
1.39152 
1.35995 
1.36781 
1.24681 
1.22167 
1.29227 
1.26615 
1.31613 
1.2137 
