0.836295 
0.803891 
0.784777 
0.757358 
0.807954 
1.91122 
1.90319 
0.803081 
0.784427 
1.88489 
1.89511 
0.682407 
0.780087 
1.90096 
1.86588 
0.850013 
0.750995 
0.769772 
0.772943 
0.794838 
0.844943 
1.74786 
1.90959 
1.93898 
1.90447 
1.8871 
0.859757 
0.797979 
0.808376 
1.91965 
0.815397 
0.740509 
1.96092 
0.803074 
0.796731 
1.85655 
1.87209 
1.80503 
0.833236 
0.81911 
0.901549 
0.775394 
1.88337 
1.86594 
0.845911 
0.808983 
0.843361 
0.824588 
0.788411 
0.864996 
1.82308 
0.818094 
0.787246 
0.768635 
1.80197 
0.811968 
1.77263 
1.83668 
0.784988 
1.91853 
1.91212 
1.87823 
0.89625 
1.8526 
0.752428 
0.835397 
1.87975 
1.84695 
0.816151 
0.818554 
1.81595 
0.840745 
0.803362 
1.85061 
0.799774 
0.838751 
0.870601 
1.84084 
0.812277 
0.862388 
1.81672 
1.89486 
1.81969 
0.775226 
0.799953 
0.830649 
0.831327 
0.83613 
0.791853 
0.807476 
0.824713 
0.86423 
0.832663 
0.822806 
1.79253 
0.790074 
0.797225 
1.86942 
1.79346 
1.80095 
1.77533 
1.88897 
1.83805 
1.80846 
1.84899 
1.80024 
1.79545 
0.936796 
1.82317 
0.837895 
1.79984 
0.89289 
0.763328 
0.797623 
0.827725 
1.80328 
1.86194 
1.77535 
0.814717 
1.77132 
1.73842 
1.77081 
0.878135 
1.86489 
0.8485 
0.862125 
0.825262 
0.842396 
0.859451 
1.8132 
1.80214 
0.868847 
1.81774 
0.848899 
0.870293 
0.837551 
0.83099 
0.835159 
1.8164 
0.820925 
1.75515 
0.81766 
0.795046 
1.74808 
0.829377 
0.831716 
1.72776 
0.887798 
1.74601 
0.854605 
0.899245 
0.845966 
1.80334 
1.68933 
0.891478 
0.889856 
0.813641 
0.81883 
0.835349 
1.77217 
1.85707 
0.856538 
1.8102 
1.80213 
1.80202 
0.825144 
1.81442 
0.906355 
0.810565 
1.73624 
0.820852 
0.887353 
1.77193 
0.852355 
0.829657 
1.71673 
1.73667 
0.825602 
0.896141 
1.76407 
0.962445 
1.67765 
1.8035 
0.82079 
0.875157 
1.75712 
0.857481 
0.878425 
0.886747 
0.820799 
0.917769 
1.74138 
1.81732 
1.85358 
0.92801 
0.806 
0.866187 
1.67278 
1.79021 
1.78196 
0.916653 
0.892184 
1.7521 
0.869607 
0.8916 
0.917399 
1.76364 
1.69187 
0.860732 
0.912549 
0.854417 
1.78605 
1.68877 
0.875701 
0.882945 
1.7756 
1.69379 
0.929955 
1.769 
1.67992 
0.81816 
1.71282 
0.889584 
1.70528 
1.76077 
0.790618 
1.74612 
0.862408 
1.80828 
1.78154 
0.909369 
0.913251 
0.874656 
1.77444 
0.882574 
1.74622 
1.69415 
1.65772 
0.849447 
1.63626 
0.833033 
0.928468 
1.71222 
1.7424 
0.886869 
0.882015 
1.65936 
0.920758 
1.72199 
1.67807 
0.903539 
0.942325 
0.900261 
1.71915 
0.870965 
0.865021 
1.68388 
1.61036 
0.861358 
1.74918 
1.7003 
0.794197 
1.75923 
1.65787 
0.915131 
1.70506 
0.881302 
0.842503 
1.76544 
1.68446 
0.915242 
0.89817 
1.74773 
1.69403 
0.90358 
0.975214 
1.72467 
0.915501 
0.924207 
0.863294 
0.889627 
1.74309 
0.945281 
1.7277 
0.967099 
1.739 
1.74614 
1.64149 
0.897149 
0.859419 
0.928665 
1.72873 
1.65255 
0.896352 
0.890169 
1.69697 
0.939052 
1.66749 
0.900256 
0.93378 
1.67088 
0.959919 
1.69854 
1.64285 
0.937724 
0.941553 
0.904372 
0.94401 
1.64511 
1.66486 
1.65953 
1.64641 
0.958339 
1.66883 
0.909777 
1.6487 
1.64955 
0.905251 
1.6492 
1.62916 
1.73386 
1.69099 
0.922496 
0.910496 
0.964932 
1.69703 
1.69948 
0.87503 
0.941993 
0.978104 
1.67257 
0.936309 
0.872845 
1.65705 
1.66765 
1.59489 
1.60374 
0.900291 
1.56965 
1.67062 
1.05518 
1.69373 
1.61327 
0.938022 
0.883174 
1.68277 
0.913845 
1.65692 
0.939494 
0.89603 
0.961421 
1.59272 
0.841196 
1.63882 
1.67303 
0.999329 
1.00251 
0.963371 
1.59959 
1.70712 
1.73602 
1.76517 
0.984345 
0.876288 
1.61944 
0.905856 
1.70024 
1.63908 
1.60976 
1.71748 
0.853703 
0.959246 
1.62021 
0.882893 
0.971579 
0.980599 
1.6836 
1.66561 
1.70749 
1.638 
0.971222 
1.65906 
1.64457 
1.66447 
0.996141 
1.59488 
0.962711 
1.04183 
1.61947 
1.58725 
1.53906 
1.70021 
1.61928 
0.960912 
1.63134 
0.970587 
1.64267 
0.959316 
0.996521 
1.0443 
0.941263 
1.68984 
1.01107 
1.66989 
1.63802 
0.909951 
0.938096 
1.65775 
1.52876 
0.944644 
0.900632 
0.980711 
1.55195 
0.910371 
1.6799 
1.64324 
1.64736 
1.64487 
0.973768 
0.919346 
1.00154 
0.957009 
0.952083 
0.888022 
0.930478 
0.964729 
0.931157 
0.975358 
0.962528 
1.73572 
1.68834 
1.63987 
1.5591 
0.910638 
1.57507 
0.991746 
1.52414 
1.63516 
1.51638 
0.917753 
1.72416 
0.917772 
0.936667 
1.0322 
0.982984 
1.01622 
1.03534 
1.57499 
1.59467 
0.9746 
1.04919 
0.94453 
1.01398 
1.62588 
0.955316 
1.63825 
1.65932 
1.00966 
1.63083 
0.975369 
0.982536 
1.08018 
1.6266 
1.57849 
1.53867 
1.05083 
0.965419 
1.10502 
1.01445 
0.966687 
1.50969 
1.06054 
1.60132 
0.966237 
1.00366 
0.96735 
1.00185 
1.07772 
1.54701 
1.48994 
0.904342 
1.08737 
1.5808 
1.57497 
1.56843 
0.993526 
1.07949 
1.03516 
1.63265 
0.916085 
0.960935 
0.957229 
1.63776 
0.973002 
1.55572 
1.5164 
0.986288 
1.61013 
1.64208 
1.36222 
1.41904 
1.59484 
1.52528 
0.949298 
1.63458 
1.12073 
1.55423 
1.58514 
1.00611 
1.3626 
1.02626 
1.20984 
0.978569 
1.51029 
1.59056 
0.990958 
1.55102 
1.65123 
1.49998 
1.04048 
0.943319 
0.970456 
0.99689 
1.67548 
1.03672 
1.01257 
1.4975 
1.58588 
1.56029 
1.00848 
1.0348 
1.0592 
1.54041 
1.58132 
1.04414 
1.21705 
1.46405 
0.939751 
1.087 
1.53566 
1.18857 
1.03946 
1.54118 
0.997143 
0.967287 
1.01225 
1.00598 
1.03831 
1.10106 
0.973947 
1.06178 
1.54858 
1.45711 
1.62981 
0.959826 
0.969689 
1.18592 
1.51664 
1.53479 
1.52348 
1.54746 
0.939108 
1.19865 
1.09682 
1.4868 
1.5961 
1.51025 
1.02532 
1.61632 
1.49571 
1.03945 
1.00571 
1.48736 
0.975475 
1.03748 
1.14663 
1.06349 
1.56197 
1.48445 
1.5158 
1.53211 
1.50433 
1.01179 
1.56413 
1.05541 
1.14424 
1.39442 
1.02682 
0.992096 
1.14002 
1.55251 
1.41913 
1.62564 
0.969598 
1.34558 
1.08074 
1.49167 
0.941103 
1.47555 
1.45508 
1.49075 
1.03897 
1.49501 
1.20097 
1.03651 
1.04908 
1.59395 
1.37478 
1.0773 
1.06771 
1.06378 
1.03097 
1.01258 
1.11783 
1.39787 
1.14836 
1.31865 
1.03013 
1.47628 
1.50933 
1.50624 
1.44274 
1.43897 
1.51394 
1.14534 
1.47219 
1.43247 
1.09983 
1.16345 
1.05165 
1.42537 
0.999119 
1.29527 
1.45104 
1.16267 
1.39157 
1.00766 
1.08712 
1.07677 
1.17651 
1.07617 
1.41806 
1.11601 
1.54381 
1.10297 
1.5758 
1.102 
1.21094 
1.42646 
1.49532 
1.41742 
1.11088 
1.09799 
1.23608 
1.16126 
1.25806 
1.08975 
1.50347 
1.1048 
1.14094 
1.07592 
1.16405 
1.09083 
1.33063 
1.50009 
1.4545 
1.39441 
1.20442 
1.26097 
1.10226 
1.12925 
1.14531 
1.04977 
1.33307 
1.45688 
1.06059 
1.41071 
1.36147 
1.07752 
1.03308 
1.05209 
1.09078 
1.29515 
1.11727 
1.24909 
1.02867 
1.11889 
1.57334 
1.37051 
1.10854 
1.50649 
1.07387 
1.09138 
1.22291 
1.06512 
1.45525 
1.13089 
1.49334 
1.24911 
1.10365 
1.10358 
1.37145 
1.55382 
1.24175 
1.08005 
1.19092 
1.43695 
1.09084 
1.2548 
1.14285 
1.22137 
1.21245 
1.22509 
1.09026 
1.14343 
1.24024 
1.32233 
1.0474 
1.47195 
1.4201 
1.09464 
1.55335 
1.1945 
1.25203 
1.05241 
1.27834 
1.20316 
1.08468 
1.07862 
1.35608 
1.15483 
1.20233 
1.36734 
1.41127 
1.4004 
1.07837 
1.06702 
1.16529 
1.1269 
1.03926 
1.41715 
1.44607 
1.45809 
1.38551 
1.08828 
1.42687 
1.46972 
1.27312 
1.23539 
1.46378 
1.12127 
1.38654 
1.4151 
1.07678 
1.21492 
1.45407 
1.19697 
1.34998 
1.31968 
1.14422 
1.20188 
1.3097 
1.50316 
1.47888 
1.27506 
1.43149 
1.18694 
1.51877 
1.14564 
1.36285 
1.259 
1.08566 
1.09041 
1.19045 
1.08747 
1.18244 
1.39248 
1.07847 
1.03459 
1.40206 
1.29924 
1.15103 
1.07092 
1.17805 
1.35003 
1.27327 
1.19594 
1.05007 
1.41508 
1.33847 
1.23863 
1.44413 
1.44297 
1.31536 
1.09735 
1.48191 
1.12292 
1.16564 
1.20416 
1.31764 
1.35827 
1.12787 
1.41924 
1.16943 
1.31094 
1.47125 
1.41248 
1.42704 
1.40933 
1.29396 
1.23246 
1.44201 
1.07294 
1.41323 
1.27122 
1.1079 
1.37932 
0.98613 
1.37313 
1.15857 
1.33617 
1.43361 
1.0525 
1.05999 
1.26849 
1.10646 
1.21628 
1.33611 
1.23748 
1.34664 
1.20766 
1.50361 
1.11173 
1.23283 
1.42302 
1.40351 
1.18354 
1.35531 
1.22151 
1.27753 
1.36188 
1.11887 
1.47869 
1.22966 
1.05503 
1.12685 
1.12469 
1.29044 
1.41639 
1.27212 
1.4417 
1.20309 
1.28308 
1.3423 
1.32781 
1.07695 
1.542 
1.33096 
1.22482 
1.14562 
1.4039 
1.21599 
1.26026 
1.31061 
1.20216 
1.35824 
1.11535 
1.17942 
1.14056 
1.28107 
1.25539 
1.44033 
1.48652 
1.42255 
1.33914 
1.40673 
1.08832 
1.1826 
1.14933 
1.47123 
1.21219 
1.24533 
1.22738 
1.14765 
1.10352 
1.42972 
1.4966 
1.23195 
1.22985 
1.34969 
1.21405 
1.11927 
1.40055 
1.30536 
1.30977 
1.43693 
1.35927 
1.31475 
1.36399 
1.26774 
1.29645 
1.16448 
1.26669 
1.17454 
1.46452 
1.31634 
1.22909 
1.26841 
1.44956 
1.39506 
1.12297 
1.17131 
1.20414 
1.35737 
1.34088 
1.41334 
1.30914 
1.3072 
1.23219 
1.37102 
1.11697 
1.47185 
1.34854 
1.17704 
1.31301 
1.17429 
1.29986 
1.41613 
1.15417 
1.22358 
1.44028 
1.18509 
1.20588 
1.22237 
1.20696 
1.45314 
1.16467 
1.11851 
1.30944 
1.38767 
1.32631 
1.47799 
1.31337 
1.28478 
1.34652 
1.29677 
1.1951 
1.05165 
1.32305 
1.30574 
1.15138 
1.24586 
1.26609 
1.27117 
1.25124 
1.34484 
1.44202 
1.25454 
1.3268 
1.21895 
1.31833 
1.41417 
1.23485 
1.30005 
1.1952 
1.27508 
1.18636 
1.37252 
1.23453 
1.11676 
1.46853 
1.22764 
1.07545 
1.16739 
1.14859 
1.1669 
1.40725 
1.29168 
1.22031 
1.31277 
1.32275 
1.48303 
1.16431 
1.07339 
1.27365 
1.40131 
1.2257 
1.29937 
1.18855 
1.35179 
1.23051 
1.259 
1.28893 
1.30735 
1.2139 
1.23156 
1.2515 
1.36781 
1.24681 
1.26615 
