-77.0605
-75.7952
-75.7569
-75.0774
-74.9728
-74.7998
-74.5912
-74.4551
-74.4495
-74.049
-73.5808
-73.3261
-73.1663
-73.1072
-72.9996
-72.6734
-72.6158
-72.4553
-72.446
-72.2912
-72.2804
-72.0593
-72.0239
-71.8885
-71.7267
-71.7165
-71.6386
-71.4587
-71.3066
-71.2433
-71.1655
-71.0208
-70.9503
-70.9005
-70.7754
-70.7162
-70.6878
-70.6528
-70.4941
-70.4409
-70.313
-70.2832
-70.2767
-70.1741
-69.999
-69.9971
-69.9799
-69.7811
-69.7237
-69.707
-69.5886
-69.5487
-69.3248
-69.224
-69.1113
-69.0785
-68.9364
-68.9299
-68.9112
-68.813
-68.7734
-68.5299
-68.4387
-67.8757
-67.839
-67.74
-67.6964
-67.6964
-67.6604
-67.6355
-67.5868
-67.5819
-67.4466
-67.3738
-67.2689
-67.2408
-67.1972
-67.0862
-67.0572
-66.9947
-66.854
-66.7679
-66.6961
-66.6599
-66.6405
-66.6386
-66.6254
-66.5982
-66.5205
-66.461
-66.4355
-66.4223
-66.3793
-66.2385
-66.191
-66.1748
-66.0169
-66.0168
-66.0048
-65.965
-65.7401
-65.6674
-65.648
-65.6309
-65.5733
-65.5204
-65.4909
-65.4833
-65.4707
-65.4624
-65.4276
-65.3775
-65.3748
-65.3746
-65.3331
-65.3214
-65.3193
-65.3162
-65.283
-65.2512
-65.2131
-65.1774
-65.1385
-65.0976
-65.078
-65.0512
-65.034
-65.0259
-65.0256
-65.0199
-64.9635
-64.9602
-64.9321
-64.9195
-64.8596
-64.8494
-64.7993
-64.7965
-64.7848
-64.7816
-64.7529
-64.7284
-64.7107
-64.6877
-64.667
-64.6664
-64.6602
-64.6562
-64.6335
-64.624
-64.6025
-64.5951
-64.5782
-64.5752
-64.5665
-64.5443
-64.5319
-64.4938
-64.4805
-64.4614
-64.4317
-64.4095
-64.3583
-64.3509
-64.3252
-64.312
-64.3041
-64.2622
-64.2542
-64.2103
-64.1972
-64.1708
-64.1577
-64.1356
-64.0793
-64.0542
-64.0533
-64.0366
-64.0318
-63.9851
-63.9739
-63.9111
-63.911
-63.9062
-63.883
-63.8789
-63.8766
-63.8594
-63.8324
-63.8168
-63.7974
-63.7924
-63.7773
-63.7588
-63.7116
-63.6641
-63.6526
-63.6414
-63.6186
-63.5886
-63.5838
-63.5584
-63.5029
-63.5029
-63.4963
-63.4944
-63.4326
-63.4177
-63.4111
-63.3961
-63.3714
-63.3323
-63.3224
-63.3092
-63.3066
-63.2993
-63.2267
-63.2043
-63.1767
-63.1417
-63.1354
-63.1251
-63.1012
-63.0967
-63.0741
-63.0582
-63.027
-63.0241
-63.0036
-62.989
-62.9708
-62.9674
-62.9578
-62.9297
-62.9007
-62.8891
-62.8777
-62.8729
-62.8557
-62.7973
-62.7852
-62.7474
-62.7415
-62.6939
-62.6832
-62.683
-62.6763
-62.6749
-62.6713
-62.6422
-62.6419
-62.6182
-62.6055
-62.591
-62.5875
-62.5758
-62.5755
-62.5671
-62.5565
-62.5493
-62.5148
-62.4865
-62.4852
-62.4513
-62.4273
-62.4263
-62.4068
-62.3844
-62.3495
-62.324
-62.2755
-62.2417
-62.2264
-62.182
-62.1716
-62.1704
-62.1665
-62.1651
-62.1562
-62.1426
-62.1336
-62.0796
-62.062
-62.0425
-62.0325
-62.006
-61.995
-61.991
-61.9661
-61.9622
-61.9592
-61.9203
-61.9045
-61.8981
-61.898
-61.8769
-61.8586
-61.8389
-61.8345
-61.8297
-61.8034
-61.8005
-61.7955
-61.7814
-61.7806
-61.7544
-61.747
-61.7421
-61.7074
-61.6968
-61.6713
-61.6595
-61.6518
-61.645
-61.6345
-61.6334
-61.6201
-61.5863
-61.5675
-61.5617
-61.5228
-61.5221
-61.5119
-61.5048
-61.4953
-61.4928
-61.4804
-61.4796
-61.4399
-61.4375
-61.433
-61.4085
-61.3953
-61.3868
-61.3851
-61.3809
-61.3782
-61.3574
-61.3537
-61.35
-61.3456
-61.3388
-61.3331
-61.3309
-61.3065
-61.2928
-61.2788
-61.2575
-61.256
-61.2535
-61.2394
-61.2053
-61.1996
-61.181
-61.1713
-61.1625
-61.1421
-61.0802
-61.073
-61.0305
-61.0071
-61.0069
-61.0024
-61.0006
-60.9816
-60.9728
-60.9658
-60.9492
-60.9445
-60.9285
-60.8916
-60.8739
-60.8689
-60.8657
-60.8396
-60.802
-60.7653
-60.7566
-60.7546
-60.7521
-60.7511
-60.7342
-60.6928
-60.6285
-60.6275
-60.6158
-60.6134
-60.5647
-60.5632
-60.5468
-60.5446
-60.5279
-60.5197
-60.5155
-60.5081
-60.4964
-60.48
-60.4688
-60.4669
-60.4603
-60.4546
-60.4472
-60.447
-60.447
-60.4365
-60.4226
-60.4204
-60.3994
-60.3955
-60.3876
-60.3819
-60.3684
-60.3582
-60.3074
-60.2894
-60.2872
-60.2839
-60.2746
-60.2738
-60.2564
-60.2561
-60.2298
-60.2116
-60.2091
-60.2058
-60.1713
-60.1642
-60.1493
-60.1474
-60.1379
-60.1348
-60.1206
-60.1133
-60.1059
-60.0813
-60.0614
-60.0584
-60.0443
-60.0374
-60.0326
-60.0217
-60.0122
-60.0053
-60.0023
-59.9972
-59.9927
-59.9797
-59.9758
-59.9549
-59.9465
-59.9432
-59.9231
-59.9199
-59.9157
-59.9116
-59.8971
-59.8746
-59.8732
-59.8622
-59.8594
-59.8439
-59.8365
-59.8188
-59.812
-59.8074
-59.7845
-59.7821
-59.7586
-59.7502
-59.7492
-59.7379
-59.7126
-59.692
-59.6812
-59.659
-59.6366
-59.6292
-59.6006
-59.5905
-59.5541
-59.5423
-59.5421
-59.5413
-59.5379
-59.5373
-59.5367
-59.5335
-59.4905
-59.4882
-59.4809
-59.4757
-59.4586
-59.4485
-59.4472
-59.442
-59.4411
-59.428
-59.4256
-59.3924
-59.3892
-59.3697
-59.3558
-59.3409
-59.3391
-59.2857
-59.2847
-59.2757
-59.2648
-59.2646
-59.2634
-59.2557
-59.1924
-59.1916
-59.1904
-59.1888
-59.1803
-59.1793
-59.1557
-59.1557
-59.1445
-59.1299
-59.1176
-59.1095
-59.1066
-59.0938
-59.0934
-59.0688
-59.0496
-59.0377
-58.9983
-58.9931
-58.9842
-58.9688
-58.9469
-58.9319
-58.9292
-58.9288
-58.9271
-58.917
-58.9131
-58.91
-58.9089
-58.9048
-58.8842
-58.88
-58.8729
-58.8718
-58.8615
-58.8562
-58.8479
-58.8398
-58.8245
-58.8214
-58.8023
-58.7998
-58.7947
-58.7889
-58.7804
-58.7737
-58.7691
-58.7656
-58.7574
-58.7371
-58.7246
-58.7225
-58.7223
-58.7137
-58.6956
-58.6889
-58.6811
-58.6679
-58.6603
-58.6463
-58.6419
-58.6254
-58.6201
-58.6197
-58.5962
-58.5788
-58.5641
-58.5588
-58.5557
-58.5461
-58.5452
-58.5202
-58.5182
-58.5129
-58.4981
-58.4979
-58.4937
-58.482
-58.4746
-58.466
-58.4537
-58.4537
-58.453
-58.4499
-58.4433
-58.4294
-58.4284
-58.4221
-58.4094
-58.4068
-58.4026
-58.3996
-58.3981
-58.3887
-58.3738
-58.3556
-58.3547
-58.3481
-58.3454
-58.3307
-58.3306
-58.3116
-58.3007
-58.299
-58.2986
-58.2892
-58.2775
-58.2615
-58.2574
-58.2519
-58.2453
-58.2428
-58.2334
-58.2051
-58.1986
-58.1892
-58.1858
-58.1822
-58.1789
-58.1708
-58.1633
-58.1592
-58.1562
-58.1557
-58.1544
-58.1529
-58.1467
-58.1455
-58.139
-58.129
-58.1189
-58.1153
-58.1103
-58.1094
-58.1089
-58.0948
-58.0895
-58.0734
-58.0575
-58.0443
-58.0422
-58.0338
-58.0287
-58.0262
-58.018
-58.0118
-58.0072
-57.9898
-57.9889
-57.9822
-57.9805
-57.977
-57.9767
-57.9628
-57.9534
-57.9509
-57.9504
-57.9372
-57.932
-57.9308
-57.9289
-57.9195
-57.9189
-57.9166
-57.9148
-57.9118
-57.9084
-57.9013
-57.9006
-57.8991
-57.8987
-57.8951
-57.8951
-57.8845
-57.8726
-57.8664
-57.8588
-57.8492
-57.8387
-57.8343
-57.8187
-57.8186
-57.8152
-57.8138
-57.8094
-57.8015
-57.8002
-57.7996
-57.7942
-57.7837
-57.7809
-57.7795
-57.7634
-57.7618
-57.7614
-57.7607
-57.7591
-57.7582
-57.7578
-57.751
-57.7493
-57.7447
-57.7363
-57.7292
-57.7212
-57.7207
-57.7168
-57.713
-57.7113
-57.7065
-57.7046
-57.7021
-57.702
-57.6986
-57.681
-57.6693
-57.6669
-57.6634
-57.659
-57.6488
-57.6478
-57.6463
-57.6452
-57.6351
-57.6292
-57.6254
-57.6222
-57.6111
-57.6064
-57.5987
-57.5932
-57.5851
-57.5845
-57.5834
-57.5694
-57.5574
-57.5569
-57.5544
-57.553
-57.55
-57.5402
-57.5399
-57.5397
-57.536
-57.5289
-57.5094
-57.5089
-57.4958
-57.4957
-57.4895
-57.478
-57.4774
-57.4708
-57.4679
-57.4645
-57.454
-57.4387
-57.4363
-57.4342
-57.397
-57.396
-57.3947
-57.3915
-57.3827
-57.361
-57.3605
-57.3525
-57.3325
-57.3325
-57.3167
-57.316
-57.3158
-57.311
-57.3109
-57.3087
-57.3078
-57.3
-57.2986
-57.2969
-57.29
-57.2839
-57.2831
-57.2787
-57.2726
-57.2664
-57.2647
-57.2585
-57.2476
-57.2464
-57.2457
-57.2382
-57.2373
-57.2365
-57.2291
-57.2231
-57.2171
-57.2102
-57.2101
-57.2099
-57.2013
-57.1932
-57.1912
-57.19
-57.1888
-57.1887
-57.1674
-57.1669
-57.1654
-57.1619
-57.1614
-57.1574
-57.1529
-57.152
-57.1512
-57.1509
-57.1476
-57.1305
-57.1238
-57.1236
-57.1189
-57.1154
-57.1111
-57.1108
-57.1053
-57.1032
-57.1014
-57.1
-57.0927
-57.0897
-57.0873
-57.0844
-57.0803
-57.0774
-57.0771
-57.0768
-57.071
-57.0683
-57.0665
-57.059
-57.0584
-57.0376
-57.03
-57.0297
-57.0289
-57.0287
-57.0173
-57.0159
-57.0125
-57.0089
-57.0088
-56.9962
-56.9916
-56.989
-56.9876
-56.9814
-56.979
-56.9667
-56.9631
-56.9529
-56.9509
-56.9505
-56.9449
-56.9442
-56.9232
-56.9173
-56.917
-56.9161
-56.9121
-56.8999
-56.8966
-56.8953
-56.8944
-56.886
-56.8851
-56.8845
-56.8813
-56.8783
-56.873
-56.8725
-56.8721
-56.8713
-56.8583
-56.8526
-56.8425
-56.8386
-56.8382
-56.8342
-56.8319
-56.8287
-56.8257
-56.8208
-56.8146
-56.8102
-56.8067
-56.8014
-56.8
-56.7992
-56.797
-56.7953
-56.7943
-56.7845
-56.7771
-56.7747
-56.7736
-56.7717
-56.7708
-56.7697
-56.769
-56.7567
-56.7549
-56.7524
-56.7505
-56.7463
-56.7429
-56.742
-56.742
-56.7359
-56.7333
-56.7319
-56.7242
-56.7227
-56.7193
-56.7187
-56.7182
-56.7177
-56.7173
-56.7159
-56.7122
-56.7109
-56.7085
-56.7069
-56.7036
-56.6957
-56.6872
-56.6871
-56.6861
-56.6838
-56.6736
-56.6664
-56.6659
-56.6541
-56.6534
-56.6462
-56.6438
-56.6413
-56.6373
-56.6357
-56.6259
-56.6239
-56.6126
-56.6102
-56.6037
-56.5987
-56.5968
-56.5954
-56.5949
-56.5928
-56.5908
-56.5903
-56.5895
-56.5887
-56.5873
-56.5805
-56.5674
-56.5641
-56.5575
-56.5541
-56.5522
-56.5499
-56.5434
-56.5364
-56.5228
-56.5177
-56.5171
-56.5165
-56.5163
-56.5121
-56.5109
-56.5099
-56.509
-56.5074
-56.5065
-56.4913
-56.4873
-56.4863
-56.4806
-56.4788
-56.4735
-56.4724
-56.4715
-56.4652
-56.4635
-56.4598
-56.4584
-56.4514
-56.45
-56.4495
-56.4447
-56.4436
-56.4423
-56.4393
-56.4369
-56.436
-56.4351
-56.4342
-56.4321
-56.4316
-56.4309
-56.423
-56.4178
-56.414
-56.4103
-56.4068
-56.4038
-56.4026
-56.3991
-56.3952
-56.3929
-56.3857
-56.3786
-56.3774
-56.3749
-56.3714
-56.3663
-56.3605
-56.356
-56.3558
-56.3531
-56.3504
-56.3503
-56.3442
-56.3423
-56.3339
-56.329
-56.3278
-56.3234
-56.3195
-56.3189
-56.318
-56.3131
-56.3115
-56.3099
-56.3001
-56.2967
-56.2961
-56.2957
-56.2939
-56.2938
-56.293
-56.2837
-56.2834
-56.2797
-56.279
-56.2784
-56.2706
-56.2671
-56.2648
-56.2644
-56.2618
-56.2614
-56.261
-56.2607
-56.2553
-56.2522
-56.25
-56.2499
-56.2483
-56.2448
-56.2435
-56.2411
-56.2381
-56.2322
-56.2263
-56.2214
-56.2089
-56.2077
-56.2075
-56.2057
-56.2039
-56.2018
-56.1963
-56.1934
-56.1907
-56.1888
-56.1885
-56.1845
-56.1763
-56.1685
-56.1621
-56.1619
-56.1611
-56.1584
-56.158
-56.1575
-56.1564
-56.1562
-56.1513
-56.1505
-56.1497
-56.1474
-56.1448
-56.1438
-56.1431
-56.1427
-56.1427
-56.139
-56.1355
-56.1342
-56.1333
-56.1307
-56.1284
-56.1284
-56.1202
-56.1172
-56.1139
-56.1095
-56.1088
-56.108
-56.1033
-56.0999
-56.0985
-56.0971
-56.0906
-56.0779
-56.076
-56.0731
-56.0713
-56.0696
-56.0693
-56.0634
-56.0601
-56.0597
-56.0564
-56.0506
-56.0469
-56.0452
-56.0441
-56.0293
-56.0285
-56.026
-56.0254
-56.0241
-56.0224
-56.02
-56.0183
-56.0149
-56.0144
-56.0111
-56.0109
-56.01
-56.0054
-56.0043
-56.0039
-56.0037
-56.003
-55.9978
-55.9916
-55.9901
-55.9854
-55.9833
-55.9822
-55.9806
-55.9801
-55.9787
-55.9779
-55.9766
-55.9751
-55.9736
-55.9712
-55.97
-55.9698
-55.9698
-55.9661
-55.966
-55.9647
-55.9617
-55.9556
-55.9546
-55.9523
-55.9464
-55.9409
-55.9387
-55.9379
-55.9368
-55.9305
-55.9269
-55.926
-55.9252
-55.9216
-55.919
-55.9156
-55.909
-55.9054
-55.9029
-55.8991
-55.8974
-55.8965
-55.8958
-55.8931
-55.893
-55.8896
-55.8816
-55.8783
-55.8757
-55.8755
-55.8747
-55.8735
-55.8715
-55.8698
-55.8656
-55.8655
-55.8639
-55.8597
-55.8575
-55.8569
-55.8545
-55.8528
-55.8526
-55.8516
-55.8504
-55.8455
-55.8448
-55.8444
-55.8382
-55.8381
-55.8373
-55.8359
-55.8357
-55.8325
-55.8303
-55.8299
-55.8289
-55.8265
-55.8215
-55.8168
-55.8166
-55.8162
-55.8131
-55.8118
-55.8108
-55.8105
-55.8098
-55.8083
-55.8054
-55.8052
-55.8026
-55.8003
-55.7991
-55.7984
-55.7983
-55.7957
-55.7952
-55.7945
-55.7887
-55.7857
-55.7828
-55.7821
-55.7814
-55.7797
-55.7794
-55.7791
-55.7787
-55.7763
-55.776
-55.7751
-55.7716
-55.7702
-55.7657
-55.7645
-55.7629
-55.7626
-55.759
-55.7578
-55.7535
-55.7496
-55.7436
-55.7414
-55.7378
-55.7332
-55.7319
-55.7315
-55.728
-55.726
-55.7254
-55.7242
-55.7205
-55.7189
-55.7182
-55.716
-55.7156
-55.7144
-55.7131
-55.7126
-55.7104
-55.7104
-55.7029
-55.7018
-55.7008
-55.6989
-55.6978
-55.6975
-55.6975
-55.697
-55.691
-55.6866
-55.686
-55.6804
-55.6801
-55.679
-55.6761
-55.6744
-55.6729
-55.6647
-55.6585
-55.6564
-55.6524
-55.6522
-55.6521
-55.6513
-55.6512
-55.6511
-55.6497
-55.6491
-55.6487
-55.648
-55.6462
-55.6444
-55.6436
-55.6425
-55.6423
-55.6393
-55.6333
-55.6327
-55.6322
-55.6288
-55.6255
-55.6223
-55.622
-55.6219
-55.6208
-55.6174
-55.6173
-55.6167
-55.6161
-55.6158
-55.6149
-55.6148
-55.6119
-55.611
-55.6084
-55.6073
-55.5994
-55.5932
-55.5928
-55.5879
-55.5876
-55.5867
-55.5834
-55.5834
-55.582
-55.5814
-55.5806
-55.5756
-55.574
-55.5734
-55.5732
-55.5728
-55.5709
-55.5681
-55.5657
-55.564
-55.564
-55.5638
-55.5631
-55.5627
-55.5591
-55.5566
-55.5527
-55.5502
-55.5482
-55.5469
-55.546
-55.5437
-55.5429
-55.5425
-55.5403
-55.5381
-55.5356
-55.5295
-55.5242
-55.5239
-55.5239
-55.5212
-55.5191
-55.5167
-55.5155
-55.5146
-55.5139
-55.5125
-55.509
-55.5074
-55.5071
-55.507
-55.5048
-55.503
-55.5012
-55.5005
-55.5005
-55.4997
-55.4967
-55.4945
-55.4921
-55.4907
-55.4888
-55.4885
-55.4865
-55.4862
-55.4853
-55.4839
-55.4834
-55.4832
-55.4832
-55.4826
-55.4757
-55.4722
-55.4716
-55.4702
-55.4697
-55.4693
-55.4692
-55.468
-55.4677
-55.464
-55.4608
-55.4566
-55.4558
-55.4557
-55.4549
-55.4538
-55.4537
-55.4534
-55.4532
-55.453
-55.4524
-55.4522
-55.4478
-55.4442
-55.4402
-55.4372
-55.429
-55.4221
-55.4221
-55.4213
-55.4201
-55.4195
-55.4182
-55.4181
-55.4179
-55.4177
-55.4173
-55.4166
-55.4166
-55.4151
-55.4121
-55.4101
-55.4101
-55.41
-55.4093
-55.4093
-55.4081
-55.4045
-55.4041
-55.4033
-55.4023
-55.4015
-55.401
-55.4008
-55.4006
-55.4001
-55.3993
-55.399
-55.3967
-55.3939
-55.3935
-55.3934
-55.3929
-55.3912
-55.3898
-55.3886
-55.387
-55.3861
-55.3858
-55.3858
-55.385
-55.3848
-55.3829
-55.3826
-55.3817
-55.3813
-55.379
-55.3784
-55.3768
-55.3767
-55.3764
-55.376
-55.3747
-55.3734
-55.3729
-55.3725
-55.3716
-55.3711
-55.3707
-55.3702
-55.3676
-55.365
-55.3649
-55.3644
-55.3623
-55.3621
-55.3589
-55.3584
-55.3583
-55.3574
-55.3548
-55.3537
-55.3523
-55.3519
-55.3481
-55.3477
-55.3427
-55.3419
-55.3411
-55.3403
-55.3384
-55.3377
-55.3349
-55.3345
-55.3298
-55.3287
-55.3276
-55.327
-55.3261
-55.3261
-55.326
-55.325
-55.323
-55.3223
-55.3214
-55.3195
-55.3193
-55.3185
-55.3181
-55.3174
-55.3169
-55.3143
-55.3139
-55.3132
-55.3038
-55.3017
-55.301
-55.2987
-55.2972
-55.297
-55.296
-55.2943
-55.294
-55.2926
-55.2926
-55.2914
-55.2909
-55.2901
-55.2899
-55.2896
-55.2881
-55.2873
-55.287
-55.2868
-55.2868
-55.283
-55.2826
-55.2824
-55.2805
-55.2802
-55.2757
-55.2751
-55.2733
-55.2729
-55.2726
-55.2704
-55.2698
-55.2692
-55.2684
-55.268
-55.2677
-55.2671
-55.2661
-55.2636
-55.2599
-55.2592
-55.2581
-55.258
-55.2566
-55.2565
-55.2556
-55.2545
-55.2531
-55.2526
-55.2522
-55.2508
-55.2506
-55.2454
-55.2451
-55.2447
-55.2442
-55.2415
-55.2405
-55.2399
-55.2382
-55.2371
-55.2364
-55.236
-55.2359
-55.2324
-55.2309
-55.2306
-55.2288
-55.228
-55.2263
-55.2257
-55.2253
-55.2251
-55.2243
-55.223
-55.2208
-55.2204
-55.2198
-55.2196
-55.2194
-55.219
-55.2183
-55.2174
-55.2172
-55.2171
-55.2166
-55.2158
-55.2126
-55.2117
-55.2116
-55.2112
-55.211
-55.2108
-55.2089
-55.2087
-55.2081
-55.205
-55.2041
-55.2029
-55.2025
-55.2024
-55.2017
-55.2001
-55.1996
-55.1993
-55.1983
-55.1965
-55.1935
-55.1932
-55.1925
-55.1919
-55.1916
-55.1914
-55.1905
-55.1887
-55.1876
-55.1874
-55.1873
-55.1872
-55.1868
-55.1867
-55.1862
-55.1858
-55.1853
-55.1852
-55.1832
-55.1829
-55.1825
-55.1823
-55.182
-55.1813
-55.1808
-55.1808
-55.1798
-55.1786
-55.1769
-55.1754
-55.1741
-55.1731
-55.1716
-55.1714
-55.1682
-55.1677
-55.1677
-55.1673
-55.1644
-55.164
-55.1637
-55.1618
-55.1605
-55.1592
-55.1578
-55.1575
-55.1568
-55.1565
-55.1526
-55.1524
-55.1492
-55.1492
-55.1478
-55.1477
-55.1465
-55.1463
-55.1457
-55.1441
-55.144
-55.1433
-55.1424
-55.1416
-55.1401
-55.1396
-55.1394
-55.1392
-55.1366
-55.1335
-55.1331
-55.1305
-55.1301
-55.13
-55.1291
-55.1285
-55.1284
-55.1276
-55.1272
-55.1255
-55.1248
-55.1245
-55.1244
-55.1242
-55.1227
-55.1218
-55.12
-55.1197
-55.1195
-55.1186
-55.1155
-55.1149
-55.1144
-55.1142
-55.1131
-55.1121
-55.1119
-55.109
-55.1085
-55.1081
-55.1077
-55.1059
-55.1055
-55.1045
-55.1038
-55.1038
-55.1028
-55.1024
-55.1017
-55.1004
-55.1003
-55.0988
-55.0988
-55.0972
-55.0972
-55.0962
-55.0959
-55.0954
-55.095
-55.0949
-55.0946
-55.0944
-55.0941
-55.094
-55.0939
-55.0939
-55.0923
-55.0921
-55.0897
-55.0897
-55.0896
-55.0893
-55.0892
-55.0887
-55.0885
-55.0877
-55.0873
-55.0857
-55.0856
-55.084
-55.0838
-55.0833
-55.0832
-55.0822
-55.0817
-55.0791
-55.079
-55.0786
-55.0738
-55.0734
-55.0732
-55.0729
-55.0705
-55.0699
-55.0696
-55.0691
-55.0677
-55.0676
-55.0671
-55.0669
-55.0667
-55.0657
-55.0647
-55.0641
-55.0633
-55.0612
-55.061
-55.061
-55.059
-55.0577
-55.0556
-55.0548
-55.0546
-55.054
-55.053
-55.0525
-55.0517
-55.0515
-55.0515
-55.0501
-55.0497
-55.0494
-55.0489
-55.0487
-55.0473
-55.047
-55.0468
-55.0453
-55.045
-55.0449
-55.0442
-55.0438
-55.0427
-55.0414
-55.0403
-55.0397
-55.038
-55.038
-55.0379
-55.0376
-55.0358
-55.0356
-55.0354
-55.0342
-55.0341
-55.0336
-55.0325
-55.0325
-55.0316
-55.0315
-55.03
-55.0273
-55.0258
-55.0255
-55.0255
-55.0231
-55.0219
-55.0205
-55.0205
-55.0204
-55.0197
-55.0195
-55.0169
-55.0158
-55.0152
-55.0124
-55.0121
-55.0111
-55.0102
-55.0094
-55.0093
-55.0092
-55.0076
-55.0065
-55.0064
-55.0063
-55.0047
-55.0043
-55.0043
-55.0039
-55.0032
-55.0029
-55.0028
-55.0016
-55.0015
-55.0011
-54.9988
-54.9963
-54.9963
-54.9949
-54.9947
-54.9941
-54.9932
-54.9929
-54.9928
-54.9926
-54.9923
-54.9917
-54.9915
-54.9904
-54.9893
-54.9872
-54.987
-54.987
-54.9869
-54.9867
-54.9865
-54.9859
-54.9858
-54.9854
-54.9843
-54.9843
-54.9839
-54.9816
-54.9815
-54.9807
-54.9806
-54.9796
-54.9785
-54.9784
-54.9784
-54.9782
-54.9773
-54.9768
-54.9767
-54.9766
-54.9761
-54.9753
-54.9735
-54.9733
-54.9721
-54.9718
-54.9713
-54.9711
-54.971
-54.9703
-54.9697
-54.9686
-54.9673
-54.9663
-54.9656
-54.9643
-54.9628
-54.9627
-54.9621
-54.9613
-54.9612
-54.9607
-54.9607
-54.9605
-54.9605
-54.9603
-54.9597
-54.9596
-54.959
-54.9584
-54.9581
-54.9573
-54.9562
-54.9548
-54.9541
-54.9516
-54.9503
-54.9496
-54.9495
-54.9491
-54.9481
-54.945
-54.9447
-54.9446
-54.9444
-54.9436
-54.9429
-54.9425
-54.9423
-54.9421
-54.9421
-54.9412
-54.9392
-54.939
-54.9387
-54.9368
-54.9351
-54.9343
-54.9333
-54.9333
-54.9307
-54.93
-54.9293
-54.9291
-54.9287
-54.9283
-54.9282
-54.928
-54.9272
-54.9259
-54.9258
-54.9256
-54.9224
-54.9221
-54.9211
-54.921
-54.9201
-54.9195
-54.918
-54.9087
-54.908
-54.9067
-54.9049
-54.9048
-54.9043
-54.9033
-54.9025
-54.9019
-54.9016
-54.9007
-54.9004
-54.8998
-54.899
-54.8977
-54.896
-54.8958
-54.8953
-54.8947
-54.8927
-54.8921
-54.8916
-54.8898
-54.8892
-54.8889
-54.8888
-54.8886
-54.8871
-54.8859
-54.8857
-54.8856
-54.8852
-54.883
-54.8825
-54.8822
-54.8819
-54.8817
-54.8813
-54.8811
-54.8808
-54.8801
-54.8794
-54.8788
-54.8783
-54.8782
-54.8777
-54.877
-54.876
-54.8749
-54.8747
-54.8728
-54.8722
-54.8713
-54.87
-54.8699
-54.8689
-54.8678
-54.8678
-54.8673
-54.8667
-54.8665
-54.8662
-54.8645
-54.8643
-54.864
-54.8635
-54.8634
-54.8629
-54.8625
-54.8619
-54.8617
-54.8603
-54.8594
-54.8593
-54.8593
-54.8579
-54.8573
-54.8557
-54.855
-54.8548
-54.8547
-54.8543
-54.8537
-54.853
-54.8521
-54.8519
-54.8511
-54.8502
-54.8493
-54.8485
-54.8479
-54.8477
-54.8466
-54.8456
-54.8444
-54.8437
-54.8432
-54.8431
-54.8427
-54.84
-54.8371
-54.8359
-54.8346
-54.8337
-54.8326
-54.8323
-54.8309
-54.8275
-54.8256
-54.825
-54.824
-54.8232
-54.8217
-54.8203
-54.8199
-54.8184
-54.8171
-54.817
-54.8167
-54.8165
-54.8163
-54.8153
-54.8152
-54.8152
-54.8151
-54.8151
-54.815
-54.8133
-54.8123
-54.8123
-54.8113
-54.8108
-54.8105
-54.8103
-54.809
-54.8072
-54.8072
-54.8066
-54.8051
-54.8038
-54.8022
-54.8013
-54.7967
-54.7962
-54.7944
-54.7941
-54.7926
-54.7914
-54.7909
-54.7904
-54.7903
-54.7899
-54.7898
-54.7896
-54.7893
-54.7861
-54.7856
-54.7849
-54.7821
-54.7811
-54.781
-54.779
-54.7772
-54.777
-54.7747
-54.7732
-54.7716
-54.771
-54.7708
-54.7688
-54.7654
-54.765
-54.7642
-54.7634
-54.7628
-54.7627
-54.7621
-54.7617
-54.7598
-54.7568
-54.7564
-54.7555
-54.7554
-54.755
-54.7538
-54.7536
-54.7532
-54.7529
-54.7518
-54.7517
-54.7516
-54.7512
-54.7506
-54.7505
-54.7499
-54.7491
-54.749
-54.7488
-54.7488
-54.7483
-54.7481
-54.7467
-54.746
-54.7436
-54.7433
-54.7416
-54.7407
-54.74
-54.7381
-54.7332
-54.7318
-54.7308
-54.7298
-54.7298
-54.7262
-54.7254
-54.7249
-54.7244
-54.7241
-54.7241
-54.722
-54.7209
-54.7201
-54.719
-54.7171
-54.7169
-54.7161
-54.7148
-54.7141
-54.7117
-54.7117
-54.7103
-54.71
-54.7084
-54.7082
-54.7055
-54.7048
-54.7035
-54.7029
-54.7025
-54.7008
-54.6987
-54.6975
-54.6963
-54.6959
-54.6944
-54.6935
-54.6925
-54.6924
-54.69
-54.6893
-54.6893
-54.6886
-54.6883
-54.6878
-54.6872
-54.6872
-54.6869
-54.6867
-54.6862
-54.6851
-54.684
-54.6837
-54.6832
-54.6805
-54.6799
-54.6789
-54.6751
-54.6743
-54.6731
-54.6721
-54.6718
-54.6717
-54.6709
-54.6708
-54.6702
-54.6698
-54.6696
-54.6694
-54.6676
-54.6673
-54.6639
-54.6622
-54.661
-54.6603
-54.6577
-54.6575
-54.6542
-54.653
-54.6479
-54.6468
-54.6436
-54.6421
-54.6415
-54.6409
-54.6398
-54.6396
-54.6379
-54.6376
-54.637
-54.6321
-54.6274
-54.6262
-54.6261
-54.6207
-54.6203
-54.6199
-54.619
-54.6188
-54.6173
-54.6172
-54.617
-54.6151
-54.615
-54.6146
-54.614
-54.6131
-54.6126
-54.6125
-54.6124
-54.6114
-54.6107
-54.6104
-54.6103
-54.6091
-54.6078
-54.6075
-54.6071
-54.6071
-54.6067
-54.6056
-54.6042
-54.604
-54.6023
-54.6022
-54.6011
-54.601
-54.6009
-54.6006
-54.5999
-54.5994
-54.5991
-54.599
-54.5989
-54.5988
-54.5979
-54.5968
-54.5968
-54.5965
-54.5948
-54.5943
-54.5935
-54.5934
-54.5918
-54.5917
-54.59
-54.5892
-54.5891
-54.5882
-54.588
-54.5874
-54.5835
-54.5832
-54.5832
-54.5796
-54.5765
-54.5759
-54.5737
-54.5726
-54.5703
-54.5692
-54.5689
-54.5675
-54.566
-54.5651
-54.5649
-54.5641
-54.5631
-54.5631
-54.5622
-54.5619
-54.561
-54.5603
-54.5595
-54.5587
-54.5578
-54.5573
-54.556
-54.555
-54.5531
-54.5518
-54.5482
-54.5469
-54.5462
-54.5452
-54.5451
-54.5445
-54.5445
-54.5443
-54.5432
-54.543
-54.5412
-54.5384
-54.5384
-54.5381
-54.5371
-54.537
-54.5366
-54.5317
-54.5314
-54.5311
-54.5297
-54.527
-54.5258
-54.5249
-54.5238
-54.5224
-54.5216
-54.5201
-54.5201
-54.5166
-54.5154
-54.5149
-54.514
-54.5138
-54.5094
-54.5085
-54.5068
-54.5038
-54.5037
-54.5035
-54.5007
-54.4966
-54.4945
-54.4942
-54.4932
-54.4927
-54.4926
-54.4919
-54.4914
-54.4885
-54.4865
-54.4862
-54.486
-54.4834
-54.482
-54.4796
-54.4791
-54.479
-54.4773
-54.4772
-54.4763
-54.476
-54.4733
-54.4721
-54.4717
-54.4713
-54.4669
-54.4655
-54.4642
-54.4631
-54.463
-54.4628
-54.4628
-54.4617
-54.4614
-54.4576
-54.4569
-54.455
-54.4547
-54.4538
-54.4534
-54.45
-54.4463
-54.4453
-54.4453
-54.4428
-54.4419
-54.4418
-54.4392
-54.4391
-54.4391
-54.4382
-54.4346
-54.4335
-54.4314
-54.4313
-54.4303
-54.4277
-54.424
-54.4217
-54.4213
-54.4211
-54.4174
-54.4154
-54.4152
-54.415
-54.414
-54.4131
-54.4115
-54.4108
-54.4093
-54.4087
-54.4071
-54.4053
-54.4006
-54.4006
-54.4005
-54.4002
-54.4
-54.3969
-54.3962
-54.3897
-54.3884
-54.3872
-54.3865
-54.3859
-54.3813
-54.3806
-54.3791
-54.3785
-54.378
-54.3777
-54.3769
-54.3761
-54.375
-54.3746
-54.3738
-54.3735
-54.3733
-54.3681
-54.3656
-54.3642
-54.3633
-54.3625
-54.3625
-54.3609
-54.3593
-54.3584
-54.3573
-54.3529
-54.3497
-54.3497
-54.3488
-54.3467
-54.3447
-54.3445
-54.3444
-54.339
-54.3368
-54.3341
-54.3302
-54.3298
-54.3289
-54.327
-54.324
-54.324
-54.3239
-54.3237
-54.3227
-54.3221
-54.3213
-54.3192
-54.3184
-54.3173
-54.3156
-54.3126
-54.3113
-54.3084
-54.3075
-54.3072
-54.3064
-54.3063
-54.3057
-54.3038
-54.3026
-54.2992
-54.299
-54.299
-54.2977
-54.2973
-54.2958
-54.2954
-54.2952
-54.2944
-54.293
-54.289
-54.2885
-54.2865
-54.2865
-54.2858
-54.2848
-54.2844
-54.2831
-54.2795
-54.2785
-54.2763
-54.2756
-54.2748
-54.2747
-54.2705
-54.2679
-54.2662
-54.2654
-54.2641
-54.2633
-54.2629
-54.2628
-54.2618
-54.2609
-54.26
-54.2592
-54.2554
-54.2528
-54.2522
-54.2509
-54.2458
-54.241
-54.2356
-54.2335
-54.2331
-54.2328
-54.2326
-54.2318
-54.2318
-54.2306
-54.2301
-54.2286
-54.2273
-54.226
-54.2251
-54.2248
-54.2231
-54.2176
-54.2164
-54.2155
-54.2154
-54.2148
-54.2115
-54.2099
-54.2094
-54.2077
-54.2072
-54.2067
-54.2056
-54.2036
-54.2034
-54.2018
-54.2012
-54.1986
-54.1973
-54.1948
-54.1883
-54.1875
-54.1874
-54.1864
-54.1827
-54.1819
-54.1818
-54.1782
-54.1768
-54.1721
-54.171
-54.1635
-54.1611
-54.1573
-54.1568
-54.1558
-54.155
-54.1533
-54.1531
-54.1516
-54.1471
-54.1469
-54.1394
-54.1368
-54.1366
-54.1357
-54.1312
-54.1307
-54.1295
-54.1266
-54.1237
-54.1195
-54.1148
-54.1116
-54.1051
-54.1051
-54.0934
-54.0928
-54.0923
-54.0909
-54.0884
-54.0846
-54.0824
-54.0807
-54.0801
-54.0774
-54.076
-54.0729
-54.0727
-54.0613
-54.0572
-54.0565
-54.0409
-54.0395
-54.038
-54.0282
-54.0101
-54.0012
-53.9997
-53.976
-53.965
-53.9628
-53.9579
-53.9484
-53.946
-53.945
-53.9425
-53.9325
-53.9236
-53.8873
-53.8855
-53.882
-53.8638
-53.8637
-53.8615
-53.8602
-53.855
-53.8387
-53.8337
-53.8333
-53.8298
-53.8287
-53.8195
-53.8174
-53.7923
-53.7896
-53.7845
-53.7794
-53.7753
-53.7344
-53.7203
-53.6682
-53.6509
-53.6495
-53.6492
-53.6483
-53.6097
-53.5925
-53.5913
-53.5704
-53.5604
-53.541
-53.534
-53.512
-53.5011
-53.4769
-53.4429
