2.50588 
2.49792 
2.47117 
2.48696 
2.49792 
2.42729 
2.44562 
2.47728 
2.48946 
2.47893 
2.43891 
2.49471 
2.4596 
2.31791 
2.45513 
2.42997 
2.37252 
2.43622 
2.40227 
2.46945 
2.47372 
2.36104 
2.40283 
2.28128 
2.38206 
2.4081 
2.41008 
2.37675 
2.39155 
2.434 
2.31191 
2.37123 
2.35807 
2.34085 
2.44335 
2.29763 
2.30105 
2.40988 
2.42672 
2.4072 
2.37992 
2.27022 
2.37376 
2.31189 
2.39387 
2.4105 
2.25848 
2.39215 
2.30286 
2.27667 
2.31222 
2.2808 
2.24397 
0.656723 
2.30915 
2.231 
2.35104 
2.28034 
2.22636 
2.22702 
2.28157 
2.27885 
2.27875 
0.644035 
2.20053 
2.22523 
0.66978 
2.2633 
2.24363 
2.15134 
2.19405 
2.26133 
2.19924 
2.24082 
2.27396 
0.672992 
2.20203 
2.22632 
2.18736 
2.18102 
2.18103 
2.19415 
0.66498 
2.05379 
0.678196 
0.651011 
2.20731 
2.22541 
2.09208 
0.655066 
2.15356 
2.20255 
2.22666 
2.17426 
2.08305 
2.10809 
2.16303 
0.635015 
0.633538 
2.20712 
0.656226 
2.13995 
2.16334 
2.09548 
2.14362 
2.14812 
2.15595 
2.1491 
0.646935 
0.644495 
2.18447 
2.11651 
0.711094 
0.667873 
2.12797 
0.652768 
2.10641 
2.17726 
0.636134 
0.664314 
2.13727 
0.669257 
0.66311 
0.659957 
0.631936 
0.642801 
0.646255 
0.738413 
0.682264 
2.08493 
0.721928 
0.663483 
2.13507 
0.673075 
2.09022 
0.684473 
1.99795 
0.648968 
2.17848 
2.01256 
0.63506 
0.667337 
2.1117 
0.646489 
0.705725 
0.68157 
2.12347 
0.69585 
0.702832 
2.16161 
2.08825 
0.668014 
0.662752 
2.04616 
2.09305 
2.1612 
0.672394 
0.680312 
0.660334 
0.683941 
2.12906 
0.683344 
2.17331 
0.74638 
0.667955 
0.645528 
0.681865 
2.04567 
2.0997 
0.682313 
0.712249 
0.669462 
0.662507 
0.698014 
0.658101 
2.05362 
2.02928 
2.0457 
2.11212 
0.677235 
0.685946 
0.663737 
2.06321 
2.13632 
0.640779 
0.727041 
0.654788 
0.688361 
0.756328 
0.748328 
2.07304 
0.692659 
0.683074 
2.06389 
0.726176 
0.666937 
2.03688 
0.723884 
0.673642 
0.666221 
0.67145 
2.01102 
0.696789 
0.735661 
0.682441 
0.686036 
0.679043 
0.718014 
0.673574 
0.705952 
0.723785 
2.05132 
0.679727 
2.00591 
2.04534 
0.744961 
2.10756 
0.701024 
0.729751 
2.0306 
2.01992 
0.692277 
2.02631 
0.744896 
0.68352 
0.699014 
2.02375 
0.685823 
2.01101 
0.722641 
0.700623 
2.01798 
0.678573 
0.721136 
1.9511 
0.732804 
2.0096 
0.660328 
0.758166 
0.708959 
2.08118 
2.01506 
0.710144 
0.685968 
0.728383 
2.05335 
2.00383 
0.751823 
0.66317 
2.08341 
0.704539 
2.03944 
2.00475 
2.05515 
0.694584 
0.689791 
2.0861 
2.02872 
0.72261 
0.742837 
0.714675 
0.673518 
2.00873 
0.771431 
0.699 
0.716544 
1.96564 
0.722183 
0.719372 
0.673522 
0.731942 
1.99773 
2.02209 
0.726097 
0.745228 
1.95119 
0.710984 
1.95052 
1.89868 
2.02192 
1.99637 
0.720983 
0.711387 
1.99067 
1.98666 
1.93525 
1.97201 
0.706155 
1.95881 
1.95923 
1.93575 
0.756066 
1.97081 
0.726489 
1.89521 
0.667019 
1.95464 
0.695682 
1.95719 
0.702315 
0.728056 
1.99498 
0.788072 
0.691742 
1.96152 
2.00074 
0.777059 
0.728172 
0.727446 
1.96541 
0.776473 
0.73107 
0.708907 
1.90834 
0.759457 
0.736414 
0.710212 
0.792412 
0.74126 
0.796448 
0.703245 
0.724904 
0.739685 
0.759023 
0.739676 
1.97637 
1.97636 
0.73556 
1.9244 
1.97005 
1.90018 
0.764432 
1.98222 
0.75612 
0.790354 
0.792481 
1.99997 
0.765415 
1.96185 
0.817118 
0.675676 
0.778912 
0.754281 
0.785198 
0.735767 
0.728012 
1.90265 
1.90668 
0.748088 
0.788398 
0.790015 
1.91336 
1.94067 
1.92433 
0.696803 
0.725748 
0.781552 
1.89583 
0.806038 
0.743518 
0.779364 
1.93731 
1.89053 
0.841611 
0.803204 
0.71053 
0.761347 
0.728238 
0.774033 
0.759436 
1.85053 
0.848232 
0.783014 
0.805706 
0.736594 
0.778855 
0.798978 
1.92352 
0.755952 
1.89579 
0.815672 
0.724036 
0.769151 
0.818124 
1.91883 
0.753358 
0.747006 
1.85864 
0.792226 
1.93509 
1.86142 
1.88177 
1.92032 
1.83279 
1.8932 
0.730947 
1.82906 
1.88289 
0.798761 
1.91046 
0.836295 
0.803891 
0.784777 
0.757358 
0.807954 
1.91122 
1.90319 
0.803081 
0.784427 
1.88489 
1.89511 
0.682407 
0.780087 
1.90096 
1.86588 
0.850013 
0.750995 
0.769772 
0.772943 
0.794838 
0.844943 
1.74786 
1.90959 
1.93898 
1.90447 
1.8871 
0.859757 
0.797979 
0.808376 
1.91965 
0.815397 
0.740509 
1.96092 
0.803074 
0.796731 
1.85655 
1.87209 
1.80503 
0.833236 
0.81911 
0.901549 
0.775394 
1.88337 
1.86594 
0.845911 
0.808983 
0.843361 
0.824588 
0.788411 
0.864996 
1.82308 
0.818094 
0.787246 
0.768635 
1.80197 
0.811968 
1.77263 
1.83668 
0.784988 
1.91853 
1.91212 
1.87823 
0.89625 
1.8526 
0.752428 
0.835397 
1.87975 
1.84695 
0.816151 
0.818554 
1.81595 
0.840745 
0.803362 
1.85061 
0.799774 
0.838751 
0.870601 
1.84084 
0.812277 
0.862388 
1.81672 
1.89486 
1.81969 
0.775226 
0.799953 
0.830649 
0.831327 
0.83613 
0.791853 
0.807476 
0.824713 
0.86423 
0.832663 
0.822806 
1.79253 
0.790074 
0.797225 
1.86942 
1.79346 
1.80095 
1.77533 
1.88897 
1.83805 
1.80846 
1.84899 
1.80024 
1.79545 
0.936796 
1.82317 
0.837895 
1.79984 
0.89289 
0.763328 
0.797623 
0.827725 
1.80328 
1.86194 
1.77535 
0.814717 
0.802106 
1.77132 
1.73842 
1.77081 
0.878135 
1.86489 
0.82975 
0.8485 
0.862125 
0.825262 
0.842396 
0.859451 
0.818058 
1.8132 
1.80214 
0.837068 
0.868847 
1.81774 
0.813199 
0.848899 
0.870293 
0.837551 
0.83099 
0.835159 
1.77785 
1.8164 
0.820925 
1.78535 
1.75515 
0.81766 
0.795046 
1.74808 
0.829377 
0.831716 
1.72776 
0.887798 
1.79087 
1.74601 
0.854605 
0.899245 
0.845966 
1.80334 
1.68933 
0.891478 
1.84017 
0.889856 
0.813641 
0.81883 
0.835349 
1.77217 
1.85707 
0.856538 
1.8102 
1.80213 
1.80202 
0.825144 
1.81442 
0.906355 
0.810565 
1.73624 
0.820852 
1.73755 
0.887353 
1.77193 
0.852355 
0.935346 
0.829657 
1.71673 
1.73667 
0.825602 
0.896141 
1.76407 
0.962445 
1.67765 
1.8035 
0.82079 
0.875157 
1.75712 
0.857481 
0.878425 
0.886747 
0.820799 
0.917769 
1.74138 
1.81732 
1.85358 
0.92801 
0.806 
0.866187 
1.67278 
1.79021 
1.78196 
0.916653 
0.892184 
1.7521 
0.869607 
0.8916 
0.833507 
0.917399 
1.76364 
1.69187 
0.917418 
0.860732 
0.912549 
1.75358 
0.854417 
0.95971 
1.78605 
1.68877 
1.76684 
0.875701 
0.855508 
1.78114 
0.882945 
1.7756 
1.69379 
0.929955 
1.769 
1.67992 
0.889872 
0.81816 
1.71282 
0.889584 
0.89716 
1.70528 
1.76077 
0.790618 
1.74612 
0.862408 
1.80828 
0.870179 
1.78154 
0.909369 
0.913251 
0.874656 
1.77444 
0.882574 
1.74622 
1.69415 
1.65772 
0.849447 
1.63626 
0.833033 
0.928468 
1.68494 
1.71222 
1.7424 
0.886869 
0.882015 
1.65936 
0.920758 
1.72199 
1.67807 
0.903539 
0.942325 
0.900261 
1.71915 
0.870965 
0.865021 
1.68388 
1.61036 
0.861358 
1.74918 
1.7003 
0.794197 
1.75923 
1.72354 
1.65787 
0.866239 
0.915131 
1.70942 
1.70506 
0.881302 
0.842503 
0.953057 
1.76544 
0.925897 
1.68446 
0.915242 
0.89817 
1.67975 
1.74773 
1.69403 
0.90358 
0.943933 
0.975214 
1.72467 
0.915501 
0.901385 
0.924207 
0.863294 
0.889627 
1.74309 
0.945281 
1.7277 
0.967099 
1.64959 
1.739 
1.74614 
1.64149 
1.69165 
1.61661 
0.897149 
0.859419 
0.928665 
1.72873 
1.65255 
1.70578 
0.896352 
0.890169 
1.69697 
1.69999 
0.939052 
1.64658 
1.66749 
0.900256 
0.93378 
1.67088 
0.959919 
1.69854 
1.64285 
0.937724 
1.71423 
0.941553 
0.904372 
0.94401 
1.64511 
0.863101 
1.66486 
1.65953 
0.914814 
1.64641 
1.68601 
0.958339 
1.66883 
0.909777 
1.6487 
1.64955 
0.905251 
0.969381 
1.6492 
1.62916 
1.71947 
0.962492 
1.73386 
0.970838 
1.69099 
0.922496 
0.910496 
0.964932 
1.69703 
1.69948 
0.87503 
0.941993 
0.978104 
1.67257 
0.936309 
0.872845 
1.65705 
1.66765 
1.59489 
1.60374 
0.884754 
0.900291 
0.969684 
1.63385 
1.56965 
1.67062 
1.05518 
0.942228 
1.69373 
1.61327 
0.938022 
0.883174 
1.68277 
0.861536 
0.913845 
1.65692 
0.939494 
0.877768 
0.89603 
0.961421 
1.59272 
0.841196 
1.63882 
1.67303 
1.67947 
1.56801 
0.944545 
0.96947 
0.922772 
0.999329 
1.00251 
0.967996 
0.963371 
1.59959 
1.70712 
1.73602 
0.901684 
1.76517 
0.973722 
0.951396 
0.950324 
0.984345 
0.876288 
0.912726 
0.97448 
1.61944 
0.905856 
1.57505 
0.933446 
1.70024 
1.63908 
1.60976 
0.925286 
1.71748 
0.853703 
0.959246 
0.914216 
1.62021 
0.882893 
0.962573 
0.971579 
0.90751 
0.980599 
1.6836 
1.66561 
1.70749 
0.957328 
1.638 
0.971222 
1.68216 
1.65906 
1.64457 
1.66447 
0.996141 
1.66478 
1.59488 
1.01544 
0.929522 
0.962711 
1.00393 
1.04183 
1.61947 
1.68271 
1.58725 
1.53906 
1.70021 
1.61928 
0.960912 
0.888414 
1.63134 
0.970587 
1.64267 
1.60718 
0.944358 
0.959316 
0.996521 
1.5968 
1.0443 
0.962648 
0.975454 
0.941263 
1.68984 
1.01107 
1.66989 
1.63802 
0.909951 
0.924045 
0.938096 
1.56841 
0.983786 
1.65775 
1.52876 
0.936973 
0.944644 
0.905534 
1.02055 
0.983738 
0.900632 
1.56804 
1.6504 
0.980711 
1.60824 
1.60847 
1.61636 
1.68269 
1.55195 
0.910371 
1.6799 
0.993316 
1.64324 
0.999805 
0.917719 
1.64736 
1.61427 
1.64487 
0.973768 
0.96156 
0.919346 
0.919578 
1.00154 
0.957009 
0.952083 
0.967953 
0.888022 
0.930478 
0.926367 
0.964729 
0.931157 
0.975358 
1.631 
0.962528 
0.981807 
1.73572 
0.894943 
1.68834 
1.62439 
1.01325 
1.56363 
1.66221 
1.04226 
1.63987 
1.5591 
1.6196 
1.60289 
1.606 
1.02396 
0.910638 
1.57507 
0.991746 
1.59256 
1.52414 
0.975159 
1.63516 
0.974686 
1.51638 
0.978209 
0.917753 
1.01591 
1.72416 
1.01583 
0.917772 
1.02004 
1.06073 
0.936667 
0.990385 
1.0322 
1.54623 
0.982984 
1.41905 
1.01622 
1.03534 
1.55844 
0.95122 
1.57499 
1.59467 
1.64277 
0.9746 
1.04919 
0.94453 
1.01398 
1.5744 
1.62588 
0.955316 
1.63825 
1.70312 
1.65932 
0.942777 
1.60605 
1.0762 
1.05977 
1.10765 
1.00966 
0.946492 
0.996449 
1.63083 
1.0164 
0.975369 
0.982536 
0.980694 
1.08018 
1.6266 
1.57849 
1.53867 
1.0045 
1.05083 
0.965419 
1.10502 
1.01445 
0.999939 
0.966687 
1.02061 
1.01675 
1.50969 
0.973137 
0.957399 
1.59124 
1.64817 
1.54871 
1.06054 
1.60132 
0.966237 
1.06432 
1.00366 
1.62692 
1.66595 
0.936265 
1.56918 
0.96735 
1.59457 
0.976379 
1.00185 
1.64729 
1.07772 
1.54701 
1.48994 
1.04019 
0.990745 
1.57493 
1.50979 
0.904342 
1.08737 
1.5808 
0.960595 
1.10829 
1.57497 
1.56843 
0.993526 
1.07949 
0.939247 
1.03516 
1.51864 
1.63265 
1.46832 
1.57735 
1.07996 
1.02848 
0.916085 
0.960935 
1.50782 
1.02612 
0.957229 
1.63776 
0.973002 
1.55572 
0.982564 
1.5164 
0.986288 
1.53452 
1.61013 
1.64208 
0.981769 
0.968105 
1.00547 
1.36222 
0.978989 
1.41904 
1.59484 
1.52528 
0.949298 
1.63458 
1.05181 
1.12073 
1.55423 
1.04601 
1.58514 
1.57969 
1.00611 
1.3626 
1.02626 
1.20984 
0.978569 
1.51029 
1.59056 
1.00338 
0.990958 
1.55102 
1.07225 
1.50943 
0.91304 
1.65123 
1.67481 
1.49998 
1.04048 
1.50027 
0.943319 
0.970456 
0.99689 
0.971444 
1.13731 
1.67548 
1.03672 
1.05681 
1.65893 
0.975221 
1.01257 
1.4975 
1.58588 
1.52783 
1.56029 
0.970527 
1.00848 
1.0175 
1.0348 
1.60167 
1.60107 
1.0592 
1.54041 
1.14024 
1.58132 
0.899813 
0.966678 
1.04414 
1.21705 
1.50134 
1.62504 
1.1405 
0.997407 
1.46405 
0.939751 
0.977384 
1.087 
1.53566 
1.18857 
1.03946 
1.54118 
0.997143 
1.03547 
1.6416 
0.967287 
1.39207 
1.37672 
1.0378 
1.01225 
1.00598 
1.52396 
1.04332 
1.47468 
0.990877 
1.03831 
1.10106 
0.973947 
1.53714 
1.06726 
1.56577 
1.06178 
1.56792 
1.48961 
1.54858 
1.08643 
1.45711 
1.62981 
0.959826 
1.52218 
0.969689 
1.18592 
1.52203 
1.0531 
1.51664 
1.00083 
1.00478 
1.53479 
1.52348 
1.07007 
1.53144 
1.54746 
0.939108 
1.01818 
1.19865 
1.09682 
1.60171 
1.52121 
1.4868 
1.5961 
1.51025 
1.58155 
1.05424 
1.5484 
1.59722 
1.05593 
1.49482 
1.02532 
1.61632 
1.49571 
1.11665 
1.54714 
1.02316 
1.03945 
1.00571 
1.52885 
1.011 
1.48736 
1.04233 
0.975475 
1.03748 
1.14663 
0.986039 
1.5547 
1.0836 
1.06349 
1.24731 
1.41635 
1.16919 
1.64666 
1.56197 
1.48445 
1.13638 
1.65026 
1.20413 
1.5158 
1.53211 
1.50433 
1.37876 
1.05232 
1.01179 
1.56413 
1.51812 
1.03152 
1.05541 
1.14424 
1.25446 
1.47458 
1.39442 
1.02682 
1.10153 
0.992096 
1.14002 
1.04699 
1.574 
1.55251 
1.01238 
1.41913 
1.53794 
1.5094 
1.62564 
1.3553 
0.969598 
1.53016 
1.04224 
1.49119 
1.42476 
1.34558 
1.098 
1.5102 
1.05371 
0.980075 
1.08074 
1.49167 
0.941103 
1.60868 
1.47555 
1.11201 
1.45508 
1.49075 
1.03897 
0.97843 
1.5881 
1.49501 
1.55924 
1.17605 
1.20097 
1.52933 
1.03651 
1.44467 
1.47689 
1.04908 
1.59395 
1.02862 
1.41633 
1.37478 
1.0773 
1.06771 
1.41733 
1.06378 
1.03097 
1.12277 
1.53552 
1.12768 
1.01258 
0.983626 
1.2892 
1.11783 
1.1019 
1.60267 
1.39787 
1.09512 
1.43801 
1.48475 
1.14836 
0.982731 
1.31865 
1.03013 
1.53531 
1.02654 
1.47628 
1.45976 
1.07331 
1.03974 
1.50933 
1.44887 
1.57686 
1.0447 
1.50624 
1.44274 
1.02047 
1.49588 
1.58182 
1.3415 
1.43897 
1.51394 
1.52218 
1.08856 
1.14534 
1.47219 
1.38363 
1.43247 
1.08295 
1.09983 
1.16345 
1.05165 
1.56861 
1.42537 
1.39739 
0.999119 
1.09209 
0.977197 
1.29527 
1.06935 
1.07347 
1.53288 
1.45104 
1.08229 
1.45451 
1.16267 
1.39157 
1.45705 
1.00766 
1.08712 
1.07677 
1.07383 
1.10799 
1.09519 
1.17651 
1.07617 
1.45864 
1.56164 
1.50252 
1.40874 
1.24443 
1.41806 
1.51037 
1.09111 
1.11601 
1.08706 
1.4567 
1.30129 
1.61218 
1.54381 
1.11525 
1.52597 
1.10297 
1.51109 
1.5758 
1.42874 
1.03211 
1.59779 
1.5069 
1.54393 
1.24675 
1.43071 
1.102 
1.07176 
1.21094 
1.23139 
1.54876 
1.42646 
1.45072 
1.49532 
1.1529 
1.4232 
0.991033 
1.41742 
1.06016 
1.05138 
1.49782 
1.11088 
1.4831 
1.09799 
1.21207 
1.23608 
1.46868 
1.1459 
1.11751 
1.16126 
1.54723 
1.25806 
1.17431 
1.08975 
1.07289 
1.38248 
1.01035 
1.19341 
1.05318 
1.52655 
1.26084 
1.50347 
1.552 
1.1048 
1.14994 
1.51136 
1.1014 
1.0526 
1.54073 
0.995354 
1.50849 
1.14094 
1.06452 
1.10098 
1.07592 
1.36225 
1.55559 
1.5191 
1.36074 
1.12194 
1.12204 
1.34352 
1.51017 
1.46953 
1.35522 
1.58809 
1.44726 
1.18235 
1.2476 
1.16405 
1.09083 
1.2962 
1.52766 
1.32141 
1.33063 
1.53203 
1.14863 
1.50009 
1.4545 
1.27028 
1.24057 
1.3521 
1.39441 
1.20442 
1.41246 
1.26097 
1.10226 
1.12925 
1.14531 
1.04653 
1.04977 
1.33307 
1.34198 
1.45688 
1.44942 
1.30973 
1.1487 
1.50372 
1.43625 
1.14334 
1.54914 
1.47025 
1.17113 
1.06867 
1.07836 
1.14015 
1.06059 
1.0034 
1.08159 
0.997721 
1.41071 
1.19288 
1.18003 
1.36147 
1.07752 
1.3446 
1.20828 
1.03308 
1.47241 
1.26394 
1.29096 
1.05209 
1.03009 
1.09078 
1.46354 
1.20115 
1.29515 
1.55805 
1.15267 
1.52369 
1.11727 
1.24909 
1.16605 
1.03985 
1.02867 
1.49237 
1.11889 
1.3327 
1.57334 
1.37051 
1.17247 
1.13535 
1.10854 
1.11056 
1.37694 
1.50649 
1.31136 
1.51697 
1.07387 
1.17352 
1.1396 
1.20052 
1.42539 
1.09138 
1.37969 
1.13608 
1.53975 
1.22291 
1.08417 
1.4151 
1.29134 
1.4774 
1.05769 
1.06512 
1.45525 
1.13089 
1.49334 
1.46247 
1.45139 
1.46455 
1.39376 
1.07603 
1.12025 
1.39799 
1.18134 
1.1159 
1.60086 
1.20188 
1.08927 
1.24911 
1.07051 
1.10365 
1.11355 
1.41644 
1.46669 
1.10358 
1.32198 
1.37145 
1.1278 
1.39413 
1.55382 
1.24175 
1.06953 
1.08731 
1.43846 
1.46386 
1.4151 
1.50944 
1.08005 
1.42418 
1.19092 
1.17276 
1.13208 
1.07341 
1.46031 
1.15175 
1.03535 
1.28329 
1.40076 
1.48133 
1.43172 
1.16574 
1.18407 
1.29461 
1.10483 
1.43695 
1.15156 
1.47154 
1.09084 
1.19334 
1.19275 
1.2548 
1.40969 
1.2918 
1.45373 
1.14285 
1.44843 
1.47491 
1.22137 
1.13453 
1.14071 
1.21052 
1.17274 
1.42023 
1.21245 
1.29453 
1.04514 
1.22509 
1.45035 
1.52286 
1.20413 
1.07401 
1.09026 
1.08662 
1.45151 
1.2632 
1.14343 
1.24024 
1.15484 
0.97457 
1.13858 
1.32233 
1.2539 
1.18149 
1.0474 
1.03691 
1.1463 
1.17217 
1.47195 
1.47228 
1.44371 
1.45109 
1.4201 
1.11106 
1.45043 
1.09464 
1.55335 
1.09023 
1.1945 
1.3692 
1.07073 
1.25203 
1.33152 
1.35327 
1.45442 
1.26321 
1.36456 
1.05241 
1.17436 
1.27834 
1.20316 
1.08468 
1.05646 
1.44593 
1.07862 
1.37045 
1.35608 
1.32479 
1.50602 
1.15483 
1.38994 
1.1397 
1.3448 
1.36533 
1.38994 
1.20233 
1.36734 
1.13165 
1.34111 
1.12005 
1.41127 
1.4004 
1.18394 
1.49315 
1.12502 
1.19945 
1.08314 
1.36256 
1.3698 
1.10375 
1.07837 
1.14453 
1.06702 
1.16529 
1.14226 
1.42019 
1.21233 
1.46062 
1.30592 
1.36927 
1.1269 
1.31251 
1.40129 
1.07703 
1.40717 
1.23524 
1.03926 
1.41715 
1.44607 
1.45809 
1.28275 
1.2865 
1.05807 
1.38551 
1.42044 
1.08828 
1.09435 
1.38409 
1.10632 
1.44026 
1.3222 
1.18669 
1.02781 
1.42687 
1.04218 
1.46972 
1.25142 
1.20374 
1.11013 
1.27312 
1.23539 
1.10153 
1.54619 
1.44679 
1.46378 
1.20292 
1.09816 
1.19906 
1.15229 
1.03388 
1.08336 
1.05265 
1.12127 
1.0706 
1.38654 
1.42423 
1.11772 
1.42008 
1.04698 
1.48827 
1.33004 
1.15713 
1.22869 
1.15095 
1.4151 
1.26111 
1.44671 
1.07262 
1.36657 
1.07678 
1.27838 
1.53127 
1.21492 
1.09648 
1.22108 
1.19376 
1.16845 
1.24641 
1.43097 
1.45407 
1.44551 
1.17066 
1.5145 
1.14705 
1.33309 
1.19697 
1.39572 
1.22376 
1.42607 
1.35489 
1.28317 
1.34998 
1.56965 
1.05848 
1.24854 
1.1125 
1.16689 
1.05258 
1.15741 
1.09784 
1.31968 
1.14422 
1.09921 
1.20188 
1.3097 
1.14461 
1.44066 
1.36944 
1.50316 
1.21936 
1.26848 
1.36507 
1.42872 
1.28412 
1.47888 
1.10787 
1.02339 
1.04484 
1.40325 
1.17322 
1.01051 
1.5004 
1.27506 
1.27283 
1.05639 
1.43149 
1.18694 
1.08308 
1.48448 
1.10388 
1.51877 
1.14564 
1.06649 
1.36285 
1.06145 
1.38586 
1.32458 
1.17608 
1.21654 
1.40861 
1.12407 
1.32813 
1.19198 
1.33859 
1.34973 
1.259 
1.49902 
1.20078 
1.12713 
1.3539 
1.11913 
1.32931 
1.36126 
1.37216 
1.50682 
1.04416 
1.06055 
1.11848 
1.08566 
1.09041 
1.3424 
1.19045 
1.32232 
1.47006 
1.15842 
1.24393 
1.13095 
1.08747 
1.04156 
1.18244 
1.39248 
1.21981 
1.07847 
1.03459 
1.39422 
1.19341 
1.08417 
1.12109 
1.31623 
1.38074 
1.4917 
1.40206 
1.07813 
1.31888 
1.27733 
1.40188 
1.47274 
1.48791 
1.29924 
1.09461 
1.50322 
1.27051 
1.10863 
1.11558 
1.48203 
1.15103 
1.34083 
1.07092 
1.25027 
1.28864 
1.17805 
1.35003 
1.4896 
1.07565 
1.27327 
1.19594 
1.19611 
1.21499 
1.12009 
1.05007 
1.41508 
1.33847 
1.11514 
1.24314 
1.24905 
1.47282 
1.38297 
1.25308 
1.31646 
1.23863 
1.05215 
1.1938 
1.30963 
1.21178 
1.41255 
1.44413 
1.2262 
1.07656 
1.36664 
1.19954 
1.41295 
1.29716 
1.40038 
1.47883 
1.15052 
1.44297 
1.51051 
1.30558 
1.31536 
1.31536 
1.05357 
1.33932 
1.14081 
1.36517 
1.44438 
1.30454 
1.1581 
1.15015 
1.26114 
1.37483 
1.16516 
1.09735 
1.38765 
1.30965 
1.10474 
1.19833 
1.21872 
1.19365 
1.24318 
1.27649 
1.13945 
1.4421 
1.15141 
1.48191 
1.17316 
1.11486 
1.25732 
1.41553 
1.12292 
1.486 
1.16564 
1.20416 
1.21337 
1.49847 
1.31764 
1.35827 
1.03564 
1.09776 
1.12798 
1.12787 
1.35952 
1.35131 
1.41924 
1.14081 
1.16249 
1.40754 
1.44979 
1.16943 
1.43106 
1.29507 
1.47607 
1.31094 
1.47125 
1.31934 
1.01614 
1.4113 
1.38331 
1.14365 
1.12735 
1.21144 
1.296 
1.29623 
1.17848 
1.41248 
1.42704 
1.13389 
1.48592 
1.29014 
1.36857 
1.16813 
1.23636 
1.40933 
1.51072 
1.0573 
1.12451 
1.27024 
1.40249 
1.14404 
1.50043 
1.19932 
1.41438 
1.17927 
1.22858 
1.29396 
1.06785 
1.23246 
1.16986 
1.43841 
1.27832 
1.14914 
1.41824 
1.08674 
1.2941 
1.44201 
1.46277 
1.07294 
1.41323 
1.15241 
1.26116 
1.41218 
1.40985 
1.10718 
1.22589 
1.34005 
1.27122 
1.53806 
1.36539 
1.15739 
1.15871 
1.29621 
1.169 
1.37736 
1.1079 
1.14239 
1.35683 
1.15392 
1.27816 
1.17947 
1.23609 
1.37932 
1.16032 
0.98613 
1.38061 
1.16115 
1.48324 
1.16573 
1.37313 
1.29103 
1.17759 
1.08656 
1.12198 
1.29002 
1.15857 
1.33617 
1.3091 
1.1938 
1.11269 
1.28747 
1.12348 
1.31069 
1.40853 
1.11867 
1.21748 
1.38659 
1.34966 
1.03519 
1.27475 
1.43361 
1.21525 
1.0525 
1.29113 
1.05999 
1.13174 
1.26849 
1.24334 
1.37611 
1.22288 
1.34606 
1.08644 
1.10646 
1.33508 
1.21209 
1.2409 
1.2797 
1.41747 
1.21628 
1.30466 
1.25908 
1.15391 
1.10745 
1.33193 
1.40746 
1.18487 
1.33611 
1.34448 
1.14384 
1.42736 
1.23748 
1.04012 
1.14145 
1.34664 
1.20766 
1.50361 
1.39891 
1.11173 
1.23283 
1.16429 
1.36575 
1.43724 
1.2038 
1.32597 
1.27831 
1.14933 
1.05279 
1.06875 
1.19443 
1.42302 
1.40351 
1.34852 
1.09037 
1.28627 
1.07002 
1.14418 
1.12226 
1.44136 
1.34959 
1.34663 
1.30472 
1.18354 
1.07211 
1.15919 
1.48882 
1.45252 
1.35531 
1.14117 
1.15981 
1.54998 
1.41977 
1.22151 
1.27753 
1.25131 
1.36188 
1.13723 
1.45275 
1.10249 
1.11887 
1.0175 
1.35328 
1.31268 
1.35403 
1.251 
1.12361 
1.47869 
1.44797 
1.24279 
1.13421 
1.43044 
1.17354 
1.47553 
1.23298 
1.22966 
1.46115 
1.36924 
1.05503 
1.07514 
1.44686 
1.08026 
1.25872 
1.22136 
1.25629 
1.12685 
1.26115 
1.3451 
1.11093 
1.12469 
1.22048 
1.45588 
1.19266 
1.20982 
1.34224 
1.08433 
1.41316 
1.35634 
1.16481 
1.29044 
1.39999 
1.37559 
1.41639 
1.27212 
1.27445 
1.4417 
1.38021 
1.35053 
1.41687 
1.20309 
1.21615 
1.28308 
1.27195 
1.07472 
1.3423 
1.19976 
1.15211 
1.32781 
1.41071 
1.29227 
1.16969 
1.29558 
1.07695 
1.542 
1.20495 
1.11309 
1.33096 
1.22482 
1.10384 
1.14562 
1.45346 
1.10877 
1.4039 
1.28918 
1.12912 
1.21599 
1.26026 
1.24425 
1.28018 
1.31061 
1.20216 
1.34099 
1.44885 
1.35824 
1.40187 
1.19495 
1.16801 
1.11535 
1.2845 
1.32607 
1.31812 
1.25928 
1.22061 
1.31046 
1.19808 
1.19712 
1.17942 
1.27176 
1.3781 
1.27668 
1.1267 
1.30954 
1.21409 
1.00576 
1.11694 
1.21798 
1.22985 
1.14056 
1.30738 
1.16145 
1.40695 
1.28107 
1.31632 
1.25539 
1.44033 
1.36741 
1.48652 
1.32958 
1.26646 
1.0951 
1.13484 
1.2926 
1.39065 
1.07397 
1.15962 
1.20423 
1.43771 
1.12365 
1.37359 
1.42255 
1.33914 
1.46648 
1.15356 
1.27398 
1.34406 
1.40673 
1.18975 
1.08832 
1.1826 
1.24645 
1.41194 
1.14933 
1.18784 
1.23693 
1.24903 
1.28027 
1.24899 
1.22963 
1.25545 
1.44074 
1.27621 
1.47123 
1.21219 
1.49224 
1.23634 
1.29199 
1.24533 
1.22738 
1.27754 
1.22212 
1.11161 
1.45189 
1.14765 
1.10352 
1.21262 
1.42972 
1.42647 
1.34074 
1.07362 
1.2715 
1.4962 
1.4966 
1.23195 
1.32275 
1.22985 
1.37034 
1.33237 
1.34969 
1.42106 
1.25966 
1.21405 
1.11927 
1.37557 
1.22969 
1.38116 
1.49152 
1.12783 
1.40055 
1.27851 
1.30536 
1.24375 
1.30977 
1.32687 
1.43693 
1.35927 
1.17868 
1.41927 
1.35714 
1.2565 
1.40138 
1.31475 
1.21654 
1.25229 
1.37915 
1.36399 
1.26774 
1.29645 
1.16448 
1.18492 
1.26669 
1.17941 
1.38007 
1.17454 
1.30022 
1.31383 
1.32875 
1.181 
1.15952 
1.18721 
1.30458 
1.46452 
1.39927 
1.44709 
1.34285 
1.36824 
1.28303 
1.42564 
1.25098 
1.20611 
1.44322 
1.31634 
1.34314 
1.43813 
1.22909 
1.02939 
1.20033 
1.21787 
1.26841 
1.46645 
1.1728 
1.21996 
1.38715 
1.08812 
1.16494 
1.20727 
1.44956 
1.11846 
1.44115 
1.32101 
1.4019 
1.39146 
1.24551 
1.2365 
1.36495 
1.30206 
1.38027 
1.35091 
1.37352 
1.39506 
1.12297 
1.27363 
1.10674 
1.296 
1.29135 
1.16697 
1.19013 
1.17131 
1.42497 
1.1146 
1.1085 
1.12521 
1.32483 
1.10753 
1.20414 
1.35737 
1.34088 
1.32236 
1.41334 
1.0859 
1.17059 
1.30914 
1.24121 
1.1409 
1.3072 
1.20477 
1.30719 
1.22283 
1.28217 
1.23219 
1.37102 
1.42479 
1.11697 
1.1693 
1.4072 
1.47185 
1.05417 
1.12866 
1.08708 
1.35838 
1.34854 
1.16235 
1.22726 
1.44406 
1.17704 
1.13672 
1.0885 
1.26571 
1.33399 
1.15357 
1.18196 
1.28295 
1.39275 
1.19426 
1.12518 
1.35486 
1.23731 
1.07464 
1.43661 
1.38637 
1.28335 
1.19872 
1.36593 
1.3823 
1.09562 
1.24102 
1.31301 
1.45143 
1.17429 
1.2513 
1.07432 
1.29986 
1.42184 
1.40032 
1.41613 
1.15417 
1.41269 
1.23024 
1.15057 
1.22358 
1.2508 
1.44028 
1.33395 
1.21738 
1.1688 
1.25994 
1.16427 
1.25833 
1.18509 
1.24771 
1.20588 
1.40489 
1.30505 
1.14657 
1.24824 
1.19457 
1.21019 
1.18403 
1.36767 
1.26222 
1.24098 
1.14542 
1.40319 
1.27728 
1.34216 
1.42924 
1.33776 
1.22237 
1.42865 
1.20696 
1.13096 
1.23207 
1.45314 
1.29293 
1.47506 
1.33424 
1.1198 
1.16467 
1.33926 
1.11851 
1.42795 
1.12224 
1.30944 
1.26019 
1.38767 
1.31699 
1.11395 
1.1809 
1.18174 
1.36214 
1.16031 
1.11944 
1.2629 
1.26489 
1.50086 
1.32631 
1.23311 
1.18512 
1.23311 
1.14466 
1.2406 
1.47799 
1.33163 
1.31337 
1.18844 
1.464 
1.2597 
1.28478 
1.33608 
1.05965 
1.15459 
1.3196 
1.31373 
1.13568 
1.2818 
1.34652 
1.21753 
1.2441 
1.26127 
1.29677 
1.26404 
1.1951 
1.28743 
1.39214 
1.31265 
1.38316 
1.37355 
1.05165 
1.17057 
1.10783 
1.32305 
1.2655 
1.35145 
1.0872 
1.24835 
1.46043 
1.23936 
1.30574 
1.15138 
1.24586 
1.26609 
1.48225 
1.27117 
1.356 
1.34004 
1.28393 
1.27423 
1.29077 
1.25124 
1.24621 
1.24745 
1.45035 
1.34296 
1.19267 
1.34484 
1.23093 
1.29252 
1.27317 
1.31967 
1.44202 
1.28128 
1.11198 
1.27344 
1.3964 
1.13325 
1.16974 
1.46563 
1.27406 
1.25454 
1.24034 
1.05006 
1.12598 
1.23528 
1.19132 
1.3268 
1.23944 
1.21895 
1.22593 
1.16723 
1.40249 
1.28055 
1.31833 
1.3475 
1.28972 
1.20664 
1.44331 
1.18978 
1.1111 
1.31125 
1.3941 
1.31347 
1.27406 
1.41417 
1.23485 
1.24085 
1.16775 
1.18178 
1.16893 
1.38238 
1.35293 
1.24715 
1.11965 
1.17448 
1.31772 
1.38687 
1.25772 
1.19451 
1.21576 
1.16447 
1.18276 
1.17754 
1.24273 
1.32201 
1.30005 
1.37258 
1.1952 
1.27508 
1.19316 
1.31308 
1.25917 
1.18636 
1.2272 
1.19043 
1.16096 
1.11018 
1.37252 
1.23453 
1.2288 
1.28355 
1.14997 
1.11676 
1.2705 
1.24895 
1.46853 
1.22764 
1.22237 
1.07545 
1.16739 
1.1453 
1.14859 
1.33591 
1.27137 
1.32499 
1.23905 
1.23644 
1.1669 
1.27445 
1.40725 
1.22388 
1.38372 
1.29168 
1.20837 
1.09843 
1.42667 
1.32133 
1.22031 
1.31127 
1.31968 
1.50194 
1.13137 
1.2035 
1.3319 
1.33293 
1.35697 
1.31277 
1.18084 
1.11555 
1.32275 
1.314 
1.1701 
1.16858 
1.48303 
1.16431 
1.09156 
1.27486 
1.35482 
1.21854 
1.07339 
1.28556 
1.27365 
1.40131 
1.29777 
1.1752 
1.2257 
1.2161 
1.33606 
1.29665 
1.23171 
1.29504 
1.22171 
1.30476 
1.30614 
1.26001 
1.2554 
1.28249 
1.17598 
1.21313 
1.39158 
1.31794 
1.37015 
1.28093 
1.35324 
1.29937 
1.25079 
1.23764 
1.2512 
1.24374 
1.29654 
1.11741 
1.18752 
1.13615 
1.33455 
1.18855 
1.35179 
1.28273 
1.37501 
1.23051 
1.3148 
1.259 
1.28893 
1.27775 
1.14925 
1.3092 
1.30735 
1.2139 
1.20704 
1.23156 
1.2515 
1.39152 
1.19108 
1.35995 
1.39532 
1.36781 
1.24681 
1.22167 
1.29227 
1.12919 
1.26615 
1.31132 
1.29605 
1.31613 
1.2137 
